datetime,data,type,unit,network,region
2017-10-01 00:00:00,0.0,pumps,MW,nem,NSW1
2017-10-01 00:05:00,0.0,pumps,MW,nem,NSW1
2017-10-01 00:10:00,0.0,pumps,MW,nem,NSW1
2017-10-01 00:15:00,0.0,pumps,MW,nem,NSW1
2017-10-01 00:20:00,0.0,pumps,MW,nem,NSW1
2017-10-01 00:25:00,0.0,pumps,MW,nem,NSW1
2017-10-01 00:30:00,0.0,pumps,MW,nem,NSW1
2017-10-01 00:35:00,0.0,pumps,MW,nem,NSW1
2017-10-01 00:40:00,0.0,pumps,MW,nem,NSW1
2017-10-01 00:45:00,0.0,pumps,MW,nem,NSW1
2017-10-01 00:50:00,0.0,pumps,MW,nem,NSW1
2017-10-01 00:55:00,0.0,pumps,MW,nem,NSW1
2017-10-01 01:00:00,0.0,pumps,MW,nem,NSW1
2017-10-01 01:05:00,0.0,pumps,MW,nem,NSW1
2017-10-01 01:10:00,0.0,pumps,MW,nem,NSW1
2017-10-01 01:15:00,0.0,pumps,MW,nem,NSW1
2017-10-01 01:20:00,0.0,pumps,MW,nem,NSW1
2017-10-01 01:25:00,0.0,pumps,MW,nem,NSW1
2017-10-01 01:30:00,0.0,pumps,MW,nem,NSW1
2017-10-01 01:35:00,0.0,pumps,MW,nem,NSW1
2017-10-01 01:40:00,0.0,pumps,MW,nem,NSW1
2017-10-01 01:45:00,0.0,pumps,MW,nem,NSW1
2017-10-01 01:50:00,0.0,pumps,MW,nem,NSW1
2017-10-01 01:55:00,0.0,pumps,MW,nem,NSW1
2017-10-01 02:00:00,0.0,pumps,MW,nem,NSW1
2017-10-01 02:05:00,0.0,pumps,MW,nem,NSW1
2017-10-01 02:10:00,0.0,pumps,MW,nem,NSW1
2017-10-01 02:15:00,0.0,pumps,MW,nem,NSW1
2017-10-01 02:20:00,0.0,pumps,MW,nem,NSW1
2017-10-01 02:25:00,0.0,pumps,MW,nem,NSW1
2017-10-01 02:30:00,0.0,pumps,MW,nem,NSW1
2017-10-01 02:35:00,0.0,pumps,MW,nem,NSW1
2017-10-01 02:40:00,0.0,pumps,MW,nem,NSW1
2017-10-01 02:45:00,0.0,pumps,MW,nem,NSW1
2017-10-01 02:50:00,0.0,pumps,MW,nem,NSW1
2017-10-01 02:55:00,0.0,pumps,MW,nem,NSW1
2017-10-01 03:00:00,0.0,pumps,MW,nem,NSW1
2017-10-01 03:05:00,0.0,pumps,MW,nem,NSW1
2017-10-01 03:10:00,0.0,pumps,MW,nem,NSW1
2017-10-01 03:15:00,0.0,pumps,MW,nem,NSW1
2017-10-01 03:20:00,0.0,pumps,MW,nem,NSW1
2017-10-01 03:25:00,0.0,pumps,MW,nem,NSW1
2017-10-01 03:30:00,0.0,pumps,MW,nem,NSW1
2017-10-01 03:35:00,0.0,pumps,MW,nem,NSW1
2017-10-01 03:40:00,0.0,pumps,MW,nem,NSW1
2017-10-01 03:45:00,0.0,pumps,MW,nem,NSW1
2017-10-01 03:50:00,0.0,pumps,MW,nem,NSW1
2017-10-01 03:55:00,0.0,pumps,MW,nem,NSW1
2017-10-01 04:00:00,0.0,pumps,MW,nem,NSW1
2017-10-01 04:05:00,0.0,pumps,MW,nem,NSW1
2017-10-01 04:10:00,0.0,pumps,MW,nem,NSW1
2017-10-01 04:15:00,0.0,pumps,MW,nem,NSW1
2017-10-01 04:20:00,0.0,pumps,MW,nem,NSW1
2017-10-01 04:25:00,0.0,pumps,MW,nem,NSW1
2017-10-01 04:30:00,0.0,pumps,MW,nem,NSW1
2017-10-01 04:35:00,0.0,pumps,MW,nem,NSW1
2017-10-01 04:40:00,0.0,pumps,MW,nem,NSW1
2017-10-01 04:45:00,0.0,pumps,MW,nem,NSW1
2017-10-01 04:50:00,0.0,pumps,MW,nem,NSW1
2017-10-01 04:55:00,0.0,pumps,MW,nem,NSW1
2017-10-01 05:00:00,0.0,pumps,MW,nem,NSW1
2017-10-01 05:05:00,0.0,pumps,MW,nem,NSW1
2017-10-01 05:10:00,0.0,pumps,MW,nem,NSW1
2017-10-01 05:15:00,0.0,pumps,MW,nem,NSW1
2017-10-01 05:20:00,0.0,pumps,MW,nem,NSW1
2017-10-01 05:25:00,0.0,pumps,MW,nem,NSW1
2017-10-01 05:30:00,0.0,pumps,MW,nem,NSW1
2017-10-01 05:35:00,0.0,pumps,MW,nem,NSW1
2017-10-01 05:40:00,0.0,pumps,MW,nem,NSW1
2017-10-01 05:45:00,0.0,pumps,MW,nem,NSW1
2017-10-01 05:50:00,0.0,pumps,MW,nem,NSW1
2017-10-01 05:55:00,0.0,pumps,MW,nem,NSW1
2017-10-01 06:00:00,0.0,pumps,MW,nem,NSW1
2017-10-01 06:05:00,0.0,pumps,MW,nem,NSW1
2017-10-01 06:10:00,0.0,pumps,MW,nem,NSW1
2017-10-01 06:15:00,0.0,pumps,MW,nem,NSW1
2017-10-01 06:20:00,0.0,pumps,MW,nem,NSW1
2017-10-01 06:25:00,0.0,pumps,MW,nem,NSW1
2017-10-01 06:30:00,0.0,pumps,MW,nem,NSW1
2017-10-01 06:35:00,0.0,pumps,MW,nem,NSW1
2017-10-01 06:40:00,0.0,pumps,MW,nem,NSW1
2017-10-01 06:45:00,0.0,pumps,MW,nem,NSW1
2017-10-01 06:50:00,0.0,pumps,MW,nem,NSW1
2017-10-01 06:55:00,0.0,pumps,MW,nem,NSW1
2017-10-01 07:00:00,0.0,pumps,MW,nem,NSW1
2017-10-01 07:05:00,0.0,pumps,MW,nem,NSW1
2017-10-01 07:10:00,0.0,pumps,MW,nem,NSW1
2017-10-01 07:15:00,0.0,pumps,MW,nem,NSW1
2017-10-01 07:20:00,0.0,pumps,MW,nem,NSW1
2017-10-01 07:25:00,0.0,pumps,MW,nem,NSW1
2017-10-01 07:30:00,0.0,pumps,MW,nem,NSW1
2017-10-01 07:35:00,0.0,pumps,MW,nem,NSW1
2017-10-01 07:40:00,0.0,pumps,MW,nem,NSW1
2017-10-01 07:45:00,0.0,pumps,MW,nem,NSW1
2017-10-01 07:50:00,0.0,pumps,MW,nem,NSW1
2017-10-01 07:55:00,0.0,pumps,MW,nem,NSW1
2017-10-01 08:00:00,0.0,pumps,MW,nem,NSW1
2017-10-01 08:05:00,0.0,pumps,MW,nem,NSW1
2017-10-01 08:10:00,0.0,pumps,MW,nem,NSW1
2017-10-01 08:15:00,0.0,pumps,MW,nem,NSW1
2017-10-01 08:20:00,0.0,pumps,MW,nem,NSW1
2017-10-01 08:25:00,0.0,pumps,MW,nem,NSW1
2017-10-01 08:30:00,0.0,pumps,MW,nem,NSW1
2017-10-01 08:35:00,0.0,pumps,MW,nem,NSW1
2017-10-01 08:40:00,0.0,pumps,MW,nem,NSW1
2017-10-01 08:45:00,0.0,pumps,MW,nem,NSW1
2017-10-01 08:50:00,0.0,pumps,MW,nem,NSW1
2017-10-01 08:55:00,0.0,pumps,MW,nem,NSW1
2017-10-01 09:00:00,0.0,pumps,MW,nem,NSW1
2017-10-01 09:05:00,0.0,pumps,MW,nem,NSW1
2017-10-01 09:10:00,0.0,pumps,MW,nem,NSW1
2017-10-01 09:15:00,0.0,pumps,MW,nem,NSW1
2017-10-01 09:20:00,0.0,pumps,MW,nem,NSW1
2017-10-01 09:25:00,0.0,pumps,MW,nem,NSW1
2017-10-01 09:30:00,0.0,pumps,MW,nem,NSW1
2017-10-01 09:35:00,0.0,pumps,MW,nem,NSW1
2017-10-01 09:40:00,0.0,pumps,MW,nem,NSW1
2017-10-01 09:45:00,0.0,pumps,MW,nem,NSW1
2017-10-01 09:50:00,0.0,pumps,MW,nem,NSW1
2017-10-01 09:55:00,0.0,pumps,MW,nem,NSW1
2017-10-01 10:00:00,0.0,pumps,MW,nem,NSW1
2017-10-01 10:05:00,0.0,pumps,MW,nem,NSW1
2017-10-01 10:10:00,0.0,pumps,MW,nem,NSW1
2017-10-01 10:15:00,0.0,pumps,MW,nem,NSW1
2017-10-01 10:20:00,0.0,pumps,MW,nem,NSW1
2017-10-01 10:25:00,0.0,pumps,MW,nem,NSW1
2017-10-01 10:30:00,0.0,pumps,MW,nem,NSW1
2017-10-01 10:35:00,0.0,pumps,MW,nem,NSW1
2017-10-01 10:40:00,0.0,pumps,MW,nem,NSW1
2017-10-01 10:45:00,0.0,pumps,MW,nem,NSW1
2017-10-01 10:50:00,0.0,pumps,MW,nem,NSW1
2017-10-01 10:55:00,0.0,pumps,MW,nem,NSW1
2017-10-01 11:00:00,0.0,pumps,MW,nem,NSW1
2017-10-01 11:05:00,0.0,pumps,MW,nem,NSW1
2017-10-01 11:10:00,0.0,pumps,MW,nem,NSW1
2017-10-01 11:15:00,0.0,pumps,MW,nem,NSW1
2017-10-01 11:20:00,0.0,pumps,MW,nem,NSW1
2017-10-01 11:25:00,0.0,pumps,MW,nem,NSW1
2017-10-01 11:30:00,0.0,pumps,MW,nem,NSW1
2017-10-01 11:35:00,0.0,pumps,MW,nem,NSW1
2017-10-01 11:40:00,0.0,pumps,MW,nem,NSW1
2017-10-01 11:45:00,0.0,pumps,MW,nem,NSW1
2017-10-01 11:50:00,0.0,pumps,MW,nem,NSW1
2017-10-01 11:55:00,0.0,pumps,MW,nem,NSW1
2017-10-01 12:00:00,0.0,pumps,MW,nem,NSW1
2017-10-01 12:05:00,0.0,pumps,MW,nem,NSW1
2017-10-01 12:10:00,0.0,pumps,MW,nem,NSW1
2017-10-01 12:15:00,0.0,pumps,MW,nem,NSW1
2017-10-01 12:20:00,0.0,pumps,MW,nem,NSW1
2017-10-01 12:25:00,0.0,pumps,MW,nem,NSW1
2017-10-01 12:30:00,0.0,pumps,MW,nem,NSW1
2017-10-01 12:35:00,0.0,pumps,MW,nem,NSW1
2017-10-01 12:40:00,0.0,pumps,MW,nem,NSW1
2017-10-01 12:45:00,0.0,pumps,MW,nem,NSW1
2017-10-01 12:50:00,0.0,pumps,MW,nem,NSW1
2017-10-01 12:55:00,0.0,pumps,MW,nem,NSW1
2017-10-01 13:00:00,0.0,pumps,MW,nem,NSW1
2017-10-01 13:05:00,0.0,pumps,MW,nem,NSW1
2017-10-01 13:10:00,0.0,pumps,MW,nem,NSW1
2017-10-01 13:15:00,0.0,pumps,MW,nem,NSW1
2017-10-01 13:20:00,0.0,pumps,MW,nem,NSW1
2017-10-01 13:25:00,0.0,pumps,MW,nem,NSW1
2017-10-01 13:30:00,0.0,pumps,MW,nem,NSW1
2017-10-01 13:35:00,0.0,pumps,MW,nem,NSW1
2017-10-01 13:40:00,0.0,pumps,MW,nem,NSW1
2017-10-01 13:45:00,0.0,pumps,MW,nem,NSW1
2017-10-01 13:50:00,0.0,pumps,MW,nem,NSW1
2017-10-01 13:55:00,0.0,pumps,MW,nem,NSW1
2017-10-01 14:00:00,0.0,pumps,MW,nem,NSW1
2017-10-01 14:05:00,0.0,pumps,MW,nem,NSW1
2017-10-01 14:10:00,0.0,pumps,MW,nem,NSW1
2017-10-01 14:15:00,0.0,pumps,MW,nem,NSW1
2017-10-01 14:20:00,0.0,pumps,MW,nem,NSW1
2017-10-01 14:25:00,0.0,pumps,MW,nem,NSW1
2017-10-01 14:30:00,0.0,pumps,MW,nem,NSW1
2017-10-01 14:35:00,0.0,pumps,MW,nem,NSW1
2017-10-01 14:40:00,0.0,pumps,MW,nem,NSW1
2017-10-01 14:45:00,0.0,pumps,MW,nem,NSW1
2017-10-01 14:50:00,0.0,pumps,MW,nem,NSW1
2017-10-01 14:55:00,0.0,pumps,MW,nem,NSW1
2017-10-01 15:00:00,0.0,pumps,MW,nem,NSW1
2017-10-01 15:05:00,0.0,pumps,MW,nem,NSW1
2017-10-01 15:10:00,0.0,pumps,MW,nem,NSW1
2017-10-01 15:15:00,0.0,pumps,MW,nem,NSW1
2017-10-01 15:20:00,0.0,pumps,MW,nem,NSW1
2017-10-01 15:25:00,0.0,pumps,MW,nem,NSW1
2017-10-01 15:30:00,0.0,pumps,MW,nem,NSW1
2017-10-01 15:35:00,0.0,pumps,MW,nem,NSW1
2017-10-01 15:40:00,0.0,pumps,MW,nem,NSW1
2017-10-01 15:45:00,0.0,pumps,MW,nem,NSW1
2017-10-01 15:50:00,0.0,pumps,MW,nem,NSW1
2017-10-01 15:55:00,0.0,pumps,MW,nem,NSW1
2017-10-01 16:00:00,0.0,pumps,MW,nem,NSW1
2017-10-01 16:05:00,0.0,pumps,MW,nem,NSW1
2017-10-01 16:10:00,0.0,pumps,MW,nem,NSW1
2017-10-01 16:15:00,0.0,pumps,MW,nem,NSW1
2017-10-01 16:20:00,0.0,pumps,MW,nem,NSW1
2017-10-01 16:25:00,0.0,pumps,MW,nem,NSW1
2017-10-01 16:30:00,0.0,pumps,MW,nem,NSW1
2017-10-01 16:35:00,0.0,pumps,MW,nem,NSW1
2017-10-01 16:40:00,0.0,pumps,MW,nem,NSW1
2017-10-01 16:45:00,0.0,pumps,MW,nem,NSW1
2017-10-01 16:50:00,0.0,pumps,MW,nem,NSW1
2017-10-01 16:55:00,0.0,pumps,MW,nem,NSW1
2017-10-01 17:00:00,0.0,pumps,MW,nem,NSW1
2017-10-01 17:05:00,0.0,pumps,MW,nem,NSW1
2017-10-01 17:10:00,0.0,pumps,MW,nem,NSW1
2017-10-01 17:15:00,0.0,pumps,MW,nem,NSW1
2017-10-01 17:20:00,0.0,pumps,MW,nem,NSW1
2017-10-01 17:25:00,0.0,pumps,MW,nem,NSW1
2017-10-01 17:30:00,0.0,pumps,MW,nem,NSW1
2017-10-01 17:35:00,0.0,pumps,MW,nem,NSW1
2017-10-01 17:40:00,0.0,pumps,MW,nem,NSW1
2017-10-01 17:45:00,0.0,pumps,MW,nem,NSW1
2017-10-01 17:50:00,0.0,pumps,MW,nem,NSW1
2017-10-01 17:55:00,0.0,pumps,MW,nem,NSW1
2017-10-01 18:00:00,0.0,pumps,MW,nem,NSW1
2017-10-01 18:05:00,0.0,pumps,MW,nem,NSW1
2017-10-01 18:10:00,0.0,pumps,MW,nem,NSW1
2017-10-01 18:15:00,0.0,pumps,MW,nem,NSW1
2017-10-01 18:20:00,0.0,pumps,MW,nem,NSW1
2017-10-01 18:25:00,0.0,pumps,MW,nem,NSW1
2017-10-01 18:30:00,0.0,pumps,MW,nem,NSW1
2017-10-01 18:35:00,0.0,pumps,MW,nem,NSW1
2017-10-01 18:40:00,0.0,pumps,MW,nem,NSW1
2017-10-01 18:45:00,0.0,pumps,MW,nem,NSW1
2017-10-01 18:50:00,0.0,pumps,MW,nem,NSW1
2017-10-01 18:55:00,0.0,pumps,MW,nem,NSW1
2017-10-01 19:00:00,0.0,pumps,MW,nem,NSW1
2017-10-01 19:05:00,0.0,pumps,MW,nem,NSW1
2017-10-01 19:10:00,0.0,pumps,MW,nem,NSW1
2017-10-01 19:15:00,0.0,pumps,MW,nem,NSW1
2017-10-01 19:20:00,0.0,pumps,MW,nem,NSW1
2017-10-01 19:25:00,0.0,pumps,MW,nem,NSW1
2017-10-01 19:30:00,0.0,pumps,MW,nem,NSW1
2017-10-01 19:35:00,0.0,pumps,MW,nem,NSW1
2017-10-01 19:40:00,0.0,pumps,MW,nem,NSW1
2017-10-01 19:45:00,0.0,pumps,MW,nem,NSW1
2017-10-01 19:50:00,0.0,pumps,MW,nem,NSW1
2017-10-01 19:55:00,0.0,pumps,MW,nem,NSW1
2017-10-01 20:00:00,0.0,pumps,MW,nem,NSW1
2017-10-01 20:05:00,0.0,pumps,MW,nem,NSW1
2017-10-01 20:10:00,0.0,pumps,MW,nem,NSW1
2017-10-01 20:15:00,0.0,pumps,MW,nem,NSW1
2017-10-01 20:20:00,0.0,pumps,MW,nem,NSW1
2017-10-01 20:25:00,0.0,pumps,MW,nem,NSW1
2017-10-01 20:30:00,0.0,pumps,MW,nem,NSW1
2017-10-01 20:35:00,0.0,pumps,MW,nem,NSW1
2017-10-01 20:40:00,0.0,pumps,MW,nem,NSW1
2017-10-01 20:45:00,0.0,pumps,MW,nem,NSW1
2017-10-01 20:50:00,0.0,pumps,MW,nem,NSW1
2017-10-01 20:55:00,0.0,pumps,MW,nem,NSW1
2017-10-01 21:00:00,0.0,pumps,MW,nem,NSW1
2017-10-01 21:05:00,0.0,pumps,MW,nem,NSW1
2017-10-01 21:10:00,0.0,pumps,MW,nem,NSW1
2017-10-01 21:15:00,0.0,pumps,MW,nem,NSW1
2017-10-01 21:20:00,0.0,pumps,MW,nem,NSW1
2017-10-01 21:25:00,0.0,pumps,MW,nem,NSW1
2017-10-01 21:30:00,0.0,pumps,MW,nem,NSW1
2017-10-01 21:35:00,0.0,pumps,MW,nem,NSW1
2017-10-01 21:40:00,0.0,pumps,MW,nem,NSW1
2017-10-01 21:45:00,0.0,pumps,MW,nem,NSW1
2017-10-01 21:50:00,0.0,pumps,MW,nem,NSW1
2017-10-01 21:55:00,0.0,pumps,MW,nem,NSW1
2017-10-01 22:00:00,0.0,pumps,MW,nem,NSW1
2017-10-01 22:05:00,0.0,pumps,MW,nem,NSW1
2017-10-01 22:10:00,0.0,pumps,MW,nem,NSW1
2017-10-01 22:15:00,0.0,pumps,MW,nem,NSW1
2017-10-01 22:20:00,0.0,pumps,MW,nem,NSW1
2017-10-01 22:25:00,0.0,pumps,MW,nem,NSW1
2017-10-01 22:30:00,0.0,pumps,MW,nem,NSW1
2017-10-01 22:35:00,0.0,pumps,MW,nem,NSW1
2017-10-01 22:40:00,0.0,pumps,MW,nem,NSW1
2017-10-01 22:45:00,0.0,pumps,MW,nem,NSW1
2017-10-01 22:50:00,0.0,pumps,MW,nem,NSW1
2017-10-01 22:55:00,0.0,pumps,MW,nem,NSW1
2017-10-01 23:00:00,0.0,pumps,MW,nem,NSW1
2017-10-01 23:05:00,0.0,pumps,MW,nem,NSW1
2017-10-01 23:10:00,0.0,pumps,MW,nem,NSW1
2017-10-01 23:15:00,0.0,pumps,MW,nem,NSW1
2017-10-01 23:20:00,0.0,pumps,MW,nem,NSW1
2017-10-01 23:25:00,0.0,pumps,MW,nem,NSW1
2017-10-01 23:30:00,0.0,pumps,MW,nem,NSW1
2017-10-01 23:35:00,0.0,pumps,MW,nem,NSW1
2017-10-01 23:40:00,0.0,pumps,MW,nem,NSW1
2017-10-01 23:45:00,0.0,pumps,MW,nem,NSW1
2017-10-01 23:50:00,0.0,pumps,MW,nem,NSW1
2017-10-01 23:55:00,0.0,pumps,MW,nem,NSW1
2017-10-02 00:00:00,0.0,pumps,MW,nem,NSW1
2017-10-02 00:05:00,0.0,pumps,MW,nem,NSW1
2017-10-02 00:10:00,0.0,pumps,MW,nem,NSW1
2017-10-02 00:15:00,0.0,pumps,MW,nem,NSW1
2017-10-02 00:20:00,0.0,pumps,MW,nem,NSW1
2017-10-02 00:25:00,0.0,pumps,MW,nem,NSW1
2017-10-02 00:30:00,0.0,pumps,MW,nem,NSW1
2017-10-02 00:35:00,0.0,pumps,MW,nem,NSW1
2017-10-02 00:40:00,0.0,pumps,MW,nem,NSW1
2017-10-02 00:45:00,0.0,pumps,MW,nem,NSW1
2017-10-02 00:50:00,0.0,pumps,MW,nem,NSW1
2017-10-02 00:55:00,0.0,pumps,MW,nem,NSW1
2017-10-02 01:00:00,0.0,pumps,MW,nem,NSW1
2017-10-02 01:05:00,0.0,pumps,MW,nem,NSW1
2017-10-02 01:10:00,0.0,pumps,MW,nem,NSW1
2017-10-02 01:15:00,0.0,pumps,MW,nem,NSW1
2017-10-02 01:20:00,0.0,pumps,MW,nem,NSW1
2017-10-02 01:25:00,0.0,pumps,MW,nem,NSW1
2017-10-02 01:30:00,0.0,pumps,MW,nem,NSW1
2017-10-02 01:35:00,0.0,pumps,MW,nem,NSW1
2017-10-02 01:40:00,0.0,pumps,MW,nem,NSW1
2017-10-02 01:45:00,0.0,pumps,MW,nem,NSW1
2017-10-02 01:50:00,0.0,pumps,MW,nem,NSW1
2017-10-02 01:55:00,0.0,pumps,MW,nem,NSW1
2017-10-02 02:00:00,0.0,pumps,MW,nem,NSW1
2017-10-02 02:05:00,0.0,pumps,MW,nem,NSW1
2017-10-02 02:10:00,0.0,pumps,MW,nem,NSW1
2017-10-02 02:15:00,0.0,pumps,MW,nem,NSW1
2017-10-02 02:20:00,0.0,pumps,MW,nem,NSW1
2017-10-02 02:25:00,0.0,pumps,MW,nem,NSW1
2017-10-02 02:30:00,0.0,pumps,MW,nem,NSW1
2017-10-02 02:35:00,0.0,pumps,MW,nem,NSW1
2017-10-02 02:40:00,0.0,pumps,MW,nem,NSW1
2017-10-02 02:45:00,0.0,pumps,MW,nem,NSW1
2017-10-02 02:50:00,0.0,pumps,MW,nem,NSW1
2017-10-02 02:55:00,0.0,pumps,MW,nem,NSW1
2017-10-02 03:00:00,0.0,pumps,MW,nem,NSW1
2017-10-02 03:05:00,0.0,pumps,MW,nem,NSW1
2017-10-02 03:10:00,0.0,pumps,MW,nem,NSW1
2017-10-02 03:15:00,0.0,pumps,MW,nem,NSW1
2017-10-02 03:20:00,0.0,pumps,MW,nem,NSW1
2017-10-02 03:25:00,0.0,pumps,MW,nem,NSW1
2017-10-02 03:30:00,0.0,pumps,MW,nem,NSW1
2017-10-02 03:35:00,0.0,pumps,MW,nem,NSW1
2017-10-02 03:40:00,0.0,pumps,MW,nem,NSW1
2017-10-02 03:45:00,0.0,pumps,MW,nem,NSW1
2017-10-02 03:50:00,0.0,pumps,MW,nem,NSW1
2017-10-02 03:55:00,0.0,pumps,MW,nem,NSW1
2017-10-02 04:00:00,0.0,pumps,MW,nem,NSW1
2017-10-02 04:05:00,0.0,pumps,MW,nem,NSW1
2017-10-02 04:10:00,0.0,pumps,MW,nem,NSW1
2017-10-02 04:15:00,0.0,pumps,MW,nem,NSW1
2017-10-02 04:20:00,0.0,pumps,MW,nem,NSW1
2017-10-02 04:25:00,0.0,pumps,MW,nem,NSW1
2017-10-02 04:30:00,0.0,pumps,MW,nem,NSW1
2017-10-02 04:35:00,0.0,pumps,MW,nem,NSW1
2017-10-02 04:40:00,0.0,pumps,MW,nem,NSW1
2017-10-02 04:45:00,0.0,pumps,MW,nem,NSW1
2017-10-02 04:50:00,0.0,pumps,MW,nem,NSW1
2017-10-02 04:55:00,0.0,pumps,MW,nem,NSW1
2017-10-02 05:00:00,0.0,pumps,MW,nem,NSW1
2017-10-02 05:05:00,0.0,pumps,MW,nem,NSW1
2017-10-02 05:10:00,0.0,pumps,MW,nem,NSW1
2017-10-02 05:15:00,0.0,pumps,MW,nem,NSW1
2017-10-02 05:20:00,0.0,pumps,MW,nem,NSW1
2017-10-02 05:25:00,0.0,pumps,MW,nem,NSW1
2017-10-02 05:30:00,0.0,pumps,MW,nem,NSW1
2017-10-02 05:35:00,0.0,pumps,MW,nem,NSW1
2017-10-02 05:40:00,0.0,pumps,MW,nem,NSW1
2017-10-02 05:45:00,0.0,pumps,MW,nem,NSW1
2017-10-02 05:50:00,0.0,pumps,MW,nem,NSW1
2017-10-02 05:55:00,0.0,pumps,MW,nem,NSW1
2017-10-02 06:00:00,0.0,pumps,MW,nem,NSW1
2017-10-02 06:05:00,0.0,pumps,MW,nem,NSW1
2017-10-02 06:10:00,0.0,pumps,MW,nem,NSW1
2017-10-02 06:15:00,0.0,pumps,MW,nem,NSW1
2017-10-02 06:20:00,0.0,pumps,MW,nem,NSW1
2017-10-02 06:25:00,0.0,pumps,MW,nem,NSW1
2017-10-02 06:30:00,0.0,pumps,MW,nem,NSW1
2017-10-02 06:35:00,0.0,pumps,MW,nem,NSW1
2017-10-02 06:40:00,0.0,pumps,MW,nem,NSW1
2017-10-02 06:45:00,0.0,pumps,MW,nem,NSW1
2017-10-02 06:50:00,0.0,pumps,MW,nem,NSW1
2017-10-02 06:55:00,0.0,pumps,MW,nem,NSW1
2017-10-02 07:00:00,0.0,pumps,MW,nem,NSW1
2017-10-02 07:05:00,0.0,pumps,MW,nem,NSW1
2017-10-02 07:10:00,0.0,pumps,MW,nem,NSW1
2017-10-02 07:15:00,0.0,pumps,MW,nem,NSW1
2017-10-02 07:20:00,0.0,pumps,MW,nem,NSW1
2017-10-02 07:25:00,0.0,pumps,MW,nem,NSW1
2017-10-02 07:30:00,0.0,pumps,MW,nem,NSW1
2017-10-02 07:35:00,0.0,pumps,MW,nem,NSW1
2017-10-02 07:40:00,0.0,pumps,MW,nem,NSW1
2017-10-02 07:45:00,0.0,pumps,MW,nem,NSW1
2017-10-02 07:50:00,0.0,pumps,MW,nem,NSW1
2017-10-02 07:55:00,0.0,pumps,MW,nem,NSW1
2017-10-02 08:00:00,0.0,pumps,MW,nem,NSW1
2017-10-02 08:05:00,0.0,pumps,MW,nem,NSW1
2017-10-02 08:10:00,0.0,pumps,MW,nem,NSW1
2017-10-02 08:15:00,0.0,pumps,MW,nem,NSW1
2017-10-02 08:20:00,0.0,pumps,MW,nem,NSW1
2017-10-02 08:25:00,0.0,pumps,MW,nem,NSW1
2017-10-02 08:30:00,0.0,pumps,MW,nem,NSW1
2017-10-02 08:35:00,0.0,pumps,MW,nem,NSW1
2017-10-02 08:40:00,0.0,pumps,MW,nem,NSW1
2017-10-02 08:45:00,0.0,pumps,MW,nem,NSW1
2017-10-02 08:50:00,0.0,pumps,MW,nem,NSW1
2017-10-02 08:55:00,0.0,pumps,MW,nem,NSW1
2017-10-02 09:00:00,0.0,pumps,MW,nem,NSW1
2017-10-02 09:05:00,0.0,pumps,MW,nem,NSW1
2017-10-02 09:10:00,0.0,pumps,MW,nem,NSW1
2017-10-02 09:15:00,0.0,pumps,MW,nem,NSW1
2017-10-02 09:20:00,0.0,pumps,MW,nem,NSW1
2017-10-02 09:25:00,0.0,pumps,MW,nem,NSW1
2017-10-02 09:30:00,0.0,pumps,MW,nem,NSW1
2017-10-02 09:35:00,0.0,pumps,MW,nem,NSW1
2017-10-02 09:40:00,0.0,pumps,MW,nem,NSW1
2017-10-02 09:45:00,0.0,pumps,MW,nem,NSW1
2017-10-02 09:50:00,0.0,pumps,MW,nem,NSW1
2017-10-02 09:55:00,0.0,pumps,MW,nem,NSW1
2017-10-02 10:00:00,0.0,pumps,MW,nem,NSW1
2017-10-02 10:05:00,0.0,pumps,MW,nem,NSW1
2017-10-02 10:10:00,0.0,pumps,MW,nem,NSW1
2017-10-02 10:15:00,0.0,pumps,MW,nem,NSW1
2017-10-02 10:20:00,0.0,pumps,MW,nem,NSW1
2017-10-02 10:25:00,0.0,pumps,MW,nem,NSW1
2017-10-02 10:30:00,0.0,pumps,MW,nem,NSW1
2017-10-02 10:35:00,0.0,pumps,MW,nem,NSW1
2017-10-02 10:40:00,0.0,pumps,MW,nem,NSW1
2017-10-02 10:45:00,0.0,pumps,MW,nem,NSW1
2017-10-02 10:50:00,0.0,pumps,MW,nem,NSW1
2017-10-02 10:55:00,0.0,pumps,MW,nem,NSW1
2017-10-02 11:00:00,0.0,pumps,MW,nem,NSW1
2017-10-02 11:05:00,0.0,pumps,MW,nem,NSW1
2017-10-02 11:10:00,0.0,pumps,MW,nem,NSW1
2017-10-02 11:15:00,0.0,pumps,MW,nem,NSW1
2017-10-02 11:20:00,0.0,pumps,MW,nem,NSW1
2017-10-02 11:25:00,0.0,pumps,MW,nem,NSW1
2017-10-02 11:30:00,0.0,pumps,MW,nem,NSW1
2017-10-02 11:35:00,0.0,pumps,MW,nem,NSW1
2017-10-02 11:40:00,0.0,pumps,MW,nem,NSW1
2017-10-02 11:45:00,0.0,pumps,MW,nem,NSW1
2017-10-02 11:50:00,0.0,pumps,MW,nem,NSW1
2017-10-02 11:55:00,0.0,pumps,MW,nem,NSW1
2017-10-02 12:00:00,0.0,pumps,MW,nem,NSW1
2017-10-02 12:05:00,0.0,pumps,MW,nem,NSW1
2017-10-02 12:10:00,0.0,pumps,MW,nem,NSW1
2017-10-02 12:15:00,0.0,pumps,MW,nem,NSW1
2017-10-02 12:20:00,0.0,pumps,MW,nem,NSW1
2017-10-02 12:25:00,0.0,pumps,MW,nem,NSW1
2017-10-02 12:30:00,0.0,pumps,MW,nem,NSW1
2017-10-02 12:35:00,0.0,pumps,MW,nem,NSW1
2017-10-02 12:40:00,0.0,pumps,MW,nem,NSW1
2017-10-02 12:45:00,0.0,pumps,MW,nem,NSW1
2017-10-02 12:50:00,0.0,pumps,MW,nem,NSW1
2017-10-02 12:55:00,0.0,pumps,MW,nem,NSW1
2017-10-02 13:00:00,0.0,pumps,MW,nem,NSW1
2017-10-02 13:05:00,0.0,pumps,MW,nem,NSW1
2017-10-02 13:10:00,0.0,pumps,MW,nem,NSW1
2017-10-02 13:15:00,0.0,pumps,MW,nem,NSW1
2017-10-02 13:20:00,0.0,pumps,MW,nem,NSW1
2017-10-02 13:25:00,0.0,pumps,MW,nem,NSW1
2017-10-02 13:30:00,0.0,pumps,MW,nem,NSW1
2017-10-02 13:35:00,0.0,pumps,MW,nem,NSW1
2017-10-02 13:40:00,0.0,pumps,MW,nem,NSW1
2017-10-02 13:45:00,0.0,pumps,MW,nem,NSW1
2017-10-02 13:50:00,0.0,pumps,MW,nem,NSW1
2017-10-02 13:55:00,0.0,pumps,MW,nem,NSW1
2017-10-02 14:00:00,0.0,pumps,MW,nem,NSW1
2017-10-02 14:05:00,0.0,pumps,MW,nem,NSW1
2017-10-02 14:10:00,0.0,pumps,MW,nem,NSW1
2017-10-02 14:15:00,0.0,pumps,MW,nem,NSW1
2017-10-02 14:20:00,0.0,pumps,MW,nem,NSW1
2017-10-02 14:25:00,0.0,pumps,MW,nem,NSW1
2017-10-02 14:30:00,0.0,pumps,MW,nem,NSW1
2017-10-02 14:35:00,0.0,pumps,MW,nem,NSW1
2017-10-02 14:40:00,0.0,pumps,MW,nem,NSW1
2017-10-02 14:45:00,0.0,pumps,MW,nem,NSW1
2017-10-02 14:50:00,0.0,pumps,MW,nem,NSW1
2017-10-02 14:55:00,0.0,pumps,MW,nem,NSW1
2017-10-02 15:00:00,0.0,pumps,MW,nem,NSW1
2017-10-02 15:05:00,0.0,pumps,MW,nem,NSW1
2017-10-02 15:10:00,0.0,pumps,MW,nem,NSW1
2017-10-02 15:15:00,0.0,pumps,MW,nem,NSW1
2017-10-02 15:20:00,0.0,pumps,MW,nem,NSW1
2017-10-02 15:25:00,0.0,pumps,MW,nem,NSW1
2017-10-02 15:30:00,0.0,pumps,MW,nem,NSW1
2017-10-02 15:35:00,0.0,pumps,MW,nem,NSW1
2017-10-02 15:40:00,0.0,pumps,MW,nem,NSW1
2017-10-02 15:45:00,0.0,pumps,MW,nem,NSW1
2017-10-02 15:50:00,0.0,pumps,MW,nem,NSW1
2017-10-02 15:55:00,0.0,pumps,MW,nem,NSW1
2017-10-02 16:00:00,0.0,pumps,MW,nem,NSW1
2017-10-02 16:05:00,0.0,pumps,MW,nem,NSW1
2017-10-02 16:10:00,0.0,pumps,MW,nem,NSW1
2017-10-02 16:15:00,0.0,pumps,MW,nem,NSW1
2017-10-02 16:20:00,0.0,pumps,MW,nem,NSW1
2017-10-02 16:25:00,0.0,pumps,MW,nem,NSW1
2017-10-02 16:30:00,0.0,pumps,MW,nem,NSW1
2017-10-02 16:35:00,0.0,pumps,MW,nem,NSW1
2017-10-02 16:40:00,0.0,pumps,MW,nem,NSW1
2017-10-02 16:45:00,0.0,pumps,MW,nem,NSW1
2017-10-02 16:50:00,0.0,pumps,MW,nem,NSW1
2017-10-02 16:55:00,0.0,pumps,MW,nem,NSW1
2017-10-02 17:00:00,0.0,pumps,MW,nem,NSW1
2017-10-02 17:05:00,0.0,pumps,MW,nem,NSW1
2017-10-02 17:10:00,0.0,pumps,MW,nem,NSW1
2017-10-02 17:15:00,0.0,pumps,MW,nem,NSW1
2017-10-02 17:20:00,0.0,pumps,MW,nem,NSW1
2017-10-02 17:25:00,0.0,pumps,MW,nem,NSW1
2017-10-02 17:30:00,0.0,pumps,MW,nem,NSW1
2017-10-02 17:35:00,0.0,pumps,MW,nem,NSW1
2017-10-02 17:40:00,0.0,pumps,MW,nem,NSW1
2017-10-02 17:45:00,0.0,pumps,MW,nem,NSW1
2017-10-02 17:50:00,0.0,pumps,MW,nem,NSW1
2017-10-02 17:55:00,0.0,pumps,MW,nem,NSW1
2017-10-02 18:00:00,0.0,pumps,MW,nem,NSW1
2017-10-02 18:05:00,0.0,pumps,MW,nem,NSW1
2017-10-02 18:10:00,0.0,pumps,MW,nem,NSW1
2017-10-02 18:15:00,0.0,pumps,MW,nem,NSW1
2017-10-02 18:20:00,0.0,pumps,MW,nem,NSW1
2017-10-02 18:25:00,0.0,pumps,MW,nem,NSW1
2017-10-02 18:30:00,0.0,pumps,MW,nem,NSW1
2017-10-02 18:35:00,0.0,pumps,MW,nem,NSW1
2017-10-02 18:40:00,0.0,pumps,MW,nem,NSW1
2017-10-02 18:45:00,0.0,pumps,MW,nem,NSW1
2017-10-02 18:50:00,0.0,pumps,MW,nem,NSW1
2017-10-02 18:55:00,0.0,pumps,MW,nem,NSW1
2017-10-02 19:00:00,0.0,pumps,MW,nem,NSW1
2017-10-02 19:05:00,0.0,pumps,MW,nem,NSW1
2017-10-02 19:10:00,0.0,pumps,MW,nem,NSW1
2017-10-02 19:15:00,0.0,pumps,MW,nem,NSW1
2017-10-02 19:20:00,0.0,pumps,MW,nem,NSW1
2017-10-02 19:25:00,0.0,pumps,MW,nem,NSW1
2017-10-02 19:30:00,0.0,pumps,MW,nem,NSW1
2017-10-02 19:35:00,0.0,pumps,MW,nem,NSW1
2017-10-02 19:40:00,0.0,pumps,MW,nem,NSW1
2017-10-02 19:45:00,0.0,pumps,MW,nem,NSW1
2017-10-02 19:50:00,0.0,pumps,MW,nem,NSW1
2017-10-02 19:55:00,0.0,pumps,MW,nem,NSW1
2017-10-02 20:00:00,0.0,pumps,MW,nem,NSW1
2017-10-02 20:05:00,0.0,pumps,MW,nem,NSW1
2017-10-02 20:10:00,0.0,pumps,MW,nem,NSW1
2017-10-02 20:15:00,0.0,pumps,MW,nem,NSW1
2017-10-02 20:20:00,0.0,pumps,MW,nem,NSW1
2017-10-02 20:25:00,0.0,pumps,MW,nem,NSW1
2017-10-02 20:30:00,0.0,pumps,MW,nem,NSW1
2017-10-02 20:35:00,0.0,pumps,MW,nem,NSW1
2017-10-02 20:40:00,0.0,pumps,MW,nem,NSW1
2017-10-02 20:45:00,0.0,pumps,MW,nem,NSW1
2017-10-02 20:50:00,0.0,pumps,MW,nem,NSW1
2017-10-02 20:55:00,0.0,pumps,MW,nem,NSW1
2017-10-02 21:00:00,0.0,pumps,MW,nem,NSW1
2017-10-02 21:05:00,0.0,pumps,MW,nem,NSW1
2017-10-02 21:10:00,0.0,pumps,MW,nem,NSW1
2017-10-02 21:15:00,0.0,pumps,MW,nem,NSW1
2017-10-02 21:20:00,0.0,pumps,MW,nem,NSW1
2017-10-02 21:25:00,0.0,pumps,MW,nem,NSW1
2017-10-02 21:30:00,0.0,pumps,MW,nem,NSW1
2017-10-02 21:35:00,0.0,pumps,MW,nem,NSW1
2017-10-02 21:40:00,0.0,pumps,MW,nem,NSW1
2017-10-02 21:45:00,0.0,pumps,MW,nem,NSW1
2017-10-02 21:50:00,0.0,pumps,MW,nem,NSW1
2017-10-02 21:55:00,0.0,pumps,MW,nem,NSW1
2017-10-02 22:00:00,0.0,pumps,MW,nem,NSW1
2017-10-02 22:05:00,0.0,pumps,MW,nem,NSW1
2017-10-02 22:10:00,0.0,pumps,MW,nem,NSW1
2017-10-02 22:15:00,0.0,pumps,MW,nem,NSW1
2017-10-02 22:20:00,0.0,pumps,MW,nem,NSW1
2017-10-02 22:25:00,0.0,pumps,MW,nem,NSW1
2017-10-02 22:30:00,0.0,pumps,MW,nem,NSW1
2017-10-02 22:35:00,0.0,pumps,MW,nem,NSW1
2017-10-02 22:40:00,0.0,pumps,MW,nem,NSW1
2017-10-02 22:45:00,0.0,pumps,MW,nem,NSW1
2017-10-02 22:50:00,0.0,pumps,MW,nem,NSW1
2017-10-02 22:55:00,0.0,pumps,MW,nem,NSW1
2017-10-02 23:00:00,0.0,pumps,MW,nem,NSW1
2017-10-02 23:05:00,0.0,pumps,MW,nem,NSW1
2017-10-02 23:10:00,0.0,pumps,MW,nem,NSW1
2017-10-02 23:15:00,0.0,pumps,MW,nem,NSW1
2017-10-02 23:20:00,0.0,pumps,MW,nem,NSW1
2017-10-02 23:25:00,0.0,pumps,MW,nem,NSW1
2017-10-02 23:30:00,0.0,pumps,MW,nem,NSW1
2017-10-02 23:35:00,0.0,pumps,MW,nem,NSW1
2017-10-02 23:40:00,0.0,pumps,MW,nem,NSW1
2017-10-02 23:45:00,0.0,pumps,MW,nem,NSW1
2017-10-02 23:50:00,0.0,pumps,MW,nem,NSW1
2017-10-02 23:55:00,0.0,pumps,MW,nem,NSW1
2017-10-03 00:00:00,0.0,pumps,MW,nem,NSW1
2017-10-03 00:05:00,0.0,pumps,MW,nem,NSW1
2017-10-03 00:10:00,0.0,pumps,MW,nem,NSW1
2017-10-03 00:15:00,0.0,pumps,MW,nem,NSW1
2017-10-03 00:20:00,0.0,pumps,MW,nem,NSW1
2017-10-03 00:25:00,0.0,pumps,MW,nem,NSW1
2017-10-03 00:30:00,0.0,pumps,MW,nem,NSW1
2017-10-03 00:35:00,0.0,pumps,MW,nem,NSW1
2017-10-03 00:40:00,0.0,pumps,MW,nem,NSW1
2017-10-03 00:45:00,0.0,pumps,MW,nem,NSW1
2017-10-03 00:50:00,0.0,pumps,MW,nem,NSW1
2017-10-03 00:55:00,0.0,pumps,MW,nem,NSW1
2017-10-03 01:00:00,0.0,pumps,MW,nem,NSW1
2017-10-03 01:05:00,0.0,pumps,MW,nem,NSW1
2017-10-03 01:10:00,0.0,pumps,MW,nem,NSW1
2017-10-03 01:15:00,0.0,pumps,MW,nem,NSW1
2017-10-03 01:20:00,0.0,pumps,MW,nem,NSW1
2017-10-03 01:25:00,0.0,pumps,MW,nem,NSW1
2017-10-03 01:30:00,0.0,pumps,MW,nem,NSW1
2017-10-03 01:35:00,0.0,pumps,MW,nem,NSW1
2017-10-03 01:40:00,0.0,pumps,MW,nem,NSW1
2017-10-03 01:45:00,0.0,pumps,MW,nem,NSW1
2017-10-03 01:50:00,0.0,pumps,MW,nem,NSW1
2017-10-03 01:55:00,0.0,pumps,MW,nem,NSW1
2017-10-03 02:00:00,0.0,pumps,MW,nem,NSW1
2017-10-03 02:05:00,0.0,pumps,MW,nem,NSW1
2017-10-03 02:10:00,0.0,pumps,MW,nem,NSW1
2017-10-03 02:15:00,0.0,pumps,MW,nem,NSW1
2017-10-03 02:20:00,0.0,pumps,MW,nem,NSW1
2017-10-03 02:25:00,0.0,pumps,MW,nem,NSW1
2017-10-03 02:30:00,0.0,pumps,MW,nem,NSW1
2017-10-03 02:35:00,0.0,pumps,MW,nem,NSW1
2017-10-03 02:40:00,0.0,pumps,MW,nem,NSW1
2017-10-03 02:45:00,0.0,pumps,MW,nem,NSW1
2017-10-03 02:50:00,0.0,pumps,MW,nem,NSW1
2017-10-03 02:55:00,0.0,pumps,MW,nem,NSW1
2017-10-03 03:00:00,0.0,pumps,MW,nem,NSW1
2017-10-03 03:05:00,0.0,pumps,MW,nem,NSW1
2017-10-03 03:10:00,0.0,pumps,MW,nem,NSW1
2017-10-03 03:15:00,0.0,pumps,MW,nem,NSW1
2017-10-03 03:20:00,0.0,pumps,MW,nem,NSW1
2017-10-03 03:25:00,0.0,pumps,MW,nem,NSW1
2017-10-03 03:30:00,0.0,pumps,MW,nem,NSW1
2017-10-03 03:35:00,0.0,pumps,MW,nem,NSW1
2017-10-03 03:40:00,0.0,pumps,MW,nem,NSW1
2017-10-03 03:45:00,0.0,pumps,MW,nem,NSW1
2017-10-03 03:50:00,0.0,pumps,MW,nem,NSW1
2017-10-03 03:55:00,0.0,pumps,MW,nem,NSW1
2017-10-03 04:00:00,0.0,pumps,MW,nem,NSW1
2017-10-03 04:05:00,0.0,pumps,MW,nem,NSW1
2017-10-03 04:10:00,0.0,pumps,MW,nem,NSW1
2017-10-03 04:15:00,0.0,pumps,MW,nem,NSW1
2017-10-03 04:20:00,0.0,pumps,MW,nem,NSW1
2017-10-03 04:25:00,0.0,pumps,MW,nem,NSW1
2017-10-03 04:30:00,0.0,pumps,MW,nem,NSW1
2017-10-03 04:35:00,0.0,pumps,MW,nem,NSW1
2017-10-03 04:40:00,0.0,pumps,MW,nem,NSW1
2017-10-03 04:45:00,0.0,pumps,MW,nem,NSW1
2017-10-03 04:50:00,0.0,pumps,MW,nem,NSW1
2017-10-03 04:55:00,0.0,pumps,MW,nem,NSW1
2017-10-03 05:00:00,0.0,pumps,MW,nem,NSW1
2017-10-03 05:05:00,0.0,pumps,MW,nem,NSW1
2017-10-03 05:10:00,0.0,pumps,MW,nem,NSW1
2017-10-03 05:15:00,0.0,pumps,MW,nem,NSW1
2017-10-03 05:20:00,0.0,pumps,MW,nem,NSW1
2017-10-03 05:25:00,0.0,pumps,MW,nem,NSW1
2017-10-03 05:30:00,0.0,pumps,MW,nem,NSW1
2017-10-03 05:35:00,0.0,pumps,MW,nem,NSW1
2017-10-03 05:40:00,0.0,pumps,MW,nem,NSW1
2017-10-03 05:45:00,0.0,pumps,MW,nem,NSW1
2017-10-03 05:50:00,0.0,pumps,MW,nem,NSW1
2017-10-03 05:55:00,0.0,pumps,MW,nem,NSW1
2017-10-03 06:00:00,0.0,pumps,MW,nem,NSW1
2017-10-03 06:05:00,0.0,pumps,MW,nem,NSW1
2017-10-03 06:10:00,0.0,pumps,MW,nem,NSW1
2017-10-03 06:15:00,0.0,pumps,MW,nem,NSW1
2017-10-03 06:20:00,0.0,pumps,MW,nem,NSW1
2017-10-03 06:25:00,0.0,pumps,MW,nem,NSW1
2017-10-03 06:30:00,0.0,pumps,MW,nem,NSW1
2017-10-03 06:35:00,0.0,pumps,MW,nem,NSW1
2017-10-03 06:40:00,0.0,pumps,MW,nem,NSW1
2017-10-03 06:45:00,0.0,pumps,MW,nem,NSW1
2017-10-03 06:50:00,0.0,pumps,MW,nem,NSW1
2017-10-03 06:55:00,0.0,pumps,MW,nem,NSW1
2017-10-03 07:00:00,0.0,pumps,MW,nem,NSW1
2017-10-03 07:05:00,0.0,pumps,MW,nem,NSW1
2017-10-03 07:10:00,0.0,pumps,MW,nem,NSW1
2017-10-03 07:15:00,0.0,pumps,MW,nem,NSW1
2017-10-03 07:20:00,0.0,pumps,MW,nem,NSW1
2017-10-03 07:25:00,0.0,pumps,MW,nem,NSW1
2017-10-03 07:30:00,0.0,pumps,MW,nem,NSW1
2017-10-03 07:35:00,0.0,pumps,MW,nem,NSW1
2017-10-03 07:40:00,0.0,pumps,MW,nem,NSW1
2017-10-03 07:45:00,0.0,pumps,MW,nem,NSW1
2017-10-03 07:50:00,0.0,pumps,MW,nem,NSW1
2017-10-03 07:55:00,0.0,pumps,MW,nem,NSW1
2017-10-03 08:00:00,0.0,pumps,MW,nem,NSW1
2017-10-03 08:05:00,0.0,pumps,MW,nem,NSW1
2017-10-03 08:10:00,0.0,pumps,MW,nem,NSW1
2017-10-03 08:15:00,0.0,pumps,MW,nem,NSW1
2017-10-03 08:20:00,0.0,pumps,MW,nem,NSW1
2017-10-03 08:25:00,0.0,pumps,MW,nem,NSW1
2017-10-03 08:30:00,0.0,pumps,MW,nem,NSW1
2017-10-03 08:35:00,0.0,pumps,MW,nem,NSW1
2017-10-03 08:40:00,0.0,pumps,MW,nem,NSW1
2017-10-03 08:45:00,0.0,pumps,MW,nem,NSW1
2017-10-03 08:50:00,0.0,pumps,MW,nem,NSW1
2017-10-03 08:55:00,0.0,pumps,MW,nem,NSW1
2017-10-03 09:00:00,0.0,pumps,MW,nem,NSW1
2017-10-03 09:05:00,0.0,pumps,MW,nem,NSW1
2017-10-03 09:10:00,0.0,pumps,MW,nem,NSW1
2017-10-03 09:15:00,0.0,pumps,MW,nem,NSW1
2017-10-03 09:20:00,0.0,pumps,MW,nem,NSW1
2017-10-03 09:25:00,0.0,pumps,MW,nem,NSW1
2017-10-03 09:30:00,0.0,pumps,MW,nem,NSW1
2017-10-03 09:35:00,0.0,pumps,MW,nem,NSW1
2017-10-03 09:40:00,0.0,pumps,MW,nem,NSW1
2017-10-03 09:45:00,0.0,pumps,MW,nem,NSW1
2017-10-03 09:50:00,0.0,pumps,MW,nem,NSW1
2017-10-03 09:55:00,0.0,pumps,MW,nem,NSW1
2017-10-03 10:00:00,0.0,pumps,MW,nem,NSW1
2017-10-03 10:05:00,0.0,pumps,MW,nem,NSW1
2017-10-03 10:10:00,0.0,pumps,MW,nem,NSW1
2017-10-03 10:15:00,0.0,pumps,MW,nem,NSW1
2017-10-03 10:20:00,0.0,pumps,MW,nem,NSW1
2017-10-03 10:25:00,0.0,pumps,MW,nem,NSW1
2017-10-03 10:30:00,0.0,pumps,MW,nem,NSW1
2017-10-03 10:35:00,0.0,pumps,MW,nem,NSW1
2017-10-03 10:40:00,0.0,pumps,MW,nem,NSW1
2017-10-03 10:45:00,0.0,pumps,MW,nem,NSW1
2017-10-03 10:50:00,0.0,pumps,MW,nem,NSW1
2017-10-03 10:55:00,0.0,pumps,MW,nem,NSW1
2017-10-03 11:00:00,0.0,pumps,MW,nem,NSW1
2017-10-03 11:05:00,0.0,pumps,MW,nem,NSW1
2017-10-03 11:10:00,0.0,pumps,MW,nem,NSW1
2017-10-03 11:15:00,0.0,pumps,MW,nem,NSW1
2017-10-03 11:20:00,0.0,pumps,MW,nem,NSW1
2017-10-03 11:25:00,0.0,pumps,MW,nem,NSW1
2017-10-03 11:30:00,0.0,pumps,MW,nem,NSW1
2017-10-03 11:35:00,0.0,pumps,MW,nem,NSW1
2017-10-03 11:40:00,0.0,pumps,MW,nem,NSW1
2017-10-03 11:45:00,0.0,pumps,MW,nem,NSW1
2017-10-03 11:50:00,0.0,pumps,MW,nem,NSW1
2017-10-03 11:55:00,0.0,pumps,MW,nem,NSW1
2017-10-03 12:00:00,0.0,pumps,MW,nem,NSW1
2017-10-03 12:05:00,0.0,pumps,MW,nem,NSW1
2017-10-03 12:10:00,0.0,pumps,MW,nem,NSW1
2017-10-03 12:15:00,0.0,pumps,MW,nem,NSW1
2017-10-03 12:20:00,0.0,pumps,MW,nem,NSW1
2017-10-03 12:25:00,0.0,pumps,MW,nem,NSW1
2017-10-03 12:30:00,0.0,pumps,MW,nem,NSW1
2017-10-03 12:35:00,0.0,pumps,MW,nem,NSW1
2017-10-03 12:40:00,0.0,pumps,MW,nem,NSW1
2017-10-03 12:45:00,0.0,pumps,MW,nem,NSW1
2017-10-03 12:50:00,0.0,pumps,MW,nem,NSW1
2017-10-03 12:55:00,0.0,pumps,MW,nem,NSW1
2017-10-03 13:00:00,0.0,pumps,MW,nem,NSW1
2017-10-03 13:05:00,0.0,pumps,MW,nem,NSW1
2017-10-03 13:10:00,0.0,pumps,MW,nem,NSW1
2017-10-03 13:15:00,0.0,pumps,MW,nem,NSW1
2017-10-03 13:20:00,0.0,pumps,MW,nem,NSW1
2017-10-03 13:25:00,0.0,pumps,MW,nem,NSW1
2017-10-03 13:30:00,0.0,pumps,MW,nem,NSW1
2017-10-03 13:35:00,0.0,pumps,MW,nem,NSW1
2017-10-03 13:40:00,0.0,pumps,MW,nem,NSW1
2017-10-03 13:45:00,0.0,pumps,MW,nem,NSW1
2017-10-03 13:50:00,0.0,pumps,MW,nem,NSW1
2017-10-03 13:55:00,0.0,pumps,MW,nem,NSW1
2017-10-03 14:00:00,0.0,pumps,MW,nem,NSW1
2017-10-03 14:05:00,0.0,pumps,MW,nem,NSW1
2017-10-03 14:10:00,0.0,pumps,MW,nem,NSW1
2017-10-03 14:15:00,0.0,pumps,MW,nem,NSW1
2017-10-03 14:20:00,0.0,pumps,MW,nem,NSW1
2017-10-03 14:25:00,0.0,pumps,MW,nem,NSW1
2017-10-03 14:30:00,0.0,pumps,MW,nem,NSW1
2017-10-03 14:35:00,0.0,pumps,MW,nem,NSW1
2017-10-03 14:40:00,0.0,pumps,MW,nem,NSW1
2017-10-03 14:45:00,0.0,pumps,MW,nem,NSW1
2017-10-03 14:50:00,0.0,pumps,MW,nem,NSW1
2017-10-03 14:55:00,0.0,pumps,MW,nem,NSW1
2017-10-03 15:00:00,0.0,pumps,MW,nem,NSW1
2017-10-03 15:05:00,0.0,pumps,MW,nem,NSW1
2017-10-03 15:10:00,0.0,pumps,MW,nem,NSW1
2017-10-03 15:15:00,0.0,pumps,MW,nem,NSW1
2017-10-03 15:20:00,0.0,pumps,MW,nem,NSW1
2017-10-03 15:25:00,0.0,pumps,MW,nem,NSW1
2017-10-03 15:30:00,0.0,pumps,MW,nem,NSW1
2017-10-03 15:35:00,0.0,pumps,MW,nem,NSW1
2017-10-03 15:40:00,0.0,pumps,MW,nem,NSW1
2017-10-03 15:45:00,0.0,pumps,MW,nem,NSW1
2017-10-03 15:50:00,0.0,pumps,MW,nem,NSW1
2017-10-03 15:55:00,0.0,pumps,MW,nem,NSW1
2017-10-03 16:00:00,0.0,pumps,MW,nem,NSW1
2017-10-03 16:05:00,0.0,pumps,MW,nem,NSW1
2017-10-03 16:10:00,0.0,pumps,MW,nem,NSW1
2017-10-03 16:15:00,0.0,pumps,MW,nem,NSW1
2017-10-03 16:20:00,0.0,pumps,MW,nem,NSW1
2017-10-03 16:25:00,0.0,pumps,MW,nem,NSW1
2017-10-03 16:30:00,0.0,pumps,MW,nem,NSW1
2017-10-03 16:35:00,0.0,pumps,MW,nem,NSW1
2017-10-03 16:40:00,0.0,pumps,MW,nem,NSW1
2017-10-03 16:45:00,0.0,pumps,MW,nem,NSW1
2017-10-03 16:50:00,0.0,pumps,MW,nem,NSW1
2017-10-03 16:55:00,0.0,pumps,MW,nem,NSW1
2017-10-03 17:00:00,0.0,pumps,MW,nem,NSW1
2017-10-03 17:05:00,0.0,pumps,MW,nem,NSW1
2017-10-03 17:10:00,0.0,pumps,MW,nem,NSW1
2017-10-03 17:15:00,0.0,pumps,MW,nem,NSW1
2017-10-03 17:20:00,0.0,pumps,MW,nem,NSW1
2017-10-03 17:25:00,0.0,pumps,MW,nem,NSW1
2017-10-03 17:30:00,0.0,pumps,MW,nem,NSW1
2017-10-03 17:35:00,0.0,pumps,MW,nem,NSW1
2017-10-03 17:40:00,0.0,pumps,MW,nem,NSW1
2017-10-03 17:45:00,0.0,pumps,MW,nem,NSW1
2017-10-03 17:50:00,0.0,pumps,MW,nem,NSW1
2017-10-03 17:55:00,0.0,pumps,MW,nem,NSW1
2017-10-03 18:00:00,0.0,pumps,MW,nem,NSW1
2017-10-03 18:05:00,0.0,pumps,MW,nem,NSW1
2017-10-03 18:10:00,0.0,pumps,MW,nem,NSW1
2017-10-03 18:15:00,0.0,pumps,MW,nem,NSW1
2017-10-03 18:20:00,0.0,pumps,MW,nem,NSW1
2017-10-03 18:25:00,0.0,pumps,MW,nem,NSW1
2017-10-03 18:30:00,0.0,pumps,MW,nem,NSW1
2017-10-03 18:35:00,0.0,pumps,MW,nem,NSW1
2017-10-03 18:40:00,0.0,pumps,MW,nem,NSW1
2017-10-03 18:45:00,0.0,pumps,MW,nem,NSW1
2017-10-03 18:50:00,0.0,pumps,MW,nem,NSW1
2017-10-03 18:55:00,0.0,pumps,MW,nem,NSW1
2017-10-03 19:00:00,0.0,pumps,MW,nem,NSW1
2017-10-03 19:05:00,0.0,pumps,MW,nem,NSW1
2017-10-03 19:10:00,0.0,pumps,MW,nem,NSW1
2017-10-03 19:15:00,0.0,pumps,MW,nem,NSW1
2017-10-03 19:20:00,0.0,pumps,MW,nem,NSW1
2017-10-03 19:25:00,0.0,pumps,MW,nem,NSW1
2017-10-03 19:30:00,0.0,pumps,MW,nem,NSW1
2017-10-03 19:35:00,0.0,pumps,MW,nem,NSW1
2017-10-03 19:40:00,0.0,pumps,MW,nem,NSW1
2017-10-03 19:45:00,0.0,pumps,MW,nem,NSW1
2017-10-03 19:50:00,0.0,pumps,MW,nem,NSW1
2017-10-03 19:55:00,0.0,pumps,MW,nem,NSW1
2017-10-03 20:00:00,0.0,pumps,MW,nem,NSW1
2017-10-03 20:05:00,0.0,pumps,MW,nem,NSW1
2017-10-03 20:10:00,0.0,pumps,MW,nem,NSW1
2017-10-03 20:15:00,0.0,pumps,MW,nem,NSW1
2017-10-03 20:20:00,0.0,pumps,MW,nem,NSW1
2017-10-03 20:25:00,0.0,pumps,MW,nem,NSW1
2017-10-03 20:30:00,0.0,pumps,MW,nem,NSW1
2017-10-03 20:35:00,0.0,pumps,MW,nem,NSW1
2017-10-03 20:40:00,0.0,pumps,MW,nem,NSW1
2017-10-03 20:45:00,0.0,pumps,MW,nem,NSW1
2017-10-03 20:50:00,0.0,pumps,MW,nem,NSW1
2017-10-03 20:55:00,0.0,pumps,MW,nem,NSW1
2017-10-03 21:00:00,0.0,pumps,MW,nem,NSW1
2017-10-03 21:05:00,0.0,pumps,MW,nem,NSW1
2017-10-03 21:10:00,0.0,pumps,MW,nem,NSW1
2017-10-03 21:15:00,0.0,pumps,MW,nem,NSW1
2017-10-03 21:20:00,0.0,pumps,MW,nem,NSW1
2017-10-03 21:25:00,0.0,pumps,MW,nem,NSW1
2017-10-03 21:30:00,0.0,pumps,MW,nem,NSW1
2017-10-03 21:35:00,0.0,pumps,MW,nem,NSW1
2017-10-03 21:40:00,0.0,pumps,MW,nem,NSW1
2017-10-03 21:45:00,0.0,pumps,MW,nem,NSW1
2017-10-03 21:50:00,0.0,pumps,MW,nem,NSW1
2017-10-03 21:55:00,0.0,pumps,MW,nem,NSW1
2017-10-03 22:00:00,0.0,pumps,MW,nem,NSW1
2017-10-03 22:05:00,0.0,pumps,MW,nem,NSW1
2017-10-03 22:10:00,0.0,pumps,MW,nem,NSW1
2017-10-03 22:15:00,0.0,pumps,MW,nem,NSW1
2017-10-03 22:20:00,0.0,pumps,MW,nem,NSW1
2017-10-03 22:25:00,0.0,pumps,MW,nem,NSW1
2017-10-03 22:30:00,0.0,pumps,MW,nem,NSW1
2017-10-03 22:35:00,0.0,pumps,MW,nem,NSW1
2017-10-03 22:40:00,0.0,pumps,MW,nem,NSW1
2017-10-03 22:45:00,0.0,pumps,MW,nem,NSW1
2017-10-03 22:50:00,0.0,pumps,MW,nem,NSW1
2017-10-03 22:55:00,0.0,pumps,MW,nem,NSW1
2017-10-03 23:00:00,0.0,pumps,MW,nem,NSW1
2017-10-03 23:05:00,0.0,pumps,MW,nem,NSW1
2017-10-03 23:10:00,0.0,pumps,MW,nem,NSW1
2017-10-03 23:15:00,0.0,pumps,MW,nem,NSW1
2017-10-03 23:20:00,0.0,pumps,MW,nem,NSW1
2017-10-03 23:25:00,0.0,pumps,MW,nem,NSW1
2017-10-03 23:30:00,0.0,pumps,MW,nem,NSW1
2017-10-03 23:35:00,0.0,pumps,MW,nem,NSW1
2017-10-03 23:40:00,0.0,pumps,MW,nem,NSW1
2017-10-03 23:45:00,0.0,pumps,MW,nem,NSW1
2017-10-03 23:50:00,0.0,pumps,MW,nem,NSW1
2017-10-03 23:55:00,0.0,pumps,MW,nem,NSW1
2017-10-04 00:00:00,0.0,pumps,MW,nem,NSW1
2017-10-04 00:05:00,0.0,pumps,MW,nem,NSW1
2017-10-04 00:10:00,0.0,pumps,MW,nem,NSW1
2017-10-04 00:15:00,0.0,pumps,MW,nem,NSW1
2017-10-04 00:20:00,0.0,pumps,MW,nem,NSW1
2017-10-04 00:25:00,0.0,pumps,MW,nem,NSW1
2017-10-04 00:30:00,0.0,pumps,MW,nem,NSW1
2017-10-04 00:35:00,0.0,pumps,MW,nem,NSW1
2017-10-04 00:40:00,0.0,pumps,MW,nem,NSW1
2017-10-04 00:45:00,0.0,pumps,MW,nem,NSW1
2017-10-04 00:50:00,0.0,pumps,MW,nem,NSW1
2017-10-04 00:55:00,0.0,pumps,MW,nem,NSW1
2017-10-04 01:00:00,0.0,pumps,MW,nem,NSW1
2017-10-04 01:05:00,0.0,pumps,MW,nem,NSW1
2017-10-04 01:10:00,0.0,pumps,MW,nem,NSW1
2017-10-04 01:15:00,0.0,pumps,MW,nem,NSW1
2017-10-04 01:20:00,0.0,pumps,MW,nem,NSW1
2017-10-04 01:25:00,0.0,pumps,MW,nem,NSW1
2017-10-04 01:30:00,0.0,pumps,MW,nem,NSW1
2017-10-04 01:35:00,0.0,pumps,MW,nem,NSW1
2017-10-04 01:40:00,0.0,pumps,MW,nem,NSW1
2017-10-04 01:45:00,0.0,pumps,MW,nem,NSW1
2017-10-04 01:50:00,0.0,pumps,MW,nem,NSW1
2017-10-04 01:55:00,0.0,pumps,MW,nem,NSW1
2017-10-04 02:00:00,0.0,pumps,MW,nem,NSW1
2017-10-04 02:05:00,0.0,pumps,MW,nem,NSW1
2017-10-04 02:10:00,0.0,pumps,MW,nem,NSW1
2017-10-04 02:15:00,0.0,pumps,MW,nem,NSW1
2017-10-04 02:20:00,0.0,pumps,MW,nem,NSW1
2017-10-04 02:25:00,0.0,pumps,MW,nem,NSW1
2017-10-04 02:30:00,0.0,pumps,MW,nem,NSW1
2017-10-04 02:35:00,0.0,pumps,MW,nem,NSW1
2017-10-04 02:40:00,0.0,pumps,MW,nem,NSW1
2017-10-04 02:45:00,0.0,pumps,MW,nem,NSW1
2017-10-04 02:50:00,0.0,pumps,MW,nem,NSW1
2017-10-04 02:55:00,0.0,pumps,MW,nem,NSW1
2017-10-04 03:00:00,0.0,pumps,MW,nem,NSW1
2017-10-04 03:05:00,0.0,pumps,MW,nem,NSW1
2017-10-04 03:10:00,0.0,pumps,MW,nem,NSW1
2017-10-04 03:15:00,0.0,pumps,MW,nem,NSW1
2017-10-04 03:20:00,0.0,pumps,MW,nem,NSW1
2017-10-04 03:25:00,0.0,pumps,MW,nem,NSW1
2017-10-04 03:30:00,0.0,pumps,MW,nem,NSW1
2017-10-04 03:35:00,0.0,pumps,MW,nem,NSW1
2017-10-04 03:40:00,0.0,pumps,MW,nem,NSW1
2017-10-04 03:45:00,0.0,pumps,MW,nem,NSW1
2017-10-04 03:50:00,0.0,pumps,MW,nem,NSW1
2017-10-04 03:55:00,0.0,pumps,MW,nem,NSW1
2017-10-04 04:00:00,0.0,pumps,MW,nem,NSW1
2017-10-04 04:05:00,0.0,pumps,MW,nem,NSW1
2017-10-04 04:10:00,0.0,pumps,MW,nem,NSW1
2017-10-04 04:15:00,0.0,pumps,MW,nem,NSW1
2017-10-04 04:20:00,0.0,pumps,MW,nem,NSW1
2017-10-04 04:25:00,0.0,pumps,MW,nem,NSW1
2017-10-04 04:30:00,0.0,pumps,MW,nem,NSW1
2017-10-04 04:35:00,0.0,pumps,MW,nem,NSW1
2017-10-04 04:40:00,0.0,pumps,MW,nem,NSW1
2017-10-04 04:45:00,0.0,pumps,MW,nem,NSW1
2017-10-04 04:50:00,0.0,pumps,MW,nem,NSW1
2017-10-04 04:55:00,0.0,pumps,MW,nem,NSW1
2017-10-04 05:00:00,0.0,pumps,MW,nem,NSW1
2017-10-04 05:05:00,0.0,pumps,MW,nem,NSW1
2017-10-04 05:10:00,0.0,pumps,MW,nem,NSW1
2017-10-04 05:15:00,0.0,pumps,MW,nem,NSW1
2017-10-04 05:20:00,0.0,pumps,MW,nem,NSW1
2017-10-04 05:25:00,0.0,pumps,MW,nem,NSW1
2017-10-04 05:30:00,0.0,pumps,MW,nem,NSW1
2017-10-04 05:35:00,0.0,pumps,MW,nem,NSW1
2017-10-04 05:40:00,0.0,pumps,MW,nem,NSW1
2017-10-04 05:45:00,0.0,pumps,MW,nem,NSW1
2017-10-04 05:50:00,0.0,pumps,MW,nem,NSW1
2017-10-04 05:55:00,0.0,pumps,MW,nem,NSW1
2017-10-04 06:00:00,0.0,pumps,MW,nem,NSW1
2017-10-04 06:05:00,0.0,pumps,MW,nem,NSW1
2017-10-04 06:10:00,0.0,pumps,MW,nem,NSW1
2017-10-04 06:15:00,0.0,pumps,MW,nem,NSW1
2017-10-04 06:20:00,0.0,pumps,MW,nem,NSW1
2017-10-04 06:25:00,0.0,pumps,MW,nem,NSW1
2017-10-04 06:30:00,0.0,pumps,MW,nem,NSW1
2017-10-04 06:35:00,0.0,pumps,MW,nem,NSW1
2017-10-04 06:40:00,0.0,pumps,MW,nem,NSW1
2017-10-04 06:45:00,0.0,pumps,MW,nem,NSW1
2017-10-04 06:50:00,0.0,pumps,MW,nem,NSW1
2017-10-04 06:55:00,0.0,pumps,MW,nem,NSW1
2017-10-04 07:00:00,0.0,pumps,MW,nem,NSW1
2017-10-04 07:05:00,0.0,pumps,MW,nem,NSW1
2017-10-04 07:10:00,0.0,pumps,MW,nem,NSW1
2017-10-04 07:15:00,0.0,pumps,MW,nem,NSW1
2017-10-04 07:20:00,0.0,pumps,MW,nem,NSW1
2017-10-04 07:25:00,0.0,pumps,MW,nem,NSW1
2017-10-04 07:30:00,0.0,pumps,MW,nem,NSW1
2017-10-04 07:35:00,0.0,pumps,MW,nem,NSW1
2017-10-04 07:40:00,0.0,pumps,MW,nem,NSW1
2017-10-04 07:45:00,0.0,pumps,MW,nem,NSW1
2017-10-04 07:50:00,0.0,pumps,MW,nem,NSW1
2017-10-04 07:55:00,0.0,pumps,MW,nem,NSW1
2017-10-04 08:00:00,0.0,pumps,MW,nem,NSW1
2017-10-04 08:05:00,0.0,pumps,MW,nem,NSW1
2017-10-04 08:10:00,0.0,pumps,MW,nem,NSW1
2017-10-04 08:15:00,0.0,pumps,MW,nem,NSW1
2017-10-04 08:20:00,0.0,pumps,MW,nem,NSW1
2017-10-04 08:25:00,0.0,pumps,MW,nem,NSW1
2017-10-04 08:30:00,0.0,pumps,MW,nem,NSW1
2017-10-04 08:35:00,0.0,pumps,MW,nem,NSW1
2017-10-04 08:40:00,0.0,pumps,MW,nem,NSW1
2017-10-04 08:45:00,0.0,pumps,MW,nem,NSW1
2017-10-04 08:50:00,0.0,pumps,MW,nem,NSW1
2017-10-04 08:55:00,0.0,pumps,MW,nem,NSW1
2017-10-04 09:00:00,0.0,pumps,MW,nem,NSW1
2017-10-04 09:05:00,0.0,pumps,MW,nem,NSW1
2017-10-04 09:10:00,0.0,pumps,MW,nem,NSW1
2017-10-04 09:15:00,0.0,pumps,MW,nem,NSW1
2017-10-04 09:20:00,0.0,pumps,MW,nem,NSW1
2017-10-04 09:25:00,0.0,pumps,MW,nem,NSW1
2017-10-04 09:30:00,0.0,pumps,MW,nem,NSW1
2017-10-04 09:35:00,0.0,pumps,MW,nem,NSW1
2017-10-04 09:40:00,0.0,pumps,MW,nem,NSW1
2017-10-04 09:45:00,0.0,pumps,MW,nem,NSW1
2017-10-04 09:50:00,0.0,pumps,MW,nem,NSW1
2017-10-04 09:55:00,0.0,pumps,MW,nem,NSW1
2017-10-04 10:00:00,0.0,pumps,MW,nem,NSW1
2017-10-04 10:05:00,0.0,pumps,MW,nem,NSW1
2017-10-04 10:10:00,0.0,pumps,MW,nem,NSW1
2017-10-04 10:15:00,0.0,pumps,MW,nem,NSW1
2017-10-04 10:20:00,0.0,pumps,MW,nem,NSW1
2017-10-04 10:25:00,0.0,pumps,MW,nem,NSW1
2017-10-04 10:30:00,0.0,pumps,MW,nem,NSW1
2017-10-04 10:35:00,0.0,pumps,MW,nem,NSW1
2017-10-04 10:40:00,0.0,pumps,MW,nem,NSW1
2017-10-04 10:45:00,0.0,pumps,MW,nem,NSW1
2017-10-04 10:50:00,0.0,pumps,MW,nem,NSW1
2017-10-04 10:55:00,0.0,pumps,MW,nem,NSW1
2017-10-04 11:00:00,0.0,pumps,MW,nem,NSW1
2017-10-04 11:05:00,0.0,pumps,MW,nem,NSW1
2017-10-04 11:10:00,0.0,pumps,MW,nem,NSW1
2017-10-04 11:15:00,0.0,pumps,MW,nem,NSW1
2017-10-04 11:20:00,0.0,pumps,MW,nem,NSW1
2017-10-04 11:25:00,0.0,pumps,MW,nem,NSW1
2017-10-04 11:30:00,0.0,pumps,MW,nem,NSW1
2017-10-04 11:35:00,0.0,pumps,MW,nem,NSW1
2017-10-04 11:40:00,0.0,pumps,MW,nem,NSW1
2017-10-04 11:45:00,0.0,pumps,MW,nem,NSW1
2017-10-04 11:50:00,0.0,pumps,MW,nem,NSW1
2017-10-04 11:55:00,0.0,pumps,MW,nem,NSW1
2017-10-04 12:00:00,0.0,pumps,MW,nem,NSW1
2017-10-04 12:05:00,0.0,pumps,MW,nem,NSW1
2017-10-04 12:10:00,0.0,pumps,MW,nem,NSW1
2017-10-04 12:15:00,0.0,pumps,MW,nem,NSW1
2017-10-04 12:20:00,0.0,pumps,MW,nem,NSW1
2017-10-04 12:25:00,0.0,pumps,MW,nem,NSW1
2017-10-04 12:30:00,0.0,pumps,MW,nem,NSW1
2017-10-04 12:35:00,0.0,pumps,MW,nem,NSW1
2017-10-04 12:40:00,0.0,pumps,MW,nem,NSW1
2017-10-04 12:45:00,0.0,pumps,MW,nem,NSW1
2017-10-04 12:50:00,0.0,pumps,MW,nem,NSW1
2017-10-04 12:55:00,0.0,pumps,MW,nem,NSW1
2017-10-04 13:00:00,0.0,pumps,MW,nem,NSW1
2017-10-04 13:05:00,0.0,pumps,MW,nem,NSW1
2017-10-04 13:10:00,0.0,pumps,MW,nem,NSW1
2017-10-04 13:15:00,0.0,pumps,MW,nem,NSW1
2017-10-04 13:20:00,0.0,pumps,MW,nem,NSW1
2017-10-04 13:25:00,0.0,pumps,MW,nem,NSW1
2017-10-04 13:30:00,0.0,pumps,MW,nem,NSW1
2017-10-04 13:35:00,0.0,pumps,MW,nem,NSW1
2017-10-04 13:40:00,0.0,pumps,MW,nem,NSW1
2017-10-04 13:45:00,0.0,pumps,MW,nem,NSW1
2017-10-04 13:50:00,0.0,pumps,MW,nem,NSW1
2017-10-04 13:55:00,0.0,pumps,MW,nem,NSW1
2017-10-04 14:00:00,0.0,pumps,MW,nem,NSW1
2017-10-04 14:05:00,0.0,pumps,MW,nem,NSW1
2017-10-04 14:10:00,0.0,pumps,MW,nem,NSW1
2017-10-04 14:15:00,0.0,pumps,MW,nem,NSW1
2017-10-04 14:20:00,0.0,pumps,MW,nem,NSW1
2017-10-04 14:25:00,0.0,pumps,MW,nem,NSW1
2017-10-04 14:30:00,0.0,pumps,MW,nem,NSW1
2017-10-04 14:35:00,0.0,pumps,MW,nem,NSW1
2017-10-04 14:40:00,0.0,pumps,MW,nem,NSW1
2017-10-04 14:45:00,0.0,pumps,MW,nem,NSW1
2017-10-04 14:50:00,0.0,pumps,MW,nem,NSW1
2017-10-04 14:55:00,0.0,pumps,MW,nem,NSW1
2017-10-04 15:00:00,0.0,pumps,MW,nem,NSW1
2017-10-04 15:05:00,0.0,pumps,MW,nem,NSW1
2017-10-04 15:10:00,0.0,pumps,MW,nem,NSW1
2017-10-04 15:15:00,0.0,pumps,MW,nem,NSW1
2017-10-04 15:20:00,0.0,pumps,MW,nem,NSW1
2017-10-04 15:25:00,0.0,pumps,MW,nem,NSW1
2017-10-04 15:30:00,0.0,pumps,MW,nem,NSW1
2017-10-04 15:35:00,0.0,pumps,MW,nem,NSW1
2017-10-04 15:40:00,0.0,pumps,MW,nem,NSW1
2017-10-04 15:45:00,0.0,pumps,MW,nem,NSW1
2017-10-04 15:50:00,0.0,pumps,MW,nem,NSW1
2017-10-04 15:55:00,0.0,pumps,MW,nem,NSW1
2017-10-04 16:00:00,0.0,pumps,MW,nem,NSW1
2017-10-04 16:05:00,0.0,pumps,MW,nem,NSW1
2017-10-04 16:10:00,0.0,pumps,MW,nem,NSW1
2017-10-04 16:15:00,0.0,pumps,MW,nem,NSW1
2017-10-04 16:20:00,0.0,pumps,MW,nem,NSW1
2017-10-04 16:25:00,0.0,pumps,MW,nem,NSW1
2017-10-04 16:30:00,0.0,pumps,MW,nem,NSW1
2017-10-04 16:35:00,0.0,pumps,MW,nem,NSW1
2017-10-04 16:40:00,0.0,pumps,MW,nem,NSW1
2017-10-04 16:45:00,0.0,pumps,MW,nem,NSW1
2017-10-04 16:50:00,0.0,pumps,MW,nem,NSW1
2017-10-04 16:55:00,0.0,pumps,MW,nem,NSW1
2017-10-04 17:00:00,0.0,pumps,MW,nem,NSW1
2017-10-04 17:05:00,0.0,pumps,MW,nem,NSW1
2017-10-04 17:10:00,0.0,pumps,MW,nem,NSW1
2017-10-04 17:15:00,0.0,pumps,MW,nem,NSW1
2017-10-04 17:20:00,0.0,pumps,MW,nem,NSW1
2017-10-04 17:25:00,0.0,pumps,MW,nem,NSW1
2017-10-04 17:30:00,0.0,pumps,MW,nem,NSW1
2017-10-04 17:35:00,0.0,pumps,MW,nem,NSW1
2017-10-04 17:40:00,0.0,pumps,MW,nem,NSW1
2017-10-04 17:45:00,0.0,pumps,MW,nem,NSW1
2017-10-04 17:50:00,0.0,pumps,MW,nem,NSW1
2017-10-04 17:55:00,0.0,pumps,MW,nem,NSW1
2017-10-04 18:00:00,0.0,pumps,MW,nem,NSW1
2017-10-04 18:05:00,0.0,pumps,MW,nem,NSW1
2017-10-04 18:10:00,0.0,pumps,MW,nem,NSW1
2017-10-04 18:15:00,0.0,pumps,MW,nem,NSW1
2017-10-04 18:20:00,0.0,pumps,MW,nem,NSW1
2017-10-04 18:25:00,0.0,pumps,MW,nem,NSW1
2017-10-04 18:30:00,0.0,pumps,MW,nem,NSW1
2017-10-04 18:35:00,0.0,pumps,MW,nem,NSW1
2017-10-04 18:40:00,0.0,pumps,MW,nem,NSW1
2017-10-04 18:45:00,0.0,pumps,MW,nem,NSW1
2017-10-04 18:50:00,0.0,pumps,MW,nem,NSW1
2017-10-04 18:55:00,0.0,pumps,MW,nem,NSW1
2017-10-04 19:00:00,0.0,pumps,MW,nem,NSW1
2017-10-04 19:05:00,0.0,pumps,MW,nem,NSW1
2017-10-04 19:10:00,0.0,pumps,MW,nem,NSW1
2017-10-04 19:15:00,0.0,pumps,MW,nem,NSW1
2017-10-04 19:20:00,0.0,pumps,MW,nem,NSW1
2017-10-04 19:25:00,0.0,pumps,MW,nem,NSW1
2017-10-04 19:30:00,0.0,pumps,MW,nem,NSW1
2017-10-04 19:35:00,0.0,pumps,MW,nem,NSW1
2017-10-04 19:40:00,0.0,pumps,MW,nem,NSW1
2017-10-04 19:45:00,0.0,pumps,MW,nem,NSW1
2017-10-04 19:50:00,0.0,pumps,MW,nem,NSW1
2017-10-04 19:55:00,0.0,pumps,MW,nem,NSW1
2017-10-04 20:00:00,0.0,pumps,MW,nem,NSW1
2017-10-04 20:05:00,0.0,pumps,MW,nem,NSW1
2017-10-04 20:10:00,0.0,pumps,MW,nem,NSW1
2017-10-04 20:15:00,0.0,pumps,MW,nem,NSW1
2017-10-04 20:20:00,0.0,pumps,MW,nem,NSW1
2017-10-04 20:25:00,0.0,pumps,MW,nem,NSW1
2017-10-04 20:30:00,0.0,pumps,MW,nem,NSW1
2017-10-04 20:35:00,0.0,pumps,MW,nem,NSW1
2017-10-04 20:40:00,0.0,pumps,MW,nem,NSW1
2017-10-04 20:45:00,0.0,pumps,MW,nem,NSW1
2017-10-04 20:50:00,0.0,pumps,MW,nem,NSW1
2017-10-04 20:55:00,0.0,pumps,MW,nem,NSW1
2017-10-04 21:00:00,0.0,pumps,MW,nem,NSW1
2017-10-04 21:05:00,0.0,pumps,MW,nem,NSW1
2017-10-04 21:10:00,0.0,pumps,MW,nem,NSW1
2017-10-04 21:15:00,0.0,pumps,MW,nem,NSW1
2017-10-04 21:20:00,0.0,pumps,MW,nem,NSW1
2017-10-04 21:25:00,0.0,pumps,MW,nem,NSW1
2017-10-04 21:30:00,0.0,pumps,MW,nem,NSW1
2017-10-04 21:35:00,0.0,pumps,MW,nem,NSW1
2017-10-04 21:40:00,0.0,pumps,MW,nem,NSW1
2017-10-04 21:45:00,0.0,pumps,MW,nem,NSW1
2017-10-04 21:50:00,0.0,pumps,MW,nem,NSW1
2017-10-04 21:55:00,0.0,pumps,MW,nem,NSW1
2017-10-04 22:00:00,0.0,pumps,MW,nem,NSW1
2017-10-04 22:05:00,0.0,pumps,MW,nem,NSW1
2017-10-04 22:10:00,0.0,pumps,MW,nem,NSW1
2017-10-04 22:15:00,0.0,pumps,MW,nem,NSW1
2017-10-04 22:20:00,0.0,pumps,MW,nem,NSW1
2017-10-04 22:25:00,0.0,pumps,MW,nem,NSW1
2017-10-04 22:30:00,0.0,pumps,MW,nem,NSW1
2017-10-04 22:35:00,0.0,pumps,MW,nem,NSW1
2017-10-04 22:40:00,0.0,pumps,MW,nem,NSW1
2017-10-04 22:45:00,0.0,pumps,MW,nem,NSW1
2017-10-04 22:50:00,0.0,pumps,MW,nem,NSW1
2017-10-04 22:55:00,0.0,pumps,MW,nem,NSW1
2017-10-04 23:00:00,0.0,pumps,MW,nem,NSW1
2017-10-04 23:05:00,0.0,pumps,MW,nem,NSW1
2017-10-04 23:10:00,0.0,pumps,MW,nem,NSW1
2017-10-04 23:15:00,0.0,pumps,MW,nem,NSW1
2017-10-04 23:20:00,0.0,pumps,MW,nem,NSW1
2017-10-04 23:25:00,0.0,pumps,MW,nem,NSW1
2017-10-04 23:30:00,0.0,pumps,MW,nem,NSW1
2017-10-04 23:35:00,0.0,pumps,MW,nem,NSW1
2017-10-04 23:40:00,0.0,pumps,MW,nem,NSW1
2017-10-04 23:45:00,0.0,pumps,MW,nem,NSW1
2017-10-04 23:50:00,0.0,pumps,MW,nem,NSW1
2017-10-04 23:55:00,0.0,pumps,MW,nem,NSW1
2017-10-05 00:00:00,0.0,pumps,MW,nem,NSW1
2017-10-05 00:05:00,0.0,pumps,MW,nem,NSW1
2017-10-05 00:10:00,0.0,pumps,MW,nem,NSW1
2017-10-05 00:15:00,0.0,pumps,MW,nem,NSW1
2017-10-05 00:20:00,0.0,pumps,MW,nem,NSW1
2017-10-05 00:25:00,0.0,pumps,MW,nem,NSW1
2017-10-05 00:30:00,0.0,pumps,MW,nem,NSW1
2017-10-05 00:35:00,0.0,pumps,MW,nem,NSW1
2017-10-05 00:40:00,0.0,pumps,MW,nem,NSW1
2017-10-05 00:45:00,0.0,pumps,MW,nem,NSW1
2017-10-05 00:50:00,0.0,pumps,MW,nem,NSW1
2017-10-05 00:55:00,0.0,pumps,MW,nem,NSW1
2017-10-05 01:00:00,0.0,pumps,MW,nem,NSW1
2017-10-05 01:05:00,0.0,pumps,MW,nem,NSW1
2017-10-05 01:10:00,0.0,pumps,MW,nem,NSW1
2017-10-05 01:15:00,0.0,pumps,MW,nem,NSW1
2017-10-05 01:20:00,0.0,pumps,MW,nem,NSW1
2017-10-05 01:25:00,0.0,pumps,MW,nem,NSW1
2017-10-05 01:30:00,0.0,pumps,MW,nem,NSW1
2017-10-05 01:35:00,0.0,pumps,MW,nem,NSW1
2017-10-05 01:40:00,0.0,pumps,MW,nem,NSW1
2017-10-05 01:45:00,0.0,pumps,MW,nem,NSW1
2017-10-05 01:50:00,0.0,pumps,MW,nem,NSW1
2017-10-05 01:55:00,0.0,pumps,MW,nem,NSW1
2017-10-05 02:00:00,0.0,pumps,MW,nem,NSW1
2017-10-05 02:05:00,0.0,pumps,MW,nem,NSW1
2017-10-05 02:10:00,0.0,pumps,MW,nem,NSW1
2017-10-05 02:15:00,0.0,pumps,MW,nem,NSW1
2017-10-05 02:20:00,0.0,pumps,MW,nem,NSW1
2017-10-05 02:25:00,0.0,pumps,MW,nem,NSW1
2017-10-05 02:30:00,0.0,pumps,MW,nem,NSW1
2017-10-05 02:35:00,0.0,pumps,MW,nem,NSW1
2017-10-05 02:40:00,0.0,pumps,MW,nem,NSW1
2017-10-05 02:45:00,0.0,pumps,MW,nem,NSW1
2017-10-05 02:50:00,0.0,pumps,MW,nem,NSW1
2017-10-05 02:55:00,0.0,pumps,MW,nem,NSW1
2017-10-05 03:00:00,0.0,pumps,MW,nem,NSW1
2017-10-05 03:05:00,0.0,pumps,MW,nem,NSW1
2017-10-05 03:10:00,0.0,pumps,MW,nem,NSW1
2017-10-05 03:15:00,0.0,pumps,MW,nem,NSW1
2017-10-05 03:20:00,0.0,pumps,MW,nem,NSW1
2017-10-05 03:25:00,0.0,pumps,MW,nem,NSW1
2017-10-05 03:30:00,0.0,pumps,MW,nem,NSW1
2017-10-05 03:35:00,0.0,pumps,MW,nem,NSW1
2017-10-05 03:40:00,0.0,pumps,MW,nem,NSW1
2017-10-05 03:45:00,0.0,pumps,MW,nem,NSW1
2017-10-05 03:50:00,0.0,pumps,MW,nem,NSW1
2017-10-05 03:55:00,0.0,pumps,MW,nem,NSW1
2017-10-05 04:00:00,0.0,pumps,MW,nem,NSW1
2017-10-05 04:05:00,0.0,pumps,MW,nem,NSW1
2017-10-05 04:10:00,0.0,pumps,MW,nem,NSW1
2017-10-05 04:15:00,0.0,pumps,MW,nem,NSW1
2017-10-05 04:20:00,0.0,pumps,MW,nem,NSW1
2017-10-05 04:25:00,0.0,pumps,MW,nem,NSW1
2017-10-05 04:30:00,0.0,pumps,MW,nem,NSW1
2017-10-05 04:35:00,0.0,pumps,MW,nem,NSW1
2017-10-05 04:40:00,0.0,pumps,MW,nem,NSW1
2017-10-05 04:45:00,0.0,pumps,MW,nem,NSW1
2017-10-05 04:50:00,0.0,pumps,MW,nem,NSW1
2017-10-05 04:55:00,0.0,pumps,MW,nem,NSW1
2017-10-05 05:00:00,0.0,pumps,MW,nem,NSW1
2017-10-05 05:05:00,0.0,pumps,MW,nem,NSW1
2017-10-05 05:10:00,0.0,pumps,MW,nem,NSW1
2017-10-05 05:15:00,0.0,pumps,MW,nem,NSW1
2017-10-05 05:20:00,0.0,pumps,MW,nem,NSW1
2017-10-05 05:25:00,0.0,pumps,MW,nem,NSW1
2017-10-05 05:30:00,0.0,pumps,MW,nem,NSW1
2017-10-05 05:35:00,0.0,pumps,MW,nem,NSW1
2017-10-05 05:40:00,0.0,pumps,MW,nem,NSW1
2017-10-05 05:45:00,0.0,pumps,MW,nem,NSW1
2017-10-05 05:50:00,0.0,pumps,MW,nem,NSW1
2017-10-05 05:55:00,0.0,pumps,MW,nem,NSW1
2017-10-05 06:00:00,0.0,pumps,MW,nem,NSW1
2017-10-05 06:05:00,0.0,pumps,MW,nem,NSW1
2017-10-05 06:10:00,0.0,pumps,MW,nem,NSW1
2017-10-05 06:15:00,0.0,pumps,MW,nem,NSW1
2017-10-05 06:20:00,0.0,pumps,MW,nem,NSW1
2017-10-05 06:25:00,0.0,pumps,MW,nem,NSW1
2017-10-05 06:30:00,0.0,pumps,MW,nem,NSW1
2017-10-05 06:35:00,0.0,pumps,MW,nem,NSW1
2017-10-05 06:40:00,0.0,pumps,MW,nem,NSW1
2017-10-05 06:45:00,0.0,pumps,MW,nem,NSW1
2017-10-05 06:50:00,0.0,pumps,MW,nem,NSW1
2017-10-05 06:55:00,0.0,pumps,MW,nem,NSW1
2017-10-05 07:00:00,0.0,pumps,MW,nem,NSW1
2017-10-05 07:05:00,0.0,pumps,MW,nem,NSW1
2017-10-05 07:10:00,0.0,pumps,MW,nem,NSW1
2017-10-05 07:15:00,0.0,pumps,MW,nem,NSW1
2017-10-05 07:20:00,0.0,pumps,MW,nem,NSW1
2017-10-05 07:25:00,0.0,pumps,MW,nem,NSW1
2017-10-05 07:30:00,0.0,pumps,MW,nem,NSW1
2017-10-05 07:35:00,0.0,pumps,MW,nem,NSW1
2017-10-05 07:40:00,0.0,pumps,MW,nem,NSW1
2017-10-05 07:45:00,0.0,pumps,MW,nem,NSW1
2017-10-05 07:50:00,0.0,pumps,MW,nem,NSW1
2017-10-05 07:55:00,0.0,pumps,MW,nem,NSW1
2017-10-05 08:00:00,0.0,pumps,MW,nem,NSW1
2017-10-05 08:05:00,0.0,pumps,MW,nem,NSW1
2017-10-05 08:10:00,0.0,pumps,MW,nem,NSW1
2017-10-05 08:15:00,0.0,pumps,MW,nem,NSW1
2017-10-05 08:20:00,0.0,pumps,MW,nem,NSW1
2017-10-05 08:25:00,0.0,pumps,MW,nem,NSW1
2017-10-05 08:30:00,0.0,pumps,MW,nem,NSW1
2017-10-05 08:35:00,0.0,pumps,MW,nem,NSW1
2017-10-05 08:40:00,0.0,pumps,MW,nem,NSW1
2017-10-05 08:45:00,0.0,pumps,MW,nem,NSW1
2017-10-05 08:50:00,0.0,pumps,MW,nem,NSW1
2017-10-05 08:55:00,0.0,pumps,MW,nem,NSW1
2017-10-05 09:00:00,0.0,pumps,MW,nem,NSW1
2017-10-05 09:05:00,0.0,pumps,MW,nem,NSW1
2017-10-05 09:10:00,0.0,pumps,MW,nem,NSW1
2017-10-05 09:15:00,0.0,pumps,MW,nem,NSW1
2017-10-05 09:20:00,0.0,pumps,MW,nem,NSW1
2017-10-05 09:25:00,0.0,pumps,MW,nem,NSW1
2017-10-05 09:30:00,0.0,pumps,MW,nem,NSW1
2017-10-05 09:35:00,0.0,pumps,MW,nem,NSW1
2017-10-05 09:40:00,0.0,pumps,MW,nem,NSW1
2017-10-05 09:45:00,0.0,pumps,MW,nem,NSW1
2017-10-05 09:50:00,0.0,pumps,MW,nem,NSW1
2017-10-05 09:55:00,0.0,pumps,MW,nem,NSW1
2017-10-05 10:00:00,0.0,pumps,MW,nem,NSW1
2017-10-05 10:05:00,0.0,pumps,MW,nem,NSW1
2017-10-05 10:10:00,0.0,pumps,MW,nem,NSW1
2017-10-05 10:15:00,0.0,pumps,MW,nem,NSW1
2017-10-05 10:20:00,0.0,pumps,MW,nem,NSW1
2017-10-05 10:25:00,0.0,pumps,MW,nem,NSW1
2017-10-05 10:30:00,0.0,pumps,MW,nem,NSW1
2017-10-05 10:35:00,0.0,pumps,MW,nem,NSW1
2017-10-05 10:40:00,0.0,pumps,MW,nem,NSW1
2017-10-05 10:45:00,0.0,pumps,MW,nem,NSW1
2017-10-05 10:50:00,0.0,pumps,MW,nem,NSW1
2017-10-05 10:55:00,0.0,pumps,MW,nem,NSW1
2017-10-05 11:00:00,0.0,pumps,MW,nem,NSW1
2017-10-05 11:05:00,0.0,pumps,MW,nem,NSW1
2017-10-05 11:10:00,0.0,pumps,MW,nem,NSW1
2017-10-05 11:15:00,0.0,pumps,MW,nem,NSW1
2017-10-05 11:20:00,0.0,pumps,MW,nem,NSW1
2017-10-05 11:25:00,0.0,pumps,MW,nem,NSW1
2017-10-05 11:30:00,0.0,pumps,MW,nem,NSW1
2017-10-05 11:35:00,0.0,pumps,MW,nem,NSW1
2017-10-05 11:40:00,0.0,pumps,MW,nem,NSW1
2017-10-05 11:45:00,0.0,pumps,MW,nem,NSW1
2017-10-05 11:50:00,0.0,pumps,MW,nem,NSW1
2017-10-05 11:55:00,0.0,pumps,MW,nem,NSW1
2017-10-05 12:00:00,0.0,pumps,MW,nem,NSW1
2017-10-05 12:05:00,0.0,pumps,MW,nem,NSW1
2017-10-05 12:10:00,0.0,pumps,MW,nem,NSW1
2017-10-05 12:15:00,0.0,pumps,MW,nem,NSW1
2017-10-05 12:20:00,0.0,pumps,MW,nem,NSW1
2017-10-05 12:25:00,0.0,pumps,MW,nem,NSW1
2017-10-05 12:30:00,0.0,pumps,MW,nem,NSW1
2017-10-05 12:35:00,0.0,pumps,MW,nem,NSW1
2017-10-05 12:40:00,0.0,pumps,MW,nem,NSW1
2017-10-05 12:45:00,0.0,pumps,MW,nem,NSW1
2017-10-05 12:50:00,0.0,pumps,MW,nem,NSW1
2017-10-05 12:55:00,0.0,pumps,MW,nem,NSW1
2017-10-05 13:00:00,0.0,pumps,MW,nem,NSW1
2017-10-05 13:05:00,0.0,pumps,MW,nem,NSW1
2017-10-05 13:10:00,0.0,pumps,MW,nem,NSW1
2017-10-05 13:15:00,0.0,pumps,MW,nem,NSW1
2017-10-05 13:20:00,0.0,pumps,MW,nem,NSW1
2017-10-05 13:25:00,0.0,pumps,MW,nem,NSW1
2017-10-05 13:30:00,0.0,pumps,MW,nem,NSW1
2017-10-05 13:35:00,0.0,pumps,MW,nem,NSW1
2017-10-05 13:40:00,0.0,pumps,MW,nem,NSW1
2017-10-05 13:45:00,0.0,pumps,MW,nem,NSW1
2017-10-05 13:50:00,0.0,pumps,MW,nem,NSW1
2017-10-05 13:55:00,0.0,pumps,MW,nem,NSW1
2017-10-05 14:00:00,0.0,pumps,MW,nem,NSW1
2017-10-05 14:05:00,0.0,pumps,MW,nem,NSW1
2017-10-05 14:10:00,0.0,pumps,MW,nem,NSW1
2017-10-05 14:15:00,0.0,pumps,MW,nem,NSW1
2017-10-05 14:20:00,0.0,pumps,MW,nem,NSW1
2017-10-05 14:25:00,0.0,pumps,MW,nem,NSW1
2017-10-05 14:30:00,0.0,pumps,MW,nem,NSW1
2017-10-05 14:35:00,0.0,pumps,MW,nem,NSW1
2017-10-05 14:40:00,0.0,pumps,MW,nem,NSW1
2017-10-05 14:45:00,0.0,pumps,MW,nem,NSW1
2017-10-05 14:50:00,0.0,pumps,MW,nem,NSW1
2017-10-05 14:55:00,0.0,pumps,MW,nem,NSW1
2017-10-05 15:00:00,0.0,pumps,MW,nem,NSW1
2017-10-05 15:05:00,0.0,pumps,MW,nem,NSW1
2017-10-05 15:10:00,0.0,pumps,MW,nem,NSW1
2017-10-05 15:15:00,0.0,pumps,MW,nem,NSW1
2017-10-05 15:20:00,0.0,pumps,MW,nem,NSW1
2017-10-05 15:25:00,0.0,pumps,MW,nem,NSW1
2017-10-05 15:30:00,0.0,pumps,MW,nem,NSW1
2017-10-05 15:35:00,0.0,pumps,MW,nem,NSW1
2017-10-05 15:40:00,0.0,pumps,MW,nem,NSW1
2017-10-05 15:45:00,0.0,pumps,MW,nem,NSW1
2017-10-05 15:50:00,0.0,pumps,MW,nem,NSW1
2017-10-05 15:55:00,0.0,pumps,MW,nem,NSW1
2017-10-05 16:00:00,0.0,pumps,MW,nem,NSW1
2017-10-05 16:05:00,0.0,pumps,MW,nem,NSW1
2017-10-05 16:10:00,0.0,pumps,MW,nem,NSW1
2017-10-05 16:15:00,0.0,pumps,MW,nem,NSW1
2017-10-05 16:20:00,0.0,pumps,MW,nem,NSW1
2017-10-05 16:25:00,0.0,pumps,MW,nem,NSW1
2017-10-05 16:30:00,0.0,pumps,MW,nem,NSW1
2017-10-05 16:35:00,0.0,pumps,MW,nem,NSW1
2017-10-05 16:40:00,0.0,pumps,MW,nem,NSW1
2017-10-05 16:45:00,0.0,pumps,MW,nem,NSW1
2017-10-05 16:50:00,0.0,pumps,MW,nem,NSW1
2017-10-05 16:55:00,0.0,pumps,MW,nem,NSW1
2017-10-05 17:00:00,0.0,pumps,MW,nem,NSW1
2017-10-05 17:05:00,0.0,pumps,MW,nem,NSW1
2017-10-05 17:10:00,0.0,pumps,MW,nem,NSW1
2017-10-05 17:15:00,0.0,pumps,MW,nem,NSW1
2017-10-05 17:20:00,0.0,pumps,MW,nem,NSW1
2017-10-05 17:25:00,0.0,pumps,MW,nem,NSW1
2017-10-05 17:30:00,0.0,pumps,MW,nem,NSW1
2017-10-05 17:35:00,0.0,pumps,MW,nem,NSW1
2017-10-05 17:40:00,0.0,pumps,MW,nem,NSW1
2017-10-05 17:45:00,0.0,pumps,MW,nem,NSW1
2017-10-05 17:50:00,0.0,pumps,MW,nem,NSW1
2017-10-05 17:55:00,0.0,pumps,MW,nem,NSW1
2017-10-05 18:00:00,0.0,pumps,MW,nem,NSW1
2017-10-05 18:05:00,0.0,pumps,MW,nem,NSW1
2017-10-05 18:10:00,0.0,pumps,MW,nem,NSW1
2017-10-05 18:15:00,0.0,pumps,MW,nem,NSW1
2017-10-05 18:20:00,0.0,pumps,MW,nem,NSW1
2017-10-05 18:25:00,0.0,pumps,MW,nem,NSW1
2017-10-05 18:30:00,0.0,pumps,MW,nem,NSW1
2017-10-05 18:35:00,0.0,pumps,MW,nem,NSW1
2017-10-05 18:40:00,0.0,pumps,MW,nem,NSW1
2017-10-05 18:45:00,0.0,pumps,MW,nem,NSW1
2017-10-05 18:50:00,0.0,pumps,MW,nem,NSW1
2017-10-05 18:55:00,0.0,pumps,MW,nem,NSW1
2017-10-05 19:00:00,0.0,pumps,MW,nem,NSW1
2017-10-05 19:05:00,0.0,pumps,MW,nem,NSW1
2017-10-05 19:10:00,0.0,pumps,MW,nem,NSW1
2017-10-05 19:15:00,0.0,pumps,MW,nem,NSW1
2017-10-05 19:20:00,0.0,pumps,MW,nem,NSW1
2017-10-05 19:25:00,0.0,pumps,MW,nem,NSW1
2017-10-05 19:30:00,0.0,pumps,MW,nem,NSW1
2017-10-05 19:35:00,0.0,pumps,MW,nem,NSW1
2017-10-05 19:40:00,0.0,pumps,MW,nem,NSW1
2017-10-05 19:45:00,0.0,pumps,MW,nem,NSW1
2017-10-05 19:50:00,0.0,pumps,MW,nem,NSW1
2017-10-05 19:55:00,0.0,pumps,MW,nem,NSW1
2017-10-05 20:00:00,0.0,pumps,MW,nem,NSW1
2017-10-05 20:05:00,0.0,pumps,MW,nem,NSW1
2017-10-05 20:10:00,0.0,pumps,MW,nem,NSW1
2017-10-05 20:15:00,0.0,pumps,MW,nem,NSW1
2017-10-05 20:20:00,0.0,pumps,MW,nem,NSW1
2017-10-05 20:25:00,0.0,pumps,MW,nem,NSW1
2017-10-05 20:30:00,0.0,pumps,MW,nem,NSW1
2017-10-05 20:35:00,0.0,pumps,MW,nem,NSW1
2017-10-05 20:40:00,0.0,pumps,MW,nem,NSW1
2017-10-05 20:45:00,0.0,pumps,MW,nem,NSW1
2017-10-05 20:50:00,0.0,pumps,MW,nem,NSW1
2017-10-05 20:55:00,0.0,pumps,MW,nem,NSW1
2017-10-05 21:00:00,0.0,pumps,MW,nem,NSW1
2017-10-05 21:05:00,0.0,pumps,MW,nem,NSW1
2017-10-05 21:10:00,0.0,pumps,MW,nem,NSW1
2017-10-05 21:15:00,0.0,pumps,MW,nem,NSW1
2017-10-05 21:20:00,0.0,pumps,MW,nem,NSW1
2017-10-05 21:25:00,0.0,pumps,MW,nem,NSW1
2017-10-05 21:30:00,0.0,pumps,MW,nem,NSW1
2017-10-05 21:35:00,0.0,pumps,MW,nem,NSW1
2017-10-05 21:40:00,0.0,pumps,MW,nem,NSW1
2017-10-05 21:45:00,0.0,pumps,MW,nem,NSW1
2017-10-05 21:50:00,0.0,pumps,MW,nem,NSW1
2017-10-05 21:55:00,0.0,pumps,MW,nem,NSW1
2017-10-05 22:00:00,0.0,pumps,MW,nem,NSW1
2017-10-05 22:05:00,0.0,pumps,MW,nem,NSW1
2017-10-05 22:10:00,0.0,pumps,MW,nem,NSW1
2017-10-05 22:15:00,0.0,pumps,MW,nem,NSW1
2017-10-05 22:20:00,0.0,pumps,MW,nem,NSW1
2017-10-05 22:25:00,0.0,pumps,MW,nem,NSW1
2017-10-05 22:30:00,0.0,pumps,MW,nem,NSW1
2017-10-05 22:35:00,0.0,pumps,MW,nem,NSW1
2017-10-05 22:40:00,0.0,pumps,MW,nem,NSW1
2017-10-05 22:45:00,0.0,pumps,MW,nem,NSW1
2017-10-05 22:50:00,0.0,pumps,MW,nem,NSW1
2017-10-05 22:55:00,0.0,pumps,MW,nem,NSW1
2017-10-05 23:00:00,0.0,pumps,MW,nem,NSW1
2017-10-05 23:05:00,0.0,pumps,MW,nem,NSW1
2017-10-05 23:10:00,0.0,pumps,MW,nem,NSW1
2017-10-05 23:15:00,0.0,pumps,MW,nem,NSW1
2017-10-05 23:20:00,0.0,pumps,MW,nem,NSW1
2017-10-05 23:25:00,0.0,pumps,MW,nem,NSW1
2017-10-05 23:30:00,0.0,pumps,MW,nem,NSW1
2017-10-05 23:35:00,0.0,pumps,MW,nem,NSW1
2017-10-05 23:40:00,0.0,pumps,MW,nem,NSW1
2017-10-05 23:45:00,0.0,pumps,MW,nem,NSW1
2017-10-05 23:50:00,0.0,pumps,MW,nem,NSW1
2017-10-05 23:55:00,0.0,pumps,MW,nem,NSW1
2017-10-06 00:00:00,0.0,pumps,MW,nem,NSW1
2017-10-06 00:05:00,0.0,pumps,MW,nem,NSW1
2017-10-06 00:10:00,0.0,pumps,MW,nem,NSW1
2017-10-06 00:15:00,0.0,pumps,MW,nem,NSW1
2017-10-06 00:20:00,0.0,pumps,MW,nem,NSW1
2017-10-06 00:25:00,0.0,pumps,MW,nem,NSW1
2017-10-06 00:30:00,0.0,pumps,MW,nem,NSW1
2017-10-06 00:35:00,0.0,pumps,MW,nem,NSW1
2017-10-06 00:40:00,0.0,pumps,MW,nem,NSW1
2017-10-06 00:45:00,0.0,pumps,MW,nem,NSW1
2017-10-06 00:50:00,0.0,pumps,MW,nem,NSW1
2017-10-06 00:55:00,0.0,pumps,MW,nem,NSW1
2017-10-06 01:00:00,0.0,pumps,MW,nem,NSW1
2017-10-06 01:05:00,0.0,pumps,MW,nem,NSW1
2017-10-06 01:10:00,0.0,pumps,MW,nem,NSW1
2017-10-06 01:15:00,0.0,pumps,MW,nem,NSW1
2017-10-06 01:20:00,0.0,pumps,MW,nem,NSW1
2017-10-06 01:25:00,0.0,pumps,MW,nem,NSW1
2017-10-06 01:30:00,0.0,pumps,MW,nem,NSW1
2017-10-06 01:35:00,0.0,pumps,MW,nem,NSW1
2017-10-06 01:40:00,0.0,pumps,MW,nem,NSW1
2017-10-06 01:45:00,0.0,pumps,MW,nem,NSW1
2017-10-06 01:50:00,0.0,pumps,MW,nem,NSW1
2017-10-06 01:55:00,0.0,pumps,MW,nem,NSW1
2017-10-06 02:00:00,0.0,pumps,MW,nem,NSW1
2017-10-06 02:05:00,0.0,pumps,MW,nem,NSW1
2017-10-06 02:10:00,0.0,pumps,MW,nem,NSW1
2017-10-06 02:15:00,0.0,pumps,MW,nem,NSW1
2017-10-06 02:20:00,0.0,pumps,MW,nem,NSW1
2017-10-06 02:25:00,0.0,pumps,MW,nem,NSW1
2017-10-06 02:30:00,0.0,pumps,MW,nem,NSW1
2017-10-06 02:35:00,0.0,pumps,MW,nem,NSW1
2017-10-06 02:40:00,0.0,pumps,MW,nem,NSW1
2017-10-06 02:45:00,0.0,pumps,MW,nem,NSW1
2017-10-06 02:50:00,0.0,pumps,MW,nem,NSW1
2017-10-06 02:55:00,0.0,pumps,MW,nem,NSW1
2017-10-06 03:00:00,0.0,pumps,MW,nem,NSW1
2017-10-06 03:05:00,0.0,pumps,MW,nem,NSW1
2017-10-06 03:10:00,0.0,pumps,MW,nem,NSW1
2017-10-06 03:15:00,0.0,pumps,MW,nem,NSW1
2017-10-06 03:20:00,0.0,pumps,MW,nem,NSW1
2017-10-06 03:25:00,0.0,pumps,MW,nem,NSW1
2017-10-06 03:30:00,0.0,pumps,MW,nem,NSW1
2017-10-06 03:35:00,0.0,pumps,MW,nem,NSW1
2017-10-06 03:40:00,0.0,pumps,MW,nem,NSW1
2017-10-06 03:45:00,0.0,pumps,MW,nem,NSW1
2017-10-06 03:50:00,0.0,pumps,MW,nem,NSW1
2017-10-06 03:55:00,0.0,pumps,MW,nem,NSW1
2017-10-06 04:00:00,0.0,pumps,MW,nem,NSW1
2017-10-06 04:05:00,0.0,pumps,MW,nem,NSW1
2017-10-06 04:10:00,0.0,pumps,MW,nem,NSW1
2017-10-06 04:15:00,0.0,pumps,MW,nem,NSW1
2017-10-06 04:20:00,0.0,pumps,MW,nem,NSW1
2017-10-06 04:25:00,0.0,pumps,MW,nem,NSW1
2017-10-06 04:30:00,0.0,pumps,MW,nem,NSW1
2017-10-06 04:35:00,0.0,pumps,MW,nem,NSW1
2017-10-06 04:40:00,0.0,pumps,MW,nem,NSW1
2017-10-06 04:45:00,0.0,pumps,MW,nem,NSW1
2017-10-06 04:50:00,0.0,pumps,MW,nem,NSW1
2017-10-06 04:55:00,0.0,pumps,MW,nem,NSW1
2017-10-06 05:00:00,0.0,pumps,MW,nem,NSW1
2017-10-06 05:05:00,0.0,pumps,MW,nem,NSW1
2017-10-06 05:10:00,0.0,pumps,MW,nem,NSW1
2017-10-06 05:15:00,0.0,pumps,MW,nem,NSW1
2017-10-06 05:20:00,0.0,pumps,MW,nem,NSW1
2017-10-06 05:25:00,0.0,pumps,MW,nem,NSW1
2017-10-06 05:30:00,0.0,pumps,MW,nem,NSW1
2017-10-06 05:35:00,0.0,pumps,MW,nem,NSW1
2017-10-06 05:40:00,0.0,pumps,MW,nem,NSW1
2017-10-06 05:45:00,0.0,pumps,MW,nem,NSW1
2017-10-06 05:50:00,0.0,pumps,MW,nem,NSW1
2017-10-06 05:55:00,0.0,pumps,MW,nem,NSW1
2017-10-06 06:00:00,0.0,pumps,MW,nem,NSW1
2017-10-06 06:05:00,0.0,pumps,MW,nem,NSW1
2017-10-06 06:10:00,0.0,pumps,MW,nem,NSW1
2017-10-06 06:15:00,0.0,pumps,MW,nem,NSW1
2017-10-06 06:20:00,0.0,pumps,MW,nem,NSW1
2017-10-06 06:25:00,0.0,pumps,MW,nem,NSW1
2017-10-06 06:30:00,0.0,pumps,MW,nem,NSW1
2017-10-06 06:35:00,0.0,pumps,MW,nem,NSW1
2017-10-06 06:40:00,0.0,pumps,MW,nem,NSW1
2017-10-06 06:45:00,0.0,pumps,MW,nem,NSW1
2017-10-06 06:50:00,0.0,pumps,MW,nem,NSW1
2017-10-06 06:55:00,0.0,pumps,MW,nem,NSW1
2017-10-06 07:00:00,0.0,pumps,MW,nem,NSW1
2017-10-06 07:05:00,0.0,pumps,MW,nem,NSW1
2017-10-06 07:10:00,0.0,pumps,MW,nem,NSW1
2017-10-06 07:15:00,0.0,pumps,MW,nem,NSW1
2017-10-06 07:20:00,0.0,pumps,MW,nem,NSW1
2017-10-06 07:25:00,0.0,pumps,MW,nem,NSW1
2017-10-06 07:30:00,0.0,pumps,MW,nem,NSW1
2017-10-06 07:35:00,0.0,pumps,MW,nem,NSW1
2017-10-06 07:40:00,0.0,pumps,MW,nem,NSW1
2017-10-06 07:45:00,0.0,pumps,MW,nem,NSW1
2017-10-06 07:50:00,0.0,pumps,MW,nem,NSW1
2017-10-06 07:55:00,0.0,pumps,MW,nem,NSW1
2017-10-06 08:00:00,0.0,pumps,MW,nem,NSW1
2017-10-06 08:05:00,0.0,pumps,MW,nem,NSW1
2017-10-06 08:10:00,0.0,pumps,MW,nem,NSW1
2017-10-06 08:15:00,0.0,pumps,MW,nem,NSW1
2017-10-06 08:20:00,0.0,pumps,MW,nem,NSW1
2017-10-06 08:25:00,0.0,pumps,MW,nem,NSW1
2017-10-06 08:30:00,0.0,pumps,MW,nem,NSW1
2017-10-06 08:35:00,0.0,pumps,MW,nem,NSW1
2017-10-06 08:40:00,0.0,pumps,MW,nem,NSW1
2017-10-06 08:45:00,0.0,pumps,MW,nem,NSW1
2017-10-06 08:50:00,0.0,pumps,MW,nem,NSW1
2017-10-06 08:55:00,0.0,pumps,MW,nem,NSW1
2017-10-06 09:00:00,0.0,pumps,MW,nem,NSW1
2017-10-06 09:05:00,0.0,pumps,MW,nem,NSW1
2017-10-06 09:10:00,0.0,pumps,MW,nem,NSW1
2017-10-06 09:15:00,0.0,pumps,MW,nem,NSW1
2017-10-06 09:20:00,0.0,pumps,MW,nem,NSW1
2017-10-06 09:25:00,0.0,pumps,MW,nem,NSW1
2017-10-06 09:30:00,0.0,pumps,MW,nem,NSW1
2017-10-06 09:35:00,0.0,pumps,MW,nem,NSW1
2017-10-06 09:40:00,0.0,pumps,MW,nem,NSW1
2017-10-06 09:45:00,0.0,pumps,MW,nem,NSW1
2017-10-06 09:50:00,0.0,pumps,MW,nem,NSW1
2017-10-06 09:55:00,0.0,pumps,MW,nem,NSW1
2017-10-06 10:00:00,0.0,pumps,MW,nem,NSW1
2017-10-06 10:05:00,0.0,pumps,MW,nem,NSW1
2017-10-06 10:10:00,0.0,pumps,MW,nem,NSW1
2017-10-06 10:15:00,0.0,pumps,MW,nem,NSW1
2017-10-06 10:20:00,0.0,pumps,MW,nem,NSW1
2017-10-06 10:25:00,0.0,pumps,MW,nem,NSW1
2017-10-06 10:30:00,0.0,pumps,MW,nem,NSW1
2017-10-06 10:35:00,0.0,pumps,MW,nem,NSW1
2017-10-06 10:40:00,0.0,pumps,MW,nem,NSW1
2017-10-06 10:45:00,0.0,pumps,MW,nem,NSW1
2017-10-06 10:50:00,0.0,pumps,MW,nem,NSW1
2017-10-06 10:55:00,0.0,pumps,MW,nem,NSW1
2017-10-06 11:00:00,0.0,pumps,MW,nem,NSW1
2017-10-06 11:05:00,0.0,pumps,MW,nem,NSW1
2017-10-06 11:10:00,0.0,pumps,MW,nem,NSW1
2017-10-06 11:15:00,0.0,pumps,MW,nem,NSW1
2017-10-06 11:20:00,0.0,pumps,MW,nem,NSW1
2017-10-06 11:25:00,0.0,pumps,MW,nem,NSW1
2017-10-06 11:30:00,0.0,pumps,MW,nem,NSW1
2017-10-06 11:35:00,0.0,pumps,MW,nem,NSW1
2017-10-06 11:40:00,0.0,pumps,MW,nem,NSW1
2017-10-06 11:45:00,0.0,pumps,MW,nem,NSW1
2017-10-06 11:50:00,0.0,pumps,MW,nem,NSW1
2017-10-06 11:55:00,0.0,pumps,MW,nem,NSW1
2017-10-06 12:00:00,0.0,pumps,MW,nem,NSW1
2017-10-06 12:05:00,0.0,pumps,MW,nem,NSW1
2017-10-06 12:10:00,0.0,pumps,MW,nem,NSW1
2017-10-06 12:15:00,0.0,pumps,MW,nem,NSW1
2017-10-06 12:20:00,0.0,pumps,MW,nem,NSW1
2017-10-06 12:25:00,0.0,pumps,MW,nem,NSW1
2017-10-06 12:30:00,0.0,pumps,MW,nem,NSW1
2017-10-06 12:35:00,0.0,pumps,MW,nem,NSW1
2017-10-06 12:40:00,0.0,pumps,MW,nem,NSW1
2017-10-06 12:45:00,0.0,pumps,MW,nem,NSW1
2017-10-06 12:50:00,0.0,pumps,MW,nem,NSW1
2017-10-06 12:55:00,0.0,pumps,MW,nem,NSW1
2017-10-06 13:00:00,0.0,pumps,MW,nem,NSW1
2017-10-06 13:05:00,0.0,pumps,MW,nem,NSW1
2017-10-06 13:10:00,0.0,pumps,MW,nem,NSW1
2017-10-06 13:15:00,0.0,pumps,MW,nem,NSW1
2017-10-06 13:20:00,0.0,pumps,MW,nem,NSW1
2017-10-06 13:25:00,0.0,pumps,MW,nem,NSW1
2017-10-06 13:30:00,0.0,pumps,MW,nem,NSW1
2017-10-06 13:35:00,0.0,pumps,MW,nem,NSW1
2017-10-06 13:40:00,0.0,pumps,MW,nem,NSW1
2017-10-06 13:45:00,0.0,pumps,MW,nem,NSW1
2017-10-06 13:50:00,0.0,pumps,MW,nem,NSW1
2017-10-06 13:55:00,0.0,pumps,MW,nem,NSW1
2017-10-06 14:00:00,0.0,pumps,MW,nem,NSW1
2017-10-06 14:05:00,0.0,pumps,MW,nem,NSW1
2017-10-06 14:10:00,0.0,pumps,MW,nem,NSW1
2017-10-06 14:15:00,0.0,pumps,MW,nem,NSW1
2017-10-06 14:20:00,0.0,pumps,MW,nem,NSW1
2017-10-06 14:25:00,0.0,pumps,MW,nem,NSW1
2017-10-06 14:30:00,0.0,pumps,MW,nem,NSW1
2017-10-06 14:35:00,0.0,pumps,MW,nem,NSW1
2017-10-06 14:40:00,0.0,pumps,MW,nem,NSW1
2017-10-06 14:45:00,0.0,pumps,MW,nem,NSW1
2017-10-06 14:50:00,0.0,pumps,MW,nem,NSW1
2017-10-06 14:55:00,0.0,pumps,MW,nem,NSW1
2017-10-06 15:00:00,0.0,pumps,MW,nem,NSW1
2017-10-06 15:05:00,0.0,pumps,MW,nem,NSW1
2017-10-06 15:10:00,0.0,pumps,MW,nem,NSW1
2017-10-06 15:15:00,0.0,pumps,MW,nem,NSW1
2017-10-06 15:20:00,0.0,pumps,MW,nem,NSW1
2017-10-06 15:25:00,0.0,pumps,MW,nem,NSW1
2017-10-06 15:30:00,0.0,pumps,MW,nem,NSW1
2017-10-06 15:35:00,0.0,pumps,MW,nem,NSW1
2017-10-06 15:40:00,0.0,pumps,MW,nem,NSW1
2017-10-06 15:45:00,0.0,pumps,MW,nem,NSW1
2017-10-06 15:50:00,0.0,pumps,MW,nem,NSW1
2017-10-06 15:55:00,0.0,pumps,MW,nem,NSW1
2017-10-06 16:00:00,0.0,pumps,MW,nem,NSW1
2017-10-06 16:05:00,0.0,pumps,MW,nem,NSW1
2017-10-06 16:10:00,0.0,pumps,MW,nem,NSW1
2017-10-06 16:15:00,0.0,pumps,MW,nem,NSW1
2017-10-06 16:20:00,0.0,pumps,MW,nem,NSW1
2017-10-06 16:25:00,0.0,pumps,MW,nem,NSW1
2017-10-06 16:30:00,0.0,pumps,MW,nem,NSW1
2017-10-06 16:35:00,0.0,pumps,MW,nem,NSW1
2017-10-06 16:40:00,0.0,pumps,MW,nem,NSW1
2017-10-06 16:45:00,0.0,pumps,MW,nem,NSW1
2017-10-06 16:50:00,0.0,pumps,MW,nem,NSW1
2017-10-06 16:55:00,0.0,pumps,MW,nem,NSW1
2017-10-06 17:00:00,0.0,pumps,MW,nem,NSW1
2017-10-06 17:05:00,0.0,pumps,MW,nem,NSW1
2017-10-06 17:10:00,0.0,pumps,MW,nem,NSW1
2017-10-06 17:15:00,0.0,pumps,MW,nem,NSW1
2017-10-06 17:20:00,0.0,pumps,MW,nem,NSW1
2017-10-06 17:25:00,0.0,pumps,MW,nem,NSW1
2017-10-06 17:30:00,0.0,pumps,MW,nem,NSW1
2017-10-06 17:35:00,0.0,pumps,MW,nem,NSW1
2017-10-06 17:40:00,0.0,pumps,MW,nem,NSW1
2017-10-06 17:45:00,0.0,pumps,MW,nem,NSW1
2017-10-06 17:50:00,0.0,pumps,MW,nem,NSW1
2017-10-06 17:55:00,0.0,pumps,MW,nem,NSW1
2017-10-06 18:00:00,0.0,pumps,MW,nem,NSW1
2017-10-06 18:05:00,0.0,pumps,MW,nem,NSW1
2017-10-06 18:10:00,0.0,pumps,MW,nem,NSW1
2017-10-06 18:15:00,0.0,pumps,MW,nem,NSW1
2017-10-06 18:20:00,0.0,pumps,MW,nem,NSW1
2017-10-06 18:25:00,0.0,pumps,MW,nem,NSW1
2017-10-06 18:30:00,0.0,pumps,MW,nem,NSW1
2017-10-06 18:35:00,0.0,pumps,MW,nem,NSW1
2017-10-06 18:40:00,0.0,pumps,MW,nem,NSW1
2017-10-06 18:45:00,0.0,pumps,MW,nem,NSW1
2017-10-06 18:50:00,0.0,pumps,MW,nem,NSW1
2017-10-06 18:55:00,0.0,pumps,MW,nem,NSW1
2017-10-06 19:00:00,0.0,pumps,MW,nem,NSW1
2017-10-06 19:05:00,0.0,pumps,MW,nem,NSW1
2017-10-06 19:10:00,0.0,pumps,MW,nem,NSW1
2017-10-06 19:15:00,0.0,pumps,MW,nem,NSW1
2017-10-06 19:20:00,0.0,pumps,MW,nem,NSW1
2017-10-06 19:25:00,0.0,pumps,MW,nem,NSW1
2017-10-06 19:30:00,0.0,pumps,MW,nem,NSW1
2017-10-06 19:35:00,0.0,pumps,MW,nem,NSW1
2017-10-06 19:40:00,0.0,pumps,MW,nem,NSW1
2017-10-06 19:45:00,0.0,pumps,MW,nem,NSW1
2017-10-06 19:50:00,0.0,pumps,MW,nem,NSW1
2017-10-06 19:55:00,0.0,pumps,MW,nem,NSW1
2017-10-06 20:00:00,0.0,pumps,MW,nem,NSW1
2017-10-06 20:05:00,0.0,pumps,MW,nem,NSW1
2017-10-06 20:10:00,0.0,pumps,MW,nem,NSW1
2017-10-06 20:15:00,0.0,pumps,MW,nem,NSW1
2017-10-06 20:20:00,0.0,pumps,MW,nem,NSW1
2017-10-06 20:25:00,0.0,pumps,MW,nem,NSW1
2017-10-06 20:30:00,0.0,pumps,MW,nem,NSW1
2017-10-06 20:35:00,0.0,pumps,MW,nem,NSW1
2017-10-06 20:40:00,0.0,pumps,MW,nem,NSW1
2017-10-06 20:45:00,0.0,pumps,MW,nem,NSW1
2017-10-06 20:50:00,0.0,pumps,MW,nem,NSW1
2017-10-06 20:55:00,0.0,pumps,MW,nem,NSW1
2017-10-06 21:00:00,0.0,pumps,MW,nem,NSW1
2017-10-06 21:05:00,0.0,pumps,MW,nem,NSW1
2017-10-06 21:10:00,0.0,pumps,MW,nem,NSW1
2017-10-06 21:15:00,0.0,pumps,MW,nem,NSW1
2017-10-06 21:20:00,0.0,pumps,MW,nem,NSW1
2017-10-06 21:25:00,0.0,pumps,MW,nem,NSW1
2017-10-06 21:30:00,0.0,pumps,MW,nem,NSW1
2017-10-06 21:35:00,0.0,pumps,MW,nem,NSW1
2017-10-06 21:40:00,0.0,pumps,MW,nem,NSW1
2017-10-06 21:45:00,0.0,pumps,MW,nem,NSW1
2017-10-06 21:50:00,0.0,pumps,MW,nem,NSW1
2017-10-06 21:55:00,0.0,pumps,MW,nem,NSW1
2017-10-06 22:00:00,0.0,pumps,MW,nem,NSW1
2017-10-06 22:05:00,0.0,pumps,MW,nem,NSW1
2017-10-06 22:10:00,0.0,pumps,MW,nem,NSW1
2017-10-06 22:15:00,0.0,pumps,MW,nem,NSW1
2017-10-06 22:20:00,0.0,pumps,MW,nem,NSW1
2017-10-06 22:25:00,0.0,pumps,MW,nem,NSW1
2017-10-06 22:30:00,0.0,pumps,MW,nem,NSW1
2017-10-06 22:35:00,0.0,pumps,MW,nem,NSW1
2017-10-06 22:40:00,0.0,pumps,MW,nem,NSW1
2017-10-06 22:45:00,0.0,pumps,MW,nem,NSW1
2017-10-06 22:50:00,0.0,pumps,MW,nem,NSW1
2017-10-06 22:55:00,0.0,pumps,MW,nem,NSW1
2017-10-06 23:00:00,0.0,pumps,MW,nem,NSW1
2017-10-06 23:05:00,0.0,pumps,MW,nem,NSW1
2017-10-06 23:10:00,0.0,pumps,MW,nem,NSW1
2017-10-06 23:15:00,0.0,pumps,MW,nem,NSW1
2017-10-06 23:20:00,0.0,pumps,MW,nem,NSW1
2017-10-06 23:25:00,0.0,pumps,MW,nem,NSW1
2017-10-06 23:30:00,0.0,pumps,MW,nem,NSW1
2017-10-06 23:35:00,0.0,pumps,MW,nem,NSW1
2017-10-06 23:40:00,0.0,pumps,MW,nem,NSW1
2017-10-06 23:45:00,0.0,pumps,MW,nem,NSW1
2017-10-06 23:50:00,0.0,pumps,MW,nem,NSW1
2017-10-06 23:55:00,0.0,pumps,MW,nem,NSW1
2017-10-07 00:00:00,0.0,pumps,MW,nem,NSW1
2017-10-07 00:05:00,0.0,pumps,MW,nem,NSW1
2017-10-07 00:10:00,0.0,pumps,MW,nem,NSW1
2017-10-07 00:15:00,0.0,pumps,MW,nem,NSW1
2017-10-07 00:20:00,0.0,pumps,MW,nem,NSW1
2017-10-07 00:25:00,0.0,pumps,MW,nem,NSW1
2017-10-07 00:30:00,0.0,pumps,MW,nem,NSW1
2017-10-07 00:35:00,0.0,pumps,MW,nem,NSW1
2017-10-07 00:40:00,0.0,pumps,MW,nem,NSW1
2017-10-07 00:45:00,0.0,pumps,MW,nem,NSW1
2017-10-07 00:50:00,0.0,pumps,MW,nem,NSW1
2017-10-07 00:55:00,0.0,pumps,MW,nem,NSW1
2017-10-07 01:00:00,0.0,pumps,MW,nem,NSW1
2017-10-07 01:05:00,0.0,pumps,MW,nem,NSW1
2017-10-07 01:10:00,0.0,pumps,MW,nem,NSW1
2017-10-07 01:15:00,0.0,pumps,MW,nem,NSW1
2017-10-07 01:20:00,0.0,pumps,MW,nem,NSW1
2017-10-07 01:25:00,0.0,pumps,MW,nem,NSW1
2017-10-07 01:30:00,0.0,pumps,MW,nem,NSW1
2017-10-07 01:35:00,0.0,pumps,MW,nem,NSW1
2017-10-07 01:40:00,0.0,pumps,MW,nem,NSW1
2017-10-07 01:45:00,0.0,pumps,MW,nem,NSW1
2017-10-07 01:50:00,0.0,pumps,MW,nem,NSW1
2017-10-07 01:55:00,0.0,pumps,MW,nem,NSW1
2017-10-07 02:00:00,0.0,pumps,MW,nem,NSW1
2017-10-07 02:05:00,0.0,pumps,MW,nem,NSW1
2017-10-07 02:10:00,0.0,pumps,MW,nem,NSW1
2017-10-07 02:15:00,0.0,pumps,MW,nem,NSW1
2017-10-07 02:20:00,0.0,pumps,MW,nem,NSW1
2017-10-07 02:25:00,0.0,pumps,MW,nem,NSW1
2017-10-07 02:30:00,0.0,pumps,MW,nem,NSW1
2017-10-07 02:35:00,0.0,pumps,MW,nem,NSW1
2017-10-07 02:40:00,0.0,pumps,MW,nem,NSW1
2017-10-07 02:45:00,0.0,pumps,MW,nem,NSW1
2017-10-07 02:50:00,0.0,pumps,MW,nem,NSW1
2017-10-07 02:55:00,0.0,pumps,MW,nem,NSW1
2017-10-07 03:00:00,0.0,pumps,MW,nem,NSW1
2017-10-07 03:05:00,0.0,pumps,MW,nem,NSW1
2017-10-07 03:10:00,0.0,pumps,MW,nem,NSW1
2017-10-07 03:15:00,0.0,pumps,MW,nem,NSW1
2017-10-07 03:20:00,0.0,pumps,MW,nem,NSW1
2017-10-07 03:25:00,0.0,pumps,MW,nem,NSW1
2017-10-07 03:30:00,0.0,pumps,MW,nem,NSW1
2017-10-07 03:35:00,0.0,pumps,MW,nem,NSW1
2017-10-07 03:40:00,0.0,pumps,MW,nem,NSW1
2017-10-07 03:45:00,0.0,pumps,MW,nem,NSW1
2017-10-07 03:50:00,0.0,pumps,MW,nem,NSW1
2017-10-07 03:55:00,0.0,pumps,MW,nem,NSW1
2017-10-07 04:00:00,0.0,pumps,MW,nem,NSW1
2017-10-07 04:05:00,0.0,pumps,MW,nem,NSW1
2017-10-07 04:10:00,0.0,pumps,MW,nem,NSW1
2017-10-07 04:15:00,0.0,pumps,MW,nem,NSW1
2017-10-07 04:20:00,0.0,pumps,MW,nem,NSW1
2017-10-07 04:25:00,0.0,pumps,MW,nem,NSW1
2017-10-07 04:30:00,0.0,pumps,MW,nem,NSW1
2017-10-07 04:35:00,0.0,pumps,MW,nem,NSW1
2017-10-07 04:40:00,0.0,pumps,MW,nem,NSW1
2017-10-07 04:45:00,0.0,pumps,MW,nem,NSW1
2017-10-07 04:50:00,0.0,pumps,MW,nem,NSW1
2017-10-07 04:55:00,0.0,pumps,MW,nem,NSW1
2017-10-07 05:00:00,0.0,pumps,MW,nem,NSW1
2017-10-07 05:05:00,0.0,pumps,MW,nem,NSW1
2017-10-07 05:10:00,0.0,pumps,MW,nem,NSW1
2017-10-07 05:15:00,0.0,pumps,MW,nem,NSW1
2017-10-07 05:20:00,0.0,pumps,MW,nem,NSW1
2017-10-07 05:25:00,0.0,pumps,MW,nem,NSW1
2017-10-07 05:30:00,0.0,pumps,MW,nem,NSW1
2017-10-07 05:35:00,0.0,pumps,MW,nem,NSW1
2017-10-07 05:40:00,0.0,pumps,MW,nem,NSW1
2017-10-07 05:45:00,0.0,pumps,MW,nem,NSW1
2017-10-07 05:50:00,0.0,pumps,MW,nem,NSW1
2017-10-07 05:55:00,0.0,pumps,MW,nem,NSW1
2017-10-07 06:00:00,0.0,pumps,MW,nem,NSW1
2017-10-07 06:05:00,0.0,pumps,MW,nem,NSW1
2017-10-07 06:10:00,0.0,pumps,MW,nem,NSW1
2017-10-07 06:15:00,0.0,pumps,MW,nem,NSW1
2017-10-07 06:20:00,0.0,pumps,MW,nem,NSW1
2017-10-07 06:25:00,0.0,pumps,MW,nem,NSW1
2017-10-07 06:30:00,0.0,pumps,MW,nem,NSW1
2017-10-07 06:35:00,0.0,pumps,MW,nem,NSW1
2017-10-07 06:40:00,0.0,pumps,MW,nem,NSW1
2017-10-07 06:45:00,0.0,pumps,MW,nem,NSW1
2017-10-07 06:50:00,0.0,pumps,MW,nem,NSW1
2017-10-07 06:55:00,0.0,pumps,MW,nem,NSW1
2017-10-07 07:00:00,0.0,pumps,MW,nem,NSW1
2017-10-07 07:05:00,0.0,pumps,MW,nem,NSW1
2017-10-07 07:10:00,0.0,pumps,MW,nem,NSW1
2017-10-07 07:15:00,0.0,pumps,MW,nem,NSW1
2017-10-07 07:20:00,0.0,pumps,MW,nem,NSW1
2017-10-07 07:25:00,0.0,pumps,MW,nem,NSW1
2017-10-07 07:30:00,0.0,pumps,MW,nem,NSW1
2017-10-07 07:35:00,0.0,pumps,MW,nem,NSW1
2017-10-07 07:40:00,0.0,pumps,MW,nem,NSW1
2017-10-07 07:45:00,0.0,pumps,MW,nem,NSW1
2017-10-07 07:50:00,0.0,pumps,MW,nem,NSW1
2017-10-07 07:55:00,0.0,pumps,MW,nem,NSW1
2017-10-07 08:00:00,0.0,pumps,MW,nem,NSW1
2017-10-07 08:05:00,0.0,pumps,MW,nem,NSW1
2017-10-07 08:10:00,0.0,pumps,MW,nem,NSW1
2017-10-07 08:15:00,0.0,pumps,MW,nem,NSW1
2017-10-07 08:20:00,0.0,pumps,MW,nem,NSW1
2017-10-07 08:25:00,0.0,pumps,MW,nem,NSW1
2017-10-07 08:30:00,0.0,pumps,MW,nem,NSW1
2017-10-07 08:35:00,0.0,pumps,MW,nem,NSW1
2017-10-07 08:40:00,0.0,pumps,MW,nem,NSW1
2017-10-07 08:45:00,0.0,pumps,MW,nem,NSW1
2017-10-07 08:50:00,0.0,pumps,MW,nem,NSW1
2017-10-07 08:55:00,0.0,pumps,MW,nem,NSW1
2017-10-07 09:00:00,0.0,pumps,MW,nem,NSW1
2017-10-07 09:05:00,0.0,pumps,MW,nem,NSW1
2017-10-07 09:10:00,0.0,pumps,MW,nem,NSW1
2017-10-07 09:15:00,0.0,pumps,MW,nem,NSW1
2017-10-07 09:20:00,0.0,pumps,MW,nem,NSW1
2017-10-07 09:25:00,0.0,pumps,MW,nem,NSW1
2017-10-07 09:30:00,0.0,pumps,MW,nem,NSW1
2017-10-07 09:35:00,0.0,pumps,MW,nem,NSW1
2017-10-07 09:40:00,0.0,pumps,MW,nem,NSW1
2017-10-07 09:45:00,0.0,pumps,MW,nem,NSW1
2017-10-07 09:50:00,0.0,pumps,MW,nem,NSW1
2017-10-07 09:55:00,0.0,pumps,MW,nem,NSW1
2017-10-07 10:00:00,0.0,pumps,MW,nem,NSW1
2017-10-07 10:05:00,0.0,pumps,MW,nem,NSW1
2017-10-07 10:10:00,0.0,pumps,MW,nem,NSW1
2017-10-07 10:15:00,0.0,pumps,MW,nem,NSW1
2017-10-07 10:20:00,0.0,pumps,MW,nem,NSW1
2017-10-07 10:25:00,0.0,pumps,MW,nem,NSW1
2017-10-07 10:30:00,0.0,pumps,MW,nem,NSW1
2017-10-07 10:35:00,0.0,pumps,MW,nem,NSW1
2017-10-07 10:40:00,0.0,pumps,MW,nem,NSW1
2017-10-07 10:45:00,0.0,pumps,MW,nem,NSW1
2017-10-07 10:50:00,0.0,pumps,MW,nem,NSW1
2017-10-07 10:55:00,0.0,pumps,MW,nem,NSW1
2017-10-07 11:00:00,0.0,pumps,MW,nem,NSW1
2017-10-07 11:05:00,0.0,pumps,MW,nem,NSW1
2017-10-07 11:10:00,0.0,pumps,MW,nem,NSW1
2017-10-07 11:15:00,0.0,pumps,MW,nem,NSW1
2017-10-07 11:20:00,0.0,pumps,MW,nem,NSW1
2017-10-07 11:25:00,0.0,pumps,MW,nem,NSW1
2017-10-07 11:30:00,0.0,pumps,MW,nem,NSW1
2017-10-07 11:35:00,0.0,pumps,MW,nem,NSW1
2017-10-07 11:40:00,0.0,pumps,MW,nem,NSW1
2017-10-07 11:45:00,0.0,pumps,MW,nem,NSW1
2017-10-07 11:50:00,0.0,pumps,MW,nem,NSW1
2017-10-07 11:55:00,0.0,pumps,MW,nem,NSW1
2017-10-07 12:00:00,0.0,pumps,MW,nem,NSW1
2017-10-07 12:05:00,0.0,pumps,MW,nem,NSW1
2017-10-07 12:10:00,0.0,pumps,MW,nem,NSW1
2017-10-07 12:15:00,0.0,pumps,MW,nem,NSW1
2017-10-07 12:20:00,0.0,pumps,MW,nem,NSW1
2017-10-07 12:25:00,0.0,pumps,MW,nem,NSW1
2017-10-07 12:30:00,0.0,pumps,MW,nem,NSW1
2017-10-07 12:35:00,0.0,pumps,MW,nem,NSW1
2017-10-07 12:40:00,0.0,pumps,MW,nem,NSW1
2017-10-07 12:45:00,0.0,pumps,MW,nem,NSW1
2017-10-07 12:50:00,0.0,pumps,MW,nem,NSW1
2017-10-07 12:55:00,0.0,pumps,MW,nem,NSW1
2017-10-07 13:00:00,0.0,pumps,MW,nem,NSW1
2017-10-07 13:05:00,0.0,pumps,MW,nem,NSW1
2017-10-07 13:10:00,0.0,pumps,MW,nem,NSW1
2017-10-07 13:15:00,0.0,pumps,MW,nem,NSW1
2017-10-07 13:20:00,0.0,pumps,MW,nem,NSW1
2017-10-07 13:25:00,0.0,pumps,MW,nem,NSW1
2017-10-07 13:30:00,0.0,pumps,MW,nem,NSW1
2017-10-07 13:35:00,0.0,pumps,MW,nem,NSW1
2017-10-07 13:40:00,0.0,pumps,MW,nem,NSW1
2017-10-07 13:45:00,0.0,pumps,MW,nem,NSW1
2017-10-07 13:50:00,0.0,pumps,MW,nem,NSW1
2017-10-07 13:55:00,0.0,pumps,MW,nem,NSW1
2017-10-07 14:00:00,0.0,pumps,MW,nem,NSW1
2017-10-07 14:05:00,0.0,pumps,MW,nem,NSW1
2017-10-07 14:10:00,0.0,pumps,MW,nem,NSW1
2017-10-07 14:15:00,0.0,pumps,MW,nem,NSW1
2017-10-07 14:20:00,0.0,pumps,MW,nem,NSW1
2017-10-07 14:25:00,0.0,pumps,MW,nem,NSW1
2017-10-07 14:30:00,0.0,pumps,MW,nem,NSW1
2017-10-07 14:35:00,0.0,pumps,MW,nem,NSW1
2017-10-07 14:40:00,0.0,pumps,MW,nem,NSW1
2017-10-07 14:45:00,0.0,pumps,MW,nem,NSW1
2017-10-07 14:50:00,0.0,pumps,MW,nem,NSW1
2017-10-07 14:55:00,0.0,pumps,MW,nem,NSW1
2017-10-07 15:00:00,0.0,pumps,MW,nem,NSW1
2017-10-07 15:05:00,0.0,pumps,MW,nem,NSW1
2017-10-07 15:10:00,0.0,pumps,MW,nem,NSW1
2017-10-07 15:15:00,0.0,pumps,MW,nem,NSW1
2017-10-07 15:20:00,0.0,pumps,MW,nem,NSW1
2017-10-07 15:25:00,0.0,pumps,MW,nem,NSW1
2017-10-07 15:30:00,0.0,pumps,MW,nem,NSW1
2017-10-07 15:35:00,0.0,pumps,MW,nem,NSW1
2017-10-07 15:40:00,0.0,pumps,MW,nem,NSW1
2017-10-07 15:45:00,0.0,pumps,MW,nem,NSW1
2017-10-07 15:50:00,0.0,pumps,MW,nem,NSW1
2017-10-07 15:55:00,0.0,pumps,MW,nem,NSW1
2017-10-07 16:00:00,0.0,pumps,MW,nem,NSW1
2017-10-07 16:05:00,0.0,pumps,MW,nem,NSW1
2017-10-07 16:10:00,0.0,pumps,MW,nem,NSW1
2017-10-07 16:15:00,0.0,pumps,MW,nem,NSW1
2017-10-07 16:20:00,0.0,pumps,MW,nem,NSW1
2017-10-07 16:25:00,0.0,pumps,MW,nem,NSW1
2017-10-07 16:30:00,0.0,pumps,MW,nem,NSW1
2017-10-07 16:35:00,0.0,pumps,MW,nem,NSW1
2017-10-07 16:40:00,0.0,pumps,MW,nem,NSW1
2017-10-07 16:45:00,0.0,pumps,MW,nem,NSW1
2017-10-07 16:50:00,0.0,pumps,MW,nem,NSW1
2017-10-07 16:55:00,0.0,pumps,MW,nem,NSW1
2017-10-07 17:00:00,0.0,pumps,MW,nem,NSW1
2017-10-07 17:05:00,0.0,pumps,MW,nem,NSW1
2017-10-07 17:10:00,0.0,pumps,MW,nem,NSW1
2017-10-07 17:15:00,0.0,pumps,MW,nem,NSW1
2017-10-07 17:20:00,0.0,pumps,MW,nem,NSW1
2017-10-07 17:25:00,0.0,pumps,MW,nem,NSW1
2017-10-07 17:30:00,0.0,pumps,MW,nem,NSW1
2017-10-07 17:35:00,0.0,pumps,MW,nem,NSW1
2017-10-07 17:40:00,0.0,pumps,MW,nem,NSW1
2017-10-07 17:45:00,0.0,pumps,MW,nem,NSW1
2017-10-07 17:50:00,0.0,pumps,MW,nem,NSW1
2017-10-07 17:55:00,0.0,pumps,MW,nem,NSW1
2017-10-07 18:00:00,0.0,pumps,MW,nem,NSW1
2017-10-07 18:05:00,0.0,pumps,MW,nem,NSW1
2017-10-07 18:10:00,0.0,pumps,MW,nem,NSW1
2017-10-07 18:15:00,0.0,pumps,MW,nem,NSW1
2017-10-07 18:20:00,0.0,pumps,MW,nem,NSW1
2017-10-07 18:25:00,0.0,pumps,MW,nem,NSW1
2017-10-07 18:30:00,0.0,pumps,MW,nem,NSW1
2017-10-07 18:35:00,0.0,pumps,MW,nem,NSW1
2017-10-07 18:40:00,0.0,pumps,MW,nem,NSW1
2017-10-07 18:45:00,0.0,pumps,MW,nem,NSW1
2017-10-07 18:50:00,0.0,pumps,MW,nem,NSW1
2017-10-07 18:55:00,0.0,pumps,MW,nem,NSW1
2017-10-07 19:00:00,0.0,pumps,MW,nem,NSW1
2017-10-07 19:05:00,0.0,pumps,MW,nem,NSW1
2017-10-07 19:10:00,0.0,pumps,MW,nem,NSW1
2017-10-07 19:15:00,0.0,pumps,MW,nem,NSW1
2017-10-07 19:20:00,0.0,pumps,MW,nem,NSW1
2017-10-07 19:25:00,0.0,pumps,MW,nem,NSW1
2017-10-07 19:30:00,0.0,pumps,MW,nem,NSW1
2017-10-07 19:35:00,0.0,pumps,MW,nem,NSW1
2017-10-07 19:40:00,0.0,pumps,MW,nem,NSW1
2017-10-07 19:45:00,0.0,pumps,MW,nem,NSW1
2017-10-07 19:50:00,0.0,pumps,MW,nem,NSW1
2017-10-07 19:55:00,0.0,pumps,MW,nem,NSW1
2017-10-07 20:00:00,0.0,pumps,MW,nem,NSW1
2017-10-07 20:05:00,0.0,pumps,MW,nem,NSW1
2017-10-07 20:10:00,0.0,pumps,MW,nem,NSW1
2017-10-07 20:15:00,0.0,pumps,MW,nem,NSW1
2017-10-07 20:20:00,0.0,pumps,MW,nem,NSW1
2017-10-07 20:25:00,0.0,pumps,MW,nem,NSW1
2017-10-07 20:30:00,0.0,pumps,MW,nem,NSW1
2017-10-07 20:35:00,0.0,pumps,MW,nem,NSW1
2017-10-07 20:40:00,0.0,pumps,MW,nem,NSW1
2017-10-07 20:45:00,0.0,pumps,MW,nem,NSW1
2017-10-07 20:50:00,0.0,pumps,MW,nem,NSW1
2017-10-07 20:55:00,0.0,pumps,MW,nem,NSW1
2017-10-07 21:00:00,0.0,pumps,MW,nem,NSW1
2017-10-07 21:05:00,0.0,pumps,MW,nem,NSW1
2017-10-07 21:10:00,0.0,pumps,MW,nem,NSW1
2017-10-07 21:15:00,0.0,pumps,MW,nem,NSW1
2017-10-07 21:20:00,0.0,pumps,MW,nem,NSW1
2017-10-07 21:25:00,0.0,pumps,MW,nem,NSW1
2017-10-07 21:30:00,0.0,pumps,MW,nem,NSW1
2017-10-07 21:35:00,0.0,pumps,MW,nem,NSW1
2017-10-07 21:40:00,0.0,pumps,MW,nem,NSW1
2017-10-07 21:45:00,0.0,pumps,MW,nem,NSW1
2017-10-07 21:50:00,0.0,pumps,MW,nem,NSW1
2017-10-07 21:55:00,0.0,pumps,MW,nem,NSW1
2017-10-07 22:00:00,0.0,pumps,MW,nem,NSW1
2017-10-07 22:05:00,0.0,pumps,MW,nem,NSW1
2017-10-07 22:10:00,0.0,pumps,MW,nem,NSW1
2017-10-07 22:15:00,0.0,pumps,MW,nem,NSW1
2017-10-07 22:20:00,0.0,pumps,MW,nem,NSW1
2017-10-07 22:25:00,0.0,pumps,MW,nem,NSW1
2017-10-07 22:30:00,0.0,pumps,MW,nem,NSW1
2017-10-07 22:35:00,0.0,pumps,MW,nem,NSW1
2017-10-07 22:40:00,0.0,pumps,MW,nem,NSW1
2017-10-07 22:45:00,0.0,pumps,MW,nem,NSW1
2017-10-07 22:50:00,0.0,pumps,MW,nem,NSW1
2017-10-07 22:55:00,0.0,pumps,MW,nem,NSW1
2017-10-07 23:00:00,0.0,pumps,MW,nem,NSW1
2017-10-07 23:05:00,0.0,pumps,MW,nem,NSW1
2017-10-07 23:10:00,0.0,pumps,MW,nem,NSW1
2017-10-07 23:15:00,0.0,pumps,MW,nem,NSW1
2017-10-07 23:20:00,0.0,pumps,MW,nem,NSW1
2017-10-07 23:25:00,0.0,pumps,MW,nem,NSW1
2017-10-07 23:30:00,0.0,pumps,MW,nem,NSW1
2017-10-07 23:35:00,0.0,pumps,MW,nem,NSW1
2017-10-07 23:40:00,0.0,pumps,MW,nem,NSW1
2017-10-07 23:45:00,0.0,pumps,MW,nem,NSW1
2017-10-07 23:50:00,0.0,pumps,MW,nem,NSW1
2017-10-07 23:55:00,0.0,pumps,MW,nem,NSW1
2017-10-08 00:00:00,0.0,pumps,MW,nem,NSW1
2017-10-08 00:05:00,0.0,pumps,MW,nem,NSW1
2017-10-08 00:10:00,0.0,pumps,MW,nem,NSW1
2017-10-08 00:15:00,0.0,pumps,MW,nem,NSW1
2017-10-08 00:20:00,0.0,pumps,MW,nem,NSW1
2017-10-08 00:25:00,0.0,pumps,MW,nem,NSW1
2017-10-08 00:30:00,0.0,pumps,MW,nem,NSW1
2017-10-08 00:35:00,0.0,pumps,MW,nem,NSW1
2017-10-08 00:40:00,0.0,pumps,MW,nem,NSW1
2017-10-08 00:45:00,0.0,pumps,MW,nem,NSW1
2017-10-08 00:50:00,0.0,pumps,MW,nem,NSW1
2017-10-08 00:55:00,0.0,pumps,MW,nem,NSW1
2017-10-08 01:00:00,0.0,pumps,MW,nem,NSW1
2017-10-08 01:05:00,0.0,pumps,MW,nem,NSW1
2017-10-08 01:10:00,0.0,pumps,MW,nem,NSW1
2017-10-08 01:15:00,0.0,pumps,MW,nem,NSW1
2017-10-08 01:20:00,0.0,pumps,MW,nem,NSW1
2017-10-08 01:25:00,0.0,pumps,MW,nem,NSW1
2017-10-08 01:30:00,0.0,pumps,MW,nem,NSW1
2017-10-08 01:35:00,0.0,pumps,MW,nem,NSW1
2017-10-08 01:40:00,0.0,pumps,MW,nem,NSW1
2017-10-08 01:45:00,0.0,pumps,MW,nem,NSW1
2017-10-08 01:50:00,0.0,pumps,MW,nem,NSW1
2017-10-08 01:55:00,0.0,pumps,MW,nem,NSW1
2017-10-08 02:00:00,0.0,pumps,MW,nem,NSW1
2017-10-08 02:05:00,0.0,pumps,MW,nem,NSW1
2017-10-08 02:10:00,0.0,pumps,MW,nem,NSW1
2017-10-08 02:15:00,0.0,pumps,MW,nem,NSW1
2017-10-08 02:20:00,0.0,pumps,MW,nem,NSW1
2017-10-08 02:25:00,0.0,pumps,MW,nem,NSW1
2017-10-08 02:30:00,0.0,pumps,MW,nem,NSW1
2017-10-08 02:35:00,0.0,pumps,MW,nem,NSW1
2017-10-08 02:40:00,0.0,pumps,MW,nem,NSW1
2017-10-08 02:45:00,0.0,pumps,MW,nem,NSW1
2017-10-08 02:50:00,0.0,pumps,MW,nem,NSW1
2017-10-08 02:55:00,0.0,pumps,MW,nem,NSW1
2017-10-08 03:00:00,0.0,pumps,MW,nem,NSW1
2017-10-08 03:05:00,0.0,pumps,MW,nem,NSW1
2017-10-08 03:10:00,0.0,pumps,MW,nem,NSW1
2017-10-08 03:15:00,0.0,pumps,MW,nem,NSW1
2017-10-08 03:20:00,0.0,pumps,MW,nem,NSW1
2017-10-08 03:25:00,0.0,pumps,MW,nem,NSW1
2017-10-08 03:30:00,0.0,pumps,MW,nem,NSW1
2017-10-08 03:35:00,0.0,pumps,MW,nem,NSW1
2017-10-08 03:40:00,0.0,pumps,MW,nem,NSW1
2017-10-08 03:45:00,0.0,pumps,MW,nem,NSW1
2017-10-08 03:50:00,0.0,pumps,MW,nem,NSW1
2017-10-08 03:55:00,0.0,pumps,MW,nem,NSW1
2017-10-08 04:00:00,0.0,pumps,MW,nem,NSW1
2017-10-08 04:05:00,0.0,pumps,MW,nem,NSW1
2017-10-08 04:10:00,0.0,pumps,MW,nem,NSW1
2017-10-08 04:15:00,0.0,pumps,MW,nem,NSW1
2017-10-08 04:20:00,0.0,pumps,MW,nem,NSW1
2017-10-08 04:25:00,0.0,pumps,MW,nem,NSW1
2017-10-08 04:30:00,0.0,pumps,MW,nem,NSW1
2017-10-08 04:35:00,0.0,pumps,MW,nem,NSW1
2017-10-08 04:40:00,0.0,pumps,MW,nem,NSW1
2017-10-08 04:45:00,0.0,pumps,MW,nem,NSW1
2017-10-08 04:50:00,0.0,pumps,MW,nem,NSW1
2017-10-08 04:55:00,0.0,pumps,MW,nem,NSW1
2017-10-08 05:00:00,0.0,pumps,MW,nem,NSW1
2017-10-08 05:05:00,0.0,pumps,MW,nem,NSW1
2017-10-08 05:10:00,0.0,pumps,MW,nem,NSW1
2017-10-08 05:15:00,0.0,pumps,MW,nem,NSW1
2017-10-08 05:20:00,0.0,pumps,MW,nem,NSW1
2017-10-08 05:25:00,0.0,pumps,MW,nem,NSW1
2017-10-08 05:30:00,0.0,pumps,MW,nem,NSW1
2017-10-08 05:35:00,0.0,pumps,MW,nem,NSW1
2017-10-08 05:40:00,0.0,pumps,MW,nem,NSW1
2017-10-08 05:45:00,0.0,pumps,MW,nem,NSW1
2017-10-08 05:50:00,0.0,pumps,MW,nem,NSW1
2017-10-08 05:55:00,0.0,pumps,MW,nem,NSW1
2017-10-08 06:00:00,0.0,pumps,MW,nem,NSW1
2017-10-08 06:05:00,0.0,pumps,MW,nem,NSW1
2017-10-08 06:10:00,0.0,pumps,MW,nem,NSW1
2017-10-08 06:15:00,0.0,pumps,MW,nem,NSW1
2017-10-08 06:20:00,0.0,pumps,MW,nem,NSW1
2017-10-08 06:25:00,0.0,pumps,MW,nem,NSW1
2017-10-08 06:30:00,0.0,pumps,MW,nem,NSW1
2017-10-08 06:35:00,0.0,pumps,MW,nem,NSW1
2017-10-08 06:40:00,0.0,pumps,MW,nem,NSW1
2017-10-08 06:45:00,0.0,pumps,MW,nem,NSW1
2017-10-08 06:50:00,0.0,pumps,MW,nem,NSW1
2017-10-08 06:55:00,0.0,pumps,MW,nem,NSW1
2017-10-08 07:00:00,0.0,pumps,MW,nem,NSW1
2017-10-08 07:05:00,0.0,pumps,MW,nem,NSW1
2017-10-08 07:10:00,0.0,pumps,MW,nem,NSW1
2017-10-08 07:15:00,0.0,pumps,MW,nem,NSW1
2017-10-08 07:20:00,0.0,pumps,MW,nem,NSW1
2017-10-08 07:25:00,0.0,pumps,MW,nem,NSW1
2017-10-08 07:30:00,0.0,pumps,MW,nem,NSW1
2017-10-08 07:35:00,0.0,pumps,MW,nem,NSW1
2017-10-08 07:40:00,0.0,pumps,MW,nem,NSW1
2017-10-08 07:45:00,0.0,pumps,MW,nem,NSW1
2017-10-08 07:50:00,0.0,pumps,MW,nem,NSW1
2017-10-08 07:55:00,0.0,pumps,MW,nem,NSW1
2017-10-08 08:00:00,0.0,pumps,MW,nem,NSW1
2017-10-08 08:05:00,0.0,pumps,MW,nem,NSW1
2017-10-08 08:10:00,0.0,pumps,MW,nem,NSW1
2017-10-08 08:15:00,0.0,pumps,MW,nem,NSW1
2017-10-08 08:20:00,0.0,pumps,MW,nem,NSW1
2017-10-08 08:25:00,0.0,pumps,MW,nem,NSW1
2017-10-08 08:30:00,0.0,pumps,MW,nem,NSW1
2017-10-08 08:35:00,0.0,pumps,MW,nem,NSW1
2017-10-08 08:40:00,0.0,pumps,MW,nem,NSW1
2017-10-08 08:45:00,0.0,pumps,MW,nem,NSW1
2017-10-08 08:50:00,0.0,pumps,MW,nem,NSW1
2017-10-08 08:55:00,0.0,pumps,MW,nem,NSW1
2017-10-08 09:00:00,0.0,pumps,MW,nem,NSW1
2017-10-08 09:05:00,0.0,pumps,MW,nem,NSW1
2017-10-08 09:10:00,0.0,pumps,MW,nem,NSW1
2017-10-08 09:15:00,0.0,pumps,MW,nem,NSW1
2017-10-08 09:20:00,0.0,pumps,MW,nem,NSW1
2017-10-08 09:25:00,0.0,pumps,MW,nem,NSW1
2017-10-08 09:30:00,0.0,pumps,MW,nem,NSW1
2017-10-08 09:35:00,0.0,pumps,MW,nem,NSW1
2017-10-08 09:40:00,0.0,pumps,MW,nem,NSW1
2017-10-08 09:45:00,0.0,pumps,MW,nem,NSW1
2017-10-08 09:50:00,0.0,pumps,MW,nem,NSW1
2017-10-08 09:55:00,0.0,pumps,MW,nem,NSW1
2017-10-08 10:00:00,0.0,pumps,MW,nem,NSW1
2017-10-08 10:05:00,0.0,pumps,MW,nem,NSW1
2017-10-08 10:10:00,0.0,pumps,MW,nem,NSW1
2017-10-08 10:15:00,0.0,pumps,MW,nem,NSW1
2017-10-08 10:20:00,0.0,pumps,MW,nem,NSW1
2017-10-08 10:25:00,0.0,pumps,MW,nem,NSW1
2017-10-08 10:30:00,0.0,pumps,MW,nem,NSW1
2017-10-08 10:35:00,0.0,pumps,MW,nem,NSW1
2017-10-08 10:40:00,0.0,pumps,MW,nem,NSW1
2017-10-08 10:45:00,0.0,pumps,MW,nem,NSW1
2017-10-08 10:50:00,0.0,pumps,MW,nem,NSW1
2017-10-08 10:55:00,0.0,pumps,MW,nem,NSW1
2017-10-08 11:00:00,0.0,pumps,MW,nem,NSW1
2017-10-08 11:05:00,0.0,pumps,MW,nem,NSW1
2017-10-08 11:10:00,0.0,pumps,MW,nem,NSW1
2017-10-08 11:15:00,0.0,pumps,MW,nem,NSW1
2017-10-08 11:20:00,0.0,pumps,MW,nem,NSW1
2017-10-08 11:25:00,0.0,pumps,MW,nem,NSW1
2017-10-08 11:30:00,0.0,pumps,MW,nem,NSW1
2017-10-08 11:35:00,0.0,pumps,MW,nem,NSW1
2017-10-08 11:40:00,0.0,pumps,MW,nem,NSW1
2017-10-08 11:45:00,0.0,pumps,MW,nem,NSW1
2017-10-08 11:50:00,0.0,pumps,MW,nem,NSW1
2017-10-08 11:55:00,0.0,pumps,MW,nem,NSW1
2017-10-08 12:00:00,0.0,pumps,MW,nem,NSW1
2017-10-08 12:05:00,0.0,pumps,MW,nem,NSW1
2017-10-08 12:10:00,0.0,pumps,MW,nem,NSW1
2017-10-08 12:15:00,0.0,pumps,MW,nem,NSW1
2017-10-08 12:20:00,0.0,pumps,MW,nem,NSW1
2017-10-08 12:25:00,0.0,pumps,MW,nem,NSW1
2017-10-08 12:30:00,0.0,pumps,MW,nem,NSW1
2017-10-08 12:35:00,0.0,pumps,MW,nem,NSW1
2017-10-08 12:40:00,0.0,pumps,MW,nem,NSW1
2017-10-08 12:45:00,0.0,pumps,MW,nem,NSW1
2017-10-08 12:50:00,0.0,pumps,MW,nem,NSW1
2017-10-08 12:55:00,0.0,pumps,MW,nem,NSW1
2017-10-08 13:00:00,0.0,pumps,MW,nem,NSW1
2017-10-08 13:05:00,0.0,pumps,MW,nem,NSW1
2017-10-08 13:10:00,0.0,pumps,MW,nem,NSW1
2017-10-08 13:15:00,0.0,pumps,MW,nem,NSW1
2017-10-08 13:20:00,0.0,pumps,MW,nem,NSW1
2017-10-08 13:25:00,0.0,pumps,MW,nem,NSW1
2017-10-08 13:30:00,0.0,pumps,MW,nem,NSW1
2017-10-08 13:35:00,0.0,pumps,MW,nem,NSW1
2017-10-08 13:40:00,0.0,pumps,MW,nem,NSW1
2017-10-08 13:45:00,0.0,pumps,MW,nem,NSW1
2017-10-08 13:50:00,0.0,pumps,MW,nem,NSW1
2017-10-08 13:55:00,0.0,pumps,MW,nem,NSW1
2017-10-08 14:00:00,0.0,pumps,MW,nem,NSW1
2017-10-08 14:05:00,0.0,pumps,MW,nem,NSW1
2017-10-08 14:10:00,0.0,pumps,MW,nem,NSW1
2017-10-08 14:15:00,0.0,pumps,MW,nem,NSW1
2017-10-08 14:20:00,0.0,pumps,MW,nem,NSW1
2017-10-08 14:25:00,0.0,pumps,MW,nem,NSW1
2017-10-08 14:30:00,0.0,pumps,MW,nem,NSW1
2017-10-08 14:35:00,0.0,pumps,MW,nem,NSW1
2017-10-08 14:40:00,0.0,pumps,MW,nem,NSW1
2017-10-08 14:45:00,0.0,pumps,MW,nem,NSW1
2017-10-08 14:50:00,0.0,pumps,MW,nem,NSW1
2017-10-08 14:55:00,0.0,pumps,MW,nem,NSW1
2017-10-08 15:00:00,0.0,pumps,MW,nem,NSW1
2017-10-08 15:05:00,0.0,pumps,MW,nem,NSW1
2017-10-08 15:10:00,0.0,pumps,MW,nem,NSW1
2017-10-08 15:15:00,0.0,pumps,MW,nem,NSW1
2017-10-08 15:20:00,0.0,pumps,MW,nem,NSW1
2017-10-08 15:25:00,0.0,pumps,MW,nem,NSW1
2017-10-08 15:30:00,0.0,pumps,MW,nem,NSW1
2017-10-08 15:35:00,0.0,pumps,MW,nem,NSW1
2017-10-08 15:40:00,0.0,pumps,MW,nem,NSW1
2017-10-08 15:45:00,0.0,pumps,MW,nem,NSW1
2017-10-08 15:50:00,0.0,pumps,MW,nem,NSW1
2017-10-08 15:55:00,0.0,pumps,MW,nem,NSW1
2017-10-08 16:00:00,0.0,pumps,MW,nem,NSW1
2017-10-08 16:05:00,0.0,pumps,MW,nem,NSW1
2017-10-08 16:10:00,0.0,pumps,MW,nem,NSW1
2017-10-08 16:15:00,0.0,pumps,MW,nem,NSW1
2017-10-08 16:20:00,0.0,pumps,MW,nem,NSW1
2017-10-08 16:25:00,0.0,pumps,MW,nem,NSW1
2017-10-08 16:30:00,0.0,pumps,MW,nem,NSW1
2017-10-08 16:35:00,0.0,pumps,MW,nem,NSW1
2017-10-08 16:40:00,0.0,pumps,MW,nem,NSW1
2017-10-08 16:45:00,0.0,pumps,MW,nem,NSW1
2017-10-08 16:50:00,0.0,pumps,MW,nem,NSW1
2017-10-08 16:55:00,0.0,pumps,MW,nem,NSW1
2017-10-08 17:00:00,0.0,pumps,MW,nem,NSW1
2017-10-08 17:05:00,0.0,pumps,MW,nem,NSW1
2017-10-08 17:10:00,0.0,pumps,MW,nem,NSW1
2017-10-08 17:15:00,0.0,pumps,MW,nem,NSW1
2017-10-08 17:20:00,0.0,pumps,MW,nem,NSW1
2017-10-08 17:25:00,0.0,pumps,MW,nem,NSW1
2017-10-08 17:30:00,0.0,pumps,MW,nem,NSW1
2017-10-08 17:35:00,0.0,pumps,MW,nem,NSW1
2017-10-08 17:40:00,0.0,pumps,MW,nem,NSW1
2017-10-08 17:45:00,0.0,pumps,MW,nem,NSW1
2017-10-08 17:50:00,0.0,pumps,MW,nem,NSW1
2017-10-08 17:55:00,0.0,pumps,MW,nem,NSW1
2017-10-08 18:00:00,0.0,pumps,MW,nem,NSW1
2017-10-08 18:05:00,0.0,pumps,MW,nem,NSW1
2017-10-08 18:10:00,0.0,pumps,MW,nem,NSW1
2017-10-08 18:15:00,0.0,pumps,MW,nem,NSW1
2017-10-08 18:20:00,0.0,pumps,MW,nem,NSW1
2017-10-08 18:25:00,0.0,pumps,MW,nem,NSW1
2017-10-08 18:30:00,0.0,pumps,MW,nem,NSW1
2017-10-08 18:35:00,0.0,pumps,MW,nem,NSW1
2017-10-08 18:40:00,0.0,pumps,MW,nem,NSW1
2017-10-08 18:45:00,0.0,pumps,MW,nem,NSW1
2017-10-08 18:50:00,0.0,pumps,MW,nem,NSW1
2017-10-08 18:55:00,0.0,pumps,MW,nem,NSW1
2017-10-08 19:00:00,0.0,pumps,MW,nem,NSW1
2017-10-08 19:05:00,0.0,pumps,MW,nem,NSW1
2017-10-08 19:10:00,0.0,pumps,MW,nem,NSW1
2017-10-08 19:15:00,0.0,pumps,MW,nem,NSW1
2017-10-08 19:20:00,0.0,pumps,MW,nem,NSW1
2017-10-08 19:25:00,0.0,pumps,MW,nem,NSW1
2017-10-08 19:30:00,0.0,pumps,MW,nem,NSW1
2017-10-08 19:35:00,0.0,pumps,MW,nem,NSW1
2017-10-08 19:40:00,0.0,pumps,MW,nem,NSW1
2017-10-08 19:45:00,0.0,pumps,MW,nem,NSW1
2017-10-08 19:50:00,0.0,pumps,MW,nem,NSW1
2017-10-08 19:55:00,0.0,pumps,MW,nem,NSW1
2017-10-08 20:00:00,0.0,pumps,MW,nem,NSW1
2017-10-08 20:05:00,0.0,pumps,MW,nem,NSW1
2017-10-08 20:10:00,0.0,pumps,MW,nem,NSW1
2017-10-08 20:15:00,0.0,pumps,MW,nem,NSW1
2017-10-08 20:20:00,0.0,pumps,MW,nem,NSW1
2017-10-08 20:25:00,0.0,pumps,MW,nem,NSW1
2017-10-08 20:30:00,0.0,pumps,MW,nem,NSW1
2017-10-08 20:35:00,0.0,pumps,MW,nem,NSW1
2017-10-08 20:40:00,0.0,pumps,MW,nem,NSW1
2017-10-08 20:45:00,0.0,pumps,MW,nem,NSW1
2017-10-08 20:50:00,0.0,pumps,MW,nem,NSW1
2017-10-08 20:55:00,0.0,pumps,MW,nem,NSW1
2017-10-08 21:00:00,0.0,pumps,MW,nem,NSW1
2017-10-08 21:05:00,0.0,pumps,MW,nem,NSW1
2017-10-08 21:10:00,0.0,pumps,MW,nem,NSW1
2017-10-08 21:15:00,0.0,pumps,MW,nem,NSW1
2017-10-08 21:20:00,0.0,pumps,MW,nem,NSW1
2017-10-08 21:25:00,0.0,pumps,MW,nem,NSW1
2017-10-08 21:30:00,0.0,pumps,MW,nem,NSW1
2017-10-08 21:35:00,0.0,pumps,MW,nem,NSW1
2017-10-08 21:40:00,0.0,pumps,MW,nem,NSW1
2017-10-08 21:45:00,0.0,pumps,MW,nem,NSW1
2017-10-08 21:50:00,0.0,pumps,MW,nem,NSW1
2017-10-08 21:55:00,0.0,pumps,MW,nem,NSW1
2017-10-08 22:00:00,0.0,pumps,MW,nem,NSW1
2017-10-08 22:05:00,0.0,pumps,MW,nem,NSW1
2017-10-08 22:10:00,0.0,pumps,MW,nem,NSW1
2017-10-08 22:15:00,0.0,pumps,MW,nem,NSW1
2017-10-08 22:20:00,0.0,pumps,MW,nem,NSW1
2017-10-08 22:25:00,0.0,pumps,MW,nem,NSW1
2017-10-08 22:30:00,0.0,pumps,MW,nem,NSW1
2017-10-08 22:35:00,0.0,pumps,MW,nem,NSW1
2017-10-08 22:40:00,0.0,pumps,MW,nem,NSW1
2017-10-08 22:45:00,0.0,pumps,MW,nem,NSW1
2017-10-08 22:50:00,0.0,pumps,MW,nem,NSW1
2017-10-08 22:55:00,0.0,pumps,MW,nem,NSW1
2017-10-08 23:00:00,0.0,pumps,MW,nem,NSW1
2017-10-08 23:05:00,0.0,pumps,MW,nem,NSW1
2017-10-08 23:10:00,0.0,pumps,MW,nem,NSW1
2017-10-08 23:15:00,0.0,pumps,MW,nem,NSW1
2017-10-08 23:20:00,0.0,pumps,MW,nem,NSW1
2017-10-08 23:25:00,0.0,pumps,MW,nem,NSW1
2017-10-08 23:30:00,0.0,pumps,MW,nem,NSW1
2017-10-08 23:35:00,0.0,pumps,MW,nem,NSW1
2017-10-08 23:40:00,0.0,pumps,MW,nem,NSW1
2017-10-08 23:45:00,0.0,pumps,MW,nem,NSW1
2017-10-08 23:50:00,0.0,pumps,MW,nem,NSW1
2017-10-08 23:55:00,0.0,pumps,MW,nem,NSW1
2017-10-09 00:00:00,0.0,pumps,MW,nem,NSW1
2017-10-09 00:05:00,0.0,pumps,MW,nem,NSW1
2017-10-09 00:10:00,0.0,pumps,MW,nem,NSW1
2017-10-09 00:15:00,0.0,pumps,MW,nem,NSW1
2017-10-09 00:20:00,0.0,pumps,MW,nem,NSW1
2017-10-09 00:25:00,0.0,pumps,MW,nem,NSW1
2017-10-09 00:30:00,0.0,pumps,MW,nem,NSW1
2017-10-09 00:35:00,0.0,pumps,MW,nem,NSW1
2017-10-09 00:40:00,0.0,pumps,MW,nem,NSW1
2017-10-09 00:45:00,42.81,pumps,MW,nem,NSW1
2017-10-09 00:50:00,79.27,pumps,MW,nem,NSW1
2017-10-09 00:55:00,79.57,pumps,MW,nem,NSW1
2017-10-09 01:00:00,79.86,pumps,MW,nem,NSW1
2017-10-09 01:05:00,79.47,pumps,MW,nem,NSW1
2017-10-09 01:10:00,79.37,pumps,MW,nem,NSW1
2017-10-09 01:15:00,79.27,pumps,MW,nem,NSW1
2017-10-09 01:20:00,79.08,pumps,MW,nem,NSW1
2017-10-09 01:25:00,79.37,pumps,MW,nem,NSW1
2017-10-09 01:30:00,79.27,pumps,MW,nem,NSW1
2017-10-09 01:35:00,79.86,pumps,MW,nem,NSW1
2017-10-09 01:40:00,79.37,pumps,MW,nem,NSW1
2017-10-09 01:45:00,79.47,pumps,MW,nem,NSW1
2017-10-09 01:50:00,79.66,pumps,MW,nem,NSW1
2017-10-09 01:55:00,79.18,pumps,MW,nem,NSW1
2017-10-09 02:00:00,79.96,pumps,MW,nem,NSW1
2017-10-09 02:05:00,78.88,pumps,MW,nem,NSW1
2017-10-09 02:10:00,78.98,pumps,MW,nem,NSW1
2017-10-09 02:15:00,79.86,pumps,MW,nem,NSW1
2017-10-09 02:20:00,79.18,pumps,MW,nem,NSW1
2017-10-09 02:25:00,79.18,pumps,MW,nem,NSW1
2017-10-09 02:30:00,79.27,pumps,MW,nem,NSW1
2017-10-09 02:35:00,79.66,pumps,MW,nem,NSW1
2017-10-09 02:40:00,0.0,pumps,MW,nem,NSW1
2017-10-09 02:45:00,0.0,pumps,MW,nem,NSW1
2017-10-09 02:50:00,0.0,pumps,MW,nem,NSW1
2017-10-09 02:55:00,0.0,pumps,MW,nem,NSW1
2017-10-09 03:00:00,0.0,pumps,MW,nem,NSW1
2017-10-09 03:05:00,0.0,pumps,MW,nem,NSW1
2017-10-09 03:10:00,0.0,pumps,MW,nem,NSW1
2017-10-09 03:15:00,0.0,pumps,MW,nem,NSW1
2017-10-09 03:20:00,0.0,pumps,MW,nem,NSW1
2017-10-09 03:25:00,0.0,pumps,MW,nem,NSW1
2017-10-09 03:30:00,0.0,pumps,MW,nem,NSW1
2017-10-09 03:35:00,0.0,pumps,MW,nem,NSW1
2017-10-09 03:40:00,0.0,pumps,MW,nem,NSW1
2017-10-09 03:45:00,0.0,pumps,MW,nem,NSW1
2017-10-09 03:50:00,0.0,pumps,MW,nem,NSW1
2017-10-09 03:55:00,0.0,pumps,MW,nem,NSW1
2017-10-09 04:00:00,0.0,pumps,MW,nem,NSW1
2017-10-09 04:05:00,0.0,pumps,MW,nem,NSW1
2017-10-09 04:10:00,0.0,pumps,MW,nem,NSW1
2017-10-09 04:15:00,0.0,pumps,MW,nem,NSW1
2017-10-09 04:20:00,0.0,pumps,MW,nem,NSW1
2017-10-09 04:25:00,0.0,pumps,MW,nem,NSW1
2017-10-09 04:30:00,0.0,pumps,MW,nem,NSW1
2017-10-09 04:35:00,0.0,pumps,MW,nem,NSW1
2017-10-09 04:40:00,0.0,pumps,MW,nem,NSW1
2017-10-09 04:45:00,0.0,pumps,MW,nem,NSW1
2017-10-09 04:50:00,0.0,pumps,MW,nem,NSW1
2017-10-09 04:55:00,0.0,pumps,MW,nem,NSW1
2017-10-09 05:00:00,0.0,pumps,MW,nem,NSW1
2017-10-09 05:05:00,0.0,pumps,MW,nem,NSW1
2017-10-09 05:10:00,0.0,pumps,MW,nem,NSW1
2017-10-09 05:15:00,0.0,pumps,MW,nem,NSW1
2017-10-09 05:20:00,0.0,pumps,MW,nem,NSW1
2017-10-09 05:25:00,0.0,pumps,MW,nem,NSW1
2017-10-09 05:30:00,0.0,pumps,MW,nem,NSW1
2017-10-09 05:35:00,0.0,pumps,MW,nem,NSW1
2017-10-09 05:40:00,0.0,pumps,MW,nem,NSW1
2017-10-09 05:45:00,0.0,pumps,MW,nem,NSW1
2017-10-09 05:50:00,0.0,pumps,MW,nem,NSW1
2017-10-09 05:55:00,0.0,pumps,MW,nem,NSW1
2017-10-09 06:00:00,0.0,pumps,MW,nem,NSW1
2017-10-09 06:05:00,0.0,pumps,MW,nem,NSW1
2017-10-09 06:10:00,0.0,pumps,MW,nem,NSW1
2017-10-09 06:15:00,0.0,pumps,MW,nem,NSW1
2017-10-09 06:20:00,0.0,pumps,MW,nem,NSW1
2017-10-09 06:25:00,0.0,pumps,MW,nem,NSW1
2017-10-09 06:30:00,0.0,pumps,MW,nem,NSW1
2017-10-09 06:35:00,0.0,pumps,MW,nem,NSW1
2017-10-09 06:40:00,0.0,pumps,MW,nem,NSW1
2017-10-09 06:45:00,0.0,pumps,MW,nem,NSW1
2017-10-09 06:50:00,0.0,pumps,MW,nem,NSW1
2017-10-09 06:55:00,0.0,pumps,MW,nem,NSW1
2017-10-09 07:00:00,0.0,pumps,MW,nem,NSW1
2017-10-09 07:05:00,0.0,pumps,MW,nem,NSW1
2017-10-09 07:10:00,0.0,pumps,MW,nem,NSW1
2017-10-09 07:15:00,0.0,pumps,MW,nem,NSW1
2017-10-09 07:20:00,0.0,pumps,MW,nem,NSW1
2017-10-09 07:25:00,0.0,pumps,MW,nem,NSW1
2017-10-09 07:30:00,0.0,pumps,MW,nem,NSW1
2017-10-09 07:35:00,0.0,pumps,MW,nem,NSW1
2017-10-09 07:40:00,0.0,pumps,MW,nem,NSW1
2017-10-09 07:45:00,0.0,pumps,MW,nem,NSW1
2017-10-09 07:50:00,0.0,pumps,MW,nem,NSW1
2017-10-09 07:55:00,0.0,pumps,MW,nem,NSW1
2017-10-09 08:00:00,0.0,pumps,MW,nem,NSW1
2017-10-09 08:05:00,0.0,pumps,MW,nem,NSW1
2017-10-09 08:10:00,0.0,pumps,MW,nem,NSW1
2017-10-09 08:15:00,0.0,pumps,MW,nem,NSW1
2017-10-09 08:20:00,0.0,pumps,MW,nem,NSW1
2017-10-09 08:25:00,0.0,pumps,MW,nem,NSW1
2017-10-09 08:30:00,0.0,pumps,MW,nem,NSW1
2017-10-09 08:35:00,0.0,pumps,MW,nem,NSW1
2017-10-09 08:40:00,0.0,pumps,MW,nem,NSW1
2017-10-09 08:45:00,0.0,pumps,MW,nem,NSW1
2017-10-09 08:50:00,0.0,pumps,MW,nem,NSW1
2017-10-09 08:55:00,0.0,pumps,MW,nem,NSW1
2017-10-09 09:00:00,0.0,pumps,MW,nem,NSW1
2017-10-09 09:05:00,0.0,pumps,MW,nem,NSW1
2017-10-09 09:10:00,0.0,pumps,MW,nem,NSW1
2017-10-09 09:15:00,0.0,pumps,MW,nem,NSW1
2017-10-09 09:20:00,0.0,pumps,MW,nem,NSW1
2017-10-09 09:25:00,0.0,pumps,MW,nem,NSW1
2017-10-09 09:30:00,0.0,pumps,MW,nem,NSW1
2017-10-09 09:35:00,0.0,pumps,MW,nem,NSW1
2017-10-09 09:40:00,0.0,pumps,MW,nem,NSW1
2017-10-09 09:45:00,0.0,pumps,MW,nem,NSW1
2017-10-09 09:50:00,0.0,pumps,MW,nem,NSW1
2017-10-09 09:55:00,0.0,pumps,MW,nem,NSW1
2017-10-09 10:00:00,0.0,pumps,MW,nem,NSW1
2017-10-09 10:05:00,0.0,pumps,MW,nem,NSW1
2017-10-09 10:10:00,0.0,pumps,MW,nem,NSW1
2017-10-09 10:15:00,0.0,pumps,MW,nem,NSW1
2017-10-09 10:20:00,0.0,pumps,MW,nem,NSW1
2017-10-09 10:25:00,0.0,pumps,MW,nem,NSW1
2017-10-09 10:30:00,0.0,pumps,MW,nem,NSW1
2017-10-09 10:35:00,0.0,pumps,MW,nem,NSW1
2017-10-09 10:40:00,0.0,pumps,MW,nem,NSW1
2017-10-09 10:45:00,0.0,pumps,MW,nem,NSW1
2017-10-09 10:50:00,0.0,pumps,MW,nem,NSW1
2017-10-09 10:55:00,0.0,pumps,MW,nem,NSW1
2017-10-09 11:00:00,0.0,pumps,MW,nem,NSW1
2017-10-09 11:05:00,0.0,pumps,MW,nem,NSW1
2017-10-09 11:10:00,0.0,pumps,MW,nem,NSW1
2017-10-09 11:15:00,0.0,pumps,MW,nem,NSW1
2017-10-09 11:20:00,0.0,pumps,MW,nem,NSW1
2017-10-09 11:25:00,0.0,pumps,MW,nem,NSW1
2017-10-09 11:30:00,0.0,pumps,MW,nem,NSW1
2017-10-09 11:35:00,0.0,pumps,MW,nem,NSW1
2017-10-09 11:40:00,0.0,pumps,MW,nem,NSW1
2017-10-09 11:45:00,0.0,pumps,MW,nem,NSW1
2017-10-09 11:50:00,0.0,pumps,MW,nem,NSW1
2017-10-09 11:55:00,0.0,pumps,MW,nem,NSW1
2017-10-09 12:00:00,0.0,pumps,MW,nem,NSW1
2017-10-09 12:05:00,0.0,pumps,MW,nem,NSW1
2017-10-09 12:10:00,0.0,pumps,MW,nem,NSW1
2017-10-09 12:15:00,0.0,pumps,MW,nem,NSW1
2017-10-09 12:20:00,0.0,pumps,MW,nem,NSW1
2017-10-09 12:25:00,0.0,pumps,MW,nem,NSW1
2017-10-09 12:30:00,0.0,pumps,MW,nem,NSW1
2017-10-09 12:35:00,0.0,pumps,MW,nem,NSW1
2017-10-09 12:40:00,0.0,pumps,MW,nem,NSW1
2017-10-09 12:45:00,0.0,pumps,MW,nem,NSW1
2017-10-09 12:50:00,0.0,pumps,MW,nem,NSW1
2017-10-09 12:55:00,0.0,pumps,MW,nem,NSW1
2017-10-09 13:00:00,0.0,pumps,MW,nem,NSW1
2017-10-09 13:05:00,0.0,pumps,MW,nem,NSW1
2017-10-09 13:10:00,0.0,pumps,MW,nem,NSW1
2017-10-09 13:15:00,0.0,pumps,MW,nem,NSW1
2017-10-09 13:20:00,0.0,pumps,MW,nem,NSW1
2017-10-09 13:25:00,0.0,pumps,MW,nem,NSW1
2017-10-09 13:30:00,0.0,pumps,MW,nem,NSW1
2017-10-09 13:35:00,0.0,pumps,MW,nem,NSW1
2017-10-09 13:40:00,0.0,pumps,MW,nem,NSW1
2017-10-09 13:45:00,0.0,pumps,MW,nem,NSW1
2017-10-09 13:50:00,0.0,pumps,MW,nem,NSW1
2017-10-09 13:55:00,0.0,pumps,MW,nem,NSW1
2017-10-09 14:00:00,0.0,pumps,MW,nem,NSW1
2017-10-09 14:05:00,0.0,pumps,MW,nem,NSW1
2017-10-09 14:10:00,0.0,pumps,MW,nem,NSW1
2017-10-09 14:15:00,0.0,pumps,MW,nem,NSW1
2017-10-09 14:20:00,0.0,pumps,MW,nem,NSW1
2017-10-09 14:25:00,0.0,pumps,MW,nem,NSW1
2017-10-09 14:30:00,0.0,pumps,MW,nem,NSW1
2017-10-09 14:35:00,0.0,pumps,MW,nem,NSW1
2017-10-09 14:40:00,0.0,pumps,MW,nem,NSW1
2017-10-09 14:45:00,0.0,pumps,MW,nem,NSW1
2017-10-09 14:50:00,0.0,pumps,MW,nem,NSW1
2017-10-09 14:55:00,0.0,pumps,MW,nem,NSW1
2017-10-09 15:00:00,0.0,pumps,MW,nem,NSW1
2017-10-09 15:05:00,0.0,pumps,MW,nem,NSW1
2017-10-09 15:10:00,0.0,pumps,MW,nem,NSW1
2017-10-09 15:15:00,0.0,pumps,MW,nem,NSW1
2017-10-09 15:20:00,0.0,pumps,MW,nem,NSW1
2017-10-09 15:25:00,0.0,pumps,MW,nem,NSW1
2017-10-09 15:30:00,0.0,pumps,MW,nem,NSW1
2017-10-09 15:35:00,0.0,pumps,MW,nem,NSW1
2017-10-09 15:40:00,0.0,pumps,MW,nem,NSW1
2017-10-09 15:45:00,0.0,pumps,MW,nem,NSW1
2017-10-09 15:50:00,0.0,pumps,MW,nem,NSW1
2017-10-09 15:55:00,0.0,pumps,MW,nem,NSW1
2017-10-09 16:00:00,0.0,pumps,MW,nem,NSW1
2017-10-09 16:05:00,0.0,pumps,MW,nem,NSW1
2017-10-09 16:10:00,0.0,pumps,MW,nem,NSW1
2017-10-09 16:15:00,0.0,pumps,MW,nem,NSW1
2017-10-09 16:20:00,0.0,pumps,MW,nem,NSW1
2017-10-09 16:25:00,0.0,pumps,MW,nem,NSW1
2017-10-09 16:30:00,0.0,pumps,MW,nem,NSW1
2017-10-09 16:35:00,0.0,pumps,MW,nem,NSW1
2017-10-09 16:40:00,0.0,pumps,MW,nem,NSW1
2017-10-09 16:45:00,0.0,pumps,MW,nem,NSW1
2017-10-09 16:50:00,0.0,pumps,MW,nem,NSW1
2017-10-09 16:55:00,0.0,pumps,MW,nem,NSW1
2017-10-09 17:00:00,0.0,pumps,MW,nem,NSW1
2017-10-09 17:05:00,0.0,pumps,MW,nem,NSW1
2017-10-09 17:10:00,0.0,pumps,MW,nem,NSW1
2017-10-09 17:15:00,0.0,pumps,MW,nem,NSW1
2017-10-09 17:20:00,0.0,pumps,MW,nem,NSW1
2017-10-09 17:25:00,0.0,pumps,MW,nem,NSW1
2017-10-09 17:30:00,0.0,pumps,MW,nem,NSW1
2017-10-09 17:35:00,0.0,pumps,MW,nem,NSW1
2017-10-09 17:40:00,0.0,pumps,MW,nem,NSW1
2017-10-09 17:45:00,0.0,pumps,MW,nem,NSW1
2017-10-09 17:50:00,0.0,pumps,MW,nem,NSW1
2017-10-09 17:55:00,0.0,pumps,MW,nem,NSW1
2017-10-09 18:00:00,0.0,pumps,MW,nem,NSW1
2017-10-09 18:05:00,0.0,pumps,MW,nem,NSW1
2017-10-09 18:10:00,0.0,pumps,MW,nem,NSW1
2017-10-09 18:15:00,0.0,pumps,MW,nem,NSW1
2017-10-09 18:20:00,0.0,pumps,MW,nem,NSW1
2017-10-09 18:25:00,0.0,pumps,MW,nem,NSW1
2017-10-09 18:30:00,0.0,pumps,MW,nem,NSW1
2017-10-09 18:35:00,0.0,pumps,MW,nem,NSW1
2017-10-09 18:40:00,0.0,pumps,MW,nem,NSW1
2017-10-09 18:45:00,0.0,pumps,MW,nem,NSW1
2017-10-09 18:50:00,0.0,pumps,MW,nem,NSW1
2017-10-09 18:55:00,0.0,pumps,MW,nem,NSW1
2017-10-09 19:00:00,0.0,pumps,MW,nem,NSW1
2017-10-09 19:05:00,0.0,pumps,MW,nem,NSW1
2017-10-09 19:10:00,0.0,pumps,MW,nem,NSW1
2017-10-09 19:15:00,0.0,pumps,MW,nem,NSW1
2017-10-09 19:20:00,0.0,pumps,MW,nem,NSW1
2017-10-09 19:25:00,0.0,pumps,MW,nem,NSW1
2017-10-09 19:30:00,0.0,pumps,MW,nem,NSW1
2017-10-09 19:35:00,0.0,pumps,MW,nem,NSW1
2017-10-09 19:40:00,0.0,pumps,MW,nem,NSW1
2017-10-09 19:45:00,0.0,pumps,MW,nem,NSW1
2017-10-09 19:50:00,0.0,pumps,MW,nem,NSW1
2017-10-09 19:55:00,0.0,pumps,MW,nem,NSW1
2017-10-09 20:00:00,0.0,pumps,MW,nem,NSW1
2017-10-09 20:05:00,0.0,pumps,MW,nem,NSW1
2017-10-09 20:10:00,0.0,pumps,MW,nem,NSW1
2017-10-09 20:15:00,0.0,pumps,MW,nem,NSW1
2017-10-09 20:20:00,0.0,pumps,MW,nem,NSW1
2017-10-09 20:25:00,0.0,pumps,MW,nem,NSW1
2017-10-09 20:30:00,0.0,pumps,MW,nem,NSW1
2017-10-09 20:35:00,0.0,pumps,MW,nem,NSW1
2017-10-09 20:40:00,0.0,pumps,MW,nem,NSW1
2017-10-09 20:45:00,0.0,pumps,MW,nem,NSW1
2017-10-09 20:50:00,0.0,pumps,MW,nem,NSW1
2017-10-09 20:55:00,0.0,pumps,MW,nem,NSW1
2017-10-09 21:00:00,0.0,pumps,MW,nem,NSW1
2017-10-09 21:05:00,0.0,pumps,MW,nem,NSW1
2017-10-09 21:10:00,0.0,pumps,MW,nem,NSW1
2017-10-09 21:15:00,0.0,pumps,MW,nem,NSW1
2017-10-09 21:20:00,0.0,pumps,MW,nem,NSW1
2017-10-09 21:25:00,0.0,pumps,MW,nem,NSW1
2017-10-09 21:30:00,0.0,pumps,MW,nem,NSW1
2017-10-09 21:35:00,0.0,pumps,MW,nem,NSW1
2017-10-09 21:40:00,0.0,pumps,MW,nem,NSW1
2017-10-09 21:45:00,0.0,pumps,MW,nem,NSW1
2017-10-09 21:50:00,0.0,pumps,MW,nem,NSW1
2017-10-09 21:55:00,0.0,pumps,MW,nem,NSW1
2017-10-09 22:00:00,0.0,pumps,MW,nem,NSW1
2017-10-09 22:05:00,0.0,pumps,MW,nem,NSW1
2017-10-09 22:10:00,0.0,pumps,MW,nem,NSW1
2017-10-09 22:15:00,0.0,pumps,MW,nem,NSW1
2017-10-09 22:20:00,0.0,pumps,MW,nem,NSW1
2017-10-09 22:25:00,0.0,pumps,MW,nem,NSW1
2017-10-09 22:30:00,0.0,pumps,MW,nem,NSW1
2017-10-09 22:35:00,0.0,pumps,MW,nem,NSW1
2017-10-09 22:40:00,0.0,pumps,MW,nem,NSW1
2017-10-09 22:45:00,0.0,pumps,MW,nem,NSW1
2017-10-09 22:50:00,0.0,pumps,MW,nem,NSW1
2017-10-09 22:55:00,0.0,pumps,MW,nem,NSW1
2017-10-09 23:00:00,0.0,pumps,MW,nem,NSW1
2017-10-09 23:05:00,0.0,pumps,MW,nem,NSW1
2017-10-09 23:10:00,0.0,pumps,MW,nem,NSW1
2017-10-09 23:15:00,0.0,pumps,MW,nem,NSW1
2017-10-09 23:20:00,0.0,pumps,MW,nem,NSW1
2017-10-09 23:25:00,0.0,pumps,MW,nem,NSW1
2017-10-09 23:30:00,0.0,pumps,MW,nem,NSW1
2017-10-09 23:35:00,0.0,pumps,MW,nem,NSW1
2017-10-09 23:40:00,0.0,pumps,MW,nem,NSW1
2017-10-09 23:45:00,0.0,pumps,MW,nem,NSW1
2017-10-09 23:50:00,0.0,pumps,MW,nem,NSW1
2017-10-09 23:55:00,0.0,pumps,MW,nem,NSW1
2017-10-10 00:00:00,0.0,pumps,MW,nem,NSW1
2017-10-10 00:05:00,0.0,pumps,MW,nem,NSW1
2017-10-10 00:10:00,0.0,pumps,MW,nem,NSW1
2017-10-10 00:15:00,0.0,pumps,MW,nem,NSW1
2017-10-10 00:20:00,0.0,pumps,MW,nem,NSW1
2017-10-10 00:25:00,0.0,pumps,MW,nem,NSW1
2017-10-10 00:30:00,0.0,pumps,MW,nem,NSW1
2017-10-10 00:35:00,0.0,pumps,MW,nem,NSW1
2017-10-10 00:40:00,0.0,pumps,MW,nem,NSW1
2017-10-10 00:45:00,0.0,pumps,MW,nem,NSW1
2017-10-10 00:50:00,0.0,pumps,MW,nem,NSW1
2017-10-10 00:55:00,0.0,pumps,MW,nem,NSW1
2017-10-10 01:00:00,0.0,pumps,MW,nem,NSW1
2017-10-10 01:05:00,0.0,pumps,MW,nem,NSW1
2017-10-10 01:10:00,0.0,pumps,MW,nem,NSW1
2017-10-10 01:15:00,0.0,pumps,MW,nem,NSW1
2017-10-10 01:20:00,0.0,pumps,MW,nem,NSW1
2017-10-10 01:25:00,0.0,pumps,MW,nem,NSW1
2017-10-10 01:30:00,0.0,pumps,MW,nem,NSW1
2017-10-10 01:35:00,0.0,pumps,MW,nem,NSW1
2017-10-10 01:40:00,0.0,pumps,MW,nem,NSW1
2017-10-10 01:45:00,0.0,pumps,MW,nem,NSW1
2017-10-10 01:50:00,0.0,pumps,MW,nem,NSW1
2017-10-10 01:55:00,0.0,pumps,MW,nem,NSW1
2017-10-10 02:00:00,0.0,pumps,MW,nem,NSW1
2017-10-10 02:05:00,0.0,pumps,MW,nem,NSW1
2017-10-10 02:10:00,0.0,pumps,MW,nem,NSW1
2017-10-10 02:15:00,0.0,pumps,MW,nem,NSW1
2017-10-10 02:20:00,0.0,pumps,MW,nem,NSW1
2017-10-10 02:25:00,0.0,pumps,MW,nem,NSW1
2017-10-10 02:30:00,0.0,pumps,MW,nem,NSW1
2017-10-10 02:35:00,0.0,pumps,MW,nem,NSW1
2017-10-10 02:40:00,0.0,pumps,MW,nem,NSW1
2017-10-10 02:45:00,0.0,pumps,MW,nem,NSW1
2017-10-10 02:50:00,0.0,pumps,MW,nem,NSW1
2017-10-10 02:55:00,0.0,pumps,MW,nem,NSW1
2017-10-10 03:00:00,0.0,pumps,MW,nem,NSW1
2017-10-10 03:05:00,0.0,pumps,MW,nem,NSW1
2017-10-10 03:10:00,0.0,pumps,MW,nem,NSW1
2017-10-10 03:15:00,0.0,pumps,MW,nem,NSW1
2017-10-10 03:20:00,0.0,pumps,MW,nem,NSW1
2017-10-10 03:25:00,0.0,pumps,MW,nem,NSW1
2017-10-10 03:30:00,0.0,pumps,MW,nem,NSW1
2017-10-10 03:35:00,0.0,pumps,MW,nem,NSW1
2017-10-10 03:40:00,0.0,pumps,MW,nem,NSW1
2017-10-10 03:45:00,0.0,pumps,MW,nem,NSW1
2017-10-10 03:50:00,0.0,pumps,MW,nem,NSW1
2017-10-10 03:55:00,0.0,pumps,MW,nem,NSW1
2017-10-10 04:00:00,0.0,pumps,MW,nem,NSW1
2017-10-10 04:05:00,0.0,pumps,MW,nem,NSW1
2017-10-10 04:10:00,0.0,pumps,MW,nem,NSW1
2017-10-10 04:15:00,0.0,pumps,MW,nem,NSW1
2017-10-10 04:20:00,0.0,pumps,MW,nem,NSW1
2017-10-10 04:25:00,0.0,pumps,MW,nem,NSW1
2017-10-10 04:30:00,0.0,pumps,MW,nem,NSW1
2017-10-10 04:35:00,0.0,pumps,MW,nem,NSW1
2017-10-10 04:40:00,0.0,pumps,MW,nem,NSW1
2017-10-10 04:45:00,0.0,pumps,MW,nem,NSW1
2017-10-10 04:50:00,0.0,pumps,MW,nem,NSW1
2017-10-10 04:55:00,0.0,pumps,MW,nem,NSW1
2017-10-10 05:00:00,0.0,pumps,MW,nem,NSW1
2017-10-10 05:05:00,0.0,pumps,MW,nem,NSW1
2017-10-10 05:10:00,0.0,pumps,MW,nem,NSW1
2017-10-10 05:15:00,0.0,pumps,MW,nem,NSW1
2017-10-10 05:20:00,0.0,pumps,MW,nem,NSW1
2017-10-10 05:25:00,0.0,pumps,MW,nem,NSW1
2017-10-10 05:30:00,0.0,pumps,MW,nem,NSW1
2017-10-10 05:35:00,0.0,pumps,MW,nem,NSW1
2017-10-10 05:40:00,0.0,pumps,MW,nem,NSW1
2017-10-10 05:45:00,0.0,pumps,MW,nem,NSW1
2017-10-10 05:50:00,0.0,pumps,MW,nem,NSW1
2017-10-10 05:55:00,0.0,pumps,MW,nem,NSW1
2017-10-10 06:00:00,0.0,pumps,MW,nem,NSW1
2017-10-10 06:05:00,0.0,pumps,MW,nem,NSW1
2017-10-10 06:10:00,0.0,pumps,MW,nem,NSW1
2017-10-10 06:15:00,0.0,pumps,MW,nem,NSW1
2017-10-10 06:20:00,0.0,pumps,MW,nem,NSW1
2017-10-10 06:25:00,0.0,pumps,MW,nem,NSW1
2017-10-10 06:30:00,0.0,pumps,MW,nem,NSW1
2017-10-10 06:35:00,0.0,pumps,MW,nem,NSW1
2017-10-10 06:40:00,0.0,pumps,MW,nem,NSW1
2017-10-10 06:45:00,0.0,pumps,MW,nem,NSW1
2017-10-10 06:50:00,0.0,pumps,MW,nem,NSW1
2017-10-10 06:55:00,0.0,pumps,MW,nem,NSW1
2017-10-10 07:00:00,0.0,pumps,MW,nem,NSW1
2017-10-10 07:05:00,0.0,pumps,MW,nem,NSW1
2017-10-10 07:10:00,0.0,pumps,MW,nem,NSW1
2017-10-10 07:15:00,0.0,pumps,MW,nem,NSW1
2017-10-10 07:20:00,0.0,pumps,MW,nem,NSW1
2017-10-10 07:25:00,0.0,pumps,MW,nem,NSW1
2017-10-10 07:30:00,0.0,pumps,MW,nem,NSW1
2017-10-10 07:35:00,0.0,pumps,MW,nem,NSW1
2017-10-10 07:40:00,0.0,pumps,MW,nem,NSW1
2017-10-10 07:45:00,0.0,pumps,MW,nem,NSW1
2017-10-10 07:50:00,0.0,pumps,MW,nem,NSW1
2017-10-10 07:55:00,0.0,pumps,MW,nem,NSW1
2017-10-10 08:00:00,0.0,pumps,MW,nem,NSW1
2017-10-10 08:05:00,0.0,pumps,MW,nem,NSW1
2017-10-10 08:10:00,0.0,pumps,MW,nem,NSW1
2017-10-10 08:15:00,0.0,pumps,MW,nem,NSW1
2017-10-10 08:20:00,0.0,pumps,MW,nem,NSW1
2017-10-10 08:25:00,0.0,pumps,MW,nem,NSW1
2017-10-10 08:30:00,0.0,pumps,MW,nem,NSW1
2017-10-10 08:35:00,0.0,pumps,MW,nem,NSW1
2017-10-10 08:40:00,0.0,pumps,MW,nem,NSW1
2017-10-10 08:45:00,0.0,pumps,MW,nem,NSW1
2017-10-10 08:50:00,0.0,pumps,MW,nem,NSW1
2017-10-10 08:55:00,0.0,pumps,MW,nem,NSW1
2017-10-10 09:00:00,0.0,pumps,MW,nem,NSW1
2017-10-10 09:05:00,0.0,pumps,MW,nem,NSW1
2017-10-10 09:10:00,0.0,pumps,MW,nem,NSW1
2017-10-10 09:15:00,0.0,pumps,MW,nem,NSW1
2017-10-10 09:20:00,0.0,pumps,MW,nem,NSW1
2017-10-10 09:25:00,0.0,pumps,MW,nem,NSW1
2017-10-10 09:30:00,0.0,pumps,MW,nem,NSW1
2017-10-10 09:35:00,0.0,pumps,MW,nem,NSW1
2017-10-10 09:40:00,0.0,pumps,MW,nem,NSW1
2017-10-10 09:45:00,0.0,pumps,MW,nem,NSW1
2017-10-10 09:50:00,0.0,pumps,MW,nem,NSW1
2017-10-10 09:55:00,0.0,pumps,MW,nem,NSW1
2017-10-10 10:00:00,0.0,pumps,MW,nem,NSW1
2017-10-10 10:05:00,0.0,pumps,MW,nem,NSW1
2017-10-10 10:10:00,0.0,pumps,MW,nem,NSW1
2017-10-10 10:15:00,0.0,pumps,MW,nem,NSW1
2017-10-10 10:20:00,0.0,pumps,MW,nem,NSW1
2017-10-10 10:25:00,0.0,pumps,MW,nem,NSW1
2017-10-10 10:30:00,0.0,pumps,MW,nem,NSW1
2017-10-10 10:35:00,0.0,pumps,MW,nem,NSW1
2017-10-10 10:40:00,0.0,pumps,MW,nem,NSW1
2017-10-10 10:45:00,0.0,pumps,MW,nem,NSW1
2017-10-10 10:50:00,0.0,pumps,MW,nem,NSW1
2017-10-10 10:55:00,0.0,pumps,MW,nem,NSW1
2017-10-10 11:00:00,0.0,pumps,MW,nem,NSW1
2017-10-10 11:05:00,0.0,pumps,MW,nem,NSW1
2017-10-10 11:10:00,0.0,pumps,MW,nem,NSW1
2017-10-10 11:15:00,0.0,pumps,MW,nem,NSW1
2017-10-10 11:20:00,0.0,pumps,MW,nem,NSW1
2017-10-10 11:25:00,0.0,pumps,MW,nem,NSW1
2017-10-10 11:30:00,0.0,pumps,MW,nem,NSW1
2017-10-10 11:35:00,0.0,pumps,MW,nem,NSW1
2017-10-10 11:40:00,0.0,pumps,MW,nem,NSW1
2017-10-10 11:45:00,0.0,pumps,MW,nem,NSW1
2017-10-10 11:50:00,0.0,pumps,MW,nem,NSW1
2017-10-10 11:55:00,0.0,pumps,MW,nem,NSW1
2017-10-10 12:00:00,0.0,pumps,MW,nem,NSW1
2017-10-10 12:05:00,0.0,pumps,MW,nem,NSW1
2017-10-10 12:10:00,0.0,pumps,MW,nem,NSW1
2017-10-10 12:15:00,0.0,pumps,MW,nem,NSW1
2017-10-10 12:20:00,0.0,pumps,MW,nem,NSW1
2017-10-10 12:25:00,0.0,pumps,MW,nem,NSW1
2017-10-10 12:30:00,0.0,pumps,MW,nem,NSW1
2017-10-10 12:35:00,0.0,pumps,MW,nem,NSW1
2017-10-10 12:40:00,0.0,pumps,MW,nem,NSW1
2017-10-10 12:45:00,0.0,pumps,MW,nem,NSW1
2017-10-10 12:50:00,0.0,pumps,MW,nem,NSW1
2017-10-10 12:55:00,0.0,pumps,MW,nem,NSW1
2017-10-10 13:00:00,0.0,pumps,MW,nem,NSW1
2017-10-10 13:05:00,0.0,pumps,MW,nem,NSW1
2017-10-10 13:10:00,0.0,pumps,MW,nem,NSW1
2017-10-10 13:15:00,0.0,pumps,MW,nem,NSW1
2017-10-10 13:20:00,0.0,pumps,MW,nem,NSW1
2017-10-10 13:25:00,0.0,pumps,MW,nem,NSW1
2017-10-10 13:30:00,0.0,pumps,MW,nem,NSW1
2017-10-10 13:35:00,0.0,pumps,MW,nem,NSW1
2017-10-10 13:40:00,0.0,pumps,MW,nem,NSW1
2017-10-10 13:45:00,0.0,pumps,MW,nem,NSW1
2017-10-10 13:50:00,0.0,pumps,MW,nem,NSW1
2017-10-10 13:55:00,0.0,pumps,MW,nem,NSW1
2017-10-10 14:00:00,0.0,pumps,MW,nem,NSW1
2017-10-10 14:05:00,0.0,pumps,MW,nem,NSW1
2017-10-10 14:10:00,0.0,pumps,MW,nem,NSW1
2017-10-10 14:15:00,0.0,pumps,MW,nem,NSW1
2017-10-10 14:20:00,0.0,pumps,MW,nem,NSW1
2017-10-10 14:25:00,0.0,pumps,MW,nem,NSW1
2017-10-10 14:30:00,0.0,pumps,MW,nem,NSW1
2017-10-10 14:35:00,0.0,pumps,MW,nem,NSW1
2017-10-10 14:40:00,0.0,pumps,MW,nem,NSW1
2017-10-10 14:45:00,0.0,pumps,MW,nem,NSW1
2017-10-10 14:50:00,0.0,pumps,MW,nem,NSW1
2017-10-10 14:55:00,0.0,pumps,MW,nem,NSW1
2017-10-10 15:00:00,0.0,pumps,MW,nem,NSW1
2017-10-10 15:05:00,0.0,pumps,MW,nem,NSW1
2017-10-10 15:10:00,0.0,pumps,MW,nem,NSW1
2017-10-10 15:15:00,0.0,pumps,MW,nem,NSW1
2017-10-10 15:20:00,0.0,pumps,MW,nem,NSW1
2017-10-10 15:25:00,0.0,pumps,MW,nem,NSW1
2017-10-10 15:30:00,0.0,pumps,MW,nem,NSW1
2017-10-10 15:35:00,0.0,pumps,MW,nem,NSW1
2017-10-10 15:40:00,0.0,pumps,MW,nem,NSW1
2017-10-10 15:45:00,0.0,pumps,MW,nem,NSW1
2017-10-10 15:50:00,0.0,pumps,MW,nem,NSW1
2017-10-10 15:55:00,0.0,pumps,MW,nem,NSW1
2017-10-10 16:00:00,0.0,pumps,MW,nem,NSW1
2017-10-10 16:05:00,0.0,pumps,MW,nem,NSW1
2017-10-10 16:10:00,0.0,pumps,MW,nem,NSW1
2017-10-10 16:15:00,0.0,pumps,MW,nem,NSW1
2017-10-10 16:20:00,0.0,pumps,MW,nem,NSW1
2017-10-10 16:25:00,0.0,pumps,MW,nem,NSW1
2017-10-10 16:30:00,0.0,pumps,MW,nem,NSW1
2017-10-10 16:35:00,0.0,pumps,MW,nem,NSW1
2017-10-10 16:40:00,0.0,pumps,MW,nem,NSW1
2017-10-10 16:45:00,0.0,pumps,MW,nem,NSW1
2017-10-10 16:50:00,0.0,pumps,MW,nem,NSW1
2017-10-10 16:55:00,0.0,pumps,MW,nem,NSW1
2017-10-10 17:00:00,0.0,pumps,MW,nem,NSW1
2017-10-10 17:05:00,0.0,pumps,MW,nem,NSW1
2017-10-10 17:10:00,0.0,pumps,MW,nem,NSW1
2017-10-10 17:15:00,0.0,pumps,MW,nem,NSW1
2017-10-10 17:20:00,0.0,pumps,MW,nem,NSW1
2017-10-10 17:25:00,0.0,pumps,MW,nem,NSW1
2017-10-10 17:30:00,0.0,pumps,MW,nem,NSW1
2017-10-10 17:35:00,0.0,pumps,MW,nem,NSW1
2017-10-10 17:40:00,0.0,pumps,MW,nem,NSW1
2017-10-10 17:45:00,0.0,pumps,MW,nem,NSW1
2017-10-10 17:50:00,0.0,pumps,MW,nem,NSW1
2017-10-10 17:55:00,0.0,pumps,MW,nem,NSW1
2017-10-10 18:00:00,0.0,pumps,MW,nem,NSW1
2017-10-10 18:05:00,0.0,pumps,MW,nem,NSW1
2017-10-10 18:10:00,0.0,pumps,MW,nem,NSW1
2017-10-10 18:15:00,0.0,pumps,MW,nem,NSW1
2017-10-10 18:20:00,0.0,pumps,MW,nem,NSW1
2017-10-10 18:25:00,0.0,pumps,MW,nem,NSW1
2017-10-10 18:30:00,0.0,pumps,MW,nem,NSW1
2017-10-10 18:35:00,0.0,pumps,MW,nem,NSW1
2017-10-10 18:40:00,0.0,pumps,MW,nem,NSW1
2017-10-10 18:45:00,0.0,pumps,MW,nem,NSW1
2017-10-10 18:50:00,0.0,pumps,MW,nem,NSW1
2017-10-10 18:55:00,0.0,pumps,MW,nem,NSW1
2017-10-10 19:00:00,0.0,pumps,MW,nem,NSW1
2017-10-10 19:05:00,0.0,pumps,MW,nem,NSW1
2017-10-10 19:10:00,0.0,pumps,MW,nem,NSW1
2017-10-10 19:15:00,0.0,pumps,MW,nem,NSW1
2017-10-10 19:20:00,0.0,pumps,MW,nem,NSW1
2017-10-10 19:25:00,0.0,pumps,MW,nem,NSW1
2017-10-10 19:30:00,0.0,pumps,MW,nem,NSW1
2017-10-10 19:35:00,0.0,pumps,MW,nem,NSW1
2017-10-10 19:40:00,0.0,pumps,MW,nem,NSW1
2017-10-10 19:45:00,0.0,pumps,MW,nem,NSW1
2017-10-10 19:50:00,0.0,pumps,MW,nem,NSW1
2017-10-10 19:55:00,0.0,pumps,MW,nem,NSW1
2017-10-10 20:00:00,0.0,pumps,MW,nem,NSW1
2017-10-10 20:05:00,0.0,pumps,MW,nem,NSW1
2017-10-10 20:10:00,0.0,pumps,MW,nem,NSW1
2017-10-10 20:15:00,0.0,pumps,MW,nem,NSW1
2017-10-10 20:20:00,0.0,pumps,MW,nem,NSW1
2017-10-10 20:25:00,0.0,pumps,MW,nem,NSW1
2017-10-10 20:30:00,0.0,pumps,MW,nem,NSW1
2017-10-10 20:35:00,0.0,pumps,MW,nem,NSW1
2017-10-10 20:40:00,0.0,pumps,MW,nem,NSW1
2017-10-10 20:45:00,0.0,pumps,MW,nem,NSW1
2017-10-10 20:50:00,0.0,pumps,MW,nem,NSW1
2017-10-10 20:55:00,0.0,pumps,MW,nem,NSW1
2017-10-10 21:00:00,0.0,pumps,MW,nem,NSW1
2017-10-10 21:05:00,0.0,pumps,MW,nem,NSW1
2017-10-10 21:10:00,0.0,pumps,MW,nem,NSW1
2017-10-10 21:15:00,0.0,pumps,MW,nem,NSW1
2017-10-10 21:20:00,0.0,pumps,MW,nem,NSW1
2017-10-10 21:25:00,0.0,pumps,MW,nem,NSW1
2017-10-10 21:30:00,0.0,pumps,MW,nem,NSW1
2017-10-10 21:35:00,0.0,pumps,MW,nem,NSW1
2017-10-10 21:40:00,0.0,pumps,MW,nem,NSW1
2017-10-10 21:45:00,0.0,pumps,MW,nem,NSW1
2017-10-10 21:50:00,0.0,pumps,MW,nem,NSW1
2017-10-10 21:55:00,0.0,pumps,MW,nem,NSW1
2017-10-10 22:00:00,0.0,pumps,MW,nem,NSW1
2017-10-10 22:05:00,0.0,pumps,MW,nem,NSW1
2017-10-10 22:10:00,0.0,pumps,MW,nem,NSW1
2017-10-10 22:15:00,0.0,pumps,MW,nem,NSW1
2017-10-10 22:20:00,0.0,pumps,MW,nem,NSW1
2017-10-10 22:25:00,0.0,pumps,MW,nem,NSW1
2017-10-10 22:30:00,0.0,pumps,MW,nem,NSW1
2017-10-10 22:35:00,0.0,pumps,MW,nem,NSW1
2017-10-10 22:40:00,0.0,pumps,MW,nem,NSW1
2017-10-10 22:45:00,0.0,pumps,MW,nem,NSW1
2017-10-10 22:50:00,0.0,pumps,MW,nem,NSW1
2017-10-10 22:55:00,0.0,pumps,MW,nem,NSW1
2017-10-10 23:00:00,0.0,pumps,MW,nem,NSW1
2017-10-10 23:05:00,0.0,pumps,MW,nem,NSW1
2017-10-10 23:10:00,0.0,pumps,MW,nem,NSW1
2017-10-10 23:15:00,0.0,pumps,MW,nem,NSW1
2017-10-10 23:20:00,0.0,pumps,MW,nem,NSW1
2017-10-10 23:25:00,0.0,pumps,MW,nem,NSW1
2017-10-10 23:30:00,0.0,pumps,MW,nem,NSW1
2017-10-10 23:35:00,0.0,pumps,MW,nem,NSW1
2017-10-10 23:40:00,0.0,pumps,MW,nem,NSW1
2017-10-10 23:45:00,0.0,pumps,MW,nem,NSW1
2017-10-10 23:50:00,0.0,pumps,MW,nem,NSW1
2017-10-10 23:55:00,0.0,pumps,MW,nem,NSW1
2017-10-11 00:00:00,0.0,pumps,MW,nem,NSW1
2017-10-11 00:05:00,0.0,pumps,MW,nem,NSW1
2017-10-11 00:10:00,0.0,pumps,MW,nem,NSW1
2017-10-11 00:15:00,0.0,pumps,MW,nem,NSW1
2017-10-11 00:20:00,0.0,pumps,MW,nem,NSW1
2017-10-11 00:25:00,0.0,pumps,MW,nem,NSW1
2017-10-11 00:30:00,0.0,pumps,MW,nem,NSW1
2017-10-11 00:35:00,0.0,pumps,MW,nem,NSW1
2017-10-11 00:40:00,0.0,pumps,MW,nem,NSW1
2017-10-11 00:45:00,0.0,pumps,MW,nem,NSW1
2017-10-11 00:50:00,0.0,pumps,MW,nem,NSW1
2017-10-11 00:55:00,0.0,pumps,MW,nem,NSW1
2017-10-11 01:00:00,0.0,pumps,MW,nem,NSW1
2017-10-11 01:05:00,0.0,pumps,MW,nem,NSW1
2017-10-11 01:10:00,0.0,pumps,MW,nem,NSW1
2017-10-11 01:15:00,0.0,pumps,MW,nem,NSW1
2017-10-11 01:20:00,0.0,pumps,MW,nem,NSW1
2017-10-11 01:25:00,0.0,pumps,MW,nem,NSW1
2017-10-11 01:30:00,0.0,pumps,MW,nem,NSW1
2017-10-11 01:35:00,0.0,pumps,MW,nem,NSW1
2017-10-11 01:40:00,0.0,pumps,MW,nem,NSW1
2017-10-11 01:45:00,0.0,pumps,MW,nem,NSW1
2017-10-11 01:50:00,0.0,pumps,MW,nem,NSW1
2017-10-11 01:55:00,0.0,pumps,MW,nem,NSW1
2017-10-11 02:00:00,0.0,pumps,MW,nem,NSW1
2017-10-11 02:05:00,0.0,pumps,MW,nem,NSW1
2017-10-11 02:10:00,0.0,pumps,MW,nem,NSW1
2017-10-11 02:15:00,0.0,pumps,MW,nem,NSW1
2017-10-11 02:20:00,0.0,pumps,MW,nem,NSW1
2017-10-11 02:25:00,0.0,pumps,MW,nem,NSW1
2017-10-11 02:30:00,0.0,pumps,MW,nem,NSW1
2017-10-11 02:35:00,0.0,pumps,MW,nem,NSW1
2017-10-11 02:40:00,0.0,pumps,MW,nem,NSW1
2017-10-11 02:45:00,0.0,pumps,MW,nem,NSW1
2017-10-11 02:50:00,0.0,pumps,MW,nem,NSW1
2017-10-11 02:55:00,0.0,pumps,MW,nem,NSW1
2017-10-11 03:00:00,0.0,pumps,MW,nem,NSW1
2017-10-11 03:05:00,0.0,pumps,MW,nem,NSW1
2017-10-11 03:10:00,0.0,pumps,MW,nem,NSW1
2017-10-11 03:15:00,0.0,pumps,MW,nem,NSW1
2017-10-11 03:20:00,0.0,pumps,MW,nem,NSW1
2017-10-11 03:25:00,0.0,pumps,MW,nem,NSW1
2017-10-11 03:30:00,0.0,pumps,MW,nem,NSW1
2017-10-11 03:35:00,0.0,pumps,MW,nem,NSW1
2017-10-11 03:40:00,0.0,pumps,MW,nem,NSW1
2017-10-11 03:45:00,0.0,pumps,MW,nem,NSW1
2017-10-11 03:50:00,0.0,pumps,MW,nem,NSW1
2017-10-11 03:55:00,0.0,pumps,MW,nem,NSW1
2017-10-11 04:00:00,0.0,pumps,MW,nem,NSW1
2017-10-11 04:05:00,0.0,pumps,MW,nem,NSW1
2017-10-11 04:10:00,0.0,pumps,MW,nem,NSW1
2017-10-11 04:15:00,0.0,pumps,MW,nem,NSW1
2017-10-11 04:20:00,0.0,pumps,MW,nem,NSW1
2017-10-11 04:25:00,0.0,pumps,MW,nem,NSW1
2017-10-11 04:30:00,0.0,pumps,MW,nem,NSW1
2017-10-11 04:35:00,0.0,pumps,MW,nem,NSW1
2017-10-11 04:40:00,0.0,pumps,MW,nem,NSW1
2017-10-11 04:45:00,0.0,pumps,MW,nem,NSW1
2017-10-11 04:50:00,0.0,pumps,MW,nem,NSW1
2017-10-11 04:55:00,0.0,pumps,MW,nem,NSW1
2017-10-11 05:00:00,0.0,pumps,MW,nem,NSW1
2017-10-11 05:05:00,0.0,pumps,MW,nem,NSW1
2017-10-11 05:10:00,0.0,pumps,MW,nem,NSW1
2017-10-11 05:15:00,0.0,pumps,MW,nem,NSW1
2017-10-11 05:20:00,0.0,pumps,MW,nem,NSW1
2017-10-11 05:25:00,0.0,pumps,MW,nem,NSW1
2017-10-11 05:30:00,0.0,pumps,MW,nem,NSW1
2017-10-11 05:35:00,0.0,pumps,MW,nem,NSW1
2017-10-11 05:40:00,0.0,pumps,MW,nem,NSW1
2017-10-11 05:45:00,0.0,pumps,MW,nem,NSW1
2017-10-11 05:50:00,0.0,pumps,MW,nem,NSW1
2017-10-11 05:55:00,0.0,pumps,MW,nem,NSW1
2017-10-11 06:00:00,0.0,pumps,MW,nem,NSW1
2017-10-11 06:05:00,0.0,pumps,MW,nem,NSW1
2017-10-11 06:10:00,0.0,pumps,MW,nem,NSW1
2017-10-11 06:15:00,0.0,pumps,MW,nem,NSW1
2017-10-11 06:20:00,0.0,pumps,MW,nem,NSW1
2017-10-11 06:25:00,0.0,pumps,MW,nem,NSW1
2017-10-11 06:30:00,0.0,pumps,MW,nem,NSW1
2017-10-11 06:35:00,0.0,pumps,MW,nem,NSW1
2017-10-11 06:40:00,0.0,pumps,MW,nem,NSW1
2017-10-11 06:45:00,0.0,pumps,MW,nem,NSW1
2017-10-11 06:50:00,0.0,pumps,MW,nem,NSW1
2017-10-11 06:55:00,0.0,pumps,MW,nem,NSW1
2017-10-11 07:00:00,0.0,pumps,MW,nem,NSW1
2017-10-11 07:05:00,0.0,pumps,MW,nem,NSW1
2017-10-11 07:10:00,0.0,pumps,MW,nem,NSW1
2017-10-11 07:15:00,0.0,pumps,MW,nem,NSW1
2017-10-11 07:20:00,0.0,pumps,MW,nem,NSW1
2017-10-11 07:25:00,0.0,pumps,MW,nem,NSW1
2017-10-11 07:30:00,0.0,pumps,MW,nem,NSW1
2017-10-11 07:35:00,0.0,pumps,MW,nem,NSW1
2017-10-11 07:40:00,0.0,pumps,MW,nem,NSW1
2017-10-11 07:45:00,0.0,pumps,MW,nem,NSW1
2017-10-11 07:50:00,0.0,pumps,MW,nem,NSW1
2017-10-11 07:55:00,0.0,pumps,MW,nem,NSW1
2017-10-11 08:00:00,0.0,pumps,MW,nem,NSW1
2017-10-11 08:05:00,0.0,pumps,MW,nem,NSW1
2017-10-11 08:10:00,0.0,pumps,MW,nem,NSW1
2017-10-11 08:15:00,0.0,pumps,MW,nem,NSW1
2017-10-11 08:20:00,0.0,pumps,MW,nem,NSW1
2017-10-11 08:25:00,0.0,pumps,MW,nem,NSW1
2017-10-11 08:30:00,0.0,pumps,MW,nem,NSW1
2017-10-11 08:35:00,0.0,pumps,MW,nem,NSW1
2017-10-11 08:40:00,0.0,pumps,MW,nem,NSW1
2017-10-11 08:45:00,0.0,pumps,MW,nem,NSW1
2017-10-11 08:50:00,0.0,pumps,MW,nem,NSW1
2017-10-11 08:55:00,0.0,pumps,MW,nem,NSW1
2017-10-11 09:00:00,0.0,pumps,MW,nem,NSW1
2017-10-11 09:05:00,0.0,pumps,MW,nem,NSW1
2017-10-11 09:10:00,0.0,pumps,MW,nem,NSW1
2017-10-11 09:15:00,0.0,pumps,MW,nem,NSW1
2017-10-11 09:20:00,0.0,pumps,MW,nem,NSW1
2017-10-11 09:25:00,0.0,pumps,MW,nem,NSW1
2017-10-11 09:30:00,0.0,pumps,MW,nem,NSW1
2017-10-11 09:35:00,0.0,pumps,MW,nem,NSW1
2017-10-11 09:40:00,0.0,pumps,MW,nem,NSW1
2017-10-11 09:45:00,0.0,pumps,MW,nem,NSW1
2017-10-11 09:50:00,0.0,pumps,MW,nem,NSW1
2017-10-11 09:55:00,0.0,pumps,MW,nem,NSW1
2017-10-11 10:00:00,0.0,pumps,MW,nem,NSW1
2017-10-11 10:05:00,0.0,pumps,MW,nem,NSW1
2017-10-11 10:10:00,0.0,pumps,MW,nem,NSW1
2017-10-11 10:15:00,0.0,pumps,MW,nem,NSW1
2017-10-11 10:20:00,0.0,pumps,MW,nem,NSW1
2017-10-11 10:25:00,0.0,pumps,MW,nem,NSW1
2017-10-11 10:30:00,0.0,pumps,MW,nem,NSW1
2017-10-11 10:35:00,0.0,pumps,MW,nem,NSW1
2017-10-11 10:40:00,0.0,pumps,MW,nem,NSW1
2017-10-11 10:45:00,0.0,pumps,MW,nem,NSW1
2017-10-11 10:50:00,0.0,pumps,MW,nem,NSW1
2017-10-11 10:55:00,0.0,pumps,MW,nem,NSW1
2017-10-11 11:00:00,0.0,pumps,MW,nem,NSW1
2017-10-11 11:05:00,0.0,pumps,MW,nem,NSW1
2017-10-11 11:10:00,0.0,pumps,MW,nem,NSW1
2017-10-11 11:15:00,0.0,pumps,MW,nem,NSW1
2017-10-11 11:20:00,0.0,pumps,MW,nem,NSW1
2017-10-11 11:25:00,0.0,pumps,MW,nem,NSW1
2017-10-11 11:30:00,0.0,pumps,MW,nem,NSW1
2017-10-11 11:35:00,0.0,pumps,MW,nem,NSW1
2017-10-11 11:40:00,0.0,pumps,MW,nem,NSW1
2017-10-11 11:45:00,0.0,pumps,MW,nem,NSW1
2017-10-11 11:50:00,0.0,pumps,MW,nem,NSW1
2017-10-11 11:55:00,0.0,pumps,MW,nem,NSW1
2017-10-11 12:00:00,0.0,pumps,MW,nem,NSW1
2017-10-11 12:05:00,0.0,pumps,MW,nem,NSW1
2017-10-11 12:10:00,0.0,pumps,MW,nem,NSW1
2017-10-11 12:15:00,0.0,pumps,MW,nem,NSW1
2017-10-11 12:20:00,0.0,pumps,MW,nem,NSW1
2017-10-11 12:25:00,0.0,pumps,MW,nem,NSW1
2017-10-11 12:30:00,0.0,pumps,MW,nem,NSW1
2017-10-11 12:35:00,0.0,pumps,MW,nem,NSW1
2017-10-11 12:40:00,0.0,pumps,MW,nem,NSW1
2017-10-11 12:45:00,0.0,pumps,MW,nem,NSW1
2017-10-11 12:50:00,0.0,pumps,MW,nem,NSW1
2017-10-11 12:55:00,0.0,pumps,MW,nem,NSW1
2017-10-11 13:00:00,0.0,pumps,MW,nem,NSW1
2017-10-11 13:05:00,0.0,pumps,MW,nem,NSW1
2017-10-11 13:10:00,0.0,pumps,MW,nem,NSW1
2017-10-11 13:15:00,0.0,pumps,MW,nem,NSW1
2017-10-11 13:20:00,0.0,pumps,MW,nem,NSW1
2017-10-11 13:25:00,0.0,pumps,MW,nem,NSW1
2017-10-11 13:30:00,0.0,pumps,MW,nem,NSW1
2017-10-11 13:35:00,0.0,pumps,MW,nem,NSW1
2017-10-11 13:40:00,0.0,pumps,MW,nem,NSW1
2017-10-11 13:45:00,0.0,pumps,MW,nem,NSW1
2017-10-11 13:50:00,0.0,pumps,MW,nem,NSW1
2017-10-11 13:55:00,0.0,pumps,MW,nem,NSW1
2017-10-11 14:00:00,0.0,pumps,MW,nem,NSW1
2017-10-11 14:05:00,0.0,pumps,MW,nem,NSW1
2017-10-11 14:10:00,0.0,pumps,MW,nem,NSW1
2017-10-11 14:15:00,0.0,pumps,MW,nem,NSW1
2017-10-11 14:20:00,0.0,pumps,MW,nem,NSW1
2017-10-11 14:25:00,0.0,pumps,MW,nem,NSW1
2017-10-11 14:30:00,0.0,pumps,MW,nem,NSW1
2017-10-11 14:35:00,0.0,pumps,MW,nem,NSW1
2017-10-11 14:40:00,0.0,pumps,MW,nem,NSW1
2017-10-11 14:45:00,0.0,pumps,MW,nem,NSW1
2017-10-11 14:50:00,0.0,pumps,MW,nem,NSW1
2017-10-11 14:55:00,0.0,pumps,MW,nem,NSW1
2017-10-11 15:00:00,0.0,pumps,MW,nem,NSW1
2017-10-11 15:05:00,0.0,pumps,MW,nem,NSW1
2017-10-11 15:10:00,0.0,pumps,MW,nem,NSW1
2017-10-11 15:15:00,0.0,pumps,MW,nem,NSW1
2017-10-11 15:20:00,0.0,pumps,MW,nem,NSW1
2017-10-11 15:25:00,0.0,pumps,MW,nem,NSW1
2017-10-11 15:30:00,0.0,pumps,MW,nem,NSW1
2017-10-11 15:35:00,0.0,pumps,MW,nem,NSW1
2017-10-11 15:40:00,0.0,pumps,MW,nem,NSW1
2017-10-11 15:45:00,0.0,pumps,MW,nem,NSW1
2017-10-11 15:50:00,0.0,pumps,MW,nem,NSW1
2017-10-11 15:55:00,0.0,pumps,MW,nem,NSW1
2017-10-11 16:00:00,0.0,pumps,MW,nem,NSW1
2017-10-11 16:05:00,0.0,pumps,MW,nem,NSW1
2017-10-11 16:10:00,0.0,pumps,MW,nem,NSW1
2017-10-11 16:15:00,0.0,pumps,MW,nem,NSW1
2017-10-11 16:20:00,0.0,pumps,MW,nem,NSW1
2017-10-11 16:25:00,0.0,pumps,MW,nem,NSW1
2017-10-11 16:30:00,0.0,pumps,MW,nem,NSW1
2017-10-11 16:35:00,0.0,pumps,MW,nem,NSW1
2017-10-11 16:40:00,0.0,pumps,MW,nem,NSW1
2017-10-11 16:45:00,0.0,pumps,MW,nem,NSW1
2017-10-11 16:50:00,0.0,pumps,MW,nem,NSW1
2017-10-11 16:55:00,0.0,pumps,MW,nem,NSW1
2017-10-11 17:00:00,0.0,pumps,MW,nem,NSW1
2017-10-11 17:05:00,0.0,pumps,MW,nem,NSW1
2017-10-11 17:10:00,0.0,pumps,MW,nem,NSW1
2017-10-11 17:15:00,0.0,pumps,MW,nem,NSW1
2017-10-11 17:20:00,0.0,pumps,MW,nem,NSW1
2017-10-11 17:25:00,0.0,pumps,MW,nem,NSW1
2017-10-11 17:30:00,0.0,pumps,MW,nem,NSW1
2017-10-11 17:35:00,0.0,pumps,MW,nem,NSW1
2017-10-11 17:40:00,0.0,pumps,MW,nem,NSW1
2017-10-11 17:45:00,0.0,pumps,MW,nem,NSW1
2017-10-11 17:50:00,0.0,pumps,MW,nem,NSW1
2017-10-11 17:55:00,0.0,pumps,MW,nem,NSW1
2017-10-11 18:00:00,0.0,pumps,MW,nem,NSW1
2017-10-11 18:05:00,0.0,pumps,MW,nem,NSW1
2017-10-11 18:10:00,0.0,pumps,MW,nem,NSW1
2017-10-11 18:15:00,0.0,pumps,MW,nem,NSW1
2017-10-11 18:20:00,0.0,pumps,MW,nem,NSW1
2017-10-11 18:25:00,0.0,pumps,MW,nem,NSW1
2017-10-11 18:30:00,0.0,pumps,MW,nem,NSW1
2017-10-11 18:35:00,0.0,pumps,MW,nem,NSW1
2017-10-11 18:40:00,0.0,pumps,MW,nem,NSW1
2017-10-11 18:45:00,0.0,pumps,MW,nem,NSW1
2017-10-11 18:50:00,0.0,pumps,MW,nem,NSW1
2017-10-11 18:55:00,0.0,pumps,MW,nem,NSW1
2017-10-11 19:00:00,0.0,pumps,MW,nem,NSW1
2017-10-11 19:05:00,0.0,pumps,MW,nem,NSW1
2017-10-11 19:10:00,0.0,pumps,MW,nem,NSW1
2017-10-11 19:15:00,0.0,pumps,MW,nem,NSW1
2017-10-11 19:20:00,0.0,pumps,MW,nem,NSW1
2017-10-11 19:25:00,0.0,pumps,MW,nem,NSW1
2017-10-11 19:30:00,0.0,pumps,MW,nem,NSW1
2017-10-11 19:35:00,0.0,pumps,MW,nem,NSW1
2017-10-11 19:40:00,0.0,pumps,MW,nem,NSW1
2017-10-11 19:45:00,0.0,pumps,MW,nem,NSW1
2017-10-11 19:50:00,0.0,pumps,MW,nem,NSW1
2017-10-11 19:55:00,0.0,pumps,MW,nem,NSW1
2017-10-11 20:00:00,0.0,pumps,MW,nem,NSW1
2017-10-11 20:05:00,0.0,pumps,MW,nem,NSW1
2017-10-11 20:10:00,0.0,pumps,MW,nem,NSW1
2017-10-11 20:15:00,0.0,pumps,MW,nem,NSW1
2017-10-11 20:20:00,0.0,pumps,MW,nem,NSW1
2017-10-11 20:25:00,0.0,pumps,MW,nem,NSW1
2017-10-11 20:30:00,0.0,pumps,MW,nem,NSW1
2017-10-11 20:35:00,0.0,pumps,MW,nem,NSW1
2017-10-11 20:40:00,0.0,pumps,MW,nem,NSW1
2017-10-11 20:45:00,0.0,pumps,MW,nem,NSW1
2017-10-11 20:50:00,0.0,pumps,MW,nem,NSW1
2017-10-11 20:55:00,0.0,pumps,MW,nem,NSW1
2017-10-11 21:00:00,0.0,pumps,MW,nem,NSW1
2017-10-11 21:05:00,0.0,pumps,MW,nem,NSW1
2017-10-11 21:10:00,0.0,pumps,MW,nem,NSW1
2017-10-11 21:15:00,0.0,pumps,MW,nem,NSW1
2017-10-11 21:20:00,0.0,pumps,MW,nem,NSW1
2017-10-11 21:25:00,0.0,pumps,MW,nem,NSW1
2017-10-11 21:30:00,0.0,pumps,MW,nem,NSW1
2017-10-11 21:35:00,0.0,pumps,MW,nem,NSW1
2017-10-11 21:40:00,0.0,pumps,MW,nem,NSW1
2017-10-11 21:45:00,0.0,pumps,MW,nem,NSW1
2017-10-11 21:50:00,0.0,pumps,MW,nem,NSW1
2017-10-11 21:55:00,0.0,pumps,MW,nem,NSW1
2017-10-11 22:00:00,0.0,pumps,MW,nem,NSW1
2017-10-11 22:05:00,0.0,pumps,MW,nem,NSW1
2017-10-11 22:10:00,0.0,pumps,MW,nem,NSW1
2017-10-11 22:15:00,0.0,pumps,MW,nem,NSW1
2017-10-11 22:20:00,0.0,pumps,MW,nem,NSW1
2017-10-11 22:25:00,0.0,pumps,MW,nem,NSW1
2017-10-11 22:30:00,0.0,pumps,MW,nem,NSW1
2017-10-11 22:35:00,0.0,pumps,MW,nem,NSW1
2017-10-11 22:40:00,0.0,pumps,MW,nem,NSW1
2017-10-11 22:45:00,0.0,pumps,MW,nem,NSW1
2017-10-11 22:50:00,0.0,pumps,MW,nem,NSW1
2017-10-11 22:55:00,0.0,pumps,MW,nem,NSW1
2017-10-11 23:00:00,0.0,pumps,MW,nem,NSW1
2017-10-11 23:05:00,0.0,pumps,MW,nem,NSW1
2017-10-11 23:10:00,0.0,pumps,MW,nem,NSW1
2017-10-11 23:15:00,0.0,pumps,MW,nem,NSW1
2017-10-11 23:20:00,0.0,pumps,MW,nem,NSW1
2017-10-11 23:25:00,0.0,pumps,MW,nem,NSW1
2017-10-11 23:30:00,0.0,pumps,MW,nem,NSW1
2017-10-11 23:35:00,0.0,pumps,MW,nem,NSW1
2017-10-11 23:40:00,0.0,pumps,MW,nem,NSW1
2017-10-11 23:45:00,0.0,pumps,MW,nem,NSW1
2017-10-11 23:50:00,0.0,pumps,MW,nem,NSW1
2017-10-11 23:55:00,0.0,pumps,MW,nem,NSW1
2017-10-12 00:00:00,0.0,pumps,MW,nem,NSW1
2017-10-12 00:05:00,0.0,pumps,MW,nem,NSW1
2017-10-12 00:10:00,0.0,pumps,MW,nem,NSW1
2017-10-12 00:15:00,0.0,pumps,MW,nem,NSW1
2017-10-12 00:20:00,0.0,pumps,MW,nem,NSW1
2017-10-12 00:25:00,0.0,pumps,MW,nem,NSW1
2017-10-12 00:30:00,0.0,pumps,MW,nem,NSW1
2017-10-12 00:35:00,0.0,pumps,MW,nem,NSW1
2017-10-12 00:40:00,0.0,pumps,MW,nem,NSW1
2017-10-12 00:45:00,0.0,pumps,MW,nem,NSW1
2017-10-12 00:50:00,0.0,pumps,MW,nem,NSW1
2017-10-12 00:55:00,0.0,pumps,MW,nem,NSW1
2017-10-12 01:00:00,0.0,pumps,MW,nem,NSW1
2017-10-12 01:05:00,0.0,pumps,MW,nem,NSW1
2017-10-12 01:10:00,0.0,pumps,MW,nem,NSW1
2017-10-12 01:15:00,0.0,pumps,MW,nem,NSW1
2017-10-12 01:20:00,0.0,pumps,MW,nem,NSW1
2017-10-12 01:25:00,0.0,pumps,MW,nem,NSW1
2017-10-12 01:30:00,0.0,pumps,MW,nem,NSW1
2017-10-12 01:35:00,0.0,pumps,MW,nem,NSW1
2017-10-12 01:40:00,0.0,pumps,MW,nem,NSW1
2017-10-12 01:45:00,0.0,pumps,MW,nem,NSW1
2017-10-12 01:50:00,0.0,pumps,MW,nem,NSW1
2017-10-12 01:55:00,0.0,pumps,MW,nem,NSW1
2017-10-12 02:00:00,0.0,pumps,MW,nem,NSW1
2017-10-12 02:05:00,0.0,pumps,MW,nem,NSW1
2017-10-12 02:10:00,0.0,pumps,MW,nem,NSW1
2017-10-12 02:15:00,0.0,pumps,MW,nem,NSW1
2017-10-12 02:20:00,0.0,pumps,MW,nem,NSW1
2017-10-12 02:25:00,0.0,pumps,MW,nem,NSW1
2017-10-12 02:30:00,0.0,pumps,MW,nem,NSW1
2017-10-12 02:35:00,0.0,pumps,MW,nem,NSW1
2017-10-12 02:40:00,0.0,pumps,MW,nem,NSW1
2017-10-12 02:45:00,0.0,pumps,MW,nem,NSW1
2017-10-12 02:50:00,0.0,pumps,MW,nem,NSW1
2017-10-12 02:55:00,0.0,pumps,MW,nem,NSW1
2017-10-12 03:00:00,0.0,pumps,MW,nem,NSW1
2017-10-12 03:05:00,0.0,pumps,MW,nem,NSW1
2017-10-12 03:10:00,0.0,pumps,MW,nem,NSW1
2017-10-12 03:15:00,0.0,pumps,MW,nem,NSW1
2017-10-12 03:20:00,0.0,pumps,MW,nem,NSW1
2017-10-12 03:25:00,0.0,pumps,MW,nem,NSW1
2017-10-12 03:30:00,0.0,pumps,MW,nem,NSW1
2017-10-12 03:35:00,0.0,pumps,MW,nem,NSW1
2017-10-12 03:40:00,0.0,pumps,MW,nem,NSW1
2017-10-12 03:45:00,0.0,pumps,MW,nem,NSW1
2017-10-12 03:50:00,0.0,pumps,MW,nem,NSW1
2017-10-12 03:55:00,0.0,pumps,MW,nem,NSW1
2017-10-12 04:00:00,0.0,pumps,MW,nem,NSW1
2017-10-12 04:05:00,0.0,pumps,MW,nem,NSW1
2017-10-12 04:10:00,0.0,pumps,MW,nem,NSW1
2017-10-12 04:15:00,0.0,pumps,MW,nem,NSW1
2017-10-12 04:20:00,0.0,pumps,MW,nem,NSW1
2017-10-12 04:25:00,0.0,pumps,MW,nem,NSW1
2017-10-12 04:30:00,0.0,pumps,MW,nem,NSW1
2017-10-12 04:35:00,0.0,pumps,MW,nem,NSW1
2017-10-12 04:40:00,0.0,pumps,MW,nem,NSW1
2017-10-12 04:45:00,0.0,pumps,MW,nem,NSW1
2017-10-12 04:50:00,0.0,pumps,MW,nem,NSW1
2017-10-12 04:55:00,0.0,pumps,MW,nem,NSW1
2017-10-12 05:00:00,0.0,pumps,MW,nem,NSW1
2017-10-12 05:05:00,0.0,pumps,MW,nem,NSW1
2017-10-12 05:10:00,0.0,pumps,MW,nem,NSW1
2017-10-12 05:15:00,0.0,pumps,MW,nem,NSW1
2017-10-12 05:20:00,0.0,pumps,MW,nem,NSW1
2017-10-12 05:25:00,0.0,pumps,MW,nem,NSW1
2017-10-12 05:30:00,0.0,pumps,MW,nem,NSW1
2017-10-12 05:35:00,0.0,pumps,MW,nem,NSW1
2017-10-12 05:40:00,0.0,pumps,MW,nem,NSW1
2017-10-12 05:45:00,0.0,pumps,MW,nem,NSW1
2017-10-12 05:50:00,0.0,pumps,MW,nem,NSW1
2017-10-12 05:55:00,0.0,pumps,MW,nem,NSW1
2017-10-12 06:00:00,0.0,pumps,MW,nem,NSW1
2017-10-12 06:05:00,0.0,pumps,MW,nem,NSW1
2017-10-12 06:10:00,0.0,pumps,MW,nem,NSW1
2017-10-12 06:15:00,0.0,pumps,MW,nem,NSW1
2017-10-12 06:20:00,0.0,pumps,MW,nem,NSW1
2017-10-12 06:25:00,0.0,pumps,MW,nem,NSW1
2017-10-12 06:30:00,0.0,pumps,MW,nem,NSW1
2017-10-12 06:35:00,0.0,pumps,MW,nem,NSW1
2017-10-12 06:40:00,0.0,pumps,MW,nem,NSW1
2017-10-12 06:45:00,0.0,pumps,MW,nem,NSW1
2017-10-12 06:50:00,0.0,pumps,MW,nem,NSW1
2017-10-12 06:55:00,0.0,pumps,MW,nem,NSW1
2017-10-12 07:00:00,0.0,pumps,MW,nem,NSW1
2017-10-12 07:05:00,0.0,pumps,MW,nem,NSW1
2017-10-12 07:10:00,0.0,pumps,MW,nem,NSW1
2017-10-12 07:15:00,0.0,pumps,MW,nem,NSW1
2017-10-12 07:20:00,0.0,pumps,MW,nem,NSW1
2017-10-12 07:25:00,0.0,pumps,MW,nem,NSW1
2017-10-12 07:30:00,0.0,pumps,MW,nem,NSW1
2017-10-12 07:35:00,0.0,pumps,MW,nem,NSW1
2017-10-12 07:40:00,0.0,pumps,MW,nem,NSW1
2017-10-12 07:45:00,0.0,pumps,MW,nem,NSW1
2017-10-12 07:50:00,0.0,pumps,MW,nem,NSW1
2017-10-12 07:55:00,0.0,pumps,MW,nem,NSW1
2017-10-12 08:00:00,0.0,pumps,MW,nem,NSW1
2017-10-12 08:05:00,0.0,pumps,MW,nem,NSW1
2017-10-12 08:10:00,0.0,pumps,MW,nem,NSW1
2017-10-12 08:15:00,0.0,pumps,MW,nem,NSW1
2017-10-12 08:20:00,0.0,pumps,MW,nem,NSW1
2017-10-12 08:25:00,0.0,pumps,MW,nem,NSW1
2017-10-12 08:30:00,0.0,pumps,MW,nem,NSW1
2017-10-12 08:35:00,0.0,pumps,MW,nem,NSW1
2017-10-12 08:40:00,0.0,pumps,MW,nem,NSW1
2017-10-12 08:45:00,0.0,pumps,MW,nem,NSW1
2017-10-12 08:50:00,0.0,pumps,MW,nem,NSW1
2017-10-12 08:55:00,0.0,pumps,MW,nem,NSW1
2017-10-12 09:00:00,0.0,pumps,MW,nem,NSW1
2017-10-12 09:05:00,0.0,pumps,MW,nem,NSW1
2017-10-12 09:10:00,0.0,pumps,MW,nem,NSW1
2017-10-12 09:15:00,0.0,pumps,MW,nem,NSW1
2017-10-12 09:20:00,0.0,pumps,MW,nem,NSW1
2017-10-12 09:25:00,0.0,pumps,MW,nem,NSW1
2017-10-12 09:30:00,0.0,pumps,MW,nem,NSW1
2017-10-12 09:35:00,0.0,pumps,MW,nem,NSW1
2017-10-12 09:40:00,0.0,pumps,MW,nem,NSW1
2017-10-12 09:45:00,0.0,pumps,MW,nem,NSW1
2017-10-12 09:50:00,0.0,pumps,MW,nem,NSW1
2017-10-12 09:55:00,0.0,pumps,MW,nem,NSW1
2017-10-12 10:00:00,0.0,pumps,MW,nem,NSW1
2017-10-12 10:05:00,0.0,pumps,MW,nem,NSW1
2017-10-12 10:10:00,0.0,pumps,MW,nem,NSW1
2017-10-12 10:15:00,0.0,pumps,MW,nem,NSW1
2017-10-12 10:20:00,0.0,pumps,MW,nem,NSW1
2017-10-12 10:25:00,0.0,pumps,MW,nem,NSW1
2017-10-12 10:30:00,0.0,pumps,MW,nem,NSW1
2017-10-12 10:35:00,0.0,pumps,MW,nem,NSW1
2017-10-12 10:40:00,0.0,pumps,MW,nem,NSW1
2017-10-12 10:45:00,0.0,pumps,MW,nem,NSW1
2017-10-12 10:50:00,0.0,pumps,MW,nem,NSW1
2017-10-12 10:55:00,0.0,pumps,MW,nem,NSW1
2017-10-12 11:00:00,0.0,pumps,MW,nem,NSW1
2017-10-12 11:05:00,0.0,pumps,MW,nem,NSW1
2017-10-12 11:10:00,0.0,pumps,MW,nem,NSW1
2017-10-12 11:15:00,0.0,pumps,MW,nem,NSW1
2017-10-12 11:20:00,0.0,pumps,MW,nem,NSW1
2017-10-12 11:25:00,0.0,pumps,MW,nem,NSW1
2017-10-12 11:30:00,0.0,pumps,MW,nem,NSW1
2017-10-12 11:35:00,0.0,pumps,MW,nem,NSW1
2017-10-12 11:40:00,0.0,pumps,MW,nem,NSW1
2017-10-12 11:45:00,0.0,pumps,MW,nem,NSW1
2017-10-12 11:50:00,0.0,pumps,MW,nem,NSW1
2017-10-12 11:55:00,0.0,pumps,MW,nem,NSW1
2017-10-12 12:00:00,0.0,pumps,MW,nem,NSW1
2017-10-12 12:05:00,0.0,pumps,MW,nem,NSW1
2017-10-12 12:10:00,0.0,pumps,MW,nem,NSW1
2017-10-12 12:15:00,0.0,pumps,MW,nem,NSW1
2017-10-12 12:20:00,0.0,pumps,MW,nem,NSW1
2017-10-12 12:25:00,0.0,pumps,MW,nem,NSW1
2017-10-12 12:30:00,0.0,pumps,MW,nem,NSW1
2017-10-12 12:35:00,0.0,pumps,MW,nem,NSW1
2017-10-12 12:40:00,0.0,pumps,MW,nem,NSW1
2017-10-12 12:45:00,0.0,pumps,MW,nem,NSW1
2017-10-12 12:50:00,0.0,pumps,MW,nem,NSW1
2017-10-12 12:55:00,0.0,pumps,MW,nem,NSW1
2017-10-12 13:00:00,0.0,pumps,MW,nem,NSW1
2017-10-12 13:05:00,0.0,pumps,MW,nem,NSW1
2017-10-12 13:10:00,0.0,pumps,MW,nem,NSW1
2017-10-12 13:15:00,0.0,pumps,MW,nem,NSW1
2017-10-12 13:20:00,0.0,pumps,MW,nem,NSW1
2017-10-12 13:25:00,0.0,pumps,MW,nem,NSW1
2017-10-12 13:30:00,0.0,pumps,MW,nem,NSW1
2017-10-12 13:35:00,0.0,pumps,MW,nem,NSW1
2017-10-12 13:40:00,0.0,pumps,MW,nem,NSW1
2017-10-12 13:45:00,0.0,pumps,MW,nem,NSW1
2017-10-12 13:50:00,0.0,pumps,MW,nem,NSW1
2017-10-12 13:55:00,0.0,pumps,MW,nem,NSW1
2017-10-12 14:00:00,0.0,pumps,MW,nem,NSW1
2017-10-12 14:05:00,0.0,pumps,MW,nem,NSW1
2017-10-12 14:10:00,0.0,pumps,MW,nem,NSW1
2017-10-12 14:15:00,0.0,pumps,MW,nem,NSW1
2017-10-12 14:20:00,0.0,pumps,MW,nem,NSW1
2017-10-12 14:25:00,0.0,pumps,MW,nem,NSW1
2017-10-12 14:30:00,0.0,pumps,MW,nem,NSW1
2017-10-12 14:35:00,0.0,pumps,MW,nem,NSW1
2017-10-12 14:40:00,0.0,pumps,MW,nem,NSW1
2017-10-12 14:45:00,0.0,pumps,MW,nem,NSW1
2017-10-12 14:50:00,0.0,pumps,MW,nem,NSW1
2017-10-12 14:55:00,0.0,pumps,MW,nem,NSW1
2017-10-12 15:00:00,0.0,pumps,MW,nem,NSW1
2017-10-12 15:05:00,0.0,pumps,MW,nem,NSW1
2017-10-12 15:10:00,0.0,pumps,MW,nem,NSW1
2017-10-12 15:15:00,0.0,pumps,MW,nem,NSW1
2017-10-12 15:20:00,0.0,pumps,MW,nem,NSW1
2017-10-12 15:25:00,0.0,pumps,MW,nem,NSW1
2017-10-12 15:30:00,0.0,pumps,MW,nem,NSW1
2017-10-12 15:35:00,0.0,pumps,MW,nem,NSW1
2017-10-12 15:40:00,0.0,pumps,MW,nem,NSW1
2017-10-12 15:45:00,0.0,pumps,MW,nem,NSW1
2017-10-12 15:50:00,0.0,pumps,MW,nem,NSW1
2017-10-12 15:55:00,0.0,pumps,MW,nem,NSW1
2017-10-12 16:00:00,0.0,pumps,MW,nem,NSW1
2017-10-12 16:05:00,0.0,pumps,MW,nem,NSW1
2017-10-12 16:10:00,0.0,pumps,MW,nem,NSW1
2017-10-12 16:15:00,0.0,pumps,MW,nem,NSW1
2017-10-12 16:20:00,0.0,pumps,MW,nem,NSW1
2017-10-12 16:25:00,0.0,pumps,MW,nem,NSW1
2017-10-12 16:30:00,0.0,pumps,MW,nem,NSW1
2017-10-12 16:35:00,0.0,pumps,MW,nem,NSW1
2017-10-12 16:40:00,0.0,pumps,MW,nem,NSW1
2017-10-12 16:45:00,0.0,pumps,MW,nem,NSW1
2017-10-12 16:50:00,0.0,pumps,MW,nem,NSW1
2017-10-12 16:55:00,0.0,pumps,MW,nem,NSW1
2017-10-12 17:00:00,0.0,pumps,MW,nem,NSW1
2017-10-12 17:05:00,0.0,pumps,MW,nem,NSW1
2017-10-12 17:10:00,0.0,pumps,MW,nem,NSW1
2017-10-12 17:15:00,0.0,pumps,MW,nem,NSW1
2017-10-12 17:20:00,0.0,pumps,MW,nem,NSW1
2017-10-12 17:25:00,0.0,pumps,MW,nem,NSW1
2017-10-12 17:30:00,0.0,pumps,MW,nem,NSW1
2017-10-12 17:35:00,0.0,pumps,MW,nem,NSW1
2017-10-12 17:40:00,0.0,pumps,MW,nem,NSW1
2017-10-12 17:45:00,0.0,pumps,MW,nem,NSW1
2017-10-12 17:50:00,0.0,pumps,MW,nem,NSW1
2017-10-12 17:55:00,0.0,pumps,MW,nem,NSW1
2017-10-12 18:00:00,0.0,pumps,MW,nem,NSW1
2017-10-12 18:05:00,0.0,pumps,MW,nem,NSW1
2017-10-12 18:10:00,0.0,pumps,MW,nem,NSW1
2017-10-12 18:15:00,0.0,pumps,MW,nem,NSW1
2017-10-12 18:20:00,0.0,pumps,MW,nem,NSW1
2017-10-12 18:25:00,0.0,pumps,MW,nem,NSW1
2017-10-12 18:30:00,0.0,pumps,MW,nem,NSW1
2017-10-12 18:35:00,0.0,pumps,MW,nem,NSW1
2017-10-12 18:40:00,0.0,pumps,MW,nem,NSW1
2017-10-12 18:45:00,0.0,pumps,MW,nem,NSW1
2017-10-12 18:50:00,0.0,pumps,MW,nem,NSW1
2017-10-12 18:55:00,0.0,pumps,MW,nem,NSW1
2017-10-12 19:00:00,0.0,pumps,MW,nem,NSW1
2017-10-12 19:05:00,0.0,pumps,MW,nem,NSW1
2017-10-12 19:10:00,0.0,pumps,MW,nem,NSW1
2017-10-12 19:15:00,0.0,pumps,MW,nem,NSW1
2017-10-12 19:20:00,0.0,pumps,MW,nem,NSW1
2017-10-12 19:25:00,0.0,pumps,MW,nem,NSW1
2017-10-12 19:30:00,0.0,pumps,MW,nem,NSW1
2017-10-12 19:35:00,0.0,pumps,MW,nem,NSW1
2017-10-12 19:40:00,0.0,pumps,MW,nem,NSW1
2017-10-12 19:45:00,0.0,pumps,MW,nem,NSW1
2017-10-12 19:50:00,0.0,pumps,MW,nem,NSW1
2017-10-12 19:55:00,0.0,pumps,MW,nem,NSW1
2017-10-12 20:00:00,0.0,pumps,MW,nem,NSW1
2017-10-12 20:05:00,0.0,pumps,MW,nem,NSW1
2017-10-12 20:10:00,0.0,pumps,MW,nem,NSW1
2017-10-12 20:15:00,0.0,pumps,MW,nem,NSW1
2017-10-12 20:20:00,0.0,pumps,MW,nem,NSW1
2017-10-12 20:25:00,0.0,pumps,MW,nem,NSW1
2017-10-12 20:30:00,0.0,pumps,MW,nem,NSW1
2017-10-12 20:35:00,0.0,pumps,MW,nem,NSW1
2017-10-12 20:40:00,0.0,pumps,MW,nem,NSW1
2017-10-12 20:45:00,0.0,pumps,MW,nem,NSW1
2017-10-12 20:50:00,0.0,pumps,MW,nem,NSW1
2017-10-12 20:55:00,0.0,pumps,MW,nem,NSW1
2017-10-12 21:00:00,0.0,pumps,MW,nem,NSW1
2017-10-12 21:05:00,0.0,pumps,MW,nem,NSW1
2017-10-12 21:10:00,0.0,pumps,MW,nem,NSW1
2017-10-12 21:15:00,0.0,pumps,MW,nem,NSW1
2017-10-12 21:20:00,0.0,pumps,MW,nem,NSW1
2017-10-12 21:25:00,0.0,pumps,MW,nem,NSW1
2017-10-12 21:30:00,0.0,pumps,MW,nem,NSW1
2017-10-12 21:35:00,0.0,pumps,MW,nem,NSW1
2017-10-12 21:40:00,0.0,pumps,MW,nem,NSW1
2017-10-12 21:45:00,0.0,pumps,MW,nem,NSW1
2017-10-12 21:50:00,0.0,pumps,MW,nem,NSW1
2017-10-12 21:55:00,0.0,pumps,MW,nem,NSW1
2017-10-12 22:00:00,0.0,pumps,MW,nem,NSW1
2017-10-12 22:05:00,0.0,pumps,MW,nem,NSW1
2017-10-12 22:10:00,0.0,pumps,MW,nem,NSW1
2017-10-12 22:15:00,0.0,pumps,MW,nem,NSW1
2017-10-12 22:20:00,0.0,pumps,MW,nem,NSW1
2017-10-12 22:25:00,0.0,pumps,MW,nem,NSW1
2017-10-12 22:30:00,0.0,pumps,MW,nem,NSW1
2017-10-12 22:35:00,0.0,pumps,MW,nem,NSW1
2017-10-12 22:40:00,0.0,pumps,MW,nem,NSW1
2017-10-12 22:45:00,0.0,pumps,MW,nem,NSW1
2017-10-12 22:50:00,0.0,pumps,MW,nem,NSW1
2017-10-12 22:55:00,0.0,pumps,MW,nem,NSW1
2017-10-12 23:00:00,0.0,pumps,MW,nem,NSW1
2017-10-12 23:05:00,0.0,pumps,MW,nem,NSW1
2017-10-12 23:10:00,0.0,pumps,MW,nem,NSW1
2017-10-12 23:15:00,0.0,pumps,MW,nem,NSW1
2017-10-12 23:20:00,0.0,pumps,MW,nem,NSW1
2017-10-12 23:25:00,0.0,pumps,MW,nem,NSW1
2017-10-12 23:30:00,0.0,pumps,MW,nem,NSW1
2017-10-12 23:35:00,0.0,pumps,MW,nem,NSW1
2017-10-12 23:40:00,0.0,pumps,MW,nem,NSW1
2017-10-12 23:45:00,0.0,pumps,MW,nem,NSW1
2017-10-12 23:50:00,0.0,pumps,MW,nem,NSW1
2017-10-12 23:55:00,0.0,pumps,MW,nem,NSW1
2017-10-13 00:00:00,0.0,pumps,MW,nem,NSW1
2017-10-13 00:05:00,0.0,pumps,MW,nem,NSW1
2017-10-13 00:10:00,0.0,pumps,MW,nem,NSW1
2017-10-13 00:15:00,0.0,pumps,MW,nem,NSW1
2017-10-13 00:20:00,0.0,pumps,MW,nem,NSW1
2017-10-13 00:25:00,0.0,pumps,MW,nem,NSW1
2017-10-13 00:30:00,0.0,pumps,MW,nem,NSW1
2017-10-13 00:35:00,0.0,pumps,MW,nem,NSW1
2017-10-13 00:40:00,0.0,pumps,MW,nem,NSW1
2017-10-13 00:45:00,0.0,pumps,MW,nem,NSW1
2017-10-13 00:50:00,0.0,pumps,MW,nem,NSW1
2017-10-13 00:55:00,0.0,pumps,MW,nem,NSW1
2017-10-13 01:00:00,0.0,pumps,MW,nem,NSW1
2017-10-13 01:05:00,0.0,pumps,MW,nem,NSW1
2017-10-13 01:10:00,0.0,pumps,MW,nem,NSW1
2017-10-13 01:15:00,0.0,pumps,MW,nem,NSW1
2017-10-13 01:20:00,0.0,pumps,MW,nem,NSW1
2017-10-13 01:25:00,0.0,pumps,MW,nem,NSW1
2017-10-13 01:30:00,0.0,pumps,MW,nem,NSW1
2017-10-13 01:35:00,0.0,pumps,MW,nem,NSW1
2017-10-13 01:40:00,0.0,pumps,MW,nem,NSW1
2017-10-13 01:45:00,0.0,pumps,MW,nem,NSW1
2017-10-13 01:50:00,0.0,pumps,MW,nem,NSW1
2017-10-13 01:55:00,0.0,pumps,MW,nem,NSW1
2017-10-13 02:00:00,0.0,pumps,MW,nem,NSW1
2017-10-13 02:05:00,0.0,pumps,MW,nem,NSW1
2017-10-13 02:10:00,0.0,pumps,MW,nem,NSW1
2017-10-13 02:15:00,0.0,pumps,MW,nem,NSW1
2017-10-13 02:20:00,0.0,pumps,MW,nem,NSW1
2017-10-13 02:25:00,0.0,pumps,MW,nem,NSW1
2017-10-13 02:30:00,0.0,pumps,MW,nem,NSW1
2017-10-13 02:35:00,0.0,pumps,MW,nem,NSW1
2017-10-13 02:40:00,0.0,pumps,MW,nem,NSW1
2017-10-13 02:45:00,0.0,pumps,MW,nem,NSW1
2017-10-13 02:50:00,0.0,pumps,MW,nem,NSW1
2017-10-13 02:55:00,0.0,pumps,MW,nem,NSW1
2017-10-13 03:00:00,0.0,pumps,MW,nem,NSW1
2017-10-13 03:05:00,0.0,pumps,MW,nem,NSW1
2017-10-13 03:10:00,0.0,pumps,MW,nem,NSW1
2017-10-13 03:15:00,0.0,pumps,MW,nem,NSW1
2017-10-13 03:20:00,0.0,pumps,MW,nem,NSW1
2017-10-13 03:25:00,0.0,pumps,MW,nem,NSW1
2017-10-13 03:30:00,0.0,pumps,MW,nem,NSW1
2017-10-13 03:35:00,0.0,pumps,MW,nem,NSW1
2017-10-13 03:40:00,0.0,pumps,MW,nem,NSW1
2017-10-13 03:45:00,0.0,pumps,MW,nem,NSW1
2017-10-13 03:50:00,0.0,pumps,MW,nem,NSW1
2017-10-13 03:55:00,0.0,pumps,MW,nem,NSW1
2017-10-13 04:00:00,0.0,pumps,MW,nem,NSW1
2017-10-13 04:05:00,0.0,pumps,MW,nem,NSW1
2017-10-13 04:10:00,0.0,pumps,MW,nem,NSW1
2017-10-13 04:15:00,0.0,pumps,MW,nem,NSW1
2017-10-13 04:20:00,0.0,pumps,MW,nem,NSW1
2017-10-13 04:25:00,0.0,pumps,MW,nem,NSW1
2017-10-13 04:30:00,0.0,pumps,MW,nem,NSW1
2017-10-13 04:35:00,0.0,pumps,MW,nem,NSW1
2017-10-13 04:40:00,0.0,pumps,MW,nem,NSW1
2017-10-13 04:45:00,0.0,pumps,MW,nem,NSW1
2017-10-13 04:50:00,0.0,pumps,MW,nem,NSW1
2017-10-13 04:55:00,0.0,pumps,MW,nem,NSW1
2017-10-13 05:00:00,0.0,pumps,MW,nem,NSW1
2017-10-13 05:05:00,0.0,pumps,MW,nem,NSW1
2017-10-13 05:10:00,0.0,pumps,MW,nem,NSW1
2017-10-13 05:15:00,0.0,pumps,MW,nem,NSW1
2017-10-13 05:20:00,0.0,pumps,MW,nem,NSW1
2017-10-13 05:25:00,0.0,pumps,MW,nem,NSW1
2017-10-13 05:30:00,0.0,pumps,MW,nem,NSW1
2017-10-13 05:35:00,0.0,pumps,MW,nem,NSW1
2017-10-13 05:40:00,0.0,pumps,MW,nem,NSW1
2017-10-13 05:45:00,0.0,pumps,MW,nem,NSW1
2017-10-13 05:50:00,0.0,pumps,MW,nem,NSW1
2017-10-13 05:55:00,0.0,pumps,MW,nem,NSW1
2017-10-13 06:00:00,0.0,pumps,MW,nem,NSW1
2017-10-13 06:05:00,0.0,pumps,MW,nem,NSW1
2017-10-13 06:10:00,0.0,pumps,MW,nem,NSW1
2017-10-13 06:15:00,0.0,pumps,MW,nem,NSW1
2017-10-13 06:20:00,0.0,pumps,MW,nem,NSW1
2017-10-13 06:25:00,0.0,pumps,MW,nem,NSW1
2017-10-13 06:30:00,0.0,pumps,MW,nem,NSW1
2017-10-13 06:35:00,0.0,pumps,MW,nem,NSW1
2017-10-13 06:40:00,0.0,pumps,MW,nem,NSW1
2017-10-13 06:45:00,0.0,pumps,MW,nem,NSW1
2017-10-13 06:50:00,0.0,pumps,MW,nem,NSW1
2017-10-13 06:55:00,0.0,pumps,MW,nem,NSW1
2017-10-13 07:00:00,0.0,pumps,MW,nem,NSW1
2017-10-13 07:05:00,0.0,pumps,MW,nem,NSW1
2017-10-13 07:10:00,0.0,pumps,MW,nem,NSW1
2017-10-13 07:15:00,0.0,pumps,MW,nem,NSW1
2017-10-13 07:20:00,0.0,pumps,MW,nem,NSW1
2017-10-13 07:25:00,0.0,pumps,MW,nem,NSW1
2017-10-13 07:30:00,0.0,pumps,MW,nem,NSW1
2017-10-13 07:35:00,0.0,pumps,MW,nem,NSW1
2017-10-13 07:40:00,0.0,pumps,MW,nem,NSW1
2017-10-13 07:45:00,0.0,pumps,MW,nem,NSW1
2017-10-13 07:50:00,0.0,pumps,MW,nem,NSW1
2017-10-13 07:55:00,0.0,pumps,MW,nem,NSW1
2017-10-13 08:00:00,0.0,pumps,MW,nem,NSW1
2017-10-13 08:05:00,0.0,pumps,MW,nem,NSW1
2017-10-13 08:10:00,0.0,pumps,MW,nem,NSW1
2017-10-13 08:15:00,0.0,pumps,MW,nem,NSW1
2017-10-13 08:20:00,0.0,pumps,MW,nem,NSW1
2017-10-13 08:25:00,0.0,pumps,MW,nem,NSW1
2017-10-13 08:30:00,0.0,pumps,MW,nem,NSW1
2017-10-13 08:35:00,0.0,pumps,MW,nem,NSW1
2017-10-13 08:40:00,0.0,pumps,MW,nem,NSW1
2017-10-13 08:45:00,0.0,pumps,MW,nem,NSW1
2017-10-13 08:50:00,0.0,pumps,MW,nem,NSW1
2017-10-13 08:55:00,0.0,pumps,MW,nem,NSW1
2017-10-13 09:00:00,0.0,pumps,MW,nem,NSW1
2017-10-13 09:05:00,0.0,pumps,MW,nem,NSW1
2017-10-13 09:10:00,0.0,pumps,MW,nem,NSW1
2017-10-13 09:15:00,0.0,pumps,MW,nem,NSW1
2017-10-13 09:20:00,0.0,pumps,MW,nem,NSW1
2017-10-13 09:25:00,0.0,pumps,MW,nem,NSW1
2017-10-13 09:30:00,0.0,pumps,MW,nem,NSW1
2017-10-13 09:35:00,0.0,pumps,MW,nem,NSW1
2017-10-13 09:40:00,0.0,pumps,MW,nem,NSW1
2017-10-13 09:45:00,0.0,pumps,MW,nem,NSW1
2017-10-13 09:50:00,0.0,pumps,MW,nem,NSW1
2017-10-13 09:55:00,0.0,pumps,MW,nem,NSW1
2017-10-13 10:00:00,0.0,pumps,MW,nem,NSW1
2017-10-13 10:05:00,0.0,pumps,MW,nem,NSW1
2017-10-13 10:10:00,0.0,pumps,MW,nem,NSW1
2017-10-13 10:15:00,0.0,pumps,MW,nem,NSW1
2017-10-13 10:20:00,0.0,pumps,MW,nem,NSW1
2017-10-13 10:25:00,0.0,pumps,MW,nem,NSW1
2017-10-13 10:30:00,0.0,pumps,MW,nem,NSW1
2017-10-13 10:35:00,0.0,pumps,MW,nem,NSW1
2017-10-13 10:40:00,0.0,pumps,MW,nem,NSW1
2017-10-13 10:45:00,0.0,pumps,MW,nem,NSW1
2017-10-13 10:50:00,0.0,pumps,MW,nem,NSW1
2017-10-13 10:55:00,0.0,pumps,MW,nem,NSW1
2017-10-13 11:00:00,0.0,pumps,MW,nem,NSW1
2017-10-13 11:05:00,0.0,pumps,MW,nem,NSW1
2017-10-13 11:10:00,0.0,pumps,MW,nem,NSW1
2017-10-13 11:15:00,0.0,pumps,MW,nem,NSW1
2017-10-13 11:20:00,0.0,pumps,MW,nem,NSW1
2017-10-13 11:25:00,0.0,pumps,MW,nem,NSW1
2017-10-13 11:30:00,0.0,pumps,MW,nem,NSW1
2017-10-13 11:35:00,0.0,pumps,MW,nem,NSW1
2017-10-13 11:40:00,0.0,pumps,MW,nem,NSW1
2017-10-13 11:45:00,0.0,pumps,MW,nem,NSW1
2017-10-13 11:50:00,0.0,pumps,MW,nem,NSW1
2017-10-13 11:55:00,0.0,pumps,MW,nem,NSW1
2017-10-13 12:00:00,0.0,pumps,MW,nem,NSW1
2017-10-13 12:05:00,0.0,pumps,MW,nem,NSW1
2017-10-13 12:10:00,0.0,pumps,MW,nem,NSW1
2017-10-13 12:15:00,0.0,pumps,MW,nem,NSW1
2017-10-13 12:20:00,0.0,pumps,MW,nem,NSW1
2017-10-13 12:25:00,0.0,pumps,MW,nem,NSW1
2017-10-13 12:30:00,0.0,pumps,MW,nem,NSW1
2017-10-13 12:35:00,0.0,pumps,MW,nem,NSW1
2017-10-13 12:40:00,0.0,pumps,MW,nem,NSW1
2017-10-13 12:45:00,0.0,pumps,MW,nem,NSW1
2017-10-13 12:50:00,0.0,pumps,MW,nem,NSW1
2017-10-13 12:55:00,0.0,pumps,MW,nem,NSW1
2017-10-13 13:00:00,0.0,pumps,MW,nem,NSW1
2017-10-13 13:05:00,0.0,pumps,MW,nem,NSW1
2017-10-13 13:10:00,0.0,pumps,MW,nem,NSW1
2017-10-13 13:15:00,0.0,pumps,MW,nem,NSW1
2017-10-13 13:20:00,0.0,pumps,MW,nem,NSW1
2017-10-13 13:25:00,0.0,pumps,MW,nem,NSW1
2017-10-13 13:30:00,0.0,pumps,MW,nem,NSW1
2017-10-13 13:35:00,0.0,pumps,MW,nem,NSW1
2017-10-13 13:40:00,0.0,pumps,MW,nem,NSW1
2017-10-13 13:45:00,0.0,pumps,MW,nem,NSW1
2017-10-13 13:50:00,0.0,pumps,MW,nem,NSW1
2017-10-13 13:55:00,0.0,pumps,MW,nem,NSW1
2017-10-13 14:00:00,0.0,pumps,MW,nem,NSW1
2017-10-13 14:05:00,0.0,pumps,MW,nem,NSW1
2017-10-13 14:10:00,0.0,pumps,MW,nem,NSW1
2017-10-13 14:15:00,0.0,pumps,MW,nem,NSW1
2017-10-13 14:20:00,0.0,pumps,MW,nem,NSW1
2017-10-13 14:25:00,0.0,pumps,MW,nem,NSW1
2017-10-13 14:30:00,0.0,pumps,MW,nem,NSW1
2017-10-13 14:35:00,0.0,pumps,MW,nem,NSW1
2017-10-13 14:40:00,0.0,pumps,MW,nem,NSW1
2017-10-13 14:45:00,0.0,pumps,MW,nem,NSW1
2017-10-13 14:50:00,0.0,pumps,MW,nem,NSW1
2017-10-13 14:55:00,0.0,pumps,MW,nem,NSW1
2017-10-13 15:00:00,0.0,pumps,MW,nem,NSW1
2017-10-13 15:05:00,0.0,pumps,MW,nem,NSW1
2017-10-13 15:10:00,0.0,pumps,MW,nem,NSW1
2017-10-13 15:15:00,0.0,pumps,MW,nem,NSW1
2017-10-13 15:20:00,0.0,pumps,MW,nem,NSW1
2017-10-13 15:25:00,0.0,pumps,MW,nem,NSW1
2017-10-13 15:30:00,0.0,pumps,MW,nem,NSW1
2017-10-13 15:35:00,0.0,pumps,MW,nem,NSW1
2017-10-13 15:40:00,0.0,pumps,MW,nem,NSW1
2017-10-13 15:45:00,0.0,pumps,MW,nem,NSW1
2017-10-13 15:50:00,0.0,pumps,MW,nem,NSW1
2017-10-13 15:55:00,0.0,pumps,MW,nem,NSW1
2017-10-13 16:00:00,0.0,pumps,MW,nem,NSW1
2017-10-13 16:05:00,0.0,pumps,MW,nem,NSW1
2017-10-13 16:10:00,0.0,pumps,MW,nem,NSW1
2017-10-13 16:15:00,0.0,pumps,MW,nem,NSW1
2017-10-13 16:20:00,0.0,pumps,MW,nem,NSW1
2017-10-13 16:25:00,0.0,pumps,MW,nem,NSW1
2017-10-13 16:30:00,0.0,pumps,MW,nem,NSW1
2017-10-13 16:35:00,0.0,pumps,MW,nem,NSW1
2017-10-13 16:40:00,0.0,pumps,MW,nem,NSW1
2017-10-13 16:45:00,0.0,pumps,MW,nem,NSW1
2017-10-13 16:50:00,0.0,pumps,MW,nem,NSW1
2017-10-13 16:55:00,0.0,pumps,MW,nem,NSW1
2017-10-13 17:00:00,0.0,pumps,MW,nem,NSW1
2017-10-13 17:05:00,0.0,pumps,MW,nem,NSW1
2017-10-13 17:10:00,0.0,pumps,MW,nem,NSW1
2017-10-13 17:15:00,0.0,pumps,MW,nem,NSW1
2017-10-13 17:20:00,0.0,pumps,MW,nem,NSW1
2017-10-13 17:25:00,0.0,pumps,MW,nem,NSW1
2017-10-13 17:30:00,0.0,pumps,MW,nem,NSW1
2017-10-13 17:35:00,0.0,pumps,MW,nem,NSW1
2017-10-13 17:40:00,0.0,pumps,MW,nem,NSW1
2017-10-13 17:45:00,0.0,pumps,MW,nem,NSW1
2017-10-13 17:50:00,0.0,pumps,MW,nem,NSW1
2017-10-13 17:55:00,0.0,pumps,MW,nem,NSW1
2017-10-13 18:00:00,0.0,pumps,MW,nem,NSW1
2017-10-13 18:05:00,0.0,pumps,MW,nem,NSW1
2017-10-13 18:10:00,0.0,pumps,MW,nem,NSW1
2017-10-13 18:15:00,0.0,pumps,MW,nem,NSW1
2017-10-13 18:20:00,0.0,pumps,MW,nem,NSW1
2017-10-13 18:25:00,0.0,pumps,MW,nem,NSW1
2017-10-13 18:30:00,0.0,pumps,MW,nem,NSW1
2017-10-13 18:35:00,0.0,pumps,MW,nem,NSW1
2017-10-13 18:40:00,0.0,pumps,MW,nem,NSW1
2017-10-13 18:45:00,0.0,pumps,MW,nem,NSW1
2017-10-13 18:50:00,0.0,pumps,MW,nem,NSW1
2017-10-13 18:55:00,0.0,pumps,MW,nem,NSW1
2017-10-13 19:00:00,0.0,pumps,MW,nem,NSW1
2017-10-13 19:05:00,0.0,pumps,MW,nem,NSW1
2017-10-13 19:10:00,0.0,pumps,MW,nem,NSW1
2017-10-13 19:15:00,0.0,pumps,MW,nem,NSW1
2017-10-13 19:20:00,0.0,pumps,MW,nem,NSW1
2017-10-13 19:25:00,0.0,pumps,MW,nem,NSW1
2017-10-13 19:30:00,0.0,pumps,MW,nem,NSW1
2017-10-13 19:35:00,0.0,pumps,MW,nem,NSW1
2017-10-13 19:40:00,0.0,pumps,MW,nem,NSW1
2017-10-13 19:45:00,0.0,pumps,MW,nem,NSW1
2017-10-13 19:50:00,0.0,pumps,MW,nem,NSW1
2017-10-13 19:55:00,0.0,pumps,MW,nem,NSW1
2017-10-13 20:00:00,0.0,pumps,MW,nem,NSW1
2017-10-13 20:05:00,0.0,pumps,MW,nem,NSW1
2017-10-13 20:10:00,0.0,pumps,MW,nem,NSW1
2017-10-13 20:15:00,0.0,pumps,MW,nem,NSW1
2017-10-13 20:20:00,0.0,pumps,MW,nem,NSW1
2017-10-13 20:25:00,0.0,pumps,MW,nem,NSW1
2017-10-13 20:30:00,0.0,pumps,MW,nem,NSW1
2017-10-13 20:35:00,0.0,pumps,MW,nem,NSW1
2017-10-13 20:40:00,0.0,pumps,MW,nem,NSW1
2017-10-13 20:45:00,0.0,pumps,MW,nem,NSW1
2017-10-13 20:50:00,0.0,pumps,MW,nem,NSW1
2017-10-13 20:55:00,0.0,pumps,MW,nem,NSW1
2017-10-13 21:00:00,0.0,pumps,MW,nem,NSW1
2017-10-13 21:05:00,0.0,pumps,MW,nem,NSW1
2017-10-13 21:10:00,0.0,pumps,MW,nem,NSW1
2017-10-13 21:15:00,0.0,pumps,MW,nem,NSW1
2017-10-13 21:20:00,0.0,pumps,MW,nem,NSW1
2017-10-13 21:25:00,0.0,pumps,MW,nem,NSW1
2017-10-13 21:30:00,0.0,pumps,MW,nem,NSW1
2017-10-13 21:35:00,0.0,pumps,MW,nem,NSW1
2017-10-13 21:40:00,0.0,pumps,MW,nem,NSW1
2017-10-13 21:45:00,0.0,pumps,MW,nem,NSW1
2017-10-13 21:50:00,0.0,pumps,MW,nem,NSW1
2017-10-13 21:55:00,0.0,pumps,MW,nem,NSW1
2017-10-13 22:00:00,0.0,pumps,MW,nem,NSW1
2017-10-13 22:05:00,0.0,pumps,MW,nem,NSW1
2017-10-13 22:10:00,0.0,pumps,MW,nem,NSW1
2017-10-13 22:15:00,0.0,pumps,MW,nem,NSW1
2017-10-13 22:20:00,0.0,pumps,MW,nem,NSW1
2017-10-13 22:25:00,0.0,pumps,MW,nem,NSW1
2017-10-13 22:30:00,0.0,pumps,MW,nem,NSW1
2017-10-13 22:35:00,0.0,pumps,MW,nem,NSW1
2017-10-13 22:40:00,0.0,pumps,MW,nem,NSW1
2017-10-13 22:45:00,0.0,pumps,MW,nem,NSW1
2017-10-13 22:50:00,0.0,pumps,MW,nem,NSW1
2017-10-13 22:55:00,0.0,pumps,MW,nem,NSW1
2017-10-13 23:00:00,0.0,pumps,MW,nem,NSW1
2017-10-13 23:05:00,0.0,pumps,MW,nem,NSW1
2017-10-13 23:10:00,0.0,pumps,MW,nem,NSW1
2017-10-13 23:15:00,0.0,pumps,MW,nem,NSW1
2017-10-13 23:20:00,0.0,pumps,MW,nem,NSW1
2017-10-13 23:25:00,0.0,pumps,MW,nem,NSW1
2017-10-13 23:30:00,0.0,pumps,MW,nem,NSW1
2017-10-13 23:35:00,0.0,pumps,MW,nem,NSW1
2017-10-13 23:40:00,0.0,pumps,MW,nem,NSW1
2017-10-13 23:45:00,0.0,pumps,MW,nem,NSW1
2017-10-13 23:50:00,0.0,pumps,MW,nem,NSW1
2017-10-13 23:55:00,0.0,pumps,MW,nem,NSW1
2017-10-14 00:00:00,0.0,pumps,MW,nem,NSW1
2017-10-14 00:05:00,0.0,pumps,MW,nem,NSW1
2017-10-14 00:10:00,0.0,pumps,MW,nem,NSW1
2017-10-14 00:15:00,0.0,pumps,MW,nem,NSW1
2017-10-14 00:20:00,0.0,pumps,MW,nem,NSW1
2017-10-14 00:25:00,0.0,pumps,MW,nem,NSW1
2017-10-14 00:30:00,0.0,pumps,MW,nem,NSW1
2017-10-14 00:35:00,0.0,pumps,MW,nem,NSW1
2017-10-14 00:40:00,0.0,pumps,MW,nem,NSW1
2017-10-14 00:45:00,0.0,pumps,MW,nem,NSW1
2017-10-14 00:50:00,0.0,pumps,MW,nem,NSW1
2017-10-14 00:55:00,0.0,pumps,MW,nem,NSW1
2017-10-14 01:00:00,0.0,pumps,MW,nem,NSW1
2017-10-14 01:05:00,0.0,pumps,MW,nem,NSW1
2017-10-14 01:10:00,0.0,pumps,MW,nem,NSW1
2017-10-14 01:15:00,0.0,pumps,MW,nem,NSW1
2017-10-14 01:20:00,0.0,pumps,MW,nem,NSW1
2017-10-14 01:25:00,0.0,pumps,MW,nem,NSW1
2017-10-14 01:30:00,0.0,pumps,MW,nem,NSW1
2017-10-14 01:35:00,0.0,pumps,MW,nem,NSW1
2017-10-14 01:40:00,0.0,pumps,MW,nem,NSW1
2017-10-14 01:45:00,0.0,pumps,MW,nem,NSW1
2017-10-14 01:50:00,0.0,pumps,MW,nem,NSW1
2017-10-14 01:55:00,0.0,pumps,MW,nem,NSW1
2017-10-14 02:00:00,0.0,pumps,MW,nem,NSW1
2017-10-14 02:05:00,0.0,pumps,MW,nem,NSW1
2017-10-14 02:10:00,0.0,pumps,MW,nem,NSW1
2017-10-14 02:15:00,0.0,pumps,MW,nem,NSW1
2017-10-14 02:20:00,0.0,pumps,MW,nem,NSW1
2017-10-14 02:25:00,0.0,pumps,MW,nem,NSW1
2017-10-14 02:30:00,0.0,pumps,MW,nem,NSW1
2017-10-14 02:35:00,0.0,pumps,MW,nem,NSW1
2017-10-14 02:40:00,0.0,pumps,MW,nem,NSW1
2017-10-14 02:45:00,0.0,pumps,MW,nem,NSW1
2017-10-14 02:50:00,0.0,pumps,MW,nem,NSW1
2017-10-14 02:55:00,0.0,pumps,MW,nem,NSW1
2017-10-14 03:00:00,0.0,pumps,MW,nem,NSW1
2017-10-14 03:05:00,0.0,pumps,MW,nem,NSW1
2017-10-14 03:10:00,0.0,pumps,MW,nem,NSW1
2017-10-14 03:15:00,0.0,pumps,MW,nem,NSW1
2017-10-14 03:20:00,0.0,pumps,MW,nem,NSW1
2017-10-14 03:25:00,0.0,pumps,MW,nem,NSW1
2017-10-14 03:30:00,0.0,pumps,MW,nem,NSW1
2017-10-14 03:35:00,0.0,pumps,MW,nem,NSW1
2017-10-14 03:40:00,0.0,pumps,MW,nem,NSW1
2017-10-14 03:45:00,0.0,pumps,MW,nem,NSW1
2017-10-14 03:50:00,0.0,pumps,MW,nem,NSW1
2017-10-14 03:55:00,0.0,pumps,MW,nem,NSW1
2017-10-14 04:00:00,0.0,pumps,MW,nem,NSW1
2017-10-14 04:05:00,0.0,pumps,MW,nem,NSW1
2017-10-14 04:10:00,0.0,pumps,MW,nem,NSW1
2017-10-14 04:15:00,0.0,pumps,MW,nem,NSW1
2017-10-14 04:20:00,0.0,pumps,MW,nem,NSW1
2017-10-14 04:25:00,0.0,pumps,MW,nem,NSW1
2017-10-14 04:30:00,0.0,pumps,MW,nem,NSW1
2017-10-14 04:35:00,0.0,pumps,MW,nem,NSW1
2017-10-14 04:40:00,0.0,pumps,MW,nem,NSW1
2017-10-14 04:45:00,0.0,pumps,MW,nem,NSW1
2017-10-14 04:50:00,0.0,pumps,MW,nem,NSW1
2017-10-14 04:55:00,0.0,pumps,MW,nem,NSW1
2017-10-14 05:00:00,0.0,pumps,MW,nem,NSW1
2017-10-14 05:05:00,0.0,pumps,MW,nem,NSW1
2017-10-14 05:10:00,0.0,pumps,MW,nem,NSW1
2017-10-14 05:15:00,0.0,pumps,MW,nem,NSW1
2017-10-14 05:20:00,0.0,pumps,MW,nem,NSW1
2017-10-14 05:25:00,0.0,pumps,MW,nem,NSW1
2017-10-14 05:30:00,0.0,pumps,MW,nem,NSW1
2017-10-14 05:35:00,0.0,pumps,MW,nem,NSW1
2017-10-14 05:40:00,0.0,pumps,MW,nem,NSW1
2017-10-14 05:45:00,0.0,pumps,MW,nem,NSW1
2017-10-14 05:50:00,0.0,pumps,MW,nem,NSW1
2017-10-14 05:55:00,0.0,pumps,MW,nem,NSW1
2017-10-14 06:00:00,0.0,pumps,MW,nem,NSW1
2017-10-14 06:05:00,0.0,pumps,MW,nem,NSW1
2017-10-14 06:10:00,0.0,pumps,MW,nem,NSW1
2017-10-14 06:15:00,0.0,pumps,MW,nem,NSW1
2017-10-14 06:20:00,0.0,pumps,MW,nem,NSW1
2017-10-14 06:25:00,0.0,pumps,MW,nem,NSW1
2017-10-14 06:30:00,0.0,pumps,MW,nem,NSW1
2017-10-14 06:35:00,0.0,pumps,MW,nem,NSW1
2017-10-14 06:40:00,0.0,pumps,MW,nem,NSW1
2017-10-14 06:45:00,0.0,pumps,MW,nem,NSW1
2017-10-14 06:50:00,0.0,pumps,MW,nem,NSW1
2017-10-14 06:55:00,0.0,pumps,MW,nem,NSW1
2017-10-14 07:00:00,0.0,pumps,MW,nem,NSW1
2017-10-14 07:05:00,0.0,pumps,MW,nem,NSW1
2017-10-14 07:10:00,0.0,pumps,MW,nem,NSW1
2017-10-14 07:15:00,0.0,pumps,MW,nem,NSW1
2017-10-14 07:20:00,0.0,pumps,MW,nem,NSW1
2017-10-14 07:25:00,0.0,pumps,MW,nem,NSW1
2017-10-14 07:30:00,0.0,pumps,MW,nem,NSW1
2017-10-14 07:35:00,0.0,pumps,MW,nem,NSW1
2017-10-14 07:40:00,0.0,pumps,MW,nem,NSW1
2017-10-14 07:45:00,0.0,pumps,MW,nem,NSW1
2017-10-14 07:50:00,0.0,pumps,MW,nem,NSW1
2017-10-14 07:55:00,0.0,pumps,MW,nem,NSW1
2017-10-14 08:00:00,0.0,pumps,MW,nem,NSW1
2017-10-14 08:05:00,0.0,pumps,MW,nem,NSW1
2017-10-14 08:10:00,0.0,pumps,MW,nem,NSW1
2017-10-14 08:15:00,0.0,pumps,MW,nem,NSW1
2017-10-14 08:20:00,0.0,pumps,MW,nem,NSW1
2017-10-14 08:25:00,0.0,pumps,MW,nem,NSW1
2017-10-14 08:30:00,0.0,pumps,MW,nem,NSW1
2017-10-14 08:35:00,0.0,pumps,MW,nem,NSW1
2017-10-14 08:40:00,0.0,pumps,MW,nem,NSW1
2017-10-14 08:45:00,0.0,pumps,MW,nem,NSW1
2017-10-14 08:50:00,0.0,pumps,MW,nem,NSW1
2017-10-14 08:55:00,0.0,pumps,MW,nem,NSW1
2017-10-14 09:00:00,0.0,pumps,MW,nem,NSW1
2017-10-14 09:05:00,0.0,pumps,MW,nem,NSW1
2017-10-14 09:10:00,0.0,pumps,MW,nem,NSW1
2017-10-14 09:15:00,0.0,pumps,MW,nem,NSW1
2017-10-14 09:20:00,0.0,pumps,MW,nem,NSW1
2017-10-14 09:25:00,0.0,pumps,MW,nem,NSW1
2017-10-14 09:30:00,0.0,pumps,MW,nem,NSW1
2017-10-14 09:35:00,0.0,pumps,MW,nem,NSW1
2017-10-14 09:40:00,0.0,pumps,MW,nem,NSW1
2017-10-14 09:45:00,0.0,pumps,MW,nem,NSW1
2017-10-14 09:50:00,0.0,pumps,MW,nem,NSW1
2017-10-14 09:55:00,0.0,pumps,MW,nem,NSW1
2017-10-14 10:00:00,0.0,pumps,MW,nem,NSW1
2017-10-14 10:05:00,0.0,pumps,MW,nem,NSW1
2017-10-14 10:10:00,0.0,pumps,MW,nem,NSW1
2017-10-14 10:15:00,0.0,pumps,MW,nem,NSW1
2017-10-14 10:20:00,0.0,pumps,MW,nem,NSW1
2017-10-14 10:25:00,0.0,pumps,MW,nem,NSW1
2017-10-14 10:30:00,0.0,pumps,MW,nem,NSW1
2017-10-14 10:35:00,0.0,pumps,MW,nem,NSW1
2017-10-14 10:40:00,0.0,pumps,MW,nem,NSW1
2017-10-14 10:45:00,0.0,pumps,MW,nem,NSW1
2017-10-14 10:50:00,0.0,pumps,MW,nem,NSW1
2017-10-14 10:55:00,0.0,pumps,MW,nem,NSW1
2017-10-14 11:00:00,0.0,pumps,MW,nem,NSW1
2017-10-14 11:05:00,0.0,pumps,MW,nem,NSW1
2017-10-14 11:10:00,0.0,pumps,MW,nem,NSW1
2017-10-14 11:15:00,0.0,pumps,MW,nem,NSW1
2017-10-14 11:20:00,0.0,pumps,MW,nem,NSW1
2017-10-14 11:25:00,0.0,pumps,MW,nem,NSW1
2017-10-14 11:30:00,0.0,pumps,MW,nem,NSW1
2017-10-14 11:35:00,0.0,pumps,MW,nem,NSW1
2017-10-14 11:40:00,0.0,pumps,MW,nem,NSW1
2017-10-14 11:45:00,0.0,pumps,MW,nem,NSW1
2017-10-14 11:50:00,0.0,pumps,MW,nem,NSW1
2017-10-14 11:55:00,0.0,pumps,MW,nem,NSW1
2017-10-14 12:00:00,0.0,pumps,MW,nem,NSW1
2017-10-14 12:05:00,0.0,pumps,MW,nem,NSW1
2017-10-14 12:10:00,0.0,pumps,MW,nem,NSW1
2017-10-14 12:15:00,0.0,pumps,MW,nem,NSW1
2017-10-14 12:20:00,0.0,pumps,MW,nem,NSW1
2017-10-14 12:25:00,0.0,pumps,MW,nem,NSW1
2017-10-14 12:30:00,0.0,pumps,MW,nem,NSW1
2017-10-14 12:35:00,0.0,pumps,MW,nem,NSW1
2017-10-14 12:40:00,0.0,pumps,MW,nem,NSW1
2017-10-14 12:45:00,0.0,pumps,MW,nem,NSW1
2017-10-14 12:50:00,0.0,pumps,MW,nem,NSW1
2017-10-14 12:55:00,0.0,pumps,MW,nem,NSW1
2017-10-14 13:00:00,0.0,pumps,MW,nem,NSW1
2017-10-14 13:05:00,0.0,pumps,MW,nem,NSW1
2017-10-14 13:10:00,0.0,pumps,MW,nem,NSW1
2017-10-14 13:15:00,0.0,pumps,MW,nem,NSW1
2017-10-14 13:20:00,0.0,pumps,MW,nem,NSW1
2017-10-14 13:25:00,0.0,pumps,MW,nem,NSW1
2017-10-14 13:30:00,0.0,pumps,MW,nem,NSW1
2017-10-14 13:35:00,0.0,pumps,MW,nem,NSW1
2017-10-14 13:40:00,0.0,pumps,MW,nem,NSW1
2017-10-14 13:45:00,0.0,pumps,MW,nem,NSW1
2017-10-14 13:50:00,0.0,pumps,MW,nem,NSW1
2017-10-14 13:55:00,0.0,pumps,MW,nem,NSW1
2017-10-14 14:00:00,0.0,pumps,MW,nem,NSW1
2017-10-14 14:05:00,0.0,pumps,MW,nem,NSW1
2017-10-14 14:10:00,0.0,pumps,MW,nem,NSW1
2017-10-14 14:15:00,0.0,pumps,MW,nem,NSW1
2017-10-14 14:20:00,0.0,pumps,MW,nem,NSW1
2017-10-14 14:25:00,0.0,pumps,MW,nem,NSW1
2017-10-14 14:30:00,0.0,pumps,MW,nem,NSW1
2017-10-14 14:35:00,0.0,pumps,MW,nem,NSW1
2017-10-14 14:40:00,0.0,pumps,MW,nem,NSW1
2017-10-14 14:45:00,0.0,pumps,MW,nem,NSW1
2017-10-14 14:50:00,0.0,pumps,MW,nem,NSW1
2017-10-14 14:55:00,0.0,pumps,MW,nem,NSW1
2017-10-14 15:00:00,0.0,pumps,MW,nem,NSW1
2017-10-14 15:05:00,0.0,pumps,MW,nem,NSW1
2017-10-14 15:10:00,0.0,pumps,MW,nem,NSW1
2017-10-14 15:15:00,0.0,pumps,MW,nem,NSW1
2017-10-14 15:20:00,0.0,pumps,MW,nem,NSW1
2017-10-14 15:25:00,0.0,pumps,MW,nem,NSW1
2017-10-14 15:30:00,0.0,pumps,MW,nem,NSW1
2017-10-14 15:35:00,0.0,pumps,MW,nem,NSW1
2017-10-14 15:40:00,0.0,pumps,MW,nem,NSW1
2017-10-14 15:45:00,0.0,pumps,MW,nem,NSW1
2017-10-14 15:50:00,0.0,pumps,MW,nem,NSW1
2017-10-14 15:55:00,0.0,pumps,MW,nem,NSW1
2017-10-14 16:00:00,0.0,pumps,MW,nem,NSW1
2017-10-14 16:05:00,0.0,pumps,MW,nem,NSW1
2017-10-14 16:10:00,0.0,pumps,MW,nem,NSW1
2017-10-14 16:15:00,0.0,pumps,MW,nem,NSW1
2017-10-14 16:20:00,0.0,pumps,MW,nem,NSW1
2017-10-14 16:25:00,0.0,pumps,MW,nem,NSW1
2017-10-14 16:30:00,0.0,pumps,MW,nem,NSW1
2017-10-14 16:35:00,0.0,pumps,MW,nem,NSW1
2017-10-14 16:40:00,0.0,pumps,MW,nem,NSW1
2017-10-14 16:45:00,0.0,pumps,MW,nem,NSW1
2017-10-14 16:50:00,0.0,pumps,MW,nem,NSW1
2017-10-14 16:55:00,0.0,pumps,MW,nem,NSW1
2017-10-14 17:00:00,0.0,pumps,MW,nem,NSW1
2017-10-14 17:05:00,0.0,pumps,MW,nem,NSW1
2017-10-14 17:10:00,0.0,pumps,MW,nem,NSW1
2017-10-14 17:15:00,0.0,pumps,MW,nem,NSW1
2017-10-14 17:20:00,0.0,pumps,MW,nem,NSW1
2017-10-14 17:25:00,0.0,pumps,MW,nem,NSW1
2017-10-14 17:30:00,0.0,pumps,MW,nem,NSW1
2017-10-14 17:35:00,0.0,pumps,MW,nem,NSW1
2017-10-14 17:40:00,0.0,pumps,MW,nem,NSW1
2017-10-14 17:45:00,0.0,pumps,MW,nem,NSW1
2017-10-14 17:50:00,0.0,pumps,MW,nem,NSW1
2017-10-14 17:55:00,0.0,pumps,MW,nem,NSW1
2017-10-14 18:00:00,0.0,pumps,MW,nem,NSW1
2017-10-14 18:05:00,0.0,pumps,MW,nem,NSW1
2017-10-14 18:10:00,0.0,pumps,MW,nem,NSW1
2017-10-14 18:15:00,0.0,pumps,MW,nem,NSW1
2017-10-14 18:20:00,0.0,pumps,MW,nem,NSW1
2017-10-14 18:25:00,0.0,pumps,MW,nem,NSW1
2017-10-14 18:30:00,0.0,pumps,MW,nem,NSW1
2017-10-14 18:35:00,0.0,pumps,MW,nem,NSW1
2017-10-14 18:40:00,0.0,pumps,MW,nem,NSW1
2017-10-14 18:45:00,0.0,pumps,MW,nem,NSW1
2017-10-14 18:50:00,0.0,pumps,MW,nem,NSW1
2017-10-14 18:55:00,0.0,pumps,MW,nem,NSW1
2017-10-14 19:00:00,0.0,pumps,MW,nem,NSW1
2017-10-14 19:05:00,0.0,pumps,MW,nem,NSW1
2017-10-14 19:10:00,0.0,pumps,MW,nem,NSW1
2017-10-14 19:15:00,0.0,pumps,MW,nem,NSW1
2017-10-14 19:20:00,0.0,pumps,MW,nem,NSW1
2017-10-14 19:25:00,0.0,pumps,MW,nem,NSW1
2017-10-14 19:30:00,0.0,pumps,MW,nem,NSW1
2017-10-14 19:35:00,0.0,pumps,MW,nem,NSW1
2017-10-14 19:40:00,0.0,pumps,MW,nem,NSW1
2017-10-14 19:45:00,0.0,pumps,MW,nem,NSW1
2017-10-14 19:50:00,0.0,pumps,MW,nem,NSW1
2017-10-14 19:55:00,0.0,pumps,MW,nem,NSW1
2017-10-14 20:00:00,0.0,pumps,MW,nem,NSW1
2017-10-14 20:05:00,0.0,pumps,MW,nem,NSW1
2017-10-14 20:10:00,0.0,pumps,MW,nem,NSW1
2017-10-14 20:15:00,0.0,pumps,MW,nem,NSW1
2017-10-14 20:20:00,0.0,pumps,MW,nem,NSW1
2017-10-14 20:25:00,0.0,pumps,MW,nem,NSW1
2017-10-14 20:30:00,0.0,pumps,MW,nem,NSW1
2017-10-14 20:35:00,0.0,pumps,MW,nem,NSW1
2017-10-14 20:40:00,0.0,pumps,MW,nem,NSW1
2017-10-14 20:45:00,0.0,pumps,MW,nem,NSW1
2017-10-14 20:50:00,0.0,pumps,MW,nem,NSW1
2017-10-14 20:55:00,0.0,pumps,MW,nem,NSW1
2017-10-14 21:00:00,0.0,pumps,MW,nem,NSW1
2017-10-14 21:05:00,0.0,pumps,MW,nem,NSW1
2017-10-14 21:10:00,0.0,pumps,MW,nem,NSW1
2017-10-14 21:15:00,0.0,pumps,MW,nem,NSW1
2017-10-14 21:20:00,0.0,pumps,MW,nem,NSW1
2017-10-14 21:25:00,0.0,pumps,MW,nem,NSW1
2017-10-14 21:30:00,0.0,pumps,MW,nem,NSW1
2017-10-14 21:35:00,0.0,pumps,MW,nem,NSW1
2017-10-14 21:40:00,0.0,pumps,MW,nem,NSW1
2017-10-14 21:45:00,0.0,pumps,MW,nem,NSW1
2017-10-14 21:50:00,0.0,pumps,MW,nem,NSW1
2017-10-14 21:55:00,0.0,pumps,MW,nem,NSW1
2017-10-14 22:00:00,0.0,pumps,MW,nem,NSW1
2017-10-14 22:05:00,0.0,pumps,MW,nem,NSW1
2017-10-14 22:10:00,0.0,pumps,MW,nem,NSW1
2017-10-14 22:15:00,0.0,pumps,MW,nem,NSW1
2017-10-14 22:20:00,0.0,pumps,MW,nem,NSW1
2017-10-14 22:25:00,0.0,pumps,MW,nem,NSW1
2017-10-14 22:30:00,0.0,pumps,MW,nem,NSW1
2017-10-14 22:35:00,0.0,pumps,MW,nem,NSW1
2017-10-14 22:40:00,0.0,pumps,MW,nem,NSW1
2017-10-14 22:45:00,0.0,pumps,MW,nem,NSW1
2017-10-14 22:50:00,0.0,pumps,MW,nem,NSW1
2017-10-14 22:55:00,0.0,pumps,MW,nem,NSW1
2017-10-14 23:00:00,0.0,pumps,MW,nem,NSW1
2017-10-14 23:05:00,0.0,pumps,MW,nem,NSW1
2017-10-14 23:10:00,0.0,pumps,MW,nem,NSW1
2017-10-14 23:15:00,0.0,pumps,MW,nem,NSW1
2017-10-14 23:20:00,0.0,pumps,MW,nem,NSW1
2017-10-14 23:25:00,0.0,pumps,MW,nem,NSW1
2017-10-14 23:30:00,0.0,pumps,MW,nem,NSW1
2017-10-14 23:35:00,0.0,pumps,MW,nem,NSW1
2017-10-14 23:40:00,0.0,pumps,MW,nem,NSW1
2017-10-14 23:45:00,0.0,pumps,MW,nem,NSW1
2017-10-14 23:50:00,0.0,pumps,MW,nem,NSW1
2017-10-14 23:55:00,0.0,pumps,MW,nem,NSW1
2017-10-15 00:00:00,0.0,pumps,MW,nem,NSW1
2017-10-15 00:05:00,0.0,pumps,MW,nem,NSW1
2017-10-15 00:10:00,0.0,pumps,MW,nem,NSW1
2017-10-15 00:15:00,0.0,pumps,MW,nem,NSW1
2017-10-15 00:20:00,0.0,pumps,MW,nem,NSW1
2017-10-15 00:25:00,0.0,pumps,MW,nem,NSW1
2017-10-15 00:30:00,0.0,pumps,MW,nem,NSW1
2017-10-15 00:35:00,0.0,pumps,MW,nem,NSW1
2017-10-15 00:40:00,0.0,pumps,MW,nem,NSW1
2017-10-15 00:45:00,0.0,pumps,MW,nem,NSW1
2017-10-15 00:50:00,0.0,pumps,MW,nem,NSW1
2017-10-15 00:55:00,0.0,pumps,MW,nem,NSW1
2017-10-15 01:00:00,0.0,pumps,MW,nem,NSW1
2017-10-15 01:05:00,0.0,pumps,MW,nem,NSW1
2017-10-15 01:10:00,0.0,pumps,MW,nem,NSW1
2017-10-15 01:15:00,0.0,pumps,MW,nem,NSW1
2017-10-15 01:20:00,0.0,pumps,MW,nem,NSW1
2017-10-15 01:25:00,0.0,pumps,MW,nem,NSW1
2017-10-15 01:30:00,0.0,pumps,MW,nem,NSW1
2017-10-15 01:35:00,0.0,pumps,MW,nem,NSW1
2017-10-15 01:40:00,0.0,pumps,MW,nem,NSW1
2017-10-15 01:45:00,0.0,pumps,MW,nem,NSW1
2017-10-15 01:50:00,0.0,pumps,MW,nem,NSW1
2017-10-15 01:55:00,0.0,pumps,MW,nem,NSW1
2017-10-15 02:00:00,0.0,pumps,MW,nem,NSW1
2017-10-15 02:05:00,0.0,pumps,MW,nem,NSW1
2017-10-15 02:10:00,0.0,pumps,MW,nem,NSW1
2017-10-15 02:15:00,0.0,pumps,MW,nem,NSW1
2017-10-15 02:20:00,0.0,pumps,MW,nem,NSW1
2017-10-15 02:25:00,0.0,pumps,MW,nem,NSW1
2017-10-15 02:30:00,0.0,pumps,MW,nem,NSW1
2017-10-15 02:35:00,0.0,pumps,MW,nem,NSW1
2017-10-15 02:40:00,0.0,pumps,MW,nem,NSW1
2017-10-15 02:45:00,0.0,pumps,MW,nem,NSW1
2017-10-15 02:50:00,0.0,pumps,MW,nem,NSW1
2017-10-15 02:55:00,0.0,pumps,MW,nem,NSW1
2017-10-15 03:00:00,0.0,pumps,MW,nem,NSW1
2017-10-15 03:05:00,0.0,pumps,MW,nem,NSW1
2017-10-15 03:10:00,0.0,pumps,MW,nem,NSW1
2017-10-15 03:15:00,0.0,pumps,MW,nem,NSW1
2017-10-15 03:20:00,0.0,pumps,MW,nem,NSW1
2017-10-15 03:25:00,0.0,pumps,MW,nem,NSW1
2017-10-15 03:30:00,0.0,pumps,MW,nem,NSW1
2017-10-15 03:35:00,0.0,pumps,MW,nem,NSW1
2017-10-15 03:40:00,0.0,pumps,MW,nem,NSW1
2017-10-15 03:45:00,0.0,pumps,MW,nem,NSW1
2017-10-15 03:50:00,0.0,pumps,MW,nem,NSW1
2017-10-15 03:55:00,0.0,pumps,MW,nem,NSW1
2017-10-15 04:00:00,0.0,pumps,MW,nem,NSW1
2017-10-15 04:05:00,0.0,pumps,MW,nem,NSW1
2017-10-15 04:10:00,0.0,pumps,MW,nem,NSW1
2017-10-15 04:15:00,0.0,pumps,MW,nem,NSW1
2017-10-15 04:20:00,0.0,pumps,MW,nem,NSW1
2017-10-15 04:25:00,0.0,pumps,MW,nem,NSW1
2017-10-15 04:30:00,0.0,pumps,MW,nem,NSW1
2017-10-15 04:35:00,0.0,pumps,MW,nem,NSW1
2017-10-15 04:40:00,0.0,pumps,MW,nem,NSW1
2017-10-15 04:45:00,0.0,pumps,MW,nem,NSW1
2017-10-15 04:50:00,0.0,pumps,MW,nem,NSW1
2017-10-15 04:55:00,0.0,pumps,MW,nem,NSW1
2017-10-15 05:00:00,0.0,pumps,MW,nem,NSW1
2017-10-15 05:05:00,0.0,pumps,MW,nem,NSW1
2017-10-15 05:10:00,0.0,pumps,MW,nem,NSW1
2017-10-15 05:15:00,0.0,pumps,MW,nem,NSW1
2017-10-15 05:20:00,0.0,pumps,MW,nem,NSW1
2017-10-15 05:25:00,0.0,pumps,MW,nem,NSW1
2017-10-15 05:30:00,0.0,pumps,MW,nem,NSW1
2017-10-15 05:35:00,0.0,pumps,MW,nem,NSW1
2017-10-15 05:40:00,0.0,pumps,MW,nem,NSW1
2017-10-15 05:45:00,0.0,pumps,MW,nem,NSW1
2017-10-15 05:50:00,0.0,pumps,MW,nem,NSW1
2017-10-15 05:55:00,0.0,pumps,MW,nem,NSW1
2017-10-15 06:00:00,0.0,pumps,MW,nem,NSW1
2017-10-15 06:05:00,0.0,pumps,MW,nem,NSW1
2017-10-15 06:10:00,0.0,pumps,MW,nem,NSW1
2017-10-15 06:15:00,0.0,pumps,MW,nem,NSW1
2017-10-15 06:20:00,0.0,pumps,MW,nem,NSW1
2017-10-15 06:25:00,0.0,pumps,MW,nem,NSW1
2017-10-15 06:30:00,0.0,pumps,MW,nem,NSW1
2017-10-15 06:35:00,0.0,pumps,MW,nem,NSW1
2017-10-15 06:40:00,0.0,pumps,MW,nem,NSW1
2017-10-15 06:45:00,0.0,pumps,MW,nem,NSW1
2017-10-15 06:50:00,0.0,pumps,MW,nem,NSW1
2017-10-15 06:55:00,0.0,pumps,MW,nem,NSW1
2017-10-15 07:00:00,0.0,pumps,MW,nem,NSW1
2017-10-15 07:05:00,0.0,pumps,MW,nem,NSW1
2017-10-15 07:10:00,0.0,pumps,MW,nem,NSW1
2017-10-15 07:15:00,0.0,pumps,MW,nem,NSW1
2017-10-15 07:20:00,0.0,pumps,MW,nem,NSW1
2017-10-15 07:25:00,0.0,pumps,MW,nem,NSW1
2017-10-15 07:30:00,0.0,pumps,MW,nem,NSW1
2017-10-15 07:35:00,0.0,pumps,MW,nem,NSW1
2017-10-15 07:40:00,0.0,pumps,MW,nem,NSW1
2017-10-15 07:45:00,0.0,pumps,MW,nem,NSW1
2017-10-15 07:50:00,0.0,pumps,MW,nem,NSW1
2017-10-15 07:55:00,0.0,pumps,MW,nem,NSW1
2017-10-15 08:00:00,0.0,pumps,MW,nem,NSW1
2017-10-15 08:05:00,0.0,pumps,MW,nem,NSW1
2017-10-15 08:10:00,0.0,pumps,MW,nem,NSW1
2017-10-15 08:15:00,0.0,pumps,MW,nem,NSW1
2017-10-15 08:20:00,0.0,pumps,MW,nem,NSW1
2017-10-15 08:25:00,0.0,pumps,MW,nem,NSW1
2017-10-15 08:30:00,0.0,pumps,MW,nem,NSW1
2017-10-15 08:35:00,0.0,pumps,MW,nem,NSW1
2017-10-15 08:40:00,0.0,pumps,MW,nem,NSW1
2017-10-15 08:45:00,0.0,pumps,MW,nem,NSW1
2017-10-15 08:50:00,0.0,pumps,MW,nem,NSW1
2017-10-15 08:55:00,0.0,pumps,MW,nem,NSW1
2017-10-15 09:00:00,0.0,pumps,MW,nem,NSW1
2017-10-15 09:05:00,0.0,pumps,MW,nem,NSW1
2017-10-15 09:10:00,0.0,pumps,MW,nem,NSW1
2017-10-15 09:15:00,0.0,pumps,MW,nem,NSW1
2017-10-15 09:20:00,0.0,pumps,MW,nem,NSW1
2017-10-15 09:25:00,0.0,pumps,MW,nem,NSW1
2017-10-15 09:30:00,0.0,pumps,MW,nem,NSW1
2017-10-15 09:35:00,0.0,pumps,MW,nem,NSW1
2017-10-15 09:40:00,0.0,pumps,MW,nem,NSW1
2017-10-15 09:45:00,0.0,pumps,MW,nem,NSW1
2017-10-15 09:50:00,0.0,pumps,MW,nem,NSW1
2017-10-15 09:55:00,0.0,pumps,MW,nem,NSW1
2017-10-15 10:00:00,0.0,pumps,MW,nem,NSW1
2017-10-15 10:05:00,0.0,pumps,MW,nem,NSW1
2017-10-15 10:10:00,0.0,pumps,MW,nem,NSW1
2017-10-15 10:15:00,0.0,pumps,MW,nem,NSW1
2017-10-15 10:20:00,0.0,pumps,MW,nem,NSW1
2017-10-15 10:25:00,0.0,pumps,MW,nem,NSW1
2017-10-15 10:30:00,0.0,pumps,MW,nem,NSW1
2017-10-15 10:35:00,0.0,pumps,MW,nem,NSW1
2017-10-15 10:40:00,0.0,pumps,MW,nem,NSW1
2017-10-15 10:45:00,0.0,pumps,MW,nem,NSW1
2017-10-15 10:50:00,0.0,pumps,MW,nem,NSW1
2017-10-15 10:55:00,0.0,pumps,MW,nem,NSW1
2017-10-15 11:00:00,0.0,pumps,MW,nem,NSW1
2017-10-15 11:05:00,0.0,pumps,MW,nem,NSW1
2017-10-15 11:10:00,0.0,pumps,MW,nem,NSW1
2017-10-15 11:15:00,0.0,pumps,MW,nem,NSW1
2017-10-15 11:20:00,0.0,pumps,MW,nem,NSW1
2017-10-15 11:25:00,0.0,pumps,MW,nem,NSW1
2017-10-15 11:30:00,0.0,pumps,MW,nem,NSW1
2017-10-15 11:35:00,0.0,pumps,MW,nem,NSW1
2017-10-15 11:40:00,0.0,pumps,MW,nem,NSW1
2017-10-15 11:45:00,0.0,pumps,MW,nem,NSW1
2017-10-15 11:50:00,0.0,pumps,MW,nem,NSW1
2017-10-15 11:55:00,0.0,pumps,MW,nem,NSW1
2017-10-15 12:00:00,0.0,pumps,MW,nem,NSW1
2017-10-15 12:05:00,0.0,pumps,MW,nem,NSW1
2017-10-15 12:10:00,0.0,pumps,MW,nem,NSW1
2017-10-15 12:15:00,0.0,pumps,MW,nem,NSW1
2017-10-15 12:20:00,0.0,pumps,MW,nem,NSW1
2017-10-15 12:25:00,0.0,pumps,MW,nem,NSW1
2017-10-15 12:30:00,0.0,pumps,MW,nem,NSW1
2017-10-15 12:35:00,0.0,pumps,MW,nem,NSW1
2017-10-15 12:40:00,0.0,pumps,MW,nem,NSW1
2017-10-15 12:45:00,0.0,pumps,MW,nem,NSW1
2017-10-15 12:50:00,0.0,pumps,MW,nem,NSW1
2017-10-15 12:55:00,0.0,pumps,MW,nem,NSW1
2017-10-15 13:00:00,0.0,pumps,MW,nem,NSW1
2017-10-15 13:05:00,0.0,pumps,MW,nem,NSW1
2017-10-15 13:10:00,0.0,pumps,MW,nem,NSW1
2017-10-15 13:15:00,0.0,pumps,MW,nem,NSW1
2017-10-15 13:20:00,0.0,pumps,MW,nem,NSW1
2017-10-15 13:25:00,0.0,pumps,MW,nem,NSW1
2017-10-15 13:30:00,0.0,pumps,MW,nem,NSW1
2017-10-15 13:35:00,0.0,pumps,MW,nem,NSW1
2017-10-15 13:40:00,0.0,pumps,MW,nem,NSW1
2017-10-15 13:45:00,0.0,pumps,MW,nem,NSW1
2017-10-15 13:50:00,0.0,pumps,MW,nem,NSW1
2017-10-15 13:55:00,0.0,pumps,MW,nem,NSW1
2017-10-15 14:00:00,0.0,pumps,MW,nem,NSW1
2017-10-15 14:05:00,0.0,pumps,MW,nem,NSW1
2017-10-15 14:10:00,0.0,pumps,MW,nem,NSW1
2017-10-15 14:15:00,0.0,pumps,MW,nem,NSW1
2017-10-15 14:20:00,0.0,pumps,MW,nem,NSW1
2017-10-15 14:25:00,0.0,pumps,MW,nem,NSW1
2017-10-15 14:30:00,0.0,pumps,MW,nem,NSW1
2017-10-15 14:35:00,0.0,pumps,MW,nem,NSW1
2017-10-15 14:40:00,0.0,pumps,MW,nem,NSW1
2017-10-15 14:45:00,0.0,pumps,MW,nem,NSW1
2017-10-15 14:50:00,0.0,pumps,MW,nem,NSW1
2017-10-15 14:55:00,0.0,pumps,MW,nem,NSW1
2017-10-15 15:00:00,0.0,pumps,MW,nem,NSW1
2017-10-15 15:05:00,0.0,pumps,MW,nem,NSW1
2017-10-15 15:10:00,0.0,pumps,MW,nem,NSW1
2017-10-15 15:15:00,0.0,pumps,MW,nem,NSW1
2017-10-15 15:20:00,0.0,pumps,MW,nem,NSW1
2017-10-15 15:25:00,0.0,pumps,MW,nem,NSW1
2017-10-15 15:30:00,0.0,pumps,MW,nem,NSW1
2017-10-15 15:35:00,0.0,pumps,MW,nem,NSW1
2017-10-15 15:40:00,0.0,pumps,MW,nem,NSW1
2017-10-15 15:45:00,0.0,pumps,MW,nem,NSW1
2017-10-15 15:50:00,0.0,pumps,MW,nem,NSW1
2017-10-15 15:55:00,0.0,pumps,MW,nem,NSW1
2017-10-15 16:00:00,0.0,pumps,MW,nem,NSW1
2017-10-15 16:05:00,0.0,pumps,MW,nem,NSW1
2017-10-15 16:10:00,0.0,pumps,MW,nem,NSW1
2017-10-15 16:15:00,0.0,pumps,MW,nem,NSW1
2017-10-15 16:20:00,0.0,pumps,MW,nem,NSW1
2017-10-15 16:25:00,0.0,pumps,MW,nem,NSW1
2017-10-15 16:30:00,0.0,pumps,MW,nem,NSW1
2017-10-15 16:35:00,0.0,pumps,MW,nem,NSW1
2017-10-15 16:40:00,0.0,pumps,MW,nem,NSW1
2017-10-15 16:45:00,0.0,pumps,MW,nem,NSW1
2017-10-15 16:50:00,0.0,pumps,MW,nem,NSW1
2017-10-15 16:55:00,0.0,pumps,MW,nem,NSW1
2017-10-15 17:00:00,0.0,pumps,MW,nem,NSW1
2017-10-15 17:05:00,0.0,pumps,MW,nem,NSW1
2017-10-15 17:10:00,0.0,pumps,MW,nem,NSW1
2017-10-15 17:15:00,0.0,pumps,MW,nem,NSW1
2017-10-15 17:20:00,0.0,pumps,MW,nem,NSW1
2017-10-15 17:25:00,0.0,pumps,MW,nem,NSW1
2017-10-15 17:30:00,0.0,pumps,MW,nem,NSW1
2017-10-15 17:35:00,0.0,pumps,MW,nem,NSW1
2017-10-15 17:40:00,0.0,pumps,MW,nem,NSW1
2017-10-15 17:45:00,0.0,pumps,MW,nem,NSW1
2017-10-15 17:50:00,0.0,pumps,MW,nem,NSW1
2017-10-15 17:55:00,0.0,pumps,MW,nem,NSW1
2017-10-15 18:00:00,0.0,pumps,MW,nem,NSW1
2017-10-15 18:05:00,0.0,pumps,MW,nem,NSW1
2017-10-15 18:10:00,0.0,pumps,MW,nem,NSW1
2017-10-15 18:15:00,0.0,pumps,MW,nem,NSW1
2017-10-15 18:20:00,0.0,pumps,MW,nem,NSW1
2017-10-15 18:25:00,0.0,pumps,MW,nem,NSW1
2017-10-15 18:30:00,0.0,pumps,MW,nem,NSW1
2017-10-15 18:35:00,0.0,pumps,MW,nem,NSW1
2017-10-15 18:40:00,0.0,pumps,MW,nem,NSW1
2017-10-15 18:45:00,0.0,pumps,MW,nem,NSW1
2017-10-15 18:50:00,0.0,pumps,MW,nem,NSW1
2017-10-15 18:55:00,0.0,pumps,MW,nem,NSW1
2017-10-15 19:00:00,0.0,pumps,MW,nem,NSW1
2017-10-15 19:05:00,0.0,pumps,MW,nem,NSW1
2017-10-15 19:10:00,0.0,pumps,MW,nem,NSW1
2017-10-15 19:15:00,0.0,pumps,MW,nem,NSW1
2017-10-15 19:20:00,0.0,pumps,MW,nem,NSW1
2017-10-15 19:25:00,0.0,pumps,MW,nem,NSW1
2017-10-15 19:30:00,0.0,pumps,MW,nem,NSW1
2017-10-15 19:35:00,0.0,pumps,MW,nem,NSW1
2017-10-15 19:40:00,0.0,pumps,MW,nem,NSW1
2017-10-15 19:45:00,0.0,pumps,MW,nem,NSW1
2017-10-15 19:50:00,0.0,pumps,MW,nem,NSW1
2017-10-15 19:55:00,0.0,pumps,MW,nem,NSW1
2017-10-15 20:00:00,0.0,pumps,MW,nem,NSW1
2017-10-15 20:05:00,0.0,pumps,MW,nem,NSW1
2017-10-15 20:10:00,0.0,pumps,MW,nem,NSW1
2017-10-15 20:15:00,0.0,pumps,MW,nem,NSW1
2017-10-15 20:20:00,0.0,pumps,MW,nem,NSW1
2017-10-15 20:25:00,0.0,pumps,MW,nem,NSW1
2017-10-15 20:30:00,0.0,pumps,MW,nem,NSW1
2017-10-15 20:35:00,0.0,pumps,MW,nem,NSW1
2017-10-15 20:40:00,0.0,pumps,MW,nem,NSW1
2017-10-15 20:45:00,0.0,pumps,MW,nem,NSW1
2017-10-15 20:50:00,0.0,pumps,MW,nem,NSW1
2017-10-15 20:55:00,0.0,pumps,MW,nem,NSW1
2017-10-15 21:00:00,0.0,pumps,MW,nem,NSW1
2017-10-15 21:05:00,0.0,pumps,MW,nem,NSW1
2017-10-15 21:10:00,0.0,pumps,MW,nem,NSW1
2017-10-15 21:15:00,0.0,pumps,MW,nem,NSW1
2017-10-15 21:20:00,0.0,pumps,MW,nem,NSW1
2017-10-15 21:25:00,0.0,pumps,MW,nem,NSW1
2017-10-15 21:30:00,0.0,pumps,MW,nem,NSW1
2017-10-15 21:35:00,0.0,pumps,MW,nem,NSW1
2017-10-15 21:40:00,0.0,pumps,MW,nem,NSW1
2017-10-15 21:45:00,0.0,pumps,MW,nem,NSW1
2017-10-15 21:50:00,0.0,pumps,MW,nem,NSW1
2017-10-15 21:55:00,0.0,pumps,MW,nem,NSW1
2017-10-15 22:00:00,0.0,pumps,MW,nem,NSW1
2017-10-15 22:05:00,0.0,pumps,MW,nem,NSW1
2017-10-15 22:10:00,0.0,pumps,MW,nem,NSW1
2017-10-15 22:15:00,0.0,pumps,MW,nem,NSW1
2017-10-15 22:20:00,0.0,pumps,MW,nem,NSW1
2017-10-15 22:25:00,0.0,pumps,MW,nem,NSW1
2017-10-15 22:30:00,0.0,pumps,MW,nem,NSW1
2017-10-15 22:35:00,0.0,pumps,MW,nem,NSW1
2017-10-15 22:40:00,0.0,pumps,MW,nem,NSW1
2017-10-15 22:45:00,0.0,pumps,MW,nem,NSW1
2017-10-15 22:50:00,0.0,pumps,MW,nem,NSW1
2017-10-15 22:55:00,0.0,pumps,MW,nem,NSW1
2017-10-15 23:00:00,0.0,pumps,MW,nem,NSW1
2017-10-15 23:05:00,0.0,pumps,MW,nem,NSW1
2017-10-15 23:10:00,0.0,pumps,MW,nem,NSW1
2017-10-15 23:15:00,0.0,pumps,MW,nem,NSW1
2017-10-15 23:20:00,0.0,pumps,MW,nem,NSW1
2017-10-15 23:25:00,0.0,pumps,MW,nem,NSW1
2017-10-15 23:30:00,0.0,pumps,MW,nem,NSW1
2017-10-15 23:35:00,0.0,pumps,MW,nem,NSW1
2017-10-15 23:40:00,0.0,pumps,MW,nem,NSW1
2017-10-15 23:45:00,0.0,pumps,MW,nem,NSW1
2017-10-15 23:50:00,0.0,pumps,MW,nem,NSW1
2017-10-15 23:55:00,0.0,pumps,MW,nem,NSW1
2017-10-16 00:00:00,0.0,pumps,MW,nem,NSW1
2017-10-16 00:05:00,0.0,pumps,MW,nem,NSW1
2017-10-16 00:10:00,0.0,pumps,MW,nem,NSW1
2017-10-16 00:15:00,0.0,pumps,MW,nem,NSW1
2017-10-16 00:20:00,0.0,pumps,MW,nem,NSW1
2017-10-16 00:25:00,0.0,pumps,MW,nem,NSW1
2017-10-16 00:30:00,0.0,pumps,MW,nem,NSW1
2017-10-16 00:35:00,0.0,pumps,MW,nem,NSW1
2017-10-16 00:40:00,0.0,pumps,MW,nem,NSW1
2017-10-16 00:45:00,0.0,pumps,MW,nem,NSW1
2017-10-16 00:50:00,0.0,pumps,MW,nem,NSW1
2017-10-16 00:55:00,0.0,pumps,MW,nem,NSW1
2017-10-16 01:00:00,0.0,pumps,MW,nem,NSW1
2017-10-16 01:05:00,0.0,pumps,MW,nem,NSW1
2017-10-16 01:10:00,0.0,pumps,MW,nem,NSW1
2017-10-16 01:15:00,0.0,pumps,MW,nem,NSW1
2017-10-16 01:20:00,0.0,pumps,MW,nem,NSW1
2017-10-16 01:25:00,0.0,pumps,MW,nem,NSW1
2017-10-16 01:30:00,0.0,pumps,MW,nem,NSW1
2017-10-16 01:35:00,0.0,pumps,MW,nem,NSW1
2017-10-16 01:40:00,0.0,pumps,MW,nem,NSW1
2017-10-16 01:45:00,0.0,pumps,MW,nem,NSW1
2017-10-16 01:50:00,0.0,pumps,MW,nem,NSW1
2017-10-16 01:55:00,0.0,pumps,MW,nem,NSW1
2017-10-16 02:00:00,0.0,pumps,MW,nem,NSW1
2017-10-16 02:05:00,0.0,pumps,MW,nem,NSW1
2017-10-16 02:10:00,0.0,pumps,MW,nem,NSW1
2017-10-16 02:15:00,0.0,pumps,MW,nem,NSW1
2017-10-16 02:20:00,0.0,pumps,MW,nem,NSW1
2017-10-16 02:25:00,0.0,pumps,MW,nem,NSW1
2017-10-16 02:30:00,0.0,pumps,MW,nem,NSW1
2017-10-16 02:35:00,0.0,pumps,MW,nem,NSW1
2017-10-16 02:40:00,0.0,pumps,MW,nem,NSW1
2017-10-16 02:45:00,0.0,pumps,MW,nem,NSW1
2017-10-16 02:50:00,0.0,pumps,MW,nem,NSW1
2017-10-16 02:55:00,0.0,pumps,MW,nem,NSW1
2017-10-16 03:00:00,0.0,pumps,MW,nem,NSW1
2017-10-16 03:05:00,0.0,pumps,MW,nem,NSW1
2017-10-16 03:10:00,0.0,pumps,MW,nem,NSW1
2017-10-16 03:15:00,0.0,pumps,MW,nem,NSW1
2017-10-16 03:20:00,0.0,pumps,MW,nem,NSW1
2017-10-16 03:25:00,0.0,pumps,MW,nem,NSW1
2017-10-16 03:30:00,0.0,pumps,MW,nem,NSW1
2017-10-16 03:35:00,0.0,pumps,MW,nem,NSW1
2017-10-16 03:40:00,0.0,pumps,MW,nem,NSW1
2017-10-16 03:45:00,0.0,pumps,MW,nem,NSW1
2017-10-16 03:50:00,0.0,pumps,MW,nem,NSW1
2017-10-16 03:55:00,0.0,pumps,MW,nem,NSW1
2017-10-16 04:00:00,0.0,pumps,MW,nem,NSW1
2017-10-16 04:05:00,0.0,pumps,MW,nem,NSW1
2017-10-16 04:10:00,0.0,pumps,MW,nem,NSW1
2017-10-16 04:15:00,0.0,pumps,MW,nem,NSW1
2017-10-16 04:20:00,0.0,pumps,MW,nem,NSW1
2017-10-16 04:25:00,0.0,pumps,MW,nem,NSW1
2017-10-16 04:30:00,0.0,pumps,MW,nem,NSW1
2017-10-16 04:35:00,0.0,pumps,MW,nem,NSW1
2017-10-16 04:40:00,0.0,pumps,MW,nem,NSW1
2017-10-16 04:45:00,0.0,pumps,MW,nem,NSW1
2017-10-16 04:50:00,0.0,pumps,MW,nem,NSW1
2017-10-16 04:55:00,0.0,pumps,MW,nem,NSW1
2017-10-16 05:00:00,0.0,pumps,MW,nem,NSW1
2017-10-16 05:05:00,0.0,pumps,MW,nem,NSW1
2017-10-16 05:10:00,0.0,pumps,MW,nem,NSW1
2017-10-16 05:15:00,0.0,pumps,MW,nem,NSW1
2017-10-16 05:20:00,0.0,pumps,MW,nem,NSW1
2017-10-16 05:25:00,0.0,pumps,MW,nem,NSW1
2017-10-16 05:30:00,0.0,pumps,MW,nem,NSW1
2017-10-16 05:35:00,0.0,pumps,MW,nem,NSW1
2017-10-16 05:40:00,0.0,pumps,MW,nem,NSW1
2017-10-16 05:45:00,0.0,pumps,MW,nem,NSW1
2017-10-16 05:50:00,0.0,pumps,MW,nem,NSW1
2017-10-16 05:55:00,0.0,pumps,MW,nem,NSW1
2017-10-16 06:00:00,0.0,pumps,MW,nem,NSW1
2017-10-16 06:05:00,0.0,pumps,MW,nem,NSW1
2017-10-16 06:10:00,0.0,pumps,MW,nem,NSW1
2017-10-16 06:15:00,0.0,pumps,MW,nem,NSW1
2017-10-16 06:20:00,0.0,pumps,MW,nem,NSW1
2017-10-16 06:25:00,0.0,pumps,MW,nem,NSW1
2017-10-16 06:30:00,0.0,pumps,MW,nem,NSW1
2017-10-16 06:35:00,0.0,pumps,MW,nem,NSW1
2017-10-16 06:40:00,0.0,pumps,MW,nem,NSW1
2017-10-16 06:45:00,0.0,pumps,MW,nem,NSW1
2017-10-16 06:50:00,0.0,pumps,MW,nem,NSW1
2017-10-16 06:55:00,0.0,pumps,MW,nem,NSW1
2017-10-16 07:00:00,0.0,pumps,MW,nem,NSW1
2017-10-16 07:05:00,0.0,pumps,MW,nem,NSW1
2017-10-16 07:10:00,0.0,pumps,MW,nem,NSW1
2017-10-16 07:15:00,0.0,pumps,MW,nem,NSW1
2017-10-16 07:20:00,0.0,pumps,MW,nem,NSW1
2017-10-16 07:25:00,0.0,pumps,MW,nem,NSW1
2017-10-16 07:30:00,0.0,pumps,MW,nem,NSW1
2017-10-16 07:35:00,0.0,pumps,MW,nem,NSW1
2017-10-16 07:40:00,0.0,pumps,MW,nem,NSW1
2017-10-16 07:45:00,0.0,pumps,MW,nem,NSW1
2017-10-16 07:50:00,0.0,pumps,MW,nem,NSW1
2017-10-16 07:55:00,0.0,pumps,MW,nem,NSW1
2017-10-16 08:00:00,0.0,pumps,MW,nem,NSW1
2017-10-16 08:05:00,0.0,pumps,MW,nem,NSW1
2017-10-16 08:10:00,0.0,pumps,MW,nem,NSW1
2017-10-16 08:15:00,0.0,pumps,MW,nem,NSW1
2017-10-16 08:20:00,0.0,pumps,MW,nem,NSW1
2017-10-16 08:25:00,0.0,pumps,MW,nem,NSW1
2017-10-16 08:30:00,0.0,pumps,MW,nem,NSW1
2017-10-16 08:35:00,0.0,pumps,MW,nem,NSW1
2017-10-16 08:40:00,0.0,pumps,MW,nem,NSW1
2017-10-16 08:45:00,0.0,pumps,MW,nem,NSW1
2017-10-16 08:50:00,0.0,pumps,MW,nem,NSW1
2017-10-16 08:55:00,0.0,pumps,MW,nem,NSW1
2017-10-16 09:00:00,0.0,pumps,MW,nem,NSW1
2017-10-16 09:05:00,0.0,pumps,MW,nem,NSW1
2017-10-16 09:10:00,0.0,pumps,MW,nem,NSW1
2017-10-16 09:15:00,0.0,pumps,MW,nem,NSW1
2017-10-16 09:20:00,0.0,pumps,MW,nem,NSW1
2017-10-16 09:25:00,0.0,pumps,MW,nem,NSW1
2017-10-16 09:30:00,0.0,pumps,MW,nem,NSW1
2017-10-16 09:35:00,0.0,pumps,MW,nem,NSW1
2017-10-16 09:40:00,0.0,pumps,MW,nem,NSW1
2017-10-16 09:45:00,0.0,pumps,MW,nem,NSW1
2017-10-16 09:50:00,0.0,pumps,MW,nem,NSW1
2017-10-16 09:55:00,0.0,pumps,MW,nem,NSW1
2017-10-16 10:00:00,0.0,pumps,MW,nem,NSW1
2017-10-16 10:05:00,0.0,pumps,MW,nem,NSW1
2017-10-16 10:10:00,0.0,pumps,MW,nem,NSW1
2017-10-16 10:15:00,0.0,pumps,MW,nem,NSW1
2017-10-16 10:20:00,0.0,pumps,MW,nem,NSW1
2017-10-16 10:25:00,0.0,pumps,MW,nem,NSW1
2017-10-16 10:30:00,0.0,pumps,MW,nem,NSW1
2017-10-16 10:35:00,0.0,pumps,MW,nem,NSW1
2017-10-16 10:40:00,0.0,pumps,MW,nem,NSW1
2017-10-16 10:45:00,0.0,pumps,MW,nem,NSW1
2017-10-16 10:50:00,0.0,pumps,MW,nem,NSW1
2017-10-16 10:55:00,0.0,pumps,MW,nem,NSW1
2017-10-16 11:00:00,0.0,pumps,MW,nem,NSW1
2017-10-16 11:05:00,0.0,pumps,MW,nem,NSW1
2017-10-16 11:10:00,0.0,pumps,MW,nem,NSW1
2017-10-16 11:15:00,0.0,pumps,MW,nem,NSW1
2017-10-16 11:20:00,0.0,pumps,MW,nem,NSW1
2017-10-16 11:25:00,0.0,pumps,MW,nem,NSW1
2017-10-16 11:30:00,0.0,pumps,MW,nem,NSW1
2017-10-16 11:35:00,0.0,pumps,MW,nem,NSW1
2017-10-16 11:40:00,0.0,pumps,MW,nem,NSW1
2017-10-16 11:45:00,0.0,pumps,MW,nem,NSW1
2017-10-16 11:50:00,0.0,pumps,MW,nem,NSW1
2017-10-16 11:55:00,0.0,pumps,MW,nem,NSW1
2017-10-16 12:00:00,0.0,pumps,MW,nem,NSW1
2017-10-16 12:05:00,0.0,pumps,MW,nem,NSW1
2017-10-16 12:10:00,0.0,pumps,MW,nem,NSW1
2017-10-16 12:15:00,0.0,pumps,MW,nem,NSW1
2017-10-16 12:20:00,0.0,pumps,MW,nem,NSW1
2017-10-16 12:25:00,0.0,pumps,MW,nem,NSW1
2017-10-16 12:30:00,0.0,pumps,MW,nem,NSW1
2017-10-16 12:35:00,0.0,pumps,MW,nem,NSW1
2017-10-16 12:40:00,0.0,pumps,MW,nem,NSW1
2017-10-16 12:45:00,0.0,pumps,MW,nem,NSW1
2017-10-16 12:50:00,0.0,pumps,MW,nem,NSW1
2017-10-16 12:55:00,0.0,pumps,MW,nem,NSW1
2017-10-16 13:00:00,0.0,pumps,MW,nem,NSW1
2017-10-16 13:05:00,0.0,pumps,MW,nem,NSW1
2017-10-16 13:10:00,0.0,pumps,MW,nem,NSW1
2017-10-16 13:15:00,0.0,pumps,MW,nem,NSW1
2017-10-16 13:20:00,0.0,pumps,MW,nem,NSW1
2017-10-16 13:25:00,0.0,pumps,MW,nem,NSW1
2017-10-16 13:30:00,0.0,pumps,MW,nem,NSW1
2017-10-16 13:35:00,0.0,pumps,MW,nem,NSW1
2017-10-16 13:40:00,0.0,pumps,MW,nem,NSW1
2017-10-16 13:45:00,0.0,pumps,MW,nem,NSW1
2017-10-16 13:50:00,0.0,pumps,MW,nem,NSW1
2017-10-16 13:55:00,0.0,pumps,MW,nem,NSW1
2017-10-16 14:00:00,0.0,pumps,MW,nem,NSW1
2017-10-16 14:05:00,0.0,pumps,MW,nem,NSW1
2017-10-16 14:10:00,0.0,pumps,MW,nem,NSW1
2017-10-16 14:15:00,0.0,pumps,MW,nem,NSW1
2017-10-16 14:20:00,0.0,pumps,MW,nem,NSW1
2017-10-16 14:25:00,0.0,pumps,MW,nem,NSW1
2017-10-16 14:30:00,0.0,pumps,MW,nem,NSW1
2017-10-16 14:35:00,0.0,pumps,MW,nem,NSW1
2017-10-16 14:40:00,0.0,pumps,MW,nem,NSW1
2017-10-16 14:45:00,0.0,pumps,MW,nem,NSW1
2017-10-16 14:50:00,0.0,pumps,MW,nem,NSW1
2017-10-16 14:55:00,0.0,pumps,MW,nem,NSW1
2017-10-16 15:00:00,0.0,pumps,MW,nem,NSW1
2017-10-16 15:05:00,0.0,pumps,MW,nem,NSW1
2017-10-16 15:10:00,0.0,pumps,MW,nem,NSW1
2017-10-16 15:15:00,0.0,pumps,MW,nem,NSW1
2017-10-16 15:20:00,0.0,pumps,MW,nem,NSW1
2017-10-16 15:25:00,0.0,pumps,MW,nem,NSW1
2017-10-16 15:30:00,0.0,pumps,MW,nem,NSW1
2017-10-16 15:35:00,0.0,pumps,MW,nem,NSW1
2017-10-16 15:40:00,0.0,pumps,MW,nem,NSW1
2017-10-16 15:45:00,0.0,pumps,MW,nem,NSW1
2017-10-16 15:50:00,0.0,pumps,MW,nem,NSW1
2017-10-16 15:55:00,0.0,pumps,MW,nem,NSW1
2017-10-16 16:00:00,0.0,pumps,MW,nem,NSW1
2017-10-16 16:05:00,0.0,pumps,MW,nem,NSW1
2017-10-16 16:10:00,0.0,pumps,MW,nem,NSW1
2017-10-16 16:15:00,0.0,pumps,MW,nem,NSW1
2017-10-16 16:20:00,0.0,pumps,MW,nem,NSW1
2017-10-16 16:25:00,0.0,pumps,MW,nem,NSW1
2017-10-16 16:30:00,0.0,pumps,MW,nem,NSW1
2017-10-16 16:35:00,0.0,pumps,MW,nem,NSW1
2017-10-16 16:40:00,0.0,pumps,MW,nem,NSW1
2017-10-16 16:45:00,0.0,pumps,MW,nem,NSW1
2017-10-16 16:50:00,0.0,pumps,MW,nem,NSW1
2017-10-16 16:55:00,0.0,pumps,MW,nem,NSW1
2017-10-16 17:00:00,0.0,pumps,MW,nem,NSW1
2017-10-16 17:05:00,0.0,pumps,MW,nem,NSW1
2017-10-16 17:10:00,0.0,pumps,MW,nem,NSW1
2017-10-16 17:15:00,0.0,pumps,MW,nem,NSW1
2017-10-16 17:20:00,0.0,pumps,MW,nem,NSW1
2017-10-16 17:25:00,0.0,pumps,MW,nem,NSW1
2017-10-16 17:30:00,0.0,pumps,MW,nem,NSW1
2017-10-16 17:35:00,0.0,pumps,MW,nem,NSW1
2017-10-16 17:40:00,0.0,pumps,MW,nem,NSW1
2017-10-16 17:45:00,0.0,pumps,MW,nem,NSW1
2017-10-16 17:50:00,0.0,pumps,MW,nem,NSW1
2017-10-16 17:55:00,0.0,pumps,MW,nem,NSW1
2017-10-16 18:00:00,0.0,pumps,MW,nem,NSW1
2017-10-16 18:05:00,0.0,pumps,MW,nem,NSW1
2017-10-16 18:10:00,0.0,pumps,MW,nem,NSW1
2017-10-16 18:15:00,0.0,pumps,MW,nem,NSW1
2017-10-16 18:20:00,0.0,pumps,MW,nem,NSW1
2017-10-16 18:25:00,0.0,pumps,MW,nem,NSW1
2017-10-16 18:30:00,0.0,pumps,MW,nem,NSW1
2017-10-16 18:35:00,0.0,pumps,MW,nem,NSW1
2017-10-16 18:40:00,0.0,pumps,MW,nem,NSW1
2017-10-16 18:45:00,0.0,pumps,MW,nem,NSW1
2017-10-16 18:50:00,0.0,pumps,MW,nem,NSW1
2017-10-16 18:55:00,0.0,pumps,MW,nem,NSW1
2017-10-16 19:00:00,0.0,pumps,MW,nem,NSW1
2017-10-16 19:05:00,0.0,pumps,MW,nem,NSW1
2017-10-16 19:10:00,0.0,pumps,MW,nem,NSW1
2017-10-16 19:15:00,0.0,pumps,MW,nem,NSW1
2017-10-16 19:20:00,0.0,pumps,MW,nem,NSW1
2017-10-16 19:25:00,0.0,pumps,MW,nem,NSW1
2017-10-16 19:30:00,0.0,pumps,MW,nem,NSW1
2017-10-16 19:35:00,0.0,pumps,MW,nem,NSW1
2017-10-16 19:40:00,0.0,pumps,MW,nem,NSW1
2017-10-16 19:45:00,0.0,pumps,MW,nem,NSW1
2017-10-16 19:50:00,0.0,pumps,MW,nem,NSW1
2017-10-16 19:55:00,0.0,pumps,MW,nem,NSW1
2017-10-16 20:00:00,0.0,pumps,MW,nem,NSW1
2017-10-16 20:05:00,0.0,pumps,MW,nem,NSW1
2017-10-16 20:10:00,0.0,pumps,MW,nem,NSW1
2017-10-16 20:15:00,0.0,pumps,MW,nem,NSW1
2017-10-16 20:20:00,0.0,pumps,MW,nem,NSW1
2017-10-16 20:25:00,0.0,pumps,MW,nem,NSW1
2017-10-16 20:30:00,0.0,pumps,MW,nem,NSW1
2017-10-16 20:35:00,0.0,pumps,MW,nem,NSW1
2017-10-16 20:40:00,0.0,pumps,MW,nem,NSW1
2017-10-16 20:45:00,0.0,pumps,MW,nem,NSW1
2017-10-16 20:50:00,0.0,pumps,MW,nem,NSW1
2017-10-16 20:55:00,0.0,pumps,MW,nem,NSW1
2017-10-16 21:00:00,0.0,pumps,MW,nem,NSW1
2017-10-16 21:05:00,0.0,pumps,MW,nem,NSW1
2017-10-16 21:10:00,0.0,pumps,MW,nem,NSW1
2017-10-16 21:15:00,0.0,pumps,MW,nem,NSW1
2017-10-16 21:20:00,0.0,pumps,MW,nem,NSW1
2017-10-16 21:25:00,0.0,pumps,MW,nem,NSW1
2017-10-16 21:30:00,0.0,pumps,MW,nem,NSW1
2017-10-16 21:35:00,0.0,pumps,MW,nem,NSW1
2017-10-16 21:40:00,0.0,pumps,MW,nem,NSW1
2017-10-16 21:45:00,0.0,pumps,MW,nem,NSW1
2017-10-16 21:50:00,0.0,pumps,MW,nem,NSW1
2017-10-16 21:55:00,0.0,pumps,MW,nem,NSW1
2017-10-16 22:00:00,0.0,pumps,MW,nem,NSW1
2017-10-16 22:05:00,0.0,pumps,MW,nem,NSW1
2017-10-16 22:10:00,0.0,pumps,MW,nem,NSW1
2017-10-16 22:15:00,0.0,pumps,MW,nem,NSW1
2017-10-16 22:20:00,0.0,pumps,MW,nem,NSW1
2017-10-16 22:25:00,0.0,pumps,MW,nem,NSW1
2017-10-16 22:30:00,0.0,pumps,MW,nem,NSW1
2017-10-16 22:35:00,0.0,pumps,MW,nem,NSW1
2017-10-16 22:40:00,0.0,pumps,MW,nem,NSW1
2017-10-16 22:45:00,0.0,pumps,MW,nem,NSW1
2017-10-16 22:50:00,0.0,pumps,MW,nem,NSW1
2017-10-16 22:55:00,0.0,pumps,MW,nem,NSW1
2017-10-16 23:00:00,0.0,pumps,MW,nem,NSW1
2017-10-16 23:05:00,0.0,pumps,MW,nem,NSW1
2017-10-16 23:10:00,0.0,pumps,MW,nem,NSW1
2017-10-16 23:15:00,0.0,pumps,MW,nem,NSW1
2017-10-16 23:20:00,0.0,pumps,MW,nem,NSW1
2017-10-16 23:25:00,0.0,pumps,MW,nem,NSW1
2017-10-16 23:30:00,0.0,pumps,MW,nem,NSW1
2017-10-16 23:35:00,0.0,pumps,MW,nem,NSW1
2017-10-16 23:40:00,0.0,pumps,MW,nem,NSW1
2017-10-16 23:45:00,0.0,pumps,MW,nem,NSW1
2017-10-16 23:50:00,0.0,pumps,MW,nem,NSW1
2017-10-16 23:55:00,0.0,pumps,MW,nem,NSW1
2017-10-17 00:00:00,0.0,pumps,MW,nem,NSW1
2017-10-17 00:05:00,0.0,pumps,MW,nem,NSW1
2017-10-17 00:10:00,0.0,pumps,MW,nem,NSW1
2017-10-17 00:15:00,0.0,pumps,MW,nem,NSW1
2017-10-17 00:20:00,0.0,pumps,MW,nem,NSW1
2017-10-17 00:25:00,0.0,pumps,MW,nem,NSW1
2017-10-17 00:30:00,0.0,pumps,MW,nem,NSW1
2017-10-17 00:35:00,0.0,pumps,MW,nem,NSW1
2017-10-17 00:40:00,0.0,pumps,MW,nem,NSW1
2017-10-17 00:45:00,0.0,pumps,MW,nem,NSW1
2017-10-17 00:50:00,0.0,pumps,MW,nem,NSW1
2017-10-17 00:55:00,0.0,pumps,MW,nem,NSW1
2017-10-17 01:00:00,0.0,pumps,MW,nem,NSW1
2017-10-17 01:05:00,0.0,pumps,MW,nem,NSW1
2017-10-17 01:10:00,0.0,pumps,MW,nem,NSW1
2017-10-17 01:15:00,0.0,pumps,MW,nem,NSW1
2017-10-17 01:20:00,0.0,pumps,MW,nem,NSW1
2017-10-17 01:25:00,0.0,pumps,MW,nem,NSW1
2017-10-17 01:30:00,0.0,pumps,MW,nem,NSW1
2017-10-17 01:35:00,0.0,pumps,MW,nem,NSW1
2017-10-17 01:40:00,0.0,pumps,MW,nem,NSW1
2017-10-17 01:45:00,0.0,pumps,MW,nem,NSW1
2017-10-17 01:50:00,0.0,pumps,MW,nem,NSW1
2017-10-17 01:55:00,0.0,pumps,MW,nem,NSW1
2017-10-17 02:00:00,0.0,pumps,MW,nem,NSW1
2017-10-17 02:05:00,0.0,pumps,MW,nem,NSW1
2017-10-17 02:10:00,215.8,pumps,MW,nem,NSW1
2017-10-17 02:15:00,194.5,pumps,MW,nem,NSW1
2017-10-17 02:20:00,192.9,pumps,MW,nem,NSW1
2017-10-17 02:25:00,193.4,pumps,MW,nem,NSW1
2017-10-17 02:30:00,194.5,pumps,MW,nem,NSW1
2017-10-17 02:35:00,196.1,pumps,MW,nem,NSW1
2017-10-17 02:40:00,194.5,pumps,MW,nem,NSW1
2017-10-17 02:45:00,193.1,pumps,MW,nem,NSW1
2017-10-17 02:50:00,193.0,pumps,MW,nem,NSW1
2017-10-17 02:55:00,195.2,pumps,MW,nem,NSW1
2017-10-17 03:00:00,194.3,pumps,MW,nem,NSW1
2017-10-17 03:05:00,193.3,pumps,MW,nem,NSW1
2017-10-17 03:10:00,193.4,pumps,MW,nem,NSW1
2017-10-17 03:15:00,193.9,pumps,MW,nem,NSW1
2017-10-17 03:20:00,194.6,pumps,MW,nem,NSW1
2017-10-17 03:25:00,194.1,pumps,MW,nem,NSW1
2017-10-17 03:30:00,194.6,pumps,MW,nem,NSW1
2017-10-17 03:35:00,195.0,pumps,MW,nem,NSW1
2017-10-17 03:40:00,193.6,pumps,MW,nem,NSW1
2017-10-17 03:45:00,192.6,pumps,MW,nem,NSW1
2017-10-17 03:50:00,193.2,pumps,MW,nem,NSW1
2017-10-17 03:55:00,194.4,pumps,MW,nem,NSW1
2017-10-17 04:00:00,194.3,pumps,MW,nem,NSW1
2017-10-17 04:05:00,192.9,pumps,MW,nem,NSW1
2017-10-17 04:10:00,194.2,pumps,MW,nem,NSW1
2017-10-17 04:15:00,196.1,pumps,MW,nem,NSW1
2017-10-17 04:20:00,195.5,pumps,MW,nem,NSW1
2017-10-17 04:25:00,194.2,pumps,MW,nem,NSW1
2017-10-17 04:30:00,194.4,pumps,MW,nem,NSW1
2017-10-17 04:35:00,192.2,pumps,MW,nem,NSW1
2017-10-17 04:40:00,195.3,pumps,MW,nem,NSW1
2017-10-17 04:45:00,194.1,pumps,MW,nem,NSW1
2017-10-17 04:50:00,193.2,pumps,MW,nem,NSW1
2017-10-17 04:55:00,195.0,pumps,MW,nem,NSW1
2017-10-17 05:00:00,192.6,pumps,MW,nem,NSW1
2017-10-17 05:05:00,196.0,pumps,MW,nem,NSW1
2017-10-17 05:10:00,194.2,pumps,MW,nem,NSW1
2017-10-17 05:15:00,192.0,pumps,MW,nem,NSW1
2017-10-17 05:20:00,194.9,pumps,MW,nem,NSW1
2017-10-17 05:25:00,194.6,pumps,MW,nem,NSW1
2017-10-17 05:30:00,193.1,pumps,MW,nem,NSW1
2017-10-17 05:35:00,194.6,pumps,MW,nem,NSW1
2017-10-17 05:40:00,0.0,pumps,MW,nem,NSW1
2017-10-17 05:45:00,0.0,pumps,MW,nem,NSW1
2017-10-17 05:50:00,0.0,pumps,MW,nem,NSW1
2017-10-17 05:55:00,0.0,pumps,MW,nem,NSW1
2017-10-17 06:00:00,0.0,pumps,MW,nem,NSW1
2017-10-17 06:05:00,0.0,pumps,MW,nem,NSW1
2017-10-17 06:10:00,0.0,pumps,MW,nem,NSW1
2017-10-17 06:15:00,0.0,pumps,MW,nem,NSW1
2017-10-17 06:20:00,0.0,pumps,MW,nem,NSW1
2017-10-17 06:25:00,0.0,pumps,MW,nem,NSW1
2017-10-17 06:30:00,0.0,pumps,MW,nem,NSW1
2017-10-17 06:35:00,0.0,pumps,MW,nem,NSW1
2017-10-17 06:40:00,0.0,pumps,MW,nem,NSW1
2017-10-17 06:45:00,0.0,pumps,MW,nem,NSW1
2017-10-17 06:50:00,0.0,pumps,MW,nem,NSW1
2017-10-17 06:55:00,0.0,pumps,MW,nem,NSW1
2017-10-17 07:00:00,0.0,pumps,MW,nem,NSW1
2017-10-17 07:05:00,0.0,pumps,MW,nem,NSW1
2017-10-17 07:10:00,0.0,pumps,MW,nem,NSW1
2017-10-17 07:15:00,0.0,pumps,MW,nem,NSW1
2017-10-17 07:20:00,0.0,pumps,MW,nem,NSW1
2017-10-17 07:25:00,0.0,pumps,MW,nem,NSW1
2017-10-17 07:30:00,0.0,pumps,MW,nem,NSW1
2017-10-17 07:35:00,0.0,pumps,MW,nem,NSW1
2017-10-17 07:40:00,0.0,pumps,MW,nem,NSW1
2017-10-17 07:45:00,0.0,pumps,MW,nem,NSW1
2017-10-17 07:50:00,0.0,pumps,MW,nem,NSW1
2017-10-17 07:55:00,0.0,pumps,MW,nem,NSW1
2017-10-17 08:00:00,0.0,pumps,MW,nem,NSW1
2017-10-17 08:05:00,0.0,pumps,MW,nem,NSW1
2017-10-17 08:10:00,0.0,pumps,MW,nem,NSW1
2017-10-17 08:15:00,0.0,pumps,MW,nem,NSW1
2017-10-17 08:20:00,0.0,pumps,MW,nem,NSW1
2017-10-17 08:25:00,0.0,pumps,MW,nem,NSW1
2017-10-17 08:30:00,0.0,pumps,MW,nem,NSW1
2017-10-17 08:35:00,0.0,pumps,MW,nem,NSW1
2017-10-17 08:40:00,0.0,pumps,MW,nem,NSW1
2017-10-17 08:45:00,0.0,pumps,MW,nem,NSW1
2017-10-17 08:50:00,0.0,pumps,MW,nem,NSW1
2017-10-17 08:55:00,0.0,pumps,MW,nem,NSW1
2017-10-17 09:00:00,0.0,pumps,MW,nem,NSW1
2017-10-17 09:05:00,0.0,pumps,MW,nem,NSW1
2017-10-17 09:10:00,0.0,pumps,MW,nem,NSW1
2017-10-17 09:15:00,0.0,pumps,MW,nem,NSW1
2017-10-17 09:20:00,0.0,pumps,MW,nem,NSW1
2017-10-17 09:25:00,0.0,pumps,MW,nem,NSW1
2017-10-17 09:30:00,0.0,pumps,MW,nem,NSW1
2017-10-17 09:35:00,0.0,pumps,MW,nem,NSW1
2017-10-17 09:40:00,0.0,pumps,MW,nem,NSW1
2017-10-17 09:45:00,0.0,pumps,MW,nem,NSW1
2017-10-17 09:50:00,0.0,pumps,MW,nem,NSW1
2017-10-17 09:55:00,0.0,pumps,MW,nem,NSW1
2017-10-17 10:00:00,0.0,pumps,MW,nem,NSW1
2017-10-17 10:05:00,0.0,pumps,MW,nem,NSW1
2017-10-17 10:10:00,0.0,pumps,MW,nem,NSW1
2017-10-17 10:15:00,0.0,pumps,MW,nem,NSW1
2017-10-17 10:20:00,0.0,pumps,MW,nem,NSW1
2017-10-17 10:25:00,0.0,pumps,MW,nem,NSW1
2017-10-17 10:30:00,0.0,pumps,MW,nem,NSW1
2017-10-17 10:35:00,0.0,pumps,MW,nem,NSW1
2017-10-17 10:40:00,0.0,pumps,MW,nem,NSW1
2017-10-17 10:45:00,0.0,pumps,MW,nem,NSW1
2017-10-17 10:50:00,0.0,pumps,MW,nem,NSW1
2017-10-17 10:55:00,0.0,pumps,MW,nem,NSW1
2017-10-17 11:00:00,0.0,pumps,MW,nem,NSW1
2017-10-17 11:05:00,0.0,pumps,MW,nem,NSW1
2017-10-17 11:10:00,0.0,pumps,MW,nem,NSW1
2017-10-17 11:15:00,0.0,pumps,MW,nem,NSW1
2017-10-17 11:20:00,0.0,pumps,MW,nem,NSW1
2017-10-17 11:25:00,0.0,pumps,MW,nem,NSW1
2017-10-17 11:30:00,0.0,pumps,MW,nem,NSW1
2017-10-17 11:35:00,0.0,pumps,MW,nem,NSW1
2017-10-17 11:40:00,0.0,pumps,MW,nem,NSW1
2017-10-17 11:45:00,0.0,pumps,MW,nem,NSW1
2017-10-17 11:50:00,0.0,pumps,MW,nem,NSW1
2017-10-17 11:55:00,0.0,pumps,MW,nem,NSW1
2017-10-17 12:00:00,0.0,pumps,MW,nem,NSW1
2017-10-17 12:05:00,0.0,pumps,MW,nem,NSW1
2017-10-17 12:10:00,0.0,pumps,MW,nem,NSW1
2017-10-17 12:15:00,0.0,pumps,MW,nem,NSW1
2017-10-17 12:20:00,0.0,pumps,MW,nem,NSW1
2017-10-17 12:25:00,0.0,pumps,MW,nem,NSW1
2017-10-17 12:30:00,0.0,pumps,MW,nem,NSW1
2017-10-17 12:35:00,0.0,pumps,MW,nem,NSW1
2017-10-17 12:40:00,0.0,pumps,MW,nem,NSW1
2017-10-17 12:45:00,0.0,pumps,MW,nem,NSW1
2017-10-17 12:50:00,0.0,pumps,MW,nem,NSW1
2017-10-17 12:55:00,0.0,pumps,MW,nem,NSW1
2017-10-17 13:00:00,0.0,pumps,MW,nem,NSW1
2017-10-17 13:05:00,0.0,pumps,MW,nem,NSW1
2017-10-17 13:10:00,0.0,pumps,MW,nem,NSW1
2017-10-17 13:15:00,0.0,pumps,MW,nem,NSW1
2017-10-17 13:20:00,0.0,pumps,MW,nem,NSW1
2017-10-17 13:25:00,0.0,pumps,MW,nem,NSW1
2017-10-17 13:30:00,0.0,pumps,MW,nem,NSW1
2017-10-17 13:35:00,0.0,pumps,MW,nem,NSW1
2017-10-17 13:40:00,0.0,pumps,MW,nem,NSW1
2017-10-17 13:45:00,0.0,pumps,MW,nem,NSW1
2017-10-17 13:50:00,0.0,pumps,MW,nem,NSW1
2017-10-17 13:55:00,0.0,pumps,MW,nem,NSW1
2017-10-17 14:00:00,0.0,pumps,MW,nem,NSW1
2017-10-17 14:05:00,0.0,pumps,MW,nem,NSW1
2017-10-17 14:10:00,0.0,pumps,MW,nem,NSW1
2017-10-17 14:15:00,0.0,pumps,MW,nem,NSW1
2017-10-17 14:20:00,0.0,pumps,MW,nem,NSW1
2017-10-17 14:25:00,0.0,pumps,MW,nem,NSW1
2017-10-17 14:30:00,0.0,pumps,MW,nem,NSW1
2017-10-17 14:35:00,0.0,pumps,MW,nem,NSW1
2017-10-17 14:40:00,0.0,pumps,MW,nem,NSW1
2017-10-17 14:45:00,0.0,pumps,MW,nem,NSW1
2017-10-17 14:50:00,0.0,pumps,MW,nem,NSW1
2017-10-17 14:55:00,0.0,pumps,MW,nem,NSW1
2017-10-17 15:00:00,0.0,pumps,MW,nem,NSW1
2017-10-17 15:05:00,0.0,pumps,MW,nem,NSW1
2017-10-17 15:10:00,0.0,pumps,MW,nem,NSW1
2017-10-17 15:15:00,0.0,pumps,MW,nem,NSW1
2017-10-17 15:20:00,0.0,pumps,MW,nem,NSW1
2017-10-17 15:25:00,0.0,pumps,MW,nem,NSW1
2017-10-17 15:30:00,0.0,pumps,MW,nem,NSW1
2017-10-17 15:35:00,0.0,pumps,MW,nem,NSW1
2017-10-17 15:40:00,0.0,pumps,MW,nem,NSW1
2017-10-17 15:45:00,0.0,pumps,MW,nem,NSW1
2017-10-17 15:50:00,0.0,pumps,MW,nem,NSW1
2017-10-17 15:55:00,0.0,pumps,MW,nem,NSW1
2017-10-17 16:00:00,0.0,pumps,MW,nem,NSW1
2017-10-17 16:05:00,0.0,pumps,MW,nem,NSW1
2017-10-17 16:10:00,0.0,pumps,MW,nem,NSW1
2017-10-17 16:15:00,0.0,pumps,MW,nem,NSW1
2017-10-17 16:20:00,0.0,pumps,MW,nem,NSW1
2017-10-17 16:25:00,0.0,pumps,MW,nem,NSW1
2017-10-17 16:30:00,0.0,pumps,MW,nem,NSW1
2017-10-17 16:35:00,0.0,pumps,MW,nem,NSW1
2017-10-17 16:40:00,0.0,pumps,MW,nem,NSW1
2017-10-17 16:45:00,0.0,pumps,MW,nem,NSW1
2017-10-17 16:50:00,0.0,pumps,MW,nem,NSW1
2017-10-17 16:55:00,0.0,pumps,MW,nem,NSW1
2017-10-17 17:00:00,0.0,pumps,MW,nem,NSW1
2017-10-17 17:05:00,0.0,pumps,MW,nem,NSW1
2017-10-17 17:10:00,0.0,pumps,MW,nem,NSW1
2017-10-17 17:15:00,0.0,pumps,MW,nem,NSW1
2017-10-17 17:20:00,0.0,pumps,MW,nem,NSW1
2017-10-17 17:25:00,0.0,pumps,MW,nem,NSW1
2017-10-17 17:30:00,0.0,pumps,MW,nem,NSW1
2017-10-17 17:35:00,0.0,pumps,MW,nem,NSW1
2017-10-17 17:40:00,0.0,pumps,MW,nem,NSW1
2017-10-17 17:45:00,0.0,pumps,MW,nem,NSW1
2017-10-17 17:50:00,0.0,pumps,MW,nem,NSW1
2017-10-17 17:55:00,0.0,pumps,MW,nem,NSW1
2017-10-17 18:00:00,0.0,pumps,MW,nem,NSW1
2017-10-17 18:05:00,0.0,pumps,MW,nem,NSW1
2017-10-17 18:10:00,0.0,pumps,MW,nem,NSW1
2017-10-17 18:15:00,0.0,pumps,MW,nem,NSW1
2017-10-17 18:20:00,0.0,pumps,MW,nem,NSW1
2017-10-17 18:25:00,0.0,pumps,MW,nem,NSW1
2017-10-17 18:30:00,0.0,pumps,MW,nem,NSW1
2017-10-17 18:35:00,0.0,pumps,MW,nem,NSW1
2017-10-17 18:40:00,0.0,pumps,MW,nem,NSW1
2017-10-17 18:45:00,0.0,pumps,MW,nem,NSW1
2017-10-17 18:50:00,0.0,pumps,MW,nem,NSW1
2017-10-17 18:55:00,0.0,pumps,MW,nem,NSW1
2017-10-17 19:00:00,0.0,pumps,MW,nem,NSW1
2017-10-17 19:05:00,0.0,pumps,MW,nem,NSW1
2017-10-17 19:10:00,0.0,pumps,MW,nem,NSW1
2017-10-17 19:15:00,0.0,pumps,MW,nem,NSW1
2017-10-17 19:20:00,0.0,pumps,MW,nem,NSW1
2017-10-17 19:25:00,0.0,pumps,MW,nem,NSW1
2017-10-17 19:30:00,0.0,pumps,MW,nem,NSW1
2017-10-17 19:35:00,0.0,pumps,MW,nem,NSW1
2017-10-17 19:40:00,0.0,pumps,MW,nem,NSW1
2017-10-17 19:45:00,0.0,pumps,MW,nem,NSW1
2017-10-17 19:50:00,0.0,pumps,MW,nem,NSW1
2017-10-17 19:55:00,0.0,pumps,MW,nem,NSW1
2017-10-17 20:00:00,0.0,pumps,MW,nem,NSW1
2017-10-17 20:05:00,0.0,pumps,MW,nem,NSW1
2017-10-17 20:10:00,0.0,pumps,MW,nem,NSW1
2017-10-17 20:15:00,0.0,pumps,MW,nem,NSW1
2017-10-17 20:20:00,0.0,pumps,MW,nem,NSW1
2017-10-17 20:25:00,0.0,pumps,MW,nem,NSW1
2017-10-17 20:30:00,0.0,pumps,MW,nem,NSW1
2017-10-17 20:35:00,0.0,pumps,MW,nem,NSW1
2017-10-17 20:40:00,0.0,pumps,MW,nem,NSW1
2017-10-17 20:45:00,0.0,pumps,MW,nem,NSW1
2017-10-17 20:50:00,0.0,pumps,MW,nem,NSW1
2017-10-17 20:55:00,0.0,pumps,MW,nem,NSW1
2017-10-17 21:00:00,0.0,pumps,MW,nem,NSW1
2017-10-17 21:05:00,0.0,pumps,MW,nem,NSW1
2017-10-17 21:10:00,0.0,pumps,MW,nem,NSW1
2017-10-17 21:15:00,0.0,pumps,MW,nem,NSW1
2017-10-17 21:20:00,0.0,pumps,MW,nem,NSW1
2017-10-17 21:25:00,0.0,pumps,MW,nem,NSW1
2017-10-17 21:30:00,0.0,pumps,MW,nem,NSW1
2017-10-17 21:35:00,0.0,pumps,MW,nem,NSW1
2017-10-17 21:40:00,0.0,pumps,MW,nem,NSW1
2017-10-17 21:45:00,0.0,pumps,MW,nem,NSW1
2017-10-17 21:50:00,0.0,pumps,MW,nem,NSW1
2017-10-17 21:55:00,0.0,pumps,MW,nem,NSW1
2017-10-17 22:00:00,0.0,pumps,MW,nem,NSW1
2017-10-17 22:05:00,0.0,pumps,MW,nem,NSW1
2017-10-17 22:10:00,0.0,pumps,MW,nem,NSW1
2017-10-17 22:15:00,0.0,pumps,MW,nem,NSW1
2017-10-17 22:20:00,0.0,pumps,MW,nem,NSW1
2017-10-17 22:25:00,0.0,pumps,MW,nem,NSW1
2017-10-17 22:30:00,0.0,pumps,MW,nem,NSW1
2017-10-17 22:35:00,0.0,pumps,MW,nem,NSW1
2017-10-17 22:40:00,0.0,pumps,MW,nem,NSW1
2017-10-17 22:45:00,0.0,pumps,MW,nem,NSW1
2017-10-17 22:50:00,0.0,pumps,MW,nem,NSW1
2017-10-17 22:55:00,0.0,pumps,MW,nem,NSW1
2017-10-17 23:00:00,0.0,pumps,MW,nem,NSW1
2017-10-17 23:05:00,0.0,pumps,MW,nem,NSW1
2017-10-17 23:10:00,0.0,pumps,MW,nem,NSW1
2017-10-17 23:15:00,0.0,pumps,MW,nem,NSW1
2017-10-17 23:20:00,0.0,pumps,MW,nem,NSW1
2017-10-17 23:25:00,0.0,pumps,MW,nem,NSW1
2017-10-17 23:30:00,0.0,pumps,MW,nem,NSW1
2017-10-17 23:35:00,0.0,pumps,MW,nem,NSW1
2017-10-17 23:40:00,0.0,pumps,MW,nem,NSW1
2017-10-17 23:45:00,0.0,pumps,MW,nem,NSW1
2017-10-17 23:50:00,0.0,pumps,MW,nem,NSW1
2017-10-17 23:55:00,0.0,pumps,MW,nem,NSW1
2017-10-18 00:00:00,0.0,pumps,MW,nem,NSW1
2017-10-18 00:05:00,0.0,pumps,MW,nem,NSW1
2017-10-18 00:10:00,0.0,pumps,MW,nem,NSW1
2017-10-18 00:15:00,0.0,pumps,MW,nem,NSW1
2017-10-18 00:20:00,0.0,pumps,MW,nem,NSW1
2017-10-18 00:25:00,0.0,pumps,MW,nem,NSW1
2017-10-18 00:30:00,0.0,pumps,MW,nem,NSW1
2017-10-18 00:35:00,0.0,pumps,MW,nem,NSW1
2017-10-18 00:40:00,0.0,pumps,MW,nem,NSW1
2017-10-18 00:45:00,0.0,pumps,MW,nem,NSW1
2017-10-18 00:50:00,0.0,pumps,MW,nem,NSW1
2017-10-18 00:55:00,0.0,pumps,MW,nem,NSW1
2017-10-18 01:00:00,0.0,pumps,MW,nem,NSW1
2017-10-18 01:05:00,0.0,pumps,MW,nem,NSW1
2017-10-18 01:10:00,0.0,pumps,MW,nem,NSW1
2017-10-18 01:15:00,0.0,pumps,MW,nem,NSW1
2017-10-18 01:20:00,0.0,pumps,MW,nem,NSW1
2017-10-18 01:25:00,0.0,pumps,MW,nem,NSW1
2017-10-18 01:30:00,0.0,pumps,MW,nem,NSW1
2017-10-18 01:35:00,0.0,pumps,MW,nem,NSW1
2017-10-18 01:40:00,216.0,pumps,MW,nem,NSW1
2017-10-18 01:45:00,193.2,pumps,MW,nem,NSW1
2017-10-18 01:50:00,194.5,pumps,MW,nem,NSW1
2017-10-18 01:55:00,193.0,pumps,MW,nem,NSW1
2017-10-18 02:00:00,193.8,pumps,MW,nem,NSW1
2017-10-18 02:05:00,195.3,pumps,MW,nem,NSW1
2017-10-18 02:10:00,194.2,pumps,MW,nem,NSW1
2017-10-18 02:15:00,193.2,pumps,MW,nem,NSW1
2017-10-18 02:20:00,192.9,pumps,MW,nem,NSW1
2017-10-18 02:25:00,194.6,pumps,MW,nem,NSW1
2017-10-18 02:30:00,194.5,pumps,MW,nem,NSW1
2017-10-18 02:35:00,194.6,pumps,MW,nem,NSW1
2017-10-18 02:40:00,193.6,pumps,MW,nem,NSW1
2017-10-18 02:45:00,191.7,pumps,MW,nem,NSW1
2017-10-18 02:50:00,192.7,pumps,MW,nem,NSW1
2017-10-18 02:55:00,195.0,pumps,MW,nem,NSW1
2017-10-18 03:00:00,192.7,pumps,MW,nem,NSW1
2017-10-18 03:05:00,191.7,pumps,MW,nem,NSW1
2017-10-18 03:10:00,194.7,pumps,MW,nem,NSW1
2017-10-18 03:15:00,192.1,pumps,MW,nem,NSW1
2017-10-18 03:20:00,193.7,pumps,MW,nem,NSW1
2017-10-18 03:25:00,194.2,pumps,MW,nem,NSW1
2017-10-18 03:30:00,192.2,pumps,MW,nem,NSW1
2017-10-18 03:35:00,191.7,pumps,MW,nem,NSW1
2017-10-18 03:40:00,192.5,pumps,MW,nem,NSW1
2017-10-18 03:45:00,192.3,pumps,MW,nem,NSW1
2017-10-18 03:50:00,192.6,pumps,MW,nem,NSW1
2017-10-18 03:55:00,194.3,pumps,MW,nem,NSW1
2017-10-18 04:00:00,194.1,pumps,MW,nem,NSW1
2017-10-18 04:05:00,195.2,pumps,MW,nem,NSW1
2017-10-18 04:10:00,192.4,pumps,MW,nem,NSW1
2017-10-18 04:15:00,193.7,pumps,MW,nem,NSW1
2017-10-18 04:20:00,192.7,pumps,MW,nem,NSW1
2017-10-18 04:25:00,195.3,pumps,MW,nem,NSW1
2017-10-18 04:30:00,193.8,pumps,MW,nem,NSW1
2017-10-18 04:35:00,194.1,pumps,MW,nem,NSW1
2017-10-18 04:40:00,192.2,pumps,MW,nem,NSW1
2017-10-18 04:45:00,195.2,pumps,MW,nem,NSW1
2017-10-18 04:50:00,193.1,pumps,MW,nem,NSW1
2017-10-18 04:55:00,195.2,pumps,MW,nem,NSW1
2017-10-18 05:00:00,193.2,pumps,MW,nem,NSW1
2017-10-18 05:05:00,193.9,pumps,MW,nem,NSW1
2017-10-18 05:10:00,0.0,pumps,MW,nem,NSW1
2017-10-18 05:15:00,0.0,pumps,MW,nem,NSW1
2017-10-18 05:20:00,0.0,pumps,MW,nem,NSW1
2017-10-18 05:25:00,0.0,pumps,MW,nem,NSW1
2017-10-18 05:30:00,0.0,pumps,MW,nem,NSW1
2017-10-18 05:35:00,0.0,pumps,MW,nem,NSW1
2017-10-18 05:40:00,0.0,pumps,MW,nem,NSW1
2017-10-18 05:45:00,0.0,pumps,MW,nem,NSW1
2017-10-18 05:50:00,0.0,pumps,MW,nem,NSW1
2017-10-18 05:55:00,0.0,pumps,MW,nem,NSW1
2017-10-18 06:00:00,0.0,pumps,MW,nem,NSW1
2017-10-18 06:05:00,0.0,pumps,MW,nem,NSW1
2017-10-18 06:10:00,0.0,pumps,MW,nem,NSW1
2017-10-18 06:15:00,0.0,pumps,MW,nem,NSW1
2017-10-18 06:20:00,0.0,pumps,MW,nem,NSW1
2017-10-18 06:25:00,0.0,pumps,MW,nem,NSW1
2017-10-18 06:30:00,0.0,pumps,MW,nem,NSW1
2017-10-18 06:35:00,0.0,pumps,MW,nem,NSW1
2017-10-18 06:40:00,0.0,pumps,MW,nem,NSW1
2017-10-18 06:45:00,0.0,pumps,MW,nem,NSW1
2017-10-18 06:50:00,0.0,pumps,MW,nem,NSW1
2017-10-18 06:55:00,0.0,pumps,MW,nem,NSW1
2017-10-18 07:00:00,0.0,pumps,MW,nem,NSW1
2017-10-18 07:05:00,0.0,pumps,MW,nem,NSW1
2017-10-18 07:10:00,0.0,pumps,MW,nem,NSW1
2017-10-18 07:15:00,0.0,pumps,MW,nem,NSW1
2017-10-18 07:20:00,0.0,pumps,MW,nem,NSW1
2017-10-18 07:25:00,0.0,pumps,MW,nem,NSW1
2017-10-18 07:30:00,0.0,pumps,MW,nem,NSW1
2017-10-18 07:35:00,0.0,pumps,MW,nem,NSW1
2017-10-18 07:40:00,0.0,pumps,MW,nem,NSW1
2017-10-18 07:45:00,0.0,pumps,MW,nem,NSW1
2017-10-18 07:50:00,0.0,pumps,MW,nem,NSW1
2017-10-18 07:55:00,0.0,pumps,MW,nem,NSW1
2017-10-18 08:00:00,0.0,pumps,MW,nem,NSW1
2017-10-18 08:05:00,0.0,pumps,MW,nem,NSW1
2017-10-18 08:10:00,0.0,pumps,MW,nem,NSW1
2017-10-18 08:15:00,0.0,pumps,MW,nem,NSW1
2017-10-18 08:20:00,0.0,pumps,MW,nem,NSW1
2017-10-18 08:25:00,0.0,pumps,MW,nem,NSW1
2017-10-18 08:30:00,0.0,pumps,MW,nem,NSW1
2017-10-18 08:35:00,0.0,pumps,MW,nem,NSW1
2017-10-18 08:40:00,0.0,pumps,MW,nem,NSW1
2017-10-18 08:45:00,0.0,pumps,MW,nem,NSW1
2017-10-18 08:50:00,0.0,pumps,MW,nem,NSW1
2017-10-18 08:55:00,0.0,pumps,MW,nem,NSW1
2017-10-18 09:00:00,0.0,pumps,MW,nem,NSW1
2017-10-18 09:05:00,0.0,pumps,MW,nem,NSW1
2017-10-18 09:10:00,0.0,pumps,MW,nem,NSW1
2017-10-18 09:15:00,0.0,pumps,MW,nem,NSW1
2017-10-18 09:20:00,0.0,pumps,MW,nem,NSW1
2017-10-18 09:25:00,0.0,pumps,MW,nem,NSW1
2017-10-18 09:30:00,0.0,pumps,MW,nem,NSW1
2017-10-18 09:35:00,0.0,pumps,MW,nem,NSW1
2017-10-18 09:40:00,0.0,pumps,MW,nem,NSW1
2017-10-18 09:45:00,0.0,pumps,MW,nem,NSW1
2017-10-18 09:50:00,0.0,pumps,MW,nem,NSW1
2017-10-18 09:55:00,0.0,pumps,MW,nem,NSW1
2017-10-18 10:00:00,0.0,pumps,MW,nem,NSW1
2017-10-18 10:05:00,0.0,pumps,MW,nem,NSW1
2017-10-18 10:10:00,0.0,pumps,MW,nem,NSW1
2017-10-18 10:15:00,0.0,pumps,MW,nem,NSW1
2017-10-18 10:20:00,0.0,pumps,MW,nem,NSW1
2017-10-18 10:25:00,0.0,pumps,MW,nem,NSW1
2017-10-18 10:30:00,0.0,pumps,MW,nem,NSW1
2017-10-18 10:35:00,0.0,pumps,MW,nem,NSW1
2017-10-18 10:40:00,0.0,pumps,MW,nem,NSW1
2017-10-18 10:45:00,0.0,pumps,MW,nem,NSW1
2017-10-18 10:50:00,0.0,pumps,MW,nem,NSW1
2017-10-18 10:55:00,0.0,pumps,MW,nem,NSW1
2017-10-18 11:00:00,0.0,pumps,MW,nem,NSW1
2017-10-18 11:05:00,0.0,pumps,MW,nem,NSW1
2017-10-18 11:10:00,0.0,pumps,MW,nem,NSW1
2017-10-18 11:15:00,0.0,pumps,MW,nem,NSW1
2017-10-18 11:20:00,0.0,pumps,MW,nem,NSW1
2017-10-18 11:25:00,0.0,pumps,MW,nem,NSW1
2017-10-18 11:30:00,0.0,pumps,MW,nem,NSW1
2017-10-18 11:35:00,0.0,pumps,MW,nem,NSW1
2017-10-18 11:40:00,0.0,pumps,MW,nem,NSW1
2017-10-18 11:45:00,0.0,pumps,MW,nem,NSW1
2017-10-18 11:50:00,0.0,pumps,MW,nem,NSW1
2017-10-18 11:55:00,0.0,pumps,MW,nem,NSW1
2017-10-18 12:00:00,0.0,pumps,MW,nem,NSW1
2017-10-18 12:05:00,0.0,pumps,MW,nem,NSW1
2017-10-18 12:10:00,0.0,pumps,MW,nem,NSW1
2017-10-18 12:15:00,0.0,pumps,MW,nem,NSW1
2017-10-18 12:20:00,0.0,pumps,MW,nem,NSW1
2017-10-18 12:25:00,0.0,pumps,MW,nem,NSW1
2017-10-18 12:30:00,0.0,pumps,MW,nem,NSW1
2017-10-18 12:35:00,0.0,pumps,MW,nem,NSW1
2017-10-18 12:40:00,0.0,pumps,MW,nem,NSW1
2017-10-18 12:45:00,0.0,pumps,MW,nem,NSW1
2017-10-18 12:50:00,0.0,pumps,MW,nem,NSW1
2017-10-18 12:55:00,0.0,pumps,MW,nem,NSW1
2017-10-18 13:00:00,0.0,pumps,MW,nem,NSW1
2017-10-18 13:05:00,0.0,pumps,MW,nem,NSW1
2017-10-18 13:10:00,0.0,pumps,MW,nem,NSW1
2017-10-18 13:15:00,0.0,pumps,MW,nem,NSW1
2017-10-18 13:20:00,0.0,pumps,MW,nem,NSW1
2017-10-18 13:25:00,0.0,pumps,MW,nem,NSW1
2017-10-18 13:30:00,0.0,pumps,MW,nem,NSW1
2017-10-18 13:35:00,0.0,pumps,MW,nem,NSW1
2017-10-18 13:40:00,0.0,pumps,MW,nem,NSW1
2017-10-18 13:45:00,0.0,pumps,MW,nem,NSW1
2017-10-18 13:50:00,0.0,pumps,MW,nem,NSW1
2017-10-18 13:55:00,0.0,pumps,MW,nem,NSW1
2017-10-18 14:00:00,0.0,pumps,MW,nem,NSW1
2017-10-18 14:05:00,0.0,pumps,MW,nem,NSW1
2017-10-18 14:10:00,0.0,pumps,MW,nem,NSW1
2017-10-18 14:15:00,0.0,pumps,MW,nem,NSW1
2017-10-18 14:20:00,0.0,pumps,MW,nem,NSW1
2017-10-18 14:25:00,0.0,pumps,MW,nem,NSW1
2017-10-18 14:30:00,0.0,pumps,MW,nem,NSW1
2017-10-18 14:35:00,0.0,pumps,MW,nem,NSW1
2017-10-18 14:40:00,0.0,pumps,MW,nem,NSW1
2017-10-18 14:45:00,0.0,pumps,MW,nem,NSW1
2017-10-18 14:50:00,0.0,pumps,MW,nem,NSW1
2017-10-18 14:55:00,0.0,pumps,MW,nem,NSW1
2017-10-18 15:00:00,0.0,pumps,MW,nem,NSW1
2017-10-18 15:05:00,0.0,pumps,MW,nem,NSW1
2017-10-18 15:10:00,0.0,pumps,MW,nem,NSW1
2017-10-18 15:15:00,0.0,pumps,MW,nem,NSW1
2017-10-18 15:20:00,0.0,pumps,MW,nem,NSW1
2017-10-18 15:25:00,0.0,pumps,MW,nem,NSW1
2017-10-18 15:30:00,0.0,pumps,MW,nem,NSW1
2017-10-18 15:35:00,0.0,pumps,MW,nem,NSW1
2017-10-18 15:40:00,0.0,pumps,MW,nem,NSW1
2017-10-18 15:45:00,0.0,pumps,MW,nem,NSW1
2017-10-18 15:50:00,0.0,pumps,MW,nem,NSW1
2017-10-18 15:55:00,0.0,pumps,MW,nem,NSW1
2017-10-18 16:00:00,0.0,pumps,MW,nem,NSW1
2017-10-18 16:05:00,0.0,pumps,MW,nem,NSW1
2017-10-18 16:10:00,0.0,pumps,MW,nem,NSW1
2017-10-18 16:15:00,0.0,pumps,MW,nem,NSW1
2017-10-18 16:20:00,0.0,pumps,MW,nem,NSW1
2017-10-18 16:25:00,0.0,pumps,MW,nem,NSW1
2017-10-18 16:30:00,0.0,pumps,MW,nem,NSW1
2017-10-18 16:35:00,0.0,pumps,MW,nem,NSW1
2017-10-18 16:40:00,0.0,pumps,MW,nem,NSW1
2017-10-18 16:45:00,0.0,pumps,MW,nem,NSW1
2017-10-18 16:50:00,0.0,pumps,MW,nem,NSW1
2017-10-18 16:55:00,0.0,pumps,MW,nem,NSW1
2017-10-18 17:00:00,0.0,pumps,MW,nem,NSW1
2017-10-18 17:05:00,0.0,pumps,MW,nem,NSW1
2017-10-18 17:10:00,0.0,pumps,MW,nem,NSW1
2017-10-18 17:15:00,0.0,pumps,MW,nem,NSW1
2017-10-18 17:20:00,0.0,pumps,MW,nem,NSW1
2017-10-18 17:25:00,0.0,pumps,MW,nem,NSW1
2017-10-18 17:30:00,0.0,pumps,MW,nem,NSW1
2017-10-18 17:35:00,0.0,pumps,MW,nem,NSW1
2017-10-18 17:40:00,0.0,pumps,MW,nem,NSW1
2017-10-18 17:45:00,0.0,pumps,MW,nem,NSW1
2017-10-18 17:50:00,0.0,pumps,MW,nem,NSW1
2017-10-18 17:55:00,0.0,pumps,MW,nem,NSW1
2017-10-18 18:00:00,0.0,pumps,MW,nem,NSW1
2017-10-18 18:05:00,0.0,pumps,MW,nem,NSW1
2017-10-18 18:10:00,0.0,pumps,MW,nem,NSW1
2017-10-18 18:15:00,0.0,pumps,MW,nem,NSW1
2017-10-18 18:20:00,0.0,pumps,MW,nem,NSW1
2017-10-18 18:25:00,0.0,pumps,MW,nem,NSW1
2017-10-18 18:30:00,0.0,pumps,MW,nem,NSW1
2017-10-18 18:35:00,0.0,pumps,MW,nem,NSW1
2017-10-18 18:40:00,0.0,pumps,MW,nem,NSW1
2017-10-18 18:45:00,0.0,pumps,MW,nem,NSW1
2017-10-18 18:50:00,0.0,pumps,MW,nem,NSW1
2017-10-18 18:55:00,0.0,pumps,MW,nem,NSW1
2017-10-18 19:00:00,0.0,pumps,MW,nem,NSW1
2017-10-18 19:05:00,0.0,pumps,MW,nem,NSW1
2017-10-18 19:10:00,0.0,pumps,MW,nem,NSW1
2017-10-18 19:15:00,0.0,pumps,MW,nem,NSW1
2017-10-18 19:20:00,0.0,pumps,MW,nem,NSW1
2017-10-18 19:25:00,0.0,pumps,MW,nem,NSW1
2017-10-18 19:30:00,0.0,pumps,MW,nem,NSW1
2017-10-18 19:35:00,0.0,pumps,MW,nem,NSW1
2017-10-18 19:40:00,0.0,pumps,MW,nem,NSW1
2017-10-18 19:45:00,0.0,pumps,MW,nem,NSW1
2017-10-18 19:50:00,0.0,pumps,MW,nem,NSW1
2017-10-18 19:55:00,0.0,pumps,MW,nem,NSW1
2017-10-18 20:00:00,0.0,pumps,MW,nem,NSW1
2017-10-18 20:05:00,0.0,pumps,MW,nem,NSW1
2017-10-18 20:10:00,0.0,pumps,MW,nem,NSW1
2017-10-18 20:15:00,0.0,pumps,MW,nem,NSW1
2017-10-18 20:20:00,0.0,pumps,MW,nem,NSW1
2017-10-18 20:25:00,0.0,pumps,MW,nem,NSW1
2017-10-18 20:30:00,0.0,pumps,MW,nem,NSW1
2017-10-18 20:35:00,0.0,pumps,MW,nem,NSW1
2017-10-18 20:40:00,0.0,pumps,MW,nem,NSW1
2017-10-18 20:45:00,0.0,pumps,MW,nem,NSW1
2017-10-18 20:50:00,0.0,pumps,MW,nem,NSW1
2017-10-18 20:55:00,0.0,pumps,MW,nem,NSW1
2017-10-18 21:00:00,0.0,pumps,MW,nem,NSW1
2017-10-18 21:05:00,0.0,pumps,MW,nem,NSW1
2017-10-18 21:10:00,0.0,pumps,MW,nem,NSW1
2017-10-18 21:15:00,0.0,pumps,MW,nem,NSW1
2017-10-18 21:20:00,0.0,pumps,MW,nem,NSW1
2017-10-18 21:25:00,0.0,pumps,MW,nem,NSW1
2017-10-18 21:30:00,0.0,pumps,MW,nem,NSW1
2017-10-18 21:35:00,0.0,pumps,MW,nem,NSW1
2017-10-18 21:40:00,0.0,pumps,MW,nem,NSW1
2017-10-18 21:45:00,0.0,pumps,MW,nem,NSW1
2017-10-18 21:50:00,0.0,pumps,MW,nem,NSW1
2017-10-18 21:55:00,0.0,pumps,MW,nem,NSW1
2017-10-18 22:00:00,0.0,pumps,MW,nem,NSW1
2017-10-18 22:05:00,0.0,pumps,MW,nem,NSW1
2017-10-18 22:10:00,0.0,pumps,MW,nem,NSW1
2017-10-18 22:15:00,0.0,pumps,MW,nem,NSW1
2017-10-18 22:20:00,0.0,pumps,MW,nem,NSW1
2017-10-18 22:25:00,0.0,pumps,MW,nem,NSW1
2017-10-18 22:30:00,0.0,pumps,MW,nem,NSW1
2017-10-18 22:35:00,0.0,pumps,MW,nem,NSW1
2017-10-18 22:40:00,0.0,pumps,MW,nem,NSW1
2017-10-18 22:45:00,0.0,pumps,MW,nem,NSW1
2017-10-18 22:50:00,0.0,pumps,MW,nem,NSW1
2017-10-18 22:55:00,0.0,pumps,MW,nem,NSW1
2017-10-18 23:00:00,0.0,pumps,MW,nem,NSW1
2017-10-18 23:05:00,0.0,pumps,MW,nem,NSW1
2017-10-18 23:10:00,0.0,pumps,MW,nem,NSW1
2017-10-18 23:15:00,0.0,pumps,MW,nem,NSW1
2017-10-18 23:20:00,0.0,pumps,MW,nem,NSW1
2017-10-18 23:25:00,0.0,pumps,MW,nem,NSW1
2017-10-18 23:30:00,0.0,pumps,MW,nem,NSW1
2017-10-18 23:35:00,0.0,pumps,MW,nem,NSW1
2017-10-18 23:40:00,0.0,pumps,MW,nem,NSW1
2017-10-18 23:45:00,0.0,pumps,MW,nem,NSW1
2017-10-18 23:50:00,0.0,pumps,MW,nem,NSW1
2017-10-18 23:55:00,0.0,pumps,MW,nem,NSW1
2017-10-19 00:00:00,0.0,pumps,MW,nem,NSW1
2017-10-19 00:05:00,0.0,pumps,MW,nem,NSW1
2017-10-19 00:10:00,0.0,pumps,MW,nem,NSW1
2017-10-19 00:15:00,0.0,pumps,MW,nem,NSW1
2017-10-19 00:20:00,0.0,pumps,MW,nem,NSW1
2017-10-19 00:25:00,0.0,pumps,MW,nem,NSW1
2017-10-19 00:30:00,0.0,pumps,MW,nem,NSW1
2017-10-19 00:35:00,0.0,pumps,MW,nem,NSW1
2017-10-19 00:40:00,0.0,pumps,MW,nem,NSW1
2017-10-19 00:45:00,0.0,pumps,MW,nem,NSW1
2017-10-19 00:50:00,0.0,pumps,MW,nem,NSW1
2017-10-19 00:55:00,0.0,pumps,MW,nem,NSW1
2017-10-19 01:00:00,0.0,pumps,MW,nem,NSW1
2017-10-19 01:05:00,0.0,pumps,MW,nem,NSW1
2017-10-19 01:10:00,0.0,pumps,MW,nem,NSW1
2017-10-19 01:15:00,0.0,pumps,MW,nem,NSW1
2017-10-19 01:20:00,0.0,pumps,MW,nem,NSW1
2017-10-19 01:25:00,0.0,pumps,MW,nem,NSW1
2017-10-19 01:30:00,0.0,pumps,MW,nem,NSW1
2017-10-19 01:35:00,0.0,pumps,MW,nem,NSW1
2017-10-19 01:40:00,0.0,pumps,MW,nem,NSW1
2017-10-19 01:45:00,0.0,pumps,MW,nem,NSW1
2017-10-19 01:50:00,0.0,pumps,MW,nem,NSW1
2017-10-19 01:55:00,0.0,pumps,MW,nem,NSW1
2017-10-19 02:00:00,0.0,pumps,MW,nem,NSW1
2017-10-19 02:05:00,0.0,pumps,MW,nem,NSW1
2017-10-19 02:10:00,0.0,pumps,MW,nem,NSW1
2017-10-19 02:15:00,0.0,pumps,MW,nem,NSW1
2017-10-19 02:20:00,0.0,pumps,MW,nem,NSW1
2017-10-19 02:25:00,0.0,pumps,MW,nem,NSW1
2017-10-19 02:30:00,0.0,pumps,MW,nem,NSW1
2017-10-19 02:35:00,0.0,pumps,MW,nem,NSW1
2017-10-19 02:40:00,0.0,pumps,MW,nem,NSW1
2017-10-19 02:45:00,0.0,pumps,MW,nem,NSW1
2017-10-19 02:50:00,0.0,pumps,MW,nem,NSW1
2017-10-19 02:55:00,0.0,pumps,MW,nem,NSW1
2017-10-19 03:00:00,0.0,pumps,MW,nem,NSW1
2017-10-19 03:05:00,0.0,pumps,MW,nem,NSW1
2017-10-19 03:10:00,0.0,pumps,MW,nem,NSW1
2017-10-19 03:15:00,0.0,pumps,MW,nem,NSW1
2017-10-19 03:20:00,0.0,pumps,MW,nem,NSW1
2017-10-19 03:25:00,0.0,pumps,MW,nem,NSW1
2017-10-19 03:30:00,0.0,pumps,MW,nem,NSW1
2017-10-19 03:35:00,0.0,pumps,MW,nem,NSW1
2017-10-19 03:40:00,0.0,pumps,MW,nem,NSW1
2017-10-19 03:45:00,0.0,pumps,MW,nem,NSW1
2017-10-19 03:50:00,0.0,pumps,MW,nem,NSW1
2017-10-19 03:55:00,0.0,pumps,MW,nem,NSW1
2017-10-19 04:00:00,0.0,pumps,MW,nem,NSW1
2017-10-19 04:05:00,0.0,pumps,MW,nem,NSW1
2017-10-19 04:10:00,0.0,pumps,MW,nem,NSW1
2017-10-19 04:15:00,0.0,pumps,MW,nem,NSW1
2017-10-19 04:20:00,0.0,pumps,MW,nem,NSW1
2017-10-19 04:25:00,0.0,pumps,MW,nem,NSW1
2017-10-19 04:30:00,0.0,pumps,MW,nem,NSW1
2017-10-19 04:35:00,0.0,pumps,MW,nem,NSW1
2017-10-19 04:40:00,0.0,pumps,MW,nem,NSW1
2017-10-19 04:45:00,0.0,pumps,MW,nem,NSW1
2017-10-19 04:50:00,0.0,pumps,MW,nem,NSW1
2017-10-19 04:55:00,0.0,pumps,MW,nem,NSW1
2017-10-19 05:00:00,0.0,pumps,MW,nem,NSW1
2017-10-19 05:05:00,0.0,pumps,MW,nem,NSW1
2017-10-19 05:10:00,0.0,pumps,MW,nem,NSW1
2017-10-19 05:15:00,0.0,pumps,MW,nem,NSW1
2017-10-19 05:20:00,0.0,pumps,MW,nem,NSW1
2017-10-19 05:25:00,0.0,pumps,MW,nem,NSW1
2017-10-19 05:30:00,0.0,pumps,MW,nem,NSW1
2017-10-19 05:35:00,0.0,pumps,MW,nem,NSW1
2017-10-19 05:40:00,0.0,pumps,MW,nem,NSW1
2017-10-19 05:45:00,0.0,pumps,MW,nem,NSW1
2017-10-19 05:50:00,0.0,pumps,MW,nem,NSW1
2017-10-19 05:55:00,0.0,pumps,MW,nem,NSW1
2017-10-19 06:00:00,0.0,pumps,MW,nem,NSW1
2017-10-19 06:05:00,0.0,pumps,MW,nem,NSW1
2017-10-19 06:10:00,0.0,pumps,MW,nem,NSW1
2017-10-19 06:15:00,0.0,pumps,MW,nem,NSW1
2017-10-19 06:20:00,0.0,pumps,MW,nem,NSW1
2017-10-19 06:25:00,0.0,pumps,MW,nem,NSW1
2017-10-19 06:30:00,0.0,pumps,MW,nem,NSW1
2017-10-19 06:35:00,0.0,pumps,MW,nem,NSW1
2017-10-19 06:40:00,0.0,pumps,MW,nem,NSW1
2017-10-19 06:45:00,0.0,pumps,MW,nem,NSW1
2017-10-19 06:50:00,0.0,pumps,MW,nem,NSW1
2017-10-19 06:55:00,0.0,pumps,MW,nem,NSW1
2017-10-19 07:00:00,0.0,pumps,MW,nem,NSW1
2017-10-19 07:05:00,0.0,pumps,MW,nem,NSW1
2017-10-19 07:10:00,0.0,pumps,MW,nem,NSW1
2017-10-19 07:15:00,0.0,pumps,MW,nem,NSW1
2017-10-19 07:20:00,0.0,pumps,MW,nem,NSW1
2017-10-19 07:25:00,0.0,pumps,MW,nem,NSW1
2017-10-19 07:30:00,0.0,pumps,MW,nem,NSW1
2017-10-19 07:35:00,0.0,pumps,MW,nem,NSW1
2017-10-19 07:40:00,0.0,pumps,MW,nem,NSW1
2017-10-19 07:45:00,0.0,pumps,MW,nem,NSW1
2017-10-19 07:50:00,0.0,pumps,MW,nem,NSW1
2017-10-19 07:55:00,0.0,pumps,MW,nem,NSW1
2017-10-19 08:00:00,0.0,pumps,MW,nem,NSW1
2017-10-19 08:05:00,0.0,pumps,MW,nem,NSW1
2017-10-19 08:10:00,0.0,pumps,MW,nem,NSW1
2017-10-19 08:15:00,0.0,pumps,MW,nem,NSW1
2017-10-19 08:20:00,0.0,pumps,MW,nem,NSW1
2017-10-19 08:25:00,0.0,pumps,MW,nem,NSW1
2017-10-19 08:30:00,0.0,pumps,MW,nem,NSW1
2017-10-19 08:35:00,0.0,pumps,MW,nem,NSW1
2017-10-19 08:40:00,0.0,pumps,MW,nem,NSW1
2017-10-19 08:45:00,0.0,pumps,MW,nem,NSW1
2017-10-19 08:50:00,0.0,pumps,MW,nem,NSW1
2017-10-19 08:55:00,0.0,pumps,MW,nem,NSW1
2017-10-19 09:00:00,0.0,pumps,MW,nem,NSW1
2017-10-19 09:05:00,0.0,pumps,MW,nem,NSW1
2017-10-19 09:10:00,0.0,pumps,MW,nem,NSW1
2017-10-19 09:15:00,0.0,pumps,MW,nem,NSW1
2017-10-19 09:20:00,0.0,pumps,MW,nem,NSW1
2017-10-19 09:25:00,0.0,pumps,MW,nem,NSW1
2017-10-19 09:30:00,0.0,pumps,MW,nem,NSW1
2017-10-19 09:35:00,0.0,pumps,MW,nem,NSW1
2017-10-19 09:40:00,0.0,pumps,MW,nem,NSW1
2017-10-19 09:45:00,0.0,pumps,MW,nem,NSW1
2017-10-19 09:50:00,0.0,pumps,MW,nem,NSW1
2017-10-19 09:55:00,0.0,pumps,MW,nem,NSW1
2017-10-19 10:00:00,0.0,pumps,MW,nem,NSW1
2017-10-19 10:05:00,0.0,pumps,MW,nem,NSW1
2017-10-19 10:10:00,0.0,pumps,MW,nem,NSW1
2017-10-19 10:15:00,0.0,pumps,MW,nem,NSW1
2017-10-19 10:20:00,0.0,pumps,MW,nem,NSW1
2017-10-19 10:25:00,0.0,pumps,MW,nem,NSW1
2017-10-19 10:30:00,0.0,pumps,MW,nem,NSW1
2017-10-19 10:35:00,0.0,pumps,MW,nem,NSW1
2017-10-19 10:40:00,0.0,pumps,MW,nem,NSW1
2017-10-19 10:45:00,0.0,pumps,MW,nem,NSW1
2017-10-19 10:50:00,0.0,pumps,MW,nem,NSW1
2017-10-19 10:55:00,0.0,pumps,MW,nem,NSW1
2017-10-19 11:00:00,0.0,pumps,MW,nem,NSW1
2017-10-19 11:05:00,0.0,pumps,MW,nem,NSW1
2017-10-19 11:10:00,0.0,pumps,MW,nem,NSW1
2017-10-19 11:15:00,0.0,pumps,MW,nem,NSW1
2017-10-19 11:20:00,0.0,pumps,MW,nem,NSW1
2017-10-19 11:25:00,0.0,pumps,MW,nem,NSW1
2017-10-19 11:30:00,0.0,pumps,MW,nem,NSW1
2017-10-19 11:35:00,0.0,pumps,MW,nem,NSW1
2017-10-19 11:40:00,0.0,pumps,MW,nem,NSW1
2017-10-19 11:45:00,0.0,pumps,MW,nem,NSW1
2017-10-19 11:50:00,0.0,pumps,MW,nem,NSW1
2017-10-19 11:55:00,0.0,pumps,MW,nem,NSW1
2017-10-19 12:00:00,0.0,pumps,MW,nem,NSW1
2017-10-19 12:05:00,0.0,pumps,MW,nem,NSW1
2017-10-19 12:10:00,0.0,pumps,MW,nem,NSW1
2017-10-19 12:15:00,0.0,pumps,MW,nem,NSW1
2017-10-19 12:20:00,0.0,pumps,MW,nem,NSW1
2017-10-19 12:25:00,0.0,pumps,MW,nem,NSW1
2017-10-19 12:30:00,0.0,pumps,MW,nem,NSW1
2017-10-19 12:35:00,0.0,pumps,MW,nem,NSW1
2017-10-19 12:40:00,0.0,pumps,MW,nem,NSW1
2017-10-19 12:45:00,0.0,pumps,MW,nem,NSW1
2017-10-19 12:50:00,0.0,pumps,MW,nem,NSW1
2017-10-19 12:55:00,0.0,pumps,MW,nem,NSW1
2017-10-19 13:00:00,0.0,pumps,MW,nem,NSW1
2017-10-19 13:05:00,0.0,pumps,MW,nem,NSW1
2017-10-19 13:10:00,0.0,pumps,MW,nem,NSW1
2017-10-19 13:15:00,0.0,pumps,MW,nem,NSW1
2017-10-19 13:20:00,0.0,pumps,MW,nem,NSW1
2017-10-19 13:25:00,0.0,pumps,MW,nem,NSW1
2017-10-19 13:30:00,0.0,pumps,MW,nem,NSW1
2017-10-19 13:35:00,0.0,pumps,MW,nem,NSW1
2017-10-19 13:40:00,0.0,pumps,MW,nem,NSW1
2017-10-19 13:45:00,0.0,pumps,MW,nem,NSW1
2017-10-19 13:50:00,0.0,pumps,MW,nem,NSW1
2017-10-19 13:55:00,0.0,pumps,MW,nem,NSW1
2017-10-19 14:00:00,0.0,pumps,MW,nem,NSW1
2017-10-19 14:05:00,0.0,pumps,MW,nem,NSW1
2017-10-19 14:10:00,0.0,pumps,MW,nem,NSW1
2017-10-19 14:15:00,0.0,pumps,MW,nem,NSW1
2017-10-19 14:20:00,0.0,pumps,MW,nem,NSW1
2017-10-19 14:25:00,0.0,pumps,MW,nem,NSW1
2017-10-19 14:30:00,0.0,pumps,MW,nem,NSW1
2017-10-19 14:35:00,0.0,pumps,MW,nem,NSW1
2017-10-19 14:40:00,0.0,pumps,MW,nem,NSW1
2017-10-19 14:45:00,0.0,pumps,MW,nem,NSW1
2017-10-19 14:50:00,0.0,pumps,MW,nem,NSW1
2017-10-19 14:55:00,0.0,pumps,MW,nem,NSW1
2017-10-19 15:00:00,0.0,pumps,MW,nem,NSW1
2017-10-19 15:05:00,0.0,pumps,MW,nem,NSW1
2017-10-19 15:10:00,0.0,pumps,MW,nem,NSW1
2017-10-19 15:15:00,0.0,pumps,MW,nem,NSW1
2017-10-19 15:20:00,0.0,pumps,MW,nem,NSW1
2017-10-19 15:25:00,0.0,pumps,MW,nem,NSW1
2017-10-19 15:30:00,0.0,pumps,MW,nem,NSW1
2017-10-19 15:35:00,0.0,pumps,MW,nem,NSW1
2017-10-19 15:40:00,0.0,pumps,MW,nem,NSW1
2017-10-19 15:45:00,0.0,pumps,MW,nem,NSW1
2017-10-19 15:50:00,0.0,pumps,MW,nem,NSW1
2017-10-19 15:55:00,0.0,pumps,MW,nem,NSW1
2017-10-19 16:00:00,0.0,pumps,MW,nem,NSW1
2017-10-19 16:05:00,0.0,pumps,MW,nem,NSW1
2017-10-19 16:10:00,0.0,pumps,MW,nem,NSW1
2017-10-19 16:15:00,0.0,pumps,MW,nem,NSW1
2017-10-19 16:20:00,0.0,pumps,MW,nem,NSW1
2017-10-19 16:25:00,0.0,pumps,MW,nem,NSW1
2017-10-19 16:30:00,0.0,pumps,MW,nem,NSW1
2017-10-19 16:35:00,0.0,pumps,MW,nem,NSW1
2017-10-19 16:40:00,0.0,pumps,MW,nem,NSW1
2017-10-19 16:45:00,0.0,pumps,MW,nem,NSW1
2017-10-19 16:50:00,0.0,pumps,MW,nem,NSW1
2017-10-19 16:55:00,0.0,pumps,MW,nem,NSW1
2017-10-19 17:00:00,0.0,pumps,MW,nem,NSW1
2017-10-19 17:05:00,0.0,pumps,MW,nem,NSW1
2017-10-19 17:10:00,0.0,pumps,MW,nem,NSW1
2017-10-19 17:15:00,0.0,pumps,MW,nem,NSW1
2017-10-19 17:20:00,0.0,pumps,MW,nem,NSW1
2017-10-19 17:25:00,0.0,pumps,MW,nem,NSW1
2017-10-19 17:30:00,0.0,pumps,MW,nem,NSW1
2017-10-19 17:35:00,0.0,pumps,MW,nem,NSW1
2017-10-19 17:40:00,0.0,pumps,MW,nem,NSW1
2017-10-19 17:45:00,0.0,pumps,MW,nem,NSW1
2017-10-19 17:50:00,0.0,pumps,MW,nem,NSW1
2017-10-19 17:55:00,0.0,pumps,MW,nem,NSW1
2017-10-19 18:00:00,0.0,pumps,MW,nem,NSW1
2017-10-19 18:05:00,0.0,pumps,MW,nem,NSW1
2017-10-19 18:10:00,0.0,pumps,MW,nem,NSW1
2017-10-19 18:15:00,0.0,pumps,MW,nem,NSW1
2017-10-19 18:20:00,0.0,pumps,MW,nem,NSW1
2017-10-19 18:25:00,0.0,pumps,MW,nem,NSW1
2017-10-19 18:30:00,0.0,pumps,MW,nem,NSW1
2017-10-19 18:35:00,0.0,pumps,MW,nem,NSW1
2017-10-19 18:40:00,0.0,pumps,MW,nem,NSW1
2017-10-19 18:45:00,0.0,pumps,MW,nem,NSW1
2017-10-19 18:50:00,0.0,pumps,MW,nem,NSW1
2017-10-19 18:55:00,0.0,pumps,MW,nem,NSW1
2017-10-19 19:00:00,0.0,pumps,MW,nem,NSW1
2017-10-19 19:05:00,0.0,pumps,MW,nem,NSW1
2017-10-19 19:10:00,0.0,pumps,MW,nem,NSW1
2017-10-19 19:15:00,0.0,pumps,MW,nem,NSW1
2017-10-19 19:20:00,0.0,pumps,MW,nem,NSW1
2017-10-19 19:25:00,0.0,pumps,MW,nem,NSW1
2017-10-19 19:30:00,0.0,pumps,MW,nem,NSW1
2017-10-19 19:35:00,0.0,pumps,MW,nem,NSW1
2017-10-19 19:40:00,0.0,pumps,MW,nem,NSW1
2017-10-19 19:45:00,0.0,pumps,MW,nem,NSW1
2017-10-19 19:50:00,0.0,pumps,MW,nem,NSW1
2017-10-19 19:55:00,0.0,pumps,MW,nem,NSW1
2017-10-19 20:00:00,0.0,pumps,MW,nem,NSW1
2017-10-19 20:05:00,0.0,pumps,MW,nem,NSW1
2017-10-19 20:10:00,0.0,pumps,MW,nem,NSW1
2017-10-19 20:15:00,0.0,pumps,MW,nem,NSW1
2017-10-19 20:20:00,0.0,pumps,MW,nem,NSW1
2017-10-19 20:25:00,0.0,pumps,MW,nem,NSW1
2017-10-19 20:30:00,0.0,pumps,MW,nem,NSW1
2017-10-19 20:35:00,0.0,pumps,MW,nem,NSW1
2017-10-19 20:40:00,0.0,pumps,MW,nem,NSW1
2017-10-19 20:45:00,0.0,pumps,MW,nem,NSW1
2017-10-19 20:50:00,0.0,pumps,MW,nem,NSW1
2017-10-19 20:55:00,0.0,pumps,MW,nem,NSW1
2017-10-19 21:00:00,0.0,pumps,MW,nem,NSW1
2017-10-19 21:05:00,0.0,pumps,MW,nem,NSW1
2017-10-19 21:10:00,0.0,pumps,MW,nem,NSW1
2017-10-19 21:15:00,0.0,pumps,MW,nem,NSW1
2017-10-19 21:20:00,0.0,pumps,MW,nem,NSW1
2017-10-19 21:25:00,0.0,pumps,MW,nem,NSW1
2017-10-19 21:30:00,0.0,pumps,MW,nem,NSW1
2017-10-19 21:35:00,0.0,pumps,MW,nem,NSW1
2017-10-19 21:40:00,0.0,pumps,MW,nem,NSW1
2017-10-19 21:45:00,0.0,pumps,MW,nem,NSW1
2017-10-19 21:50:00,0.0,pumps,MW,nem,NSW1
2017-10-19 21:55:00,0.0,pumps,MW,nem,NSW1
2017-10-19 22:00:00,0.0,pumps,MW,nem,NSW1
2017-10-19 22:05:00,0.0,pumps,MW,nem,NSW1
2017-10-19 22:10:00,0.0,pumps,MW,nem,NSW1
2017-10-19 22:15:00,0.0,pumps,MW,nem,NSW1
2017-10-19 22:20:00,0.0,pumps,MW,nem,NSW1
2017-10-19 22:25:00,0.0,pumps,MW,nem,NSW1
2017-10-19 22:30:00,0.0,pumps,MW,nem,NSW1
2017-10-19 22:35:00,0.0,pumps,MW,nem,NSW1
2017-10-19 22:40:00,0.0,pumps,MW,nem,NSW1
2017-10-19 22:45:00,0.0,pumps,MW,nem,NSW1
2017-10-19 22:50:00,0.0,pumps,MW,nem,NSW1
2017-10-19 22:55:00,0.0,pumps,MW,nem,NSW1
2017-10-19 23:00:00,0.0,pumps,MW,nem,NSW1
2017-10-19 23:05:00,0.0,pumps,MW,nem,NSW1
2017-10-19 23:10:00,0.0,pumps,MW,nem,NSW1
2017-10-19 23:15:00,0.0,pumps,MW,nem,NSW1
2017-10-19 23:20:00,0.0,pumps,MW,nem,NSW1
2017-10-19 23:25:00,0.0,pumps,MW,nem,NSW1
2017-10-19 23:30:00,0.0,pumps,MW,nem,NSW1
2017-10-19 23:35:00,0.0,pumps,MW,nem,NSW1
2017-10-19 23:40:00,0.0,pumps,MW,nem,NSW1
2017-10-19 23:45:00,0.0,pumps,MW,nem,NSW1
2017-10-19 23:50:00,0.0,pumps,MW,nem,NSW1
2017-10-19 23:55:00,0.0,pumps,MW,nem,NSW1
2017-10-20 00:00:00,0.0,pumps,MW,nem,NSW1
2017-10-20 00:05:00,0.0,pumps,MW,nem,NSW1
2017-10-20 00:10:00,0.0,pumps,MW,nem,NSW1
2017-10-20 00:15:00,0.0,pumps,MW,nem,NSW1
2017-10-20 00:20:00,0.0,pumps,MW,nem,NSW1
2017-10-20 00:25:00,0.0,pumps,MW,nem,NSW1
2017-10-20 00:30:00,0.0,pumps,MW,nem,NSW1
2017-10-20 00:35:00,0.0,pumps,MW,nem,NSW1
2017-10-20 00:40:00,0.0,pumps,MW,nem,NSW1
2017-10-20 00:45:00,0.0,pumps,MW,nem,NSW1
2017-10-20 00:50:00,0.0,pumps,MW,nem,NSW1
2017-10-20 00:55:00,0.0,pumps,MW,nem,NSW1
2017-10-20 01:00:00,0.0,pumps,MW,nem,NSW1
2017-10-20 01:05:00,0.0,pumps,MW,nem,NSW1
2017-10-20 01:10:00,0.0,pumps,MW,nem,NSW1
2017-10-20 01:15:00,0.0,pumps,MW,nem,NSW1
2017-10-20 01:20:00,0.0,pumps,MW,nem,NSW1
2017-10-20 01:25:00,0.0,pumps,MW,nem,NSW1
2017-10-20 01:30:00,0.0,pumps,MW,nem,NSW1
2017-10-20 01:35:00,0.0,pumps,MW,nem,NSW1
2017-10-20 01:40:00,0.0,pumps,MW,nem,NSW1
2017-10-20 01:45:00,0.0,pumps,MW,nem,NSW1
2017-10-20 01:50:00,0.0,pumps,MW,nem,NSW1
2017-10-20 01:55:00,0.0,pumps,MW,nem,NSW1
2017-10-20 02:00:00,0.0,pumps,MW,nem,NSW1
2017-10-20 02:05:00,0.0,pumps,MW,nem,NSW1
2017-10-20 02:10:00,0.0,pumps,MW,nem,NSW1
2017-10-20 02:15:00,0.0,pumps,MW,nem,NSW1
2017-10-20 02:20:00,0.0,pumps,MW,nem,NSW1
2017-10-20 02:25:00,0.0,pumps,MW,nem,NSW1
2017-10-20 02:30:00,0.0,pumps,MW,nem,NSW1
2017-10-20 02:35:00,0.0,pumps,MW,nem,NSW1
2017-10-20 02:40:00,0.0,pumps,MW,nem,NSW1
2017-10-20 02:45:00,0.0,pumps,MW,nem,NSW1
2017-10-20 02:50:00,0.0,pumps,MW,nem,NSW1
2017-10-20 02:55:00,0.0,pumps,MW,nem,NSW1
2017-10-20 03:00:00,0.0,pumps,MW,nem,NSW1
2017-10-20 03:05:00,0.0,pumps,MW,nem,NSW1
2017-10-20 03:10:00,0.0,pumps,MW,nem,NSW1
2017-10-20 03:15:00,0.0,pumps,MW,nem,NSW1
2017-10-20 03:20:00,0.0,pumps,MW,nem,NSW1
2017-10-20 03:25:00,0.0,pumps,MW,nem,NSW1
2017-10-20 03:30:00,0.0,pumps,MW,nem,NSW1
2017-10-20 03:35:00,0.0,pumps,MW,nem,NSW1
2017-10-20 03:40:00,0.0,pumps,MW,nem,NSW1
2017-10-20 03:45:00,0.0,pumps,MW,nem,NSW1
2017-10-20 03:50:00,0.0,pumps,MW,nem,NSW1
2017-10-20 03:55:00,0.0,pumps,MW,nem,NSW1
2017-10-20 04:00:00,0.0,pumps,MW,nem,NSW1
2017-10-20 04:05:00,0.0,pumps,MW,nem,NSW1
2017-10-20 04:10:00,0.0,pumps,MW,nem,NSW1
2017-10-20 04:15:00,0.0,pumps,MW,nem,NSW1
2017-10-20 04:20:00,0.0,pumps,MW,nem,NSW1
2017-10-20 04:25:00,0.0,pumps,MW,nem,NSW1
2017-10-20 04:30:00,0.0,pumps,MW,nem,NSW1
2017-10-20 04:35:00,0.0,pumps,MW,nem,NSW1
2017-10-20 04:40:00,0.0,pumps,MW,nem,NSW1
2017-10-20 04:45:00,0.0,pumps,MW,nem,NSW1
2017-10-20 04:50:00,0.0,pumps,MW,nem,NSW1
2017-10-20 04:55:00,0.0,pumps,MW,nem,NSW1
2017-10-20 05:00:00,0.0,pumps,MW,nem,NSW1
2017-10-20 05:05:00,0.0,pumps,MW,nem,NSW1
2017-10-20 05:10:00,0.0,pumps,MW,nem,NSW1
2017-10-20 05:15:00,0.0,pumps,MW,nem,NSW1
2017-10-20 05:20:00,0.0,pumps,MW,nem,NSW1
2017-10-20 05:25:00,0.0,pumps,MW,nem,NSW1
2017-10-20 05:30:00,0.0,pumps,MW,nem,NSW1
2017-10-20 05:35:00,0.0,pumps,MW,nem,NSW1
2017-10-20 05:40:00,0.0,pumps,MW,nem,NSW1
2017-10-20 05:45:00,0.0,pumps,MW,nem,NSW1
2017-10-20 05:50:00,0.0,pumps,MW,nem,NSW1
2017-10-20 05:55:00,0.0,pumps,MW,nem,NSW1
2017-10-20 06:00:00,0.0,pumps,MW,nem,NSW1
2017-10-20 06:05:00,0.0,pumps,MW,nem,NSW1
2017-10-20 06:10:00,0.0,pumps,MW,nem,NSW1
2017-10-20 06:15:00,0.0,pumps,MW,nem,NSW1
2017-10-20 06:20:00,0.0,pumps,MW,nem,NSW1
2017-10-20 06:25:00,0.0,pumps,MW,nem,NSW1
2017-10-20 06:30:00,0.0,pumps,MW,nem,NSW1
2017-10-20 06:35:00,0.0,pumps,MW,nem,NSW1
2017-10-20 06:40:00,0.0,pumps,MW,nem,NSW1
2017-10-20 06:45:00,0.0,pumps,MW,nem,NSW1
2017-10-20 06:50:00,0.0,pumps,MW,nem,NSW1
2017-10-20 06:55:00,0.0,pumps,MW,nem,NSW1
2017-10-20 07:00:00,0.0,pumps,MW,nem,NSW1
2017-10-20 07:05:00,0.0,pumps,MW,nem,NSW1
2017-10-20 07:10:00,0.0,pumps,MW,nem,NSW1
2017-10-20 07:15:00,0.0,pumps,MW,nem,NSW1
2017-10-20 07:20:00,0.0,pumps,MW,nem,NSW1
2017-10-20 07:25:00,0.0,pumps,MW,nem,NSW1
2017-10-20 07:30:00,0.0,pumps,MW,nem,NSW1
2017-10-20 07:35:00,0.0,pumps,MW,nem,NSW1
2017-10-20 07:40:00,0.0,pumps,MW,nem,NSW1
2017-10-20 07:45:00,0.0,pumps,MW,nem,NSW1
2017-10-20 07:50:00,0.0,pumps,MW,nem,NSW1
2017-10-20 07:55:00,0.0,pumps,MW,nem,NSW1
2017-10-20 08:00:00,0.0,pumps,MW,nem,NSW1
2017-10-20 08:05:00,0.0,pumps,MW,nem,NSW1
2017-10-20 08:10:00,0.0,pumps,MW,nem,NSW1
2017-10-20 08:15:00,0.0,pumps,MW,nem,NSW1
2017-10-20 08:20:00,0.0,pumps,MW,nem,NSW1
2017-10-20 08:25:00,0.0,pumps,MW,nem,NSW1
2017-10-20 08:30:00,0.0,pumps,MW,nem,NSW1
2017-10-20 08:35:00,0.0,pumps,MW,nem,NSW1
2017-10-20 08:40:00,0.0,pumps,MW,nem,NSW1
2017-10-20 08:45:00,0.0,pumps,MW,nem,NSW1
2017-10-20 08:50:00,0.0,pumps,MW,nem,NSW1
2017-10-20 08:55:00,0.0,pumps,MW,nem,NSW1
2017-10-20 09:00:00,0.0,pumps,MW,nem,NSW1
2017-10-20 09:05:00,0.0,pumps,MW,nem,NSW1
2017-10-20 09:10:00,0.0,pumps,MW,nem,NSW1
2017-10-20 09:15:00,0.0,pumps,MW,nem,NSW1
2017-10-20 09:20:00,0.0,pumps,MW,nem,NSW1
2017-10-20 09:25:00,0.0,pumps,MW,nem,NSW1
2017-10-20 09:30:00,0.0,pumps,MW,nem,NSW1
2017-10-20 09:35:00,0.0,pumps,MW,nem,NSW1
2017-10-20 09:40:00,0.0,pumps,MW,nem,NSW1
2017-10-20 09:45:00,0.0,pumps,MW,nem,NSW1
2017-10-20 09:50:00,0.0,pumps,MW,nem,NSW1
2017-10-20 09:55:00,0.0,pumps,MW,nem,NSW1
2017-10-20 10:00:00,0.0,pumps,MW,nem,NSW1
2017-10-20 10:05:00,0.0,pumps,MW,nem,NSW1
2017-10-20 10:10:00,0.0,pumps,MW,nem,NSW1
2017-10-20 10:15:00,0.0,pumps,MW,nem,NSW1
2017-10-20 10:20:00,0.0,pumps,MW,nem,NSW1
2017-10-20 10:25:00,0.0,pumps,MW,nem,NSW1
2017-10-20 10:30:00,0.0,pumps,MW,nem,NSW1
2017-10-20 10:35:00,0.0,pumps,MW,nem,NSW1
2017-10-20 10:40:00,0.0,pumps,MW,nem,NSW1
2017-10-20 10:45:00,0.0,pumps,MW,nem,NSW1
2017-10-20 10:50:00,0.0,pumps,MW,nem,NSW1
2017-10-20 10:55:00,0.0,pumps,MW,nem,NSW1
2017-10-20 11:00:00,0.0,pumps,MW,nem,NSW1
2017-10-20 11:05:00,0.0,pumps,MW,nem,NSW1
2017-10-20 11:10:00,0.0,pumps,MW,nem,NSW1
2017-10-20 11:15:00,0.0,pumps,MW,nem,NSW1
2017-10-20 11:20:00,0.0,pumps,MW,nem,NSW1
2017-10-20 11:25:00,0.0,pumps,MW,nem,NSW1
2017-10-20 11:30:00,0.0,pumps,MW,nem,NSW1
2017-10-20 11:35:00,0.0,pumps,MW,nem,NSW1
2017-10-20 11:40:00,0.0,pumps,MW,nem,NSW1
2017-10-20 11:45:00,0.0,pumps,MW,nem,NSW1
2017-10-20 11:50:00,0.0,pumps,MW,nem,NSW1
2017-10-20 11:55:00,0.0,pumps,MW,nem,NSW1
2017-10-20 12:00:00,0.0,pumps,MW,nem,NSW1
2017-10-20 12:05:00,0.0,pumps,MW,nem,NSW1
2017-10-20 12:10:00,0.0,pumps,MW,nem,NSW1
2017-10-20 12:15:00,0.0,pumps,MW,nem,NSW1
2017-10-20 12:20:00,0.0,pumps,MW,nem,NSW1
2017-10-20 12:25:00,0.0,pumps,MW,nem,NSW1
2017-10-20 12:30:00,0.0,pumps,MW,nem,NSW1
2017-10-20 12:35:00,0.0,pumps,MW,nem,NSW1
2017-10-20 12:40:00,0.0,pumps,MW,nem,NSW1
2017-10-20 12:45:00,0.0,pumps,MW,nem,NSW1
2017-10-20 12:50:00,0.0,pumps,MW,nem,NSW1
2017-10-20 12:55:00,0.0,pumps,MW,nem,NSW1
2017-10-20 13:00:00,0.0,pumps,MW,nem,NSW1
2017-10-20 13:05:00,0.0,pumps,MW,nem,NSW1
2017-10-20 13:10:00,0.0,pumps,MW,nem,NSW1
2017-10-20 13:15:00,0.0,pumps,MW,nem,NSW1
2017-10-20 13:20:00,0.0,pumps,MW,nem,NSW1
2017-10-20 13:25:00,0.0,pumps,MW,nem,NSW1
2017-10-20 13:30:00,0.0,pumps,MW,nem,NSW1
2017-10-20 13:35:00,0.0,pumps,MW,nem,NSW1
2017-10-20 13:40:00,0.0,pumps,MW,nem,NSW1
2017-10-20 13:45:00,0.0,pumps,MW,nem,NSW1
2017-10-20 13:50:00,0.0,pumps,MW,nem,NSW1
2017-10-20 13:55:00,0.0,pumps,MW,nem,NSW1
2017-10-20 14:00:00,0.0,pumps,MW,nem,NSW1
2017-10-20 14:05:00,0.0,pumps,MW,nem,NSW1
2017-10-20 14:10:00,0.0,pumps,MW,nem,NSW1
2017-10-20 14:15:00,0.0,pumps,MW,nem,NSW1
2017-10-20 14:20:00,0.0,pumps,MW,nem,NSW1
2017-10-20 14:25:00,0.0,pumps,MW,nem,NSW1
2017-10-20 14:30:00,0.0,pumps,MW,nem,NSW1
2017-10-20 14:35:00,0.0,pumps,MW,nem,NSW1
2017-10-20 14:40:00,0.0,pumps,MW,nem,NSW1
2017-10-20 14:45:00,0.0,pumps,MW,nem,NSW1
2017-10-20 14:50:00,0.0,pumps,MW,nem,NSW1
2017-10-20 14:55:00,0.0,pumps,MW,nem,NSW1
2017-10-20 15:00:00,0.0,pumps,MW,nem,NSW1
2017-10-20 15:05:00,0.0,pumps,MW,nem,NSW1
2017-10-20 15:10:00,0.0,pumps,MW,nem,NSW1
2017-10-20 15:15:00,0.0,pumps,MW,nem,NSW1
2017-10-20 15:20:00,0.0,pumps,MW,nem,NSW1
2017-10-20 15:25:00,0.0,pumps,MW,nem,NSW1
2017-10-20 15:30:00,0.0,pumps,MW,nem,NSW1
2017-10-20 15:35:00,0.0,pumps,MW,nem,NSW1
2017-10-20 15:40:00,0.0,pumps,MW,nem,NSW1
2017-10-20 15:45:00,0.0,pumps,MW,nem,NSW1
2017-10-20 15:50:00,0.0,pumps,MW,nem,NSW1
2017-10-20 15:55:00,4.055,pumps,MW,nem,NSW1
2017-10-20 16:00:00,42.03,pumps,MW,nem,NSW1
2017-10-20 16:05:00,41.64,pumps,MW,nem,NSW1
2017-10-20 16:10:00,41.93,pumps,MW,nem,NSW1
2017-10-20 16:15:00,41.54,pumps,MW,nem,NSW1
2017-10-20 16:20:00,0.0,pumps,MW,nem,NSW1
2017-10-20 16:25:00,0.0,pumps,MW,nem,NSW1
2017-10-20 16:30:00,0.0,pumps,MW,nem,NSW1
2017-10-20 16:35:00,0.0,pumps,MW,nem,NSW1
2017-10-20 16:40:00,0.0,pumps,MW,nem,NSW1
2017-10-20 16:45:00,0.0,pumps,MW,nem,NSW1
2017-10-20 16:50:00,0.0,pumps,MW,nem,NSW1
2017-10-20 16:55:00,0.0,pumps,MW,nem,NSW1
2017-10-20 17:00:00,0.0,pumps,MW,nem,NSW1
2017-10-20 17:05:00,0.0,pumps,MW,nem,NSW1
2017-10-20 17:10:00,0.0,pumps,MW,nem,NSW1
2017-10-20 17:15:00,0.0,pumps,MW,nem,NSW1
2017-10-20 17:20:00,0.0,pumps,MW,nem,NSW1
2017-10-20 17:25:00,0.0,pumps,MW,nem,NSW1
2017-10-20 17:30:00,0.0,pumps,MW,nem,NSW1
2017-10-20 17:35:00,0.0,pumps,MW,nem,NSW1
2017-10-20 17:40:00,0.0,pumps,MW,nem,NSW1
2017-10-20 17:45:00,0.0,pumps,MW,nem,NSW1
2017-10-20 17:50:00,0.0,pumps,MW,nem,NSW1
2017-10-20 17:55:00,0.0,pumps,MW,nem,NSW1
2017-10-20 18:00:00,0.0,pumps,MW,nem,NSW1
2017-10-20 18:05:00,0.0,pumps,MW,nem,NSW1
2017-10-20 18:10:00,0.0,pumps,MW,nem,NSW1
2017-10-20 18:15:00,0.0,pumps,MW,nem,NSW1
2017-10-20 18:20:00,0.0,pumps,MW,nem,NSW1
2017-10-20 18:25:00,0.0,pumps,MW,nem,NSW1
2017-10-20 18:30:00,0.0,pumps,MW,nem,NSW1
2017-10-20 18:35:00,0.0,pumps,MW,nem,NSW1
2017-10-20 18:40:00,0.0,pumps,MW,nem,NSW1
2017-10-20 18:45:00,0.0,pumps,MW,nem,NSW1
2017-10-20 18:50:00,0.0,pumps,MW,nem,NSW1
2017-10-20 18:55:00,0.0,pumps,MW,nem,NSW1
2017-10-20 19:00:00,0.0,pumps,MW,nem,NSW1
2017-10-20 19:05:00,0.0,pumps,MW,nem,NSW1
2017-10-20 19:10:00,0.0,pumps,MW,nem,NSW1
2017-10-20 19:15:00,0.0,pumps,MW,nem,NSW1
2017-10-20 19:20:00,0.0,pumps,MW,nem,NSW1
2017-10-20 19:25:00,0.0,pumps,MW,nem,NSW1
2017-10-20 19:30:00,0.0,pumps,MW,nem,NSW1
2017-10-20 19:35:00,0.0,pumps,MW,nem,NSW1
2017-10-20 19:40:00,0.0,pumps,MW,nem,NSW1
2017-10-20 19:45:00,0.0,pumps,MW,nem,NSW1
2017-10-20 19:50:00,0.0,pumps,MW,nem,NSW1
2017-10-20 19:55:00,0.0,pumps,MW,nem,NSW1
2017-10-20 20:00:00,0.0,pumps,MW,nem,NSW1
2017-10-20 20:05:00,0.0,pumps,MW,nem,NSW1
2017-10-20 20:10:00,0.0,pumps,MW,nem,NSW1
2017-10-20 20:15:00,0.0,pumps,MW,nem,NSW1
2017-10-20 20:20:00,0.0,pumps,MW,nem,NSW1
2017-10-20 20:25:00,0.0,pumps,MW,nem,NSW1
2017-10-20 20:30:00,0.0,pumps,MW,nem,NSW1
2017-10-20 20:35:00,0.0,pumps,MW,nem,NSW1
2017-10-20 20:40:00,0.0,pumps,MW,nem,NSW1
2017-10-20 20:45:00,0.0,pumps,MW,nem,NSW1
2017-10-20 20:50:00,0.0,pumps,MW,nem,NSW1
2017-10-20 20:55:00,0.0,pumps,MW,nem,NSW1
2017-10-20 21:00:00,0.0,pumps,MW,nem,NSW1
2017-10-20 21:05:00,0.0,pumps,MW,nem,NSW1
2017-10-20 21:10:00,0.0,pumps,MW,nem,NSW1
2017-10-20 21:15:00,0.0,pumps,MW,nem,NSW1
2017-10-20 21:20:00,0.0,pumps,MW,nem,NSW1
2017-10-20 21:25:00,0.0,pumps,MW,nem,NSW1
2017-10-20 21:30:00,0.0,pumps,MW,nem,NSW1
2017-10-20 21:35:00,0.0,pumps,MW,nem,NSW1
2017-10-20 21:40:00,0.0,pumps,MW,nem,NSW1
2017-10-20 21:45:00,0.0,pumps,MW,nem,NSW1
2017-10-20 21:50:00,0.0,pumps,MW,nem,NSW1
2017-10-20 21:55:00,0.0,pumps,MW,nem,NSW1
2017-10-20 22:00:00,0.0,pumps,MW,nem,NSW1
2017-10-20 22:05:00,0.0,pumps,MW,nem,NSW1
2017-10-20 22:10:00,0.0,pumps,MW,nem,NSW1
2017-10-20 22:15:00,0.0,pumps,MW,nem,NSW1
2017-10-20 22:20:00,0.0,pumps,MW,nem,NSW1
2017-10-20 22:25:00,0.0,pumps,MW,nem,NSW1
2017-10-20 22:30:00,0.0,pumps,MW,nem,NSW1
2017-10-20 22:35:00,0.0,pumps,MW,nem,NSW1
2017-10-20 22:40:00,0.0,pumps,MW,nem,NSW1
2017-10-20 22:45:00,0.0,pumps,MW,nem,NSW1
2017-10-20 22:50:00,0.0,pumps,MW,nem,NSW1
2017-10-20 22:55:00,0.0,pumps,MW,nem,NSW1
2017-10-20 23:00:00,0.0,pumps,MW,nem,NSW1
2017-10-20 23:05:00,0.0,pumps,MW,nem,NSW1
2017-10-20 23:10:00,0.0,pumps,MW,nem,NSW1
2017-10-20 23:15:00,0.0,pumps,MW,nem,NSW1
2017-10-20 23:20:00,0.0,pumps,MW,nem,NSW1
2017-10-20 23:25:00,0.0,pumps,MW,nem,NSW1
2017-10-20 23:30:00,0.0,pumps,MW,nem,NSW1
2017-10-20 23:35:00,0.0,pumps,MW,nem,NSW1
2017-10-20 23:40:00,0.0,pumps,MW,nem,NSW1
2017-10-20 23:45:00,0.0,pumps,MW,nem,NSW1
2017-10-20 23:50:00,0.0,pumps,MW,nem,NSW1
2017-10-20 23:55:00,0.0,pumps,MW,nem,NSW1
2017-10-21 00:00:00,0.0,pumps,MW,nem,NSW1
2017-10-21 00:05:00,0.0,pumps,MW,nem,NSW1
2017-10-21 00:10:00,0.0,pumps,MW,nem,NSW1
2017-10-21 00:15:00,0.0,pumps,MW,nem,NSW1
2017-10-21 00:20:00,0.0,pumps,MW,nem,NSW1
2017-10-21 00:25:00,0.0,pumps,MW,nem,NSW1
2017-10-21 00:30:00,0.0,pumps,MW,nem,NSW1
2017-10-21 00:35:00,0.0,pumps,MW,nem,NSW1
2017-10-21 00:40:00,0.0,pumps,MW,nem,NSW1
2017-10-21 00:45:00,0.0,pumps,MW,nem,NSW1
2017-10-21 00:50:00,0.0,pumps,MW,nem,NSW1
2017-10-21 00:55:00,0.0,pumps,MW,nem,NSW1
2017-10-21 01:00:00,0.0,pumps,MW,nem,NSW1
2017-10-21 01:05:00,0.0,pumps,MW,nem,NSW1
2017-10-21 01:10:00,0.0,pumps,MW,nem,NSW1
2017-10-21 01:15:00,0.0,pumps,MW,nem,NSW1
2017-10-21 01:20:00,0.0,pumps,MW,nem,NSW1
2017-10-21 01:25:00,0.0,pumps,MW,nem,NSW1
2017-10-21 01:30:00,0.0,pumps,MW,nem,NSW1
2017-10-21 01:35:00,0.0,pumps,MW,nem,NSW1
2017-10-21 01:40:00,207.1,pumps,MW,nem,NSW1
2017-10-21 01:45:00,194.1,pumps,MW,nem,NSW1
2017-10-21 01:50:00,195.4,pumps,MW,nem,NSW1
2017-10-21 01:55:00,193.6,pumps,MW,nem,NSW1
2017-10-21 02:00:00,195.0,pumps,MW,nem,NSW1
2017-10-21 02:05:00,192.4,pumps,MW,nem,NSW1
2017-10-21 02:10:00,194.7,pumps,MW,nem,NSW1
2017-10-21 02:15:00,192.0,pumps,MW,nem,NSW1
2017-10-21 02:20:00,194.8,pumps,MW,nem,NSW1
2017-10-21 02:25:00,192.0,pumps,MW,nem,NSW1
2017-10-21 02:30:00,192.3,pumps,MW,nem,NSW1
2017-10-21 02:35:00,193.9,pumps,MW,nem,NSW1
2017-10-21 02:40:00,194.0,pumps,MW,nem,NSW1
2017-10-21 02:45:00,194.0,pumps,MW,nem,NSW1
2017-10-21 02:50:00,192.3,pumps,MW,nem,NSW1
2017-10-21 02:55:00,192.2,pumps,MW,nem,NSW1
2017-10-21 03:00:00,193.2,pumps,MW,nem,NSW1
2017-10-21 03:05:00,195.0,pumps,MW,nem,NSW1
2017-10-21 03:10:00,192.3,pumps,MW,nem,NSW1
2017-10-21 03:15:00,192.6,pumps,MW,nem,NSW1
2017-10-21 03:20:00,193.5,pumps,MW,nem,NSW1
2017-10-21 03:25:00,194.2,pumps,MW,nem,NSW1
2017-10-21 03:30:00,194.6,pumps,MW,nem,NSW1
2017-10-21 03:35:00,191.4,pumps,MW,nem,NSW1
2017-10-21 03:40:00,194.6,pumps,MW,nem,NSW1
2017-10-21 03:45:00,192.8,pumps,MW,nem,NSW1
2017-10-21 03:50:00,192.2,pumps,MW,nem,NSW1
2017-10-21 03:55:00,194.4,pumps,MW,nem,NSW1
2017-10-21 04:00:00,192.3,pumps,MW,nem,NSW1
2017-10-21 04:05:00,194.6,pumps,MW,nem,NSW1
2017-10-21 04:10:00,193.0,pumps,MW,nem,NSW1
2017-10-21 04:15:00,193.2,pumps,MW,nem,NSW1
2017-10-21 04:20:00,193.8,pumps,MW,nem,NSW1
2017-10-21 04:25:00,194.7,pumps,MW,nem,NSW1
2017-10-21 04:30:00,193.6,pumps,MW,nem,NSW1
2017-10-21 04:35:00,193.3,pumps,MW,nem,NSW1
2017-10-21 04:40:00,194.6,pumps,MW,nem,NSW1
2017-10-21 04:45:00,193.2,pumps,MW,nem,NSW1
2017-10-21 04:50:00,191.8,pumps,MW,nem,NSW1
2017-10-21 04:55:00,192.8,pumps,MW,nem,NSW1
2017-10-21 05:00:00,193.1,pumps,MW,nem,NSW1
2017-10-21 05:05:00,191.1,pumps,MW,nem,NSW1
2017-10-21 05:10:00,194.3,pumps,MW,nem,NSW1
2017-10-21 05:15:00,194.1,pumps,MW,nem,NSW1
2017-10-21 05:20:00,194.4,pumps,MW,nem,NSW1
2017-10-21 05:25:00,193.0,pumps,MW,nem,NSW1
2017-10-21 05:30:00,191.5,pumps,MW,nem,NSW1
2017-10-21 05:35:00,192.7,pumps,MW,nem,NSW1
2017-10-21 05:40:00,193.6,pumps,MW,nem,NSW1
2017-10-21 05:45:00,192.0,pumps,MW,nem,NSW1
2017-10-21 05:50:00,193.4,pumps,MW,nem,NSW1
2017-10-21 05:55:00,194.1,pumps,MW,nem,NSW1
2017-10-21 06:00:00,193.6,pumps,MW,nem,NSW1
2017-10-21 06:05:00,193.4,pumps,MW,nem,NSW1
2017-10-21 06:10:00,0.0,pumps,MW,nem,NSW1
2017-10-21 06:15:00,0.0,pumps,MW,nem,NSW1
2017-10-21 06:20:00,0.0,pumps,MW,nem,NSW1
2017-10-21 06:25:00,0.0,pumps,MW,nem,NSW1
2017-10-21 06:30:00,0.0,pumps,MW,nem,NSW1
2017-10-21 06:35:00,0.0,pumps,MW,nem,NSW1
2017-10-21 06:40:00,0.0,pumps,MW,nem,NSW1
2017-10-21 06:45:00,0.0,pumps,MW,nem,NSW1
2017-10-21 06:50:00,0.0,pumps,MW,nem,NSW1
2017-10-21 06:55:00,0.0,pumps,MW,nem,NSW1
2017-10-21 07:00:00,0.0,pumps,MW,nem,NSW1
2017-10-21 07:05:00,0.0,pumps,MW,nem,NSW1
2017-10-21 07:10:00,0.0,pumps,MW,nem,NSW1
2017-10-21 07:15:00,0.0,pumps,MW,nem,NSW1
2017-10-21 07:20:00,0.0,pumps,MW,nem,NSW1
2017-10-21 07:25:00,0.0,pumps,MW,nem,NSW1
2017-10-21 07:30:00,0.0,pumps,MW,nem,NSW1
2017-10-21 07:35:00,0.0,pumps,MW,nem,NSW1
2017-10-21 07:40:00,0.0,pumps,MW,nem,NSW1
2017-10-21 07:45:00,0.0,pumps,MW,nem,NSW1
2017-10-21 07:50:00,0.0,pumps,MW,nem,NSW1
2017-10-21 07:55:00,0.0,pumps,MW,nem,NSW1
2017-10-21 08:00:00,0.0,pumps,MW,nem,NSW1
2017-10-21 08:05:00,0.0,pumps,MW,nem,NSW1
2017-10-21 08:10:00,0.0,pumps,MW,nem,NSW1
2017-10-21 08:15:00,0.0,pumps,MW,nem,NSW1
2017-10-21 08:20:00,0.0,pumps,MW,nem,NSW1
2017-10-21 08:25:00,0.0,pumps,MW,nem,NSW1
2017-10-21 08:30:00,0.0,pumps,MW,nem,NSW1
2017-10-21 08:35:00,0.0,pumps,MW,nem,NSW1
2017-10-21 08:40:00,0.0,pumps,MW,nem,NSW1
2017-10-21 08:45:00,0.0,pumps,MW,nem,NSW1
2017-10-21 08:50:00,0.0,pumps,MW,nem,NSW1
2017-10-21 08:55:00,0.0,pumps,MW,nem,NSW1
2017-10-21 09:00:00,0.0,pumps,MW,nem,NSW1
2017-10-21 09:05:00,0.0,pumps,MW,nem,NSW1
2017-10-21 09:10:00,0.0,pumps,MW,nem,NSW1
2017-10-21 09:15:00,0.0,pumps,MW,nem,NSW1
2017-10-21 09:20:00,0.0,pumps,MW,nem,NSW1
2017-10-21 09:25:00,0.0,pumps,MW,nem,NSW1
2017-10-21 09:30:00,0.0,pumps,MW,nem,NSW1
2017-10-21 09:35:00,0.0,pumps,MW,nem,NSW1
2017-10-21 09:40:00,0.0,pumps,MW,nem,NSW1
2017-10-21 09:45:00,0.0,pumps,MW,nem,NSW1
2017-10-21 09:50:00,0.0,pumps,MW,nem,NSW1
2017-10-21 09:55:00,0.0,pumps,MW,nem,NSW1
2017-10-21 10:00:00,0.0,pumps,MW,nem,NSW1
2017-10-21 10:05:00,0.0,pumps,MW,nem,NSW1
2017-10-21 10:10:00,0.0,pumps,MW,nem,NSW1
2017-10-21 10:15:00,0.0,pumps,MW,nem,NSW1
2017-10-21 10:20:00,0.0,pumps,MW,nem,NSW1
2017-10-21 10:25:00,0.0,pumps,MW,nem,NSW1
2017-10-21 10:30:00,0.0,pumps,MW,nem,NSW1
2017-10-21 10:35:00,0.0,pumps,MW,nem,NSW1
2017-10-21 10:40:00,0.0,pumps,MW,nem,NSW1
2017-10-21 10:45:00,0.0,pumps,MW,nem,NSW1
2017-10-21 10:50:00,0.0,pumps,MW,nem,NSW1
2017-10-21 10:55:00,0.0,pumps,MW,nem,NSW1
2017-10-21 11:00:00,0.0,pumps,MW,nem,NSW1
2017-10-21 11:05:00,0.0,pumps,MW,nem,NSW1
2017-10-21 11:10:00,0.0,pumps,MW,nem,NSW1
2017-10-21 11:15:00,0.0,pumps,MW,nem,NSW1
2017-10-21 11:20:00,0.0,pumps,MW,nem,NSW1
2017-10-21 11:25:00,0.0,pumps,MW,nem,NSW1
2017-10-21 11:30:00,0.0,pumps,MW,nem,NSW1
2017-10-21 11:35:00,0.0,pumps,MW,nem,NSW1
2017-10-21 11:40:00,0.0,pumps,MW,nem,NSW1
2017-10-21 11:45:00,0.0,pumps,MW,nem,NSW1
2017-10-21 11:50:00,0.0,pumps,MW,nem,NSW1
2017-10-21 11:55:00,0.0,pumps,MW,nem,NSW1
2017-10-21 12:00:00,0.0,pumps,MW,nem,NSW1
2017-10-21 12:05:00,0.0,pumps,MW,nem,NSW1
2017-10-21 12:10:00,0.0,pumps,MW,nem,NSW1
2017-10-21 12:15:00,0.0,pumps,MW,nem,NSW1
2017-10-21 12:20:00,0.0,pumps,MW,nem,NSW1
2017-10-21 12:25:00,0.0,pumps,MW,nem,NSW1
2017-10-21 12:30:00,0.0,pumps,MW,nem,NSW1
2017-10-21 12:35:00,0.0,pumps,MW,nem,NSW1
2017-10-21 12:40:00,0.0,pumps,MW,nem,NSW1
2017-10-21 12:45:00,0.0,pumps,MW,nem,NSW1
2017-10-21 12:50:00,0.0,pumps,MW,nem,NSW1
2017-10-21 12:55:00,0.0,pumps,MW,nem,NSW1
2017-10-21 13:00:00,0.0,pumps,MW,nem,NSW1
2017-10-21 13:05:00,0.0,pumps,MW,nem,NSW1
2017-10-21 13:10:00,0.0,pumps,MW,nem,NSW1
2017-10-21 13:15:00,0.0,pumps,MW,nem,NSW1
2017-10-21 13:20:00,0.0,pumps,MW,nem,NSW1
2017-10-21 13:25:00,0.0,pumps,MW,nem,NSW1
2017-10-21 13:30:00,0.0,pumps,MW,nem,NSW1
2017-10-21 13:35:00,0.0,pumps,MW,nem,NSW1
2017-10-21 13:40:00,0.0,pumps,MW,nem,NSW1
2017-10-21 13:45:00,0.0,pumps,MW,nem,NSW1
2017-10-21 13:50:00,0.0,pumps,MW,nem,NSW1
2017-10-21 13:55:00,0.0,pumps,MW,nem,NSW1
2017-10-21 14:00:00,0.0,pumps,MW,nem,NSW1
2017-10-21 14:05:00,0.0,pumps,MW,nem,NSW1
2017-10-21 14:10:00,0.0,pumps,MW,nem,NSW1
2017-10-21 14:15:00,0.0,pumps,MW,nem,NSW1
2017-10-21 14:20:00,0.0,pumps,MW,nem,NSW1
2017-10-21 14:25:00,0.0,pumps,MW,nem,NSW1
2017-10-21 14:30:00,0.0,pumps,MW,nem,NSW1
2017-10-21 14:35:00,0.0,pumps,MW,nem,NSW1
2017-10-21 14:40:00,0.0,pumps,MW,nem,NSW1
2017-10-21 14:45:00,0.0,pumps,MW,nem,NSW1
2017-10-21 14:50:00,0.0,pumps,MW,nem,NSW1
2017-10-21 14:55:00,0.0,pumps,MW,nem,NSW1
2017-10-21 15:00:00,0.0,pumps,MW,nem,NSW1
2017-10-21 15:05:00,0.0,pumps,MW,nem,NSW1
2017-10-21 15:10:00,0.0,pumps,MW,nem,NSW1
2017-10-21 15:15:00,0.0,pumps,MW,nem,NSW1
2017-10-21 15:20:00,0.0,pumps,MW,nem,NSW1
2017-10-21 15:25:00,0.0,pumps,MW,nem,NSW1
2017-10-21 15:30:00,0.0,pumps,MW,nem,NSW1
2017-10-21 15:35:00,0.0,pumps,MW,nem,NSW1
2017-10-21 15:40:00,0.0,pumps,MW,nem,NSW1
2017-10-21 15:45:00,0.0,pumps,MW,nem,NSW1
2017-10-21 15:50:00,0.0,pumps,MW,nem,NSW1
2017-10-21 15:55:00,0.0,pumps,MW,nem,NSW1
2017-10-21 16:00:00,0.0,pumps,MW,nem,NSW1
2017-10-21 16:05:00,0.0,pumps,MW,nem,NSW1
2017-10-21 16:10:00,0.0,pumps,MW,nem,NSW1
2017-10-21 16:15:00,0.0,pumps,MW,nem,NSW1
2017-10-21 16:20:00,0.0,pumps,MW,nem,NSW1
2017-10-21 16:25:00,0.0,pumps,MW,nem,NSW1
2017-10-21 16:30:00,0.0,pumps,MW,nem,NSW1
2017-10-21 16:35:00,0.0,pumps,MW,nem,NSW1
2017-10-21 16:40:00,0.0,pumps,MW,nem,NSW1
2017-10-21 16:45:00,0.0,pumps,MW,nem,NSW1
2017-10-21 16:50:00,0.0,pumps,MW,nem,NSW1
2017-10-21 16:55:00,0.0,pumps,MW,nem,NSW1
2017-10-21 17:00:00,0.0,pumps,MW,nem,NSW1
2017-10-21 17:05:00,0.0,pumps,MW,nem,NSW1
2017-10-21 17:10:00,0.0,pumps,MW,nem,NSW1
2017-10-21 17:15:00,0.0,pumps,MW,nem,NSW1
2017-10-21 17:20:00,0.0,pumps,MW,nem,NSW1
2017-10-21 17:25:00,0.0,pumps,MW,nem,NSW1
2017-10-21 17:30:00,0.0,pumps,MW,nem,NSW1
2017-10-21 17:35:00,0.0,pumps,MW,nem,NSW1
2017-10-21 17:40:00,0.0,pumps,MW,nem,NSW1
2017-10-21 17:45:00,0.0,pumps,MW,nem,NSW1
2017-10-21 17:50:00,0.0,pumps,MW,nem,NSW1
2017-10-21 17:55:00,0.0,pumps,MW,nem,NSW1
2017-10-21 18:00:00,0.0,pumps,MW,nem,NSW1
2017-10-21 18:05:00,0.0,pumps,MW,nem,NSW1
2017-10-21 18:10:00,0.0,pumps,MW,nem,NSW1
2017-10-21 18:15:00,0.0,pumps,MW,nem,NSW1
2017-10-21 18:20:00,0.0,pumps,MW,nem,NSW1
2017-10-21 18:25:00,0.0,pumps,MW,nem,NSW1
2017-10-21 18:30:00,0.0,pumps,MW,nem,NSW1
2017-10-21 18:35:00,0.0,pumps,MW,nem,NSW1
2017-10-21 18:40:00,0.0,pumps,MW,nem,NSW1
2017-10-21 18:45:00,0.0,pumps,MW,nem,NSW1
2017-10-21 18:50:00,0.0,pumps,MW,nem,NSW1
2017-10-21 18:55:00,0.0,pumps,MW,nem,NSW1
2017-10-21 19:00:00,0.0,pumps,MW,nem,NSW1
2017-10-21 19:05:00,0.0,pumps,MW,nem,NSW1
2017-10-21 19:10:00,0.0,pumps,MW,nem,NSW1
2017-10-21 19:15:00,0.0,pumps,MW,nem,NSW1
2017-10-21 19:20:00,0.0,pumps,MW,nem,NSW1
2017-10-21 19:25:00,0.0,pumps,MW,nem,NSW1
2017-10-21 19:30:00,0.0,pumps,MW,nem,NSW1
2017-10-21 19:35:00,0.0,pumps,MW,nem,NSW1
2017-10-21 19:40:00,0.0,pumps,MW,nem,NSW1
2017-10-21 19:45:00,0.0,pumps,MW,nem,NSW1
2017-10-21 19:50:00,0.0,pumps,MW,nem,NSW1
2017-10-21 19:55:00,0.0,pumps,MW,nem,NSW1
2017-10-21 20:00:00,0.0,pumps,MW,nem,NSW1
2017-10-21 20:05:00,0.0,pumps,MW,nem,NSW1
2017-10-21 20:10:00,0.0,pumps,MW,nem,NSW1
2017-10-21 20:15:00,0.0,pumps,MW,nem,NSW1
2017-10-21 20:20:00,0.0,pumps,MW,nem,NSW1
2017-10-21 20:25:00,0.0,pumps,MW,nem,NSW1
2017-10-21 20:30:00,0.0,pumps,MW,nem,NSW1
2017-10-21 20:35:00,0.0,pumps,MW,nem,NSW1
2017-10-21 20:40:00,0.0,pumps,MW,nem,NSW1
2017-10-21 20:45:00,0.0,pumps,MW,nem,NSW1
2017-10-21 20:50:00,0.0,pumps,MW,nem,NSW1
2017-10-21 20:55:00,0.0,pumps,MW,nem,NSW1
2017-10-21 21:00:00,0.0,pumps,MW,nem,NSW1
2017-10-21 21:05:00,0.0,pumps,MW,nem,NSW1
2017-10-21 21:10:00,0.0,pumps,MW,nem,NSW1
2017-10-21 21:15:00,0.0,pumps,MW,nem,NSW1
2017-10-21 21:20:00,0.0,pumps,MW,nem,NSW1
2017-10-21 21:25:00,0.0,pumps,MW,nem,NSW1
2017-10-21 21:30:00,0.0,pumps,MW,nem,NSW1
2017-10-21 21:35:00,0.0,pumps,MW,nem,NSW1
2017-10-21 21:40:00,0.0,pumps,MW,nem,NSW1
2017-10-21 21:45:00,0.0,pumps,MW,nem,NSW1
2017-10-21 21:50:00,0.0,pumps,MW,nem,NSW1
2017-10-21 21:55:00,0.0,pumps,MW,nem,NSW1
2017-10-21 22:00:00,0.0,pumps,MW,nem,NSW1
2017-10-21 22:05:00,0.0,pumps,MW,nem,NSW1
2017-10-21 22:10:00,0.0,pumps,MW,nem,NSW1
2017-10-21 22:15:00,0.0,pumps,MW,nem,NSW1
2017-10-21 22:20:00,0.0,pumps,MW,nem,NSW1
2017-10-21 22:25:00,0.0,pumps,MW,nem,NSW1
2017-10-21 22:30:00,0.0,pumps,MW,nem,NSW1
2017-10-21 22:35:00,0.0,pumps,MW,nem,NSW1
2017-10-21 22:40:00,0.0,pumps,MW,nem,NSW1
2017-10-21 22:45:00,0.0,pumps,MW,nem,NSW1
2017-10-21 22:50:00,0.0,pumps,MW,nem,NSW1
2017-10-21 22:55:00,0.0,pumps,MW,nem,NSW1
2017-10-21 23:00:00,0.0,pumps,MW,nem,NSW1
2017-10-21 23:05:00,0.0,pumps,MW,nem,NSW1
2017-10-21 23:10:00,0.0,pumps,MW,nem,NSW1
2017-10-21 23:15:00,0.0,pumps,MW,nem,NSW1
2017-10-21 23:20:00,0.0,pumps,MW,nem,NSW1
2017-10-21 23:25:00,0.0,pumps,MW,nem,NSW1
2017-10-21 23:30:00,0.0,pumps,MW,nem,NSW1
2017-10-21 23:35:00,0.0,pumps,MW,nem,NSW1
2017-10-21 23:40:00,0.0,pumps,MW,nem,NSW1
2017-10-21 23:45:00,0.0,pumps,MW,nem,NSW1
2017-10-21 23:50:00,0.0,pumps,MW,nem,NSW1
2017-10-21 23:55:00,0.0,pumps,MW,nem,NSW1
2017-10-22 00:00:00,0.0,pumps,MW,nem,NSW1
2017-10-22 00:05:00,0.0,pumps,MW,nem,NSW1
2017-10-22 00:10:00,0.0,pumps,MW,nem,NSW1
2017-10-22 00:15:00,0.0,pumps,MW,nem,NSW1
2017-10-22 00:20:00,0.0,pumps,MW,nem,NSW1
2017-10-22 00:25:00,0.0,pumps,MW,nem,NSW1
2017-10-22 00:30:00,0.0,pumps,MW,nem,NSW1
2017-10-22 00:35:00,0.0,pumps,MW,nem,NSW1
2017-10-22 00:40:00,0.0,pumps,MW,nem,NSW1
2017-10-22 00:45:00,0.0,pumps,MW,nem,NSW1
2017-10-22 00:50:00,0.0,pumps,MW,nem,NSW1
2017-10-22 00:55:00,0.0,pumps,MW,nem,NSW1
2017-10-22 01:00:00,0.0,pumps,MW,nem,NSW1
2017-10-22 01:05:00,0.0,pumps,MW,nem,NSW1
2017-10-22 01:10:00,0.0,pumps,MW,nem,NSW1
2017-10-22 01:15:00,0.0,pumps,MW,nem,NSW1
2017-10-22 01:20:00,0.0,pumps,MW,nem,NSW1
2017-10-22 01:25:00,0.0,pumps,MW,nem,NSW1
2017-10-22 01:30:00,0.0,pumps,MW,nem,NSW1
2017-10-22 01:35:00,0.0,pumps,MW,nem,NSW1
2017-10-22 01:40:00,156.0,pumps,MW,nem,NSW1
2017-10-22 01:45:00,274.4,pumps,MW,nem,NSW1
2017-10-22 01:50:00,315.6,pumps,MW,nem,NSW1
2017-10-22 01:55:00,314.8,pumps,MW,nem,NSW1
2017-10-22 02:00:00,316.0,pumps,MW,nem,NSW1
2017-10-22 02:05:00,318.2,pumps,MW,nem,NSW1
2017-10-22 02:10:00,314.9,pumps,MW,nem,NSW1
2017-10-22 02:15:00,317.2,pumps,MW,nem,NSW1
2017-10-22 02:20:00,314.5,pumps,MW,nem,NSW1
2017-10-22 02:25:00,313.3,pumps,MW,nem,NSW1
2017-10-22 02:30:00,316.6,pumps,MW,nem,NSW1
2017-10-22 02:35:00,313.7,pumps,MW,nem,NSW1
2017-10-22 02:40:00,316.2,pumps,MW,nem,NSW1
2017-10-22 02:45:00,313.8,pumps,MW,nem,NSW1
2017-10-22 02:50:00,317.9,pumps,MW,nem,NSW1
2017-10-22 02:55:00,316.7,pumps,MW,nem,NSW1
2017-10-22 03:00:00,318.4,pumps,MW,nem,NSW1
2017-10-22 03:05:00,317.9,pumps,MW,nem,NSW1
2017-10-22 03:10:00,315.1,pumps,MW,nem,NSW1
2017-10-22 03:15:00,317.8,pumps,MW,nem,NSW1
2017-10-22 03:20:00,312.8,pumps,MW,nem,NSW1
2017-10-22 03:25:00,314.4,pumps,MW,nem,NSW1
2017-10-22 03:30:00,315.7,pumps,MW,nem,NSW1
2017-10-22 03:35:00,313.0,pumps,MW,nem,NSW1
2017-10-22 03:40:00,318.5,pumps,MW,nem,NSW1
2017-10-22 03:45:00,316.6,pumps,MW,nem,NSW1
2017-10-22 03:50:00,318.1,pumps,MW,nem,NSW1
2017-10-22 03:55:00,317.1,pumps,MW,nem,NSW1
2017-10-22 04:00:00,317.6,pumps,MW,nem,NSW1
2017-10-22 04:05:00,316.8,pumps,MW,nem,NSW1
2017-10-22 04:10:00,317.5,pumps,MW,nem,NSW1
2017-10-22 04:15:00,316.1,pumps,MW,nem,NSW1
2017-10-22 04:20:00,315.4,pumps,MW,nem,NSW1
2017-10-22 04:25:00,318.6,pumps,MW,nem,NSW1
2017-10-22 04:30:00,314.2,pumps,MW,nem,NSW1
2017-10-22 04:35:00,314.4,pumps,MW,nem,NSW1
2017-10-22 04:40:00,314.1,pumps,MW,nem,NSW1
2017-10-22 04:45:00,318.6,pumps,MW,nem,NSW1
2017-10-22 04:50:00,316.1,pumps,MW,nem,NSW1
2017-10-22 04:55:00,319.2,pumps,MW,nem,NSW1
2017-10-22 05:00:00,313.8,pumps,MW,nem,NSW1
2017-10-22 05:05:00,316.9,pumps,MW,nem,NSW1
2017-10-22 05:10:00,316.4,pumps,MW,nem,NSW1
2017-10-22 05:15:00,315.5,pumps,MW,nem,NSW1
2017-10-22 05:20:00,314.5,pumps,MW,nem,NSW1
2017-10-22 05:25:00,315.2,pumps,MW,nem,NSW1
2017-10-22 05:30:00,314.3,pumps,MW,nem,NSW1
2017-10-22 05:35:00,317.8,pumps,MW,nem,NSW1
2017-10-22 05:40:00,121.2,pumps,MW,nem,NSW1
2017-10-22 05:45:00,120.8,pumps,MW,nem,NSW1
2017-10-22 05:50:00,122.2,pumps,MW,nem,NSW1
2017-10-22 05:55:00,121.5,pumps,MW,nem,NSW1
2017-10-22 06:00:00,121.5,pumps,MW,nem,NSW1
2017-10-22 06:05:00,122.0,pumps,MW,nem,NSW1
2017-10-22 06:10:00,122.0,pumps,MW,nem,NSW1
2017-10-22 06:15:00,120.5,pumps,MW,nem,NSW1
2017-10-22 06:20:00,120.8,pumps,MW,nem,NSW1
2017-10-22 06:25:00,120.7,pumps,MW,nem,NSW1
2017-10-22 06:30:00,121.0,pumps,MW,nem,NSW1
2017-10-22 06:35:00,121.4,pumps,MW,nem,NSW1
2017-10-22 06:40:00,121.4,pumps,MW,nem,NSW1
2017-10-22 06:45:00,121.3,pumps,MW,nem,NSW1
2017-10-22 06:50:00,121.4,pumps,MW,nem,NSW1
2017-10-22 06:55:00,122.2,pumps,MW,nem,NSW1
2017-10-22 07:00:00,121.1,pumps,MW,nem,NSW1
2017-10-22 07:05:00,122.4,pumps,MW,nem,NSW1
2017-10-22 07:10:00,120.2,pumps,MW,nem,NSW1
2017-10-22 07:15:00,121.8,pumps,MW,nem,NSW1
2017-10-22 07:20:00,122.0,pumps,MW,nem,NSW1
2017-10-22 07:25:00,121.4,pumps,MW,nem,NSW1
2017-10-22 07:30:00,121.4,pumps,MW,nem,NSW1
2017-10-22 07:35:00,122.2,pumps,MW,nem,NSW1
2017-10-22 07:40:00,121.7,pumps,MW,nem,NSW1
2017-10-22 07:45:00,121.0,pumps,MW,nem,NSW1
2017-10-22 07:50:00,120.6,pumps,MW,nem,NSW1
2017-10-22 07:55:00,120.9,pumps,MW,nem,NSW1
2017-10-22 08:00:00,120.9,pumps,MW,nem,NSW1
2017-10-22 08:05:00,121.7,pumps,MW,nem,NSW1
2017-10-22 08:10:00,80.05,pumps,MW,nem,NSW1
2017-10-22 08:15:00,79.27,pumps,MW,nem,NSW1
2017-10-22 08:20:00,80.15,pumps,MW,nem,NSW1
2017-10-22 08:25:00,79.08,pumps,MW,nem,NSW1
2017-10-22 08:30:00,79.96,pumps,MW,nem,NSW1
2017-10-22 08:35:00,78.98,pumps,MW,nem,NSW1
2017-10-22 08:40:00,80.35,pumps,MW,nem,NSW1
2017-10-22 08:45:00,79.27,pumps,MW,nem,NSW1
2017-10-22 08:50:00,80.05,pumps,MW,nem,NSW1
2017-10-22 08:55:00,79.37,pumps,MW,nem,NSW1
2017-10-22 09:00:00,79.76,pumps,MW,nem,NSW1
2017-10-22 09:05:00,79.66,pumps,MW,nem,NSW1
2017-10-22 09:10:00,79.76,pumps,MW,nem,NSW1
2017-10-22 09:15:00,80.25,pumps,MW,nem,NSW1
2017-10-22 09:20:00,79.47,pumps,MW,nem,NSW1
2017-10-22 09:25:00,79.86,pumps,MW,nem,NSW1
2017-10-22 09:30:00,81.13,pumps,MW,nem,NSW1
2017-10-22 09:35:00,80.54,pumps,MW,nem,NSW1
2017-10-22 09:40:00,79.66,pumps,MW,nem,NSW1
2017-10-22 09:45:00,79.57,pumps,MW,nem,NSW1
2017-10-22 09:50:00,79.86,pumps,MW,nem,NSW1
2017-10-22 09:55:00,80.15,pumps,MW,nem,NSW1
2017-10-22 10:00:00,79.96,pumps,MW,nem,NSW1
2017-10-22 10:05:00,81.03,pumps,MW,nem,NSW1
2017-10-22 10:10:00,79.86,pumps,MW,nem,NSW1
2017-10-22 10:15:00,79.18,pumps,MW,nem,NSW1
2017-10-22 10:20:00,79.08,pumps,MW,nem,NSW1
2017-10-22 10:25:00,80.64,pumps,MW,nem,NSW1
2017-10-22 10:30:00,79.37,pumps,MW,nem,NSW1
2017-10-22 10:35:00,79.57,pumps,MW,nem,NSW1
2017-10-22 10:40:00,78.98,pumps,MW,nem,NSW1
2017-10-22 10:45:00,79.66,pumps,MW,nem,NSW1
2017-10-22 10:50:00,80.05,pumps,MW,nem,NSW1
2017-10-22 10:55:00,79.37,pumps,MW,nem,NSW1
2017-10-22 11:00:00,79.37,pumps,MW,nem,NSW1
2017-10-22 11:05:00,79.96,pumps,MW,nem,NSW1
2017-10-22 11:10:00,81.23,pumps,MW,nem,NSW1
2017-10-22 11:15:00,78.98,pumps,MW,nem,NSW1
2017-10-22 11:20:00,79.37,pumps,MW,nem,NSW1
2017-10-22 11:25:00,79.66,pumps,MW,nem,NSW1
2017-10-22 11:30:00,80.25,pumps,MW,nem,NSW1
2017-10-22 11:35:00,79.86,pumps,MW,nem,NSW1
2017-10-22 11:40:00,79.27,pumps,MW,nem,NSW1
2017-10-22 11:45:00,80.25,pumps,MW,nem,NSW1
2017-10-22 11:50:00,79.27,pumps,MW,nem,NSW1
2017-10-22 11:55:00,79.37,pumps,MW,nem,NSW1
2017-10-22 12:00:00,80.05,pumps,MW,nem,NSW1
2017-10-22 12:05:00,79.37,pumps,MW,nem,NSW1
2017-10-22 12:10:00,222.2,pumps,MW,nem,NSW1
2017-10-22 12:15:00,191.7,pumps,MW,nem,NSW1
2017-10-22 12:20:00,193.7,pumps,MW,nem,NSW1
2017-10-22 12:25:00,192.0,pumps,MW,nem,NSW1
2017-10-22 12:30:00,193.4,pumps,MW,nem,NSW1
2017-10-22 12:35:00,191.9,pumps,MW,nem,NSW1
2017-10-22 12:40:00,191.5,pumps,MW,nem,NSW1
2017-10-22 12:45:00,193.9,pumps,MW,nem,NSW1
2017-10-22 12:50:00,194.0,pumps,MW,nem,NSW1
2017-10-22 12:55:00,193.5,pumps,MW,nem,NSW1
2017-10-22 13:00:00,191.8,pumps,MW,nem,NSW1
2017-10-22 13:05:00,191.8,pumps,MW,nem,NSW1
2017-10-22 13:10:00,192.8,pumps,MW,nem,NSW1
2017-10-22 13:15:00,192.4,pumps,MW,nem,NSW1
2017-10-22 13:20:00,191.5,pumps,MW,nem,NSW1
2017-10-22 13:25:00,193.4,pumps,MW,nem,NSW1
2017-10-22 13:30:00,193.7,pumps,MW,nem,NSW1
2017-10-22 13:35:00,191.6,pumps,MW,nem,NSW1
2017-10-22 13:40:00,191.8,pumps,MW,nem,NSW1
2017-10-22 13:45:00,190.7,pumps,MW,nem,NSW1
2017-10-22 13:50:00,191.6,pumps,MW,nem,NSW1
2017-10-22 13:55:00,194.3,pumps,MW,nem,NSW1
2017-10-22 14:00:00,193.3,pumps,MW,nem,NSW1
2017-10-22 14:05:00,192.3,pumps,MW,nem,NSW1
2017-10-22 14:10:00,0.0,pumps,MW,nem,NSW1
2017-10-22 14:15:00,0.0,pumps,MW,nem,NSW1
2017-10-22 14:20:00,0.0,pumps,MW,nem,NSW1
2017-10-22 14:25:00,0.0,pumps,MW,nem,NSW1
2017-10-22 14:30:00,0.0,pumps,MW,nem,NSW1
2017-10-22 14:35:00,0.0,pumps,MW,nem,NSW1
2017-10-22 14:40:00,0.0,pumps,MW,nem,NSW1
2017-10-22 14:45:00,0.0,pumps,MW,nem,NSW1
2017-10-22 14:50:00,0.0,pumps,MW,nem,NSW1
2017-10-22 14:55:00,0.0,pumps,MW,nem,NSW1
2017-10-22 15:00:00,0.0,pumps,MW,nem,NSW1
2017-10-22 15:05:00,0.0,pumps,MW,nem,NSW1
2017-10-22 15:10:00,0.0,pumps,MW,nem,NSW1
2017-10-22 15:15:00,0.0,pumps,MW,nem,NSW1
2017-10-22 15:20:00,0.0,pumps,MW,nem,NSW1
2017-10-22 15:25:00,0.0,pumps,MW,nem,NSW1
2017-10-22 15:30:00,0.0,pumps,MW,nem,NSW1
2017-10-22 15:35:00,0.0,pumps,MW,nem,NSW1
2017-10-22 15:40:00,0.0,pumps,MW,nem,NSW1
2017-10-22 15:45:00,0.0,pumps,MW,nem,NSW1
2017-10-22 15:50:00,0.0,pumps,MW,nem,NSW1
2017-10-22 15:55:00,0.0,pumps,MW,nem,NSW1
2017-10-22 16:00:00,0.0,pumps,MW,nem,NSW1
2017-10-22 16:05:00,0.0,pumps,MW,nem,NSW1
2017-10-22 16:10:00,0.0,pumps,MW,nem,NSW1
2017-10-22 16:15:00,0.0,pumps,MW,nem,NSW1
2017-10-22 16:20:00,0.0,pumps,MW,nem,NSW1
2017-10-22 16:25:00,0.0,pumps,MW,nem,NSW1
2017-10-22 16:30:00,0.0,pumps,MW,nem,NSW1
2017-10-22 16:35:00,0.0,pumps,MW,nem,NSW1
2017-10-22 16:40:00,0.0,pumps,MW,nem,NSW1
2017-10-22 16:45:00,0.0,pumps,MW,nem,NSW1
2017-10-22 16:50:00,0.0,pumps,MW,nem,NSW1
2017-10-22 16:55:00,0.0,pumps,MW,nem,NSW1
2017-10-22 17:00:00,0.0,pumps,MW,nem,NSW1
2017-10-22 17:05:00,0.0,pumps,MW,nem,NSW1
2017-10-22 17:10:00,0.0,pumps,MW,nem,NSW1
2017-10-22 17:15:00,0.0,pumps,MW,nem,NSW1
2017-10-22 17:20:00,0.0,pumps,MW,nem,NSW1
2017-10-22 17:25:00,0.0,pumps,MW,nem,NSW1
2017-10-22 17:30:00,0.0,pumps,MW,nem,NSW1
2017-10-22 17:35:00,0.0,pumps,MW,nem,NSW1
2017-10-22 17:40:00,0.0,pumps,MW,nem,NSW1
2017-10-22 17:45:00,0.0,pumps,MW,nem,NSW1
2017-10-22 17:50:00,0.0,pumps,MW,nem,NSW1
2017-10-22 17:55:00,0.0,pumps,MW,nem,NSW1
2017-10-22 18:00:00,0.0,pumps,MW,nem,NSW1
2017-10-22 18:05:00,0.0,pumps,MW,nem,NSW1
2017-10-22 18:10:00,0.0,pumps,MW,nem,NSW1
2017-10-22 18:15:00,0.0,pumps,MW,nem,NSW1
2017-10-22 18:20:00,0.0,pumps,MW,nem,NSW1
2017-10-22 18:25:00,0.0,pumps,MW,nem,NSW1
2017-10-22 18:30:00,0.0,pumps,MW,nem,NSW1
2017-10-22 18:35:00,0.0,pumps,MW,nem,NSW1
2017-10-22 18:40:00,0.0,pumps,MW,nem,NSW1
2017-10-22 18:45:00,0.0,pumps,MW,nem,NSW1
2017-10-22 18:50:00,0.0,pumps,MW,nem,NSW1
2017-10-22 18:55:00,0.0,pumps,MW,nem,NSW1
2017-10-22 19:00:00,0.0,pumps,MW,nem,NSW1
2017-10-22 19:05:00,0.0,pumps,MW,nem,NSW1
2017-10-22 19:10:00,0.0,pumps,MW,nem,NSW1
2017-10-22 19:15:00,0.0,pumps,MW,nem,NSW1
2017-10-22 19:20:00,0.0,pumps,MW,nem,NSW1
2017-10-22 19:25:00,0.0,pumps,MW,nem,NSW1
2017-10-22 19:30:00,0.0,pumps,MW,nem,NSW1
2017-10-22 19:35:00,0.0,pumps,MW,nem,NSW1
2017-10-22 19:40:00,0.0,pumps,MW,nem,NSW1
2017-10-22 19:45:00,0.0,pumps,MW,nem,NSW1
2017-10-22 19:50:00,0.0,pumps,MW,nem,NSW1
2017-10-22 19:55:00,0.0,pumps,MW,nem,NSW1
2017-10-22 20:00:00,0.0,pumps,MW,nem,NSW1
2017-10-22 20:05:00,0.0,pumps,MW,nem,NSW1
2017-10-22 20:10:00,0.0,pumps,MW,nem,NSW1
2017-10-22 20:15:00,0.0,pumps,MW,nem,NSW1
2017-10-22 20:20:00,0.0,pumps,MW,nem,NSW1
2017-10-22 20:25:00,0.0,pumps,MW,nem,NSW1
2017-10-22 20:30:00,0.0,pumps,MW,nem,NSW1
2017-10-22 20:35:00,0.0,pumps,MW,nem,NSW1
2017-10-22 20:40:00,0.0,pumps,MW,nem,NSW1
2017-10-22 20:45:00,0.0,pumps,MW,nem,NSW1
2017-10-22 20:50:00,0.0,pumps,MW,nem,NSW1
2017-10-22 20:55:00,0.0,pumps,MW,nem,NSW1
2017-10-22 21:00:00,0.0,pumps,MW,nem,NSW1
2017-10-22 21:05:00,0.0,pumps,MW,nem,NSW1
2017-10-22 21:10:00,0.0,pumps,MW,nem,NSW1
2017-10-22 21:15:00,0.0,pumps,MW,nem,NSW1
2017-10-22 21:20:00,0.0,pumps,MW,nem,NSW1
2017-10-22 21:25:00,0.0,pumps,MW,nem,NSW1
2017-10-22 21:30:00,0.0,pumps,MW,nem,NSW1
2017-10-22 21:35:00,0.0,pumps,MW,nem,NSW1
2017-10-22 21:40:00,0.0,pumps,MW,nem,NSW1
2017-10-22 21:45:00,0.0,pumps,MW,nem,NSW1
2017-10-22 21:50:00,0.0,pumps,MW,nem,NSW1
2017-10-22 21:55:00,0.0,pumps,MW,nem,NSW1
2017-10-22 22:00:00,0.0,pumps,MW,nem,NSW1
2017-10-22 22:05:00,0.0,pumps,MW,nem,NSW1
2017-10-22 22:10:00,0.0,pumps,MW,nem,NSW1
2017-10-22 22:15:00,0.0,pumps,MW,nem,NSW1
2017-10-22 22:20:00,0.0,pumps,MW,nem,NSW1
2017-10-22 22:25:00,0.0,pumps,MW,nem,NSW1
2017-10-22 22:30:00,0.0,pumps,MW,nem,NSW1
2017-10-22 22:35:00,0.0,pumps,MW,nem,NSW1
2017-10-22 22:40:00,0.0,pumps,MW,nem,NSW1
2017-10-22 22:45:00,0.0,pumps,MW,nem,NSW1
2017-10-22 22:50:00,0.0,pumps,MW,nem,NSW1
2017-10-22 22:55:00,0.0,pumps,MW,nem,NSW1
2017-10-22 23:00:00,0.0,pumps,MW,nem,NSW1
2017-10-22 23:05:00,0.0,pumps,MW,nem,NSW1
2017-10-22 23:10:00,0.0,pumps,MW,nem,NSW1
2017-10-22 23:15:00,0.0,pumps,MW,nem,NSW1
2017-10-22 23:20:00,0.0,pumps,MW,nem,NSW1
2017-10-22 23:25:00,0.0,pumps,MW,nem,NSW1
2017-10-22 23:30:00,0.0,pumps,MW,nem,NSW1
2017-10-22 23:35:00,0.0,pumps,MW,nem,NSW1
2017-10-22 23:40:00,0.0,pumps,MW,nem,NSW1
2017-10-22 23:45:00,0.0,pumps,MW,nem,NSW1
2017-10-22 23:50:00,0.0,pumps,MW,nem,NSW1
2017-10-22 23:55:00,0.0,pumps,MW,nem,NSW1
2017-10-23 00:00:00,0.0,pumps,MW,nem,NSW1
2017-10-23 00:05:00,0.0,pumps,MW,nem,NSW1
2017-10-23 00:10:00,0.0,pumps,MW,nem,NSW1
2017-10-23 00:15:00,0.0,pumps,MW,nem,NSW1
2017-10-23 00:20:00,0.0,pumps,MW,nem,NSW1
2017-10-23 00:25:00,0.0,pumps,MW,nem,NSW1
2017-10-23 00:30:00,0.0,pumps,MW,nem,NSW1
2017-10-23 00:35:00,0.0,pumps,MW,nem,NSW1
2017-10-23 00:40:00,0.0,pumps,MW,nem,NSW1
2017-10-23 00:45:00,0.0,pumps,MW,nem,NSW1
2017-10-23 00:50:00,0.0,pumps,MW,nem,NSW1
2017-10-23 00:55:00,0.0,pumps,MW,nem,NSW1
2017-10-23 01:00:00,0.0,pumps,MW,nem,NSW1
2017-10-23 01:05:00,0.0,pumps,MW,nem,NSW1
2017-10-23 01:10:00,0.0,pumps,MW,nem,NSW1
2017-10-23 01:15:00,0.0,pumps,MW,nem,NSW1
2017-10-23 01:20:00,0.0,pumps,MW,nem,NSW1
2017-10-23 01:25:00,0.0,pumps,MW,nem,NSW1
2017-10-23 01:30:00,0.0,pumps,MW,nem,NSW1
2017-10-23 01:35:00,0.0,pumps,MW,nem,NSW1
2017-10-23 01:40:00,223.9,pumps,MW,nem,NSW1
2017-10-23 01:45:00,193.9,pumps,MW,nem,NSW1
2017-10-23 01:50:00,192.2,pumps,MW,nem,NSW1
2017-10-23 01:55:00,192.1,pumps,MW,nem,NSW1
2017-10-23 02:00:00,191.4,pumps,MW,nem,NSW1
2017-10-23 02:05:00,192.5,pumps,MW,nem,NSW1
2017-10-23 02:10:00,192.0,pumps,MW,nem,NSW1
2017-10-23 02:15:00,262.6,pumps,MW,nem,NSW1
2017-10-23 02:20:00,313.8,pumps,MW,nem,NSW1
2017-10-23 02:25:00,314.1,pumps,MW,nem,NSW1
2017-10-23 02:30:00,315.7,pumps,MW,nem,NSW1
2017-10-23 02:35:00,313.4,pumps,MW,nem,NSW1
2017-10-23 02:40:00,316.3,pumps,MW,nem,NSW1
2017-10-23 02:45:00,313.0,pumps,MW,nem,NSW1
2017-10-23 02:50:00,315.1,pumps,MW,nem,NSW1
2017-10-23 02:55:00,315.0,pumps,MW,nem,NSW1
2017-10-23 03:00:00,312.6,pumps,MW,nem,NSW1
2017-10-23 03:05:00,314.9,pumps,MW,nem,NSW1
2017-10-23 03:10:00,313.6,pumps,MW,nem,NSW1
2017-10-23 03:15:00,314.8,pumps,MW,nem,NSW1
2017-10-23 03:20:00,316.0,pumps,MW,nem,NSW1
2017-10-23 03:25:00,314.1,pumps,MW,nem,NSW1
2017-10-23 03:30:00,312.6,pumps,MW,nem,NSW1
2017-10-23 03:35:00,313.5,pumps,MW,nem,NSW1
2017-10-23 03:40:00,120.9,pumps,MW,nem,NSW1
2017-10-23 03:45:00,121.5,pumps,MW,nem,NSW1
2017-10-23 03:50:00,122.2,pumps,MW,nem,NSW1
2017-10-23 03:55:00,122.0,pumps,MW,nem,NSW1
2017-10-23 04:00:00,120.9,pumps,MW,nem,NSW1
2017-10-23 04:05:00,120.6,pumps,MW,nem,NSW1
2017-10-23 04:10:00,122.4,pumps,MW,nem,NSW1
2017-10-23 04:15:00,120.5,pumps,MW,nem,NSW1
2017-10-23 04:20:00,121.3,pumps,MW,nem,NSW1
2017-10-23 04:25:00,121.9,pumps,MW,nem,NSW1
2017-10-23 04:30:00,121.6,pumps,MW,nem,NSW1
2017-10-23 04:35:00,120.9,pumps,MW,nem,NSW1
2017-10-23 04:40:00,0.0,pumps,MW,nem,NSW1
2017-10-23 04:45:00,0.0,pumps,MW,nem,NSW1
2017-10-23 04:50:00,0.0,pumps,MW,nem,NSW1
2017-10-23 04:55:00,0.0,pumps,MW,nem,NSW1
2017-10-23 05:00:00,0.0,pumps,MW,nem,NSW1
2017-10-23 05:05:00,0.0,pumps,MW,nem,NSW1
2017-10-23 05:10:00,0.0,pumps,MW,nem,NSW1
2017-10-23 05:15:00,0.0,pumps,MW,nem,NSW1
2017-10-23 05:20:00,0.0,pumps,MW,nem,NSW1
2017-10-23 05:25:00,0.0,pumps,MW,nem,NSW1
2017-10-23 05:30:00,0.0,pumps,MW,nem,NSW1
2017-10-23 05:35:00,0.0,pumps,MW,nem,NSW1
2017-10-23 05:40:00,0.0,pumps,MW,nem,NSW1
2017-10-23 05:45:00,0.0,pumps,MW,nem,NSW1
2017-10-23 05:50:00,0.0,pumps,MW,nem,NSW1
2017-10-23 05:55:00,0.0,pumps,MW,nem,NSW1
2017-10-23 06:00:00,0.0,pumps,MW,nem,NSW1
2017-10-23 06:05:00,0.0,pumps,MW,nem,NSW1
2017-10-23 06:10:00,0.0,pumps,MW,nem,NSW1
2017-10-23 06:15:00,0.0,pumps,MW,nem,NSW1
2017-10-23 06:20:00,0.0,pumps,MW,nem,NSW1
2017-10-23 06:25:00,0.0,pumps,MW,nem,NSW1
2017-10-23 06:30:00,0.0,pumps,MW,nem,NSW1
2017-10-23 06:35:00,0.0,pumps,MW,nem,NSW1
2017-10-23 06:40:00,0.0,pumps,MW,nem,NSW1
2017-10-23 06:45:00,0.0,pumps,MW,nem,NSW1
2017-10-23 06:50:00,0.0,pumps,MW,nem,NSW1
2017-10-23 06:55:00,0.0,pumps,MW,nem,NSW1
2017-10-23 07:00:00,0.0,pumps,MW,nem,NSW1
2017-10-23 07:05:00,0.0,pumps,MW,nem,NSW1
2017-10-23 07:10:00,0.0,pumps,MW,nem,NSW1
2017-10-23 07:15:00,0.0,pumps,MW,nem,NSW1
2017-10-23 07:20:00,0.0,pumps,MW,nem,NSW1
2017-10-23 07:25:00,0.0,pumps,MW,nem,NSW1
2017-10-23 07:30:00,0.0,pumps,MW,nem,NSW1
2017-10-23 07:35:00,0.0,pumps,MW,nem,NSW1
2017-10-23 07:40:00,0.0,pumps,MW,nem,NSW1
2017-10-23 07:45:00,0.0,pumps,MW,nem,NSW1
2017-10-23 07:50:00,0.0,pumps,MW,nem,NSW1
2017-10-23 07:55:00,0.0,pumps,MW,nem,NSW1
2017-10-23 08:00:00,0.0,pumps,MW,nem,NSW1
2017-10-23 08:05:00,0.0,pumps,MW,nem,NSW1
2017-10-23 08:10:00,0.0,pumps,MW,nem,NSW1
2017-10-23 08:15:00,0.0,pumps,MW,nem,NSW1
2017-10-23 08:20:00,0.0,pumps,MW,nem,NSW1
2017-10-23 08:25:00,0.0,pumps,MW,nem,NSW1
2017-10-23 08:30:00,0.0,pumps,MW,nem,NSW1
2017-10-23 08:35:00,0.0,pumps,MW,nem,NSW1
2017-10-23 08:40:00,0.0,pumps,MW,nem,NSW1
2017-10-23 08:45:00,0.0,pumps,MW,nem,NSW1
2017-10-23 08:50:00,0.0,pumps,MW,nem,NSW1
2017-10-23 08:55:00,0.0,pumps,MW,nem,NSW1
2017-10-23 09:00:00,0.0,pumps,MW,nem,NSW1
2017-10-23 09:05:00,0.0,pumps,MW,nem,NSW1
2017-10-23 09:10:00,0.0,pumps,MW,nem,NSW1
2017-10-23 09:15:00,0.0,pumps,MW,nem,NSW1
2017-10-23 09:20:00,0.0,pumps,MW,nem,NSW1
2017-10-23 09:25:00,0.0,pumps,MW,nem,NSW1
2017-10-23 09:30:00,0.0,pumps,MW,nem,NSW1
2017-10-23 09:35:00,0.0,pumps,MW,nem,NSW1
2017-10-23 09:40:00,0.0,pumps,MW,nem,NSW1
2017-10-23 09:45:00,0.0,pumps,MW,nem,NSW1
2017-10-23 09:50:00,0.0,pumps,MW,nem,NSW1
2017-10-23 09:55:00,0.0,pumps,MW,nem,NSW1
2017-10-23 10:00:00,0.0,pumps,MW,nem,NSW1
2017-10-23 10:05:00,0.0,pumps,MW,nem,NSW1
2017-10-23 10:10:00,0.0,pumps,MW,nem,NSW1
2017-10-23 10:15:00,0.0,pumps,MW,nem,NSW1
2017-10-23 10:20:00,0.0,pumps,MW,nem,NSW1
2017-10-23 10:25:00,0.0,pumps,MW,nem,NSW1
2017-10-23 10:30:00,0.0,pumps,MW,nem,NSW1
2017-10-23 10:35:00,0.0,pumps,MW,nem,NSW1
2017-10-23 10:40:00,0.0,pumps,MW,nem,NSW1
2017-10-23 10:45:00,0.0,pumps,MW,nem,NSW1
2017-10-23 10:50:00,0.0,pumps,MW,nem,NSW1
2017-10-23 10:55:00,0.0,pumps,MW,nem,NSW1
2017-10-23 11:00:00,0.0,pumps,MW,nem,NSW1
2017-10-23 11:05:00,0.0,pumps,MW,nem,NSW1
2017-10-23 11:10:00,0.0,pumps,MW,nem,NSW1
2017-10-23 11:15:00,0.0,pumps,MW,nem,NSW1
2017-10-23 11:20:00,0.0,pumps,MW,nem,NSW1
2017-10-23 11:25:00,0.0,pumps,MW,nem,NSW1
2017-10-23 11:30:00,0.0,pumps,MW,nem,NSW1
2017-10-23 11:35:00,0.0,pumps,MW,nem,NSW1
2017-10-23 11:40:00,0.0,pumps,MW,nem,NSW1
2017-10-23 11:45:00,0.0,pumps,MW,nem,NSW1
2017-10-23 11:50:00,0.0,pumps,MW,nem,NSW1
2017-10-23 11:55:00,0.0,pumps,MW,nem,NSW1
2017-10-23 12:00:00,0.0,pumps,MW,nem,NSW1
2017-10-23 12:05:00,0.0,pumps,MW,nem,NSW1
2017-10-23 12:10:00,0.0,pumps,MW,nem,NSW1
2017-10-23 12:15:00,0.0,pumps,MW,nem,NSW1
2017-10-23 12:20:00,0.0,pumps,MW,nem,NSW1
2017-10-23 12:25:00,0.0,pumps,MW,nem,NSW1
2017-10-23 12:30:00,0.0,pumps,MW,nem,NSW1
2017-10-23 12:35:00,0.0,pumps,MW,nem,NSW1
2017-10-23 12:40:00,0.0,pumps,MW,nem,NSW1
2017-10-23 12:45:00,0.0,pumps,MW,nem,NSW1
2017-10-23 12:50:00,0.0,pumps,MW,nem,NSW1
2017-10-23 12:55:00,0.0,pumps,MW,nem,NSW1
2017-10-23 13:00:00,0.0,pumps,MW,nem,NSW1
2017-10-23 13:05:00,0.0,pumps,MW,nem,NSW1
2017-10-23 13:10:00,0.0,pumps,MW,nem,NSW1
2017-10-23 13:15:00,0.0,pumps,MW,nem,NSW1
2017-10-23 13:20:00,0.0,pumps,MW,nem,NSW1
2017-10-23 13:25:00,0.0,pumps,MW,nem,NSW1
2017-10-23 13:30:00,0.0,pumps,MW,nem,NSW1
2017-10-23 13:35:00,0.0,pumps,MW,nem,NSW1
2017-10-23 13:40:00,0.0,pumps,MW,nem,NSW1
2017-10-23 13:45:00,0.0,pumps,MW,nem,NSW1
2017-10-23 13:50:00,0.0,pumps,MW,nem,NSW1
2017-10-23 13:55:00,0.0,pumps,MW,nem,NSW1
2017-10-23 14:00:00,0.0,pumps,MW,nem,NSW1
2017-10-23 14:05:00,0.0,pumps,MW,nem,NSW1
2017-10-23 14:10:00,0.0,pumps,MW,nem,NSW1
2017-10-23 14:15:00,0.0,pumps,MW,nem,NSW1
2017-10-23 14:20:00,0.0,pumps,MW,nem,NSW1
2017-10-23 14:25:00,0.0,pumps,MW,nem,NSW1
2017-10-23 14:30:00,0.0,pumps,MW,nem,NSW1
2017-10-23 14:35:00,0.0,pumps,MW,nem,NSW1
2017-10-23 14:40:00,0.0,pumps,MW,nem,NSW1
2017-10-23 14:45:00,0.0,pumps,MW,nem,NSW1
2017-10-23 14:50:00,0.0,pumps,MW,nem,NSW1
2017-10-23 14:55:00,0.0,pumps,MW,nem,NSW1
2017-10-23 15:00:00,0.0,pumps,MW,nem,NSW1
2017-10-23 15:05:00,0.0,pumps,MW,nem,NSW1
2017-10-23 15:10:00,0.0,pumps,MW,nem,NSW1
2017-10-23 15:15:00,0.0,pumps,MW,nem,NSW1
2017-10-23 15:20:00,0.0,pumps,MW,nem,NSW1
2017-10-23 15:25:00,0.0,pumps,MW,nem,NSW1
2017-10-23 15:30:00,0.0,pumps,MW,nem,NSW1
2017-10-23 15:35:00,0.0,pumps,MW,nem,NSW1
2017-10-23 15:40:00,0.0,pumps,MW,nem,NSW1
2017-10-23 15:45:00,0.0,pumps,MW,nem,NSW1
2017-10-23 15:50:00,0.0,pumps,MW,nem,NSW1
2017-10-23 15:55:00,0.0,pumps,MW,nem,NSW1
2017-10-23 16:00:00,0.0,pumps,MW,nem,NSW1
2017-10-23 16:05:00,0.0,pumps,MW,nem,NSW1
2017-10-23 16:10:00,0.0,pumps,MW,nem,NSW1
2017-10-23 16:15:00,0.0,pumps,MW,nem,NSW1
2017-10-23 16:20:00,0.0,pumps,MW,nem,NSW1
2017-10-23 16:25:00,0.0,pumps,MW,nem,NSW1
2017-10-23 16:30:00,0.0,pumps,MW,nem,NSW1
2017-10-23 16:35:00,0.0,pumps,MW,nem,NSW1
2017-10-23 16:40:00,0.0,pumps,MW,nem,NSW1
2017-10-23 16:45:00,0.0,pumps,MW,nem,NSW1
2017-10-23 16:50:00,0.0,pumps,MW,nem,NSW1
2017-10-23 16:55:00,0.0,pumps,MW,nem,NSW1
2017-10-23 17:00:00,0.0,pumps,MW,nem,NSW1
2017-10-23 17:05:00,0.0,pumps,MW,nem,NSW1
2017-10-23 17:10:00,0.0,pumps,MW,nem,NSW1
2017-10-23 17:15:00,0.0,pumps,MW,nem,NSW1
2017-10-23 17:20:00,0.0,pumps,MW,nem,NSW1
2017-10-23 17:25:00,0.0,pumps,MW,nem,NSW1
2017-10-23 17:30:00,0.0,pumps,MW,nem,NSW1
2017-10-23 17:35:00,0.0,pumps,MW,nem,NSW1
2017-10-23 17:40:00,0.0,pumps,MW,nem,NSW1
2017-10-23 17:45:00,0.0,pumps,MW,nem,NSW1
2017-10-23 17:50:00,0.0,pumps,MW,nem,NSW1
2017-10-23 17:55:00,0.0,pumps,MW,nem,NSW1
2017-10-23 18:00:00,0.0,pumps,MW,nem,NSW1
2017-10-23 18:05:00,0.0,pumps,MW,nem,NSW1
2017-10-23 18:10:00,0.0,pumps,MW,nem,NSW1
2017-10-23 18:15:00,0.0,pumps,MW,nem,NSW1
2017-10-23 18:20:00,0.0,pumps,MW,nem,NSW1
2017-10-23 18:25:00,0.0,pumps,MW,nem,NSW1
2017-10-23 18:30:00,0.0,pumps,MW,nem,NSW1
2017-10-23 18:35:00,0.0,pumps,MW,nem,NSW1
2017-10-23 18:40:00,0.0,pumps,MW,nem,NSW1
2017-10-23 18:45:00,0.0,pumps,MW,nem,NSW1
2017-10-23 18:50:00,0.0,pumps,MW,nem,NSW1
2017-10-23 18:55:00,0.0,pumps,MW,nem,NSW1
2017-10-23 19:00:00,0.0,pumps,MW,nem,NSW1
2017-10-23 19:05:00,0.0,pumps,MW,nem,NSW1
2017-10-23 19:10:00,0.0,pumps,MW,nem,NSW1
2017-10-23 19:15:00,0.0,pumps,MW,nem,NSW1
2017-10-23 19:20:00,0.0,pumps,MW,nem,NSW1
2017-10-23 19:25:00,0.0,pumps,MW,nem,NSW1
2017-10-23 19:30:00,0.0,pumps,MW,nem,NSW1
2017-10-23 19:35:00,0.0,pumps,MW,nem,NSW1
2017-10-23 19:40:00,0.0,pumps,MW,nem,NSW1
2017-10-23 19:45:00,0.0,pumps,MW,nem,NSW1
2017-10-23 19:50:00,0.0,pumps,MW,nem,NSW1
2017-10-23 19:55:00,0.0,pumps,MW,nem,NSW1
2017-10-23 20:00:00,0.0,pumps,MW,nem,NSW1
2017-10-23 20:05:00,0.0,pumps,MW,nem,NSW1
2017-10-23 20:10:00,0.0,pumps,MW,nem,NSW1
2017-10-23 20:15:00,0.0,pumps,MW,nem,NSW1
2017-10-23 20:20:00,0.0,pumps,MW,nem,NSW1
2017-10-23 20:25:00,0.0,pumps,MW,nem,NSW1
2017-10-23 20:30:00,0.0,pumps,MW,nem,NSW1
2017-10-23 20:35:00,0.0,pumps,MW,nem,NSW1
2017-10-23 20:40:00,0.0,pumps,MW,nem,NSW1
2017-10-23 20:45:00,0.0,pumps,MW,nem,NSW1
2017-10-23 20:50:00,0.0,pumps,MW,nem,NSW1
2017-10-23 20:55:00,0.0,pumps,MW,nem,NSW1
2017-10-23 21:00:00,0.0,pumps,MW,nem,NSW1
2017-10-23 21:05:00,0.0,pumps,MW,nem,NSW1
2017-10-23 21:10:00,0.0,pumps,MW,nem,NSW1
2017-10-23 21:15:00,0.0,pumps,MW,nem,NSW1
2017-10-23 21:20:00,0.0,pumps,MW,nem,NSW1
2017-10-23 21:25:00,0.0,pumps,MW,nem,NSW1
2017-10-23 21:30:00,0.0,pumps,MW,nem,NSW1
2017-10-23 21:35:00,0.0,pumps,MW,nem,NSW1
2017-10-23 21:40:00,0.0,pumps,MW,nem,NSW1
2017-10-23 21:45:00,0.0,pumps,MW,nem,NSW1
2017-10-23 21:50:00,0.0,pumps,MW,nem,NSW1
2017-10-23 21:55:00,0.0,pumps,MW,nem,NSW1
2017-10-23 22:00:00,0.0,pumps,MW,nem,NSW1
2017-10-23 22:05:00,0.0,pumps,MW,nem,NSW1
2017-10-23 22:10:00,0.0,pumps,MW,nem,NSW1
2017-10-23 22:15:00,0.0,pumps,MW,nem,NSW1
2017-10-23 22:20:00,0.0,pumps,MW,nem,NSW1
2017-10-23 22:25:00,0.0,pumps,MW,nem,NSW1
2017-10-23 22:30:00,0.0,pumps,MW,nem,NSW1
2017-10-23 22:35:00,0.0,pumps,MW,nem,NSW1
2017-10-23 22:40:00,0.0,pumps,MW,nem,NSW1
2017-10-23 22:45:00,0.0,pumps,MW,nem,NSW1
2017-10-23 22:50:00,0.0,pumps,MW,nem,NSW1
2017-10-23 22:55:00,0.0,pumps,MW,nem,NSW1
2017-10-23 23:00:00,0.0,pumps,MW,nem,NSW1
2017-10-23 23:05:00,0.0,pumps,MW,nem,NSW1
2017-10-23 23:10:00,0.0,pumps,MW,nem,NSW1
2017-10-23 23:15:00,0.0,pumps,MW,nem,NSW1
2017-10-23 23:20:00,0.0,pumps,MW,nem,NSW1
2017-10-23 23:25:00,0.0,pumps,MW,nem,NSW1
2017-10-23 23:30:00,0.0,pumps,MW,nem,NSW1
2017-10-23 23:35:00,0.0,pumps,MW,nem,NSW1
2017-10-23 23:40:00,0.0,pumps,MW,nem,NSW1
2017-10-23 23:45:00,0.0,pumps,MW,nem,NSW1
2017-10-23 23:50:00,0.0,pumps,MW,nem,NSW1
2017-10-23 23:55:00,0.0,pumps,MW,nem,NSW1
2017-10-24 00:00:00,0.0,pumps,MW,nem,NSW1
2017-10-24 00:05:00,0.0,pumps,MW,nem,NSW1
2017-10-24 00:10:00,0.0,pumps,MW,nem,NSW1
2017-10-24 00:15:00,0.0,pumps,MW,nem,NSW1
2017-10-24 00:20:00,0.0,pumps,MW,nem,NSW1
2017-10-24 00:25:00,0.0,pumps,MW,nem,NSW1
2017-10-24 00:30:00,0.0,pumps,MW,nem,NSW1
2017-10-24 00:35:00,0.0,pumps,MW,nem,NSW1
2017-10-24 00:40:00,0.0,pumps,MW,nem,NSW1
2017-10-24 00:45:00,0.0,pumps,MW,nem,NSW1
2017-10-24 00:50:00,0.0,pumps,MW,nem,NSW1
2017-10-24 00:55:00,0.0,pumps,MW,nem,NSW1
2017-10-24 01:00:00,0.0,pumps,MW,nem,NSW1
2017-10-24 01:05:00,0.0,pumps,MW,nem,NSW1
2017-10-24 01:10:00,0.0,pumps,MW,nem,NSW1
2017-10-24 01:15:00,0.0,pumps,MW,nem,NSW1
2017-10-24 01:20:00,0.0,pumps,MW,nem,NSW1
2017-10-24 01:25:00,0.0,pumps,MW,nem,NSW1
2017-10-24 01:30:00,0.0,pumps,MW,nem,NSW1
2017-10-24 01:35:00,0.0,pumps,MW,nem,NSW1
2017-10-24 01:40:00,0.0,pumps,MW,nem,NSW1
2017-10-24 01:45:00,0.0,pumps,MW,nem,NSW1
2017-10-24 01:50:00,0.0,pumps,MW,nem,NSW1
2017-10-24 01:55:00,0.0,pumps,MW,nem,NSW1
2017-10-24 02:00:00,0.0,pumps,MW,nem,NSW1
2017-10-24 02:05:00,0.0,pumps,MW,nem,NSW1
2017-10-24 02:10:00,0.0,pumps,MW,nem,NSW1
2017-10-24 02:15:00,0.0,pumps,MW,nem,NSW1
2017-10-24 02:20:00,0.0,pumps,MW,nem,NSW1
2017-10-24 02:25:00,0.0,pumps,MW,nem,NSW1
2017-10-24 02:30:00,0.0,pumps,MW,nem,NSW1
2017-10-24 02:35:00,0.0,pumps,MW,nem,NSW1
2017-10-24 02:40:00,41.3,pumps,MW,nem,NSW1
2017-10-24 02:45:00,41.79,pumps,MW,nem,NSW1
2017-10-24 02:50:00,41.79,pumps,MW,nem,NSW1
2017-10-24 02:55:00,42.08,pumps,MW,nem,NSW1
2017-10-24 03:00:00,42.13,pumps,MW,nem,NSW1
2017-10-24 03:05:00,42.28,pumps,MW,nem,NSW1
2017-10-24 03:10:00,41.88,pumps,MW,nem,NSW1
2017-10-24 03:15:00,41.93,pumps,MW,nem,NSW1
2017-10-24 03:20:00,42.13,pumps,MW,nem,NSW1
2017-10-24 03:25:00,41.98,pumps,MW,nem,NSW1
2017-10-24 03:30:00,41.64,pumps,MW,nem,NSW1
2017-10-24 03:35:00,42.08,pumps,MW,nem,NSW1
2017-10-24 03:40:00,42.03,pumps,MW,nem,NSW1
2017-10-24 03:45:00,41.83,pumps,MW,nem,NSW1
2017-10-24 03:50:00,41.69,pumps,MW,nem,NSW1
2017-10-24 03:55:00,41.49,pumps,MW,nem,NSW1
2017-10-24 04:00:00,41.83,pumps,MW,nem,NSW1
2017-10-24 04:05:00,41.59,pumps,MW,nem,NSW1
2017-10-24 04:10:00,41.88,pumps,MW,nem,NSW1
2017-10-24 04:15:00,42.08,pumps,MW,nem,NSW1
2017-10-24 04:20:00,41.59,pumps,MW,nem,NSW1
2017-10-24 04:25:00,41.79,pumps,MW,nem,NSW1
2017-10-24 04:30:00,42.18,pumps,MW,nem,NSW1
2017-10-24 04:35:00,41.54,pumps,MW,nem,NSW1
2017-10-24 04:40:00,41.79,pumps,MW,nem,NSW1
2017-10-24 04:45:00,41.88,pumps,MW,nem,NSW1
2017-10-24 04:50:00,41.79,pumps,MW,nem,NSW1
2017-10-24 04:55:00,42.18,pumps,MW,nem,NSW1
2017-10-24 05:00:00,41.64,pumps,MW,nem,NSW1
2017-10-24 05:05:00,42.28,pumps,MW,nem,NSW1
2017-10-24 05:10:00,0.0,pumps,MW,nem,NSW1
2017-10-24 05:15:00,0.0,pumps,MW,nem,NSW1
2017-10-24 05:20:00,0.0,pumps,MW,nem,NSW1
2017-10-24 05:25:00,0.0,pumps,MW,nem,NSW1
2017-10-24 05:30:00,0.0,pumps,MW,nem,NSW1
2017-10-24 05:35:00,0.0,pumps,MW,nem,NSW1
2017-10-24 05:40:00,0.0,pumps,MW,nem,NSW1
2017-10-24 05:45:00,0.0,pumps,MW,nem,NSW1
2017-10-24 05:50:00,0.0,pumps,MW,nem,NSW1
2017-10-24 05:55:00,0.0,pumps,MW,nem,NSW1
2017-10-24 06:00:00,0.0,pumps,MW,nem,NSW1
2017-10-24 06:05:00,0.0,pumps,MW,nem,NSW1
2017-10-24 06:10:00,0.0,pumps,MW,nem,NSW1
2017-10-24 06:15:00,0.0,pumps,MW,nem,NSW1
2017-10-24 06:20:00,0.0,pumps,MW,nem,NSW1
2017-10-24 06:25:00,0.0,pumps,MW,nem,NSW1
2017-10-24 06:30:00,0.0,pumps,MW,nem,NSW1
2017-10-24 06:35:00,0.0,pumps,MW,nem,NSW1
2017-10-24 06:40:00,0.0,pumps,MW,nem,NSW1
2017-10-24 06:45:00,0.0,pumps,MW,nem,NSW1
2017-10-24 06:50:00,0.0,pumps,MW,nem,NSW1
2017-10-24 06:55:00,0.0,pumps,MW,nem,NSW1
2017-10-24 07:00:00,0.0,pumps,MW,nem,NSW1
2017-10-24 07:05:00,0.0,pumps,MW,nem,NSW1
2017-10-24 07:10:00,0.0,pumps,MW,nem,NSW1
2017-10-24 07:15:00,0.0,pumps,MW,nem,NSW1
2017-10-24 07:20:00,0.0,pumps,MW,nem,NSW1
2017-10-24 07:25:00,0.0,pumps,MW,nem,NSW1
2017-10-24 07:30:00,0.0,pumps,MW,nem,NSW1
2017-10-24 07:35:00,0.0,pumps,MW,nem,NSW1
2017-10-24 07:40:00,0.0,pumps,MW,nem,NSW1
2017-10-24 07:45:00,0.0,pumps,MW,nem,NSW1
2017-10-24 07:50:00,0.0,pumps,MW,nem,NSW1
2017-10-24 07:55:00,0.0,pumps,MW,nem,NSW1
2017-10-24 08:00:00,0.0,pumps,MW,nem,NSW1
2017-10-24 08:05:00,0.0,pumps,MW,nem,NSW1
2017-10-24 08:10:00,0.0,pumps,MW,nem,NSW1
2017-10-24 08:15:00,0.0,pumps,MW,nem,NSW1
2017-10-24 08:20:00,0.0,pumps,MW,nem,NSW1
2017-10-24 08:25:00,0.0,pumps,MW,nem,NSW1
2017-10-24 08:30:00,0.0,pumps,MW,nem,NSW1
2017-10-24 08:35:00,0.0,pumps,MW,nem,NSW1
2017-10-24 08:40:00,0.0,pumps,MW,nem,NSW1
2017-10-24 08:45:00,0.0,pumps,MW,nem,NSW1
2017-10-24 08:50:00,0.0,pumps,MW,nem,NSW1
2017-10-24 08:55:00,0.0,pumps,MW,nem,NSW1
2017-10-24 09:00:00,0.0,pumps,MW,nem,NSW1
2017-10-24 09:05:00,0.0,pumps,MW,nem,NSW1
2017-10-24 09:10:00,0.0,pumps,MW,nem,NSW1
2017-10-24 09:15:00,0.0,pumps,MW,nem,NSW1
2017-10-24 09:20:00,0.0,pumps,MW,nem,NSW1
2017-10-24 09:25:00,0.0,pumps,MW,nem,NSW1
2017-10-24 09:30:00,0.0,pumps,MW,nem,NSW1
2017-10-24 09:35:00,0.0,pumps,MW,nem,NSW1
2017-10-24 09:40:00,0.0,pumps,MW,nem,NSW1
2017-10-24 09:45:00,0.0,pumps,MW,nem,NSW1
2017-10-24 09:50:00,0.0,pumps,MW,nem,NSW1
2017-10-24 09:55:00,0.0,pumps,MW,nem,NSW1
2017-10-24 10:00:00,0.0,pumps,MW,nem,NSW1
2017-10-24 10:05:00,0.0,pumps,MW,nem,NSW1
2017-10-24 10:10:00,0.0,pumps,MW,nem,NSW1
2017-10-24 10:15:00,0.0,pumps,MW,nem,NSW1
2017-10-24 10:20:00,0.0,pumps,MW,nem,NSW1
2017-10-24 10:25:00,0.0,pumps,MW,nem,NSW1
2017-10-24 10:30:00,0.0,pumps,MW,nem,NSW1
2017-10-24 10:35:00,0.0,pumps,MW,nem,NSW1
2017-10-24 10:40:00,0.0,pumps,MW,nem,NSW1
2017-10-24 10:45:00,0.0,pumps,MW,nem,NSW1
2017-10-24 10:50:00,0.0,pumps,MW,nem,NSW1
2017-10-24 10:55:00,0.0,pumps,MW,nem,NSW1
2017-10-24 11:00:00,0.0,pumps,MW,nem,NSW1
2017-10-24 11:05:00,0.0,pumps,MW,nem,NSW1
2017-10-24 11:10:00,0.0,pumps,MW,nem,NSW1
2017-10-24 11:15:00,0.0,pumps,MW,nem,NSW1
2017-10-24 11:20:00,0.0,pumps,MW,nem,NSW1
2017-10-24 11:25:00,0.0,pumps,MW,nem,NSW1
2017-10-24 11:30:00,0.0,pumps,MW,nem,NSW1
2017-10-24 11:35:00,0.0,pumps,MW,nem,NSW1
2017-10-24 11:40:00,0.0,pumps,MW,nem,NSW1
2017-10-24 11:45:00,0.0,pumps,MW,nem,NSW1
2017-10-24 11:50:00,0.0,pumps,MW,nem,NSW1
2017-10-24 11:55:00,0.0,pumps,MW,nem,NSW1
2017-10-24 12:00:00,0.0,pumps,MW,nem,NSW1
2017-10-24 12:05:00,0.0,pumps,MW,nem,NSW1
2017-10-24 12:10:00,0.0,pumps,MW,nem,NSW1
2017-10-24 12:15:00,0.0,pumps,MW,nem,NSW1
2017-10-24 12:20:00,0.0,pumps,MW,nem,NSW1
2017-10-24 12:25:00,0.0,pumps,MW,nem,NSW1
2017-10-24 12:30:00,0.0,pumps,MW,nem,NSW1
2017-10-24 12:35:00,0.0,pumps,MW,nem,NSW1
2017-10-24 12:40:00,0.0,pumps,MW,nem,NSW1
2017-10-24 12:45:00,0.0,pumps,MW,nem,NSW1
2017-10-24 12:50:00,0.0,pumps,MW,nem,NSW1
2017-10-24 12:55:00,0.0,pumps,MW,nem,NSW1
2017-10-24 13:00:00,0.0,pumps,MW,nem,NSW1
2017-10-24 13:05:00,0.0,pumps,MW,nem,NSW1
2017-10-24 13:10:00,0.0,pumps,MW,nem,NSW1
2017-10-24 13:15:00,0.0,pumps,MW,nem,NSW1
2017-10-24 13:20:00,0.0,pumps,MW,nem,NSW1
2017-10-24 13:25:00,0.0,pumps,MW,nem,NSW1
2017-10-24 13:30:00,0.0,pumps,MW,nem,NSW1
2017-10-24 13:35:00,0.0,pumps,MW,nem,NSW1
2017-10-24 13:40:00,0.0,pumps,MW,nem,NSW1
2017-10-24 13:45:00,0.0,pumps,MW,nem,NSW1
2017-10-24 13:50:00,0.0,pumps,MW,nem,NSW1
2017-10-24 13:55:00,0.0,pumps,MW,nem,NSW1
2017-10-24 14:00:00,0.0,pumps,MW,nem,NSW1
2017-10-24 14:05:00,0.0,pumps,MW,nem,NSW1
2017-10-24 14:10:00,0.0,pumps,MW,nem,NSW1
2017-10-24 14:15:00,0.0,pumps,MW,nem,NSW1
2017-10-24 14:20:00,0.0,pumps,MW,nem,NSW1
2017-10-24 14:25:00,0.0,pumps,MW,nem,NSW1
2017-10-24 14:30:00,0.0,pumps,MW,nem,NSW1
2017-10-24 14:35:00,0.0,pumps,MW,nem,NSW1
2017-10-24 14:40:00,0.0,pumps,MW,nem,NSW1
2017-10-24 14:45:00,0.0,pumps,MW,nem,NSW1
2017-10-24 14:50:00,0.0,pumps,MW,nem,NSW1
2017-10-24 14:55:00,0.0,pumps,MW,nem,NSW1
2017-10-24 15:00:00,0.0,pumps,MW,nem,NSW1
2017-10-24 15:05:00,0.0,pumps,MW,nem,NSW1
2017-10-24 15:10:00,0.0,pumps,MW,nem,NSW1
2017-10-24 15:15:00,0.0,pumps,MW,nem,NSW1
2017-10-24 15:20:00,0.0,pumps,MW,nem,NSW1
2017-10-24 15:25:00,0.0,pumps,MW,nem,NSW1
2017-10-24 15:30:00,0.0,pumps,MW,nem,NSW1
2017-10-24 15:35:00,0.0,pumps,MW,nem,NSW1
2017-10-24 15:40:00,0.0,pumps,MW,nem,NSW1
2017-10-24 15:45:00,0.0,pumps,MW,nem,NSW1
2017-10-24 15:50:00,0.0,pumps,MW,nem,NSW1
2017-10-24 15:55:00,0.0,pumps,MW,nem,NSW1
2017-10-24 16:00:00,0.0,pumps,MW,nem,NSW1
2017-10-24 16:05:00,0.0,pumps,MW,nem,NSW1
2017-10-24 16:10:00,0.0,pumps,MW,nem,NSW1
2017-10-24 16:15:00,0.0,pumps,MW,nem,NSW1
2017-10-24 16:20:00,0.0,pumps,MW,nem,NSW1
2017-10-24 16:25:00,0.0,pumps,MW,nem,NSW1
2017-10-24 16:30:00,0.0,pumps,MW,nem,NSW1
2017-10-24 16:35:00,0.0,pumps,MW,nem,NSW1
2017-10-24 16:40:00,0.0,pumps,MW,nem,NSW1
2017-10-24 16:45:00,0.0,pumps,MW,nem,NSW1
2017-10-24 16:50:00,0.0,pumps,MW,nem,NSW1
2017-10-24 16:55:00,0.0,pumps,MW,nem,NSW1
2017-10-24 17:00:00,0.0,pumps,MW,nem,NSW1
2017-10-24 17:05:00,0.0,pumps,MW,nem,NSW1
2017-10-24 17:10:00,0.0,pumps,MW,nem,NSW1
2017-10-24 17:15:00,0.0,pumps,MW,nem,NSW1
2017-10-24 17:20:00,0.0,pumps,MW,nem,NSW1
2017-10-24 17:25:00,0.0,pumps,MW,nem,NSW1
2017-10-24 17:30:00,0.0,pumps,MW,nem,NSW1
2017-10-24 17:35:00,0.0,pumps,MW,nem,NSW1
2017-10-24 17:40:00,0.0,pumps,MW,nem,NSW1
2017-10-24 17:45:00,0.0,pumps,MW,nem,NSW1
2017-10-24 17:50:00,0.0,pumps,MW,nem,NSW1
2017-10-24 17:55:00,0.0,pumps,MW,nem,NSW1
2017-10-24 18:00:00,0.0,pumps,MW,nem,NSW1
2017-10-24 18:05:00,0.0,pumps,MW,nem,NSW1
2017-10-24 18:10:00,0.0,pumps,MW,nem,NSW1
2017-10-24 18:15:00,0.0,pumps,MW,nem,NSW1
2017-10-24 18:20:00,0.0,pumps,MW,nem,NSW1
2017-10-24 18:25:00,0.0,pumps,MW,nem,NSW1
2017-10-24 18:30:00,0.0,pumps,MW,nem,NSW1
2017-10-24 18:35:00,0.0,pumps,MW,nem,NSW1
2017-10-24 18:40:00,0.0,pumps,MW,nem,NSW1
2017-10-24 18:45:00,0.0,pumps,MW,nem,NSW1
2017-10-24 18:50:00,0.0,pumps,MW,nem,NSW1
2017-10-24 18:55:00,0.0,pumps,MW,nem,NSW1
2017-10-24 19:00:00,0.0,pumps,MW,nem,NSW1
2017-10-24 19:05:00,0.0,pumps,MW,nem,NSW1
2017-10-24 19:10:00,0.0,pumps,MW,nem,NSW1
2017-10-24 19:15:00,0.0,pumps,MW,nem,NSW1
2017-10-24 19:20:00,0.0,pumps,MW,nem,NSW1
2017-10-24 19:25:00,0.0,pumps,MW,nem,NSW1
2017-10-24 19:30:00,0.0,pumps,MW,nem,NSW1
2017-10-24 19:35:00,0.0,pumps,MW,nem,NSW1
2017-10-24 19:40:00,0.0,pumps,MW,nem,NSW1
2017-10-24 19:45:00,0.0,pumps,MW,nem,NSW1
2017-10-24 19:50:00,0.0,pumps,MW,nem,NSW1
2017-10-24 19:55:00,0.0,pumps,MW,nem,NSW1
2017-10-24 20:00:00,0.0,pumps,MW,nem,NSW1
2017-10-24 20:05:00,0.0,pumps,MW,nem,NSW1
2017-10-24 20:10:00,0.0,pumps,MW,nem,NSW1
2017-10-24 20:15:00,0.0,pumps,MW,nem,NSW1
2017-10-24 20:20:00,0.0,pumps,MW,nem,NSW1
2017-10-24 20:25:00,0.0,pumps,MW,nem,NSW1
2017-10-24 20:30:00,0.0,pumps,MW,nem,NSW1
2017-10-24 20:35:00,0.0,pumps,MW,nem,NSW1
2017-10-24 20:40:00,0.0,pumps,MW,nem,NSW1
2017-10-24 20:45:00,0.0,pumps,MW,nem,NSW1
2017-10-24 20:50:00,0.0,pumps,MW,nem,NSW1
2017-10-24 20:55:00,0.0,pumps,MW,nem,NSW1
2017-10-24 21:00:00,0.0,pumps,MW,nem,NSW1
2017-10-24 21:05:00,0.0,pumps,MW,nem,NSW1
2017-10-24 21:10:00,0.0,pumps,MW,nem,NSW1
2017-10-24 21:15:00,0.0,pumps,MW,nem,NSW1
2017-10-24 21:20:00,0.0,pumps,MW,nem,NSW1
2017-10-24 21:25:00,0.0,pumps,MW,nem,NSW1
2017-10-24 21:30:00,0.0,pumps,MW,nem,NSW1
2017-10-24 21:35:00,0.0,pumps,MW,nem,NSW1
2017-10-24 21:40:00,0.0,pumps,MW,nem,NSW1
2017-10-24 21:45:00,0.0,pumps,MW,nem,NSW1
2017-10-24 21:50:00,0.0,pumps,MW,nem,NSW1
2017-10-24 21:55:00,0.0,pumps,MW,nem,NSW1
2017-10-24 22:00:00,0.0,pumps,MW,nem,NSW1
2017-10-24 22:05:00,0.0,pumps,MW,nem,NSW1
2017-10-24 22:10:00,0.0,pumps,MW,nem,NSW1
2017-10-24 22:15:00,0.0,pumps,MW,nem,NSW1
2017-10-24 22:20:00,0.0,pumps,MW,nem,NSW1
2017-10-24 22:25:00,0.0,pumps,MW,nem,NSW1
2017-10-24 22:30:00,0.0,pumps,MW,nem,NSW1
2017-10-24 22:35:00,0.0,pumps,MW,nem,NSW1
2017-10-24 22:40:00,0.0,pumps,MW,nem,NSW1
2017-10-24 22:45:00,0.0,pumps,MW,nem,NSW1
2017-10-24 22:50:00,0.0,pumps,MW,nem,NSW1
2017-10-24 22:55:00,0.0,pumps,MW,nem,NSW1
2017-10-24 23:00:00,0.0,pumps,MW,nem,NSW1
2017-10-24 23:05:00,0.0,pumps,MW,nem,NSW1
2017-10-24 23:10:00,0.0,pumps,MW,nem,NSW1
2017-10-24 23:15:00,0.0,pumps,MW,nem,NSW1
2017-10-24 23:20:00,0.0,pumps,MW,nem,NSW1
2017-10-24 23:25:00,0.0,pumps,MW,nem,NSW1
2017-10-24 23:30:00,0.0,pumps,MW,nem,NSW1
2017-10-24 23:35:00,0.0,pumps,MW,nem,NSW1
2017-10-24 23:40:00,0.0,pumps,MW,nem,NSW1
2017-10-24 23:45:00,0.0,pumps,MW,nem,NSW1
2017-10-24 23:50:00,0.0,pumps,MW,nem,NSW1
2017-10-24 23:55:00,0.0,pumps,MW,nem,NSW1
2017-10-25 00:00:00,0.0,pumps,MW,nem,NSW1
2017-10-25 00:05:00,0.0,pumps,MW,nem,NSW1
2017-10-25 00:10:00,0.0,pumps,MW,nem,NSW1
2017-10-25 00:15:00,0.0,pumps,MW,nem,NSW1
2017-10-25 00:20:00,0.0,pumps,MW,nem,NSW1
2017-10-25 00:25:00,0.0,pumps,MW,nem,NSW1
2017-10-25 00:30:00,0.0,pumps,MW,nem,NSW1
2017-10-25 00:35:00,0.0,pumps,MW,nem,NSW1
2017-10-25 00:40:00,0.0,pumps,MW,nem,NSW1
2017-10-25 00:45:00,0.0,pumps,MW,nem,NSW1
2017-10-25 00:50:00,0.0,pumps,MW,nem,NSW1
2017-10-25 00:55:00,0.0,pumps,MW,nem,NSW1
2017-10-25 01:00:00,0.0,pumps,MW,nem,NSW1
2017-10-25 01:05:00,0.0,pumps,MW,nem,NSW1
2017-10-25 01:10:00,0.0,pumps,MW,nem,NSW1
2017-10-25 01:15:00,0.0,pumps,MW,nem,NSW1
2017-10-25 01:20:00,0.0,pumps,MW,nem,NSW1
2017-10-25 01:25:00,0.0,pumps,MW,nem,NSW1
2017-10-25 01:30:00,0.0,pumps,MW,nem,NSW1
2017-10-25 01:35:00,0.0,pumps,MW,nem,NSW1
2017-10-25 01:40:00,0.0,pumps,MW,nem,NSW1
2017-10-25 01:45:00,0.0,pumps,MW,nem,NSW1
2017-10-25 01:50:00,0.0,pumps,MW,nem,NSW1
2017-10-25 01:55:00,0.0,pumps,MW,nem,NSW1
2017-10-25 02:00:00,0.0,pumps,MW,nem,NSW1
2017-10-25 02:05:00,0.0,pumps,MW,nem,NSW1
2017-10-25 02:10:00,0.0,pumps,MW,nem,NSW1
2017-10-25 02:15:00,0.0,pumps,MW,nem,NSW1
2017-10-25 02:20:00,0.0,pumps,MW,nem,NSW1
2017-10-25 02:25:00,0.0,pumps,MW,nem,NSW1
2017-10-25 02:30:00,0.0,pumps,MW,nem,NSW1
2017-10-25 02:35:00,0.0,pumps,MW,nem,NSW1
2017-10-25 02:40:00,0.0,pumps,MW,nem,NSW1
2017-10-25 02:45:00,0.0,pumps,MW,nem,NSW1
2017-10-25 02:50:00,0.0,pumps,MW,nem,NSW1
2017-10-25 02:55:00,0.0,pumps,MW,nem,NSW1
2017-10-25 03:00:00,0.0,pumps,MW,nem,NSW1
2017-10-25 03:05:00,0.0,pumps,MW,nem,NSW1
2017-10-25 03:10:00,0.0,pumps,MW,nem,NSW1
2017-10-25 03:15:00,0.0,pumps,MW,nem,NSW1
2017-10-25 03:20:00,0.0,pumps,MW,nem,NSW1
2017-10-25 03:25:00,0.0,pumps,MW,nem,NSW1
2017-10-25 03:30:00,0.0,pumps,MW,nem,NSW1
2017-10-25 03:35:00,0.0,pumps,MW,nem,NSW1
2017-10-25 03:40:00,0.0,pumps,MW,nem,NSW1
2017-10-25 03:45:00,0.0,pumps,MW,nem,NSW1
2017-10-25 03:50:00,0.0,pumps,MW,nem,NSW1
2017-10-25 03:55:00,0.0,pumps,MW,nem,NSW1
2017-10-25 04:00:00,0.0,pumps,MW,nem,NSW1
2017-10-25 04:05:00,0.0,pumps,MW,nem,NSW1
2017-10-25 04:10:00,0.0,pumps,MW,nem,NSW1
2017-10-25 04:15:00,0.0,pumps,MW,nem,NSW1
2017-10-25 04:20:00,0.0,pumps,MW,nem,NSW1
2017-10-25 04:25:00,0.0,pumps,MW,nem,NSW1
2017-10-25 04:30:00,0.0,pumps,MW,nem,NSW1
2017-10-25 04:35:00,0.0,pumps,MW,nem,NSW1
2017-10-25 04:40:00,0.0,pumps,MW,nem,NSW1
2017-10-25 04:45:00,0.0,pumps,MW,nem,NSW1
2017-10-25 04:50:00,0.0,pumps,MW,nem,NSW1
2017-10-25 04:55:00,0.0,pumps,MW,nem,NSW1
2017-10-25 05:00:00,0.0,pumps,MW,nem,NSW1
2017-10-25 05:05:00,0.0,pumps,MW,nem,NSW1
2017-10-25 05:10:00,0.0,pumps,MW,nem,NSW1
2017-10-25 05:15:00,0.0,pumps,MW,nem,NSW1
2017-10-25 05:20:00,0.0,pumps,MW,nem,NSW1
2017-10-25 05:25:00,0.0,pumps,MW,nem,NSW1
2017-10-25 05:30:00,0.0,pumps,MW,nem,NSW1
2017-10-25 05:35:00,0.0,pumps,MW,nem,NSW1
2017-10-25 05:40:00,0.0,pumps,MW,nem,NSW1
2017-10-25 05:45:00,0.0,pumps,MW,nem,NSW1
2017-10-25 05:50:00,0.0,pumps,MW,nem,NSW1
2017-10-25 05:55:00,0.0,pumps,MW,nem,NSW1
2017-10-25 06:00:00,0.0,pumps,MW,nem,NSW1
2017-10-25 06:05:00,0.0,pumps,MW,nem,NSW1
2017-10-25 06:10:00,0.0,pumps,MW,nem,NSW1
2017-10-25 06:15:00,0.0,pumps,MW,nem,NSW1
2017-10-25 06:20:00,0.0,pumps,MW,nem,NSW1
2017-10-25 06:25:00,0.0,pumps,MW,nem,NSW1
2017-10-25 06:30:00,0.0,pumps,MW,nem,NSW1
2017-10-25 06:35:00,0.0,pumps,MW,nem,NSW1
2017-10-25 06:40:00,0.0,pumps,MW,nem,NSW1
2017-10-25 06:45:00,0.0,pumps,MW,nem,NSW1
2017-10-25 06:50:00,0.0,pumps,MW,nem,NSW1
2017-10-25 06:55:00,0.0,pumps,MW,nem,NSW1
2017-10-25 07:00:00,0.0,pumps,MW,nem,NSW1
2017-10-25 07:05:00,0.0,pumps,MW,nem,NSW1
2017-10-25 07:10:00,0.0,pumps,MW,nem,NSW1
2017-10-25 07:15:00,0.0,pumps,MW,nem,NSW1
2017-10-25 07:20:00,0.0,pumps,MW,nem,NSW1
2017-10-25 07:25:00,0.0,pumps,MW,nem,NSW1
2017-10-25 07:30:00,0.0,pumps,MW,nem,NSW1
2017-10-25 07:35:00,0.0,pumps,MW,nem,NSW1
2017-10-25 07:40:00,0.0,pumps,MW,nem,NSW1
2017-10-25 07:45:00,0.0,pumps,MW,nem,NSW1
2017-10-25 07:50:00,0.0,pumps,MW,nem,NSW1
2017-10-25 07:55:00,0.0,pumps,MW,nem,NSW1
2017-10-25 08:00:00,0.0,pumps,MW,nem,NSW1
2017-10-25 08:05:00,0.0,pumps,MW,nem,NSW1
2017-10-25 08:10:00,0.0,pumps,MW,nem,NSW1
2017-10-25 08:15:00,0.0,pumps,MW,nem,NSW1
2017-10-25 08:20:00,0.0,pumps,MW,nem,NSW1
2017-10-25 08:25:00,0.0,pumps,MW,nem,NSW1
2017-10-25 08:30:00,0.0,pumps,MW,nem,NSW1
2017-10-25 08:35:00,0.0,pumps,MW,nem,NSW1
2017-10-25 08:40:00,0.0,pumps,MW,nem,NSW1
2017-10-25 08:45:00,0.0,pumps,MW,nem,NSW1
2017-10-25 08:50:00,0.0,pumps,MW,nem,NSW1
2017-10-25 08:55:00,0.0,pumps,MW,nem,NSW1
2017-10-25 09:00:00,0.0,pumps,MW,nem,NSW1
2017-10-25 09:05:00,0.0,pumps,MW,nem,NSW1
2017-10-25 09:10:00,0.0,pumps,MW,nem,NSW1
2017-10-25 09:15:00,0.0,pumps,MW,nem,NSW1
2017-10-25 09:20:00,0.0,pumps,MW,nem,NSW1
2017-10-25 09:25:00,0.0,pumps,MW,nem,NSW1
2017-10-25 09:30:00,0.0,pumps,MW,nem,NSW1
2017-10-25 09:35:00,0.0,pumps,MW,nem,NSW1
2017-10-25 09:40:00,0.0,pumps,MW,nem,NSW1
2017-10-25 09:45:00,0.0,pumps,MW,nem,NSW1
2017-10-25 09:50:00,0.0,pumps,MW,nem,NSW1
2017-10-25 09:55:00,0.0,pumps,MW,nem,NSW1
2017-10-25 10:00:00,0.0,pumps,MW,nem,NSW1
2017-10-25 10:05:00,0.0,pumps,MW,nem,NSW1
2017-10-25 10:10:00,0.0,pumps,MW,nem,NSW1
2017-10-25 10:15:00,0.0,pumps,MW,nem,NSW1
2017-10-25 10:20:00,0.0,pumps,MW,nem,NSW1
2017-10-25 10:25:00,0.0,pumps,MW,nem,NSW1
2017-10-25 10:30:00,0.0,pumps,MW,nem,NSW1
2017-10-25 10:35:00,0.0,pumps,MW,nem,NSW1
2017-10-25 10:40:00,0.0,pumps,MW,nem,NSW1
2017-10-25 10:45:00,0.0,pumps,MW,nem,NSW1
2017-10-25 10:50:00,0.0,pumps,MW,nem,NSW1
2017-10-25 10:55:00,0.0,pumps,MW,nem,NSW1
2017-10-25 11:00:00,0.0,pumps,MW,nem,NSW1
2017-10-25 11:05:00,0.0,pumps,MW,nem,NSW1
2017-10-25 11:10:00,0.0,pumps,MW,nem,NSW1
2017-10-25 11:15:00,0.0,pumps,MW,nem,NSW1
2017-10-25 11:20:00,0.0,pumps,MW,nem,NSW1
2017-10-25 11:25:00,0.0,pumps,MW,nem,NSW1
2017-10-25 11:30:00,0.0,pumps,MW,nem,NSW1
2017-10-25 11:35:00,0.0,pumps,MW,nem,NSW1
2017-10-25 11:40:00,0.0,pumps,MW,nem,NSW1
2017-10-25 11:45:00,0.0,pumps,MW,nem,NSW1
2017-10-25 11:50:00,0.0,pumps,MW,nem,NSW1
2017-10-25 11:55:00,0.0,pumps,MW,nem,NSW1
2017-10-25 12:00:00,0.0,pumps,MW,nem,NSW1
2017-10-25 12:05:00,0.0,pumps,MW,nem,NSW1
2017-10-25 12:10:00,0.0,pumps,MW,nem,NSW1
2017-10-25 12:15:00,0.0,pumps,MW,nem,NSW1
2017-10-25 12:20:00,0.0,pumps,MW,nem,NSW1
2017-10-25 12:25:00,0.0,pumps,MW,nem,NSW1
2017-10-25 12:30:00,0.0,pumps,MW,nem,NSW1
2017-10-25 12:35:00,0.0,pumps,MW,nem,NSW1
2017-10-25 12:40:00,0.0,pumps,MW,nem,NSW1
2017-10-25 12:45:00,0.0,pumps,MW,nem,NSW1
2017-10-25 12:50:00,0.0,pumps,MW,nem,NSW1
2017-10-25 12:55:00,0.0,pumps,MW,nem,NSW1
2017-10-25 13:00:00,0.0,pumps,MW,nem,NSW1
2017-10-25 13:05:00,0.0,pumps,MW,nem,NSW1
2017-10-25 13:10:00,0.0,pumps,MW,nem,NSW1
2017-10-25 13:15:00,0.0,pumps,MW,nem,NSW1
2017-10-25 13:20:00,0.0,pumps,MW,nem,NSW1
2017-10-25 13:25:00,0.0,pumps,MW,nem,NSW1
2017-10-25 13:30:00,0.0,pumps,MW,nem,NSW1
2017-10-25 13:35:00,0.0,pumps,MW,nem,NSW1
2017-10-25 13:40:00,0.0,pumps,MW,nem,NSW1
2017-10-25 13:45:00,0.0,pumps,MW,nem,NSW1
2017-10-25 13:50:00,0.0,pumps,MW,nem,NSW1
2017-10-25 13:55:00,0.0,pumps,MW,nem,NSW1
2017-10-25 14:00:00,0.0,pumps,MW,nem,NSW1
2017-10-25 14:05:00,0.0,pumps,MW,nem,NSW1
2017-10-25 14:10:00,0.0,pumps,MW,nem,NSW1
2017-10-25 14:15:00,0.0,pumps,MW,nem,NSW1
2017-10-25 14:20:00,0.0,pumps,MW,nem,NSW1
2017-10-25 14:25:00,0.0,pumps,MW,nem,NSW1
2017-10-25 14:30:00,0.0,pumps,MW,nem,NSW1
2017-10-25 14:35:00,0.0,pumps,MW,nem,NSW1
2017-10-25 14:40:00,0.0,pumps,MW,nem,NSW1
2017-10-25 14:45:00,0.0,pumps,MW,nem,NSW1
2017-10-25 14:50:00,0.0,pumps,MW,nem,NSW1
2017-10-25 14:55:00,0.0,pumps,MW,nem,NSW1
2017-10-25 15:00:00,0.0,pumps,MW,nem,NSW1
2017-10-25 15:05:00,0.0,pumps,MW,nem,NSW1
2017-10-25 15:10:00,0.0,pumps,MW,nem,NSW1
2017-10-25 15:15:00,0.0,pumps,MW,nem,NSW1
2017-10-25 15:20:00,0.0,pumps,MW,nem,NSW1
2017-10-25 15:25:00,0.0,pumps,MW,nem,NSW1
2017-10-25 15:30:00,0.0,pumps,MW,nem,NSW1
2017-10-25 15:35:00,0.0,pumps,MW,nem,NSW1
2017-10-25 15:40:00,0.0,pumps,MW,nem,NSW1
2017-10-25 15:45:00,0.0,pumps,MW,nem,NSW1
2017-10-25 15:50:00,0.0,pumps,MW,nem,NSW1
2017-10-25 15:55:00,0.0,pumps,MW,nem,NSW1
2017-10-25 16:00:00,0.0,pumps,MW,nem,NSW1
2017-10-25 16:05:00,0.0,pumps,MW,nem,NSW1
2017-10-25 16:10:00,0.0,pumps,MW,nem,NSW1
2017-10-25 16:15:00,0.0,pumps,MW,nem,NSW1
2017-10-25 16:20:00,0.0,pumps,MW,nem,NSW1
2017-10-25 16:25:00,0.0,pumps,MW,nem,NSW1
2017-10-25 16:30:00,0.0,pumps,MW,nem,NSW1
2017-10-25 16:35:00,0.0,pumps,MW,nem,NSW1
2017-10-25 16:40:00,0.0,pumps,MW,nem,NSW1
2017-10-25 16:45:00,0.0,pumps,MW,nem,NSW1
2017-10-25 16:50:00,0.0,pumps,MW,nem,NSW1
2017-10-25 16:55:00,0.0,pumps,MW,nem,NSW1
2017-10-25 17:00:00,0.0,pumps,MW,nem,NSW1
2017-10-25 17:05:00,0.0,pumps,MW,nem,NSW1
2017-10-25 17:10:00,0.0,pumps,MW,nem,NSW1
2017-10-25 17:15:00,0.0,pumps,MW,nem,NSW1
2017-10-25 17:20:00,0.0,pumps,MW,nem,NSW1
2017-10-25 17:25:00,0.0,pumps,MW,nem,NSW1
2017-10-25 17:30:00,0.0,pumps,MW,nem,NSW1
2017-10-25 17:35:00,0.0,pumps,MW,nem,NSW1
2017-10-25 17:40:00,0.0,pumps,MW,nem,NSW1
2017-10-25 17:45:00,0.0,pumps,MW,nem,NSW1
2017-10-25 17:50:00,0.0,pumps,MW,nem,NSW1
2017-10-25 17:55:00,0.0,pumps,MW,nem,NSW1
2017-10-25 18:00:00,0.0,pumps,MW,nem,NSW1
2017-10-25 18:05:00,0.0,pumps,MW,nem,NSW1
2017-10-25 18:10:00,0.0,pumps,MW,nem,NSW1
2017-10-25 18:15:00,0.0,pumps,MW,nem,NSW1
2017-10-25 18:20:00,0.0,pumps,MW,nem,NSW1
2017-10-25 18:25:00,0.0,pumps,MW,nem,NSW1
2017-10-25 18:30:00,0.0,pumps,MW,nem,NSW1
2017-10-25 18:35:00,0.0,pumps,MW,nem,NSW1
2017-10-25 18:40:00,0.0,pumps,MW,nem,NSW1
2017-10-25 18:45:00,0.0,pumps,MW,nem,NSW1
2017-10-25 18:50:00,0.0,pumps,MW,nem,NSW1
2017-10-25 18:55:00,0.0,pumps,MW,nem,NSW1
2017-10-25 19:00:00,0.0,pumps,MW,nem,NSW1
2017-10-25 19:05:00,0.0,pumps,MW,nem,NSW1
2017-10-25 19:10:00,0.0,pumps,MW,nem,NSW1
2017-10-25 19:15:00,0.0,pumps,MW,nem,NSW1
2017-10-25 19:20:00,0.0,pumps,MW,nem,NSW1
2017-10-25 19:25:00,0.0,pumps,MW,nem,NSW1
2017-10-25 19:30:00,0.0,pumps,MW,nem,NSW1
2017-10-25 19:35:00,0.0,pumps,MW,nem,NSW1
2017-10-25 19:40:00,0.0,pumps,MW,nem,NSW1
2017-10-25 19:45:00,0.0,pumps,MW,nem,NSW1
2017-10-25 19:50:00,0.0,pumps,MW,nem,NSW1
2017-10-25 19:55:00,0.0,pumps,MW,nem,NSW1
2017-10-25 20:00:00,0.0,pumps,MW,nem,NSW1
2017-10-25 20:05:00,0.0,pumps,MW,nem,NSW1
2017-10-25 20:10:00,0.0,pumps,MW,nem,NSW1
2017-10-25 20:15:00,0.0,pumps,MW,nem,NSW1
2017-10-25 20:20:00,0.0,pumps,MW,nem,NSW1
2017-10-25 20:25:00,0.0,pumps,MW,nem,NSW1
2017-10-25 20:30:00,0.0,pumps,MW,nem,NSW1
2017-10-25 20:35:00,0.0,pumps,MW,nem,NSW1
2017-10-25 20:40:00,0.0,pumps,MW,nem,NSW1
2017-10-25 20:45:00,0.0,pumps,MW,nem,NSW1
2017-10-25 20:50:00,0.0,pumps,MW,nem,NSW1
2017-10-25 20:55:00,0.0,pumps,MW,nem,NSW1
2017-10-25 21:00:00,0.0,pumps,MW,nem,NSW1
2017-10-25 21:05:00,0.0,pumps,MW,nem,NSW1
2017-10-25 21:10:00,0.0,pumps,MW,nem,NSW1
2017-10-25 21:15:00,0.0,pumps,MW,nem,NSW1
2017-10-25 21:20:00,0.0,pumps,MW,nem,NSW1
2017-10-25 21:25:00,0.0,pumps,MW,nem,NSW1
2017-10-25 21:30:00,0.0,pumps,MW,nem,NSW1
2017-10-25 21:35:00,0.0,pumps,MW,nem,NSW1
2017-10-25 21:40:00,0.0,pumps,MW,nem,NSW1
2017-10-25 21:45:00,0.0,pumps,MW,nem,NSW1
2017-10-25 21:50:00,0.0,pumps,MW,nem,NSW1
2017-10-25 21:55:00,0.0,pumps,MW,nem,NSW1
2017-10-25 22:00:00,0.0,pumps,MW,nem,NSW1
2017-10-25 22:05:00,0.0,pumps,MW,nem,NSW1
2017-10-25 22:10:00,0.0,pumps,MW,nem,NSW1
2017-10-25 22:15:00,0.0,pumps,MW,nem,NSW1
2017-10-25 22:20:00,0.0,pumps,MW,nem,NSW1
2017-10-25 22:25:00,0.0,pumps,MW,nem,NSW1
2017-10-25 22:30:00,0.0,pumps,MW,nem,NSW1
2017-10-25 22:35:00,0.0,pumps,MW,nem,NSW1
2017-10-25 22:40:00,0.0,pumps,MW,nem,NSW1
2017-10-25 22:45:00,0.0,pumps,MW,nem,NSW1
2017-10-25 22:50:00,0.0,pumps,MW,nem,NSW1
2017-10-25 22:55:00,0.0,pumps,MW,nem,NSW1
2017-10-25 23:00:00,0.0,pumps,MW,nem,NSW1
2017-10-25 23:05:00,0.0,pumps,MW,nem,NSW1
2017-10-25 23:10:00,0.0,pumps,MW,nem,NSW1
2017-10-25 23:15:00,0.0,pumps,MW,nem,NSW1
2017-10-25 23:20:00,0.0,pumps,MW,nem,NSW1
2017-10-25 23:25:00,0.0,pumps,MW,nem,NSW1
2017-10-25 23:30:00,0.0,pumps,MW,nem,NSW1
2017-10-25 23:35:00,0.0,pumps,MW,nem,NSW1
2017-10-25 23:40:00,0.0,pumps,MW,nem,NSW1
2017-10-25 23:45:00,9.819,pumps,MW,nem,NSW1
2017-10-25 23:50:00,121.4,pumps,MW,nem,NSW1
2017-10-25 23:55:00,120.2,pumps,MW,nem,NSW1
2017-10-26 00:00:00,121.4,pumps,MW,nem,NSW1
2017-10-26 00:05:00,119.7,pumps,MW,nem,NSW1
2017-10-26 00:10:00,121.0,pumps,MW,nem,NSW1
2017-10-26 00:15:00,121.1,pumps,MW,nem,NSW1
2017-10-26 00:20:00,122.1,pumps,MW,nem,NSW1
2017-10-26 00:25:00,120.5,pumps,MW,nem,NSW1
2017-10-26 00:30:00,120.7,pumps,MW,nem,NSW1
2017-10-26 00:35:00,121.3,pumps,MW,nem,NSW1
2017-10-26 00:40:00,120.4,pumps,MW,nem,NSW1
2017-10-26 00:45:00,122.0,pumps,MW,nem,NSW1
2017-10-26 00:50:00,121.4,pumps,MW,nem,NSW1
2017-10-26 00:55:00,119.8,pumps,MW,nem,NSW1
2017-10-26 01:00:00,120.0,pumps,MW,nem,NSW1
2017-10-26 01:05:00,120.2,pumps,MW,nem,NSW1
2017-10-26 01:10:00,121.6,pumps,MW,nem,NSW1
2017-10-26 01:15:00,120.8,pumps,MW,nem,NSW1
2017-10-26 01:20:00,121.5,pumps,MW,nem,NSW1
2017-10-26 01:25:00,121.5,pumps,MW,nem,NSW1
2017-10-26 01:30:00,121.1,pumps,MW,nem,NSW1
2017-10-26 01:35:00,120.4,pumps,MW,nem,NSW1
2017-10-26 01:40:00,120.7,pumps,MW,nem,NSW1
2017-10-26 01:45:00,121.7,pumps,MW,nem,NSW1
2017-10-26 01:50:00,120.4,pumps,MW,nem,NSW1
2017-10-26 01:55:00,121.4,pumps,MW,nem,NSW1
2017-10-26 02:00:00,120.3,pumps,MW,nem,NSW1
2017-10-26 02:05:00,121.6,pumps,MW,nem,NSW1
2017-10-26 02:10:00,121.1,pumps,MW,nem,NSW1
2017-10-26 02:15:00,120.5,pumps,MW,nem,NSW1
2017-10-26 02:20:00,121.8,pumps,MW,nem,NSW1
2017-10-26 02:25:00,121.4,pumps,MW,nem,NSW1
2017-10-26 02:30:00,120.7,pumps,MW,nem,NSW1
2017-10-26 02:35:00,121.2,pumps,MW,nem,NSW1
2017-10-26 02:40:00,121.5,pumps,MW,nem,NSW1
2017-10-26 02:45:00,121.3,pumps,MW,nem,NSW1
2017-10-26 02:50:00,121.0,pumps,MW,nem,NSW1
2017-10-26 02:55:00,121.5,pumps,MW,nem,NSW1
2017-10-26 03:00:00,122.0,pumps,MW,nem,NSW1
2017-10-26 03:05:00,122.1,pumps,MW,nem,NSW1
2017-10-26 03:10:00,120.9,pumps,MW,nem,NSW1
2017-10-26 03:15:00,120.5,pumps,MW,nem,NSW1
2017-10-26 03:20:00,123.1,pumps,MW,nem,NSW1
2017-10-26 03:25:00,120.2,pumps,MW,nem,NSW1
2017-10-26 03:30:00,120.4,pumps,MW,nem,NSW1
2017-10-26 03:35:00,121.1,pumps,MW,nem,NSW1
2017-10-26 03:40:00,121.7,pumps,MW,nem,NSW1
2017-10-26 03:45:00,121.4,pumps,MW,nem,NSW1
2017-10-26 03:50:00,121.3,pumps,MW,nem,NSW1
2017-10-26 03:55:00,120.4,pumps,MW,nem,NSW1
2017-10-26 04:00:00,121.3,pumps,MW,nem,NSW1
2017-10-26 04:05:00,120.3,pumps,MW,nem,NSW1
2017-10-26 04:10:00,120.4,pumps,MW,nem,NSW1
2017-10-26 04:15:00,120.8,pumps,MW,nem,NSW1
2017-10-26 04:20:00,120.1,pumps,MW,nem,NSW1
2017-10-26 04:25:00,121.5,pumps,MW,nem,NSW1
2017-10-26 04:30:00,120.9,pumps,MW,nem,NSW1
2017-10-26 04:35:00,120.5,pumps,MW,nem,NSW1
2017-10-26 04:40:00,119.9,pumps,MW,nem,NSW1
2017-10-26 04:45:00,121.5,pumps,MW,nem,NSW1
2017-10-26 04:50:00,119.8,pumps,MW,nem,NSW1
2017-10-26 04:55:00,120.7,pumps,MW,nem,NSW1
2017-10-26 05:00:00,120.9,pumps,MW,nem,NSW1
2017-10-26 05:05:00,120.7,pumps,MW,nem,NSW1
2017-10-26 05:10:00,120.2,pumps,MW,nem,NSW1
2017-10-26 05:15:00,120.6,pumps,MW,nem,NSW1
2017-10-26 05:20:00,121.4,pumps,MW,nem,NSW1
2017-10-26 05:25:00,121.5,pumps,MW,nem,NSW1
2017-10-26 05:30:00,121.9,pumps,MW,nem,NSW1
2017-10-26 05:35:00,119.8,pumps,MW,nem,NSW1
2017-10-26 05:40:00,0.0,pumps,MW,nem,NSW1
2017-10-26 05:45:00,0.0,pumps,MW,nem,NSW1
2017-10-26 05:50:00,0.0,pumps,MW,nem,NSW1
2017-10-26 05:55:00,0.0,pumps,MW,nem,NSW1
2017-10-26 06:00:00,0.0,pumps,MW,nem,NSW1
2017-10-26 06:05:00,0.0,pumps,MW,nem,NSW1
2017-10-26 06:10:00,0.0,pumps,MW,nem,NSW1
2017-10-26 06:15:00,0.0,pumps,MW,nem,NSW1
2017-10-26 06:20:00,0.0,pumps,MW,nem,NSW1
2017-10-26 06:25:00,0.0,pumps,MW,nem,NSW1
2017-10-26 06:30:00,0.0,pumps,MW,nem,NSW1
2017-10-26 06:35:00,0.0,pumps,MW,nem,NSW1
2017-10-26 06:40:00,0.0,pumps,MW,nem,NSW1
2017-10-26 06:45:00,0.0,pumps,MW,nem,NSW1
2017-10-26 06:50:00,0.0,pumps,MW,nem,NSW1
2017-10-26 06:55:00,0.0,pumps,MW,nem,NSW1
2017-10-26 07:00:00,0.0,pumps,MW,nem,NSW1
2017-10-26 07:05:00,0.0,pumps,MW,nem,NSW1
2017-10-26 07:10:00,0.0,pumps,MW,nem,NSW1
2017-10-26 07:15:00,0.0,pumps,MW,nem,NSW1
2017-10-26 07:20:00,0.0,pumps,MW,nem,NSW1
2017-10-26 07:25:00,0.0,pumps,MW,nem,NSW1
2017-10-26 07:30:00,0.0,pumps,MW,nem,NSW1
2017-10-26 07:35:00,0.0,pumps,MW,nem,NSW1
2017-10-26 07:40:00,0.0,pumps,MW,nem,NSW1
2017-10-26 07:45:00,0.0,pumps,MW,nem,NSW1
2017-10-26 07:50:00,0.0,pumps,MW,nem,NSW1
2017-10-26 07:55:00,0.0,pumps,MW,nem,NSW1
2017-10-26 08:00:00,0.0,pumps,MW,nem,NSW1
2017-10-26 08:05:00,0.0,pumps,MW,nem,NSW1
2017-10-26 08:10:00,0.0,pumps,MW,nem,NSW1
2017-10-26 08:15:00,0.0,pumps,MW,nem,NSW1
2017-10-26 08:20:00,0.0,pumps,MW,nem,NSW1
2017-10-26 08:25:00,0.0,pumps,MW,nem,NSW1
2017-10-26 08:30:00,0.0,pumps,MW,nem,NSW1
2017-10-26 08:35:00,0.0,pumps,MW,nem,NSW1
2017-10-26 08:40:00,0.0,pumps,MW,nem,NSW1
2017-10-26 08:45:00,0.0,pumps,MW,nem,NSW1
2017-10-26 08:50:00,0.0,pumps,MW,nem,NSW1
2017-10-26 08:55:00,0.0,pumps,MW,nem,NSW1
2017-10-26 09:00:00,0.0,pumps,MW,nem,NSW1
2017-10-26 09:05:00,0.0,pumps,MW,nem,NSW1
2017-10-26 09:10:00,0.0,pumps,MW,nem,NSW1
2017-10-26 09:15:00,0.0,pumps,MW,nem,NSW1
2017-10-26 09:20:00,0.0,pumps,MW,nem,NSW1
2017-10-26 09:25:00,0.0,pumps,MW,nem,NSW1
2017-10-26 09:30:00,0.0,pumps,MW,nem,NSW1
2017-10-26 09:35:00,0.0,pumps,MW,nem,NSW1
2017-10-26 09:40:00,0.0,pumps,MW,nem,NSW1
2017-10-26 09:45:00,0.0,pumps,MW,nem,NSW1
2017-10-26 09:50:00,0.0,pumps,MW,nem,NSW1
2017-10-26 09:55:00,0.0,pumps,MW,nem,NSW1
2017-10-26 10:00:00,0.0,pumps,MW,nem,NSW1
2017-10-26 10:05:00,0.0,pumps,MW,nem,NSW1
2017-10-26 10:10:00,0.0,pumps,MW,nem,NSW1
2017-10-26 10:15:00,0.0,pumps,MW,nem,NSW1
2017-10-26 10:20:00,0.0,pumps,MW,nem,NSW1
2017-10-26 10:25:00,0.0,pumps,MW,nem,NSW1
2017-10-26 10:30:00,0.0,pumps,MW,nem,NSW1
2017-10-26 10:35:00,0.0,pumps,MW,nem,NSW1
2017-10-26 10:40:00,0.0,pumps,MW,nem,NSW1
2017-10-26 10:45:00,0.0,pumps,MW,nem,NSW1
2017-10-26 10:50:00,0.0,pumps,MW,nem,NSW1
2017-10-26 10:55:00,0.0,pumps,MW,nem,NSW1
2017-10-26 11:00:00,0.0,pumps,MW,nem,NSW1
2017-10-26 11:05:00,0.0,pumps,MW,nem,NSW1
2017-10-26 11:10:00,0.0,pumps,MW,nem,NSW1
2017-10-26 11:15:00,0.0,pumps,MW,nem,NSW1
2017-10-26 11:20:00,0.0,pumps,MW,nem,NSW1
2017-10-26 11:25:00,0.0,pumps,MW,nem,NSW1
2017-10-26 11:30:00,0.0,pumps,MW,nem,NSW1
2017-10-26 11:35:00,0.0,pumps,MW,nem,NSW1
2017-10-26 11:40:00,0.0,pumps,MW,nem,NSW1
2017-10-26 11:45:00,0.0,pumps,MW,nem,NSW1
2017-10-26 11:50:00,0.0,pumps,MW,nem,NSW1
2017-10-26 11:55:00,0.0,pumps,MW,nem,NSW1
2017-10-26 12:00:00,0.0,pumps,MW,nem,NSW1
2017-10-26 12:05:00,0.0,pumps,MW,nem,NSW1
2017-10-26 12:10:00,0.0,pumps,MW,nem,NSW1
2017-10-26 12:15:00,0.0,pumps,MW,nem,NSW1
2017-10-26 12:20:00,0.0,pumps,MW,nem,NSW1
2017-10-26 12:25:00,0.0,pumps,MW,nem,NSW1
2017-10-26 12:30:00,0.0,pumps,MW,nem,NSW1
2017-10-26 12:35:00,0.0,pumps,MW,nem,NSW1
2017-10-26 12:40:00,0.0,pumps,MW,nem,NSW1
2017-10-26 12:45:00,0.0,pumps,MW,nem,NSW1
2017-10-26 12:50:00,0.0,pumps,MW,nem,NSW1
2017-10-26 12:55:00,0.0,pumps,MW,nem,NSW1
2017-10-26 13:00:00,0.0,pumps,MW,nem,NSW1
2017-10-26 13:05:00,0.0,pumps,MW,nem,NSW1
2017-10-26 13:10:00,0.0,pumps,MW,nem,NSW1
2017-10-26 13:15:00,0.0,pumps,MW,nem,NSW1
2017-10-26 13:20:00,0.0,pumps,MW,nem,NSW1
2017-10-26 13:25:00,0.0,pumps,MW,nem,NSW1
2017-10-26 13:30:00,0.0,pumps,MW,nem,NSW1
2017-10-26 13:35:00,0.0,pumps,MW,nem,NSW1
2017-10-26 13:40:00,0.0,pumps,MW,nem,NSW1
2017-10-26 13:45:00,0.0,pumps,MW,nem,NSW1
2017-10-26 13:50:00,0.0,pumps,MW,nem,NSW1
2017-10-26 13:55:00,0.0,pumps,MW,nem,NSW1
2017-10-26 14:00:00,0.0,pumps,MW,nem,NSW1
2017-10-26 14:05:00,0.0,pumps,MW,nem,NSW1
2017-10-26 14:10:00,0.0,pumps,MW,nem,NSW1
2017-10-26 14:15:00,0.0,pumps,MW,nem,NSW1
2017-10-26 14:20:00,0.0,pumps,MW,nem,NSW1
2017-10-26 14:25:00,0.0,pumps,MW,nem,NSW1
2017-10-26 14:30:00,0.0,pumps,MW,nem,NSW1
2017-10-26 14:35:00,0.0,pumps,MW,nem,NSW1
2017-10-26 14:40:00,0.0,pumps,MW,nem,NSW1
2017-10-26 14:45:00,0.0,pumps,MW,nem,NSW1
2017-10-26 14:50:00,0.0,pumps,MW,nem,NSW1
2017-10-26 14:55:00,0.0,pumps,MW,nem,NSW1
2017-10-26 15:00:00,0.0,pumps,MW,nem,NSW1
2017-10-26 15:05:00,0.0,pumps,MW,nem,NSW1
2017-10-26 15:10:00,0.0,pumps,MW,nem,NSW1
2017-10-26 15:15:00,0.0,pumps,MW,nem,NSW1
2017-10-26 15:20:00,0.0,pumps,MW,nem,NSW1
2017-10-26 15:25:00,0.0,pumps,MW,nem,NSW1
2017-10-26 15:30:00,0.0,pumps,MW,nem,NSW1
2017-10-26 15:35:00,0.0,pumps,MW,nem,NSW1
2017-10-26 15:40:00,0.0,pumps,MW,nem,NSW1
2017-10-26 15:45:00,0.0,pumps,MW,nem,NSW1
2017-10-26 15:50:00,0.0,pumps,MW,nem,NSW1
2017-10-26 15:55:00,0.0,pumps,MW,nem,NSW1
2017-10-26 16:00:00,0.0,pumps,MW,nem,NSW1
2017-10-26 16:05:00,0.0,pumps,MW,nem,NSW1
2017-10-26 16:10:00,0.0,pumps,MW,nem,NSW1
2017-10-26 16:15:00,0.0,pumps,MW,nem,NSW1
2017-10-26 16:20:00,0.0,pumps,MW,nem,NSW1
2017-10-26 16:25:00,0.0,pumps,MW,nem,NSW1
2017-10-26 16:30:00,0.0,pumps,MW,nem,NSW1
2017-10-26 16:35:00,0.0,pumps,MW,nem,NSW1
2017-10-26 16:40:00,0.0,pumps,MW,nem,NSW1
2017-10-26 16:45:00,0.0,pumps,MW,nem,NSW1
2017-10-26 16:50:00,0.0,pumps,MW,nem,NSW1
2017-10-26 16:55:00,0.0,pumps,MW,nem,NSW1
2017-10-26 17:00:00,0.0,pumps,MW,nem,NSW1
2017-10-26 17:05:00,0.0,pumps,MW,nem,NSW1
2017-10-26 17:10:00,0.0,pumps,MW,nem,NSW1
2017-10-26 17:15:00,0.0,pumps,MW,nem,NSW1
2017-10-26 17:20:00,0.0,pumps,MW,nem,NSW1
2017-10-26 17:25:00,0.0,pumps,MW,nem,NSW1
2017-10-26 17:30:00,0.0,pumps,MW,nem,NSW1
2017-10-26 17:35:00,0.0,pumps,MW,nem,NSW1
2017-10-26 17:40:00,0.0,pumps,MW,nem,NSW1
2017-10-26 17:45:00,0.0,pumps,MW,nem,NSW1
2017-10-26 17:50:00,0.0,pumps,MW,nem,NSW1
2017-10-26 17:55:00,0.0,pumps,MW,nem,NSW1
2017-10-26 18:00:00,0.0,pumps,MW,nem,NSW1
2017-10-26 18:05:00,0.0,pumps,MW,nem,NSW1
2017-10-26 18:10:00,0.0,pumps,MW,nem,NSW1
2017-10-26 18:15:00,0.0,pumps,MW,nem,NSW1
2017-10-26 18:20:00,0.0,pumps,MW,nem,NSW1
2017-10-26 18:25:00,0.0,pumps,MW,nem,NSW1
2017-10-26 18:30:00,0.0,pumps,MW,nem,NSW1
2017-10-26 18:35:00,0.0,pumps,MW,nem,NSW1
2017-10-26 18:40:00,0.0,pumps,MW,nem,NSW1
2017-10-26 18:45:00,0.0,pumps,MW,nem,NSW1
2017-10-26 18:50:00,0.0,pumps,MW,nem,NSW1
2017-10-26 18:55:00,0.0,pumps,MW,nem,NSW1
2017-10-26 19:00:00,0.0,pumps,MW,nem,NSW1
2017-10-26 19:05:00,0.0,pumps,MW,nem,NSW1
2017-10-26 19:10:00,0.0,pumps,MW,nem,NSW1
2017-10-26 19:15:00,0.0,pumps,MW,nem,NSW1
2017-10-26 19:20:00,0.0,pumps,MW,nem,NSW1
2017-10-26 19:25:00,0.0,pumps,MW,nem,NSW1
2017-10-26 19:30:00,0.0,pumps,MW,nem,NSW1
2017-10-26 19:35:00,0.0,pumps,MW,nem,NSW1
2017-10-26 19:40:00,0.0,pumps,MW,nem,NSW1
2017-10-26 19:45:00,0.0,pumps,MW,nem,NSW1
2017-10-26 19:50:00,0.0,pumps,MW,nem,NSW1
2017-10-26 19:55:00,0.0,pumps,MW,nem,NSW1
2017-10-26 20:00:00,0.0,pumps,MW,nem,NSW1
2017-10-26 20:05:00,0.0,pumps,MW,nem,NSW1
2017-10-26 20:10:00,0.0,pumps,MW,nem,NSW1
2017-10-26 20:15:00,0.0,pumps,MW,nem,NSW1
2017-10-26 20:20:00,0.0,pumps,MW,nem,NSW1
2017-10-26 20:25:00,0.0,pumps,MW,nem,NSW1
2017-10-26 20:30:00,0.0,pumps,MW,nem,NSW1
2017-10-26 20:35:00,0.0,pumps,MW,nem,NSW1
2017-10-26 20:40:00,0.0,pumps,MW,nem,NSW1
2017-10-26 20:45:00,0.0,pumps,MW,nem,NSW1
2017-10-26 20:50:00,0.0,pumps,MW,nem,NSW1
2017-10-26 20:55:00,0.0,pumps,MW,nem,NSW1
2017-10-26 21:00:00,0.0,pumps,MW,nem,NSW1
2017-10-26 21:05:00,0.0,pumps,MW,nem,NSW1
2017-10-26 21:10:00,0.0,pumps,MW,nem,NSW1
2017-10-26 21:15:00,0.0,pumps,MW,nem,NSW1
2017-10-26 21:20:00,0.0,pumps,MW,nem,NSW1
2017-10-26 21:25:00,0.0,pumps,MW,nem,NSW1
2017-10-26 21:30:00,0.0,pumps,MW,nem,NSW1
2017-10-26 21:35:00,0.0,pumps,MW,nem,NSW1
2017-10-26 21:40:00,0.0,pumps,MW,nem,NSW1
2017-10-26 21:45:00,0.0,pumps,MW,nem,NSW1
2017-10-26 21:50:00,0.0,pumps,MW,nem,NSW1
2017-10-26 21:55:00,0.0,pumps,MW,nem,NSW1
2017-10-26 22:00:00,0.0,pumps,MW,nem,NSW1
2017-10-26 22:05:00,0.0,pumps,MW,nem,NSW1
2017-10-26 22:10:00,0.0,pumps,MW,nem,NSW1
2017-10-26 22:15:00,0.0,pumps,MW,nem,NSW1
2017-10-26 22:20:00,0.0,pumps,MW,nem,NSW1
2017-10-26 22:25:00,0.0,pumps,MW,nem,NSW1
2017-10-26 22:30:00,0.0,pumps,MW,nem,NSW1
2017-10-26 22:35:00,0.0,pumps,MW,nem,NSW1
2017-10-26 22:40:00,0.0,pumps,MW,nem,NSW1
2017-10-26 22:45:00,0.0,pumps,MW,nem,NSW1
2017-10-26 22:50:00,0.0,pumps,MW,nem,NSW1
2017-10-26 22:55:00,0.0,pumps,MW,nem,NSW1
2017-10-26 23:00:00,0.0,pumps,MW,nem,NSW1
2017-10-26 23:05:00,0.0,pumps,MW,nem,NSW1
2017-10-26 23:10:00,0.0,pumps,MW,nem,NSW1
2017-10-26 23:15:00,0.0,pumps,MW,nem,NSW1
2017-10-26 23:20:00,0.0,pumps,MW,nem,NSW1
2017-10-26 23:25:00,0.0,pumps,MW,nem,NSW1
2017-10-26 23:30:00,0.0,pumps,MW,nem,NSW1
2017-10-26 23:35:00,0.0,pumps,MW,nem,NSW1
2017-10-26 23:40:00,0.0,pumps,MW,nem,NSW1
2017-10-26 23:45:00,0.0,pumps,MW,nem,NSW1
2017-10-26 23:50:00,0.0,pumps,MW,nem,NSW1
2017-10-26 23:55:00,0.0,pumps,MW,nem,NSW1
2017-10-27 00:00:00,0.0,pumps,MW,nem,NSW1
2017-10-27 00:05:00,0.0,pumps,MW,nem,NSW1
2017-10-27 00:10:00,0.0,pumps,MW,nem,NSW1
2017-10-27 00:15:00,0.0,pumps,MW,nem,NSW1
2017-10-27 00:20:00,0.0,pumps,MW,nem,NSW1
2017-10-27 00:25:00,0.0,pumps,MW,nem,NSW1
2017-10-27 00:30:00,0.0,pumps,MW,nem,NSW1
2017-10-27 00:35:00,0.0,pumps,MW,nem,NSW1
2017-10-27 00:40:00,0.0,pumps,MW,nem,NSW1
2017-10-27 00:45:00,0.0,pumps,MW,nem,NSW1
2017-10-27 00:50:00,0.0,pumps,MW,nem,NSW1
2017-10-27 00:55:00,0.0,pumps,MW,nem,NSW1
2017-10-27 01:00:00,0.0,pumps,MW,nem,NSW1
2017-10-27 01:05:00,0.0,pumps,MW,nem,NSW1
2017-10-27 01:10:00,0.0,pumps,MW,nem,NSW1
2017-10-27 01:15:00,0.0,pumps,MW,nem,NSW1
2017-10-27 01:20:00,0.0,pumps,MW,nem,NSW1
2017-10-27 01:25:00,0.0,pumps,MW,nem,NSW1
2017-10-27 01:30:00,0.0,pumps,MW,nem,NSW1
2017-10-27 01:35:00,0.0,pumps,MW,nem,NSW1
2017-10-27 01:40:00,0.0,pumps,MW,nem,NSW1
2017-10-27 01:45:00,0.0,pumps,MW,nem,NSW1
2017-10-27 01:50:00,0.0,pumps,MW,nem,NSW1
2017-10-27 01:55:00,0.0,pumps,MW,nem,NSW1
2017-10-27 02:00:00,0.0,pumps,MW,nem,NSW1
2017-10-27 02:05:00,0.0,pumps,MW,nem,NSW1
2017-10-27 02:10:00,0.0,pumps,MW,nem,NSW1
2017-10-27 02:15:00,0.0,pumps,MW,nem,NSW1
2017-10-27 02:20:00,0.0,pumps,MW,nem,NSW1
2017-10-27 02:25:00,0.0,pumps,MW,nem,NSW1
2017-10-27 02:30:00,0.0,pumps,MW,nem,NSW1
2017-10-27 02:35:00,0.0,pumps,MW,nem,NSW1
2017-10-27 02:40:00,220.9,pumps,MW,nem,NSW1
2017-10-27 02:45:00,194.0,pumps,MW,nem,NSW1
2017-10-27 02:50:00,191.7,pumps,MW,nem,NSW1
2017-10-27 02:55:00,194.3,pumps,MW,nem,NSW1
2017-10-27 03:00:00,191.4,pumps,MW,nem,NSW1
2017-10-27 03:05:00,192.3,pumps,MW,nem,NSW1
2017-10-27 03:10:00,191.0,pumps,MW,nem,NSW1
2017-10-27 03:15:00,193.5,pumps,MW,nem,NSW1
2017-10-27 03:20:00,194.5,pumps,MW,nem,NSW1
2017-10-27 03:25:00,191.5,pumps,MW,nem,NSW1
2017-10-27 03:30:00,194.7,pumps,MW,nem,NSW1
2017-10-27 03:35:00,193.8,pumps,MW,nem,NSW1
2017-10-27 03:40:00,193.2,pumps,MW,nem,NSW1
2017-10-27 03:45:00,193.3,pumps,MW,nem,NSW1
2017-10-27 03:50:00,191.7,pumps,MW,nem,NSW1
2017-10-27 03:55:00,193.4,pumps,MW,nem,NSW1
2017-10-27 04:00:00,193.1,pumps,MW,nem,NSW1
2017-10-27 04:05:00,192.3,pumps,MW,nem,NSW1
2017-10-27 04:10:00,192.0,pumps,MW,nem,NSW1
2017-10-27 04:15:00,194.0,pumps,MW,nem,NSW1
2017-10-27 04:20:00,191.3,pumps,MW,nem,NSW1
2017-10-27 04:25:00,194.1,pumps,MW,nem,NSW1
2017-10-27 04:30:00,192.6,pumps,MW,nem,NSW1
2017-10-27 04:35:00,193.0,pumps,MW,nem,NSW1
2017-10-27 04:40:00,0.0,pumps,MW,nem,NSW1
2017-10-27 04:45:00,0.0,pumps,MW,nem,NSW1
2017-10-27 04:50:00,0.0,pumps,MW,nem,NSW1
2017-10-27 04:55:00,0.0,pumps,MW,nem,NSW1
2017-10-27 05:00:00,0.0,pumps,MW,nem,NSW1
2017-10-27 05:05:00,0.0,pumps,MW,nem,NSW1
2017-10-27 05:10:00,0.0,pumps,MW,nem,NSW1
2017-10-27 05:15:00,0.0,pumps,MW,nem,NSW1
2017-10-27 05:20:00,0.0,pumps,MW,nem,NSW1
2017-10-27 05:25:00,0.0,pumps,MW,nem,NSW1
2017-10-27 05:30:00,0.0,pumps,MW,nem,NSW1
2017-10-27 05:35:00,0.0,pumps,MW,nem,NSW1
2017-10-27 05:40:00,0.0,pumps,MW,nem,NSW1
2017-10-27 05:45:00,0.0,pumps,MW,nem,NSW1
2017-10-27 05:50:00,0.0,pumps,MW,nem,NSW1
2017-10-27 05:55:00,0.0,pumps,MW,nem,NSW1
2017-10-27 06:00:00,0.0,pumps,MW,nem,NSW1
2017-10-27 06:05:00,0.0,pumps,MW,nem,NSW1
2017-10-27 06:10:00,0.0,pumps,MW,nem,NSW1
2017-10-27 06:15:00,0.0,pumps,MW,nem,NSW1
2017-10-27 06:20:00,0.0,pumps,MW,nem,NSW1
2017-10-27 06:25:00,0.0,pumps,MW,nem,NSW1
2017-10-27 06:30:00,0.0,pumps,MW,nem,NSW1
2017-10-27 06:35:00,0.0,pumps,MW,nem,NSW1
2017-10-27 06:40:00,0.0,pumps,MW,nem,NSW1
2017-10-27 06:45:00,0.0,pumps,MW,nem,NSW1
2017-10-27 06:50:00,0.0,pumps,MW,nem,NSW1
2017-10-27 06:55:00,0.0,pumps,MW,nem,NSW1
2017-10-27 07:00:00,0.0,pumps,MW,nem,NSW1
2017-10-27 07:05:00,0.0,pumps,MW,nem,NSW1
2017-10-27 07:10:00,0.0,pumps,MW,nem,NSW1
2017-10-27 07:15:00,0.0,pumps,MW,nem,NSW1
2017-10-27 07:20:00,0.0,pumps,MW,nem,NSW1
2017-10-27 07:25:00,0.0,pumps,MW,nem,NSW1
2017-10-27 07:30:00,0.0,pumps,MW,nem,NSW1
2017-10-27 07:35:00,0.0,pumps,MW,nem,NSW1
2017-10-27 07:40:00,0.0,pumps,MW,nem,NSW1
2017-10-27 07:45:00,0.0,pumps,MW,nem,NSW1
2017-10-27 07:50:00,0.0,pumps,MW,nem,NSW1
2017-10-27 07:55:00,0.0,pumps,MW,nem,NSW1
2017-10-27 08:00:00,0.0,pumps,MW,nem,NSW1
2017-10-27 08:05:00,0.0,pumps,MW,nem,NSW1
2017-10-27 08:10:00,0.0,pumps,MW,nem,NSW1
2017-10-27 08:15:00,0.0,pumps,MW,nem,NSW1
2017-10-27 08:20:00,0.0,pumps,MW,nem,NSW1
2017-10-27 08:25:00,0.0,pumps,MW,nem,NSW1
2017-10-27 08:30:00,0.0,pumps,MW,nem,NSW1
2017-10-27 08:35:00,0.0,pumps,MW,nem,NSW1
2017-10-27 08:40:00,0.0,pumps,MW,nem,NSW1
2017-10-27 08:45:00,0.0,pumps,MW,nem,NSW1
2017-10-27 08:50:00,0.0,pumps,MW,nem,NSW1
2017-10-27 08:55:00,0.0,pumps,MW,nem,NSW1
2017-10-27 09:00:00,0.0,pumps,MW,nem,NSW1
2017-10-27 09:05:00,0.0,pumps,MW,nem,NSW1
2017-10-27 09:10:00,0.0,pumps,MW,nem,NSW1
2017-10-27 09:15:00,0.0,pumps,MW,nem,NSW1
2017-10-27 09:20:00,0.0,pumps,MW,nem,NSW1
2017-10-27 09:25:00,0.0,pumps,MW,nem,NSW1
2017-10-27 09:30:00,0.0,pumps,MW,nem,NSW1
2017-10-27 09:35:00,0.0,pumps,MW,nem,NSW1
2017-10-27 09:40:00,0.0,pumps,MW,nem,NSW1
2017-10-27 09:45:00,0.0,pumps,MW,nem,NSW1
2017-10-27 09:50:00,0.0,pumps,MW,nem,NSW1
2017-10-27 09:55:00,0.0,pumps,MW,nem,NSW1
2017-10-27 10:00:00,0.0,pumps,MW,nem,NSW1
2017-10-27 10:05:00,0.0,pumps,MW,nem,NSW1
2017-10-27 10:10:00,0.0,pumps,MW,nem,NSW1
2017-10-27 10:15:00,0.0,pumps,MW,nem,NSW1
2017-10-27 10:20:00,0.0,pumps,MW,nem,NSW1
2017-10-27 10:25:00,0.0,pumps,MW,nem,NSW1
2017-10-27 10:30:00,0.0,pumps,MW,nem,NSW1
2017-10-27 10:35:00,0.0,pumps,MW,nem,NSW1
2017-10-27 10:40:00,0.0,pumps,MW,nem,NSW1
2017-10-27 10:45:00,0.0,pumps,MW,nem,NSW1
2017-10-27 10:50:00,0.0,pumps,MW,nem,NSW1
2017-10-27 10:55:00,0.0,pumps,MW,nem,NSW1
2017-10-27 11:00:00,0.0,pumps,MW,nem,NSW1
2017-10-27 11:05:00,0.0,pumps,MW,nem,NSW1
2017-10-27 11:10:00,0.0,pumps,MW,nem,NSW1
2017-10-27 11:15:00,0.0,pumps,MW,nem,NSW1
2017-10-27 11:20:00,0.0,pumps,MW,nem,NSW1
2017-10-27 11:25:00,0.0,pumps,MW,nem,NSW1
2017-10-27 11:30:00,0.0,pumps,MW,nem,NSW1
2017-10-27 11:35:00,0.0,pumps,MW,nem,NSW1
2017-10-27 11:40:00,0.0,pumps,MW,nem,NSW1
2017-10-27 11:45:00,0.0,pumps,MW,nem,NSW1
2017-10-27 11:50:00,0.0,pumps,MW,nem,NSW1
2017-10-27 11:55:00,0.0,pumps,MW,nem,NSW1
2017-10-27 12:00:00,0.0,pumps,MW,nem,NSW1
2017-10-27 12:05:00,0.0,pumps,MW,nem,NSW1
2017-10-27 12:10:00,0.0,pumps,MW,nem,NSW1
2017-10-27 12:15:00,0.0,pumps,MW,nem,NSW1
2017-10-27 12:20:00,0.0,pumps,MW,nem,NSW1
2017-10-27 12:25:00,0.0,pumps,MW,nem,NSW1
2017-10-27 12:30:00,0.0,pumps,MW,nem,NSW1
2017-10-27 12:35:00,0.0,pumps,MW,nem,NSW1
2017-10-27 12:40:00,0.0,pumps,MW,nem,NSW1
2017-10-27 12:45:00,0.0,pumps,MW,nem,NSW1
2017-10-27 12:50:00,0.0,pumps,MW,nem,NSW1
2017-10-27 12:55:00,0.0,pumps,MW,nem,NSW1
2017-10-27 13:00:00,0.0,pumps,MW,nem,NSW1
2017-10-27 13:05:00,0.0,pumps,MW,nem,NSW1
2017-10-27 13:10:00,0.0,pumps,MW,nem,NSW1
2017-10-27 13:15:00,0.0,pumps,MW,nem,NSW1
2017-10-27 13:20:00,0.0,pumps,MW,nem,NSW1
2017-10-27 13:25:00,0.0,pumps,MW,nem,NSW1
2017-10-27 13:30:00,0.0,pumps,MW,nem,NSW1
2017-10-27 13:35:00,0.0,pumps,MW,nem,NSW1
2017-10-27 13:40:00,0.0,pumps,MW,nem,NSW1
2017-10-27 13:45:00,0.0,pumps,MW,nem,NSW1
2017-10-27 13:50:00,0.0,pumps,MW,nem,NSW1
2017-10-27 13:55:00,0.0,pumps,MW,nem,NSW1
2017-10-27 14:00:00,0.0,pumps,MW,nem,NSW1
2017-10-27 14:05:00,0.0,pumps,MW,nem,NSW1
2017-10-27 14:10:00,0.0,pumps,MW,nem,NSW1
2017-10-27 14:15:00,0.0,pumps,MW,nem,NSW1
2017-10-27 14:20:00,0.0,pumps,MW,nem,NSW1
2017-10-27 14:25:00,0.0,pumps,MW,nem,NSW1
2017-10-27 14:30:00,0.0,pumps,MW,nem,NSW1
2017-10-27 14:35:00,0.0,pumps,MW,nem,NSW1
2017-10-27 14:40:00,0.0,pumps,MW,nem,NSW1
2017-10-27 14:45:00,0.0,pumps,MW,nem,NSW1
2017-10-27 14:50:00,0.0,pumps,MW,nem,NSW1
2017-10-27 14:55:00,0.0,pumps,MW,nem,NSW1
2017-10-27 15:00:00,0.0,pumps,MW,nem,NSW1
2017-10-27 15:05:00,0.0,pumps,MW,nem,NSW1
2017-10-27 15:10:00,0.0,pumps,MW,nem,NSW1
2017-10-27 15:15:00,0.0,pumps,MW,nem,NSW1
2017-10-27 15:20:00,0.0,pumps,MW,nem,NSW1
2017-10-27 15:25:00,0.0,pumps,MW,nem,NSW1
2017-10-27 15:30:00,0.0,pumps,MW,nem,NSW1
2017-10-27 15:35:00,0.0,pumps,MW,nem,NSW1
2017-10-27 15:40:00,0.0,pumps,MW,nem,NSW1
2017-10-27 15:45:00,0.0,pumps,MW,nem,NSW1
2017-10-27 15:50:00,0.0,pumps,MW,nem,NSW1
2017-10-27 15:55:00,0.0,pumps,MW,nem,NSW1
2017-10-27 16:00:00,0.0,pumps,MW,nem,NSW1
2017-10-27 16:05:00,0.0,pumps,MW,nem,NSW1
2017-10-27 16:10:00,0.0,pumps,MW,nem,NSW1
2017-10-27 16:15:00,0.0,pumps,MW,nem,NSW1
2017-10-27 16:20:00,0.0,pumps,MW,nem,NSW1
2017-10-27 16:25:00,0.0,pumps,MW,nem,NSW1
2017-10-27 16:30:00,0.0,pumps,MW,nem,NSW1
2017-10-27 16:35:00,0.0,pumps,MW,nem,NSW1
2017-10-27 16:40:00,0.0,pumps,MW,nem,NSW1
2017-10-27 16:45:00,0.0,pumps,MW,nem,NSW1
2017-10-27 16:50:00,0.0,pumps,MW,nem,NSW1
2017-10-27 16:55:00,0.0,pumps,MW,nem,NSW1
2017-10-27 17:00:00,0.0,pumps,MW,nem,NSW1
2017-10-27 17:05:00,0.0,pumps,MW,nem,NSW1
2017-10-27 17:10:00,0.0,pumps,MW,nem,NSW1
2017-10-27 17:15:00,0.0,pumps,MW,nem,NSW1
2017-10-27 17:20:00,0.0,pumps,MW,nem,NSW1
2017-10-27 17:25:00,0.0,pumps,MW,nem,NSW1
2017-10-27 17:30:00,0.0,pumps,MW,nem,NSW1
2017-10-27 17:35:00,0.0,pumps,MW,nem,NSW1
2017-10-27 17:40:00,0.0,pumps,MW,nem,NSW1
2017-10-27 17:45:00,0.0,pumps,MW,nem,NSW1
2017-10-27 17:50:00,0.0,pumps,MW,nem,NSW1
2017-10-27 17:55:00,0.0,pumps,MW,nem,NSW1
2017-10-27 18:00:00,0.0,pumps,MW,nem,NSW1
2017-10-27 18:05:00,0.0,pumps,MW,nem,NSW1
2017-10-27 18:10:00,0.0,pumps,MW,nem,NSW1
2017-10-27 18:15:00,0.0,pumps,MW,nem,NSW1
2017-10-27 18:20:00,0.0,pumps,MW,nem,NSW1
2017-10-27 18:25:00,0.0,pumps,MW,nem,NSW1
2017-10-27 18:30:00,0.0,pumps,MW,nem,NSW1
2017-10-27 18:35:00,0.0,pumps,MW,nem,NSW1
2017-10-27 18:40:00,0.0,pumps,MW,nem,NSW1
2017-10-27 18:45:00,0.0,pumps,MW,nem,NSW1
2017-10-27 18:50:00,0.0,pumps,MW,nem,NSW1
2017-10-27 18:55:00,0.0,pumps,MW,nem,NSW1
2017-10-27 19:00:00,0.0,pumps,MW,nem,NSW1
2017-10-27 19:05:00,0.0,pumps,MW,nem,NSW1
2017-10-27 19:10:00,0.0,pumps,MW,nem,NSW1
2017-10-27 19:15:00,0.0,pumps,MW,nem,NSW1
2017-10-27 19:20:00,0.0,pumps,MW,nem,NSW1
2017-10-27 19:25:00,0.0,pumps,MW,nem,NSW1
2017-10-27 19:30:00,0.0,pumps,MW,nem,NSW1
2017-10-27 19:35:00,0.0,pumps,MW,nem,NSW1
2017-10-27 19:40:00,0.0,pumps,MW,nem,NSW1
2017-10-27 19:45:00,0.0,pumps,MW,nem,NSW1
2017-10-27 19:50:00,0.0,pumps,MW,nem,NSW1
2017-10-27 19:55:00,0.0,pumps,MW,nem,NSW1
2017-10-27 20:00:00,0.0,pumps,MW,nem,NSW1
2017-10-27 20:05:00,0.0,pumps,MW,nem,NSW1
2017-10-27 20:10:00,0.0,pumps,MW,nem,NSW1
2017-10-27 20:15:00,0.0,pumps,MW,nem,NSW1
2017-10-27 20:20:00,0.0,pumps,MW,nem,NSW1
2017-10-27 20:25:00,0.0,pumps,MW,nem,NSW1
2017-10-27 20:30:00,0.0,pumps,MW,nem,NSW1
2017-10-27 20:35:00,0.0,pumps,MW,nem,NSW1
2017-10-27 20:40:00,0.0,pumps,MW,nem,NSW1
2017-10-27 20:45:00,0.0,pumps,MW,nem,NSW1
2017-10-27 20:50:00,0.0,pumps,MW,nem,NSW1
2017-10-27 20:55:00,0.0,pumps,MW,nem,NSW1
2017-10-27 21:00:00,0.0,pumps,MW,nem,NSW1
2017-10-27 21:05:00,0.0,pumps,MW,nem,NSW1
2017-10-27 21:10:00,0.0,pumps,MW,nem,NSW1
2017-10-27 21:15:00,0.0,pumps,MW,nem,NSW1
2017-10-27 21:20:00,0.0,pumps,MW,nem,NSW1
2017-10-27 21:25:00,0.0,pumps,MW,nem,NSW1
2017-10-27 21:30:00,0.0,pumps,MW,nem,NSW1
2017-10-27 21:35:00,0.0,pumps,MW,nem,NSW1
2017-10-27 21:40:00,0.0,pumps,MW,nem,NSW1
2017-10-27 21:45:00,0.0,pumps,MW,nem,NSW1
2017-10-27 21:50:00,0.0,pumps,MW,nem,NSW1
2017-10-27 21:55:00,0.0,pumps,MW,nem,NSW1
2017-10-27 22:00:00,0.0,pumps,MW,nem,NSW1
2017-10-27 22:05:00,0.0,pumps,MW,nem,NSW1
2017-10-27 22:10:00,0.0,pumps,MW,nem,NSW1
2017-10-27 22:15:00,0.0,pumps,MW,nem,NSW1
2017-10-27 22:20:00,0.0,pumps,MW,nem,NSW1
2017-10-27 22:25:00,0.0,pumps,MW,nem,NSW1
2017-10-27 22:30:00,0.0,pumps,MW,nem,NSW1
2017-10-27 22:35:00,0.0,pumps,MW,nem,NSW1
2017-10-27 22:40:00,0.0,pumps,MW,nem,NSW1
2017-10-27 22:45:00,0.0,pumps,MW,nem,NSW1
2017-10-27 22:50:00,0.0,pumps,MW,nem,NSW1
2017-10-27 22:55:00,0.0,pumps,MW,nem,NSW1
2017-10-27 23:00:00,0.0,pumps,MW,nem,NSW1
2017-10-27 23:05:00,0.0,pumps,MW,nem,NSW1
2017-10-27 23:10:00,0.0,pumps,MW,nem,NSW1
2017-10-27 23:15:00,0.0,pumps,MW,nem,NSW1
2017-10-27 23:20:00,0.0,pumps,MW,nem,NSW1
2017-10-27 23:25:00,0.0,pumps,MW,nem,NSW1
2017-10-27 23:30:00,0.0,pumps,MW,nem,NSW1
2017-10-27 23:35:00,0.0,pumps,MW,nem,NSW1
2017-10-27 23:40:00,0.0,pumps,MW,nem,NSW1
2017-10-27 23:45:00,0.0,pumps,MW,nem,NSW1
2017-10-27 23:50:00,0.0,pumps,MW,nem,NSW1
2017-10-27 23:55:00,0.0,pumps,MW,nem,NSW1
2017-10-28 00:00:00,0.0,pumps,MW,nem,NSW1
2017-10-28 00:05:00,0.0,pumps,MW,nem,NSW1
2017-10-28 00:10:00,0.0,pumps,MW,nem,NSW1
2017-10-28 00:15:00,0.0,pumps,MW,nem,NSW1
2017-10-28 00:20:00,0.0,pumps,MW,nem,NSW1
2017-10-28 00:25:00,0.0,pumps,MW,nem,NSW1
2017-10-28 00:30:00,0.0,pumps,MW,nem,NSW1
2017-10-28 00:35:00,0.0,pumps,MW,nem,NSW1
2017-10-28 00:40:00,0.0,pumps,MW,nem,NSW1
2017-10-28 00:45:00,0.0,pumps,MW,nem,NSW1
2017-10-28 00:50:00,0.0,pumps,MW,nem,NSW1
2017-10-28 00:55:00,0.0,pumps,MW,nem,NSW1
2017-10-28 01:00:00,0.0,pumps,MW,nem,NSW1
2017-10-28 01:05:00,0.0,pumps,MW,nem,NSW1
2017-10-28 01:10:00,0.0,pumps,MW,nem,NSW1
2017-10-28 01:15:00,0.0,pumps,MW,nem,NSW1
2017-10-28 01:20:00,0.0,pumps,MW,nem,NSW1
2017-10-28 01:25:00,0.0,pumps,MW,nem,NSW1
2017-10-28 01:30:00,0.0,pumps,MW,nem,NSW1
2017-10-28 01:35:00,0.0,pumps,MW,nem,NSW1
2017-10-28 01:40:00,0.0,pumps,MW,nem,NSW1
2017-10-28 01:45:00,0.0,pumps,MW,nem,NSW1
2017-10-28 01:50:00,0.0,pumps,MW,nem,NSW1
2017-10-28 01:55:00,0.0,pumps,MW,nem,NSW1
2017-10-28 02:00:00,0.0,pumps,MW,nem,NSW1
2017-10-28 02:05:00,0.0,pumps,MW,nem,NSW1
2017-10-28 02:10:00,0.0,pumps,MW,nem,NSW1
2017-10-28 02:15:00,0.0,pumps,MW,nem,NSW1
2017-10-28 02:20:00,0.0,pumps,MW,nem,NSW1
2017-10-28 02:25:00,0.0,pumps,MW,nem,NSW1
2017-10-28 02:30:00,0.0,pumps,MW,nem,NSW1
2017-10-28 02:35:00,0.0,pumps,MW,nem,NSW1
2017-10-28 02:40:00,0.0,pumps,MW,nem,NSW1
2017-10-28 02:45:00,0.0,pumps,MW,nem,NSW1
2017-10-28 02:50:00,0.0,pumps,MW,nem,NSW1
2017-10-28 02:55:00,0.0,pumps,MW,nem,NSW1
2017-10-28 03:00:00,0.0,pumps,MW,nem,NSW1
2017-10-28 03:05:00,0.0,pumps,MW,nem,NSW1
2017-10-28 03:10:00,0.0,pumps,MW,nem,NSW1
2017-10-28 03:15:00,0.0,pumps,MW,nem,NSW1
2017-10-28 03:20:00,0.0,pumps,MW,nem,NSW1
2017-10-28 03:25:00,0.0,pumps,MW,nem,NSW1
2017-10-28 03:30:00,0.0,pumps,MW,nem,NSW1
2017-10-28 03:35:00,0.0,pumps,MW,nem,NSW1
2017-10-28 03:40:00,0.0,pumps,MW,nem,NSW1
2017-10-28 03:45:00,0.0,pumps,MW,nem,NSW1
2017-10-28 03:50:00,0.0,pumps,MW,nem,NSW1
2017-10-28 03:55:00,0.0,pumps,MW,nem,NSW1
2017-10-28 04:00:00,0.0,pumps,MW,nem,NSW1
2017-10-28 04:05:00,0.0,pumps,MW,nem,NSW1
2017-10-28 04:10:00,0.0,pumps,MW,nem,NSW1
2017-10-28 04:15:00,0.0,pumps,MW,nem,NSW1
2017-10-28 04:20:00,0.0,pumps,MW,nem,NSW1
2017-10-28 04:25:00,0.0,pumps,MW,nem,NSW1
2017-10-28 04:30:00,0.0,pumps,MW,nem,NSW1
2017-10-28 04:35:00,0.0,pumps,MW,nem,NSW1
2017-10-28 04:40:00,0.0,pumps,MW,nem,NSW1
2017-10-28 04:45:00,0.0,pumps,MW,nem,NSW1
2017-10-28 04:50:00,0.0,pumps,MW,nem,NSW1
2017-10-28 04:55:00,0.0,pumps,MW,nem,NSW1
2017-10-28 05:00:00,0.0,pumps,MW,nem,NSW1
2017-10-28 05:05:00,0.0,pumps,MW,nem,NSW1
2017-10-28 05:10:00,0.0,pumps,MW,nem,NSW1
2017-10-28 05:15:00,0.0,pumps,MW,nem,NSW1
2017-10-28 05:20:00,0.0,pumps,MW,nem,NSW1
2017-10-28 05:25:00,0.0,pumps,MW,nem,NSW1
2017-10-28 05:30:00,0.0,pumps,MW,nem,NSW1
2017-10-28 05:35:00,0.0,pumps,MW,nem,NSW1
2017-10-28 05:40:00,0.0,pumps,MW,nem,NSW1
2017-10-28 05:45:00,0.0,pumps,MW,nem,NSW1
2017-10-28 05:50:00,0.0,pumps,MW,nem,NSW1
2017-10-28 05:55:00,0.0,pumps,MW,nem,NSW1
2017-10-28 06:00:00,0.0,pumps,MW,nem,NSW1
2017-10-28 06:05:00,0.0,pumps,MW,nem,NSW1
2017-10-28 06:10:00,0.0,pumps,MW,nem,NSW1
2017-10-28 06:15:00,0.0,pumps,MW,nem,NSW1
2017-10-28 06:20:00,0.0,pumps,MW,nem,NSW1
2017-10-28 06:25:00,0.0,pumps,MW,nem,NSW1
2017-10-28 06:30:00,0.0,pumps,MW,nem,NSW1
2017-10-28 06:35:00,0.0,pumps,MW,nem,NSW1
2017-10-28 06:40:00,0.0,pumps,MW,nem,NSW1
2017-10-28 06:45:00,0.0,pumps,MW,nem,NSW1
2017-10-28 06:50:00,0.0,pumps,MW,nem,NSW1
2017-10-28 06:55:00,0.0,pumps,MW,nem,NSW1
2017-10-28 07:00:00,0.0,pumps,MW,nem,NSW1
2017-10-28 07:05:00,0.0,pumps,MW,nem,NSW1
2017-10-28 07:10:00,0.0,pumps,MW,nem,NSW1
2017-10-28 07:15:00,0.0,pumps,MW,nem,NSW1
2017-10-28 07:20:00,0.0,pumps,MW,nem,NSW1
2017-10-28 07:25:00,0.0,pumps,MW,nem,NSW1
2017-10-28 07:30:00,0.0,pumps,MW,nem,NSW1
2017-10-28 07:35:00,0.0,pumps,MW,nem,NSW1
2017-10-28 07:40:00,0.0,pumps,MW,nem,NSW1
2017-10-28 07:45:00,0.0,pumps,MW,nem,NSW1
2017-10-28 07:50:00,0.0,pumps,MW,nem,NSW1
2017-10-28 07:55:00,0.0,pumps,MW,nem,NSW1
2017-10-28 08:00:00,0.0,pumps,MW,nem,NSW1
2017-10-28 08:05:00,0.0,pumps,MW,nem,NSW1
2017-10-28 08:10:00,0.0,pumps,MW,nem,NSW1
2017-10-28 08:15:00,0.0,pumps,MW,nem,NSW1
2017-10-28 08:20:00,0.0,pumps,MW,nem,NSW1
2017-10-28 08:25:00,0.0,pumps,MW,nem,NSW1
2017-10-28 08:30:00,0.0,pumps,MW,nem,NSW1
2017-10-28 08:35:00,0.0,pumps,MW,nem,NSW1
2017-10-28 08:40:00,0.0,pumps,MW,nem,NSW1
2017-10-28 08:45:00,0.0,pumps,MW,nem,NSW1
2017-10-28 08:50:00,0.0,pumps,MW,nem,NSW1
2017-10-28 08:55:00,0.0,pumps,MW,nem,NSW1
2017-10-28 09:00:00,0.0,pumps,MW,nem,NSW1
2017-10-28 09:05:00,0.0,pumps,MW,nem,NSW1
2017-10-28 09:10:00,0.0,pumps,MW,nem,NSW1
2017-10-28 09:15:00,0.0,pumps,MW,nem,NSW1
2017-10-28 09:20:00,0.0,pumps,MW,nem,NSW1
2017-10-28 09:25:00,0.0,pumps,MW,nem,NSW1
2017-10-28 09:30:00,0.0,pumps,MW,nem,NSW1
2017-10-28 09:35:00,0.0,pumps,MW,nem,NSW1
2017-10-28 09:40:00,0.0,pumps,MW,nem,NSW1
2017-10-28 09:45:00,0.0,pumps,MW,nem,NSW1
2017-10-28 09:50:00,0.0,pumps,MW,nem,NSW1
2017-10-28 09:55:00,0.0,pumps,MW,nem,NSW1
2017-10-28 10:00:00,0.0,pumps,MW,nem,NSW1
2017-10-28 10:05:00,0.0,pumps,MW,nem,NSW1
2017-10-28 10:10:00,0.0,pumps,MW,nem,NSW1
2017-10-28 10:15:00,0.0,pumps,MW,nem,NSW1
2017-10-28 10:20:00,0.0,pumps,MW,nem,NSW1
2017-10-28 10:25:00,0.0,pumps,MW,nem,NSW1
2017-10-28 10:30:00,0.0,pumps,MW,nem,NSW1
2017-10-28 10:35:00,0.0,pumps,MW,nem,NSW1
2017-10-28 10:40:00,0.0,pumps,MW,nem,NSW1
2017-10-28 10:45:00,0.0,pumps,MW,nem,NSW1
2017-10-28 10:50:00,0.0,pumps,MW,nem,NSW1
2017-10-28 10:55:00,0.0,pumps,MW,nem,NSW1
2017-10-28 11:00:00,0.0,pumps,MW,nem,NSW1
2017-10-28 11:05:00,0.0,pumps,MW,nem,NSW1
2017-10-28 11:10:00,0.0,pumps,MW,nem,NSW1
2017-10-28 11:15:00,0.0,pumps,MW,nem,NSW1
2017-10-28 11:20:00,0.0,pumps,MW,nem,NSW1
2017-10-28 11:25:00,0.0,pumps,MW,nem,NSW1
2017-10-28 11:30:00,0.0,pumps,MW,nem,NSW1
2017-10-28 11:35:00,0.0,pumps,MW,nem,NSW1
2017-10-28 11:40:00,0.0,pumps,MW,nem,NSW1
2017-10-28 11:45:00,0.0,pumps,MW,nem,NSW1
2017-10-28 11:50:00,0.0,pumps,MW,nem,NSW1
2017-10-28 11:55:00,0.0,pumps,MW,nem,NSW1
2017-10-28 12:00:00,0.0,pumps,MW,nem,NSW1
2017-10-28 12:05:00,0.0,pumps,MW,nem,NSW1
2017-10-28 12:10:00,0.0,pumps,MW,nem,NSW1
2017-10-28 12:15:00,0.0,pumps,MW,nem,NSW1
2017-10-28 12:20:00,0.0,pumps,MW,nem,NSW1
2017-10-28 12:25:00,0.0,pumps,MW,nem,NSW1
2017-10-28 12:30:00,0.0,pumps,MW,nem,NSW1
2017-10-28 12:35:00,0.0,pumps,MW,nem,NSW1
2017-10-28 12:40:00,0.0,pumps,MW,nem,NSW1
2017-10-28 12:45:00,0.0,pumps,MW,nem,NSW1
2017-10-28 12:50:00,0.0,pumps,MW,nem,NSW1
2017-10-28 12:55:00,0.0,pumps,MW,nem,NSW1
2017-10-28 13:00:00,0.0,pumps,MW,nem,NSW1
2017-10-28 13:05:00,0.0,pumps,MW,nem,NSW1
2017-10-28 13:10:00,0.0,pumps,MW,nem,NSW1
2017-10-28 13:15:00,0.0,pumps,MW,nem,NSW1
2017-10-28 13:20:00,0.0,pumps,MW,nem,NSW1
2017-10-28 13:25:00,0.0,pumps,MW,nem,NSW1
2017-10-28 13:30:00,0.0,pumps,MW,nem,NSW1
2017-10-28 13:35:00,0.0,pumps,MW,nem,NSW1
2017-10-28 13:40:00,0.0,pumps,MW,nem,NSW1
2017-10-28 13:45:00,0.0,pumps,MW,nem,NSW1
2017-10-28 13:50:00,0.0,pumps,MW,nem,NSW1
2017-10-28 13:55:00,0.0,pumps,MW,nem,NSW1
2017-10-28 14:00:00,0.0,pumps,MW,nem,NSW1
2017-10-28 14:05:00,0.0,pumps,MW,nem,NSW1
2017-10-28 14:10:00,0.0,pumps,MW,nem,NSW1
2017-10-28 14:15:00,0.0,pumps,MW,nem,NSW1
2017-10-28 14:20:00,0.0,pumps,MW,nem,NSW1
2017-10-28 14:25:00,0.0,pumps,MW,nem,NSW1
2017-10-28 14:30:00,0.0,pumps,MW,nem,NSW1
2017-10-28 14:35:00,0.0,pumps,MW,nem,NSW1
2017-10-28 14:40:00,0.0,pumps,MW,nem,NSW1
2017-10-28 14:45:00,0.0,pumps,MW,nem,NSW1
2017-10-28 14:50:00,0.0,pumps,MW,nem,NSW1
2017-10-28 14:55:00,0.0,pumps,MW,nem,NSW1
2017-10-28 15:00:00,0.0,pumps,MW,nem,NSW1
2017-10-28 15:05:00,0.0,pumps,MW,nem,NSW1
2017-10-28 15:10:00,0.0,pumps,MW,nem,NSW1
2017-10-28 15:15:00,0.0,pumps,MW,nem,NSW1
2017-10-28 15:20:00,0.0,pumps,MW,nem,NSW1
2017-10-28 15:25:00,0.0,pumps,MW,nem,NSW1
2017-10-28 15:30:00,0.0,pumps,MW,nem,NSW1
2017-10-28 15:35:00,0.0,pumps,MW,nem,NSW1
2017-10-28 15:40:00,0.0,pumps,MW,nem,NSW1
2017-10-28 15:45:00,0.0,pumps,MW,nem,NSW1
2017-10-28 15:50:00,0.0,pumps,MW,nem,NSW1
2017-10-28 15:55:00,0.0,pumps,MW,nem,NSW1
2017-10-28 16:00:00,0.0,pumps,MW,nem,NSW1
2017-10-28 16:05:00,0.0,pumps,MW,nem,NSW1
2017-10-28 16:10:00,0.0,pumps,MW,nem,NSW1
2017-10-28 16:15:00,0.0,pumps,MW,nem,NSW1
2017-10-28 16:20:00,0.0,pumps,MW,nem,NSW1
2017-10-28 16:25:00,0.0,pumps,MW,nem,NSW1
2017-10-28 16:30:00,0.0,pumps,MW,nem,NSW1
2017-10-28 16:35:00,0.0,pumps,MW,nem,NSW1
2017-10-28 16:40:00,0.0,pumps,MW,nem,NSW1
2017-10-28 16:45:00,0.0,pumps,MW,nem,NSW1
2017-10-28 16:50:00,0.0,pumps,MW,nem,NSW1
2017-10-28 16:55:00,0.0,pumps,MW,nem,NSW1
2017-10-28 17:00:00,0.0,pumps,MW,nem,NSW1
2017-10-28 17:05:00,0.0,pumps,MW,nem,NSW1
2017-10-28 17:10:00,0.0,pumps,MW,nem,NSW1
2017-10-28 17:15:00,0.0,pumps,MW,nem,NSW1
2017-10-28 17:20:00,0.0,pumps,MW,nem,NSW1
2017-10-28 17:25:00,0.0,pumps,MW,nem,NSW1
2017-10-28 17:30:00,0.0,pumps,MW,nem,NSW1
2017-10-28 17:35:00,0.0,pumps,MW,nem,NSW1
2017-10-28 17:40:00,0.0,pumps,MW,nem,NSW1
2017-10-28 17:45:00,0.0,pumps,MW,nem,NSW1
2017-10-28 17:50:00,0.0,pumps,MW,nem,NSW1
2017-10-28 17:55:00,0.0,pumps,MW,nem,NSW1
2017-10-28 18:00:00,0.0,pumps,MW,nem,NSW1
2017-10-28 18:05:00,0.0,pumps,MW,nem,NSW1
2017-10-28 18:10:00,0.0,pumps,MW,nem,NSW1
2017-10-28 18:15:00,0.0,pumps,MW,nem,NSW1
2017-10-28 18:20:00,0.0,pumps,MW,nem,NSW1
2017-10-28 18:25:00,0.0,pumps,MW,nem,NSW1
2017-10-28 18:30:00,0.0,pumps,MW,nem,NSW1
2017-10-28 18:35:00,0.0,pumps,MW,nem,NSW1
2017-10-28 18:40:00,0.0,pumps,MW,nem,NSW1
2017-10-28 18:45:00,0.0,pumps,MW,nem,NSW1
2017-10-28 18:50:00,0.0,pumps,MW,nem,NSW1
2017-10-28 18:55:00,0.0,pumps,MW,nem,NSW1
2017-10-28 19:00:00,0.0,pumps,MW,nem,NSW1
2017-10-28 19:05:00,0.0,pumps,MW,nem,NSW1
2017-10-28 19:10:00,0.0,pumps,MW,nem,NSW1
2017-10-28 19:15:00,0.0,pumps,MW,nem,NSW1
2017-10-28 19:20:00,0.0,pumps,MW,nem,NSW1
2017-10-28 19:25:00,0.0,pumps,MW,nem,NSW1
2017-10-28 19:30:00,0.0,pumps,MW,nem,NSW1
2017-10-28 19:35:00,0.0,pumps,MW,nem,NSW1
2017-10-28 19:40:00,0.0,pumps,MW,nem,NSW1
2017-10-28 19:45:00,0.0,pumps,MW,nem,NSW1
2017-10-28 19:50:00,0.0,pumps,MW,nem,NSW1
2017-10-28 19:55:00,0.0,pumps,MW,nem,NSW1
2017-10-28 20:00:00,0.0,pumps,MW,nem,NSW1
2017-10-28 20:05:00,0.0,pumps,MW,nem,NSW1
2017-10-28 20:10:00,0.0,pumps,MW,nem,NSW1
2017-10-28 20:15:00,0.0,pumps,MW,nem,NSW1
2017-10-28 20:20:00,0.0,pumps,MW,nem,NSW1
2017-10-28 20:25:00,0.0,pumps,MW,nem,NSW1
2017-10-28 20:30:00,0.0,pumps,MW,nem,NSW1
2017-10-28 20:35:00,0.0,pumps,MW,nem,NSW1
2017-10-28 20:40:00,0.0,pumps,MW,nem,NSW1
2017-10-28 20:45:00,0.0,pumps,MW,nem,NSW1
2017-10-28 20:50:00,0.0,pumps,MW,nem,NSW1
2017-10-28 20:55:00,0.0,pumps,MW,nem,NSW1
2017-10-28 21:00:00,0.0,pumps,MW,nem,NSW1
2017-10-28 21:05:00,0.0,pumps,MW,nem,NSW1
2017-10-28 21:10:00,0.0,pumps,MW,nem,NSW1
2017-10-28 21:15:00,0.0,pumps,MW,nem,NSW1
2017-10-28 21:20:00,0.0,pumps,MW,nem,NSW1
2017-10-28 21:25:00,0.0,pumps,MW,nem,NSW1
2017-10-28 21:30:00,0.0,pumps,MW,nem,NSW1
2017-10-28 21:35:00,0.0,pumps,MW,nem,NSW1
2017-10-28 21:40:00,0.0,pumps,MW,nem,NSW1
2017-10-28 21:45:00,0.0,pumps,MW,nem,NSW1
2017-10-28 21:50:00,0.0,pumps,MW,nem,NSW1
2017-10-28 21:55:00,0.0,pumps,MW,nem,NSW1
2017-10-28 22:00:00,0.0,pumps,MW,nem,NSW1
2017-10-28 22:05:00,0.0,pumps,MW,nem,NSW1
2017-10-28 22:10:00,0.0,pumps,MW,nem,NSW1
2017-10-28 22:15:00,0.0,pumps,MW,nem,NSW1
2017-10-28 22:20:00,0.0,pumps,MW,nem,NSW1
2017-10-28 22:25:00,0.0,pumps,MW,nem,NSW1
2017-10-28 22:30:00,0.0,pumps,MW,nem,NSW1
2017-10-28 22:35:00,0.0,pumps,MW,nem,NSW1
2017-10-28 22:40:00,0.0,pumps,MW,nem,NSW1
2017-10-28 22:45:00,0.0,pumps,MW,nem,NSW1
2017-10-28 22:50:00,0.0,pumps,MW,nem,NSW1
2017-10-28 22:55:00,0.0,pumps,MW,nem,NSW1
2017-10-28 23:00:00,0.0,pumps,MW,nem,NSW1
2017-10-28 23:05:00,0.0,pumps,MW,nem,NSW1
2017-10-28 23:10:00,0.0,pumps,MW,nem,NSW1
2017-10-28 23:15:00,0.0,pumps,MW,nem,NSW1
2017-10-28 23:20:00,0.0,pumps,MW,nem,NSW1
2017-10-28 23:25:00,0.0,pumps,MW,nem,NSW1
2017-10-28 23:30:00,0.0,pumps,MW,nem,NSW1
2017-10-28 23:35:00,0.0,pumps,MW,nem,NSW1
2017-10-28 23:40:00,0.0,pumps,MW,nem,NSW1
2017-10-28 23:45:00,0.0,pumps,MW,nem,NSW1
2017-10-28 23:50:00,0.0,pumps,MW,nem,NSW1
2017-10-28 23:55:00,0.0,pumps,MW,nem,NSW1
2017-10-29 00:00:00,0.0,pumps,MW,nem,NSW1
2017-10-29 00:05:00,0.0,pumps,MW,nem,NSW1
2017-10-29 00:10:00,0.0,pumps,MW,nem,NSW1
2017-10-29 00:15:00,0.0,pumps,MW,nem,NSW1
2017-10-29 00:20:00,0.0,pumps,MW,nem,NSW1
2017-10-29 00:25:00,0.0,pumps,MW,nem,NSW1
2017-10-29 00:30:00,0.0,pumps,MW,nem,NSW1
2017-10-29 00:35:00,0.0,pumps,MW,nem,NSW1
2017-10-29 00:40:00,0.0,pumps,MW,nem,NSW1
2017-10-29 00:45:00,0.0,pumps,MW,nem,NSW1
2017-10-29 00:50:00,0.0,pumps,MW,nem,NSW1
2017-10-29 00:55:00,0.0,pumps,MW,nem,NSW1
2017-10-29 01:00:00,0.0,pumps,MW,nem,NSW1
2017-10-29 01:05:00,0.0,pumps,MW,nem,NSW1
2017-10-29 01:10:00,0.0,pumps,MW,nem,NSW1
2017-10-29 01:15:00,0.0,pumps,MW,nem,NSW1
2017-10-29 01:20:00,0.0,pumps,MW,nem,NSW1
2017-10-29 01:25:00,0.0,pumps,MW,nem,NSW1
2017-10-29 01:30:00,0.0,pumps,MW,nem,NSW1
2017-10-29 01:35:00,0.0,pumps,MW,nem,NSW1
2017-10-29 01:40:00,0.0,pumps,MW,nem,NSW1
2017-10-29 01:45:00,0.0,pumps,MW,nem,NSW1
2017-10-29 01:50:00,0.0,pumps,MW,nem,NSW1
2017-10-29 01:55:00,0.0,pumps,MW,nem,NSW1
2017-10-29 02:00:00,0.0,pumps,MW,nem,NSW1
2017-10-29 02:05:00,0.0,pumps,MW,nem,NSW1
2017-10-29 02:10:00,146.2,pumps,MW,nem,NSW1
2017-10-29 02:15:00,194.5,pumps,MW,nem,NSW1
2017-10-29 02:20:00,193.4,pumps,MW,nem,NSW1
2017-10-29 02:25:00,194.6,pumps,MW,nem,NSW1
2017-10-29 02:30:00,193.2,pumps,MW,nem,NSW1
2017-10-29 02:35:00,194.3,pumps,MW,nem,NSW1
2017-10-29 02:40:00,193.9,pumps,MW,nem,NSW1
2017-10-29 02:45:00,193.3,pumps,MW,nem,NSW1
2017-10-29 02:50:00,194.0,pumps,MW,nem,NSW1
2017-10-29 02:55:00,193.4,pumps,MW,nem,NSW1
2017-10-29 03:00:00,192.9,pumps,MW,nem,NSW1
2017-10-29 03:05:00,193.2,pumps,MW,nem,NSW1
2017-10-29 03:10:00,193.6,pumps,MW,nem,NSW1
2017-10-29 03:15:00,193.0,pumps,MW,nem,NSW1
2017-10-29 03:20:00,192.6,pumps,MW,nem,NSW1
2017-10-29 03:25:00,195.5,pumps,MW,nem,NSW1
2017-10-29 03:30:00,192.7,pumps,MW,nem,NSW1
2017-10-29 03:35:00,193.1,pumps,MW,nem,NSW1
2017-10-29 03:40:00,191.7,pumps,MW,nem,NSW1
2017-10-29 03:45:00,193.6,pumps,MW,nem,NSW1
2017-10-29 03:50:00,193.8,pumps,MW,nem,NSW1
2017-10-29 03:55:00,196.3,pumps,MW,nem,NSW1
2017-10-29 04:00:00,192.8,pumps,MW,nem,NSW1
2017-10-29 04:05:00,193.7,pumps,MW,nem,NSW1
2017-10-29 04:10:00,195.1,pumps,MW,nem,NSW1
2017-10-29 04:15:00,194.0,pumps,MW,nem,NSW1
2017-10-29 04:20:00,194.4,pumps,MW,nem,NSW1
2017-10-29 04:25:00,193.7,pumps,MW,nem,NSW1
2017-10-29 04:30:00,193.2,pumps,MW,nem,NSW1
2017-10-29 04:35:00,194.1,pumps,MW,nem,NSW1
2017-10-29 04:40:00,196.0,pumps,MW,nem,NSW1
2017-10-29 04:45:00,193.8,pumps,MW,nem,NSW1
2017-10-29 04:50:00,193.2,pumps,MW,nem,NSW1
2017-10-29 04:55:00,194.2,pumps,MW,nem,NSW1
2017-10-29 05:00:00,193.0,pumps,MW,nem,NSW1
2017-10-29 05:05:00,192.9,pumps,MW,nem,NSW1
2017-10-29 05:10:00,0.0,pumps,MW,nem,NSW1
2017-10-29 05:15:00,0.0,pumps,MW,nem,NSW1
2017-10-29 05:20:00,0.0,pumps,MW,nem,NSW1
2017-10-29 05:25:00,0.0,pumps,MW,nem,NSW1
2017-10-29 05:30:00,0.0,pumps,MW,nem,NSW1
2017-10-29 05:35:00,0.0,pumps,MW,nem,NSW1
2017-10-29 05:40:00,0.0,pumps,MW,nem,NSW1
2017-10-29 05:45:00,0.0,pumps,MW,nem,NSW1
2017-10-29 05:50:00,0.0,pumps,MW,nem,NSW1
2017-10-29 05:55:00,0.0,pumps,MW,nem,NSW1
2017-10-29 06:00:00,0.0,pumps,MW,nem,NSW1
2017-10-29 06:05:00,0.0,pumps,MW,nem,NSW1
2017-10-29 06:10:00,0.0,pumps,MW,nem,NSW1
2017-10-29 06:15:00,0.0,pumps,MW,nem,NSW1
2017-10-29 06:20:00,0.0,pumps,MW,nem,NSW1
2017-10-29 06:25:00,0.0,pumps,MW,nem,NSW1
2017-10-29 06:30:00,0.0,pumps,MW,nem,NSW1
2017-10-29 06:35:00,0.0,pumps,MW,nem,NSW1
2017-10-29 06:40:00,0.0,pumps,MW,nem,NSW1
2017-10-29 06:45:00,0.0,pumps,MW,nem,NSW1
2017-10-29 06:50:00,0.0,pumps,MW,nem,NSW1
2017-10-29 06:55:00,0.0,pumps,MW,nem,NSW1
2017-10-29 07:00:00,0.0,pumps,MW,nem,NSW1
2017-10-29 07:05:00,0.0,pumps,MW,nem,NSW1
2017-10-29 07:10:00,0.0,pumps,MW,nem,NSW1
2017-10-29 07:15:00,0.0,pumps,MW,nem,NSW1
2017-10-29 07:20:00,0.0,pumps,MW,nem,NSW1
2017-10-29 07:25:00,0.0,pumps,MW,nem,NSW1
2017-10-29 07:30:00,0.0,pumps,MW,nem,NSW1
2017-10-29 07:35:00,0.0,pumps,MW,nem,NSW1
2017-10-29 07:40:00,0.0,pumps,MW,nem,NSW1
2017-10-29 07:45:00,0.0,pumps,MW,nem,NSW1
2017-10-29 07:50:00,0.0,pumps,MW,nem,NSW1
2017-10-29 07:55:00,0.0,pumps,MW,nem,NSW1
2017-10-29 08:00:00,0.0,pumps,MW,nem,NSW1
2017-10-29 08:05:00,0.0,pumps,MW,nem,NSW1
2017-10-29 08:10:00,0.0,pumps,MW,nem,NSW1
2017-10-29 08:15:00,0.0,pumps,MW,nem,NSW1
2017-10-29 08:20:00,0.0,pumps,MW,nem,NSW1
2017-10-29 08:25:00,0.0,pumps,MW,nem,NSW1
2017-10-29 08:30:00,0.0,pumps,MW,nem,NSW1
2017-10-29 08:35:00,0.0,pumps,MW,nem,NSW1
2017-10-29 08:40:00,206.2,pumps,MW,nem,NSW1
2017-10-29 08:45:00,190.6,pumps,MW,nem,NSW1
2017-10-29 08:50:00,192.3,pumps,MW,nem,NSW1
2017-10-29 08:55:00,192.8,pumps,MW,nem,NSW1
2017-10-29 09:00:00,194.7,pumps,MW,nem,NSW1
2017-10-29 09:05:00,192.4,pumps,MW,nem,NSW1
2017-10-29 09:10:00,193.4,pumps,MW,nem,NSW1
2017-10-29 09:15:00,192.6,pumps,MW,nem,NSW1
2017-10-29 09:20:00,192.2,pumps,MW,nem,NSW1
2017-10-29 09:25:00,192.8,pumps,MW,nem,NSW1
2017-10-29 09:30:00,191.8,pumps,MW,nem,NSW1
2017-10-29 09:35:00,191.9,pumps,MW,nem,NSW1
2017-10-29 09:40:00,191.7,pumps,MW,nem,NSW1
2017-10-29 09:45:00,191.2,pumps,MW,nem,NSW1
2017-10-29 09:50:00,194.6,pumps,MW,nem,NSW1
2017-10-29 09:55:00,190.4,pumps,MW,nem,NSW1
2017-10-29 10:00:00,193.2,pumps,MW,nem,NSW1
2017-10-29 10:05:00,191.3,pumps,MW,nem,NSW1
2017-10-29 10:10:00,193.4,pumps,MW,nem,NSW1
2017-10-29 10:15:00,192.1,pumps,MW,nem,NSW1
2017-10-29 10:20:00,191.7,pumps,MW,nem,NSW1
2017-10-29 10:25:00,191.2,pumps,MW,nem,NSW1
2017-10-29 10:30:00,193.1,pumps,MW,nem,NSW1
2017-10-29 10:35:00,192.7,pumps,MW,nem,NSW1
2017-10-29 10:40:00,192.4,pumps,MW,nem,NSW1
2017-10-29 10:45:00,191.7,pumps,MW,nem,NSW1
2017-10-29 10:50:00,190.9,pumps,MW,nem,NSW1
2017-10-29 10:55:00,190.0,pumps,MW,nem,NSW1
2017-10-29 11:00:00,194.1,pumps,MW,nem,NSW1
2017-10-29 11:05:00,191.3,pumps,MW,nem,NSW1
2017-10-29 11:10:00,191.1,pumps,MW,nem,NSW1
2017-10-29 11:15:00,191.4,pumps,MW,nem,NSW1
2017-10-29 11:20:00,191.0,pumps,MW,nem,NSW1
2017-10-29 11:25:00,193.1,pumps,MW,nem,NSW1
2017-10-29 11:30:00,191.5,pumps,MW,nem,NSW1
2017-10-29 11:35:00,191.5,pumps,MW,nem,NSW1
2017-10-29 11:40:00,191.8,pumps,MW,nem,NSW1
2017-10-29 11:45:00,193.1,pumps,MW,nem,NSW1
2017-10-29 11:50:00,192.6,pumps,MW,nem,NSW1
2017-10-29 11:55:00,190.9,pumps,MW,nem,NSW1
2017-10-29 12:00:00,192.1,pumps,MW,nem,NSW1
2017-10-29 12:05:00,190.5,pumps,MW,nem,NSW1
2017-10-29 12:10:00,191.6,pumps,MW,nem,NSW1
2017-10-29 12:15:00,193.4,pumps,MW,nem,NSW1
2017-10-29 12:20:00,191.7,pumps,MW,nem,NSW1
2017-10-29 12:25:00,192.8,pumps,MW,nem,NSW1
2017-10-29 12:30:00,191.7,pumps,MW,nem,NSW1
2017-10-29 12:35:00,191.7,pumps,MW,nem,NSW1
2017-10-29 12:40:00,192.0,pumps,MW,nem,NSW1
2017-10-29 12:45:00,190.9,pumps,MW,nem,NSW1
2017-10-29 12:50:00,191.7,pumps,MW,nem,NSW1
2017-10-29 12:55:00,192.5,pumps,MW,nem,NSW1
2017-10-29 13:00:00,191.4,pumps,MW,nem,NSW1
2017-10-29 13:05:00,192.6,pumps,MW,nem,NSW1
2017-10-29 13:10:00,191.6,pumps,MW,nem,NSW1
2017-10-29 13:15:00,193.0,pumps,MW,nem,NSW1
2017-10-29 13:20:00,192.7,pumps,MW,nem,NSW1
2017-10-29 13:25:00,192.5,pumps,MW,nem,NSW1
2017-10-29 13:30:00,193.5,pumps,MW,nem,NSW1
2017-10-29 13:35:00,193.4,pumps,MW,nem,NSW1
2017-10-29 13:40:00,190.3,pumps,MW,nem,NSW1
2017-10-29 13:45:00,189.7,pumps,MW,nem,NSW1
2017-10-29 13:50:00,193.4,pumps,MW,nem,NSW1
2017-10-29 13:55:00,192.2,pumps,MW,nem,NSW1
2017-10-29 14:00:00,192.1,pumps,MW,nem,NSW1
2017-10-29 14:05:00,192.3,pumps,MW,nem,NSW1
2017-10-29 14:10:00,192.6,pumps,MW,nem,NSW1
2017-10-29 14:15:00,192.6,pumps,MW,nem,NSW1
2017-10-29 14:20:00,193.0,pumps,MW,nem,NSW1
2017-10-29 14:25:00,190.1,pumps,MW,nem,NSW1
2017-10-29 14:30:00,189.0,pumps,MW,nem,NSW1
2017-10-29 14:35:00,189.4,pumps,MW,nem,NSW1
2017-10-29 14:40:00,192.8,pumps,MW,nem,NSW1
2017-10-29 14:45:00,191.3,pumps,MW,nem,NSW1
2017-10-29 14:50:00,191.9,pumps,MW,nem,NSW1
2017-10-29 14:55:00,192.3,pumps,MW,nem,NSW1
2017-10-29 15:00:00,191.9,pumps,MW,nem,NSW1
2017-10-29 15:05:00,0.0,pumps,MW,nem,NSW1
2017-10-29 15:10:00,0.0,pumps,MW,nem,NSW1
2017-10-29 15:15:00,0.0,pumps,MW,nem,NSW1
2017-10-29 15:20:00,0.0,pumps,MW,nem,NSW1
2017-10-29 15:25:00,0.0,pumps,MW,nem,NSW1
2017-10-29 15:30:00,0.0,pumps,MW,nem,NSW1
2017-10-29 15:35:00,0.0,pumps,MW,nem,NSW1
2017-10-29 15:40:00,0.0,pumps,MW,nem,NSW1
2017-10-29 15:45:00,0.0,pumps,MW,nem,NSW1
2017-10-29 15:50:00,0.0,pumps,MW,nem,NSW1
2017-10-29 15:55:00,0.0,pumps,MW,nem,NSW1
2017-10-29 16:00:00,0.0,pumps,MW,nem,NSW1
2017-10-29 16:05:00,0.0,pumps,MW,nem,NSW1
2017-10-29 16:10:00,0.0,pumps,MW,nem,NSW1
2017-10-29 16:15:00,0.0,pumps,MW,nem,NSW1
2017-10-29 16:20:00,0.0,pumps,MW,nem,NSW1
2017-10-29 16:25:00,0.0,pumps,MW,nem,NSW1
2017-10-29 16:30:00,0.0,pumps,MW,nem,NSW1
2017-10-29 16:35:00,0.0,pumps,MW,nem,NSW1
2017-10-29 16:40:00,0.0,pumps,MW,nem,NSW1
2017-10-29 16:45:00,0.0,pumps,MW,nem,NSW1
2017-10-29 16:50:00,0.0,pumps,MW,nem,NSW1
2017-10-29 16:55:00,0.0,pumps,MW,nem,NSW1
2017-10-29 17:00:00,0.0,pumps,MW,nem,NSW1
2017-10-29 17:05:00,0.0,pumps,MW,nem,NSW1
2017-10-29 17:10:00,0.0,pumps,MW,nem,NSW1
2017-10-29 17:15:00,0.0,pumps,MW,nem,NSW1
2017-10-29 17:20:00,0.0,pumps,MW,nem,NSW1
2017-10-29 17:25:00,0.0,pumps,MW,nem,NSW1
2017-10-29 17:30:00,0.0,pumps,MW,nem,NSW1
2017-10-29 17:35:00,0.0,pumps,MW,nem,NSW1
2017-10-29 17:40:00,0.0,pumps,MW,nem,NSW1
2017-10-29 17:45:00,0.0,pumps,MW,nem,NSW1
2017-10-29 17:50:00,0.0,pumps,MW,nem,NSW1
2017-10-29 17:55:00,0.0,pumps,MW,nem,NSW1
2017-10-29 18:00:00,0.0,pumps,MW,nem,NSW1
2017-10-29 18:05:00,0.0,pumps,MW,nem,NSW1
2017-10-29 18:10:00,0.0,pumps,MW,nem,NSW1
2017-10-29 18:15:00,0.0,pumps,MW,nem,NSW1
2017-10-29 18:20:00,0.0,pumps,MW,nem,NSW1
2017-10-29 18:25:00,0.0,pumps,MW,nem,NSW1
2017-10-29 18:30:00,0.0,pumps,MW,nem,NSW1
2017-10-29 18:35:00,0.0,pumps,MW,nem,NSW1
2017-10-29 18:40:00,0.0,pumps,MW,nem,NSW1
2017-10-29 18:45:00,0.0,pumps,MW,nem,NSW1
2017-10-29 18:50:00,0.0,pumps,MW,nem,NSW1
2017-10-29 18:55:00,0.0,pumps,MW,nem,NSW1
2017-10-29 19:00:00,0.0,pumps,MW,nem,NSW1
2017-10-29 19:05:00,0.0,pumps,MW,nem,NSW1
2017-10-29 19:10:00,0.0,pumps,MW,nem,NSW1
2017-10-29 19:15:00,0.0,pumps,MW,nem,NSW1
2017-10-29 19:20:00,0.0,pumps,MW,nem,NSW1
2017-10-29 19:25:00,0.0,pumps,MW,nem,NSW1
2017-10-29 19:30:00,0.0,pumps,MW,nem,NSW1
2017-10-29 19:35:00,0.0,pumps,MW,nem,NSW1
2017-10-29 19:40:00,0.0,pumps,MW,nem,NSW1
2017-10-29 19:45:00,0.0,pumps,MW,nem,NSW1
2017-10-29 19:50:00,0.0,pumps,MW,nem,NSW1
2017-10-29 19:55:00,0.0,pumps,MW,nem,NSW1
2017-10-29 20:00:00,0.0,pumps,MW,nem,NSW1
2017-10-29 20:05:00,0.0,pumps,MW,nem,NSW1
2017-10-29 20:10:00,0.0,pumps,MW,nem,NSW1
2017-10-29 20:15:00,0.0,pumps,MW,nem,NSW1
2017-10-29 20:20:00,0.0,pumps,MW,nem,NSW1
2017-10-29 20:25:00,0.0,pumps,MW,nem,NSW1
2017-10-29 20:30:00,0.0,pumps,MW,nem,NSW1
2017-10-29 20:35:00,0.0,pumps,MW,nem,NSW1
2017-10-29 20:40:00,0.0,pumps,MW,nem,NSW1
2017-10-29 20:45:00,0.0,pumps,MW,nem,NSW1
2017-10-29 20:50:00,0.0,pumps,MW,nem,NSW1
2017-10-29 20:55:00,0.0,pumps,MW,nem,NSW1
2017-10-29 21:00:00,0.0,pumps,MW,nem,NSW1
2017-10-29 21:05:00,0.0,pumps,MW,nem,NSW1
2017-10-29 21:10:00,0.0,pumps,MW,nem,NSW1
2017-10-29 21:15:00,0.0,pumps,MW,nem,NSW1
2017-10-29 21:20:00,0.0,pumps,MW,nem,NSW1
2017-10-29 21:25:00,0.0,pumps,MW,nem,NSW1
2017-10-29 21:30:00,0.0,pumps,MW,nem,NSW1
2017-10-29 21:35:00,0.0,pumps,MW,nem,NSW1
2017-10-29 21:40:00,0.0,pumps,MW,nem,NSW1
2017-10-29 21:45:00,82.35,pumps,MW,nem,NSW1
2017-10-29 21:50:00,120.3,pumps,MW,nem,NSW1
2017-10-29 21:55:00,121.7,pumps,MW,nem,NSW1
2017-10-29 22:00:00,121.1,pumps,MW,nem,NSW1
2017-10-29 22:05:00,120.5,pumps,MW,nem,NSW1
2017-10-29 22:10:00,119.8,pumps,MW,nem,NSW1
2017-10-29 22:15:00,121.5,pumps,MW,nem,NSW1
2017-10-29 22:20:00,120.5,pumps,MW,nem,NSW1
2017-10-29 22:25:00,121.6,pumps,MW,nem,NSW1
2017-10-29 22:30:00,120.0,pumps,MW,nem,NSW1
2017-10-29 22:35:00,121.2,pumps,MW,nem,NSW1
2017-10-29 22:40:00,121.9,pumps,MW,nem,NSW1
2017-10-29 22:45:00,120.9,pumps,MW,nem,NSW1
2017-10-29 22:50:00,121.5,pumps,MW,nem,NSW1
2017-10-29 22:55:00,120.6,pumps,MW,nem,NSW1
2017-10-29 23:00:00,121.1,pumps,MW,nem,NSW1
2017-10-29 23:05:00,121.5,pumps,MW,nem,NSW1
2017-10-29 23:10:00,120.0,pumps,MW,nem,NSW1
2017-10-29 23:15:00,120.7,pumps,MW,nem,NSW1
2017-10-29 23:20:00,121.3,pumps,MW,nem,NSW1
2017-10-29 23:25:00,121.1,pumps,MW,nem,NSW1
2017-10-29 23:30:00,121.4,pumps,MW,nem,NSW1
2017-10-29 23:35:00,120.2,pumps,MW,nem,NSW1
2017-10-29 23:40:00,120.6,pumps,MW,nem,NSW1
2017-10-29 23:45:00,121.1,pumps,MW,nem,NSW1
2017-10-29 23:50:00,121.3,pumps,MW,nem,NSW1
2017-10-29 23:55:00,120.5,pumps,MW,nem,NSW1
2017-10-30 00:00:00,121.5,pumps,MW,nem,NSW1
2017-10-30 00:05:00,120.5,pumps,MW,nem,NSW1
2017-10-30 00:10:00,121.1,pumps,MW,nem,NSW1
2017-10-30 00:15:00,121.8,pumps,MW,nem,NSW1
2017-10-30 00:20:00,121.9,pumps,MW,nem,NSW1
2017-10-30 00:25:00,121.3,pumps,MW,nem,NSW1
2017-10-30 00:30:00,120.4,pumps,MW,nem,NSW1
2017-10-30 00:35:00,120.4,pumps,MW,nem,NSW1
2017-10-30 00:40:00,122.9,pumps,MW,nem,NSW1
2017-10-30 00:45:00,121.6,pumps,MW,nem,NSW1
2017-10-30 00:50:00,121.4,pumps,MW,nem,NSW1
2017-10-30 00:55:00,121.3,pumps,MW,nem,NSW1
2017-10-30 01:00:00,120.2,pumps,MW,nem,NSW1
2017-10-30 01:05:00,120.9,pumps,MW,nem,NSW1
2017-10-30 01:10:00,122.0,pumps,MW,nem,NSW1
2017-10-30 01:15:00,120.6,pumps,MW,nem,NSW1
2017-10-30 01:20:00,121.1,pumps,MW,nem,NSW1
2017-10-30 01:25:00,121.0,pumps,MW,nem,NSW1
2017-10-30 01:30:00,120.9,pumps,MW,nem,NSW1
2017-10-30 01:35:00,121.4,pumps,MW,nem,NSW1
2017-10-30 01:40:00,335.9,pumps,MW,nem,NSW1
2017-10-30 01:45:00,314.9,pumps,MW,nem,NSW1
2017-10-30 01:50:00,311.1,pumps,MW,nem,NSW1
2017-10-30 01:55:00,312.9,pumps,MW,nem,NSW1
2017-10-30 02:00:00,313.9,pumps,MW,nem,NSW1
2017-10-30 02:05:00,310.9,pumps,MW,nem,NSW1
2017-10-30 02:10:00,313.0,pumps,MW,nem,NSW1
2017-10-30 02:15:00,313.8,pumps,MW,nem,NSW1
2017-10-30 02:20:00,311.4,pumps,MW,nem,NSW1
2017-10-30 02:25:00,312.8,pumps,MW,nem,NSW1
2017-10-30 02:30:00,313.6,pumps,MW,nem,NSW1
2017-10-30 02:35:00,311.0,pumps,MW,nem,NSW1
2017-10-30 02:40:00,312.4,pumps,MW,nem,NSW1
2017-10-30 02:45:00,312.9,pumps,MW,nem,NSW1
2017-10-30 02:50:00,310.3,pumps,MW,nem,NSW1
2017-10-30 02:55:00,313.1,pumps,MW,nem,NSW1
2017-10-30 03:00:00,313.9,pumps,MW,nem,NSW1
2017-10-30 03:05:00,313.4,pumps,MW,nem,NSW1
2017-10-30 03:10:00,310.7,pumps,MW,nem,NSW1
2017-10-30 03:15:00,313.8,pumps,MW,nem,NSW1
2017-10-30 03:20:00,313.2,pumps,MW,nem,NSW1
2017-10-30 03:25:00,313.9,pumps,MW,nem,NSW1
2017-10-30 03:30:00,311.7,pumps,MW,nem,NSW1
2017-10-30 03:35:00,309.8,pumps,MW,nem,NSW1
2017-10-30 03:40:00,314.4,pumps,MW,nem,NSW1
2017-10-30 03:45:00,309.7,pumps,MW,nem,NSW1
2017-10-30 03:50:00,311.6,pumps,MW,nem,NSW1
2017-10-30 03:55:00,313.0,pumps,MW,nem,NSW1
2017-10-30 04:00:00,311.3,pumps,MW,nem,NSW1
2017-10-30 04:05:00,309.7,pumps,MW,nem,NSW1
2017-10-30 04:10:00,120.8,pumps,MW,nem,NSW1
2017-10-30 04:15:00,121.5,pumps,MW,nem,NSW1
2017-10-30 04:20:00,121.4,pumps,MW,nem,NSW1
2017-10-30 04:25:00,121.3,pumps,MW,nem,NSW1
2017-10-30 04:30:00,120.7,pumps,MW,nem,NSW1
2017-10-30 04:35:00,121.4,pumps,MW,nem,NSW1
2017-10-30 04:40:00,79.57,pumps,MW,nem,NSW1
2017-10-30 04:45:00,79.57,pumps,MW,nem,NSW1
2017-10-30 04:50:00,79.27,pumps,MW,nem,NSW1
2017-10-30 04:55:00,79.76,pumps,MW,nem,NSW1
2017-10-30 05:00:00,79.57,pumps,MW,nem,NSW1
2017-10-30 05:05:00,79.18,pumps,MW,nem,NSW1
2017-10-30 05:10:00,0.0,pumps,MW,nem,NSW1
2017-10-30 05:15:00,0.0,pumps,MW,nem,NSW1
2017-10-30 05:20:00,0.0,pumps,MW,nem,NSW1
2017-10-30 05:25:00,0.0,pumps,MW,nem,NSW1
2017-10-30 05:30:00,0.0,pumps,MW,nem,NSW1
2017-10-30 05:35:00,0.0,pumps,MW,nem,NSW1
2017-10-30 05:40:00,0.0,pumps,MW,nem,NSW1
2017-10-30 05:45:00,0.0,pumps,MW,nem,NSW1
2017-10-30 05:50:00,0.0,pumps,MW,nem,NSW1
2017-10-30 05:55:00,0.0,pumps,MW,nem,NSW1
2017-10-30 06:00:00,0.0,pumps,MW,nem,NSW1
2017-10-30 06:05:00,0.0,pumps,MW,nem,NSW1
2017-10-30 06:10:00,0.0,pumps,MW,nem,NSW1
2017-10-30 06:15:00,0.0,pumps,MW,nem,NSW1
2017-10-30 06:20:00,0.0,pumps,MW,nem,NSW1
2017-10-30 06:25:00,0.0,pumps,MW,nem,NSW1
2017-10-30 06:30:00,0.0,pumps,MW,nem,NSW1
2017-10-30 06:35:00,0.0,pumps,MW,nem,NSW1
2017-10-30 06:40:00,0.0,pumps,MW,nem,NSW1
2017-10-30 06:45:00,0.0,pumps,MW,nem,NSW1
2017-10-30 06:50:00,0.0,pumps,MW,nem,NSW1
2017-10-30 06:55:00,0.0,pumps,MW,nem,NSW1
2017-10-30 07:00:00,0.0,pumps,MW,nem,NSW1
2017-10-30 07:05:00,0.0,pumps,MW,nem,NSW1
2017-10-30 07:10:00,0.0,pumps,MW,nem,NSW1
2017-10-30 07:15:00,0.0,pumps,MW,nem,NSW1
2017-10-30 07:20:00,0.0,pumps,MW,nem,NSW1
2017-10-30 07:25:00,0.0,pumps,MW,nem,NSW1
2017-10-30 07:30:00,0.0,pumps,MW,nem,NSW1
2017-10-30 07:35:00,0.0,pumps,MW,nem,NSW1
2017-10-30 07:40:00,0.0,pumps,MW,nem,NSW1
2017-10-30 07:45:00,0.0,pumps,MW,nem,NSW1
2017-10-30 07:50:00,0.0,pumps,MW,nem,NSW1
2017-10-30 07:55:00,0.0,pumps,MW,nem,NSW1
2017-10-30 08:00:00,0.0,pumps,MW,nem,NSW1
2017-10-30 08:05:00,0.0,pumps,MW,nem,NSW1
2017-10-30 08:10:00,0.0,pumps,MW,nem,NSW1
2017-10-30 08:15:00,0.0,pumps,MW,nem,NSW1
2017-10-30 08:20:00,0.0,pumps,MW,nem,NSW1
2017-10-30 08:25:00,0.0,pumps,MW,nem,NSW1
2017-10-30 08:30:00,0.0,pumps,MW,nem,NSW1
2017-10-30 08:35:00,0.0,pumps,MW,nem,NSW1
2017-10-30 08:40:00,0.0,pumps,MW,nem,NSW1
2017-10-30 08:45:00,0.0,pumps,MW,nem,NSW1
2017-10-30 08:50:00,0.0,pumps,MW,nem,NSW1
2017-10-30 08:55:00,0.0,pumps,MW,nem,NSW1
2017-10-30 09:00:00,0.0,pumps,MW,nem,NSW1
2017-10-30 09:05:00,0.0,pumps,MW,nem,NSW1
2017-10-30 09:10:00,0.0,pumps,MW,nem,NSW1
2017-10-30 09:15:00,0.0,pumps,MW,nem,NSW1
2017-10-30 09:20:00,0.0,pumps,MW,nem,NSW1
2017-10-30 09:25:00,0.0,pumps,MW,nem,NSW1
2017-10-30 09:30:00,0.0,pumps,MW,nem,NSW1
2017-10-30 09:35:00,0.0,pumps,MW,nem,NSW1
2017-10-30 09:40:00,0.0,pumps,MW,nem,NSW1
2017-10-30 09:45:00,0.0,pumps,MW,nem,NSW1
2017-10-30 09:50:00,0.0,pumps,MW,nem,NSW1
2017-10-30 09:55:00,0.0,pumps,MW,nem,NSW1
2017-10-30 10:00:00,0.0,pumps,MW,nem,NSW1
2017-10-30 10:05:00,0.0,pumps,MW,nem,NSW1
2017-10-30 10:10:00,0.0,pumps,MW,nem,NSW1
2017-10-30 10:15:00,0.0,pumps,MW,nem,NSW1
2017-10-30 10:20:00,0.0,pumps,MW,nem,NSW1
2017-10-30 10:25:00,0.0,pumps,MW,nem,NSW1
2017-10-30 10:30:00,0.0,pumps,MW,nem,NSW1
2017-10-30 10:35:00,0.0,pumps,MW,nem,NSW1
2017-10-30 10:40:00,0.0,pumps,MW,nem,NSW1
2017-10-30 10:45:00,0.0,pumps,MW,nem,NSW1
2017-10-30 10:50:00,0.0,pumps,MW,nem,NSW1
2017-10-30 10:55:00,0.0,pumps,MW,nem,NSW1
2017-10-30 11:00:00,0.0,pumps,MW,nem,NSW1
2017-10-30 11:05:00,0.0,pumps,MW,nem,NSW1
2017-10-30 11:10:00,0.0,pumps,MW,nem,NSW1
2017-10-30 11:15:00,0.0,pumps,MW,nem,NSW1
2017-10-30 11:20:00,0.0,pumps,MW,nem,NSW1
2017-10-30 11:25:00,0.0,pumps,MW,nem,NSW1
2017-10-30 11:30:00,0.0,pumps,MW,nem,NSW1
2017-10-30 11:35:00,0.0,pumps,MW,nem,NSW1
2017-10-30 11:40:00,0.0,pumps,MW,nem,NSW1
2017-10-30 11:45:00,0.0,pumps,MW,nem,NSW1
2017-10-30 11:50:00,0.0,pumps,MW,nem,NSW1
2017-10-30 11:55:00,0.0,pumps,MW,nem,NSW1
2017-10-30 12:00:00,0.0,pumps,MW,nem,NSW1
2017-10-30 12:05:00,0.0,pumps,MW,nem,NSW1
2017-10-30 12:10:00,0.0,pumps,MW,nem,NSW1
2017-10-30 12:15:00,0.0,pumps,MW,nem,NSW1
2017-10-30 12:20:00,0.0,pumps,MW,nem,NSW1
2017-10-30 12:25:00,0.0,pumps,MW,nem,NSW1
2017-10-30 12:30:00,0.0,pumps,MW,nem,NSW1
2017-10-30 12:35:00,0.0,pumps,MW,nem,NSW1
2017-10-30 12:40:00,0.0,pumps,MW,nem,NSW1
2017-10-30 12:45:00,0.0,pumps,MW,nem,NSW1
2017-10-30 12:50:00,0.0,pumps,MW,nem,NSW1
2017-10-30 12:55:00,0.0,pumps,MW,nem,NSW1
2017-10-30 13:00:00,0.0,pumps,MW,nem,NSW1
2017-10-30 13:05:00,0.0,pumps,MW,nem,NSW1
2017-10-30 13:10:00,0.0,pumps,MW,nem,NSW1
2017-10-30 13:15:00,0.0,pumps,MW,nem,NSW1
2017-10-30 13:20:00,0.0,pumps,MW,nem,NSW1
2017-10-30 13:25:00,0.0,pumps,MW,nem,NSW1
2017-10-30 13:30:00,0.0,pumps,MW,nem,NSW1
2017-10-30 13:35:00,0.0,pumps,MW,nem,NSW1
2017-10-30 13:40:00,0.0,pumps,MW,nem,NSW1
2017-10-30 13:45:00,0.0,pumps,MW,nem,NSW1
2017-10-30 13:50:00,0.0,pumps,MW,nem,NSW1
2017-10-30 13:55:00,0.0,pumps,MW,nem,NSW1
2017-10-30 14:00:00,0.0,pumps,MW,nem,NSW1
2017-10-30 14:05:00,0.0,pumps,MW,nem,NSW1
2017-10-30 14:10:00,0.0,pumps,MW,nem,NSW1
2017-10-30 14:15:00,0.0,pumps,MW,nem,NSW1
2017-10-30 14:20:00,0.0,pumps,MW,nem,NSW1
2017-10-30 14:25:00,0.0,pumps,MW,nem,NSW1
2017-10-30 14:30:00,0.0,pumps,MW,nem,NSW1
2017-10-30 14:35:00,0.0,pumps,MW,nem,NSW1
2017-10-30 14:40:00,0.0,pumps,MW,nem,NSW1
2017-10-30 14:45:00,0.0,pumps,MW,nem,NSW1
2017-10-30 14:50:00,0.0,pumps,MW,nem,NSW1
2017-10-30 14:55:00,0.0,pumps,MW,nem,NSW1
2017-10-30 15:00:00,0.0,pumps,MW,nem,NSW1
2017-10-30 15:05:00,0.0,pumps,MW,nem,NSW1
2017-10-30 15:10:00,0.0,pumps,MW,nem,NSW1
2017-10-30 15:15:00,0.0,pumps,MW,nem,NSW1
2017-10-30 15:20:00,0.0,pumps,MW,nem,NSW1
2017-10-30 15:25:00,0.0,pumps,MW,nem,NSW1
2017-10-30 15:30:00,0.0,pumps,MW,nem,NSW1
2017-10-30 15:35:00,0.0,pumps,MW,nem,NSW1
2017-10-30 15:40:00,0.0,pumps,MW,nem,NSW1
2017-10-30 15:45:00,0.0,pumps,MW,nem,NSW1
2017-10-30 15:50:00,0.0,pumps,MW,nem,NSW1
2017-10-30 15:55:00,0.0,pumps,MW,nem,NSW1
2017-10-30 16:00:00,0.0,pumps,MW,nem,NSW1
2017-10-30 16:05:00,0.0,pumps,MW,nem,NSW1
2017-10-30 16:10:00,0.0,pumps,MW,nem,NSW1
2017-10-30 16:15:00,0.0,pumps,MW,nem,NSW1
2017-10-30 16:20:00,0.0,pumps,MW,nem,NSW1
2017-10-30 16:25:00,0.0,pumps,MW,nem,NSW1
2017-10-30 16:30:00,0.0,pumps,MW,nem,NSW1
2017-10-30 16:35:00,0.0,pumps,MW,nem,NSW1
2017-10-30 16:40:00,0.0,pumps,MW,nem,NSW1
2017-10-30 16:45:00,0.0,pumps,MW,nem,NSW1
2017-10-30 16:50:00,0.0,pumps,MW,nem,NSW1
2017-10-30 16:55:00,0.0,pumps,MW,nem,NSW1
2017-10-30 17:00:00,0.0,pumps,MW,nem,NSW1
2017-10-30 17:05:00,0.0,pumps,MW,nem,NSW1
2017-10-30 17:10:00,0.0,pumps,MW,nem,NSW1
2017-10-30 17:15:00,0.0,pumps,MW,nem,NSW1
2017-10-30 17:20:00,0.0,pumps,MW,nem,NSW1
2017-10-30 17:25:00,0.0,pumps,MW,nem,NSW1
2017-10-30 17:30:00,0.0,pumps,MW,nem,NSW1
2017-10-30 17:35:00,0.0,pumps,MW,nem,NSW1
2017-10-30 17:40:00,0.0,pumps,MW,nem,NSW1
2017-10-30 17:45:00,0.0,pumps,MW,nem,NSW1
2017-10-30 17:50:00,0.0,pumps,MW,nem,NSW1
2017-10-30 17:55:00,0.0,pumps,MW,nem,NSW1
2017-10-30 18:00:00,0.0,pumps,MW,nem,NSW1
2017-10-30 18:05:00,0.0,pumps,MW,nem,NSW1
2017-10-30 18:10:00,0.0,pumps,MW,nem,NSW1
2017-10-30 18:15:00,0.0,pumps,MW,nem,NSW1
2017-10-30 18:20:00,0.0,pumps,MW,nem,NSW1
2017-10-30 18:25:00,0.0,pumps,MW,nem,NSW1
2017-10-30 18:30:00,0.0,pumps,MW,nem,NSW1
2017-10-30 18:35:00,0.0,pumps,MW,nem,NSW1
2017-10-30 18:40:00,0.0,pumps,MW,nem,NSW1
2017-10-30 18:45:00,0.0,pumps,MW,nem,NSW1
2017-10-30 18:50:00,0.0,pumps,MW,nem,NSW1
2017-10-30 18:55:00,0.0,pumps,MW,nem,NSW1
2017-10-30 19:00:00,0.0,pumps,MW,nem,NSW1
2017-10-30 19:05:00,0.0,pumps,MW,nem,NSW1
2017-10-30 19:10:00,0.0,pumps,MW,nem,NSW1
2017-10-30 19:15:00,0.0,pumps,MW,nem,NSW1
2017-10-30 19:20:00,0.0,pumps,MW,nem,NSW1
2017-10-30 19:25:00,0.0,pumps,MW,nem,NSW1
2017-10-30 19:30:00,0.0,pumps,MW,nem,NSW1
2017-10-30 19:35:00,0.0,pumps,MW,nem,NSW1
2017-10-30 19:40:00,0.0,pumps,MW,nem,NSW1
2017-10-30 19:45:00,0.0,pumps,MW,nem,NSW1
2017-10-30 19:50:00,0.0,pumps,MW,nem,NSW1
2017-10-30 19:55:00,0.0,pumps,MW,nem,NSW1
2017-10-30 20:00:00,0.0,pumps,MW,nem,NSW1
2017-10-30 20:05:00,0.0,pumps,MW,nem,NSW1
2017-10-30 20:10:00,0.0,pumps,MW,nem,NSW1
2017-10-30 20:15:00,0.0,pumps,MW,nem,NSW1
2017-10-30 20:20:00,0.0,pumps,MW,nem,NSW1
2017-10-30 20:25:00,0.0,pumps,MW,nem,NSW1
2017-10-30 20:30:00,0.0,pumps,MW,nem,NSW1
2017-10-30 20:35:00,0.0,pumps,MW,nem,NSW1
2017-10-30 20:40:00,0.0,pumps,MW,nem,NSW1
2017-10-30 20:45:00,0.0,pumps,MW,nem,NSW1
2017-10-30 20:50:00,0.0,pumps,MW,nem,NSW1
2017-10-30 20:55:00,0.0,pumps,MW,nem,NSW1
2017-10-30 21:00:00,0.0,pumps,MW,nem,NSW1
2017-10-30 21:05:00,0.0,pumps,MW,nem,NSW1
2017-10-30 21:10:00,0.0,pumps,MW,nem,NSW1
2017-10-30 21:15:00,0.0,pumps,MW,nem,NSW1
2017-10-30 21:20:00,0.0,pumps,MW,nem,NSW1
2017-10-30 21:25:00,0.0,pumps,MW,nem,NSW1
2017-10-30 21:30:00,0.0,pumps,MW,nem,NSW1
2017-10-30 21:35:00,0.0,pumps,MW,nem,NSW1
2017-10-30 21:40:00,0.0,pumps,MW,nem,NSW1
2017-10-30 21:45:00,81.03,pumps,MW,nem,NSW1
2017-10-30 21:50:00,79.57,pumps,MW,nem,NSW1
2017-10-30 21:55:00,79.86,pumps,MW,nem,NSW1
2017-10-30 22:00:00,78.98,pumps,MW,nem,NSW1
2017-10-30 22:05:00,79.96,pumps,MW,nem,NSW1
2017-10-30 22:10:00,79.86,pumps,MW,nem,NSW1
2017-10-30 22:15:00,79.18,pumps,MW,nem,NSW1
2017-10-30 22:20:00,78.88,pumps,MW,nem,NSW1
2017-10-30 22:25:00,79.66,pumps,MW,nem,NSW1
2017-10-30 22:30:00,78.59,pumps,MW,nem,NSW1
2017-10-30 22:35:00,79.66,pumps,MW,nem,NSW1
2017-10-30 22:40:00,79.08,pumps,MW,nem,NSW1
2017-10-30 22:45:00,79.18,pumps,MW,nem,NSW1
2017-10-30 22:50:00,79.57,pumps,MW,nem,NSW1
2017-10-30 22:55:00,79.37,pumps,MW,nem,NSW1
2017-10-30 23:00:00,79.08,pumps,MW,nem,NSW1
2017-10-30 23:05:00,79.76,pumps,MW,nem,NSW1
2017-10-30 23:10:00,79.18,pumps,MW,nem,NSW1
2017-10-30 23:15:00,121.0,pumps,MW,nem,NSW1
2017-10-30 23:20:00,121.0,pumps,MW,nem,NSW1
2017-10-30 23:25:00,120.9,pumps,MW,nem,NSW1
2017-10-30 23:30:00,121.4,pumps,MW,nem,NSW1
2017-10-30 23:35:00,120.4,pumps,MW,nem,NSW1
2017-10-30 23:40:00,119.5,pumps,MW,nem,NSW1
2017-10-30 23:45:00,121.4,pumps,MW,nem,NSW1
2017-10-30 23:50:00,120.6,pumps,MW,nem,NSW1
2017-10-30 23:55:00,121.3,pumps,MW,nem,NSW1
2017-10-31 00:00:00,121.3,pumps,MW,nem,NSW1
2017-10-31 00:05:00,121.6,pumps,MW,nem,NSW1
2017-10-31 00:10:00,120.3,pumps,MW,nem,NSW1
2017-10-31 00:15:00,119.8,pumps,MW,nem,NSW1
2017-10-31 00:20:00,120.9,pumps,MW,nem,NSW1
2017-10-31 00:25:00,121.4,pumps,MW,nem,NSW1
2017-10-31 00:30:00,121.6,pumps,MW,nem,NSW1
2017-10-31 00:35:00,121.1,pumps,MW,nem,NSW1
2017-10-31 00:40:00,120.2,pumps,MW,nem,NSW1
2017-10-31 00:45:00,121.4,pumps,MW,nem,NSW1
2017-10-31 00:50:00,121.7,pumps,MW,nem,NSW1
2017-10-31 00:55:00,121.0,pumps,MW,nem,NSW1
2017-10-31 01:00:00,120.6,pumps,MW,nem,NSW1
2017-10-31 01:05:00,121.2,pumps,MW,nem,NSW1
2017-10-31 01:10:00,122.2,pumps,MW,nem,NSW1
2017-10-31 01:15:00,120.6,pumps,MW,nem,NSW1
2017-10-31 01:20:00,120.4,pumps,MW,nem,NSW1
2017-10-31 01:25:00,122.1,pumps,MW,nem,NSW1
2017-10-31 01:30:00,120.2,pumps,MW,nem,NSW1
2017-10-31 01:35:00,120.2,pumps,MW,nem,NSW1
2017-10-31 01:40:00,121.3,pumps,MW,nem,NSW1
2017-10-31 01:45:00,123.0,pumps,MW,nem,NSW1
2017-10-31 01:50:00,121.2,pumps,MW,nem,NSW1
2017-10-31 01:55:00,121.2,pumps,MW,nem,NSW1
2017-10-31 02:00:00,120.1,pumps,MW,nem,NSW1
2017-10-31 02:05:00,120.7,pumps,MW,nem,NSW1
2017-10-31 02:10:00,121.9,pumps,MW,nem,NSW1
2017-10-31 02:15:00,121.3,pumps,MW,nem,NSW1
2017-10-31 02:20:00,121.4,pumps,MW,nem,NSW1
2017-10-31 02:25:00,121.6,pumps,MW,nem,NSW1
2017-10-31 02:30:00,121.2,pumps,MW,nem,NSW1
2017-10-31 02:35:00,121.0,pumps,MW,nem,NSW1
2017-10-31 02:40:00,121.0,pumps,MW,nem,NSW1
2017-10-31 02:45:00,120.5,pumps,MW,nem,NSW1
2017-10-31 02:50:00,121.2,pumps,MW,nem,NSW1
2017-10-31 02:55:00,121.3,pumps,MW,nem,NSW1
2017-10-31 03:00:00,121.0,pumps,MW,nem,NSW1
2017-10-31 03:05:00,121.2,pumps,MW,nem,NSW1
2017-10-31 03:10:00,119.5,pumps,MW,nem,NSW1
2017-10-31 03:15:00,121.0,pumps,MW,nem,NSW1
2017-10-31 03:20:00,121.4,pumps,MW,nem,NSW1
2017-10-31 03:25:00,121.0,pumps,MW,nem,NSW1
2017-10-31 03:30:00,120.1,pumps,MW,nem,NSW1
2017-10-31 03:35:00,121.4,pumps,MW,nem,NSW1
2017-10-31 03:40:00,120.1,pumps,MW,nem,NSW1
2017-10-31 03:45:00,119.9,pumps,MW,nem,NSW1
2017-10-31 03:50:00,121.4,pumps,MW,nem,NSW1
2017-10-31 03:55:00,120.2,pumps,MW,nem,NSW1
2017-10-31 04:00:00,121.1,pumps,MW,nem,NSW1
2017-10-31 04:05:00,119.6,pumps,MW,nem,NSW1
2017-10-31 04:10:00,121.3,pumps,MW,nem,NSW1
2017-10-31 04:15:00,121.5,pumps,MW,nem,NSW1
2017-10-31 04:20:00,121.1,pumps,MW,nem,NSW1
2017-10-31 04:25:00,120.7,pumps,MW,nem,NSW1
2017-10-31 04:30:00,121.2,pumps,MW,nem,NSW1
2017-10-31 04:35:00,121.7,pumps,MW,nem,NSW1
2017-10-31 04:40:00,120.2,pumps,MW,nem,NSW1
2017-10-31 04:45:00,121.2,pumps,MW,nem,NSW1
2017-10-31 04:50:00,120.9,pumps,MW,nem,NSW1
2017-10-31 04:55:00,119.9,pumps,MW,nem,NSW1
2017-10-31 05:00:00,119.9,pumps,MW,nem,NSW1
2017-10-31 05:05:00,120.5,pumps,MW,nem,NSW1
2017-10-31 05:10:00,121.2,pumps,MW,nem,NSW1
2017-10-31 05:15:00,120.9,pumps,MW,nem,NSW1
2017-10-31 05:20:00,121.4,pumps,MW,nem,NSW1
2017-10-31 05:25:00,121.7,pumps,MW,nem,NSW1
2017-10-31 05:30:00,121.6,pumps,MW,nem,NSW1
2017-10-31 05:35:00,120.2,pumps,MW,nem,NSW1
2017-10-31 05:40:00,120.5,pumps,MW,nem,NSW1
2017-10-31 05:45:00,121.2,pumps,MW,nem,NSW1
2017-10-31 05:50:00,0.0,pumps,MW,nem,NSW1
2017-10-31 05:55:00,0.0,pumps,MW,nem,NSW1
2017-10-31 06:00:00,0.0,pumps,MW,nem,NSW1
2017-10-31 06:05:00,0.0,pumps,MW,nem,NSW1
2017-10-31 06:10:00,0.0,pumps,MW,nem,NSW1
2017-10-31 06:15:00,0.0,pumps,MW,nem,NSW1
2017-10-31 06:20:00,0.0,pumps,MW,nem,NSW1
2017-10-31 06:25:00,0.0,pumps,MW,nem,NSW1
2017-10-31 06:30:00,0.0,pumps,MW,nem,NSW1
2017-10-31 06:35:00,0.0,pumps,MW,nem,NSW1
2017-10-31 06:40:00,0.0,pumps,MW,nem,NSW1
2017-10-31 06:45:00,0.0,pumps,MW,nem,NSW1
2017-10-31 06:50:00,0.0,pumps,MW,nem,NSW1
2017-10-31 06:55:00,0.0,pumps,MW,nem,NSW1
2017-10-31 07:00:00,0.0,pumps,MW,nem,NSW1
2017-10-31 07:05:00,0.0,pumps,MW,nem,NSW1
2017-10-31 07:10:00,0.0,pumps,MW,nem,NSW1
2017-10-31 07:15:00,0.0,pumps,MW,nem,NSW1
2017-10-31 07:20:00,0.0,pumps,MW,nem,NSW1
2017-10-31 07:25:00,0.0,pumps,MW,nem,NSW1
2017-10-31 07:30:00,0.0,pumps,MW,nem,NSW1
2017-10-31 07:35:00,0.0,pumps,MW,nem,NSW1
2017-10-31 07:40:00,0.0,pumps,MW,nem,NSW1
2017-10-31 07:45:00,0.0,pumps,MW,nem,NSW1
2017-10-31 07:50:00,0.0,pumps,MW,nem,NSW1
2017-10-31 07:55:00,0.0,pumps,MW,nem,NSW1
2017-10-31 08:00:00,0.0,pumps,MW,nem,NSW1
2017-10-31 08:05:00,0.0,pumps,MW,nem,NSW1
2017-10-31 08:10:00,0.0,pumps,MW,nem,NSW1
2017-10-31 08:15:00,0.0,pumps,MW,nem,NSW1
2017-10-31 08:20:00,0.0,pumps,MW,nem,NSW1
2017-10-31 08:25:00,0.0,pumps,MW,nem,NSW1
2017-10-31 08:30:00,0.0,pumps,MW,nem,NSW1
2017-10-31 08:35:00,0.0,pumps,MW,nem,NSW1
2017-10-31 08:40:00,0.0,pumps,MW,nem,NSW1
2017-10-31 08:45:00,0.0,pumps,MW,nem,NSW1
2017-10-31 08:50:00,0.0,pumps,MW,nem,NSW1
2017-10-31 08:55:00,0.0,pumps,MW,nem,NSW1
2017-10-31 09:00:00,0.0,pumps,MW,nem,NSW1
2017-10-31 09:05:00,0.0,pumps,MW,nem,NSW1
2017-10-31 09:10:00,0.0,pumps,MW,nem,NSW1
2017-10-31 09:15:00,0.0,pumps,MW,nem,NSW1
2017-10-31 09:20:00,0.0,pumps,MW,nem,NSW1
2017-10-31 09:25:00,0.0,pumps,MW,nem,NSW1
2017-10-31 09:30:00,0.0,pumps,MW,nem,NSW1
2017-10-31 09:35:00,0.0,pumps,MW,nem,NSW1
2017-10-31 09:40:00,0.0,pumps,MW,nem,NSW1
2017-10-31 09:45:00,0.0,pumps,MW,nem,NSW1
2017-10-31 09:50:00,0.0,pumps,MW,nem,NSW1
2017-10-31 09:55:00,0.0,pumps,MW,nem,NSW1
2017-10-31 10:00:00,0.0,pumps,MW,nem,NSW1
2017-10-31 10:05:00,0.0,pumps,MW,nem,NSW1
2017-10-31 10:10:00,0.0,pumps,MW,nem,NSW1
2017-10-31 10:15:00,0.0,pumps,MW,nem,NSW1
2017-10-31 10:20:00,0.0,pumps,MW,nem,NSW1
2017-10-31 10:25:00,0.0,pumps,MW,nem,NSW1
2017-10-31 10:30:00,0.0,pumps,MW,nem,NSW1
2017-10-31 10:35:00,0.0,pumps,MW,nem,NSW1
2017-10-31 10:40:00,0.0,pumps,MW,nem,NSW1
2017-10-31 10:45:00,0.0,pumps,MW,nem,NSW1
2017-10-31 10:50:00,0.0,pumps,MW,nem,NSW1
2017-10-31 10:55:00,0.0,pumps,MW,nem,NSW1
2017-10-31 11:00:00,0.0,pumps,MW,nem,NSW1
2017-10-31 11:05:00,0.0,pumps,MW,nem,NSW1
2017-10-31 11:10:00,0.0,pumps,MW,nem,NSW1
2017-10-31 11:15:00,0.0,pumps,MW,nem,NSW1
2017-10-31 11:20:00,0.0,pumps,MW,nem,NSW1
2017-10-31 11:25:00,0.0,pumps,MW,nem,NSW1
2017-10-31 11:30:00,0.0,pumps,MW,nem,NSW1
2017-10-31 11:35:00,0.0,pumps,MW,nem,NSW1
2017-10-31 11:40:00,0.0,pumps,MW,nem,NSW1
2017-10-31 11:45:00,0.0,pumps,MW,nem,NSW1
2017-10-31 11:50:00,0.0,pumps,MW,nem,NSW1
2017-10-31 11:55:00,0.0,pumps,MW,nem,NSW1
2017-10-31 12:00:00,0.0,pumps,MW,nem,NSW1
2017-10-31 12:05:00,0.0,pumps,MW,nem,NSW1
2017-10-31 12:10:00,0.0,pumps,MW,nem,NSW1
2017-10-31 12:15:00,0.0,pumps,MW,nem,NSW1
2017-10-31 12:20:00,0.0,pumps,MW,nem,NSW1
2017-10-31 12:25:00,0.0,pumps,MW,nem,NSW1
2017-10-31 12:30:00,0.0,pumps,MW,nem,NSW1
2017-10-31 12:35:00,0.0,pumps,MW,nem,NSW1
2017-10-31 12:40:00,0.0,pumps,MW,nem,NSW1
2017-10-31 12:45:00,0.0,pumps,MW,nem,NSW1
2017-10-31 12:50:00,0.0,pumps,MW,nem,NSW1
2017-10-31 12:55:00,0.0,pumps,MW,nem,NSW1
2017-10-31 13:00:00,0.0,pumps,MW,nem,NSW1
2017-10-31 13:05:00,0.0,pumps,MW,nem,NSW1
2017-10-31 13:10:00,0.0,pumps,MW,nem,NSW1
2017-10-31 13:15:00,0.0,pumps,MW,nem,NSW1
2017-10-31 13:20:00,0.0,pumps,MW,nem,NSW1
2017-10-31 13:25:00,0.0,pumps,MW,nem,NSW1
2017-10-31 13:30:00,0.0,pumps,MW,nem,NSW1
2017-10-31 13:35:00,0.0,pumps,MW,nem,NSW1
2017-10-31 13:40:00,0.0,pumps,MW,nem,NSW1
2017-10-31 13:45:00,0.0,pumps,MW,nem,NSW1
2017-10-31 13:50:00,0.0,pumps,MW,nem,NSW1
2017-10-31 13:55:00,0.0,pumps,MW,nem,NSW1
2017-10-31 14:00:00,0.0,pumps,MW,nem,NSW1
2017-10-31 14:05:00,0.0,pumps,MW,nem,NSW1
2017-10-31 14:10:00,0.0,pumps,MW,nem,NSW1
2017-10-31 14:15:00,0.0,pumps,MW,nem,NSW1
2017-10-31 14:20:00,0.0,pumps,MW,nem,NSW1
2017-10-31 14:25:00,0.0,pumps,MW,nem,NSW1
2017-10-31 14:30:00,0.0,pumps,MW,nem,NSW1
2017-10-31 14:35:00,0.0,pumps,MW,nem,NSW1
2017-10-31 14:40:00,0.0,pumps,MW,nem,NSW1
2017-10-31 14:45:00,0.0,pumps,MW,nem,NSW1
2017-10-31 14:50:00,0.0,pumps,MW,nem,NSW1
2017-10-31 14:55:00,0.0,pumps,MW,nem,NSW1
2017-10-31 15:00:00,0.0,pumps,MW,nem,NSW1
2017-10-31 15:05:00,0.0,pumps,MW,nem,NSW1
2017-10-31 15:10:00,0.0,pumps,MW,nem,NSW1
2017-10-31 15:15:00,0.0,pumps,MW,nem,NSW1
2017-10-31 15:20:00,0.0,pumps,MW,nem,NSW1
2017-10-31 15:25:00,0.0,pumps,MW,nem,NSW1
2017-10-31 15:30:00,0.0,pumps,MW,nem,NSW1
2017-10-31 15:35:00,0.0,pumps,MW,nem,NSW1
2017-10-31 15:40:00,0.0,pumps,MW,nem,NSW1
2017-10-31 15:45:00,0.0,pumps,MW,nem,NSW1
2017-10-31 15:50:00,0.0,pumps,MW,nem,NSW1
2017-10-31 15:55:00,0.0,pumps,MW,nem,NSW1
2017-10-31 16:00:00,0.0,pumps,MW,nem,NSW1
2017-10-31 16:05:00,0.0,pumps,MW,nem,NSW1
2017-10-31 16:10:00,0.0,pumps,MW,nem,NSW1
2017-10-31 16:15:00,0.0,pumps,MW,nem,NSW1
2017-10-31 16:20:00,0.0,pumps,MW,nem,NSW1
2017-10-31 16:25:00,0.0,pumps,MW,nem,NSW1
2017-10-31 16:30:00,0.0,pumps,MW,nem,NSW1
2017-10-31 16:35:00,0.0,pumps,MW,nem,NSW1
2017-10-31 16:40:00,0.0,pumps,MW,nem,NSW1
2017-10-31 16:45:00,0.0,pumps,MW,nem,NSW1
2017-10-31 16:50:00,0.0,pumps,MW,nem,NSW1
2017-10-31 16:55:00,0.0,pumps,MW,nem,NSW1
2017-10-31 17:00:00,0.0,pumps,MW,nem,NSW1
2017-10-31 17:05:00,0.0,pumps,MW,nem,NSW1
2017-10-31 17:10:00,0.0,pumps,MW,nem,NSW1
2017-10-31 17:15:00,0.0,pumps,MW,nem,NSW1
2017-10-31 17:20:00,0.0,pumps,MW,nem,NSW1
2017-10-31 17:25:00,0.0,pumps,MW,nem,NSW1
2017-10-31 17:30:00,0.0,pumps,MW,nem,NSW1
2017-10-31 17:35:00,0.0,pumps,MW,nem,NSW1
2017-10-31 17:40:00,0.0,pumps,MW,nem,NSW1
2017-10-31 17:45:00,0.0,pumps,MW,nem,NSW1
2017-10-31 17:50:00,0.0,pumps,MW,nem,NSW1
2017-10-31 17:55:00,0.0,pumps,MW,nem,NSW1
2017-10-31 18:00:00,0.0,pumps,MW,nem,NSW1
2017-10-31 18:05:00,0.0,pumps,MW,nem,NSW1
2017-10-31 18:10:00,0.0,pumps,MW,nem,NSW1
2017-10-31 18:15:00,0.0,pumps,MW,nem,NSW1
2017-10-31 18:20:00,0.0,pumps,MW,nem,NSW1
2017-10-31 18:25:00,0.0,pumps,MW,nem,NSW1
2017-10-31 18:30:00,0.0,pumps,MW,nem,NSW1
2017-10-31 18:35:00,0.0,pumps,MW,nem,NSW1
2017-10-31 18:40:00,0.0,pumps,MW,nem,NSW1
2017-10-31 18:45:00,0.0,pumps,MW,nem,NSW1
2017-10-31 18:50:00,0.0,pumps,MW,nem,NSW1
2017-10-31 18:55:00,0.0,pumps,MW,nem,NSW1
2017-10-31 19:00:00,0.0,pumps,MW,nem,NSW1
2017-10-31 19:05:00,0.0,pumps,MW,nem,NSW1
2017-10-31 19:10:00,0.0,pumps,MW,nem,NSW1
2017-10-31 19:15:00,0.0,pumps,MW,nem,NSW1
2017-10-31 19:20:00,0.0,pumps,MW,nem,NSW1
2017-10-31 19:25:00,0.0,pumps,MW,nem,NSW1
2017-10-31 19:30:00,0.0,pumps,MW,nem,NSW1
2017-10-31 19:35:00,0.0,pumps,MW,nem,NSW1
2017-10-31 19:40:00,0.0,pumps,MW,nem,NSW1
2017-10-31 19:45:00,0.0,pumps,MW,nem,NSW1
2017-10-31 19:50:00,0.0,pumps,MW,nem,NSW1
2017-10-31 19:55:00,0.0,pumps,MW,nem,NSW1
2017-10-31 20:00:00,0.0,pumps,MW,nem,NSW1
2017-10-31 20:05:00,0.0,pumps,MW,nem,NSW1
2017-10-31 20:10:00,0.0,pumps,MW,nem,NSW1
2017-10-31 20:15:00,0.0,pumps,MW,nem,NSW1
2017-10-31 20:20:00,0.0,pumps,MW,nem,NSW1
2017-10-31 20:25:00,0.0,pumps,MW,nem,NSW1
2017-10-31 20:30:00,0.0,pumps,MW,nem,NSW1
2017-10-31 20:35:00,0.0,pumps,MW,nem,NSW1
2017-10-31 20:40:00,0.0,pumps,MW,nem,NSW1
2017-10-31 20:45:00,0.0,pumps,MW,nem,NSW1
2017-10-31 20:50:00,0.0,pumps,MW,nem,NSW1
2017-10-31 20:55:00,0.0,pumps,MW,nem,NSW1
2017-10-31 21:00:00,0.0,pumps,MW,nem,NSW1
2017-10-31 21:05:00,0.0,pumps,MW,nem,NSW1
2017-10-31 21:10:00,0.0,pumps,MW,nem,NSW1
2017-10-31 21:15:00,0.0,pumps,MW,nem,NSW1
2017-10-31 21:20:00,0.0,pumps,MW,nem,NSW1
2017-10-31 21:25:00,0.0,pumps,MW,nem,NSW1
2017-10-31 21:30:00,0.0,pumps,MW,nem,NSW1
2017-10-31 21:35:00,0.0,pumps,MW,nem,NSW1
2017-10-31 21:40:00,0.0,pumps,MW,nem,NSW1
2017-10-31 21:45:00,0.0,pumps,MW,nem,NSW1
2017-10-31 21:50:00,0.0,pumps,MW,nem,NSW1
2017-10-31 21:55:00,0.0,pumps,MW,nem,NSW1
2017-10-31 22:00:00,0.0,pumps,MW,nem,NSW1
2017-10-31 22:05:00,0.0,pumps,MW,nem,NSW1
2017-10-31 22:10:00,0.0,pumps,MW,nem,NSW1
2017-10-31 22:15:00,0.0,pumps,MW,nem,NSW1
2017-10-31 22:20:00,0.0,pumps,MW,nem,NSW1
2017-10-31 22:25:00,0.0,pumps,MW,nem,NSW1
2017-10-31 22:30:00,0.0,pumps,MW,nem,NSW1
2017-10-31 22:35:00,0.0,pumps,MW,nem,NSW1
2017-10-31 22:40:00,0.0,pumps,MW,nem,NSW1
2017-10-31 22:45:00,0.0,pumps,MW,nem,NSW1
2017-10-31 22:50:00,0.0,pumps,MW,nem,NSW1
2017-10-31 22:55:00,0.0,pumps,MW,nem,NSW1
2017-10-31 23:00:00,0.0,pumps,MW,nem,NSW1
2017-10-31 23:05:00,0.0,pumps,MW,nem,NSW1
2017-10-31 23:10:00,0.0,pumps,MW,nem,NSW1
2017-10-31 23:15:00,0.0,pumps,MW,nem,NSW1
2017-10-31 23:20:00,0.0,pumps,MW,nem,NSW1
2017-10-31 23:25:00,0.0,pumps,MW,nem,NSW1
2017-10-31 23:30:00,0.0,pumps,MW,nem,NSW1
2017-10-31 23:35:00,0.0,pumps,MW,nem,NSW1
2017-10-31 23:40:00,0.0,pumps,MW,nem,NSW1
2017-10-31 23:45:00,0.0,pumps,MW,nem,NSW1
2017-10-31 23:50:00,0.0,pumps,MW,nem,NSW1
2017-10-31 23:55:00,0.0,pumps,MW,nem,NSW1
2017-10-01 00:00:00,0.0,gas_ccgt,MW,nem,NSW1
2017-10-01 00:05:00,0.0,gas_ccgt,MW,nem,NSW1
2017-10-01 00:10:00,0.0,gas_ccgt,MW,nem,NSW1
2017-10-01 00:15:00,0.0,gas_ccgt,MW,nem,NSW1
2017-10-01 00:20:00,0.0,gas_ccgt,MW,nem,NSW1
2017-10-01 00:25:00,0.0,gas_ccgt,MW,nem,NSW1
2017-10-01 00:30:00,0.0,gas_ccgt,MW,nem,NSW1
2017-10-01 00:35:00,0.0,gas_ccgt,MW,nem,NSW1
2017-10-01 00:40:00,0.0,gas_ccgt,MW,nem,NSW1
2017-10-01 00:45:00,0.0,gas_ccgt,MW,nem,NSW1
2017-10-01 00:50:00,0.0,gas_ccgt,MW,nem,NSW1
2017-10-01 00:55:00,0.0,gas_ccgt,MW,nem,NSW1
2017-10-01 01:00:00,0.0,gas_ccgt,MW,nem,NSW1
2017-10-01 01:05:00,0.0,gas_ccgt,MW,nem,NSW1
2017-10-01 01:10:00,0.0,gas_ccgt,MW,nem,NSW1
2017-10-01 01:15:00,0.0,gas_ccgt,MW,nem,NSW1
2017-10-01 01:20:00,0.0,gas_ccgt,MW,nem,NSW1
2017-10-01 01:25:00,0.0,gas_ccgt,MW,nem,NSW1
2017-10-01 01:30:00,0.0,gas_ccgt,MW,nem,NSW1
2017-10-01 01:35:00,0.0,gas_ccgt,MW,nem,NSW1
2017-10-01 01:40:00,0.0,gas_ccgt,MW,nem,NSW1
2017-10-01 01:45:00,0.0,gas_ccgt,MW,nem,NSW1
2017-10-01 01:50:00,0.0,gas_ccgt,MW,nem,NSW1
2017-10-01 01:55:00,0.0,gas_ccgt,MW,nem,NSW1
2017-10-01 02:00:00,0.0,gas_ccgt,MW,nem,NSW1
2017-10-01 02:05:00,0.0,gas_ccgt,MW,nem,NSW1
2017-10-01 02:10:00,0.0,gas_ccgt,MW,nem,NSW1
2017-10-01 02:15:00,0.0,gas_ccgt,MW,nem,NSW1
2017-10-01 02:20:00,0.0,gas_ccgt,MW,nem,NSW1
2017-10-01 02:25:00,0.0,gas_ccgt,MW,nem,NSW1
2017-10-01 02:30:00,0.0,gas_ccgt,MW,nem,NSW1
2017-10-01 02:35:00,0.0,gas_ccgt,MW,nem,NSW1
2017-10-01 02:40:00,0.0,gas_ccgt,MW,nem,NSW1
2017-10-01 02:45:00,0.0,gas_ccgt,MW,nem,NSW1
2017-10-01 02:50:00,0.0,gas_ccgt,MW,nem,NSW1
2017-10-01 02:55:00,0.0,gas_ccgt,MW,nem,NSW1
2017-10-01 03:00:00,0.0,gas_ccgt,MW,nem,NSW1
2017-10-01 03:05:00,0.0,gas_ccgt,MW,nem,NSW1
2017-10-01 03:10:00,0.0,gas_ccgt,MW,nem,NSW1
2017-10-01 03:15:00,0.0,gas_ccgt,MW,nem,NSW1
2017-10-01 03:20:00,0.0,gas_ccgt,MW,nem,NSW1
2017-10-01 03:25:00,0.0,gas_ccgt,MW,nem,NSW1
2017-10-01 03:30:00,0.0,gas_ccgt,MW,nem,NSW1
2017-10-01 03:35:00,0.0,gas_ccgt,MW,nem,NSW1
2017-10-01 03:40:00,0.0,gas_ccgt,MW,nem,NSW1
2017-10-01 03:45:00,0.0,gas_ccgt,MW,nem,NSW1
2017-10-01 03:50:00,0.0,gas_ccgt,MW,nem,NSW1
2017-10-01 03:55:00,0.0,gas_ccgt,MW,nem,NSW1
2017-10-01 04:00:00,0.0,gas_ccgt,MW,nem,NSW1
2017-10-01 04:05:00,0.0,gas_ccgt,MW,nem,NSW1
2017-10-01 04:10:00,0.0,gas_ccgt,MW,nem,NSW1
2017-10-01 04:15:00,0.0,gas_ccgt,MW,nem,NSW1
2017-10-01 04:20:00,0.0,gas_ccgt,MW,nem,NSW1
2017-10-01 04:25:00,0.0,gas_ccgt,MW,nem,NSW1
2017-10-01 04:30:00,0.0,gas_ccgt,MW,nem,NSW1
2017-10-01 04:35:00,0.0,gas_ccgt,MW,nem,NSW1
2017-10-01 04:40:00,0.0,gas_ccgt,MW,nem,NSW1
2017-10-01 04:45:00,0.0,gas_ccgt,MW,nem,NSW1
2017-10-01 04:50:00,0.0,gas_ccgt,MW,nem,NSW1
2017-10-01 04:55:00,0.0,gas_ccgt,MW,nem,NSW1
2017-10-01 05:00:00,0.0,gas_ccgt,MW,nem,NSW1
2017-10-01 05:05:00,0.0,gas_ccgt,MW,nem,NSW1
2017-10-01 05:10:00,0.0,gas_ccgt,MW,nem,NSW1
2017-10-01 05:15:00,0.0,gas_ccgt,MW,nem,NSW1
2017-10-01 05:20:00,0.0,gas_ccgt,MW,nem,NSW1
2017-10-01 05:25:00,0.0,gas_ccgt,MW,nem,NSW1
2017-10-01 05:30:00,0.0,gas_ccgt,MW,nem,NSW1
2017-10-01 05:35:00,0.0,gas_ccgt,MW,nem,NSW1
2017-10-01 05:40:00,0.0,gas_ccgt,MW,nem,NSW1
2017-10-01 05:45:00,0.0,gas_ccgt,MW,nem,NSW1
2017-10-01 05:50:00,0.0,gas_ccgt,MW,nem,NSW1
2017-10-01 05:55:00,0.0,gas_ccgt,MW,nem,NSW1
2017-10-01 06:00:00,0.0,gas_ccgt,MW,nem,NSW1
2017-10-01 06:05:00,0.0,gas_ccgt,MW,nem,NSW1
2017-10-01 06:10:00,0.0,gas_ccgt,MW,nem,NSW1
2017-10-01 06:15:00,0.0,gas_ccgt,MW,nem,NSW1
2017-10-01 06:20:00,0.0,gas_ccgt,MW,nem,NSW1
2017-10-01 06:25:00,0.0,gas_ccgt,MW,nem,NSW1
2017-10-01 06:30:00,0.0,gas_ccgt,MW,nem,NSW1
2017-10-01 06:35:00,0.0,gas_ccgt,MW,nem,NSW1
2017-10-01 06:40:00,0.0,gas_ccgt,MW,nem,NSW1
2017-10-01 06:45:00,0.0,gas_ccgt,MW,nem,NSW1
2017-10-01 06:50:00,0.0,gas_ccgt,MW,nem,NSW1
2017-10-01 06:55:00,0.0,gas_ccgt,MW,nem,NSW1
2017-10-01 07:00:00,0.0,gas_ccgt,MW,nem,NSW1
2017-10-01 07:05:00,0.0,gas_ccgt,MW,nem,NSW1
2017-10-01 07:10:00,0.0,gas_ccgt,MW,nem,NSW1
2017-10-01 07:15:00,0.0,gas_ccgt,MW,nem,NSW1
2017-10-01 07:20:00,0.0,gas_ccgt,MW,nem,NSW1
2017-10-01 07:25:00,0.0,gas_ccgt,MW,nem,NSW1
2017-10-01 07:30:00,0.0,gas_ccgt,MW,nem,NSW1
2017-10-01 07:35:00,0.0,gas_ccgt,MW,nem,NSW1
2017-10-01 07:40:00,0.0,gas_ccgt,MW,nem,NSW1
2017-10-01 07:45:00,0.0,gas_ccgt,MW,nem,NSW1
2017-10-01 07:50:00,0.0,gas_ccgt,MW,nem,NSW1
2017-10-01 07:55:00,0.0,gas_ccgt,MW,nem,NSW1
2017-10-01 08:00:00,0.0,gas_ccgt,MW,nem,NSW1
2017-10-01 08:05:00,0.0,gas_ccgt,MW,nem,NSW1
2017-10-01 08:10:00,24.0,gas_ccgt,MW,nem,NSW1
2017-10-01 08:15:00,53.0,gas_ccgt,MW,nem,NSW1
2017-10-01 08:20:00,51.0,gas_ccgt,MW,nem,NSW1
2017-10-01 08:25:00,51.0,gas_ccgt,MW,nem,NSW1
2017-10-01 08:30:00,49.0,gas_ccgt,MW,nem,NSW1
2017-10-01 08:35:00,49.0,gas_ccgt,MW,nem,NSW1
2017-10-01 08:40:00,49.0,gas_ccgt,MW,nem,NSW1
2017-10-01 08:45:00,49.0,gas_ccgt,MW,nem,NSW1
2017-10-01 08:50:00,49.0,gas_ccgt,MW,nem,NSW1
2017-10-01 08:55:00,49.0,gas_ccgt,MW,nem,NSW1
2017-10-01 09:00:00,49.0,gas_ccgt,MW,nem,NSW1
2017-10-01 09:05:00,49.0,gas_ccgt,MW,nem,NSW1
2017-10-01 09:10:00,49.0,gas_ccgt,MW,nem,NSW1
2017-10-01 09:15:00,82.0,gas_ccgt,MW,nem,NSW1
2017-10-01 09:20:00,100.0,gas_ccgt,MW,nem,NSW1
2017-10-01 09:25:00,70.0,gas_ccgt,MW,nem,NSW1
2017-10-01 09:30:00,76.0,gas_ccgt,MW,nem,NSW1
2017-10-01 09:35:00,88.0,gas_ccgt,MW,nem,NSW1
2017-10-01 09:40:00,104.0,gas_ccgt,MW,nem,NSW1
2017-10-01 09:45:00,105.0,gas_ccgt,MW,nem,NSW1
2017-10-01 09:50:00,115.0,gas_ccgt,MW,nem,NSW1
2017-10-01 09:55:00,113.0,gas_ccgt,MW,nem,NSW1
2017-10-01 10:00:00,114.0,gas_ccgt,MW,nem,NSW1
2017-10-01 10:05:00,144.0,gas_ccgt,MW,nem,NSW1
2017-10-01 10:10:00,173.0,gas_ccgt,MW,nem,NSW1
2017-10-01 10:15:00,190.0,gas_ccgt,MW,nem,NSW1
2017-10-01 10:20:00,190.0,gas_ccgt,MW,nem,NSW1
2017-10-01 10:25:00,190.0,gas_ccgt,MW,nem,NSW1
2017-10-01 10:30:00,213.0,gas_ccgt,MW,nem,NSW1
2017-10-01 10:35:00,241.0,gas_ccgt,MW,nem,NSW1
2017-10-01 10:40:00,268.0,gas_ccgt,MW,nem,NSW1
2017-10-01 10:45:00,295.0,gas_ccgt,MW,nem,NSW1
2017-10-01 10:50:00,322.0,gas_ccgt,MW,nem,NSW1
2017-10-01 10:55:00,348.0,gas_ccgt,MW,nem,NSW1
2017-10-01 11:00:00,377.0,gas_ccgt,MW,nem,NSW1
2017-10-01 11:05:00,400.0,gas_ccgt,MW,nem,NSW1
2017-10-01 11:10:00,412.0,gas_ccgt,MW,nem,NSW1
2017-10-01 11:15:00,413.0,gas_ccgt,MW,nem,NSW1
2017-10-01 11:20:00,413.0,gas_ccgt,MW,nem,NSW1
2017-10-01 11:25:00,414.0,gas_ccgt,MW,nem,NSW1
2017-10-01 11:30:00,414.0,gas_ccgt,MW,nem,NSW1
2017-10-01 11:35:00,414.0,gas_ccgt,MW,nem,NSW1
2017-10-01 11:40:00,414.0,gas_ccgt,MW,nem,NSW1
2017-10-01 11:45:00,414.0,gas_ccgt,MW,nem,NSW1
2017-10-01 11:50:00,414.0,gas_ccgt,MW,nem,NSW1
2017-10-01 11:55:00,415.0,gas_ccgt,MW,nem,NSW1
2017-10-01 12:00:00,414.0,gas_ccgt,MW,nem,NSW1
2017-10-01 12:05:00,416.0,gas_ccgt,MW,nem,NSW1
2017-10-01 12:10:00,415.0,gas_ccgt,MW,nem,NSW1
2017-10-01 12:15:00,415.0,gas_ccgt,MW,nem,NSW1
2017-10-01 12:20:00,415.0,gas_ccgt,MW,nem,NSW1
2017-10-01 12:25:00,415.0,gas_ccgt,MW,nem,NSW1
2017-10-01 12:30:00,415.0,gas_ccgt,MW,nem,NSW1
2017-10-01 12:35:00,414.0,gas_ccgt,MW,nem,NSW1
2017-10-01 12:40:00,401.0,gas_ccgt,MW,nem,NSW1
2017-10-01 12:45:00,412.0,gas_ccgt,MW,nem,NSW1
2017-10-01 12:50:00,404.0,gas_ccgt,MW,nem,NSW1
2017-10-01 12:55:00,380.0,gas_ccgt,MW,nem,NSW1
2017-10-01 13:00:00,400.0,gas_ccgt,MW,nem,NSW1
2017-10-01 13:05:00,413.0,gas_ccgt,MW,nem,NSW1
2017-10-01 13:10:00,415.0,gas_ccgt,MW,nem,NSW1
2017-10-01 13:15:00,415.0,gas_ccgt,MW,nem,NSW1
2017-10-01 13:20:00,414.0,gas_ccgt,MW,nem,NSW1
2017-10-01 13:25:00,413.0,gas_ccgt,MW,nem,NSW1
2017-10-01 13:30:00,414.0,gas_ccgt,MW,nem,NSW1
2017-10-01 13:35:00,414.0,gas_ccgt,MW,nem,NSW1
2017-10-01 13:40:00,414.0,gas_ccgt,MW,nem,NSW1
2017-10-01 13:45:00,416.0,gas_ccgt,MW,nem,NSW1
2017-10-01 13:50:00,414.0,gas_ccgt,MW,nem,NSW1
2017-10-01 13:55:00,416.0,gas_ccgt,MW,nem,NSW1
2017-10-01 14:00:00,414.0,gas_ccgt,MW,nem,NSW1
2017-10-01 14:05:00,415.0,gas_ccgt,MW,nem,NSW1
2017-10-01 14:10:00,415.0,gas_ccgt,MW,nem,NSW1
2017-10-01 14:15:00,414.0,gas_ccgt,MW,nem,NSW1
2017-10-01 14:20:00,414.0,gas_ccgt,MW,nem,NSW1
2017-10-01 14:25:00,414.0,gas_ccgt,MW,nem,NSW1
2017-10-01 14:30:00,414.0,gas_ccgt,MW,nem,NSW1
2017-10-01 14:35:00,414.0,gas_ccgt,MW,nem,NSW1
2017-10-01 14:40:00,415.0,gas_ccgt,MW,nem,NSW1
2017-10-01 14:45:00,415.0,gas_ccgt,MW,nem,NSW1
2017-10-01 14:50:00,413.0,gas_ccgt,MW,nem,NSW1
2017-10-01 14:55:00,416.0,gas_ccgt,MW,nem,NSW1
2017-10-01 15:00:00,414.0,gas_ccgt,MW,nem,NSW1
2017-10-01 15:05:00,415.0,gas_ccgt,MW,nem,NSW1
2017-10-01 15:10:00,415.0,gas_ccgt,MW,nem,NSW1
2017-10-01 15:15:00,415.0,gas_ccgt,MW,nem,NSW1
2017-10-01 15:20:00,415.0,gas_ccgt,MW,nem,NSW1
2017-10-01 15:25:00,414.0,gas_ccgt,MW,nem,NSW1
2017-10-01 15:30:00,415.0,gas_ccgt,MW,nem,NSW1
2017-10-01 15:35:00,414.0,gas_ccgt,MW,nem,NSW1
2017-10-01 15:40:00,415.0,gas_ccgt,MW,nem,NSW1
2017-10-01 15:45:00,415.0,gas_ccgt,MW,nem,NSW1
2017-10-01 15:50:00,416.0,gas_ccgt,MW,nem,NSW1
2017-10-01 15:55:00,415.0,gas_ccgt,MW,nem,NSW1
2017-10-01 16:00:00,415.0,gas_ccgt,MW,nem,NSW1
2017-10-01 16:05:00,415.0,gas_ccgt,MW,nem,NSW1
2017-10-01 16:10:00,415.0,gas_ccgt,MW,nem,NSW1
2017-10-01 16:15:00,417.0,gas_ccgt,MW,nem,NSW1
2017-10-01 16:20:00,415.0,gas_ccgt,MW,nem,NSW1
2017-10-01 16:25:00,414.0,gas_ccgt,MW,nem,NSW1
2017-10-01 16:30:00,416.0,gas_ccgt,MW,nem,NSW1
2017-10-01 16:35:00,416.0,gas_ccgt,MW,nem,NSW1
2017-10-01 16:40:00,415.0,gas_ccgt,MW,nem,NSW1
2017-10-01 16:45:00,415.0,gas_ccgt,MW,nem,NSW1
2017-10-01 16:50:00,415.0,gas_ccgt,MW,nem,NSW1
2017-10-01 16:55:00,415.0,gas_ccgt,MW,nem,NSW1
2017-10-01 17:00:00,413.0,gas_ccgt,MW,nem,NSW1
2017-10-01 17:05:00,415.0,gas_ccgt,MW,nem,NSW1
2017-10-01 17:10:00,415.0,gas_ccgt,MW,nem,NSW1
2017-10-01 17:15:00,415.0,gas_ccgt,MW,nem,NSW1
2017-10-01 17:20:00,414.0,gas_ccgt,MW,nem,NSW1
2017-10-01 17:25:00,416.0,gas_ccgt,MW,nem,NSW1
2017-10-01 17:30:00,414.0,gas_ccgt,MW,nem,NSW1
2017-10-01 17:35:00,415.0,gas_ccgt,MW,nem,NSW1
2017-10-01 17:40:00,415.0,gas_ccgt,MW,nem,NSW1
2017-10-01 17:45:00,416.0,gas_ccgt,MW,nem,NSW1
2017-10-01 17:50:00,415.0,gas_ccgt,MW,nem,NSW1
2017-10-01 17:55:00,415.0,gas_ccgt,MW,nem,NSW1
2017-10-01 18:00:00,416.0,gas_ccgt,MW,nem,NSW1
2017-10-01 18:05:00,414.0,gas_ccgt,MW,nem,NSW1
2017-10-01 18:10:00,414.0,gas_ccgt,MW,nem,NSW1
2017-10-01 18:15:00,414.0,gas_ccgt,MW,nem,NSW1
2017-10-01 18:20:00,415.0,gas_ccgt,MW,nem,NSW1
2017-10-01 18:25:00,416.0,gas_ccgt,MW,nem,NSW1
2017-10-01 18:30:00,414.0,gas_ccgt,MW,nem,NSW1
2017-10-01 18:35:00,415.0,gas_ccgt,MW,nem,NSW1
2017-10-01 18:40:00,415.0,gas_ccgt,MW,nem,NSW1
2017-10-01 18:45:00,415.0,gas_ccgt,MW,nem,NSW1
2017-10-01 18:50:00,415.0,gas_ccgt,MW,nem,NSW1
2017-10-01 18:55:00,415.0,gas_ccgt,MW,nem,NSW1
2017-10-01 19:00:00,414.0,gas_ccgt,MW,nem,NSW1
2017-10-01 19:05:00,416.0,gas_ccgt,MW,nem,NSW1
2017-10-01 19:10:00,414.0,gas_ccgt,MW,nem,NSW1
2017-10-01 19:15:00,414.0,gas_ccgt,MW,nem,NSW1
2017-10-01 19:20:00,413.0,gas_ccgt,MW,nem,NSW1
2017-10-01 19:25:00,415.0,gas_ccgt,MW,nem,NSW1
2017-10-01 19:30:00,415.0,gas_ccgt,MW,nem,NSW1
2017-10-01 19:35:00,414.0,gas_ccgt,MW,nem,NSW1
2017-10-01 19:40:00,415.0,gas_ccgt,MW,nem,NSW1
2017-10-01 19:45:00,415.0,gas_ccgt,MW,nem,NSW1
2017-10-01 19:50:00,418.0,gas_ccgt,MW,nem,NSW1
2017-10-01 19:55:00,418.0,gas_ccgt,MW,nem,NSW1
2017-10-01 20:00:00,419.0,gas_ccgt,MW,nem,NSW1
2017-10-01 20:05:00,420.0,gas_ccgt,MW,nem,NSW1
2017-10-01 20:10:00,420.0,gas_ccgt,MW,nem,NSW1
2017-10-01 20:15:00,420.0,gas_ccgt,MW,nem,NSW1
2017-10-01 20:20:00,418.0,gas_ccgt,MW,nem,NSW1
2017-10-01 20:25:00,419.0,gas_ccgt,MW,nem,NSW1
2017-10-01 20:30:00,419.0,gas_ccgt,MW,nem,NSW1
2017-10-01 20:35:00,419.0,gas_ccgt,MW,nem,NSW1
2017-10-01 20:40:00,419.0,gas_ccgt,MW,nem,NSW1
2017-10-01 20:45:00,419.0,gas_ccgt,MW,nem,NSW1
2017-10-01 20:50:00,419.0,gas_ccgt,MW,nem,NSW1
2017-10-01 20:55:00,418.0,gas_ccgt,MW,nem,NSW1
2017-10-01 21:00:00,418.0,gas_ccgt,MW,nem,NSW1
2017-10-01 21:05:00,418.0,gas_ccgt,MW,nem,NSW1
2017-10-01 21:10:00,420.0,gas_ccgt,MW,nem,NSW1
2017-10-01 21:15:00,420.0,gas_ccgt,MW,nem,NSW1
2017-10-01 21:20:00,421.0,gas_ccgt,MW,nem,NSW1
2017-10-01 21:25:00,420.0,gas_ccgt,MW,nem,NSW1
2017-10-01 21:30:00,420.0,gas_ccgt,MW,nem,NSW1
2017-10-01 21:35:00,419.0,gas_ccgt,MW,nem,NSW1
2017-10-01 21:40:00,419.0,gas_ccgt,MW,nem,NSW1
2017-10-01 21:45:00,417.0,gas_ccgt,MW,nem,NSW1
2017-10-01 21:50:00,418.0,gas_ccgt,MW,nem,NSW1
2017-10-01 21:55:00,418.0,gas_ccgt,MW,nem,NSW1
2017-10-01 22:00:00,419.0,gas_ccgt,MW,nem,NSW1
2017-10-01 22:05:00,418.0,gas_ccgt,MW,nem,NSW1
2017-10-01 22:10:00,419.0,gas_ccgt,MW,nem,NSW1
2017-10-01 22:15:00,418.0,gas_ccgt,MW,nem,NSW1
2017-10-01 22:20:00,419.0,gas_ccgt,MW,nem,NSW1
2017-10-01 22:25:00,418.0,gas_ccgt,MW,nem,NSW1
2017-10-01 22:30:00,421.0,gas_ccgt,MW,nem,NSW1
2017-10-01 22:35:00,418.0,gas_ccgt,MW,nem,NSW1
2017-10-01 22:40:00,418.0,gas_ccgt,MW,nem,NSW1
2017-10-01 22:45:00,418.0,gas_ccgt,MW,nem,NSW1
2017-10-01 22:50:00,418.0,gas_ccgt,MW,nem,NSW1
2017-10-01 22:55:00,418.0,gas_ccgt,MW,nem,NSW1
2017-10-01 23:00:00,418.0,gas_ccgt,MW,nem,NSW1
2017-10-01 23:05:00,418.0,gas_ccgt,MW,nem,NSW1
2017-10-01 23:10:00,419.0,gas_ccgt,MW,nem,NSW1
2017-10-01 23:15:00,419.0,gas_ccgt,MW,nem,NSW1
2017-10-01 23:20:00,419.0,gas_ccgt,MW,nem,NSW1
2017-10-01 23:25:00,419.0,gas_ccgt,MW,nem,NSW1
2017-10-01 23:30:00,419.0,gas_ccgt,MW,nem,NSW1
2017-10-01 23:35:00,420.0,gas_ccgt,MW,nem,NSW1
2017-10-01 23:40:00,418.0,gas_ccgt,MW,nem,NSW1
2017-10-01 23:45:00,420.0,gas_ccgt,MW,nem,NSW1
2017-10-01 23:50:00,420.0,gas_ccgt,MW,nem,NSW1
2017-10-01 23:55:00,420.0,gas_ccgt,MW,nem,NSW1
2017-10-02 00:00:00,418.0,gas_ccgt,MW,nem,NSW1
2017-10-02 00:05:00,419.0,gas_ccgt,MW,nem,NSW1
2017-10-02 00:10:00,419.0,gas_ccgt,MW,nem,NSW1
2017-10-02 00:15:00,419.0,gas_ccgt,MW,nem,NSW1
2017-10-02 00:20:00,419.0,gas_ccgt,MW,nem,NSW1
2017-10-02 00:25:00,419.0,gas_ccgt,MW,nem,NSW1
2017-10-02 00:30:00,419.0,gas_ccgt,MW,nem,NSW1
2017-10-02 00:35:00,419.0,gas_ccgt,MW,nem,NSW1
2017-10-02 00:40:00,419.0,gas_ccgt,MW,nem,NSW1
2017-10-02 00:45:00,419.0,gas_ccgt,MW,nem,NSW1
2017-10-02 00:50:00,419.0,gas_ccgt,MW,nem,NSW1
2017-10-02 00:55:00,419.0,gas_ccgt,MW,nem,NSW1
2017-10-02 01:00:00,419.0,gas_ccgt,MW,nem,NSW1
2017-10-02 01:05:00,419.0,gas_ccgt,MW,nem,NSW1
2017-10-02 01:10:00,419.0,gas_ccgt,MW,nem,NSW1
2017-10-02 01:15:00,419.0,gas_ccgt,MW,nem,NSW1
2017-10-02 01:20:00,419.0,gas_ccgt,MW,nem,NSW1
2017-10-02 01:25:00,419.0,gas_ccgt,MW,nem,NSW1
2017-10-02 01:30:00,418.0,gas_ccgt,MW,nem,NSW1
2017-10-02 01:35:00,418.0,gas_ccgt,MW,nem,NSW1
2017-10-02 01:40:00,418.0,gas_ccgt,MW,nem,NSW1
2017-10-02 01:45:00,418.0,gas_ccgt,MW,nem,NSW1
2017-10-02 01:50:00,419.0,gas_ccgt,MW,nem,NSW1
2017-10-02 01:55:00,419.0,gas_ccgt,MW,nem,NSW1
2017-10-02 02:00:00,419.0,gas_ccgt,MW,nem,NSW1
2017-10-02 02:05:00,413.0,gas_ccgt,MW,nem,NSW1
2017-10-02 02:10:00,418.0,gas_ccgt,MW,nem,NSW1
2017-10-02 02:15:00,395.0,gas_ccgt,MW,nem,NSW1
2017-10-02 02:20:00,366.0,gas_ccgt,MW,nem,NSW1
2017-10-02 02:25:00,385.0,gas_ccgt,MW,nem,NSW1
2017-10-02 02:30:00,412.0,gas_ccgt,MW,nem,NSW1
2017-10-02 02:35:00,395.0,gas_ccgt,MW,nem,NSW1
2017-10-02 02:40:00,417.0,gas_ccgt,MW,nem,NSW1
2017-10-02 02:45:00,393.0,gas_ccgt,MW,nem,NSW1
2017-10-02 02:50:00,377.0,gas_ccgt,MW,nem,NSW1
2017-10-02 02:55:00,402.0,gas_ccgt,MW,nem,NSW1
2017-10-02 03:00:00,376.0,gas_ccgt,MW,nem,NSW1
2017-10-02 03:05:00,348.0,gas_ccgt,MW,nem,NSW1
2017-10-02 03:10:00,321.0,gas_ccgt,MW,nem,NSW1
2017-10-02 03:15:00,300.0,gas_ccgt,MW,nem,NSW1
2017-10-02 03:20:00,324.0,gas_ccgt,MW,nem,NSW1
2017-10-02 03:25:00,347.0,gas_ccgt,MW,nem,NSW1
2017-10-02 03:30:00,322.0,gas_ccgt,MW,nem,NSW1
2017-10-02 03:35:00,298.0,gas_ccgt,MW,nem,NSW1
2017-10-02 03:40:00,300.0,gas_ccgt,MW,nem,NSW1
2017-10-02 03:45:00,300.0,gas_ccgt,MW,nem,NSW1
2017-10-02 03:50:00,299.0,gas_ccgt,MW,nem,NSW1
2017-10-02 03:55:00,301.0,gas_ccgt,MW,nem,NSW1
2017-10-02 04:00:00,300.0,gas_ccgt,MW,nem,NSW1
2017-10-02 04:05:00,300.0,gas_ccgt,MW,nem,NSW1
2017-10-02 04:10:00,324.0,gas_ccgt,MW,nem,NSW1
2017-10-02 04:15:00,353.0,gas_ccgt,MW,nem,NSW1
2017-10-02 04:20:00,378.0,gas_ccgt,MW,nem,NSW1
2017-10-02 04:25:00,409.0,gas_ccgt,MW,nem,NSW1
2017-10-02 04:30:00,420.0,gas_ccgt,MW,nem,NSW1
2017-10-02 04:35:00,420.0,gas_ccgt,MW,nem,NSW1
2017-10-02 04:40:00,420.0,gas_ccgt,MW,nem,NSW1
2017-10-02 04:45:00,420.0,gas_ccgt,MW,nem,NSW1
2017-10-02 04:50:00,420.0,gas_ccgt,MW,nem,NSW1
2017-10-02 04:55:00,420.0,gas_ccgt,MW,nem,NSW1
2017-10-02 05:00:00,419.0,gas_ccgt,MW,nem,NSW1
2017-10-02 05:05:00,421.0,gas_ccgt,MW,nem,NSW1
2017-10-02 05:10:00,420.0,gas_ccgt,MW,nem,NSW1
2017-10-02 05:15:00,421.0,gas_ccgt,MW,nem,NSW1
2017-10-02 05:20:00,419.0,gas_ccgt,MW,nem,NSW1
2017-10-02 05:25:00,419.0,gas_ccgt,MW,nem,NSW1
2017-10-02 05:30:00,421.0,gas_ccgt,MW,nem,NSW1
2017-10-02 05:35:00,420.0,gas_ccgt,MW,nem,NSW1
2017-10-02 05:40:00,420.0,gas_ccgt,MW,nem,NSW1
2017-10-02 05:45:00,420.0,gas_ccgt,MW,nem,NSW1
2017-10-02 05:50:00,420.0,gas_ccgt,MW,nem,NSW1
2017-10-02 05:55:00,421.0,gas_ccgt,MW,nem,NSW1
2017-10-02 06:00:00,421.0,gas_ccgt,MW,nem,NSW1
2017-10-02 06:05:00,421.0,gas_ccgt,MW,nem,NSW1
2017-10-02 06:10:00,395.0,gas_ccgt,MW,nem,NSW1
2017-10-02 06:15:00,415.0,gas_ccgt,MW,nem,NSW1
2017-10-02 06:20:00,422.0,gas_ccgt,MW,nem,NSW1
2017-10-02 06:25:00,420.0,gas_ccgt,MW,nem,NSW1
2017-10-02 06:30:00,420.0,gas_ccgt,MW,nem,NSW1
2017-10-02 06:35:00,422.0,gas_ccgt,MW,nem,NSW1
2017-10-02 06:40:00,422.0,gas_ccgt,MW,nem,NSW1
2017-10-02 06:45:00,424.0,gas_ccgt,MW,nem,NSW1
2017-10-02 06:50:00,423.0,gas_ccgt,MW,nem,NSW1
2017-10-02 06:55:00,423.0,gas_ccgt,MW,nem,NSW1
2017-10-02 07:00:00,423.0,gas_ccgt,MW,nem,NSW1
2017-10-02 07:05:00,423.0,gas_ccgt,MW,nem,NSW1
2017-10-02 07:10:00,423.0,gas_ccgt,MW,nem,NSW1
2017-10-02 07:15:00,423.0,gas_ccgt,MW,nem,NSW1
2017-10-02 07:20:00,423.0,gas_ccgt,MW,nem,NSW1
2017-10-02 07:25:00,423.0,gas_ccgt,MW,nem,NSW1
2017-10-02 07:30:00,423.0,gas_ccgt,MW,nem,NSW1
2017-10-02 07:35:00,423.0,gas_ccgt,MW,nem,NSW1
2017-10-02 07:40:00,423.0,gas_ccgt,MW,nem,NSW1
2017-10-02 07:45:00,422.0,gas_ccgt,MW,nem,NSW1
2017-10-02 07:50:00,422.0,gas_ccgt,MW,nem,NSW1
2017-10-02 07:55:00,422.0,gas_ccgt,MW,nem,NSW1
2017-10-02 08:00:00,422.0,gas_ccgt,MW,nem,NSW1
2017-10-02 08:05:00,422.0,gas_ccgt,MW,nem,NSW1
2017-10-02 08:10:00,422.0,gas_ccgt,MW,nem,NSW1
2017-10-02 08:15:00,420.0,gas_ccgt,MW,nem,NSW1
2017-10-02 08:20:00,422.0,gas_ccgt,MW,nem,NSW1
2017-10-02 08:25:00,420.0,gas_ccgt,MW,nem,NSW1
2017-10-02 08:30:00,420.0,gas_ccgt,MW,nem,NSW1
2017-10-02 08:35:00,422.0,gas_ccgt,MW,nem,NSW1
2017-10-02 08:40:00,420.0,gas_ccgt,MW,nem,NSW1
2017-10-02 08:45:00,420.0,gas_ccgt,MW,nem,NSW1
2017-10-02 08:50:00,420.0,gas_ccgt,MW,nem,NSW1
2017-10-02 08:55:00,420.0,gas_ccgt,MW,nem,NSW1
2017-10-02 09:00:00,420.0,gas_ccgt,MW,nem,NSW1
2017-10-02 09:05:00,420.0,gas_ccgt,MW,nem,NSW1
2017-10-02 09:10:00,420.0,gas_ccgt,MW,nem,NSW1
2017-10-02 09:15:00,420.0,gas_ccgt,MW,nem,NSW1
2017-10-02 09:20:00,420.0,gas_ccgt,MW,nem,NSW1
2017-10-02 09:25:00,421.0,gas_ccgt,MW,nem,NSW1
2017-10-02 09:30:00,420.0,gas_ccgt,MW,nem,NSW1
2017-10-02 09:35:00,420.0,gas_ccgt,MW,nem,NSW1
2017-10-02 09:40:00,420.0,gas_ccgt,MW,nem,NSW1
2017-10-02 09:45:00,420.0,gas_ccgt,MW,nem,NSW1
2017-10-02 09:50:00,420.0,gas_ccgt,MW,nem,NSW1
2017-10-02 09:55:00,418.0,gas_ccgt,MW,nem,NSW1
2017-10-02 10:00:00,420.0,gas_ccgt,MW,nem,NSW1
2017-10-02 10:05:00,420.0,gas_ccgt,MW,nem,NSW1
2017-10-02 10:10:00,420.0,gas_ccgt,MW,nem,NSW1
2017-10-02 10:15:00,418.0,gas_ccgt,MW,nem,NSW1
2017-10-02 10:20:00,418.0,gas_ccgt,MW,nem,NSW1
2017-10-02 10:25:00,418.0,gas_ccgt,MW,nem,NSW1
2017-10-02 10:30:00,418.0,gas_ccgt,MW,nem,NSW1
2017-10-02 10:35:00,418.0,gas_ccgt,MW,nem,NSW1
2017-10-02 10:40:00,418.0,gas_ccgt,MW,nem,NSW1
2017-10-02 10:45:00,418.0,gas_ccgt,MW,nem,NSW1
2017-10-02 10:50:00,418.0,gas_ccgt,MW,nem,NSW1
2017-10-02 10:55:00,418.0,gas_ccgt,MW,nem,NSW1
2017-10-02 11:00:00,418.0,gas_ccgt,MW,nem,NSW1
2017-10-02 11:05:00,418.0,gas_ccgt,MW,nem,NSW1
2017-10-02 11:10:00,416.0,gas_ccgt,MW,nem,NSW1
2017-10-02 11:15:00,416.0,gas_ccgt,MW,nem,NSW1
2017-10-02 11:20:00,416.0,gas_ccgt,MW,nem,NSW1
2017-10-02 11:25:00,416.0,gas_ccgt,MW,nem,NSW1
2017-10-02 11:30:00,416.0,gas_ccgt,MW,nem,NSW1
2017-10-02 11:35:00,416.0,gas_ccgt,MW,nem,NSW1
2017-10-02 11:40:00,417.0,gas_ccgt,MW,nem,NSW1
2017-10-02 11:45:00,417.0,gas_ccgt,MW,nem,NSW1
2017-10-02 11:50:00,415.0,gas_ccgt,MW,nem,NSW1
2017-10-02 11:55:00,417.0,gas_ccgt,MW,nem,NSW1
2017-10-02 12:00:00,417.0,gas_ccgt,MW,nem,NSW1
2017-10-02 12:05:00,416.0,gas_ccgt,MW,nem,NSW1
2017-10-02 12:10:00,416.0,gas_ccgt,MW,nem,NSW1
2017-10-02 12:15:00,416.0,gas_ccgt,MW,nem,NSW1
2017-10-02 12:20:00,416.0,gas_ccgt,MW,nem,NSW1
2017-10-02 12:25:00,416.0,gas_ccgt,MW,nem,NSW1
2017-10-02 12:30:00,416.0,gas_ccgt,MW,nem,NSW1
2017-10-02 12:35:00,416.0,gas_ccgt,MW,nem,NSW1
2017-10-02 12:40:00,416.0,gas_ccgt,MW,nem,NSW1
2017-10-02 12:45:00,414.0,gas_ccgt,MW,nem,NSW1
2017-10-02 12:50:00,414.0,gas_ccgt,MW,nem,NSW1
2017-10-02 12:55:00,416.0,gas_ccgt,MW,nem,NSW1
2017-10-02 13:00:00,414.0,gas_ccgt,MW,nem,NSW1
2017-10-02 13:05:00,414.0,gas_ccgt,MW,nem,NSW1
2017-10-02 13:10:00,414.0,gas_ccgt,MW,nem,NSW1
2017-10-02 13:15:00,414.0,gas_ccgt,MW,nem,NSW1
2017-10-02 13:20:00,414.0,gas_ccgt,MW,nem,NSW1
2017-10-02 13:25:00,414.0,gas_ccgt,MW,nem,NSW1
2017-10-02 13:30:00,414.0,gas_ccgt,MW,nem,NSW1
2017-10-02 13:35:00,414.0,gas_ccgt,MW,nem,NSW1
2017-10-02 13:40:00,412.0,gas_ccgt,MW,nem,NSW1
2017-10-02 13:45:00,412.0,gas_ccgt,MW,nem,NSW1
2017-10-02 13:50:00,412.0,gas_ccgt,MW,nem,NSW1
2017-10-02 13:55:00,412.0,gas_ccgt,MW,nem,NSW1
2017-10-02 14:00:00,412.0,gas_ccgt,MW,nem,NSW1
2017-10-02 14:05:00,412.0,gas_ccgt,MW,nem,NSW1
2017-10-02 14:10:00,413.0,gas_ccgt,MW,nem,NSW1
2017-10-02 14:15:00,411.0,gas_ccgt,MW,nem,NSW1
2017-10-02 14:20:00,411.0,gas_ccgt,MW,nem,NSW1
2017-10-02 14:25:00,412.0,gas_ccgt,MW,nem,NSW1
2017-10-02 14:30:00,412.0,gas_ccgt,MW,nem,NSW1
2017-10-02 14:35:00,411.0,gas_ccgt,MW,nem,NSW1
2017-10-02 14:40:00,413.0,gas_ccgt,MW,nem,NSW1
2017-10-02 14:45:00,413.0,gas_ccgt,MW,nem,NSW1
2017-10-02 14:50:00,411.0,gas_ccgt,MW,nem,NSW1
2017-10-02 14:55:00,413.0,gas_ccgt,MW,nem,NSW1
2017-10-02 15:00:00,411.0,gas_ccgt,MW,nem,NSW1
2017-10-02 15:05:00,410.0,gas_ccgt,MW,nem,NSW1
2017-10-02 15:10:00,412.0,gas_ccgt,MW,nem,NSW1
2017-10-02 15:15:00,412.0,gas_ccgt,MW,nem,NSW1
2017-10-02 15:20:00,412.0,gas_ccgt,MW,nem,NSW1
2017-10-02 15:25:00,412.0,gas_ccgt,MW,nem,NSW1
2017-10-02 15:30:00,412.0,gas_ccgt,MW,nem,NSW1
2017-10-02 15:35:00,412.0,gas_ccgt,MW,nem,NSW1
2017-10-02 15:40:00,411.0,gas_ccgt,MW,nem,NSW1
2017-10-02 15:45:00,412.0,gas_ccgt,MW,nem,NSW1
2017-10-02 15:50:00,411.0,gas_ccgt,MW,nem,NSW1
2017-10-02 15:55:00,411.0,gas_ccgt,MW,nem,NSW1
2017-10-02 16:00:00,411.0,gas_ccgt,MW,nem,NSW1
2017-10-02 16:05:00,413.0,gas_ccgt,MW,nem,NSW1
2017-10-02 16:10:00,411.0,gas_ccgt,MW,nem,NSW1
2017-10-02 16:15:00,413.0,gas_ccgt,MW,nem,NSW1
2017-10-02 16:20:00,413.0,gas_ccgt,MW,nem,NSW1
2017-10-02 16:25:00,413.0,gas_ccgt,MW,nem,NSW1
2017-10-02 16:30:00,413.0,gas_ccgt,MW,nem,NSW1
2017-10-02 16:35:00,413.0,gas_ccgt,MW,nem,NSW1
2017-10-02 16:40:00,413.0,gas_ccgt,MW,nem,NSW1
2017-10-02 16:45:00,413.0,gas_ccgt,MW,nem,NSW1
2017-10-02 16:50:00,414.0,gas_ccgt,MW,nem,NSW1
2017-10-02 16:55:00,412.0,gas_ccgt,MW,nem,NSW1
2017-10-02 17:00:00,414.0,gas_ccgt,MW,nem,NSW1
2017-10-02 17:05:00,412.0,gas_ccgt,MW,nem,NSW1
2017-10-02 17:10:00,414.0,gas_ccgt,MW,nem,NSW1
2017-10-02 17:15:00,413.0,gas_ccgt,MW,nem,NSW1
2017-10-02 17:20:00,414.0,gas_ccgt,MW,nem,NSW1
2017-10-02 17:25:00,415.0,gas_ccgt,MW,nem,NSW1
2017-10-02 17:30:00,414.0,gas_ccgt,MW,nem,NSW1
2017-10-02 17:35:00,415.0,gas_ccgt,MW,nem,NSW1
2017-10-02 17:40:00,414.0,gas_ccgt,MW,nem,NSW1
2017-10-02 17:45:00,412.0,gas_ccgt,MW,nem,NSW1
2017-10-02 17:50:00,415.0,gas_ccgt,MW,nem,NSW1
2017-10-02 17:55:00,413.0,gas_ccgt,MW,nem,NSW1
2017-10-02 18:00:00,413.0,gas_ccgt,MW,nem,NSW1
2017-10-02 18:05:00,414.0,gas_ccgt,MW,nem,NSW1
2017-10-02 18:10:00,414.0,gas_ccgt,MW,nem,NSW1
2017-10-02 18:15:00,414.0,gas_ccgt,MW,nem,NSW1
2017-10-02 18:20:00,415.0,gas_ccgt,MW,nem,NSW1
2017-10-02 18:25:00,415.0,gas_ccgt,MW,nem,NSW1
2017-10-02 18:30:00,413.0,gas_ccgt,MW,nem,NSW1
2017-10-02 18:35:00,413.0,gas_ccgt,MW,nem,NSW1
2017-10-02 18:40:00,413.0,gas_ccgt,MW,nem,NSW1
2017-10-02 18:45:00,414.0,gas_ccgt,MW,nem,NSW1
2017-10-02 18:50:00,413.0,gas_ccgt,MW,nem,NSW1
2017-10-02 18:55:00,414.0,gas_ccgt,MW,nem,NSW1
2017-10-02 19:00:00,414.0,gas_ccgt,MW,nem,NSW1
2017-10-02 19:05:00,415.0,gas_ccgt,MW,nem,NSW1
2017-10-02 19:10:00,414.0,gas_ccgt,MW,nem,NSW1
2017-10-02 19:15:00,414.0,gas_ccgt,MW,nem,NSW1
2017-10-02 19:20:00,414.0,gas_ccgt,MW,nem,NSW1
2017-10-02 19:25:00,414.0,gas_ccgt,MW,nem,NSW1
2017-10-02 19:30:00,415.0,gas_ccgt,MW,nem,NSW1
2017-10-02 19:35:00,415.0,gas_ccgt,MW,nem,NSW1
2017-10-02 19:40:00,413.0,gas_ccgt,MW,nem,NSW1
2017-10-02 19:45:00,415.0,gas_ccgt,MW,nem,NSW1
2017-10-02 19:50:00,415.0,gas_ccgt,MW,nem,NSW1
2017-10-02 19:55:00,414.0,gas_ccgt,MW,nem,NSW1
2017-10-02 20:00:00,414.0,gas_ccgt,MW,nem,NSW1
2017-10-02 20:05:00,414.0,gas_ccgt,MW,nem,NSW1
2017-10-02 20:10:00,415.0,gas_ccgt,MW,nem,NSW1
2017-10-02 20:15:00,415.0,gas_ccgt,MW,nem,NSW1
2017-10-02 20:20:00,413.0,gas_ccgt,MW,nem,NSW1
2017-10-02 20:25:00,415.0,gas_ccgt,MW,nem,NSW1
2017-10-02 20:30:00,413.0,gas_ccgt,MW,nem,NSW1
2017-10-02 20:35:00,415.0,gas_ccgt,MW,nem,NSW1
2017-10-02 20:40:00,414.0,gas_ccgt,MW,nem,NSW1
2017-10-02 20:45:00,414.0,gas_ccgt,MW,nem,NSW1
2017-10-02 20:50:00,414.0,gas_ccgt,MW,nem,NSW1
2017-10-02 20:55:00,414.0,gas_ccgt,MW,nem,NSW1
2017-10-02 21:00:00,414.0,gas_ccgt,MW,nem,NSW1
2017-10-02 21:05:00,413.0,gas_ccgt,MW,nem,NSW1
2017-10-02 21:10:00,413.0,gas_ccgt,MW,nem,NSW1
2017-10-02 21:15:00,415.0,gas_ccgt,MW,nem,NSW1
2017-10-02 21:20:00,415.0,gas_ccgt,MW,nem,NSW1
2017-10-02 21:25:00,415.0,gas_ccgt,MW,nem,NSW1
2017-10-02 21:30:00,414.0,gas_ccgt,MW,nem,NSW1
2017-10-02 21:35:00,414.0,gas_ccgt,MW,nem,NSW1
2017-10-02 21:40:00,415.0,gas_ccgt,MW,nem,NSW1
2017-10-02 21:45:00,414.0,gas_ccgt,MW,nem,NSW1
2017-10-02 21:50:00,415.0,gas_ccgt,MW,nem,NSW1
2017-10-02 21:55:00,414.0,gas_ccgt,MW,nem,NSW1
2017-10-02 22:00:00,414.0,gas_ccgt,MW,nem,NSW1
2017-10-02 22:05:00,414.0,gas_ccgt,MW,nem,NSW1
2017-10-02 22:10:00,414.0,gas_ccgt,MW,nem,NSW1
2017-10-02 22:15:00,414.0,gas_ccgt,MW,nem,NSW1
2017-10-02 22:20:00,415.0,gas_ccgt,MW,nem,NSW1
2017-10-02 22:25:00,414.0,gas_ccgt,MW,nem,NSW1
2017-10-02 22:30:00,416.0,gas_ccgt,MW,nem,NSW1
2017-10-02 22:35:00,414.0,gas_ccgt,MW,nem,NSW1
2017-10-02 22:40:00,414.0,gas_ccgt,MW,nem,NSW1
2017-10-02 22:45:00,416.0,gas_ccgt,MW,nem,NSW1
2017-10-02 22:50:00,418.0,gas_ccgt,MW,nem,NSW1
2017-10-02 22:55:00,418.0,gas_ccgt,MW,nem,NSW1
2017-10-02 23:00:00,416.0,gas_ccgt,MW,nem,NSW1
2017-10-02 23:05:00,418.0,gas_ccgt,MW,nem,NSW1
2017-10-02 23:10:00,418.0,gas_ccgt,MW,nem,NSW1
2017-10-02 23:15:00,418.0,gas_ccgt,MW,nem,NSW1
2017-10-02 23:20:00,418.0,gas_ccgt,MW,nem,NSW1
2017-10-02 23:25:00,417.0,gas_ccgt,MW,nem,NSW1
2017-10-02 23:30:00,419.0,gas_ccgt,MW,nem,NSW1
2017-10-02 23:35:00,417.0,gas_ccgt,MW,nem,NSW1
2017-10-02 23:40:00,416.0,gas_ccgt,MW,nem,NSW1
2017-10-02 23:45:00,417.0,gas_ccgt,MW,nem,NSW1
2017-10-02 23:50:00,417.0,gas_ccgt,MW,nem,NSW1
2017-10-02 23:55:00,416.0,gas_ccgt,MW,nem,NSW1
2017-10-03 00:00:00,418.0,gas_ccgt,MW,nem,NSW1
2017-10-03 00:05:00,416.0,gas_ccgt,MW,nem,NSW1
2017-10-03 00:10:00,418.0,gas_ccgt,MW,nem,NSW1
2017-10-03 00:15:00,417.0,gas_ccgt,MW,nem,NSW1
2017-10-03 00:20:00,417.0,gas_ccgt,MW,nem,NSW1
2017-10-03 00:25:00,417.0,gas_ccgt,MW,nem,NSW1
2017-10-03 00:30:00,417.0,gas_ccgt,MW,nem,NSW1
2017-10-03 00:35:00,417.0,gas_ccgt,MW,nem,NSW1
2017-10-03 00:40:00,418.0,gas_ccgt,MW,nem,NSW1
2017-10-03 00:45:00,416.0,gas_ccgt,MW,nem,NSW1
2017-10-03 00:50:00,416.0,gas_ccgt,MW,nem,NSW1
2017-10-03 00:55:00,417.0,gas_ccgt,MW,nem,NSW1
2017-10-03 01:00:00,417.0,gas_ccgt,MW,nem,NSW1
2017-10-03 01:05:00,417.0,gas_ccgt,MW,nem,NSW1
2017-10-03 01:10:00,417.0,gas_ccgt,MW,nem,NSW1
2017-10-03 01:15:00,417.0,gas_ccgt,MW,nem,NSW1
2017-10-03 01:20:00,417.0,gas_ccgt,MW,nem,NSW1
2017-10-03 01:25:00,393.0,gas_ccgt,MW,nem,NSW1
2017-10-03 01:30:00,411.0,gas_ccgt,MW,nem,NSW1
2017-10-03 01:35:00,417.0,gas_ccgt,MW,nem,NSW1
2017-10-03 01:40:00,418.0,gas_ccgt,MW,nem,NSW1
2017-10-03 01:45:00,417.0,gas_ccgt,MW,nem,NSW1
2017-10-03 01:50:00,417.0,gas_ccgt,MW,nem,NSW1
2017-10-03 01:55:00,417.0,gas_ccgt,MW,nem,NSW1
2017-10-03 02:00:00,417.0,gas_ccgt,MW,nem,NSW1
2017-10-03 02:05:00,418.0,gas_ccgt,MW,nem,NSW1
2017-10-03 02:10:00,417.0,gas_ccgt,MW,nem,NSW1
2017-10-03 02:15:00,417.0,gas_ccgt,MW,nem,NSW1
2017-10-03 02:20:00,418.0,gas_ccgt,MW,nem,NSW1
2017-10-03 02:25:00,418.0,gas_ccgt,MW,nem,NSW1
2017-10-03 02:30:00,418.0,gas_ccgt,MW,nem,NSW1
2017-10-03 02:35:00,418.0,gas_ccgt,MW,nem,NSW1
2017-10-03 02:40:00,419.0,gas_ccgt,MW,nem,NSW1
2017-10-03 02:45:00,418.0,gas_ccgt,MW,nem,NSW1
2017-10-03 02:50:00,419.0,gas_ccgt,MW,nem,NSW1
2017-10-03 02:55:00,417.0,gas_ccgt,MW,nem,NSW1
2017-10-03 03:00:00,417.0,gas_ccgt,MW,nem,NSW1
2017-10-03 03:05:00,418.0,gas_ccgt,MW,nem,NSW1
2017-10-03 03:10:00,418.0,gas_ccgt,MW,nem,NSW1
2017-10-03 03:15:00,418.0,gas_ccgt,MW,nem,NSW1
2017-10-03 03:20:00,419.0,gas_ccgt,MW,nem,NSW1
2017-10-03 03:25:00,418.0,gas_ccgt,MW,nem,NSW1
2017-10-03 03:30:00,418.0,gas_ccgt,MW,nem,NSW1
2017-10-03 03:35:00,419.0,gas_ccgt,MW,nem,NSW1
2017-10-03 03:40:00,403.0,gas_ccgt,MW,nem,NSW1
2017-10-03 03:45:00,417.0,gas_ccgt,MW,nem,NSW1
2017-10-03 03:50:00,417.0,gas_ccgt,MW,nem,NSW1
2017-10-03 03:55:00,416.0,gas_ccgt,MW,nem,NSW1
2017-10-03 04:00:00,417.0,gas_ccgt,MW,nem,NSW1
2017-10-03 04:05:00,417.0,gas_ccgt,MW,nem,NSW1
2017-10-03 04:10:00,417.0,gas_ccgt,MW,nem,NSW1
2017-10-03 04:15:00,417.0,gas_ccgt,MW,nem,NSW1
2017-10-03 04:20:00,417.0,gas_ccgt,MW,nem,NSW1
2017-10-03 04:25:00,417.0,gas_ccgt,MW,nem,NSW1
2017-10-03 04:30:00,417.0,gas_ccgt,MW,nem,NSW1
2017-10-03 04:35:00,417.0,gas_ccgt,MW,nem,NSW1
2017-10-03 04:40:00,417.0,gas_ccgt,MW,nem,NSW1
2017-10-03 04:45:00,417.0,gas_ccgt,MW,nem,NSW1
2017-10-03 04:50:00,417.0,gas_ccgt,MW,nem,NSW1
2017-10-03 04:55:00,417.0,gas_ccgt,MW,nem,NSW1
2017-10-03 05:00:00,417.0,gas_ccgt,MW,nem,NSW1
2017-10-03 05:05:00,417.0,gas_ccgt,MW,nem,NSW1
2017-10-03 05:10:00,417.0,gas_ccgt,MW,nem,NSW1
2017-10-03 05:15:00,417.0,gas_ccgt,MW,nem,NSW1
2017-10-03 05:20:00,419.0,gas_ccgt,MW,nem,NSW1
2017-10-03 05:25:00,417.0,gas_ccgt,MW,nem,NSW1
2017-10-03 05:30:00,415.0,gas_ccgt,MW,nem,NSW1
2017-10-03 05:35:00,417.0,gas_ccgt,MW,nem,NSW1
2017-10-03 05:40:00,417.0,gas_ccgt,MW,nem,NSW1
2017-10-03 05:45:00,417.0,gas_ccgt,MW,nem,NSW1
2017-10-03 05:50:00,416.0,gas_ccgt,MW,nem,NSW1
2017-10-03 05:55:00,417.0,gas_ccgt,MW,nem,NSW1
2017-10-03 06:00:00,418.0,gas_ccgt,MW,nem,NSW1
2017-10-03 06:05:00,418.0,gas_ccgt,MW,nem,NSW1
2017-10-03 06:10:00,417.0,gas_ccgt,MW,nem,NSW1
2017-10-03 06:15:00,416.0,gas_ccgt,MW,nem,NSW1
2017-10-03 06:20:00,417.0,gas_ccgt,MW,nem,NSW1
2017-10-03 06:25:00,418.0,gas_ccgt,MW,nem,NSW1
2017-10-03 06:30:00,417.0,gas_ccgt,MW,nem,NSW1
2017-10-03 06:35:00,417.0,gas_ccgt,MW,nem,NSW1
2017-10-03 06:40:00,416.0,gas_ccgt,MW,nem,NSW1
2017-10-03 06:45:00,418.0,gas_ccgt,MW,nem,NSW1
2017-10-03 06:50:00,418.0,gas_ccgt,MW,nem,NSW1
2017-10-03 06:55:00,418.0,gas_ccgt,MW,nem,NSW1
2017-10-03 07:00:00,418.0,gas_ccgt,MW,nem,NSW1
2017-10-03 07:05:00,417.0,gas_ccgt,MW,nem,NSW1
2017-10-03 07:10:00,416.0,gas_ccgt,MW,nem,NSW1
2017-10-03 07:15:00,417.0,gas_ccgt,MW,nem,NSW1
2017-10-03 07:20:00,419.0,gas_ccgt,MW,nem,NSW1
2017-10-03 07:25:00,419.0,gas_ccgt,MW,nem,NSW1
2017-10-03 07:30:00,419.0,gas_ccgt,MW,nem,NSW1
2017-10-03 07:35:00,418.0,gas_ccgt,MW,nem,NSW1
2017-10-03 07:40:00,418.0,gas_ccgt,MW,nem,NSW1
2017-10-03 07:45:00,418.0,gas_ccgt,MW,nem,NSW1
2017-10-03 07:50:00,417.0,gas_ccgt,MW,nem,NSW1
2017-10-03 07:55:00,418.0,gas_ccgt,MW,nem,NSW1
2017-10-03 08:00:00,418.0,gas_ccgt,MW,nem,NSW1
2017-10-03 08:05:00,416.0,gas_ccgt,MW,nem,NSW1
2017-10-03 08:10:00,416.0,gas_ccgt,MW,nem,NSW1
2017-10-03 08:15:00,416.0,gas_ccgt,MW,nem,NSW1
2017-10-03 08:20:00,418.0,gas_ccgt,MW,nem,NSW1
2017-10-03 08:25:00,418.0,gas_ccgt,MW,nem,NSW1
2017-10-03 08:30:00,418.0,gas_ccgt,MW,nem,NSW1
2017-10-03 08:35:00,418.0,gas_ccgt,MW,nem,NSW1
2017-10-03 08:40:00,416.0,gas_ccgt,MW,nem,NSW1
2017-10-03 08:45:00,416.0,gas_ccgt,MW,nem,NSW1
2017-10-03 08:50:00,415.0,gas_ccgt,MW,nem,NSW1
2017-10-03 08:55:00,417.0,gas_ccgt,MW,nem,NSW1
2017-10-03 09:00:00,417.0,gas_ccgt,MW,nem,NSW1
2017-10-03 09:05:00,416.0,gas_ccgt,MW,nem,NSW1
2017-10-03 09:10:00,416.0,gas_ccgt,MW,nem,NSW1
2017-10-03 09:15:00,416.0,gas_ccgt,MW,nem,NSW1
2017-10-03 09:20:00,416.0,gas_ccgt,MW,nem,NSW1
2017-10-03 09:25:00,416.0,gas_ccgt,MW,nem,NSW1
2017-10-03 09:30:00,416.0,gas_ccgt,MW,nem,NSW1
2017-10-03 09:35:00,416.0,gas_ccgt,MW,nem,NSW1
2017-10-03 09:40:00,416.0,gas_ccgt,MW,nem,NSW1
2017-10-03 09:45:00,416.0,gas_ccgt,MW,nem,NSW1
2017-10-03 09:50:00,416.0,gas_ccgt,MW,nem,NSW1
2017-10-03 09:55:00,416.0,gas_ccgt,MW,nem,NSW1
2017-10-03 10:00:00,414.0,gas_ccgt,MW,nem,NSW1
2017-10-03 10:05:00,416.0,gas_ccgt,MW,nem,NSW1
2017-10-03 10:10:00,416.0,gas_ccgt,MW,nem,NSW1
2017-10-03 10:15:00,416.0,gas_ccgt,MW,nem,NSW1
2017-10-03 10:20:00,414.0,gas_ccgt,MW,nem,NSW1
2017-10-03 10:25:00,416.0,gas_ccgt,MW,nem,NSW1
2017-10-03 10:30:00,414.0,gas_ccgt,MW,nem,NSW1
2017-10-03 10:35:00,414.0,gas_ccgt,MW,nem,NSW1
2017-10-03 10:40:00,414.0,gas_ccgt,MW,nem,NSW1
2017-10-03 10:45:00,414.0,gas_ccgt,MW,nem,NSW1
2017-10-03 10:50:00,414.0,gas_ccgt,MW,nem,NSW1
2017-10-03 10:55:00,414.0,gas_ccgt,MW,nem,NSW1
2017-10-03 11:00:00,414.0,gas_ccgt,MW,nem,NSW1
2017-10-03 11:05:00,415.0,gas_ccgt,MW,nem,NSW1
2017-10-03 11:10:00,414.0,gas_ccgt,MW,nem,NSW1
2017-10-03 11:15:00,414.0,gas_ccgt,MW,nem,NSW1
2017-10-03 11:20:00,414.0,gas_ccgt,MW,nem,NSW1
2017-10-03 11:25:00,414.0,gas_ccgt,MW,nem,NSW1
2017-10-03 11:30:00,412.0,gas_ccgt,MW,nem,NSW1
2017-10-03 11:35:00,412.0,gas_ccgt,MW,nem,NSW1
2017-10-03 11:40:00,412.0,gas_ccgt,MW,nem,NSW1
2017-10-03 11:45:00,411.0,gas_ccgt,MW,nem,NSW1
2017-10-03 11:50:00,412.0,gas_ccgt,MW,nem,NSW1
2017-10-03 11:55:00,412.0,gas_ccgt,MW,nem,NSW1
2017-10-03 12:00:00,412.0,gas_ccgt,MW,nem,NSW1
2017-10-03 12:05:00,412.0,gas_ccgt,MW,nem,NSW1
2017-10-03 12:10:00,412.0,gas_ccgt,MW,nem,NSW1
2017-10-03 12:15:00,412.0,gas_ccgt,MW,nem,NSW1
2017-10-03 12:20:00,412.0,gas_ccgt,MW,nem,NSW1
2017-10-03 12:25:00,411.0,gas_ccgt,MW,nem,NSW1
2017-10-03 12:30:00,412.0,gas_ccgt,MW,nem,NSW1
2017-10-03 12:35:00,412.0,gas_ccgt,MW,nem,NSW1
2017-10-03 12:40:00,412.0,gas_ccgt,MW,nem,NSW1
2017-10-03 12:45:00,412.0,gas_ccgt,MW,nem,NSW1
2017-10-03 12:50:00,412.0,gas_ccgt,MW,nem,NSW1
2017-10-03 12:55:00,412.0,gas_ccgt,MW,nem,NSW1
2017-10-03 13:00:00,409.0,gas_ccgt,MW,nem,NSW1
2017-10-03 13:05:00,411.0,gas_ccgt,MW,nem,NSW1
2017-10-03 13:10:00,411.0,gas_ccgt,MW,nem,NSW1
2017-10-03 13:15:00,411.0,gas_ccgt,MW,nem,NSW1
2017-10-03 13:20:00,412.0,gas_ccgt,MW,nem,NSW1
2017-10-03 13:25:00,412.0,gas_ccgt,MW,nem,NSW1
2017-10-03 13:30:00,411.0,gas_ccgt,MW,nem,NSW1
2017-10-03 13:35:00,411.0,gas_ccgt,MW,nem,NSW1
2017-10-03 13:40:00,411.0,gas_ccgt,MW,nem,NSW1
2017-10-03 13:45:00,411.0,gas_ccgt,MW,nem,NSW1
2017-10-03 13:50:00,411.0,gas_ccgt,MW,nem,NSW1
2017-10-03 13:55:00,411.0,gas_ccgt,MW,nem,NSW1
2017-10-03 14:00:00,411.0,gas_ccgt,MW,nem,NSW1
2017-10-03 14:05:00,411.0,gas_ccgt,MW,nem,NSW1
2017-10-03 14:10:00,411.0,gas_ccgt,MW,nem,NSW1
2017-10-03 14:15:00,411.0,gas_ccgt,MW,nem,NSW1
2017-10-03 14:20:00,411.0,gas_ccgt,MW,nem,NSW1
2017-10-03 14:25:00,411.0,gas_ccgt,MW,nem,NSW1
2017-10-03 14:30:00,411.0,gas_ccgt,MW,nem,NSW1
2017-10-03 14:35:00,411.0,gas_ccgt,MW,nem,NSW1
2017-10-03 14:40:00,411.0,gas_ccgt,MW,nem,NSW1
2017-10-03 14:45:00,411.0,gas_ccgt,MW,nem,NSW1
2017-10-03 14:50:00,411.0,gas_ccgt,MW,nem,NSW1
2017-10-03 14:55:00,411.0,gas_ccgt,MW,nem,NSW1
2017-10-03 15:00:00,412.0,gas_ccgt,MW,nem,NSW1
2017-10-03 15:05:00,412.0,gas_ccgt,MW,nem,NSW1
2017-10-03 15:10:00,410.0,gas_ccgt,MW,nem,NSW1
2017-10-03 15:15:00,412.0,gas_ccgt,MW,nem,NSW1
2017-10-03 15:20:00,412.0,gas_ccgt,MW,nem,NSW1
2017-10-03 15:25:00,412.0,gas_ccgt,MW,nem,NSW1
2017-10-03 15:30:00,413.0,gas_ccgt,MW,nem,NSW1
2017-10-03 15:35:00,412.0,gas_ccgt,MW,nem,NSW1
2017-10-03 15:40:00,413.0,gas_ccgt,MW,nem,NSW1
2017-10-03 15:45:00,414.0,gas_ccgt,MW,nem,NSW1
2017-10-03 15:50:00,412.0,gas_ccgt,MW,nem,NSW1
2017-10-03 15:55:00,412.0,gas_ccgt,MW,nem,NSW1
2017-10-03 16:00:00,410.0,gas_ccgt,MW,nem,NSW1
2017-10-03 16:05:00,412.0,gas_ccgt,MW,nem,NSW1
2017-10-03 16:10:00,412.0,gas_ccgt,MW,nem,NSW1
2017-10-03 16:15:00,412.0,gas_ccgt,MW,nem,NSW1
2017-10-03 16:20:00,412.0,gas_ccgt,MW,nem,NSW1
2017-10-03 16:25:00,412.0,gas_ccgt,MW,nem,NSW1
2017-10-03 16:30:00,412.0,gas_ccgt,MW,nem,NSW1
2017-10-03 16:35:00,411.0,gas_ccgt,MW,nem,NSW1
2017-10-03 16:40:00,413.0,gas_ccgt,MW,nem,NSW1
2017-10-03 16:45:00,413.0,gas_ccgt,MW,nem,NSW1
2017-10-03 16:50:00,412.0,gas_ccgt,MW,nem,NSW1
2017-10-03 16:55:00,413.0,gas_ccgt,MW,nem,NSW1
2017-10-03 17:00:00,413.0,gas_ccgt,MW,nem,NSW1
2017-10-03 17:05:00,411.0,gas_ccgt,MW,nem,NSW1
2017-10-03 17:10:00,411.0,gas_ccgt,MW,nem,NSW1
2017-10-03 17:15:00,412.0,gas_ccgt,MW,nem,NSW1
2017-10-03 17:20:00,412.0,gas_ccgt,MW,nem,NSW1
2017-10-03 17:25:00,412.0,gas_ccgt,MW,nem,NSW1
2017-10-03 17:30:00,412.0,gas_ccgt,MW,nem,NSW1
2017-10-03 17:35:00,412.0,gas_ccgt,MW,nem,NSW1
2017-10-03 17:40:00,411.0,gas_ccgt,MW,nem,NSW1
2017-10-03 17:45:00,413.0,gas_ccgt,MW,nem,NSW1
2017-10-03 17:50:00,411.0,gas_ccgt,MW,nem,NSW1
2017-10-03 17:55:00,412.0,gas_ccgt,MW,nem,NSW1
2017-10-03 18:00:00,413.0,gas_ccgt,MW,nem,NSW1
2017-10-03 18:05:00,413.0,gas_ccgt,MW,nem,NSW1
2017-10-03 18:10:00,413.0,gas_ccgt,MW,nem,NSW1
2017-10-03 18:15:00,413.0,gas_ccgt,MW,nem,NSW1
2017-10-03 18:20:00,413.0,gas_ccgt,MW,nem,NSW1
2017-10-03 18:25:00,413.0,gas_ccgt,MW,nem,NSW1
2017-10-03 18:30:00,413.0,gas_ccgt,MW,nem,NSW1
2017-10-03 18:35:00,413.0,gas_ccgt,MW,nem,NSW1
2017-10-03 18:40:00,414.0,gas_ccgt,MW,nem,NSW1
2017-10-03 18:45:00,414.0,gas_ccgt,MW,nem,NSW1
2017-10-03 18:50:00,414.0,gas_ccgt,MW,nem,NSW1
2017-10-03 18:55:00,414.0,gas_ccgt,MW,nem,NSW1
2017-10-03 19:00:00,414.0,gas_ccgt,MW,nem,NSW1
2017-10-03 19:05:00,414.0,gas_ccgt,MW,nem,NSW1
2017-10-03 19:10:00,414.0,gas_ccgt,MW,nem,NSW1
2017-10-03 19:15:00,414.0,gas_ccgt,MW,nem,NSW1
2017-10-03 19:20:00,414.0,gas_ccgt,MW,nem,NSW1
2017-10-03 19:25:00,414.0,gas_ccgt,MW,nem,NSW1
2017-10-03 19:30:00,414.0,gas_ccgt,MW,nem,NSW1
2017-10-03 19:35:00,414.0,gas_ccgt,MW,nem,NSW1
2017-10-03 19:40:00,415.0,gas_ccgt,MW,nem,NSW1
2017-10-03 19:45:00,414.0,gas_ccgt,MW,nem,NSW1
2017-10-03 19:50:00,414.0,gas_ccgt,MW,nem,NSW1
2017-10-03 19:55:00,414.0,gas_ccgt,MW,nem,NSW1
2017-10-03 20:00:00,414.0,gas_ccgt,MW,nem,NSW1
2017-10-03 20:05:00,414.0,gas_ccgt,MW,nem,NSW1
2017-10-03 20:10:00,414.0,gas_ccgt,MW,nem,NSW1
2017-10-03 20:15:00,414.0,gas_ccgt,MW,nem,NSW1
2017-10-03 20:20:00,414.0,gas_ccgt,MW,nem,NSW1
2017-10-03 20:25:00,414.0,gas_ccgt,MW,nem,NSW1
2017-10-03 20:30:00,414.0,gas_ccgt,MW,nem,NSW1
2017-10-03 20:35:00,415.0,gas_ccgt,MW,nem,NSW1
2017-10-03 20:40:00,414.0,gas_ccgt,MW,nem,NSW1
2017-10-03 20:45:00,414.0,gas_ccgt,MW,nem,NSW1
2017-10-03 20:50:00,414.0,gas_ccgt,MW,nem,NSW1
2017-10-03 20:55:00,416.0,gas_ccgt,MW,nem,NSW1
2017-10-03 21:00:00,415.0,gas_ccgt,MW,nem,NSW1
2017-10-03 21:05:00,414.0,gas_ccgt,MW,nem,NSW1
2017-10-03 21:10:00,414.0,gas_ccgt,MW,nem,NSW1
2017-10-03 21:15:00,415.0,gas_ccgt,MW,nem,NSW1
2017-10-03 21:20:00,415.0,gas_ccgt,MW,nem,NSW1
2017-10-03 21:25:00,415.0,gas_ccgt,MW,nem,NSW1
2017-10-03 21:30:00,414.0,gas_ccgt,MW,nem,NSW1
2017-10-03 21:35:00,414.0,gas_ccgt,MW,nem,NSW1
2017-10-03 21:40:00,415.0,gas_ccgt,MW,nem,NSW1
2017-10-03 21:45:00,415.0,gas_ccgt,MW,nem,NSW1
2017-10-03 21:50:00,402.0,gas_ccgt,MW,nem,NSW1
2017-10-03 21:55:00,411.0,gas_ccgt,MW,nem,NSW1
2017-10-03 22:00:00,414.0,gas_ccgt,MW,nem,NSW1
2017-10-03 22:05:00,414.0,gas_ccgt,MW,nem,NSW1
2017-10-03 22:10:00,413.0,gas_ccgt,MW,nem,NSW1
2017-10-03 22:15:00,414.0,gas_ccgt,MW,nem,NSW1
2017-10-03 22:20:00,414.0,gas_ccgt,MW,nem,NSW1
2017-10-03 22:25:00,414.0,gas_ccgt,MW,nem,NSW1
2017-10-03 22:30:00,414.0,gas_ccgt,MW,nem,NSW1
2017-10-03 22:35:00,414.0,gas_ccgt,MW,nem,NSW1
2017-10-03 22:40:00,414.0,gas_ccgt,MW,nem,NSW1
2017-10-03 22:45:00,414.0,gas_ccgt,MW,nem,NSW1
2017-10-03 22:50:00,413.0,gas_ccgt,MW,nem,NSW1
2017-10-03 22:55:00,415.0,gas_ccgt,MW,nem,NSW1
2017-10-03 23:00:00,415.0,gas_ccgt,MW,nem,NSW1
2017-10-03 23:05:00,413.0,gas_ccgt,MW,nem,NSW1
2017-10-03 23:10:00,413.0,gas_ccgt,MW,nem,NSW1
2017-10-03 23:15:00,413.0,gas_ccgt,MW,nem,NSW1
2017-10-03 23:20:00,413.0,gas_ccgt,MW,nem,NSW1
2017-10-03 23:25:00,412.0,gas_ccgt,MW,nem,NSW1
2017-10-03 23:30:00,416.0,gas_ccgt,MW,nem,NSW1
2017-10-03 23:35:00,413.0,gas_ccgt,MW,nem,NSW1
2017-10-03 23:40:00,415.0,gas_ccgt,MW,nem,NSW1
2017-10-03 23:45:00,415.0,gas_ccgt,MW,nem,NSW1
2017-10-03 23:50:00,413.0,gas_ccgt,MW,nem,NSW1
2017-10-03 23:55:00,413.0,gas_ccgt,MW,nem,NSW1
2017-10-04 00:00:00,416.0,gas_ccgt,MW,nem,NSW1
2017-10-04 00:05:00,412.0,gas_ccgt,MW,nem,NSW1
2017-10-04 00:10:00,413.0,gas_ccgt,MW,nem,NSW1
2017-10-04 00:15:00,413.0,gas_ccgt,MW,nem,NSW1
2017-10-04 00:20:00,414.0,gas_ccgt,MW,nem,NSW1
2017-10-04 00:25:00,414.0,gas_ccgt,MW,nem,NSW1
2017-10-04 00:30:00,414.0,gas_ccgt,MW,nem,NSW1
2017-10-04 00:35:00,414.0,gas_ccgt,MW,nem,NSW1
2017-10-04 00:40:00,414.0,gas_ccgt,MW,nem,NSW1
2017-10-04 00:45:00,414.0,gas_ccgt,MW,nem,NSW1
2017-10-04 00:50:00,414.0,gas_ccgt,MW,nem,NSW1
2017-10-04 00:55:00,415.0,gas_ccgt,MW,nem,NSW1
2017-10-04 01:00:00,413.0,gas_ccgt,MW,nem,NSW1
2017-10-04 01:05:00,414.0,gas_ccgt,MW,nem,NSW1
2017-10-04 01:10:00,414.0,gas_ccgt,MW,nem,NSW1
2017-10-04 01:15:00,414.0,gas_ccgt,MW,nem,NSW1
2017-10-04 01:20:00,414.0,gas_ccgt,MW,nem,NSW1
2017-10-04 01:25:00,414.0,gas_ccgt,MW,nem,NSW1
2017-10-04 01:30:00,414.0,gas_ccgt,MW,nem,NSW1
2017-10-04 01:35:00,414.0,gas_ccgt,MW,nem,NSW1
2017-10-04 01:40:00,414.0,gas_ccgt,MW,nem,NSW1
2017-10-04 01:45:00,414.0,gas_ccgt,MW,nem,NSW1
2017-10-04 01:50:00,414.0,gas_ccgt,MW,nem,NSW1
2017-10-04 01:55:00,414.0,gas_ccgt,MW,nem,NSW1
2017-10-04 02:00:00,414.0,gas_ccgt,MW,nem,NSW1
2017-10-04 02:05:00,414.0,gas_ccgt,MW,nem,NSW1
2017-10-04 02:10:00,414.0,gas_ccgt,MW,nem,NSW1
2017-10-04 02:15:00,416.0,gas_ccgt,MW,nem,NSW1
2017-10-04 02:20:00,415.0,gas_ccgt,MW,nem,NSW1
2017-10-04 02:25:00,414.0,gas_ccgt,MW,nem,NSW1
2017-10-04 02:30:00,416.0,gas_ccgt,MW,nem,NSW1
2017-10-04 02:35:00,414.0,gas_ccgt,MW,nem,NSW1
2017-10-04 02:40:00,414.0,gas_ccgt,MW,nem,NSW1
2017-10-04 02:45:00,415.0,gas_ccgt,MW,nem,NSW1
2017-10-04 02:50:00,414.0,gas_ccgt,MW,nem,NSW1
2017-10-04 02:55:00,415.0,gas_ccgt,MW,nem,NSW1
2017-10-04 03:00:00,415.0,gas_ccgt,MW,nem,NSW1
2017-10-04 03:05:00,413.0,gas_ccgt,MW,nem,NSW1
2017-10-04 03:10:00,415.0,gas_ccgt,MW,nem,NSW1
2017-10-04 03:15:00,415.0,gas_ccgt,MW,nem,NSW1
2017-10-04 03:20:00,414.0,gas_ccgt,MW,nem,NSW1
2017-10-04 03:25:00,414.0,gas_ccgt,MW,nem,NSW1
2017-10-04 03:30:00,414.0,gas_ccgt,MW,nem,NSW1
2017-10-04 03:35:00,413.0,gas_ccgt,MW,nem,NSW1
2017-10-04 03:40:00,415.0,gas_ccgt,MW,nem,NSW1
2017-10-04 03:45:00,415.0,gas_ccgt,MW,nem,NSW1
2017-10-04 03:50:00,414.0,gas_ccgt,MW,nem,NSW1
2017-10-04 03:55:00,414.0,gas_ccgt,MW,nem,NSW1
2017-10-04 04:00:00,414.0,gas_ccgt,MW,nem,NSW1
2017-10-04 04:05:00,414.0,gas_ccgt,MW,nem,NSW1
2017-10-04 04:10:00,414.0,gas_ccgt,MW,nem,NSW1
2017-10-04 04:15:00,413.0,gas_ccgt,MW,nem,NSW1
2017-10-04 04:20:00,415.0,gas_ccgt,MW,nem,NSW1
2017-10-04 04:25:00,414.0,gas_ccgt,MW,nem,NSW1
2017-10-04 04:30:00,414.0,gas_ccgt,MW,nem,NSW1
2017-10-04 04:35:00,414.0,gas_ccgt,MW,nem,NSW1
2017-10-04 04:40:00,414.0,gas_ccgt,MW,nem,NSW1
2017-10-04 04:45:00,414.0,gas_ccgt,MW,nem,NSW1
2017-10-04 04:50:00,414.0,gas_ccgt,MW,nem,NSW1
2017-10-04 04:55:00,414.0,gas_ccgt,MW,nem,NSW1
2017-10-04 05:00:00,414.0,gas_ccgt,MW,nem,NSW1
2017-10-04 05:05:00,415.0,gas_ccgt,MW,nem,NSW1
2017-10-04 05:10:00,414.0,gas_ccgt,MW,nem,NSW1
2017-10-04 05:15:00,413.0,gas_ccgt,MW,nem,NSW1
2017-10-04 05:20:00,414.0,gas_ccgt,MW,nem,NSW1
2017-10-04 05:25:00,413.0,gas_ccgt,MW,nem,NSW1
2017-10-04 05:30:00,414.0,gas_ccgt,MW,nem,NSW1
2017-10-04 05:35:00,413.0,gas_ccgt,MW,nem,NSW1
2017-10-04 05:40:00,413.0,gas_ccgt,MW,nem,NSW1
2017-10-04 05:45:00,415.0,gas_ccgt,MW,nem,NSW1
2017-10-04 05:50:00,415.0,gas_ccgt,MW,nem,NSW1
2017-10-04 05:55:00,415.0,gas_ccgt,MW,nem,NSW1
2017-10-04 06:00:00,414.0,gas_ccgt,MW,nem,NSW1
2017-10-04 06:05:00,415.0,gas_ccgt,MW,nem,NSW1
2017-10-04 06:10:00,415.0,gas_ccgt,MW,nem,NSW1
2017-10-04 06:15:00,414.0,gas_ccgt,MW,nem,NSW1
2017-10-04 06:20:00,415.0,gas_ccgt,MW,nem,NSW1
2017-10-04 06:25:00,414.0,gas_ccgt,MW,nem,NSW1
2017-10-04 06:30:00,414.0,gas_ccgt,MW,nem,NSW1
2017-10-04 06:35:00,414.0,gas_ccgt,MW,nem,NSW1
2017-10-04 06:40:00,415.0,gas_ccgt,MW,nem,NSW1
2017-10-04 06:45:00,414.0,gas_ccgt,MW,nem,NSW1
2017-10-04 06:50:00,415.0,gas_ccgt,MW,nem,NSW1
2017-10-04 06:55:00,414.0,gas_ccgt,MW,nem,NSW1
2017-10-04 07:00:00,417.0,gas_ccgt,MW,nem,NSW1
2017-10-04 07:05:00,417.0,gas_ccgt,MW,nem,NSW1
2017-10-04 07:10:00,417.0,gas_ccgt,MW,nem,NSW1
2017-10-04 07:15:00,416.0,gas_ccgt,MW,nem,NSW1
2017-10-04 07:20:00,416.0,gas_ccgt,MW,nem,NSW1
2017-10-04 07:25:00,416.0,gas_ccgt,MW,nem,NSW1
2017-10-04 07:30:00,416.0,gas_ccgt,MW,nem,NSW1
2017-10-04 07:35:00,416.0,gas_ccgt,MW,nem,NSW1
2017-10-04 07:40:00,417.0,gas_ccgt,MW,nem,NSW1
2017-10-04 07:45:00,417.0,gas_ccgt,MW,nem,NSW1
2017-10-04 07:50:00,417.0,gas_ccgt,MW,nem,NSW1
2017-10-04 07:55:00,417.0,gas_ccgt,MW,nem,NSW1
2017-10-04 08:00:00,417.0,gas_ccgt,MW,nem,NSW1
2017-10-04 08:05:00,417.0,gas_ccgt,MW,nem,NSW1
2017-10-04 08:10:00,417.0,gas_ccgt,MW,nem,NSW1
2017-10-04 08:15:00,417.0,gas_ccgt,MW,nem,NSW1
2017-10-04 08:20:00,417.0,gas_ccgt,MW,nem,NSW1
2017-10-04 08:25:00,416.0,gas_ccgt,MW,nem,NSW1
2017-10-04 08:30:00,416.0,gas_ccgt,MW,nem,NSW1
2017-10-04 08:35:00,416.0,gas_ccgt,MW,nem,NSW1
2017-10-04 08:40:00,416.0,gas_ccgt,MW,nem,NSW1
2017-10-04 08:45:00,416.0,gas_ccgt,MW,nem,NSW1
2017-10-04 08:50:00,414.0,gas_ccgt,MW,nem,NSW1
2017-10-04 08:55:00,416.0,gas_ccgt,MW,nem,NSW1
2017-10-04 09:00:00,417.0,gas_ccgt,MW,nem,NSW1
2017-10-04 09:05:00,415.0,gas_ccgt,MW,nem,NSW1
2017-10-04 09:10:00,415.0,gas_ccgt,MW,nem,NSW1
2017-10-04 09:15:00,415.0,gas_ccgt,MW,nem,NSW1
2017-10-04 09:20:00,415.0,gas_ccgt,MW,nem,NSW1
2017-10-04 09:25:00,415.0,gas_ccgt,MW,nem,NSW1
2017-10-04 09:30:00,415.0,gas_ccgt,MW,nem,NSW1
2017-10-04 09:35:00,415.0,gas_ccgt,MW,nem,NSW1
2017-10-04 09:40:00,415.0,gas_ccgt,MW,nem,NSW1
2017-10-04 09:45:00,416.0,gas_ccgt,MW,nem,NSW1
2017-10-04 09:50:00,414.0,gas_ccgt,MW,nem,NSW1
2017-10-04 09:55:00,414.0,gas_ccgt,MW,nem,NSW1
2017-10-04 10:00:00,414.0,gas_ccgt,MW,nem,NSW1
2017-10-04 10:05:00,414.0,gas_ccgt,MW,nem,NSW1
2017-10-04 10:10:00,413.0,gas_ccgt,MW,nem,NSW1
2017-10-04 10:15:00,413.0,gas_ccgt,MW,nem,NSW1
2017-10-04 10:20:00,413.0,gas_ccgt,MW,nem,NSW1
2017-10-04 10:25:00,413.0,gas_ccgt,MW,nem,NSW1
2017-10-04 10:30:00,413.0,gas_ccgt,MW,nem,NSW1
2017-10-04 10:35:00,411.0,gas_ccgt,MW,nem,NSW1
2017-10-04 10:40:00,414.0,gas_ccgt,MW,nem,NSW1
2017-10-04 10:45:00,412.0,gas_ccgt,MW,nem,NSW1
2017-10-04 10:50:00,412.0,gas_ccgt,MW,nem,NSW1
2017-10-04 10:55:00,413.0,gas_ccgt,MW,nem,NSW1
2017-10-04 11:00:00,413.0,gas_ccgt,MW,nem,NSW1
2017-10-04 11:05:00,413.0,gas_ccgt,MW,nem,NSW1
2017-10-04 11:10:00,413.0,gas_ccgt,MW,nem,NSW1
2017-10-04 11:15:00,412.0,gas_ccgt,MW,nem,NSW1
2017-10-04 11:20:00,412.0,gas_ccgt,MW,nem,NSW1
2017-10-04 11:25:00,412.0,gas_ccgt,MW,nem,NSW1
2017-10-04 11:30:00,410.0,gas_ccgt,MW,nem,NSW1
2017-10-04 11:35:00,412.0,gas_ccgt,MW,nem,NSW1
2017-10-04 11:40:00,412.0,gas_ccgt,MW,nem,NSW1
2017-10-04 11:45:00,412.0,gas_ccgt,MW,nem,NSW1
2017-10-04 11:50:00,412.0,gas_ccgt,MW,nem,NSW1
2017-10-04 11:55:00,412.0,gas_ccgt,MW,nem,NSW1
2017-10-04 12:00:00,412.0,gas_ccgt,MW,nem,NSW1
2017-10-04 12:05:00,411.0,gas_ccgt,MW,nem,NSW1
2017-10-04 12:10:00,411.0,gas_ccgt,MW,nem,NSW1
2017-10-04 12:15:00,411.0,gas_ccgt,MW,nem,NSW1
2017-10-04 12:20:00,413.0,gas_ccgt,MW,nem,NSW1
2017-10-04 12:25:00,411.0,gas_ccgt,MW,nem,NSW1
2017-10-04 12:30:00,412.0,gas_ccgt,MW,nem,NSW1
2017-10-04 12:35:00,412.0,gas_ccgt,MW,nem,NSW1
2017-10-04 12:40:00,412.0,gas_ccgt,MW,nem,NSW1
2017-10-04 12:45:00,391.0,gas_ccgt,MW,nem,NSW1
2017-10-04 12:50:00,405.0,gas_ccgt,MW,nem,NSW1
2017-10-04 12:55:00,410.0,gas_ccgt,MW,nem,NSW1
2017-10-04 13:00:00,411.0,gas_ccgt,MW,nem,NSW1
2017-10-04 13:05:00,411.0,gas_ccgt,MW,nem,NSW1
2017-10-04 13:10:00,411.0,gas_ccgt,MW,nem,NSW1
2017-10-04 13:15:00,409.0,gas_ccgt,MW,nem,NSW1
2017-10-04 13:20:00,410.0,gas_ccgt,MW,nem,NSW1
2017-10-04 13:25:00,411.0,gas_ccgt,MW,nem,NSW1
2017-10-04 13:30:00,411.0,gas_ccgt,MW,nem,NSW1
2017-10-04 13:35:00,411.0,gas_ccgt,MW,nem,NSW1
2017-10-04 13:40:00,414.0,gas_ccgt,MW,nem,NSW1
2017-10-04 13:45:00,411.0,gas_ccgt,MW,nem,NSW1
2017-10-04 13:50:00,412.0,gas_ccgt,MW,nem,NSW1
2017-10-04 13:55:00,412.0,gas_ccgt,MW,nem,NSW1
2017-10-04 14:00:00,411.0,gas_ccgt,MW,nem,NSW1
2017-10-04 14:05:00,411.0,gas_ccgt,MW,nem,NSW1
2017-10-04 14:10:00,411.0,gas_ccgt,MW,nem,NSW1
2017-10-04 14:15:00,411.0,gas_ccgt,MW,nem,NSW1
2017-10-04 14:20:00,411.0,gas_ccgt,MW,nem,NSW1
2017-10-04 14:25:00,411.0,gas_ccgt,MW,nem,NSW1
2017-10-04 14:30:00,410.0,gas_ccgt,MW,nem,NSW1
2017-10-04 14:35:00,412.0,gas_ccgt,MW,nem,NSW1
2017-10-04 14:40:00,410.0,gas_ccgt,MW,nem,NSW1
2017-10-04 14:45:00,411.0,gas_ccgt,MW,nem,NSW1
2017-10-04 14:50:00,411.0,gas_ccgt,MW,nem,NSW1
2017-10-04 14:55:00,411.0,gas_ccgt,MW,nem,NSW1
2017-10-04 15:00:00,411.0,gas_ccgt,MW,nem,NSW1
2017-10-04 15:05:00,411.0,gas_ccgt,MW,nem,NSW1
2017-10-04 15:10:00,411.0,gas_ccgt,MW,nem,NSW1
2017-10-04 15:15:00,411.0,gas_ccgt,MW,nem,NSW1
2017-10-04 15:20:00,412.0,gas_ccgt,MW,nem,NSW1
2017-10-04 15:25:00,412.0,gas_ccgt,MW,nem,NSW1
2017-10-04 15:30:00,412.0,gas_ccgt,MW,nem,NSW1
2017-10-04 15:35:00,412.0,gas_ccgt,MW,nem,NSW1
2017-10-04 15:40:00,412.0,gas_ccgt,MW,nem,NSW1
2017-10-04 15:45:00,412.0,gas_ccgt,MW,nem,NSW1
2017-10-04 15:50:00,412.0,gas_ccgt,MW,nem,NSW1
2017-10-04 15:55:00,412.0,gas_ccgt,MW,nem,NSW1
2017-10-04 16:00:00,411.0,gas_ccgt,MW,nem,NSW1
2017-10-04 16:05:00,411.0,gas_ccgt,MW,nem,NSW1
2017-10-04 16:10:00,411.0,gas_ccgt,MW,nem,NSW1
2017-10-04 16:15:00,411.0,gas_ccgt,MW,nem,NSW1
2017-10-04 16:20:00,411.0,gas_ccgt,MW,nem,NSW1
2017-10-04 16:25:00,412.0,gas_ccgt,MW,nem,NSW1
2017-10-04 16:30:00,412.0,gas_ccgt,MW,nem,NSW1
2017-10-04 16:35:00,413.0,gas_ccgt,MW,nem,NSW1
2017-10-04 16:40:00,414.0,gas_ccgt,MW,nem,NSW1
2017-10-04 16:45:00,414.0,gas_ccgt,MW,nem,NSW1
2017-10-04 16:50:00,412.0,gas_ccgt,MW,nem,NSW1
2017-10-04 16:55:00,257.0,gas_ccgt,MW,nem,NSW1
2017-10-04 17:00:00,257.0,gas_ccgt,MW,nem,NSW1
2017-10-04 17:05:00,257.0,gas_ccgt,MW,nem,NSW1
2017-10-04 17:10:00,221.0,gas_ccgt,MW,nem,NSW1
2017-10-04 17:15:00,189.0,gas_ccgt,MW,nem,NSW1
2017-10-04 17:20:00,189.0,gas_ccgt,MW,nem,NSW1
2017-10-04 17:25:00,189.0,gas_ccgt,MW,nem,NSW1
2017-10-04 17:30:00,189.0,gas_ccgt,MW,nem,NSW1
2017-10-04 17:35:00,191.0,gas_ccgt,MW,nem,NSW1
2017-10-04 17:40:00,190.0,gas_ccgt,MW,nem,NSW1
2017-10-04 17:45:00,190.0,gas_ccgt,MW,nem,NSW1
2017-10-04 17:50:00,190.0,gas_ccgt,MW,nem,NSW1
2017-10-04 17:55:00,190.0,gas_ccgt,MW,nem,NSW1
2017-10-04 18:00:00,190.0,gas_ccgt,MW,nem,NSW1
2017-10-04 18:05:00,190.0,gas_ccgt,MW,nem,NSW1
2017-10-04 18:10:00,190.0,gas_ccgt,MW,nem,NSW1
2017-10-04 18:15:00,190.0,gas_ccgt,MW,nem,NSW1
2017-10-04 18:20:00,191.0,gas_ccgt,MW,nem,NSW1
2017-10-04 18:25:00,191.0,gas_ccgt,MW,nem,NSW1
2017-10-04 18:30:00,191.0,gas_ccgt,MW,nem,NSW1
2017-10-04 18:35:00,189.0,gas_ccgt,MW,nem,NSW1
2017-10-04 18:40:00,191.0,gas_ccgt,MW,nem,NSW1
2017-10-04 18:45:00,190.0,gas_ccgt,MW,nem,NSW1
2017-10-04 18:50:00,195.0,gas_ccgt,MW,nem,NSW1
2017-10-04 18:55:00,180.0,gas_ccgt,MW,nem,NSW1
2017-10-04 19:00:00,181.0,gas_ccgt,MW,nem,NSW1
2017-10-04 19:05:00,179.0,gas_ccgt,MW,nem,NSW1
2017-10-04 19:10:00,179.0,gas_ccgt,MW,nem,NSW1
2017-10-04 19:15:00,181.0,gas_ccgt,MW,nem,NSW1
2017-10-04 19:20:00,181.0,gas_ccgt,MW,nem,NSW1
2017-10-04 19:25:00,179.0,gas_ccgt,MW,nem,NSW1
2017-10-04 19:30:00,179.0,gas_ccgt,MW,nem,NSW1
2017-10-04 19:35:00,181.0,gas_ccgt,MW,nem,NSW1
2017-10-04 19:40:00,180.0,gas_ccgt,MW,nem,NSW1
2017-10-04 19:45:00,181.0,gas_ccgt,MW,nem,NSW1
2017-10-04 19:50:00,180.0,gas_ccgt,MW,nem,NSW1
2017-10-04 19:55:00,180.0,gas_ccgt,MW,nem,NSW1
2017-10-04 20:00:00,179.0,gas_ccgt,MW,nem,NSW1
2017-10-04 20:05:00,179.0,gas_ccgt,MW,nem,NSW1
2017-10-04 20:10:00,179.0,gas_ccgt,MW,nem,NSW1
2017-10-04 20:15:00,181.0,gas_ccgt,MW,nem,NSW1
2017-10-04 20:20:00,189.0,gas_ccgt,MW,nem,NSW1
2017-10-04 20:25:00,208.0,gas_ccgt,MW,nem,NSW1
2017-10-04 20:30:00,238.0,gas_ccgt,MW,nem,NSW1
2017-10-04 20:35:00,261.0,gas_ccgt,MW,nem,NSW1
2017-10-04 20:40:00,288.0,gas_ccgt,MW,nem,NSW1
2017-10-04 20:45:00,315.0,gas_ccgt,MW,nem,NSW1
2017-10-04 20:50:00,343.0,gas_ccgt,MW,nem,NSW1
2017-10-04 20:55:00,370.0,gas_ccgt,MW,nem,NSW1
2017-10-04 21:00:00,397.0,gas_ccgt,MW,nem,NSW1
2017-10-04 21:05:00,411.0,gas_ccgt,MW,nem,NSW1
2017-10-04 21:10:00,415.0,gas_ccgt,MW,nem,NSW1
2017-10-04 21:15:00,415.0,gas_ccgt,MW,nem,NSW1
2017-10-04 21:20:00,413.0,gas_ccgt,MW,nem,NSW1
2017-10-04 21:25:00,415.0,gas_ccgt,MW,nem,NSW1
2017-10-04 21:30:00,415.0,gas_ccgt,MW,nem,NSW1
2017-10-04 21:35:00,413.0,gas_ccgt,MW,nem,NSW1
2017-10-04 21:40:00,414.0,gas_ccgt,MW,nem,NSW1
2017-10-04 21:45:00,415.0,gas_ccgt,MW,nem,NSW1
2017-10-04 21:50:00,415.0,gas_ccgt,MW,nem,NSW1
2017-10-04 21:55:00,416.0,gas_ccgt,MW,nem,NSW1
2017-10-04 22:00:00,416.0,gas_ccgt,MW,nem,NSW1
2017-10-04 22:05:00,415.0,gas_ccgt,MW,nem,NSW1
2017-10-04 22:10:00,417.0,gas_ccgt,MW,nem,NSW1
2017-10-04 22:15:00,415.0,gas_ccgt,MW,nem,NSW1
2017-10-04 22:20:00,415.0,gas_ccgt,MW,nem,NSW1
2017-10-04 22:25:00,417.0,gas_ccgt,MW,nem,NSW1
2017-10-04 22:30:00,417.0,gas_ccgt,MW,nem,NSW1
2017-10-04 22:35:00,415.0,gas_ccgt,MW,nem,NSW1
2017-10-04 22:40:00,415.0,gas_ccgt,MW,nem,NSW1
2017-10-04 22:45:00,416.0,gas_ccgt,MW,nem,NSW1
2017-10-04 22:50:00,418.0,gas_ccgt,MW,nem,NSW1
2017-10-04 22:55:00,417.0,gas_ccgt,MW,nem,NSW1
2017-10-04 23:00:00,415.0,gas_ccgt,MW,nem,NSW1
2017-10-04 23:05:00,417.0,gas_ccgt,MW,nem,NSW1
2017-10-04 23:10:00,415.0,gas_ccgt,MW,nem,NSW1
2017-10-04 23:15:00,417.0,gas_ccgt,MW,nem,NSW1
2017-10-04 23:20:00,415.0,gas_ccgt,MW,nem,NSW1
2017-10-04 23:25:00,418.0,gas_ccgt,MW,nem,NSW1
2017-10-04 23:30:00,415.0,gas_ccgt,MW,nem,NSW1
2017-10-04 23:35:00,417.0,gas_ccgt,MW,nem,NSW1
2017-10-04 23:40:00,417.0,gas_ccgt,MW,nem,NSW1
2017-10-04 23:45:00,415.0,gas_ccgt,MW,nem,NSW1
2017-10-04 23:50:00,415.0,gas_ccgt,MW,nem,NSW1
2017-10-04 23:55:00,417.0,gas_ccgt,MW,nem,NSW1
2017-10-05 00:00:00,415.0,gas_ccgt,MW,nem,NSW1
2017-10-05 00:05:00,415.0,gas_ccgt,MW,nem,NSW1
2017-10-05 00:10:00,415.0,gas_ccgt,MW,nem,NSW1
2017-10-05 00:15:00,415.0,gas_ccgt,MW,nem,NSW1
2017-10-05 00:20:00,417.0,gas_ccgt,MW,nem,NSW1
2017-10-05 00:25:00,417.0,gas_ccgt,MW,nem,NSW1
2017-10-05 00:30:00,417.0,gas_ccgt,MW,nem,NSW1
2017-10-05 00:35:00,417.0,gas_ccgt,MW,nem,NSW1
2017-10-05 00:40:00,417.0,gas_ccgt,MW,nem,NSW1
2017-10-05 00:45:00,417.0,gas_ccgt,MW,nem,NSW1
2017-10-05 00:50:00,417.0,gas_ccgt,MW,nem,NSW1
2017-10-05 00:55:00,416.0,gas_ccgt,MW,nem,NSW1
2017-10-05 01:00:00,416.0,gas_ccgt,MW,nem,NSW1
2017-10-05 01:05:00,416.0,gas_ccgt,MW,nem,NSW1
2017-10-05 01:10:00,416.0,gas_ccgt,MW,nem,NSW1
2017-10-05 01:15:00,416.0,gas_ccgt,MW,nem,NSW1
2017-10-05 01:20:00,416.0,gas_ccgt,MW,nem,NSW1
2017-10-05 01:25:00,416.0,gas_ccgt,MW,nem,NSW1
2017-10-05 01:30:00,416.0,gas_ccgt,MW,nem,NSW1
2017-10-05 01:35:00,416.0,gas_ccgt,MW,nem,NSW1
2017-10-05 01:40:00,416.0,gas_ccgt,MW,nem,NSW1
2017-10-05 01:45:00,416.0,gas_ccgt,MW,nem,NSW1
2017-10-05 01:50:00,414.0,gas_ccgt,MW,nem,NSW1
2017-10-05 01:55:00,416.0,gas_ccgt,MW,nem,NSW1
2017-10-05 02:00:00,417.0,gas_ccgt,MW,nem,NSW1
2017-10-05 02:05:00,407.0,gas_ccgt,MW,nem,NSW1
2017-10-05 02:10:00,414.0,gas_ccgt,MW,nem,NSW1
2017-10-05 02:15:00,416.0,gas_ccgt,MW,nem,NSW1
2017-10-05 02:20:00,417.0,gas_ccgt,MW,nem,NSW1
2017-10-05 02:25:00,417.0,gas_ccgt,MW,nem,NSW1
2017-10-05 02:30:00,417.0,gas_ccgt,MW,nem,NSW1
2017-10-05 02:35:00,415.0,gas_ccgt,MW,nem,NSW1
2017-10-05 02:40:00,417.0,gas_ccgt,MW,nem,NSW1
2017-10-05 02:45:00,415.0,gas_ccgt,MW,nem,NSW1
2017-10-05 02:50:00,415.0,gas_ccgt,MW,nem,NSW1
2017-10-05 02:55:00,415.0,gas_ccgt,MW,nem,NSW1
2017-10-05 03:00:00,415.0,gas_ccgt,MW,nem,NSW1
2017-10-05 03:05:00,416.0,gas_ccgt,MW,nem,NSW1
2017-10-05 03:10:00,416.0,gas_ccgt,MW,nem,NSW1
2017-10-05 03:15:00,416.0,gas_ccgt,MW,nem,NSW1
2017-10-05 03:20:00,416.0,gas_ccgt,MW,nem,NSW1
2017-10-05 03:25:00,394.0,gas_ccgt,MW,nem,NSW1
2017-10-05 03:30:00,369.0,gas_ccgt,MW,nem,NSW1
2017-10-05 03:35:00,391.0,gas_ccgt,MW,nem,NSW1
2017-10-05 03:40:00,412.0,gas_ccgt,MW,nem,NSW1
2017-10-05 03:45:00,416.0,gas_ccgt,MW,nem,NSW1
2017-10-05 03:50:00,416.0,gas_ccgt,MW,nem,NSW1
2017-10-05 03:55:00,416.0,gas_ccgt,MW,nem,NSW1
2017-10-05 04:00:00,416.0,gas_ccgt,MW,nem,NSW1
2017-10-05 04:05:00,416.0,gas_ccgt,MW,nem,NSW1
2017-10-05 04:10:00,416.0,gas_ccgt,MW,nem,NSW1
2017-10-05 04:15:00,416.0,gas_ccgt,MW,nem,NSW1
2017-10-05 04:20:00,416.0,gas_ccgt,MW,nem,NSW1
2017-10-05 04:25:00,416.0,gas_ccgt,MW,nem,NSW1
2017-10-05 04:30:00,416.0,gas_ccgt,MW,nem,NSW1
2017-10-05 04:35:00,416.0,gas_ccgt,MW,nem,NSW1
2017-10-05 04:40:00,416.0,gas_ccgt,MW,nem,NSW1
2017-10-05 04:45:00,415.0,gas_ccgt,MW,nem,NSW1
2017-10-05 04:50:00,417.0,gas_ccgt,MW,nem,NSW1
2017-10-05 04:55:00,415.0,gas_ccgt,MW,nem,NSW1
2017-10-05 05:00:00,417.0,gas_ccgt,MW,nem,NSW1
2017-10-05 05:05:00,415.0,gas_ccgt,MW,nem,NSW1
2017-10-05 05:10:00,395.0,gas_ccgt,MW,nem,NSW1
2017-10-05 05:15:00,410.0,gas_ccgt,MW,nem,NSW1
2017-10-05 05:20:00,413.0,gas_ccgt,MW,nem,NSW1
2017-10-05 05:25:00,417.0,gas_ccgt,MW,nem,NSW1
2017-10-05 05:30:00,416.0,gas_ccgt,MW,nem,NSW1
2017-10-05 05:35:00,416.0,gas_ccgt,MW,nem,NSW1
2017-10-05 05:40:00,416.0,gas_ccgt,MW,nem,NSW1
2017-10-05 05:45:00,416.0,gas_ccgt,MW,nem,NSW1
2017-10-05 05:50:00,417.0,gas_ccgt,MW,nem,NSW1
2017-10-05 05:55:00,415.0,gas_ccgt,MW,nem,NSW1
2017-10-05 06:00:00,415.0,gas_ccgt,MW,nem,NSW1
2017-10-05 06:05:00,416.0,gas_ccgt,MW,nem,NSW1
2017-10-05 06:10:00,416.0,gas_ccgt,MW,nem,NSW1
2017-10-05 06:15:00,414.0,gas_ccgt,MW,nem,NSW1
2017-10-05 06:20:00,414.0,gas_ccgt,MW,nem,NSW1
2017-10-05 06:25:00,414.0,gas_ccgt,MW,nem,NSW1
2017-10-05 06:30:00,415.0,gas_ccgt,MW,nem,NSW1
2017-10-05 06:35:00,415.0,gas_ccgt,MW,nem,NSW1
2017-10-05 06:40:00,415.0,gas_ccgt,MW,nem,NSW1
2017-10-05 06:45:00,415.0,gas_ccgt,MW,nem,NSW1
2017-10-05 06:50:00,415.0,gas_ccgt,MW,nem,NSW1
2017-10-05 06:55:00,415.0,gas_ccgt,MW,nem,NSW1
2017-10-05 07:00:00,415.0,gas_ccgt,MW,nem,NSW1
2017-10-05 07:05:00,415.0,gas_ccgt,MW,nem,NSW1
2017-10-05 07:10:00,415.0,gas_ccgt,MW,nem,NSW1
2017-10-05 07:15:00,413.0,gas_ccgt,MW,nem,NSW1
2017-10-05 07:20:00,413.0,gas_ccgt,MW,nem,NSW1
2017-10-05 07:25:00,413.0,gas_ccgt,MW,nem,NSW1
2017-10-05 07:30:00,413.0,gas_ccgt,MW,nem,NSW1
2017-10-05 07:35:00,414.0,gas_ccgt,MW,nem,NSW1
2017-10-05 07:40:00,414.0,gas_ccgt,MW,nem,NSW1
2017-10-05 07:45:00,414.0,gas_ccgt,MW,nem,NSW1
2017-10-05 07:50:00,412.0,gas_ccgt,MW,nem,NSW1
2017-10-05 07:55:00,413.0,gas_ccgt,MW,nem,NSW1
2017-10-05 08:00:00,413.0,gas_ccgt,MW,nem,NSW1
2017-10-05 08:05:00,413.0,gas_ccgt,MW,nem,NSW1
2017-10-05 08:10:00,413.0,gas_ccgt,MW,nem,NSW1
2017-10-05 08:15:00,413.0,gas_ccgt,MW,nem,NSW1
2017-10-05 08:20:00,413.0,gas_ccgt,MW,nem,NSW1
2017-10-05 08:25:00,413.0,gas_ccgt,MW,nem,NSW1
2017-10-05 08:30:00,413.0,gas_ccgt,MW,nem,NSW1
2017-10-05 08:35:00,411.0,gas_ccgt,MW,nem,NSW1
2017-10-05 08:40:00,411.0,gas_ccgt,MW,nem,NSW1
2017-10-05 08:45:00,411.0,gas_ccgt,MW,nem,NSW1
2017-10-05 08:50:00,411.0,gas_ccgt,MW,nem,NSW1
2017-10-05 08:55:00,411.0,gas_ccgt,MW,nem,NSW1
2017-10-05 09:00:00,409.0,gas_ccgt,MW,nem,NSW1
2017-10-05 09:05:00,411.0,gas_ccgt,MW,nem,NSW1
2017-10-05 09:10:00,411.0,gas_ccgt,MW,nem,NSW1
2017-10-05 09:15:00,411.0,gas_ccgt,MW,nem,NSW1
2017-10-05 09:20:00,411.0,gas_ccgt,MW,nem,NSW1
2017-10-05 09:25:00,411.0,gas_ccgt,MW,nem,NSW1
2017-10-05 09:30:00,410.0,gas_ccgt,MW,nem,NSW1
2017-10-05 09:35:00,410.0,gas_ccgt,MW,nem,NSW1
2017-10-05 09:40:00,409.0,gas_ccgt,MW,nem,NSW1
2017-10-05 09:45:00,409.0,gas_ccgt,MW,nem,NSW1
2017-10-05 09:50:00,409.0,gas_ccgt,MW,nem,NSW1
2017-10-05 09:55:00,408.0,gas_ccgt,MW,nem,NSW1
2017-10-05 10:00:00,408.0,gas_ccgt,MW,nem,NSW1
2017-10-05 10:05:00,408.0,gas_ccgt,MW,nem,NSW1
2017-10-05 10:10:00,408.0,gas_ccgt,MW,nem,NSW1
2017-10-05 10:15:00,408.0,gas_ccgt,MW,nem,NSW1
2017-10-05 10:20:00,408.0,gas_ccgt,MW,nem,NSW1
2017-10-05 10:25:00,408.0,gas_ccgt,MW,nem,NSW1
2017-10-05 10:30:00,408.0,gas_ccgt,MW,nem,NSW1
2017-10-05 10:35:00,408.0,gas_ccgt,MW,nem,NSW1
2017-10-05 10:40:00,408.0,gas_ccgt,MW,nem,NSW1
2017-10-05 10:45:00,408.0,gas_ccgt,MW,nem,NSW1
2017-10-05 10:50:00,408.0,gas_ccgt,MW,nem,NSW1
2017-10-05 10:55:00,408.0,gas_ccgt,MW,nem,NSW1
2017-10-05 11:00:00,408.0,gas_ccgt,MW,nem,NSW1
2017-10-05 11:05:00,407.0,gas_ccgt,MW,nem,NSW1
2017-10-05 11:10:00,383.0,gas_ccgt,MW,nem,NSW1
2017-10-05 11:15:00,354.0,gas_ccgt,MW,nem,NSW1
2017-10-05 11:20:00,328.0,gas_ccgt,MW,nem,NSW1
2017-10-05 11:25:00,299.0,gas_ccgt,MW,nem,NSW1
2017-10-05 11:30:00,274.0,gas_ccgt,MW,nem,NSW1
2017-10-05 11:35:00,246.0,gas_ccgt,MW,nem,NSW1
2017-10-05 11:40:00,219.0,gas_ccgt,MW,nem,NSW1
2017-10-05 11:45:00,191.0,gas_ccgt,MW,nem,NSW1
2017-10-05 11:50:00,191.0,gas_ccgt,MW,nem,NSW1
2017-10-05 11:55:00,190.0,gas_ccgt,MW,nem,NSW1
2017-10-05 12:00:00,190.0,gas_ccgt,MW,nem,NSW1
2017-10-05 12:05:00,190.0,gas_ccgt,MW,nem,NSW1
2017-10-05 12:10:00,190.0,gas_ccgt,MW,nem,NSW1
2017-10-05 12:15:00,190.0,gas_ccgt,MW,nem,NSW1
2017-10-05 12:20:00,190.0,gas_ccgt,MW,nem,NSW1
2017-10-05 12:25:00,190.0,gas_ccgt,MW,nem,NSW1
2017-10-05 12:30:00,190.0,gas_ccgt,MW,nem,NSW1
2017-10-05 12:35:00,190.0,gas_ccgt,MW,nem,NSW1
2017-10-05 12:40:00,190.0,gas_ccgt,MW,nem,NSW1
2017-10-05 12:45:00,190.0,gas_ccgt,MW,nem,NSW1
2017-10-05 12:50:00,190.0,gas_ccgt,MW,nem,NSW1
2017-10-05 12:55:00,190.0,gas_ccgt,MW,nem,NSW1
2017-10-05 13:00:00,190.0,gas_ccgt,MW,nem,NSW1
2017-10-05 13:05:00,190.0,gas_ccgt,MW,nem,NSW1
2017-10-05 13:10:00,190.0,gas_ccgt,MW,nem,NSW1
2017-10-05 13:15:00,190.0,gas_ccgt,MW,nem,NSW1
2017-10-05 13:20:00,190.0,gas_ccgt,MW,nem,NSW1
2017-10-05 13:25:00,190.0,gas_ccgt,MW,nem,NSW1
2017-10-05 13:30:00,190.0,gas_ccgt,MW,nem,NSW1
2017-10-05 13:35:00,190.0,gas_ccgt,MW,nem,NSW1
2017-10-05 13:40:00,190.0,gas_ccgt,MW,nem,NSW1
2017-10-05 13:45:00,192.0,gas_ccgt,MW,nem,NSW1
2017-10-05 13:50:00,190.0,gas_ccgt,MW,nem,NSW1
2017-10-05 13:55:00,214.0,gas_ccgt,MW,nem,NSW1
2017-10-05 14:00:00,243.0,gas_ccgt,MW,nem,NSW1
2017-10-05 14:05:00,267.0,gas_ccgt,MW,nem,NSW1
2017-10-05 14:10:00,296.0,gas_ccgt,MW,nem,NSW1
2017-10-05 14:15:00,321.0,gas_ccgt,MW,nem,NSW1
2017-10-05 14:20:00,350.0,gas_ccgt,MW,nem,NSW1
2017-10-05 14:25:00,375.0,gas_ccgt,MW,nem,NSW1
2017-10-05 14:30:00,400.0,gas_ccgt,MW,nem,NSW1
2017-10-05 14:35:00,406.0,gas_ccgt,MW,nem,NSW1
2017-10-05 14:40:00,406.0,gas_ccgt,MW,nem,NSW1
2017-10-05 14:45:00,406.0,gas_ccgt,MW,nem,NSW1
2017-10-05 14:50:00,405.0,gas_ccgt,MW,nem,NSW1
2017-10-05 14:55:00,405.0,gas_ccgt,MW,nem,NSW1
2017-10-05 15:00:00,405.0,gas_ccgt,MW,nem,NSW1
2017-10-05 15:05:00,405.0,gas_ccgt,MW,nem,NSW1
2017-10-05 15:10:00,405.0,gas_ccgt,MW,nem,NSW1
2017-10-05 15:15:00,405.0,gas_ccgt,MW,nem,NSW1
2017-10-05 15:20:00,405.0,gas_ccgt,MW,nem,NSW1
2017-10-05 15:25:00,406.0,gas_ccgt,MW,nem,NSW1
2017-10-05 15:30:00,406.0,gas_ccgt,MW,nem,NSW1
2017-10-05 15:35:00,405.0,gas_ccgt,MW,nem,NSW1
2017-10-05 15:40:00,405.0,gas_ccgt,MW,nem,NSW1
2017-10-05 15:45:00,405.0,gas_ccgt,MW,nem,NSW1
2017-10-05 15:50:00,407.0,gas_ccgt,MW,nem,NSW1
2017-10-05 15:55:00,405.0,gas_ccgt,MW,nem,NSW1
2017-10-05 16:00:00,405.0,gas_ccgt,MW,nem,NSW1
2017-10-05 16:05:00,405.0,gas_ccgt,MW,nem,NSW1
2017-10-05 16:10:00,405.0,gas_ccgt,MW,nem,NSW1
2017-10-05 16:15:00,405.0,gas_ccgt,MW,nem,NSW1
2017-10-05 16:20:00,405.0,gas_ccgt,MW,nem,NSW1
2017-10-05 16:25:00,405.0,gas_ccgt,MW,nem,NSW1
2017-10-05 16:30:00,405.0,gas_ccgt,MW,nem,NSW1
2017-10-05 16:35:00,405.0,gas_ccgt,MW,nem,NSW1
2017-10-05 16:40:00,405.0,gas_ccgt,MW,nem,NSW1
2017-10-05 16:45:00,405.0,gas_ccgt,MW,nem,NSW1
2017-10-05 16:50:00,405.0,gas_ccgt,MW,nem,NSW1
2017-10-05 16:55:00,406.0,gas_ccgt,MW,nem,NSW1
2017-10-05 17:00:00,406.0,gas_ccgt,MW,nem,NSW1
2017-10-05 17:05:00,404.0,gas_ccgt,MW,nem,NSW1
2017-10-05 17:10:00,406.0,gas_ccgt,MW,nem,NSW1
2017-10-05 17:15:00,404.0,gas_ccgt,MW,nem,NSW1
2017-10-05 17:20:00,406.0,gas_ccgt,MW,nem,NSW1
2017-10-05 17:25:00,407.0,gas_ccgt,MW,nem,NSW1
2017-10-05 17:30:00,407.0,gas_ccgt,MW,nem,NSW1
2017-10-05 17:35:00,407.0,gas_ccgt,MW,nem,NSW1
2017-10-05 17:40:00,407.0,gas_ccgt,MW,nem,NSW1
2017-10-05 17:45:00,407.0,gas_ccgt,MW,nem,NSW1
2017-10-05 17:50:00,407.0,gas_ccgt,MW,nem,NSW1
2017-10-05 17:55:00,407.0,gas_ccgt,MW,nem,NSW1
2017-10-05 18:00:00,408.0,gas_ccgt,MW,nem,NSW1
2017-10-05 18:05:00,408.0,gas_ccgt,MW,nem,NSW1
2017-10-05 18:10:00,408.0,gas_ccgt,MW,nem,NSW1
2017-10-05 18:15:00,408.0,gas_ccgt,MW,nem,NSW1
2017-10-05 18:20:00,406.0,gas_ccgt,MW,nem,NSW1
2017-10-05 18:25:00,406.0,gas_ccgt,MW,nem,NSW1
2017-10-05 18:30:00,408.0,gas_ccgt,MW,nem,NSW1
2017-10-05 18:35:00,407.0,gas_ccgt,MW,nem,NSW1
2017-10-05 18:40:00,408.0,gas_ccgt,MW,nem,NSW1
2017-10-05 18:45:00,406.0,gas_ccgt,MW,nem,NSW1
2017-10-05 18:50:00,408.0,gas_ccgt,MW,nem,NSW1
2017-10-05 18:55:00,408.0,gas_ccgt,MW,nem,NSW1
2017-10-05 19:00:00,408.0,gas_ccgt,MW,nem,NSW1
2017-10-05 19:05:00,408.0,gas_ccgt,MW,nem,NSW1
2017-10-05 19:10:00,409.0,gas_ccgt,MW,nem,NSW1
2017-10-05 19:15:00,407.0,gas_ccgt,MW,nem,NSW1
2017-10-05 19:20:00,407.0,gas_ccgt,MW,nem,NSW1
2017-10-05 19:25:00,407.0,gas_ccgt,MW,nem,NSW1
2017-10-05 19:30:00,408.0,gas_ccgt,MW,nem,NSW1
2017-10-05 19:35:00,409.0,gas_ccgt,MW,nem,NSW1
2017-10-05 19:40:00,408.0,gas_ccgt,MW,nem,NSW1
2017-10-05 19:45:00,408.0,gas_ccgt,MW,nem,NSW1
2017-10-05 19:50:00,406.0,gas_ccgt,MW,nem,NSW1
2017-10-05 19:55:00,406.0,gas_ccgt,MW,nem,NSW1
2017-10-05 20:00:00,408.0,gas_ccgt,MW,nem,NSW1
2017-10-05 20:05:00,408.0,gas_ccgt,MW,nem,NSW1
2017-10-05 20:10:00,407.0,gas_ccgt,MW,nem,NSW1
2017-10-05 20:15:00,407.0,gas_ccgt,MW,nem,NSW1
2017-10-05 20:20:00,409.0,gas_ccgt,MW,nem,NSW1
2017-10-05 20:25:00,407.0,gas_ccgt,MW,nem,NSW1
2017-10-05 20:30:00,407.0,gas_ccgt,MW,nem,NSW1
2017-10-05 20:35:00,407.0,gas_ccgt,MW,nem,NSW1
2017-10-05 20:40:00,408.0,gas_ccgt,MW,nem,NSW1
2017-10-05 20:45:00,406.0,gas_ccgt,MW,nem,NSW1
2017-10-05 20:50:00,408.0,gas_ccgt,MW,nem,NSW1
2017-10-05 20:55:00,408.0,gas_ccgt,MW,nem,NSW1
2017-10-05 21:00:00,408.0,gas_ccgt,MW,nem,NSW1
2017-10-05 21:05:00,408.0,gas_ccgt,MW,nem,NSW1
2017-10-05 21:10:00,408.0,gas_ccgt,MW,nem,NSW1
2017-10-05 21:15:00,408.0,gas_ccgt,MW,nem,NSW1
2017-10-05 21:20:00,408.0,gas_ccgt,MW,nem,NSW1
2017-10-05 21:25:00,408.0,gas_ccgt,MW,nem,NSW1
2017-10-05 21:30:00,408.0,gas_ccgt,MW,nem,NSW1
2017-10-05 21:35:00,408.0,gas_ccgt,MW,nem,NSW1
2017-10-05 21:40:00,408.0,gas_ccgt,MW,nem,NSW1
2017-10-05 21:45:00,408.0,gas_ccgt,MW,nem,NSW1
2017-10-05 21:50:00,408.0,gas_ccgt,MW,nem,NSW1
2017-10-05 21:55:00,383.0,gas_ccgt,MW,nem,NSW1
2017-10-05 22:00:00,371.0,gas_ccgt,MW,nem,NSW1
2017-10-05 22:05:00,392.0,gas_ccgt,MW,nem,NSW1
2017-10-05 22:10:00,405.0,gas_ccgt,MW,nem,NSW1
2017-10-05 22:15:00,409.0,gas_ccgt,MW,nem,NSW1
2017-10-05 22:20:00,409.0,gas_ccgt,MW,nem,NSW1
2017-10-05 22:25:00,409.0,gas_ccgt,MW,nem,NSW1
2017-10-05 22:30:00,407.0,gas_ccgt,MW,nem,NSW1
2017-10-05 22:35:00,407.0,gas_ccgt,MW,nem,NSW1
2017-10-05 22:40:00,407.0,gas_ccgt,MW,nem,NSW1
2017-10-05 22:45:00,409.0,gas_ccgt,MW,nem,NSW1
2017-10-05 22:50:00,408.0,gas_ccgt,MW,nem,NSW1
2017-10-05 22:55:00,408.0,gas_ccgt,MW,nem,NSW1
2017-10-05 23:00:00,408.0,gas_ccgt,MW,nem,NSW1
2017-10-05 23:05:00,408.0,gas_ccgt,MW,nem,NSW1
2017-10-05 23:10:00,408.0,gas_ccgt,MW,nem,NSW1
2017-10-05 23:15:00,407.0,gas_ccgt,MW,nem,NSW1
2017-10-05 23:20:00,409.0,gas_ccgt,MW,nem,NSW1
2017-10-05 23:25:00,407.0,gas_ccgt,MW,nem,NSW1
2017-10-05 23:30:00,408.0,gas_ccgt,MW,nem,NSW1
2017-10-05 23:35:00,407.0,gas_ccgt,MW,nem,NSW1
2017-10-05 23:40:00,407.0,gas_ccgt,MW,nem,NSW1
2017-10-05 23:45:00,407.0,gas_ccgt,MW,nem,NSW1
2017-10-05 23:50:00,408.0,gas_ccgt,MW,nem,NSW1
2017-10-05 23:55:00,408.0,gas_ccgt,MW,nem,NSW1
2017-10-06 00:00:00,408.0,gas_ccgt,MW,nem,NSW1
2017-10-06 00:05:00,406.0,gas_ccgt,MW,nem,NSW1
2017-10-06 00:10:00,406.0,gas_ccgt,MW,nem,NSW1
2017-10-06 00:15:00,406.0,gas_ccgt,MW,nem,NSW1
2017-10-06 00:20:00,408.0,gas_ccgt,MW,nem,NSW1
2017-10-06 00:25:00,408.0,gas_ccgt,MW,nem,NSW1
2017-10-06 00:30:00,386.0,gas_ccgt,MW,nem,NSW1
2017-10-06 00:35:00,370.0,gas_ccgt,MW,nem,NSW1
2017-10-06 00:40:00,394.0,gas_ccgt,MW,nem,NSW1
2017-10-06 00:45:00,407.0,gas_ccgt,MW,nem,NSW1
2017-10-06 00:50:00,404.0,gas_ccgt,MW,nem,NSW1
2017-10-06 00:55:00,406.0,gas_ccgt,MW,nem,NSW1
2017-10-06 01:00:00,384.0,gas_ccgt,MW,nem,NSW1
2017-10-06 01:05:00,356.0,gas_ccgt,MW,nem,NSW1
2017-10-06 01:10:00,330.0,gas_ccgt,MW,nem,NSW1
2017-10-06 01:15:00,304.0,gas_ccgt,MW,nem,NSW1
2017-10-06 01:20:00,316.0,gas_ccgt,MW,nem,NSW1
2017-10-06 01:25:00,340.0,gas_ccgt,MW,nem,NSW1
2017-10-06 01:30:00,322.0,gas_ccgt,MW,nem,NSW1
2017-10-06 01:35:00,300.0,gas_ccgt,MW,nem,NSW1
2017-10-06 01:40:00,325.0,gas_ccgt,MW,nem,NSW1
2017-10-06 01:45:00,323.0,gas_ccgt,MW,nem,NSW1
2017-10-06 01:50:00,299.0,gas_ccgt,MW,nem,NSW1
2017-10-06 01:55:00,300.0,gas_ccgt,MW,nem,NSW1
2017-10-06 02:00:00,300.0,gas_ccgt,MW,nem,NSW1
2017-10-06 02:05:00,300.0,gas_ccgt,MW,nem,NSW1
2017-10-06 02:10:00,300.0,gas_ccgt,MW,nem,NSW1
2017-10-06 02:15:00,300.0,gas_ccgt,MW,nem,NSW1
2017-10-06 02:20:00,300.0,gas_ccgt,MW,nem,NSW1
2017-10-06 02:25:00,299.0,gas_ccgt,MW,nem,NSW1
2017-10-06 02:30:00,300.0,gas_ccgt,MW,nem,NSW1
2017-10-06 02:35:00,300.0,gas_ccgt,MW,nem,NSW1
2017-10-06 02:40:00,300.0,gas_ccgt,MW,nem,NSW1
2017-10-06 02:45:00,300.0,gas_ccgt,MW,nem,NSW1
2017-10-06 02:50:00,300.0,gas_ccgt,MW,nem,NSW1
2017-10-06 02:55:00,301.0,gas_ccgt,MW,nem,NSW1
2017-10-06 03:00:00,301.0,gas_ccgt,MW,nem,NSW1
2017-10-06 03:05:00,300.0,gas_ccgt,MW,nem,NSW1
2017-10-06 03:10:00,300.0,gas_ccgt,MW,nem,NSW1
2017-10-06 03:15:00,300.0,gas_ccgt,MW,nem,NSW1
2017-10-06 03:20:00,300.0,gas_ccgt,MW,nem,NSW1
2017-10-06 03:25:00,300.0,gas_ccgt,MW,nem,NSW1
2017-10-06 03:30:00,300.0,gas_ccgt,MW,nem,NSW1
2017-10-06 03:35:00,291.0,gas_ccgt,MW,nem,NSW1
2017-10-06 03:40:00,299.0,gas_ccgt,MW,nem,NSW1
2017-10-06 03:45:00,300.0,gas_ccgt,MW,nem,NSW1
2017-10-06 03:50:00,320.0,gas_ccgt,MW,nem,NSW1
2017-10-06 03:55:00,301.0,gas_ccgt,MW,nem,NSW1
2017-10-06 04:00:00,321.0,gas_ccgt,MW,nem,NSW1
2017-10-06 04:05:00,340.0,gas_ccgt,MW,nem,NSW1
2017-10-06 04:10:00,315.0,gas_ccgt,MW,nem,NSW1
2017-10-06 04:15:00,300.0,gas_ccgt,MW,nem,NSW1
2017-10-06 04:20:00,300.0,gas_ccgt,MW,nem,NSW1
2017-10-06 04:25:00,300.0,gas_ccgt,MW,nem,NSW1
2017-10-06 04:30:00,300.0,gas_ccgt,MW,nem,NSW1
2017-10-06 04:35:00,300.0,gas_ccgt,MW,nem,NSW1
2017-10-06 04:40:00,323.0,gas_ccgt,MW,nem,NSW1
2017-10-06 04:45:00,351.0,gas_ccgt,MW,nem,NSW1
2017-10-06 04:50:00,366.0,gas_ccgt,MW,nem,NSW1
2017-10-06 04:55:00,391.0,gas_ccgt,MW,nem,NSW1
2017-10-06 05:00:00,403.0,gas_ccgt,MW,nem,NSW1
2017-10-06 05:05:00,411.0,gas_ccgt,MW,nem,NSW1
2017-10-06 05:10:00,413.0,gas_ccgt,MW,nem,NSW1
2017-10-06 05:15:00,413.0,gas_ccgt,MW,nem,NSW1
2017-10-06 05:20:00,412.0,gas_ccgt,MW,nem,NSW1
2017-10-06 05:25:00,413.0,gas_ccgt,MW,nem,NSW1
2017-10-06 05:30:00,413.0,gas_ccgt,MW,nem,NSW1
2017-10-06 05:35:00,412.0,gas_ccgt,MW,nem,NSW1
2017-10-06 05:40:00,412.0,gas_ccgt,MW,nem,NSW1
2017-10-06 05:45:00,412.0,gas_ccgt,MW,nem,NSW1
2017-10-06 05:50:00,412.0,gas_ccgt,MW,nem,NSW1
2017-10-06 05:55:00,412.0,gas_ccgt,MW,nem,NSW1
2017-10-06 06:00:00,412.0,gas_ccgt,MW,nem,NSW1
2017-10-06 06:05:00,412.0,gas_ccgt,MW,nem,NSW1
2017-10-06 06:10:00,413.0,gas_ccgt,MW,nem,NSW1
2017-10-06 06:15:00,412.0,gas_ccgt,MW,nem,NSW1
2017-10-06 06:20:00,412.0,gas_ccgt,MW,nem,NSW1
2017-10-06 06:25:00,412.0,gas_ccgt,MW,nem,NSW1
2017-10-06 06:30:00,414.0,gas_ccgt,MW,nem,NSW1
2017-10-06 06:35:00,412.0,gas_ccgt,MW,nem,NSW1
2017-10-06 06:40:00,394.0,gas_ccgt,MW,nem,NSW1
2017-10-06 06:45:00,409.0,gas_ccgt,MW,nem,NSW1
2017-10-06 06:50:00,411.0,gas_ccgt,MW,nem,NSW1
2017-10-06 06:55:00,409.0,gas_ccgt,MW,nem,NSW1
2017-10-06 07:00:00,411.0,gas_ccgt,MW,nem,NSW1
2017-10-06 07:05:00,409.0,gas_ccgt,MW,nem,NSW1
2017-10-06 07:10:00,410.0,gas_ccgt,MW,nem,NSW1
2017-10-06 07:15:00,411.0,gas_ccgt,MW,nem,NSW1
2017-10-06 07:20:00,411.0,gas_ccgt,MW,nem,NSW1
2017-10-06 07:25:00,411.0,gas_ccgt,MW,nem,NSW1
2017-10-06 07:30:00,411.0,gas_ccgt,MW,nem,NSW1
2017-10-06 07:35:00,411.0,gas_ccgt,MW,nem,NSW1
2017-10-06 07:40:00,410.0,gas_ccgt,MW,nem,NSW1
2017-10-06 07:45:00,410.0,gas_ccgt,MW,nem,NSW1
2017-10-06 07:50:00,409.0,gas_ccgt,MW,nem,NSW1
2017-10-06 07:55:00,410.0,gas_ccgt,MW,nem,NSW1
2017-10-06 08:00:00,411.0,gas_ccgt,MW,nem,NSW1
2017-10-06 08:05:00,409.0,gas_ccgt,MW,nem,NSW1
2017-10-06 08:10:00,410.0,gas_ccgt,MW,nem,NSW1
2017-10-06 08:15:00,411.0,gas_ccgt,MW,nem,NSW1
2017-10-06 08:20:00,411.0,gas_ccgt,MW,nem,NSW1
2017-10-06 08:25:00,410.0,gas_ccgt,MW,nem,NSW1
2017-10-06 08:30:00,409.0,gas_ccgt,MW,nem,NSW1
2017-10-06 08:35:00,411.0,gas_ccgt,MW,nem,NSW1
2017-10-06 08:40:00,408.0,gas_ccgt,MW,nem,NSW1
2017-10-06 08:45:00,410.0,gas_ccgt,MW,nem,NSW1
2017-10-06 08:50:00,412.0,gas_ccgt,MW,nem,NSW1
2017-10-06 08:55:00,410.0,gas_ccgt,MW,nem,NSW1
2017-10-06 09:00:00,410.0,gas_ccgt,MW,nem,NSW1
2017-10-06 09:05:00,410.0,gas_ccgt,MW,nem,NSW1
2017-10-06 09:10:00,410.0,gas_ccgt,MW,nem,NSW1
2017-10-06 09:15:00,410.0,gas_ccgt,MW,nem,NSW1
2017-10-06 09:20:00,409.0,gas_ccgt,MW,nem,NSW1
2017-10-06 09:25:00,409.0,gas_ccgt,MW,nem,NSW1
2017-10-06 09:30:00,409.0,gas_ccgt,MW,nem,NSW1
2017-10-06 09:35:00,410.0,gas_ccgt,MW,nem,NSW1
2017-10-06 09:40:00,411.0,gas_ccgt,MW,nem,NSW1
2017-10-06 09:45:00,411.0,gas_ccgt,MW,nem,NSW1
2017-10-06 09:50:00,411.0,gas_ccgt,MW,nem,NSW1
2017-10-06 09:55:00,411.0,gas_ccgt,MW,nem,NSW1
2017-10-06 10:00:00,411.0,gas_ccgt,MW,nem,NSW1
2017-10-06 10:05:00,409.0,gas_ccgt,MW,nem,NSW1
2017-10-06 10:10:00,408.0,gas_ccgt,MW,nem,NSW1
2017-10-06 10:15:00,410.0,gas_ccgt,MW,nem,NSW1
2017-10-06 10:20:00,410.0,gas_ccgt,MW,nem,NSW1
2017-10-06 10:25:00,410.0,gas_ccgt,MW,nem,NSW1
2017-10-06 10:30:00,410.0,gas_ccgt,MW,nem,NSW1
2017-10-06 10:35:00,413.0,gas_ccgt,MW,nem,NSW1
2017-10-06 10:40:00,415.0,gas_ccgt,MW,nem,NSW1
2017-10-06 10:45:00,415.0,gas_ccgt,MW,nem,NSW1
2017-10-06 10:50:00,415.0,gas_ccgt,MW,nem,NSW1
2017-10-06 10:55:00,415.0,gas_ccgt,MW,nem,NSW1
2017-10-06 11:00:00,416.0,gas_ccgt,MW,nem,NSW1
2017-10-06 11:05:00,414.0,gas_ccgt,MW,nem,NSW1
2017-10-06 11:10:00,414.0,gas_ccgt,MW,nem,NSW1
2017-10-06 11:15:00,414.0,gas_ccgt,MW,nem,NSW1
2017-10-06 11:20:00,414.0,gas_ccgt,MW,nem,NSW1
2017-10-06 11:25:00,416.0,gas_ccgt,MW,nem,NSW1
2017-10-06 11:30:00,414.0,gas_ccgt,MW,nem,NSW1
2017-10-06 11:35:00,414.0,gas_ccgt,MW,nem,NSW1
2017-10-06 11:40:00,414.0,gas_ccgt,MW,nem,NSW1
2017-10-06 11:45:00,414.0,gas_ccgt,MW,nem,NSW1
2017-10-06 11:50:00,414.0,gas_ccgt,MW,nem,NSW1
2017-10-06 11:55:00,414.0,gas_ccgt,MW,nem,NSW1
2017-10-06 12:00:00,414.0,gas_ccgt,MW,nem,NSW1
2017-10-06 12:05:00,413.0,gas_ccgt,MW,nem,NSW1
2017-10-06 12:10:00,414.0,gas_ccgt,MW,nem,NSW1
2017-10-06 12:15:00,414.0,gas_ccgt,MW,nem,NSW1
2017-10-06 12:20:00,414.0,gas_ccgt,MW,nem,NSW1
2017-10-06 12:25:00,413.0,gas_ccgt,MW,nem,NSW1
2017-10-06 12:30:00,413.0,gas_ccgt,MW,nem,NSW1
2017-10-06 12:35:00,411.0,gas_ccgt,MW,nem,NSW1
2017-10-06 12:40:00,413.0,gas_ccgt,MW,nem,NSW1
2017-10-06 12:45:00,414.0,gas_ccgt,MW,nem,NSW1
2017-10-06 12:50:00,413.0,gas_ccgt,MW,nem,NSW1
2017-10-06 12:55:00,413.0,gas_ccgt,MW,nem,NSW1
2017-10-06 13:00:00,413.0,gas_ccgt,MW,nem,NSW1
2017-10-06 13:05:00,390.0,gas_ccgt,MW,nem,NSW1
2017-10-06 13:10:00,408.0,gas_ccgt,MW,nem,NSW1
2017-10-06 13:15:00,413.0,gas_ccgt,MW,nem,NSW1
2017-10-06 13:20:00,413.0,gas_ccgt,MW,nem,NSW1
2017-10-06 13:25:00,413.0,gas_ccgt,MW,nem,NSW1
2017-10-06 13:30:00,413.0,gas_ccgt,MW,nem,NSW1
2017-10-06 13:35:00,413.0,gas_ccgt,MW,nem,NSW1
2017-10-06 13:40:00,409.0,gas_ccgt,MW,nem,NSW1
2017-10-06 13:45:00,412.0,gas_ccgt,MW,nem,NSW1
2017-10-06 13:50:00,412.0,gas_ccgt,MW,nem,NSW1
2017-10-06 13:55:00,412.0,gas_ccgt,MW,nem,NSW1
2017-10-06 14:00:00,412.0,gas_ccgt,MW,nem,NSW1
2017-10-06 14:05:00,412.0,gas_ccgt,MW,nem,NSW1
2017-10-06 14:10:00,412.0,gas_ccgt,MW,nem,NSW1
2017-10-06 14:15:00,412.0,gas_ccgt,MW,nem,NSW1
2017-10-06 14:20:00,412.0,gas_ccgt,MW,nem,NSW1
2017-10-06 14:25:00,412.0,gas_ccgt,MW,nem,NSW1
2017-10-06 14:30:00,412.0,gas_ccgt,MW,nem,NSW1
2017-10-06 14:35:00,410.0,gas_ccgt,MW,nem,NSW1
2017-10-06 14:40:00,412.0,gas_ccgt,MW,nem,NSW1
2017-10-06 14:45:00,412.0,gas_ccgt,MW,nem,NSW1
2017-10-06 14:50:00,412.0,gas_ccgt,MW,nem,NSW1
2017-10-06 14:55:00,412.0,gas_ccgt,MW,nem,NSW1
2017-10-06 15:00:00,412.0,gas_ccgt,MW,nem,NSW1
2017-10-06 15:05:00,412.0,gas_ccgt,MW,nem,NSW1
2017-10-06 15:10:00,414.0,gas_ccgt,MW,nem,NSW1
2017-10-06 15:15:00,412.0,gas_ccgt,MW,nem,NSW1
2017-10-06 15:20:00,412.0,gas_ccgt,MW,nem,NSW1
2017-10-06 15:25:00,414.0,gas_ccgt,MW,nem,NSW1
2017-10-06 15:30:00,414.0,gas_ccgt,MW,nem,NSW1
2017-10-06 15:35:00,414.0,gas_ccgt,MW,nem,NSW1
2017-10-06 15:40:00,415.0,gas_ccgt,MW,nem,NSW1
2017-10-06 15:45:00,413.0,gas_ccgt,MW,nem,NSW1
2017-10-06 15:50:00,414.0,gas_ccgt,MW,nem,NSW1
2017-10-06 15:55:00,414.0,gas_ccgt,MW,nem,NSW1
2017-10-06 16:00:00,414.0,gas_ccgt,MW,nem,NSW1
2017-10-06 16:05:00,415.0,gas_ccgt,MW,nem,NSW1
2017-10-06 16:10:00,413.0,gas_ccgt,MW,nem,NSW1
2017-10-06 16:15:00,413.0,gas_ccgt,MW,nem,NSW1
2017-10-06 16:20:00,415.0,gas_ccgt,MW,nem,NSW1
2017-10-06 16:25:00,413.0,gas_ccgt,MW,nem,NSW1
2017-10-06 16:30:00,414.0,gas_ccgt,MW,nem,NSW1
2017-10-06 16:35:00,414.0,gas_ccgt,MW,nem,NSW1
2017-10-06 16:40:00,415.0,gas_ccgt,MW,nem,NSW1
2017-10-06 16:45:00,412.0,gas_ccgt,MW,nem,NSW1
2017-10-06 16:50:00,414.0,gas_ccgt,MW,nem,NSW1
2017-10-06 16:55:00,415.0,gas_ccgt,MW,nem,NSW1
2017-10-06 17:00:00,414.0,gas_ccgt,MW,nem,NSW1
2017-10-06 17:05:00,412.0,gas_ccgt,MW,nem,NSW1
2017-10-06 17:10:00,414.0,gas_ccgt,MW,nem,NSW1
2017-10-06 17:15:00,413.0,gas_ccgt,MW,nem,NSW1
2017-10-06 17:20:00,414.0,gas_ccgt,MW,nem,NSW1
2017-10-06 17:25:00,413.0,gas_ccgt,MW,nem,NSW1
2017-10-06 17:30:00,412.0,gas_ccgt,MW,nem,NSW1
2017-10-06 17:35:00,414.0,gas_ccgt,MW,nem,NSW1
2017-10-06 17:40:00,414.0,gas_ccgt,MW,nem,NSW1
2017-10-06 17:45:00,413.0,gas_ccgt,MW,nem,NSW1
2017-10-06 17:50:00,415.0,gas_ccgt,MW,nem,NSW1
2017-10-06 17:55:00,414.0,gas_ccgt,MW,nem,NSW1
2017-10-06 18:00:00,415.0,gas_ccgt,MW,nem,NSW1
2017-10-06 18:05:00,413.0,gas_ccgt,MW,nem,NSW1
2017-10-06 18:10:00,414.0,gas_ccgt,MW,nem,NSW1
2017-10-06 18:15:00,414.0,gas_ccgt,MW,nem,NSW1
2017-10-06 18:20:00,414.0,gas_ccgt,MW,nem,NSW1
2017-10-06 18:25:00,415.0,gas_ccgt,MW,nem,NSW1
2017-10-06 18:30:00,414.0,gas_ccgt,MW,nem,NSW1
2017-10-06 18:35:00,414.0,gas_ccgt,MW,nem,NSW1
2017-10-06 18:40:00,414.0,gas_ccgt,MW,nem,NSW1
2017-10-06 18:45:00,415.0,gas_ccgt,MW,nem,NSW1
2017-10-06 18:50:00,415.0,gas_ccgt,MW,nem,NSW1
2017-10-06 18:55:00,415.0,gas_ccgt,MW,nem,NSW1
2017-10-06 19:00:00,412.0,gas_ccgt,MW,nem,NSW1
2017-10-06 19:05:00,415.0,gas_ccgt,MW,nem,NSW1
2017-10-06 19:10:00,414.0,gas_ccgt,MW,nem,NSW1
2017-10-06 19:15:00,415.0,gas_ccgt,MW,nem,NSW1
2017-10-06 19:20:00,414.0,gas_ccgt,MW,nem,NSW1
2017-10-06 19:25:00,413.0,gas_ccgt,MW,nem,NSW1
2017-10-06 19:30:00,413.0,gas_ccgt,MW,nem,NSW1
2017-10-06 19:35:00,415.0,gas_ccgt,MW,nem,NSW1
2017-10-06 19:40:00,413.0,gas_ccgt,MW,nem,NSW1
2017-10-06 19:45:00,412.0,gas_ccgt,MW,nem,NSW1
2017-10-06 19:50:00,413.0,gas_ccgt,MW,nem,NSW1
2017-10-06 19:55:00,415.0,gas_ccgt,MW,nem,NSW1
2017-10-06 20:00:00,414.0,gas_ccgt,MW,nem,NSW1
2017-10-06 20:05:00,416.0,gas_ccgt,MW,nem,NSW1
2017-10-06 20:10:00,414.0,gas_ccgt,MW,nem,NSW1
2017-10-06 20:15:00,414.0,gas_ccgt,MW,nem,NSW1
2017-10-06 20:20:00,418.0,gas_ccgt,MW,nem,NSW1
2017-10-06 20:25:00,418.0,gas_ccgt,MW,nem,NSW1
2017-10-06 20:30:00,419.0,gas_ccgt,MW,nem,NSW1
2017-10-06 20:35:00,419.0,gas_ccgt,MW,nem,NSW1
2017-10-06 20:40:00,419.0,gas_ccgt,MW,nem,NSW1
2017-10-06 20:45:00,419.0,gas_ccgt,MW,nem,NSW1
2017-10-06 20:50:00,418.0,gas_ccgt,MW,nem,NSW1
2017-10-06 20:55:00,418.0,gas_ccgt,MW,nem,NSW1
2017-10-06 21:00:00,420.0,gas_ccgt,MW,nem,NSW1
2017-10-06 21:05:00,419.0,gas_ccgt,MW,nem,NSW1
2017-10-06 21:10:00,419.0,gas_ccgt,MW,nem,NSW1
2017-10-06 21:15:00,419.0,gas_ccgt,MW,nem,NSW1
2017-10-06 21:20:00,419.0,gas_ccgt,MW,nem,NSW1
2017-10-06 21:25:00,417.0,gas_ccgt,MW,nem,NSW1
2017-10-06 21:30:00,418.0,gas_ccgt,MW,nem,NSW1
2017-10-06 21:35:00,418.0,gas_ccgt,MW,nem,NSW1
2017-10-06 21:40:00,420.0,gas_ccgt,MW,nem,NSW1
2017-10-06 21:45:00,420.0,gas_ccgt,MW,nem,NSW1
2017-10-06 21:50:00,419.0,gas_ccgt,MW,nem,NSW1
2017-10-06 21:55:00,419.0,gas_ccgt,MW,nem,NSW1
2017-10-06 22:00:00,419.0,gas_ccgt,MW,nem,NSW1
2017-10-06 22:05:00,419.0,gas_ccgt,MW,nem,NSW1
2017-10-06 22:10:00,418.0,gas_ccgt,MW,nem,NSW1
2017-10-06 22:15:00,418.0,gas_ccgt,MW,nem,NSW1
2017-10-06 22:20:00,419.0,gas_ccgt,MW,nem,NSW1
2017-10-06 22:25:00,420.0,gas_ccgt,MW,nem,NSW1
2017-10-06 22:30:00,420.0,gas_ccgt,MW,nem,NSW1
2017-10-06 22:35:00,418.0,gas_ccgt,MW,nem,NSW1
2017-10-06 22:40:00,419.0,gas_ccgt,MW,nem,NSW1
2017-10-06 22:45:00,419.0,gas_ccgt,MW,nem,NSW1
2017-10-06 22:50:00,420.0,gas_ccgt,MW,nem,NSW1
2017-10-06 22:55:00,418.0,gas_ccgt,MW,nem,NSW1
2017-10-06 23:00:00,418.0,gas_ccgt,MW,nem,NSW1
2017-10-06 23:05:00,418.0,gas_ccgt,MW,nem,NSW1
2017-10-06 23:10:00,418.0,gas_ccgt,MW,nem,NSW1
2017-10-06 23:15:00,420.0,gas_ccgt,MW,nem,NSW1
2017-10-06 23:20:00,418.0,gas_ccgt,MW,nem,NSW1
2017-10-06 23:25:00,420.0,gas_ccgt,MW,nem,NSW1
2017-10-06 23:30:00,418.0,gas_ccgt,MW,nem,NSW1
2017-10-06 23:35:00,420.0,gas_ccgt,MW,nem,NSW1
2017-10-06 23:40:00,417.0,gas_ccgt,MW,nem,NSW1
2017-10-06 23:45:00,419.0,gas_ccgt,MW,nem,NSW1
2017-10-06 23:50:00,418.0,gas_ccgt,MW,nem,NSW1
2017-10-06 23:55:00,420.0,gas_ccgt,MW,nem,NSW1
2017-10-07 00:00:00,418.0,gas_ccgt,MW,nem,NSW1
2017-10-07 00:05:00,420.0,gas_ccgt,MW,nem,NSW1
2017-10-07 00:10:00,420.0,gas_ccgt,MW,nem,NSW1
2017-10-07 00:15:00,420.0,gas_ccgt,MW,nem,NSW1
2017-10-07 00:20:00,420.0,gas_ccgt,MW,nem,NSW1
2017-10-07 00:25:00,418.0,gas_ccgt,MW,nem,NSW1
2017-10-07 00:30:00,421.0,gas_ccgt,MW,nem,NSW1
2017-10-07 00:35:00,419.0,gas_ccgt,MW,nem,NSW1
2017-10-07 00:40:00,419.0,gas_ccgt,MW,nem,NSW1
2017-10-07 00:45:00,419.0,gas_ccgt,MW,nem,NSW1
2017-10-07 00:50:00,419.0,gas_ccgt,MW,nem,NSW1
2017-10-07 00:55:00,419.0,gas_ccgt,MW,nem,NSW1
2017-10-07 01:00:00,418.0,gas_ccgt,MW,nem,NSW1
2017-10-07 01:05:00,419.0,gas_ccgt,MW,nem,NSW1
2017-10-07 01:10:00,419.0,gas_ccgt,MW,nem,NSW1
2017-10-07 01:15:00,418.0,gas_ccgt,MW,nem,NSW1
2017-10-07 01:20:00,418.0,gas_ccgt,MW,nem,NSW1
2017-10-07 01:25:00,419.0,gas_ccgt,MW,nem,NSW1
2017-10-07 01:30:00,418.0,gas_ccgt,MW,nem,NSW1
2017-10-07 01:35:00,418.0,gas_ccgt,MW,nem,NSW1
2017-10-07 01:40:00,420.0,gas_ccgt,MW,nem,NSW1
2017-10-07 01:45:00,418.0,gas_ccgt,MW,nem,NSW1
2017-10-07 01:50:00,419.0,gas_ccgt,MW,nem,NSW1
2017-10-07 01:55:00,394.0,gas_ccgt,MW,nem,NSW1
2017-10-07 02:00:00,368.0,gas_ccgt,MW,nem,NSW1
2017-10-07 02:05:00,388.0,gas_ccgt,MW,nem,NSW1
2017-10-07 02:10:00,416.0,gas_ccgt,MW,nem,NSW1
2017-10-07 02:15:00,419.0,gas_ccgt,MW,nem,NSW1
2017-10-07 02:20:00,418.0,gas_ccgt,MW,nem,NSW1
2017-10-07 02:25:00,418.0,gas_ccgt,MW,nem,NSW1
2017-10-07 02:30:00,404.0,gas_ccgt,MW,nem,NSW1
2017-10-07 02:35:00,385.0,gas_ccgt,MW,nem,NSW1
2017-10-07 02:40:00,361.0,gas_ccgt,MW,nem,NSW1
2017-10-07 02:45:00,331.0,gas_ccgt,MW,nem,NSW1
2017-10-07 02:50:00,331.0,gas_ccgt,MW,nem,NSW1
2017-10-07 02:55:00,309.0,gas_ccgt,MW,nem,NSW1
2017-10-07 03:00:00,283.0,gas_ccgt,MW,nem,NSW1
2017-10-07 03:05:00,255.0,gas_ccgt,MW,nem,NSW1
2017-10-07 03:10:00,249.0,gas_ccgt,MW,nem,NSW1
2017-10-07 03:15:00,271.0,gas_ccgt,MW,nem,NSW1
2017-10-07 03:20:00,253.0,gas_ccgt,MW,nem,NSW1
2017-10-07 03:25:00,224.0,gas_ccgt,MW,nem,NSW1
2017-10-07 03:30:00,207.0,gas_ccgt,MW,nem,NSW1
2017-10-07 03:35:00,190.0,gas_ccgt,MW,nem,NSW1
2017-10-07 03:40:00,190.0,gas_ccgt,MW,nem,NSW1
2017-10-07 03:45:00,188.0,gas_ccgt,MW,nem,NSW1
2017-10-07 03:50:00,190.0,gas_ccgt,MW,nem,NSW1
2017-10-07 03:55:00,190.0,gas_ccgt,MW,nem,NSW1
2017-10-07 04:00:00,189.0,gas_ccgt,MW,nem,NSW1
2017-10-07 04:05:00,191.0,gas_ccgt,MW,nem,NSW1
2017-10-07 04:10:00,189.0,gas_ccgt,MW,nem,NSW1
2017-10-07 04:15:00,214.0,gas_ccgt,MW,nem,NSW1
2017-10-07 04:20:00,199.0,gas_ccgt,MW,nem,NSW1
2017-10-07 04:25:00,189.0,gas_ccgt,MW,nem,NSW1
2017-10-07 04:30:00,214.0,gas_ccgt,MW,nem,NSW1
2017-10-07 04:35:00,244.0,gas_ccgt,MW,nem,NSW1
2017-10-07 04:40:00,269.0,gas_ccgt,MW,nem,NSW1
2017-10-07 04:45:00,298.0,gas_ccgt,MW,nem,NSW1
2017-10-07 04:50:00,302.0,gas_ccgt,MW,nem,NSW1
2017-10-07 04:55:00,327.0,gas_ccgt,MW,nem,NSW1
2017-10-07 05:00:00,358.0,gas_ccgt,MW,nem,NSW1
2017-10-07 05:05:00,383.0,gas_ccgt,MW,nem,NSW1
2017-10-07 05:10:00,410.0,gas_ccgt,MW,nem,NSW1
2017-10-07 05:15:00,420.0,gas_ccgt,MW,nem,NSW1
2017-10-07 05:20:00,415.0,gas_ccgt,MW,nem,NSW1
2017-10-07 05:25:00,417.0,gas_ccgt,MW,nem,NSW1
2017-10-07 05:30:00,419.0,gas_ccgt,MW,nem,NSW1
2017-10-07 05:35:00,418.0,gas_ccgt,MW,nem,NSW1
2017-10-07 05:40:00,419.0,gas_ccgt,MW,nem,NSW1
2017-10-07 05:45:00,417.0,gas_ccgt,MW,nem,NSW1
2017-10-07 05:50:00,418.0,gas_ccgt,MW,nem,NSW1
2017-10-07 05:55:00,420.0,gas_ccgt,MW,nem,NSW1
2017-10-07 06:00:00,420.0,gas_ccgt,MW,nem,NSW1
2017-10-07 06:05:00,418.0,gas_ccgt,MW,nem,NSW1
2017-10-07 06:10:00,420.0,gas_ccgt,MW,nem,NSW1
2017-10-07 06:15:00,419.0,gas_ccgt,MW,nem,NSW1
2017-10-07 06:20:00,419.0,gas_ccgt,MW,nem,NSW1
2017-10-07 06:25:00,419.0,gas_ccgt,MW,nem,NSW1
2017-10-07 06:30:00,419.0,gas_ccgt,MW,nem,NSW1
2017-10-07 06:35:00,418.0,gas_ccgt,MW,nem,NSW1
2017-10-07 06:40:00,419.0,gas_ccgt,MW,nem,NSW1
2017-10-07 06:45:00,419.0,gas_ccgt,MW,nem,NSW1
2017-10-07 06:50:00,418.0,gas_ccgt,MW,nem,NSW1
2017-10-07 06:55:00,420.0,gas_ccgt,MW,nem,NSW1
2017-10-07 07:00:00,419.0,gas_ccgt,MW,nem,NSW1
2017-10-07 07:05:00,418.0,gas_ccgt,MW,nem,NSW1
2017-10-07 07:10:00,419.0,gas_ccgt,MW,nem,NSW1
2017-10-07 07:15:00,419.0,gas_ccgt,MW,nem,NSW1
2017-10-07 07:20:00,419.0,gas_ccgt,MW,nem,NSW1
2017-10-07 07:25:00,419.0,gas_ccgt,MW,nem,NSW1
2017-10-07 07:30:00,419.0,gas_ccgt,MW,nem,NSW1
2017-10-07 07:35:00,418.0,gas_ccgt,MW,nem,NSW1
2017-10-07 07:40:00,418.0,gas_ccgt,MW,nem,NSW1
2017-10-07 07:45:00,418.0,gas_ccgt,MW,nem,NSW1
2017-10-07 07:50:00,418.0,gas_ccgt,MW,nem,NSW1
2017-10-07 07:55:00,418.0,gas_ccgt,MW,nem,NSW1
2017-10-07 08:00:00,419.0,gas_ccgt,MW,nem,NSW1
2017-10-07 08:05:00,418.0,gas_ccgt,MW,nem,NSW1
2017-10-07 08:10:00,417.0,gas_ccgt,MW,nem,NSW1
2017-10-07 08:15:00,417.0,gas_ccgt,MW,nem,NSW1
2017-10-07 08:20:00,418.0,gas_ccgt,MW,nem,NSW1
2017-10-07 08:25:00,418.0,gas_ccgt,MW,nem,NSW1
2017-10-07 08:30:00,418.0,gas_ccgt,MW,nem,NSW1
2017-10-07 08:35:00,418.0,gas_ccgt,MW,nem,NSW1
2017-10-07 08:40:00,418.0,gas_ccgt,MW,nem,NSW1
2017-10-07 08:45:00,416.0,gas_ccgt,MW,nem,NSW1
2017-10-07 08:50:00,417.0,gas_ccgt,MW,nem,NSW1
2017-10-07 08:55:00,415.0,gas_ccgt,MW,nem,NSW1
2017-10-07 09:00:00,419.0,gas_ccgt,MW,nem,NSW1
2017-10-07 09:05:00,419.0,gas_ccgt,MW,nem,NSW1
2017-10-07 09:10:00,418.0,gas_ccgt,MW,nem,NSW1
2017-10-07 09:15:00,420.0,gas_ccgt,MW,nem,NSW1
2017-10-07 09:20:00,418.0,gas_ccgt,MW,nem,NSW1
2017-10-07 09:25:00,421.0,gas_ccgt,MW,nem,NSW1
2017-10-07 09:30:00,421.0,gas_ccgt,MW,nem,NSW1
2017-10-07 09:35:00,421.0,gas_ccgt,MW,nem,NSW1
2017-10-07 09:40:00,421.0,gas_ccgt,MW,nem,NSW1
2017-10-07 09:45:00,421.0,gas_ccgt,MW,nem,NSW1
2017-10-07 09:50:00,419.0,gas_ccgt,MW,nem,NSW1
2017-10-07 09:55:00,421.0,gas_ccgt,MW,nem,NSW1
2017-10-07 10:00:00,420.0,gas_ccgt,MW,nem,NSW1
2017-10-07 10:05:00,420.0,gas_ccgt,MW,nem,NSW1
2017-10-07 10:10:00,421.0,gas_ccgt,MW,nem,NSW1
2017-10-07 10:15:00,419.0,gas_ccgt,MW,nem,NSW1
2017-10-07 10:20:00,421.0,gas_ccgt,MW,nem,NSW1
2017-10-07 10:25:00,421.0,gas_ccgt,MW,nem,NSW1
2017-10-07 10:30:00,419.0,gas_ccgt,MW,nem,NSW1
2017-10-07 10:35:00,419.0,gas_ccgt,MW,nem,NSW1
2017-10-07 10:40:00,419.0,gas_ccgt,MW,nem,NSW1
2017-10-07 10:45:00,420.0,gas_ccgt,MW,nem,NSW1
2017-10-07 10:50:00,419.0,gas_ccgt,MW,nem,NSW1
2017-10-07 10:55:00,419.0,gas_ccgt,MW,nem,NSW1
2017-10-07 11:00:00,420.0,gas_ccgt,MW,nem,NSW1
2017-10-07 11:05:00,420.0,gas_ccgt,MW,nem,NSW1
2017-10-07 11:10:00,418.0,gas_ccgt,MW,nem,NSW1
2017-10-07 11:15:00,418.0,gas_ccgt,MW,nem,NSW1
2017-10-07 11:20:00,418.0,gas_ccgt,MW,nem,NSW1
2017-10-07 11:25:00,418.0,gas_ccgt,MW,nem,NSW1
2017-10-07 11:30:00,418.0,gas_ccgt,MW,nem,NSW1
2017-10-07 11:35:00,418.0,gas_ccgt,MW,nem,NSW1
2017-10-07 11:40:00,416.0,gas_ccgt,MW,nem,NSW1
2017-10-07 11:45:00,417.0,gas_ccgt,MW,nem,NSW1
2017-10-07 11:50:00,417.0,gas_ccgt,MW,nem,NSW1
2017-10-07 11:55:00,417.0,gas_ccgt,MW,nem,NSW1
2017-10-07 12:00:00,417.0,gas_ccgt,MW,nem,NSW1
2017-10-07 12:05:00,417.0,gas_ccgt,MW,nem,NSW1
2017-10-07 12:10:00,417.0,gas_ccgt,MW,nem,NSW1
2017-10-07 12:15:00,415.0,gas_ccgt,MW,nem,NSW1
2017-10-07 12:20:00,417.0,gas_ccgt,MW,nem,NSW1
2017-10-07 12:25:00,417.0,gas_ccgt,MW,nem,NSW1
2017-10-07 12:30:00,400.0,gas_ccgt,MW,nem,NSW1
2017-10-07 12:35:00,413.0,gas_ccgt,MW,nem,NSW1
2017-10-07 12:40:00,417.0,gas_ccgt,MW,nem,NSW1
2017-10-07 12:45:00,417.0,gas_ccgt,MW,nem,NSW1
2017-10-07 12:50:00,417.0,gas_ccgt,MW,nem,NSW1
2017-10-07 12:55:00,417.0,gas_ccgt,MW,nem,NSW1
2017-10-07 13:00:00,417.0,gas_ccgt,MW,nem,NSW1
2017-10-07 13:05:00,417.0,gas_ccgt,MW,nem,NSW1
2017-10-07 13:10:00,417.0,gas_ccgt,MW,nem,NSW1
2017-10-07 13:15:00,418.0,gas_ccgt,MW,nem,NSW1
2017-10-07 13:20:00,418.0,gas_ccgt,MW,nem,NSW1
2017-10-07 13:25:00,417.0,gas_ccgt,MW,nem,NSW1
2017-10-07 13:30:00,394.0,gas_ccgt,MW,nem,NSW1
2017-10-07 13:35:00,388.0,gas_ccgt,MW,nem,NSW1
2017-10-07 13:40:00,409.0,gas_ccgt,MW,nem,NSW1
2017-10-07 13:45:00,415.0,gas_ccgt,MW,nem,NSW1
2017-10-07 13:50:00,415.0,gas_ccgt,MW,nem,NSW1
2017-10-07 13:55:00,415.0,gas_ccgt,MW,nem,NSW1
2017-10-07 14:00:00,415.0,gas_ccgt,MW,nem,NSW1
2017-10-07 14:05:00,416.0,gas_ccgt,MW,nem,NSW1
2017-10-07 14:10:00,416.0,gas_ccgt,MW,nem,NSW1
2017-10-07 14:15:00,417.0,gas_ccgt,MW,nem,NSW1
2017-10-07 14:20:00,416.0,gas_ccgt,MW,nem,NSW1
2017-10-07 14:25:00,416.0,gas_ccgt,MW,nem,NSW1
2017-10-07 14:30:00,416.0,gas_ccgt,MW,nem,NSW1
2017-10-07 14:35:00,417.0,gas_ccgt,MW,nem,NSW1
2017-10-07 14:40:00,416.0,gas_ccgt,MW,nem,NSW1
2017-10-07 14:45:00,414.0,gas_ccgt,MW,nem,NSW1
2017-10-07 14:50:00,415.0,gas_ccgt,MW,nem,NSW1
2017-10-07 14:55:00,415.0,gas_ccgt,MW,nem,NSW1
2017-10-07 15:00:00,417.0,gas_ccgt,MW,nem,NSW1
2017-10-07 15:05:00,416.0,gas_ccgt,MW,nem,NSW1
2017-10-07 15:10:00,416.0,gas_ccgt,MW,nem,NSW1
2017-10-07 15:15:00,416.0,gas_ccgt,MW,nem,NSW1
2017-10-07 15:20:00,416.0,gas_ccgt,MW,nem,NSW1
2017-10-07 15:25:00,416.0,gas_ccgt,MW,nem,NSW1
2017-10-07 15:30:00,417.0,gas_ccgt,MW,nem,NSW1
2017-10-07 15:35:00,416.0,gas_ccgt,MW,nem,NSW1
2017-10-07 15:40:00,416.0,gas_ccgt,MW,nem,NSW1
2017-10-07 15:45:00,416.0,gas_ccgt,MW,nem,NSW1
2017-10-07 15:50:00,417.0,gas_ccgt,MW,nem,NSW1
2017-10-07 15:55:00,415.0,gas_ccgt,MW,nem,NSW1
2017-10-07 16:00:00,415.0,gas_ccgt,MW,nem,NSW1
2017-10-07 16:05:00,417.0,gas_ccgt,MW,nem,NSW1
2017-10-07 16:10:00,417.0,gas_ccgt,MW,nem,NSW1
2017-10-07 16:15:00,414.0,gas_ccgt,MW,nem,NSW1
2017-10-07 16:20:00,416.0,gas_ccgt,MW,nem,NSW1
2017-10-07 16:25:00,416.0,gas_ccgt,MW,nem,NSW1
2017-10-07 16:30:00,416.0,gas_ccgt,MW,nem,NSW1
2017-10-07 16:35:00,416.0,gas_ccgt,MW,nem,NSW1
2017-10-07 16:40:00,418.0,gas_ccgt,MW,nem,NSW1
2017-10-07 16:45:00,416.0,gas_ccgt,MW,nem,NSW1
2017-10-07 16:50:00,416.0,gas_ccgt,MW,nem,NSW1
2017-10-07 16:55:00,417.0,gas_ccgt,MW,nem,NSW1
2017-10-07 17:00:00,417.0,gas_ccgt,MW,nem,NSW1
2017-10-07 17:05:00,417.0,gas_ccgt,MW,nem,NSW1
2017-10-07 17:10:00,417.0,gas_ccgt,MW,nem,NSW1
2017-10-07 17:15:00,417.0,gas_ccgt,MW,nem,NSW1
2017-10-07 17:20:00,417.0,gas_ccgt,MW,nem,NSW1
2017-10-07 17:25:00,419.0,gas_ccgt,MW,nem,NSW1
2017-10-07 17:30:00,417.0,gas_ccgt,MW,nem,NSW1
2017-10-07 17:35:00,417.0,gas_ccgt,MW,nem,NSW1
2017-10-07 17:40:00,419.0,gas_ccgt,MW,nem,NSW1
2017-10-07 17:45:00,418.0,gas_ccgt,MW,nem,NSW1
2017-10-07 17:50:00,418.0,gas_ccgt,MW,nem,NSW1
2017-10-07 17:55:00,418.0,gas_ccgt,MW,nem,NSW1
2017-10-07 18:00:00,417.0,gas_ccgt,MW,nem,NSW1
2017-10-07 18:05:00,417.0,gas_ccgt,MW,nem,NSW1
2017-10-07 18:10:00,417.0,gas_ccgt,MW,nem,NSW1
2017-10-07 18:15:00,417.0,gas_ccgt,MW,nem,NSW1
2017-10-07 18:20:00,418.0,gas_ccgt,MW,nem,NSW1
2017-10-07 18:25:00,417.0,gas_ccgt,MW,nem,NSW1
2017-10-07 18:30:00,419.0,gas_ccgt,MW,nem,NSW1
2017-10-07 18:35:00,418.0,gas_ccgt,MW,nem,NSW1
2017-10-07 18:40:00,419.0,gas_ccgt,MW,nem,NSW1
2017-10-07 18:45:00,418.0,gas_ccgt,MW,nem,NSW1
2017-10-07 18:50:00,418.0,gas_ccgt,MW,nem,NSW1
2017-10-07 18:55:00,417.0,gas_ccgt,MW,nem,NSW1
2017-10-07 19:00:00,417.0,gas_ccgt,MW,nem,NSW1
2017-10-07 19:05:00,419.0,gas_ccgt,MW,nem,NSW1
2017-10-07 19:10:00,419.0,gas_ccgt,MW,nem,NSW1
2017-10-07 19:15:00,418.0,gas_ccgt,MW,nem,NSW1
2017-10-07 19:20:00,419.0,gas_ccgt,MW,nem,NSW1
2017-10-07 19:25:00,420.0,gas_ccgt,MW,nem,NSW1
2017-10-07 19:30:00,419.0,gas_ccgt,MW,nem,NSW1
2017-10-07 19:35:00,420.0,gas_ccgt,MW,nem,NSW1
2017-10-07 19:40:00,421.0,gas_ccgt,MW,nem,NSW1
2017-10-07 19:45:00,418.0,gas_ccgt,MW,nem,NSW1
2017-10-07 19:50:00,418.0,gas_ccgt,MW,nem,NSW1
2017-10-07 19:55:00,419.0,gas_ccgt,MW,nem,NSW1
2017-10-07 20:00:00,417.0,gas_ccgt,MW,nem,NSW1
2017-10-07 20:05:00,419.0,gas_ccgt,MW,nem,NSW1
2017-10-07 20:10:00,419.0,gas_ccgt,MW,nem,NSW1
2017-10-07 20:15:00,419.0,gas_ccgt,MW,nem,NSW1
2017-10-07 20:20:00,419.0,gas_ccgt,MW,nem,NSW1
2017-10-07 20:25:00,418.0,gas_ccgt,MW,nem,NSW1
2017-10-07 20:30:00,420.0,gas_ccgt,MW,nem,NSW1
2017-10-07 20:35:00,420.0,gas_ccgt,MW,nem,NSW1
2017-10-07 20:40:00,418.0,gas_ccgt,MW,nem,NSW1
2017-10-07 20:45:00,419.0,gas_ccgt,MW,nem,NSW1
2017-10-07 20:50:00,419.0,gas_ccgt,MW,nem,NSW1
2017-10-07 20:55:00,419.0,gas_ccgt,MW,nem,NSW1
2017-10-07 21:00:00,419.0,gas_ccgt,MW,nem,NSW1
2017-10-07 21:05:00,419.0,gas_ccgt,MW,nem,NSW1
2017-10-07 21:10:00,421.0,gas_ccgt,MW,nem,NSW1
2017-10-07 21:15:00,419.0,gas_ccgt,MW,nem,NSW1
2017-10-07 21:20:00,421.0,gas_ccgt,MW,nem,NSW1
2017-10-07 21:25:00,422.0,gas_ccgt,MW,nem,NSW1
2017-10-07 21:30:00,420.0,gas_ccgt,MW,nem,NSW1
2017-10-07 21:35:00,422.0,gas_ccgt,MW,nem,NSW1
2017-10-07 21:40:00,420.0,gas_ccgt,MW,nem,NSW1
2017-10-07 21:45:00,421.0,gas_ccgt,MW,nem,NSW1
2017-10-07 21:50:00,421.0,gas_ccgt,MW,nem,NSW1
2017-10-07 21:55:00,421.0,gas_ccgt,MW,nem,NSW1
2017-10-07 22:00:00,423.0,gas_ccgt,MW,nem,NSW1
2017-10-07 22:05:00,421.0,gas_ccgt,MW,nem,NSW1
2017-10-07 22:10:00,421.0,gas_ccgt,MW,nem,NSW1
2017-10-07 22:15:00,421.0,gas_ccgt,MW,nem,NSW1
2017-10-07 22:20:00,421.0,gas_ccgt,MW,nem,NSW1
2017-10-07 22:25:00,421.0,gas_ccgt,MW,nem,NSW1
2017-10-07 22:30:00,422.0,gas_ccgt,MW,nem,NSW1
2017-10-07 22:35:00,420.0,gas_ccgt,MW,nem,NSW1
2017-10-07 22:40:00,421.0,gas_ccgt,MW,nem,NSW1
2017-10-07 22:45:00,419.0,gas_ccgt,MW,nem,NSW1
2017-10-07 22:50:00,421.0,gas_ccgt,MW,nem,NSW1
2017-10-07 22:55:00,419.0,gas_ccgt,MW,nem,NSW1
2017-10-07 23:00:00,421.0,gas_ccgt,MW,nem,NSW1
2017-10-07 23:05:00,420.0,gas_ccgt,MW,nem,NSW1
2017-10-07 23:10:00,421.0,gas_ccgt,MW,nem,NSW1
2017-10-07 23:15:00,422.0,gas_ccgt,MW,nem,NSW1
2017-10-07 23:20:00,420.0,gas_ccgt,MW,nem,NSW1
2017-10-07 23:25:00,420.0,gas_ccgt,MW,nem,NSW1
2017-10-07 23:30:00,421.0,gas_ccgt,MW,nem,NSW1
2017-10-07 23:35:00,421.0,gas_ccgt,MW,nem,NSW1
2017-10-07 23:40:00,420.0,gas_ccgt,MW,nem,NSW1
2017-10-07 23:45:00,421.0,gas_ccgt,MW,nem,NSW1
2017-10-07 23:50:00,420.0,gas_ccgt,MW,nem,NSW1
2017-10-07 23:55:00,420.0,gas_ccgt,MW,nem,NSW1
2017-10-08 00:00:00,420.0,gas_ccgt,MW,nem,NSW1
2017-10-08 00:05:00,421.0,gas_ccgt,MW,nem,NSW1
2017-10-08 00:10:00,421.0,gas_ccgt,MW,nem,NSW1
2017-10-08 00:15:00,421.0,gas_ccgt,MW,nem,NSW1
2017-10-08 00:20:00,422.0,gas_ccgt,MW,nem,NSW1
2017-10-08 00:25:00,422.0,gas_ccgt,MW,nem,NSW1
2017-10-08 00:30:00,420.0,gas_ccgt,MW,nem,NSW1
2017-10-08 00:35:00,421.0,gas_ccgt,MW,nem,NSW1
2017-10-08 00:40:00,421.0,gas_ccgt,MW,nem,NSW1
2017-10-08 00:45:00,423.0,gas_ccgt,MW,nem,NSW1
2017-10-08 00:50:00,421.0,gas_ccgt,MW,nem,NSW1
2017-10-08 00:55:00,421.0,gas_ccgt,MW,nem,NSW1
2017-10-08 01:00:00,420.0,gas_ccgt,MW,nem,NSW1
2017-10-08 01:05:00,421.0,gas_ccgt,MW,nem,NSW1
2017-10-08 01:10:00,419.0,gas_ccgt,MW,nem,NSW1
2017-10-08 01:15:00,422.0,gas_ccgt,MW,nem,NSW1
2017-10-08 01:20:00,420.0,gas_ccgt,MW,nem,NSW1
2017-10-08 01:25:00,422.0,gas_ccgt,MW,nem,NSW1
2017-10-08 01:30:00,422.0,gas_ccgt,MW,nem,NSW1
2017-10-08 01:35:00,420.0,gas_ccgt,MW,nem,NSW1
2017-10-08 01:40:00,421.0,gas_ccgt,MW,nem,NSW1
2017-10-08 01:45:00,421.0,gas_ccgt,MW,nem,NSW1
2017-10-08 01:50:00,421.0,gas_ccgt,MW,nem,NSW1
2017-10-08 01:55:00,421.0,gas_ccgt,MW,nem,NSW1
2017-10-08 02:00:00,420.0,gas_ccgt,MW,nem,NSW1
2017-10-08 02:05:00,421.0,gas_ccgt,MW,nem,NSW1
2017-10-08 02:10:00,420.0,gas_ccgt,MW,nem,NSW1
2017-10-08 02:15:00,421.0,gas_ccgt,MW,nem,NSW1
2017-10-08 02:20:00,422.0,gas_ccgt,MW,nem,NSW1
2017-10-08 02:25:00,420.0,gas_ccgt,MW,nem,NSW1
2017-10-08 02:30:00,420.0,gas_ccgt,MW,nem,NSW1
2017-10-08 02:35:00,420.0,gas_ccgt,MW,nem,NSW1
2017-10-08 02:40:00,419.0,gas_ccgt,MW,nem,NSW1
2017-10-08 02:45:00,421.0,gas_ccgt,MW,nem,NSW1
2017-10-08 02:50:00,421.0,gas_ccgt,MW,nem,NSW1
2017-10-08 02:55:00,421.0,gas_ccgt,MW,nem,NSW1
2017-10-08 03:00:00,421.0,gas_ccgt,MW,nem,NSW1
2017-10-08 03:05:00,421.0,gas_ccgt,MW,nem,NSW1
2017-10-08 03:10:00,420.0,gas_ccgt,MW,nem,NSW1
2017-10-08 03:15:00,420.0,gas_ccgt,MW,nem,NSW1
2017-10-08 03:20:00,420.0,gas_ccgt,MW,nem,NSW1
2017-10-08 03:25:00,421.0,gas_ccgt,MW,nem,NSW1
2017-10-08 03:30:00,421.0,gas_ccgt,MW,nem,NSW1
2017-10-08 03:35:00,421.0,gas_ccgt,MW,nem,NSW1
2017-10-08 03:40:00,421.0,gas_ccgt,MW,nem,NSW1
2017-10-08 03:45:00,420.0,gas_ccgt,MW,nem,NSW1
2017-10-08 03:50:00,422.0,gas_ccgt,MW,nem,NSW1
2017-10-08 03:55:00,421.0,gas_ccgt,MW,nem,NSW1
2017-10-08 04:00:00,420.0,gas_ccgt,MW,nem,NSW1
2017-10-08 04:05:00,420.0,gas_ccgt,MW,nem,NSW1
2017-10-08 04:10:00,422.0,gas_ccgt,MW,nem,NSW1
2017-10-08 04:15:00,420.0,gas_ccgt,MW,nem,NSW1
2017-10-08 04:20:00,421.0,gas_ccgt,MW,nem,NSW1
2017-10-08 04:25:00,419.0,gas_ccgt,MW,nem,NSW1
2017-10-08 04:30:00,420.0,gas_ccgt,MW,nem,NSW1
2017-10-08 04:35:00,421.0,gas_ccgt,MW,nem,NSW1
2017-10-08 04:40:00,419.0,gas_ccgt,MW,nem,NSW1
2017-10-08 04:45:00,420.0,gas_ccgt,MW,nem,NSW1
2017-10-08 04:50:00,419.0,gas_ccgt,MW,nem,NSW1
2017-10-08 04:55:00,418.0,gas_ccgt,MW,nem,NSW1
2017-10-08 05:00:00,421.0,gas_ccgt,MW,nem,NSW1
2017-10-08 05:05:00,421.0,gas_ccgt,MW,nem,NSW1
2017-10-08 05:10:00,421.0,gas_ccgt,MW,nem,NSW1
2017-10-08 05:15:00,419.0,gas_ccgt,MW,nem,NSW1
2017-10-08 05:20:00,421.0,gas_ccgt,MW,nem,NSW1
2017-10-08 05:25:00,419.0,gas_ccgt,MW,nem,NSW1
2017-10-08 05:30:00,422.0,gas_ccgt,MW,nem,NSW1
2017-10-08 05:35:00,420.0,gas_ccgt,MW,nem,NSW1
2017-10-08 05:40:00,419.0,gas_ccgt,MW,nem,NSW1
2017-10-08 05:45:00,421.0,gas_ccgt,MW,nem,NSW1
2017-10-08 05:50:00,420.0,gas_ccgt,MW,nem,NSW1
2017-10-08 05:55:00,421.0,gas_ccgt,MW,nem,NSW1
2017-10-08 06:00:00,420.0,gas_ccgt,MW,nem,NSW1
2017-10-08 06:05:00,420.0,gas_ccgt,MW,nem,NSW1
2017-10-08 06:10:00,421.0,gas_ccgt,MW,nem,NSW1
2017-10-08 06:15:00,421.0,gas_ccgt,MW,nem,NSW1
2017-10-08 06:20:00,419.0,gas_ccgt,MW,nem,NSW1
2017-10-08 06:25:00,420.0,gas_ccgt,MW,nem,NSW1
2017-10-08 06:30:00,420.0,gas_ccgt,MW,nem,NSW1
2017-10-08 06:35:00,419.0,gas_ccgt,MW,nem,NSW1
2017-10-08 06:40:00,420.0,gas_ccgt,MW,nem,NSW1
2017-10-08 06:45:00,420.0,gas_ccgt,MW,nem,NSW1
2017-10-08 06:50:00,393.0,gas_ccgt,MW,nem,NSW1
2017-10-08 06:55:00,412.0,gas_ccgt,MW,nem,NSW1
2017-10-08 07:00:00,418.0,gas_ccgt,MW,nem,NSW1
2017-10-08 07:05:00,418.0,gas_ccgt,MW,nem,NSW1
2017-10-08 07:10:00,420.0,gas_ccgt,MW,nem,NSW1
2017-10-08 07:15:00,418.0,gas_ccgt,MW,nem,NSW1
2017-10-08 07:20:00,418.0,gas_ccgt,MW,nem,NSW1
2017-10-08 07:25:00,418.0,gas_ccgt,MW,nem,NSW1
2017-10-08 07:30:00,418.0,gas_ccgt,MW,nem,NSW1
2017-10-08 07:35:00,418.0,gas_ccgt,MW,nem,NSW1
2017-10-08 07:40:00,418.0,gas_ccgt,MW,nem,NSW1
2017-10-08 07:45:00,418.0,gas_ccgt,MW,nem,NSW1
2017-10-08 07:50:00,418.0,gas_ccgt,MW,nem,NSW1
2017-10-08 07:55:00,418.0,gas_ccgt,MW,nem,NSW1
2017-10-08 08:00:00,418.0,gas_ccgt,MW,nem,NSW1
2017-10-08 08:05:00,418.0,gas_ccgt,MW,nem,NSW1
2017-10-08 08:10:00,418.0,gas_ccgt,MW,nem,NSW1
2017-10-08 08:15:00,418.0,gas_ccgt,MW,nem,NSW1
2017-10-08 08:20:00,418.0,gas_ccgt,MW,nem,NSW1
2017-10-08 08:25:00,418.0,gas_ccgt,MW,nem,NSW1
2017-10-08 08:30:00,417.0,gas_ccgt,MW,nem,NSW1
2017-10-08 08:35:00,417.0,gas_ccgt,MW,nem,NSW1
2017-10-08 08:40:00,417.0,gas_ccgt,MW,nem,NSW1
2017-10-08 08:45:00,417.0,gas_ccgt,MW,nem,NSW1
2017-10-08 08:50:00,417.0,gas_ccgt,MW,nem,NSW1
2017-10-08 08:55:00,418.0,gas_ccgt,MW,nem,NSW1
2017-10-08 09:00:00,418.0,gas_ccgt,MW,nem,NSW1
2017-10-08 09:05:00,417.0,gas_ccgt,MW,nem,NSW1
2017-10-08 09:10:00,417.0,gas_ccgt,MW,nem,NSW1
2017-10-08 09:15:00,417.0,gas_ccgt,MW,nem,NSW1
2017-10-08 09:20:00,416.0,gas_ccgt,MW,nem,NSW1
2017-10-08 09:25:00,416.0,gas_ccgt,MW,nem,NSW1
2017-10-08 09:30:00,418.0,gas_ccgt,MW,nem,NSW1
2017-10-08 09:35:00,418.0,gas_ccgt,MW,nem,NSW1
2017-10-08 09:40:00,416.0,gas_ccgt,MW,nem,NSW1
2017-10-08 09:45:00,416.0,gas_ccgt,MW,nem,NSW1
2017-10-08 09:50:00,416.0,gas_ccgt,MW,nem,NSW1
2017-10-08 09:55:00,416.0,gas_ccgt,MW,nem,NSW1
2017-10-08 10:00:00,416.0,gas_ccgt,MW,nem,NSW1
2017-10-08 10:05:00,416.0,gas_ccgt,MW,nem,NSW1
2017-10-08 10:10:00,416.0,gas_ccgt,MW,nem,NSW1
2017-10-08 10:15:00,416.0,gas_ccgt,MW,nem,NSW1
2017-10-08 10:20:00,416.0,gas_ccgt,MW,nem,NSW1
2017-10-08 10:25:00,416.0,gas_ccgt,MW,nem,NSW1
2017-10-08 10:30:00,416.0,gas_ccgt,MW,nem,NSW1
2017-10-08 10:35:00,416.0,gas_ccgt,MW,nem,NSW1
2017-10-08 10:40:00,414.0,gas_ccgt,MW,nem,NSW1
2017-10-08 10:45:00,414.0,gas_ccgt,MW,nem,NSW1
2017-10-08 10:50:00,415.0,gas_ccgt,MW,nem,NSW1
2017-10-08 10:55:00,415.0,gas_ccgt,MW,nem,NSW1
2017-10-08 11:00:00,415.0,gas_ccgt,MW,nem,NSW1
2017-10-08 11:05:00,415.0,gas_ccgt,MW,nem,NSW1
2017-10-08 11:10:00,415.0,gas_ccgt,MW,nem,NSW1
2017-10-08 11:15:00,415.0,gas_ccgt,MW,nem,NSW1
2017-10-08 11:20:00,415.0,gas_ccgt,MW,nem,NSW1
2017-10-08 11:25:00,413.0,gas_ccgt,MW,nem,NSW1
2017-10-08 11:30:00,413.0,gas_ccgt,MW,nem,NSW1
2017-10-08 11:35:00,415.0,gas_ccgt,MW,nem,NSW1
2017-10-08 11:40:00,415.0,gas_ccgt,MW,nem,NSW1
2017-10-08 11:45:00,414.0,gas_ccgt,MW,nem,NSW1
2017-10-08 11:50:00,414.0,gas_ccgt,MW,nem,NSW1
2017-10-08 11:55:00,415.0,gas_ccgt,MW,nem,NSW1
2017-10-08 12:00:00,415.0,gas_ccgt,MW,nem,NSW1
2017-10-08 12:05:00,414.0,gas_ccgt,MW,nem,NSW1
2017-10-08 12:10:00,415.0,gas_ccgt,MW,nem,NSW1
2017-10-08 12:15:00,414.0,gas_ccgt,MW,nem,NSW1
2017-10-08 12:20:00,415.0,gas_ccgt,MW,nem,NSW1
2017-10-08 12:25:00,415.0,gas_ccgt,MW,nem,NSW1
2017-10-08 12:30:00,414.0,gas_ccgt,MW,nem,NSW1
2017-10-08 12:35:00,414.0,gas_ccgt,MW,nem,NSW1
2017-10-08 12:40:00,413.0,gas_ccgt,MW,nem,NSW1
2017-10-08 12:45:00,412.0,gas_ccgt,MW,nem,NSW1
2017-10-08 12:50:00,414.0,gas_ccgt,MW,nem,NSW1
2017-10-08 12:55:00,414.0,gas_ccgt,MW,nem,NSW1
2017-10-08 13:00:00,414.0,gas_ccgt,MW,nem,NSW1
2017-10-08 13:05:00,414.0,gas_ccgt,MW,nem,NSW1
2017-10-08 13:10:00,414.0,gas_ccgt,MW,nem,NSW1
2017-10-08 13:15:00,414.0,gas_ccgt,MW,nem,NSW1
2017-10-08 13:20:00,414.0,gas_ccgt,MW,nem,NSW1
2017-10-08 13:25:00,413.0,gas_ccgt,MW,nem,NSW1
2017-10-08 13:30:00,413.0,gas_ccgt,MW,nem,NSW1
2017-10-08 13:35:00,413.0,gas_ccgt,MW,nem,NSW1
2017-10-08 13:40:00,414.0,gas_ccgt,MW,nem,NSW1
2017-10-08 13:45:00,414.0,gas_ccgt,MW,nem,NSW1
2017-10-08 13:50:00,412.0,gas_ccgt,MW,nem,NSW1
2017-10-08 13:55:00,412.0,gas_ccgt,MW,nem,NSW1
2017-10-08 14:00:00,412.0,gas_ccgt,MW,nem,NSW1
2017-10-08 14:05:00,412.0,gas_ccgt,MW,nem,NSW1
2017-10-08 14:10:00,412.0,gas_ccgt,MW,nem,NSW1
2017-10-08 14:15:00,413.0,gas_ccgt,MW,nem,NSW1
2017-10-08 14:20:00,411.0,gas_ccgt,MW,nem,NSW1
2017-10-08 14:25:00,413.0,gas_ccgt,MW,nem,NSW1
2017-10-08 14:30:00,412.0,gas_ccgt,MW,nem,NSW1
2017-10-08 14:35:00,412.0,gas_ccgt,MW,nem,NSW1
2017-10-08 14:40:00,412.0,gas_ccgt,MW,nem,NSW1
2017-10-08 14:45:00,412.0,gas_ccgt,MW,nem,NSW1
2017-10-08 14:50:00,411.0,gas_ccgt,MW,nem,NSW1
2017-10-08 14:55:00,412.0,gas_ccgt,MW,nem,NSW1
2017-10-08 15:00:00,412.0,gas_ccgt,MW,nem,NSW1
2017-10-08 15:05:00,412.0,gas_ccgt,MW,nem,NSW1
2017-10-08 15:10:00,412.0,gas_ccgt,MW,nem,NSW1
2017-10-08 15:15:00,410.0,gas_ccgt,MW,nem,NSW1
2017-10-08 15:20:00,412.0,gas_ccgt,MW,nem,NSW1
2017-10-08 15:25:00,410.0,gas_ccgt,MW,nem,NSW1
2017-10-08 15:30:00,411.0,gas_ccgt,MW,nem,NSW1
2017-10-08 15:35:00,411.0,gas_ccgt,MW,nem,NSW1
2017-10-08 15:40:00,412.0,gas_ccgt,MW,nem,NSW1
2017-10-08 15:45:00,411.0,gas_ccgt,MW,nem,NSW1
2017-10-08 15:50:00,411.0,gas_ccgt,MW,nem,NSW1
2017-10-08 15:55:00,411.0,gas_ccgt,MW,nem,NSW1
2017-10-08 16:00:00,411.0,gas_ccgt,MW,nem,NSW1
2017-10-08 16:05:00,411.0,gas_ccgt,MW,nem,NSW1
2017-10-08 16:10:00,410.0,gas_ccgt,MW,nem,NSW1
2017-10-08 16:15:00,412.0,gas_ccgt,MW,nem,NSW1
2017-10-08 16:20:00,410.0,gas_ccgt,MW,nem,NSW1
2017-10-08 16:25:00,410.0,gas_ccgt,MW,nem,NSW1
2017-10-08 16:30:00,410.0,gas_ccgt,MW,nem,NSW1
2017-10-08 16:35:00,410.0,gas_ccgt,MW,nem,NSW1
2017-10-08 16:40:00,410.0,gas_ccgt,MW,nem,NSW1
2017-10-08 16:45:00,410.0,gas_ccgt,MW,nem,NSW1
2017-10-08 16:50:00,412.0,gas_ccgt,MW,nem,NSW1
2017-10-08 16:55:00,410.0,gas_ccgt,MW,nem,NSW1
2017-10-08 17:00:00,412.0,gas_ccgt,MW,nem,NSW1
2017-10-08 17:05:00,412.0,gas_ccgt,MW,nem,NSW1
2017-10-08 17:10:00,410.0,gas_ccgt,MW,nem,NSW1
2017-10-08 17:15:00,411.0,gas_ccgt,MW,nem,NSW1
2017-10-08 17:20:00,411.0,gas_ccgt,MW,nem,NSW1
2017-10-08 17:25:00,411.0,gas_ccgt,MW,nem,NSW1
2017-10-08 17:30:00,412.0,gas_ccgt,MW,nem,NSW1
2017-10-08 17:35:00,411.0,gas_ccgt,MW,nem,NSW1
2017-10-08 17:40:00,411.0,gas_ccgt,MW,nem,NSW1
2017-10-08 17:45:00,412.0,gas_ccgt,MW,nem,NSW1
2017-10-08 17:50:00,412.0,gas_ccgt,MW,nem,NSW1
2017-10-08 17:55:00,412.0,gas_ccgt,MW,nem,NSW1
2017-10-08 18:00:00,412.0,gas_ccgt,MW,nem,NSW1
2017-10-08 18:05:00,412.0,gas_ccgt,MW,nem,NSW1
2017-10-08 18:10:00,410.0,gas_ccgt,MW,nem,NSW1
2017-10-08 18:15:00,410.0,gas_ccgt,MW,nem,NSW1
2017-10-08 18:20:00,412.0,gas_ccgt,MW,nem,NSW1
2017-10-08 18:25:00,412.0,gas_ccgt,MW,nem,NSW1
2017-10-08 18:30:00,411.0,gas_ccgt,MW,nem,NSW1
2017-10-08 18:35:00,411.0,gas_ccgt,MW,nem,NSW1
2017-10-08 18:40:00,412.0,gas_ccgt,MW,nem,NSW1
2017-10-08 18:45:00,411.0,gas_ccgt,MW,nem,NSW1
2017-10-08 18:50:00,413.0,gas_ccgt,MW,nem,NSW1
2017-10-08 18:55:00,413.0,gas_ccgt,MW,nem,NSW1
2017-10-08 19:00:00,413.0,gas_ccgt,MW,nem,NSW1
2017-10-08 19:05:00,412.0,gas_ccgt,MW,nem,NSW1
2017-10-08 19:10:00,413.0,gas_ccgt,MW,nem,NSW1
2017-10-08 19:15:00,413.0,gas_ccgt,MW,nem,NSW1
2017-10-08 19:20:00,412.0,gas_ccgt,MW,nem,NSW1
2017-10-08 19:25:00,412.0,gas_ccgt,MW,nem,NSW1
2017-10-08 19:30:00,412.0,gas_ccgt,MW,nem,NSW1
2017-10-08 19:35:00,412.0,gas_ccgt,MW,nem,NSW1
2017-10-08 19:40:00,413.0,gas_ccgt,MW,nem,NSW1
2017-10-08 19:45:00,411.0,gas_ccgt,MW,nem,NSW1
2017-10-08 19:50:00,414.0,gas_ccgt,MW,nem,NSW1
2017-10-08 19:55:00,411.0,gas_ccgt,MW,nem,NSW1
2017-10-08 20:00:00,413.0,gas_ccgt,MW,nem,NSW1
2017-10-08 20:05:00,413.0,gas_ccgt,MW,nem,NSW1
2017-10-08 20:10:00,411.0,gas_ccgt,MW,nem,NSW1
2017-10-08 20:15:00,411.0,gas_ccgt,MW,nem,NSW1
2017-10-08 20:20:00,410.0,gas_ccgt,MW,nem,NSW1
2017-10-08 20:25:00,412.0,gas_ccgt,MW,nem,NSW1
2017-10-08 20:30:00,411.0,gas_ccgt,MW,nem,NSW1
2017-10-08 20:35:00,413.0,gas_ccgt,MW,nem,NSW1
2017-10-08 20:40:00,411.0,gas_ccgt,MW,nem,NSW1
2017-10-08 20:45:00,413.0,gas_ccgt,MW,nem,NSW1
2017-10-08 20:50:00,413.0,gas_ccgt,MW,nem,NSW1
2017-10-08 20:55:00,411.0,gas_ccgt,MW,nem,NSW1
2017-10-08 21:00:00,413.0,gas_ccgt,MW,nem,NSW1
2017-10-08 21:05:00,413.0,gas_ccgt,MW,nem,NSW1
2017-10-08 21:10:00,413.0,gas_ccgt,MW,nem,NSW1
2017-10-08 21:15:00,411.0,gas_ccgt,MW,nem,NSW1
2017-10-08 21:20:00,412.0,gas_ccgt,MW,nem,NSW1
2017-10-08 21:25:00,412.0,gas_ccgt,MW,nem,NSW1
2017-10-08 21:30:00,412.0,gas_ccgt,MW,nem,NSW1
2017-10-08 21:35:00,412.0,gas_ccgt,MW,nem,NSW1
2017-10-08 21:40:00,410.0,gas_ccgt,MW,nem,NSW1
2017-10-08 21:45:00,412.0,gas_ccgt,MW,nem,NSW1
2017-10-08 21:50:00,413.0,gas_ccgt,MW,nem,NSW1
2017-10-08 21:55:00,411.0,gas_ccgt,MW,nem,NSW1
2017-10-08 22:00:00,411.0,gas_ccgt,MW,nem,NSW1
2017-10-08 22:05:00,411.0,gas_ccgt,MW,nem,NSW1
2017-10-08 22:10:00,411.0,gas_ccgt,MW,nem,NSW1
2017-10-08 22:15:00,413.0,gas_ccgt,MW,nem,NSW1
2017-10-08 22:20:00,411.0,gas_ccgt,MW,nem,NSW1
2017-10-08 22:25:00,411.0,gas_ccgt,MW,nem,NSW1
2017-10-08 22:30:00,413.0,gas_ccgt,MW,nem,NSW1
2017-10-08 22:35:00,413.0,gas_ccgt,MW,nem,NSW1
2017-10-08 22:40:00,413.0,gas_ccgt,MW,nem,NSW1
2017-10-08 22:45:00,411.0,gas_ccgt,MW,nem,NSW1
2017-10-08 22:50:00,411.0,gas_ccgt,MW,nem,NSW1
2017-10-08 22:55:00,413.0,gas_ccgt,MW,nem,NSW1
2017-10-08 23:00:00,412.0,gas_ccgt,MW,nem,NSW1
2017-10-08 23:05:00,412.0,gas_ccgt,MW,nem,NSW1
2017-10-08 23:10:00,412.0,gas_ccgt,MW,nem,NSW1
2017-10-08 23:15:00,412.0,gas_ccgt,MW,nem,NSW1
2017-10-08 23:20:00,412.0,gas_ccgt,MW,nem,NSW1
2017-10-08 23:25:00,412.0,gas_ccgt,MW,nem,NSW1
2017-10-08 23:30:00,412.0,gas_ccgt,MW,nem,NSW1
2017-10-08 23:35:00,413.0,gas_ccgt,MW,nem,NSW1
2017-10-08 23:40:00,411.0,gas_ccgt,MW,nem,NSW1
2017-10-08 23:45:00,411.0,gas_ccgt,MW,nem,NSW1
2017-10-08 23:50:00,414.0,gas_ccgt,MW,nem,NSW1
2017-10-08 23:55:00,412.0,gas_ccgt,MW,nem,NSW1
2017-10-09 00:00:00,390.0,gas_ccgt,MW,nem,NSW1
2017-10-09 00:05:00,404.0,gas_ccgt,MW,nem,NSW1
2017-10-09 00:10:00,410.0,gas_ccgt,MW,nem,NSW1
2017-10-09 00:15:00,413.0,gas_ccgt,MW,nem,NSW1
2017-10-09 00:20:00,413.0,gas_ccgt,MW,nem,NSW1
2017-10-09 00:25:00,412.0,gas_ccgt,MW,nem,NSW1
2017-10-09 00:30:00,413.0,gas_ccgt,MW,nem,NSW1
2017-10-09 00:35:00,413.0,gas_ccgt,MW,nem,NSW1
2017-10-09 00:40:00,413.0,gas_ccgt,MW,nem,NSW1
2017-10-09 00:45:00,413.0,gas_ccgt,MW,nem,NSW1
2017-10-09 00:50:00,412.0,gas_ccgt,MW,nem,NSW1
2017-10-09 00:55:00,412.0,gas_ccgt,MW,nem,NSW1
2017-10-09 01:00:00,412.0,gas_ccgt,MW,nem,NSW1
2017-10-09 01:05:00,414.0,gas_ccgt,MW,nem,NSW1
2017-10-09 01:10:00,412.0,gas_ccgt,MW,nem,NSW1
2017-10-09 01:15:00,414.0,gas_ccgt,MW,nem,NSW1
2017-10-09 01:20:00,412.0,gas_ccgt,MW,nem,NSW1
2017-10-09 01:25:00,414.0,gas_ccgt,MW,nem,NSW1
2017-10-09 01:30:00,412.0,gas_ccgt,MW,nem,NSW1
2017-10-09 01:35:00,413.0,gas_ccgt,MW,nem,NSW1
2017-10-09 01:40:00,413.0,gas_ccgt,MW,nem,NSW1
2017-10-09 01:45:00,413.0,gas_ccgt,MW,nem,NSW1
2017-10-09 01:50:00,411.0,gas_ccgt,MW,nem,NSW1
2017-10-09 01:55:00,411.0,gas_ccgt,MW,nem,NSW1
2017-10-09 02:00:00,413.0,gas_ccgt,MW,nem,NSW1
2017-10-09 02:05:00,412.0,gas_ccgt,MW,nem,NSW1
2017-10-09 02:10:00,412.0,gas_ccgt,MW,nem,NSW1
2017-10-09 02:15:00,412.0,gas_ccgt,MW,nem,NSW1
2017-10-09 02:20:00,412.0,gas_ccgt,MW,nem,NSW1
2017-10-09 02:25:00,414.0,gas_ccgt,MW,nem,NSW1
2017-10-09 02:30:00,413.0,gas_ccgt,MW,nem,NSW1
2017-10-09 02:35:00,414.0,gas_ccgt,MW,nem,NSW1
2017-10-09 02:40:00,412.0,gas_ccgt,MW,nem,NSW1
2017-10-09 02:45:00,412.0,gas_ccgt,MW,nem,NSW1
2017-10-09 02:50:00,412.0,gas_ccgt,MW,nem,NSW1
2017-10-09 02:55:00,412.0,gas_ccgt,MW,nem,NSW1
2017-10-09 03:00:00,412.0,gas_ccgt,MW,nem,NSW1
2017-10-09 03:05:00,412.0,gas_ccgt,MW,nem,NSW1
2017-10-09 03:10:00,411.0,gas_ccgt,MW,nem,NSW1
2017-10-09 03:15:00,411.0,gas_ccgt,MW,nem,NSW1
2017-10-09 03:20:00,411.0,gas_ccgt,MW,nem,NSW1
2017-10-09 03:25:00,411.0,gas_ccgt,MW,nem,NSW1
2017-10-09 03:30:00,411.0,gas_ccgt,MW,nem,NSW1
2017-10-09 03:35:00,411.0,gas_ccgt,MW,nem,NSW1
2017-10-09 03:40:00,410.0,gas_ccgt,MW,nem,NSW1
2017-10-09 03:45:00,411.0,gas_ccgt,MW,nem,NSW1
2017-10-09 03:50:00,411.0,gas_ccgt,MW,nem,NSW1
2017-10-09 03:55:00,411.0,gas_ccgt,MW,nem,NSW1
2017-10-09 04:00:00,411.0,gas_ccgt,MW,nem,NSW1
2017-10-09 04:05:00,412.0,gas_ccgt,MW,nem,NSW1
2017-10-09 04:10:00,389.0,gas_ccgt,MW,nem,NSW1
2017-10-09 04:15:00,360.0,gas_ccgt,MW,nem,NSW1
2017-10-09 04:20:00,382.0,gas_ccgt,MW,nem,NSW1
2017-10-09 04:25:00,407.0,gas_ccgt,MW,nem,NSW1
2017-10-09 04:30:00,411.0,gas_ccgt,MW,nem,NSW1
2017-10-09 04:35:00,412.0,gas_ccgt,MW,nem,NSW1
2017-10-09 04:40:00,412.0,gas_ccgt,MW,nem,NSW1
2017-10-09 04:45:00,411.0,gas_ccgt,MW,nem,NSW1
2017-10-09 04:50:00,411.0,gas_ccgt,MW,nem,NSW1
2017-10-09 04:55:00,412.0,gas_ccgt,MW,nem,NSW1
2017-10-09 05:00:00,412.0,gas_ccgt,MW,nem,NSW1
2017-10-09 05:05:00,411.0,gas_ccgt,MW,nem,NSW1
2017-10-09 05:10:00,411.0,gas_ccgt,MW,nem,NSW1
2017-10-09 05:15:00,411.0,gas_ccgt,MW,nem,NSW1
2017-10-09 05:20:00,411.0,gas_ccgt,MW,nem,NSW1
2017-10-09 05:25:00,411.0,gas_ccgt,MW,nem,NSW1
2017-10-09 05:30:00,413.0,gas_ccgt,MW,nem,NSW1
2017-10-09 05:35:00,412.0,gas_ccgt,MW,nem,NSW1
2017-10-09 05:40:00,410.0,gas_ccgt,MW,nem,NSW1
2017-10-09 05:45:00,412.0,gas_ccgt,MW,nem,NSW1
2017-10-09 05:50:00,412.0,gas_ccgt,MW,nem,NSW1
2017-10-09 05:55:00,411.0,gas_ccgt,MW,nem,NSW1
2017-10-09 06:00:00,411.0,gas_ccgt,MW,nem,NSW1
2017-10-09 06:05:00,411.0,gas_ccgt,MW,nem,NSW1
2017-10-09 06:10:00,411.0,gas_ccgt,MW,nem,NSW1
2017-10-09 06:15:00,410.0,gas_ccgt,MW,nem,NSW1
2017-10-09 06:20:00,411.0,gas_ccgt,MW,nem,NSW1
2017-10-09 06:25:00,411.0,gas_ccgt,MW,nem,NSW1
2017-10-09 06:30:00,411.0,gas_ccgt,MW,nem,NSW1
2017-10-09 06:35:00,411.0,gas_ccgt,MW,nem,NSW1
2017-10-09 06:40:00,411.0,gas_ccgt,MW,nem,NSW1
2017-10-09 06:45:00,411.0,gas_ccgt,MW,nem,NSW1
2017-10-09 06:50:00,411.0,gas_ccgt,MW,nem,NSW1
2017-10-09 06:55:00,409.0,gas_ccgt,MW,nem,NSW1
2017-10-09 07:00:00,411.0,gas_ccgt,MW,nem,NSW1
2017-10-09 07:05:00,409.0,gas_ccgt,MW,nem,NSW1
2017-10-09 07:10:00,411.0,gas_ccgt,MW,nem,NSW1
2017-10-09 07:15:00,410.0,gas_ccgt,MW,nem,NSW1
2017-10-09 07:20:00,408.0,gas_ccgt,MW,nem,NSW1
2017-10-09 07:25:00,409.0,gas_ccgt,MW,nem,NSW1
2017-10-09 07:30:00,409.0,gas_ccgt,MW,nem,NSW1
2017-10-09 07:35:00,409.0,gas_ccgt,MW,nem,NSW1
2017-10-09 07:40:00,409.0,gas_ccgt,MW,nem,NSW1
2017-10-09 07:45:00,406.0,gas_ccgt,MW,nem,NSW1
2017-10-09 07:50:00,409.0,gas_ccgt,MW,nem,NSW1
2017-10-09 07:55:00,408.0,gas_ccgt,MW,nem,NSW1
2017-10-09 08:00:00,409.0,gas_ccgt,MW,nem,NSW1
2017-10-09 08:05:00,407.0,gas_ccgt,MW,nem,NSW1
2017-10-09 08:10:00,408.0,gas_ccgt,MW,nem,NSW1
2017-10-09 08:15:00,406.0,gas_ccgt,MW,nem,NSW1
2017-10-09 08:20:00,406.0,gas_ccgt,MW,nem,NSW1
2017-10-09 08:25:00,406.0,gas_ccgt,MW,nem,NSW1
2017-10-09 08:30:00,406.0,gas_ccgt,MW,nem,NSW1
2017-10-09 08:35:00,407.0,gas_ccgt,MW,nem,NSW1
2017-10-09 08:40:00,406.0,gas_ccgt,MW,nem,NSW1
2017-10-09 08:45:00,406.0,gas_ccgt,MW,nem,NSW1
2017-10-09 08:50:00,406.0,gas_ccgt,MW,nem,NSW1
2017-10-09 08:55:00,407.0,gas_ccgt,MW,nem,NSW1
2017-10-09 09:00:00,407.0,gas_ccgt,MW,nem,NSW1
2017-10-09 09:05:00,407.0,gas_ccgt,MW,nem,NSW1
2017-10-09 09:10:00,405.0,gas_ccgt,MW,nem,NSW1
2017-10-09 09:15:00,407.0,gas_ccgt,MW,nem,NSW1
2017-10-09 09:20:00,405.0,gas_ccgt,MW,nem,NSW1
2017-10-09 09:25:00,405.0,gas_ccgt,MW,nem,NSW1
2017-10-09 09:30:00,405.0,gas_ccgt,MW,nem,NSW1
2017-10-09 09:35:00,405.0,gas_ccgt,MW,nem,NSW1
2017-10-09 09:40:00,406.0,gas_ccgt,MW,nem,NSW1
2017-10-09 09:45:00,404.0,gas_ccgt,MW,nem,NSW1
2017-10-09 09:50:00,404.0,gas_ccgt,MW,nem,NSW1
2017-10-09 09:55:00,406.0,gas_ccgt,MW,nem,NSW1
2017-10-09 10:00:00,406.0,gas_ccgt,MW,nem,NSW1
2017-10-09 10:05:00,405.0,gas_ccgt,MW,nem,NSW1
2017-10-09 10:10:00,403.0,gas_ccgt,MW,nem,NSW1
2017-10-09 10:15:00,405.0,gas_ccgt,MW,nem,NSW1
2017-10-09 10:20:00,405.0,gas_ccgt,MW,nem,NSW1
2017-10-09 10:25:00,403.0,gas_ccgt,MW,nem,NSW1
2017-10-09 10:30:00,403.0,gas_ccgt,MW,nem,NSW1
2017-10-09 10:35:00,402.0,gas_ccgt,MW,nem,NSW1
2017-10-09 10:40:00,402.0,gas_ccgt,MW,nem,NSW1
2017-10-09 10:45:00,402.0,gas_ccgt,MW,nem,NSW1
2017-10-09 10:50:00,402.0,gas_ccgt,MW,nem,NSW1
2017-10-09 10:55:00,402.0,gas_ccgt,MW,nem,NSW1
2017-10-09 11:00:00,404.0,gas_ccgt,MW,nem,NSW1
2017-10-09 11:05:00,404.0,gas_ccgt,MW,nem,NSW1
2017-10-09 11:10:00,404.0,gas_ccgt,MW,nem,NSW1
2017-10-09 11:15:00,402.0,gas_ccgt,MW,nem,NSW1
2017-10-09 11:20:00,403.0,gas_ccgt,MW,nem,NSW1
2017-10-09 11:25:00,405.0,gas_ccgt,MW,nem,NSW1
2017-10-09 11:30:00,404.0,gas_ccgt,MW,nem,NSW1
2017-10-09 11:35:00,402.0,gas_ccgt,MW,nem,NSW1
2017-10-09 11:40:00,402.0,gas_ccgt,MW,nem,NSW1
2017-10-09 11:45:00,402.0,gas_ccgt,MW,nem,NSW1
2017-10-09 11:50:00,404.0,gas_ccgt,MW,nem,NSW1
2017-10-09 11:55:00,402.0,gas_ccgt,MW,nem,NSW1
2017-10-09 12:00:00,402.0,gas_ccgt,MW,nem,NSW1
2017-10-09 12:05:00,402.0,gas_ccgt,MW,nem,NSW1
2017-10-09 12:10:00,404.0,gas_ccgt,MW,nem,NSW1
2017-10-09 12:15:00,404.0,gas_ccgt,MW,nem,NSW1
2017-10-09 12:20:00,405.0,gas_ccgt,MW,nem,NSW1
2017-10-09 12:25:00,403.0,gas_ccgt,MW,nem,NSW1
2017-10-09 12:30:00,403.0,gas_ccgt,MW,nem,NSW1
2017-10-09 12:35:00,403.0,gas_ccgt,MW,nem,NSW1
2017-10-09 12:40:00,402.0,gas_ccgt,MW,nem,NSW1
2017-10-09 12:45:00,404.0,gas_ccgt,MW,nem,NSW1
2017-10-09 12:50:00,404.0,gas_ccgt,MW,nem,NSW1
2017-10-09 12:55:00,404.0,gas_ccgt,MW,nem,NSW1
2017-10-09 13:00:00,402.0,gas_ccgt,MW,nem,NSW1
2017-10-09 13:05:00,402.0,gas_ccgt,MW,nem,NSW1
2017-10-09 13:10:00,402.0,gas_ccgt,MW,nem,NSW1
2017-10-09 13:15:00,405.0,gas_ccgt,MW,nem,NSW1
2017-10-09 13:20:00,403.0,gas_ccgt,MW,nem,NSW1
2017-10-09 13:25:00,403.0,gas_ccgt,MW,nem,NSW1
2017-10-09 13:30:00,404.0,gas_ccgt,MW,nem,NSW1
2017-10-09 13:35:00,404.0,gas_ccgt,MW,nem,NSW1
2017-10-09 13:40:00,404.0,gas_ccgt,MW,nem,NSW1
2017-10-09 13:45:00,402.0,gas_ccgt,MW,nem,NSW1
2017-10-09 13:50:00,401.0,gas_ccgt,MW,nem,NSW1
2017-10-09 13:55:00,402.0,gas_ccgt,MW,nem,NSW1
2017-10-09 14:00:00,403.0,gas_ccgt,MW,nem,NSW1
2017-10-09 14:05:00,403.0,gas_ccgt,MW,nem,NSW1
2017-10-09 14:10:00,403.0,gas_ccgt,MW,nem,NSW1
2017-10-09 14:15:00,402.0,gas_ccgt,MW,nem,NSW1
2017-10-09 14:20:00,402.0,gas_ccgt,MW,nem,NSW1
2017-10-09 14:25:00,404.0,gas_ccgt,MW,nem,NSW1
2017-10-09 14:30:00,402.0,gas_ccgt,MW,nem,NSW1
2017-10-09 14:35:00,402.0,gas_ccgt,MW,nem,NSW1
2017-10-09 14:40:00,402.0,gas_ccgt,MW,nem,NSW1
2017-10-09 14:45:00,402.0,gas_ccgt,MW,nem,NSW1
2017-10-09 14:50:00,402.0,gas_ccgt,MW,nem,NSW1
2017-10-09 14:55:00,402.0,gas_ccgt,MW,nem,NSW1
2017-10-09 15:00:00,402.0,gas_ccgt,MW,nem,NSW1
2017-10-09 15:05:00,404.0,gas_ccgt,MW,nem,NSW1
2017-10-09 15:10:00,404.0,gas_ccgt,MW,nem,NSW1
2017-10-09 15:15:00,404.0,gas_ccgt,MW,nem,NSW1
2017-10-09 15:20:00,404.0,gas_ccgt,MW,nem,NSW1
2017-10-09 15:25:00,403.0,gas_ccgt,MW,nem,NSW1
2017-10-09 15:30:00,405.0,gas_ccgt,MW,nem,NSW1
2017-10-09 15:35:00,404.0,gas_ccgt,MW,nem,NSW1
2017-10-09 15:40:00,404.0,gas_ccgt,MW,nem,NSW1
2017-10-09 15:45:00,405.0,gas_ccgt,MW,nem,NSW1
2017-10-09 15:50:00,405.0,gas_ccgt,MW,nem,NSW1
2017-10-09 15:55:00,407.0,gas_ccgt,MW,nem,NSW1
2017-10-09 16:00:00,405.0,gas_ccgt,MW,nem,NSW1
2017-10-09 16:05:00,404.0,gas_ccgt,MW,nem,NSW1
2017-10-09 16:10:00,405.0,gas_ccgt,MW,nem,NSW1
2017-10-09 16:15:00,405.0,gas_ccgt,MW,nem,NSW1
2017-10-09 16:20:00,406.0,gas_ccgt,MW,nem,NSW1
2017-10-09 16:25:00,408.0,gas_ccgt,MW,nem,NSW1
2017-10-09 16:30:00,407.0,gas_ccgt,MW,nem,NSW1
2017-10-09 16:35:00,406.0,gas_ccgt,MW,nem,NSW1
2017-10-09 16:40:00,407.0,gas_ccgt,MW,nem,NSW1
2017-10-09 16:45:00,407.0,gas_ccgt,MW,nem,NSW1
2017-10-09 16:50:00,407.0,gas_ccgt,MW,nem,NSW1
2017-10-09 16:55:00,407.0,gas_ccgt,MW,nem,NSW1
2017-10-09 17:00:00,407.0,gas_ccgt,MW,nem,NSW1
2017-10-09 17:05:00,407.0,gas_ccgt,MW,nem,NSW1
2017-10-09 17:10:00,407.0,gas_ccgt,MW,nem,NSW1
2017-10-09 17:15:00,407.0,gas_ccgt,MW,nem,NSW1
2017-10-09 17:20:00,407.0,gas_ccgt,MW,nem,NSW1
2017-10-09 17:25:00,405.0,gas_ccgt,MW,nem,NSW1
2017-10-09 17:30:00,405.0,gas_ccgt,MW,nem,NSW1
2017-10-09 17:35:00,405.0,gas_ccgt,MW,nem,NSW1
2017-10-09 17:40:00,407.0,gas_ccgt,MW,nem,NSW1
2017-10-09 17:45:00,406.0,gas_ccgt,MW,nem,NSW1
2017-10-09 17:50:00,408.0,gas_ccgt,MW,nem,NSW1
2017-10-09 17:55:00,406.0,gas_ccgt,MW,nem,NSW1
2017-10-09 18:00:00,406.0,gas_ccgt,MW,nem,NSW1
2017-10-09 18:05:00,407.0,gas_ccgt,MW,nem,NSW1
2017-10-09 18:10:00,406.0,gas_ccgt,MW,nem,NSW1
2017-10-09 18:15:00,406.0,gas_ccgt,MW,nem,NSW1
2017-10-09 18:20:00,405.0,gas_ccgt,MW,nem,NSW1
2017-10-09 18:25:00,409.0,gas_ccgt,MW,nem,NSW1
2017-10-09 18:30:00,407.0,gas_ccgt,MW,nem,NSW1
2017-10-09 18:35:00,407.0,gas_ccgt,MW,nem,NSW1
2017-10-09 18:40:00,406.0,gas_ccgt,MW,nem,NSW1
2017-10-09 18:45:00,408.0,gas_ccgt,MW,nem,NSW1
2017-10-09 18:50:00,407.0,gas_ccgt,MW,nem,NSW1
2017-10-09 18:55:00,407.0,gas_ccgt,MW,nem,NSW1
2017-10-09 19:00:00,407.0,gas_ccgt,MW,nem,NSW1
2017-10-09 19:05:00,406.0,gas_ccgt,MW,nem,NSW1
2017-10-09 19:10:00,408.0,gas_ccgt,MW,nem,NSW1
2017-10-09 19:15:00,410.0,gas_ccgt,MW,nem,NSW1
2017-10-09 19:20:00,410.0,gas_ccgt,MW,nem,NSW1
2017-10-09 19:25:00,411.0,gas_ccgt,MW,nem,NSW1
2017-10-09 19:30:00,412.0,gas_ccgt,MW,nem,NSW1
2017-10-09 19:35:00,410.0,gas_ccgt,MW,nem,NSW1
2017-10-09 19:40:00,411.0,gas_ccgt,MW,nem,NSW1
2017-10-09 19:45:00,411.0,gas_ccgt,MW,nem,NSW1
2017-10-09 19:50:00,411.0,gas_ccgt,MW,nem,NSW1
2017-10-09 19:55:00,409.0,gas_ccgt,MW,nem,NSW1
2017-10-09 20:00:00,409.0,gas_ccgt,MW,nem,NSW1
2017-10-09 20:05:00,411.0,gas_ccgt,MW,nem,NSW1
2017-10-09 20:10:00,411.0,gas_ccgt,MW,nem,NSW1
2017-10-09 20:15:00,411.0,gas_ccgt,MW,nem,NSW1
2017-10-09 20:20:00,411.0,gas_ccgt,MW,nem,NSW1
2017-10-09 20:25:00,412.0,gas_ccgt,MW,nem,NSW1
2017-10-09 20:30:00,412.0,gas_ccgt,MW,nem,NSW1
2017-10-09 20:35:00,409.0,gas_ccgt,MW,nem,NSW1
2017-10-09 20:40:00,411.0,gas_ccgt,MW,nem,NSW1
2017-10-09 20:45:00,410.0,gas_ccgt,MW,nem,NSW1
2017-10-09 20:50:00,411.0,gas_ccgt,MW,nem,NSW1
2017-10-09 20:55:00,411.0,gas_ccgt,MW,nem,NSW1
2017-10-09 21:00:00,410.0,gas_ccgt,MW,nem,NSW1
2017-10-09 21:05:00,412.0,gas_ccgt,MW,nem,NSW1
2017-10-09 21:10:00,410.0,gas_ccgt,MW,nem,NSW1
2017-10-09 21:15:00,410.0,gas_ccgt,MW,nem,NSW1
2017-10-09 21:20:00,411.0,gas_ccgt,MW,nem,NSW1
2017-10-09 21:25:00,411.0,gas_ccgt,MW,nem,NSW1
2017-10-09 21:30:00,412.0,gas_ccgt,MW,nem,NSW1
2017-10-09 21:35:00,411.0,gas_ccgt,MW,nem,NSW1
2017-10-09 21:40:00,411.0,gas_ccgt,MW,nem,NSW1
2017-10-09 21:45:00,411.0,gas_ccgt,MW,nem,NSW1
2017-10-09 21:50:00,411.0,gas_ccgt,MW,nem,NSW1
2017-10-09 21:55:00,410.0,gas_ccgt,MW,nem,NSW1
2017-10-09 22:00:00,401.0,gas_ccgt,MW,nem,NSW1
2017-10-09 22:05:00,410.0,gas_ccgt,MW,nem,NSW1
2017-10-09 22:10:00,410.0,gas_ccgt,MW,nem,NSW1
2017-10-09 22:15:00,410.0,gas_ccgt,MW,nem,NSW1
2017-10-09 22:20:00,409.0,gas_ccgt,MW,nem,NSW1
2017-10-09 22:25:00,410.0,gas_ccgt,MW,nem,NSW1
2017-10-09 22:30:00,410.0,gas_ccgt,MW,nem,NSW1
2017-10-09 22:35:00,410.0,gas_ccgt,MW,nem,NSW1
2017-10-09 22:40:00,409.0,gas_ccgt,MW,nem,NSW1
2017-10-09 22:45:00,410.0,gas_ccgt,MW,nem,NSW1
2017-10-09 22:50:00,410.0,gas_ccgt,MW,nem,NSW1
2017-10-09 22:55:00,408.0,gas_ccgt,MW,nem,NSW1
2017-10-09 23:00:00,410.0,gas_ccgt,MW,nem,NSW1
2017-10-09 23:05:00,411.0,gas_ccgt,MW,nem,NSW1
2017-10-09 23:10:00,411.0,gas_ccgt,MW,nem,NSW1
2017-10-09 23:15:00,411.0,gas_ccgt,MW,nem,NSW1
2017-10-09 23:20:00,409.0,gas_ccgt,MW,nem,NSW1
2017-10-09 23:25:00,411.0,gas_ccgt,MW,nem,NSW1
2017-10-09 23:30:00,409.0,gas_ccgt,MW,nem,NSW1
2017-10-09 23:35:00,409.0,gas_ccgt,MW,nem,NSW1
2017-10-09 23:40:00,409.0,gas_ccgt,MW,nem,NSW1
2017-10-09 23:45:00,410.0,gas_ccgt,MW,nem,NSW1
2017-10-09 23:50:00,410.0,gas_ccgt,MW,nem,NSW1
2017-10-09 23:55:00,409.0,gas_ccgt,MW,nem,NSW1
2017-10-10 00:00:00,410.0,gas_ccgt,MW,nem,NSW1
2017-10-10 00:05:00,410.0,gas_ccgt,MW,nem,NSW1
2017-10-10 00:10:00,410.0,gas_ccgt,MW,nem,NSW1
2017-10-10 00:15:00,410.0,gas_ccgt,MW,nem,NSW1
2017-10-10 00:20:00,410.0,gas_ccgt,MW,nem,NSW1
2017-10-10 00:25:00,409.0,gas_ccgt,MW,nem,NSW1
2017-10-10 00:30:00,411.0,gas_ccgt,MW,nem,NSW1
2017-10-10 00:35:00,411.0,gas_ccgt,MW,nem,NSW1
2017-10-10 00:40:00,411.0,gas_ccgt,MW,nem,NSW1
2017-10-10 00:45:00,411.0,gas_ccgt,MW,nem,NSW1
2017-10-10 00:50:00,410.0,gas_ccgt,MW,nem,NSW1
2017-10-10 00:55:00,411.0,gas_ccgt,MW,nem,NSW1
2017-10-10 01:00:00,409.0,gas_ccgt,MW,nem,NSW1
2017-10-10 01:05:00,404.0,gas_ccgt,MW,nem,NSW1
2017-10-10 01:10:00,409.0,gas_ccgt,MW,nem,NSW1
2017-10-10 01:15:00,410.0,gas_ccgt,MW,nem,NSW1
2017-10-10 01:20:00,410.0,gas_ccgt,MW,nem,NSW1
2017-10-10 01:25:00,411.0,gas_ccgt,MW,nem,NSW1
2017-10-10 01:30:00,410.0,gas_ccgt,MW,nem,NSW1
2017-10-10 01:35:00,411.0,gas_ccgt,MW,nem,NSW1
2017-10-10 01:40:00,410.0,gas_ccgt,MW,nem,NSW1
2017-10-10 01:45:00,408.0,gas_ccgt,MW,nem,NSW1
2017-10-10 01:50:00,411.0,gas_ccgt,MW,nem,NSW1
2017-10-10 01:55:00,411.0,gas_ccgt,MW,nem,NSW1
2017-10-10 02:00:00,409.0,gas_ccgt,MW,nem,NSW1
2017-10-10 02:05:00,411.0,gas_ccgt,MW,nem,NSW1
2017-10-10 02:10:00,409.0,gas_ccgt,MW,nem,NSW1
2017-10-10 02:15:00,409.0,gas_ccgt,MW,nem,NSW1
2017-10-10 02:20:00,411.0,gas_ccgt,MW,nem,NSW1
2017-10-10 02:25:00,411.0,gas_ccgt,MW,nem,NSW1
2017-10-10 02:30:00,410.0,gas_ccgt,MW,nem,NSW1
2017-10-10 02:35:00,409.0,gas_ccgt,MW,nem,NSW1
2017-10-10 02:40:00,408.0,gas_ccgt,MW,nem,NSW1
2017-10-10 02:45:00,405.0,gas_ccgt,MW,nem,NSW1
2017-10-10 02:50:00,409.0,gas_ccgt,MW,nem,NSW1
2017-10-10 02:55:00,411.0,gas_ccgt,MW,nem,NSW1
2017-10-10 03:00:00,410.0,gas_ccgt,MW,nem,NSW1
2017-10-10 03:05:00,410.0,gas_ccgt,MW,nem,NSW1
2017-10-10 03:10:00,408.0,gas_ccgt,MW,nem,NSW1
2017-10-10 03:15:00,411.0,gas_ccgt,MW,nem,NSW1
2017-10-10 03:20:00,409.0,gas_ccgt,MW,nem,NSW1
2017-10-10 03:25:00,410.0,gas_ccgt,MW,nem,NSW1
2017-10-10 03:30:00,410.0,gas_ccgt,MW,nem,NSW1
2017-10-10 03:35:00,410.0,gas_ccgt,MW,nem,NSW1
2017-10-10 03:40:00,410.0,gas_ccgt,MW,nem,NSW1
2017-10-10 03:45:00,409.0,gas_ccgt,MW,nem,NSW1
2017-10-10 03:50:00,410.0,gas_ccgt,MW,nem,NSW1
2017-10-10 03:55:00,410.0,gas_ccgt,MW,nem,NSW1
2017-10-10 04:00:00,410.0,gas_ccgt,MW,nem,NSW1
2017-10-10 04:05:00,409.0,gas_ccgt,MW,nem,NSW1
2017-10-10 04:10:00,415.0,gas_ccgt,MW,nem,NSW1
2017-10-10 04:15:00,417.0,gas_ccgt,MW,nem,NSW1
2017-10-10 04:20:00,417.0,gas_ccgt,MW,nem,NSW1
2017-10-10 04:25:00,417.0,gas_ccgt,MW,nem,NSW1
2017-10-10 04:30:00,415.0,gas_ccgt,MW,nem,NSW1
2017-10-10 04:35:00,415.0,gas_ccgt,MW,nem,NSW1
2017-10-10 04:40:00,416.0,gas_ccgt,MW,nem,NSW1
2017-10-10 04:45:00,416.0,gas_ccgt,MW,nem,NSW1
2017-10-10 04:50:00,415.0,gas_ccgt,MW,nem,NSW1
2017-10-10 04:55:00,414.0,gas_ccgt,MW,nem,NSW1
2017-10-10 05:00:00,414.0,gas_ccgt,MW,nem,NSW1
2017-10-10 05:05:00,415.0,gas_ccgt,MW,nem,NSW1
2017-10-10 05:10:00,416.0,gas_ccgt,MW,nem,NSW1
2017-10-10 05:15:00,415.0,gas_ccgt,MW,nem,NSW1
2017-10-10 05:20:00,415.0,gas_ccgt,MW,nem,NSW1
2017-10-10 05:25:00,415.0,gas_ccgt,MW,nem,NSW1
2017-10-10 05:30:00,414.0,gas_ccgt,MW,nem,NSW1
2017-10-10 05:35:00,414.0,gas_ccgt,MW,nem,NSW1
2017-10-10 05:40:00,415.0,gas_ccgt,MW,nem,NSW1
2017-10-10 05:45:00,415.0,gas_ccgt,MW,nem,NSW1
2017-10-10 05:50:00,415.0,gas_ccgt,MW,nem,NSW1
2017-10-10 05:55:00,416.0,gas_ccgt,MW,nem,NSW1
2017-10-10 06:00:00,414.0,gas_ccgt,MW,nem,NSW1
2017-10-10 06:05:00,414.0,gas_ccgt,MW,nem,NSW1
2017-10-10 06:10:00,414.0,gas_ccgt,MW,nem,NSW1
2017-10-10 06:15:00,416.0,gas_ccgt,MW,nem,NSW1
2017-10-10 06:20:00,416.0,gas_ccgt,MW,nem,NSW1
2017-10-10 06:25:00,416.0,gas_ccgt,MW,nem,NSW1
2017-10-10 06:30:00,414.0,gas_ccgt,MW,nem,NSW1
2017-10-10 06:35:00,415.0,gas_ccgt,MW,nem,NSW1
2017-10-10 06:40:00,415.0,gas_ccgt,MW,nem,NSW1
2017-10-10 06:45:00,415.0,gas_ccgt,MW,nem,NSW1
2017-10-10 06:50:00,415.0,gas_ccgt,MW,nem,NSW1
2017-10-10 06:55:00,415.0,gas_ccgt,MW,nem,NSW1
2017-10-10 07:00:00,415.0,gas_ccgt,MW,nem,NSW1
2017-10-10 07:05:00,415.0,gas_ccgt,MW,nem,NSW1
2017-10-10 07:10:00,415.0,gas_ccgt,MW,nem,NSW1
2017-10-10 07:15:00,416.0,gas_ccgt,MW,nem,NSW1
2017-10-10 07:20:00,416.0,gas_ccgt,MW,nem,NSW1
2017-10-10 07:25:00,416.0,gas_ccgt,MW,nem,NSW1
2017-10-10 07:30:00,416.0,gas_ccgt,MW,nem,NSW1
2017-10-10 07:35:00,414.0,gas_ccgt,MW,nem,NSW1
2017-10-10 07:40:00,415.0,gas_ccgt,MW,nem,NSW1
2017-10-10 07:45:00,415.0,gas_ccgt,MW,nem,NSW1
2017-10-10 07:50:00,415.0,gas_ccgt,MW,nem,NSW1
2017-10-10 07:55:00,416.0,gas_ccgt,MW,nem,NSW1
2017-10-10 08:00:00,415.0,gas_ccgt,MW,nem,NSW1
2017-10-10 08:05:00,415.0,gas_ccgt,MW,nem,NSW1
2017-10-10 08:10:00,416.0,gas_ccgt,MW,nem,NSW1
2017-10-10 08:15:00,416.0,gas_ccgt,MW,nem,NSW1
2017-10-10 08:20:00,415.0,gas_ccgt,MW,nem,NSW1
2017-10-10 08:25:00,415.0,gas_ccgt,MW,nem,NSW1
2017-10-10 08:30:00,416.0,gas_ccgt,MW,nem,NSW1
2017-10-10 08:35:00,416.0,gas_ccgt,MW,nem,NSW1
2017-10-10 08:40:00,414.0,gas_ccgt,MW,nem,NSW1
2017-10-10 08:45:00,414.0,gas_ccgt,MW,nem,NSW1
2017-10-10 08:50:00,416.0,gas_ccgt,MW,nem,NSW1
2017-10-10 08:55:00,415.0,gas_ccgt,MW,nem,NSW1
2017-10-10 09:00:00,416.0,gas_ccgt,MW,nem,NSW1
2017-10-10 09:05:00,414.0,gas_ccgt,MW,nem,NSW1
2017-10-10 09:10:00,414.0,gas_ccgt,MW,nem,NSW1
2017-10-10 09:15:00,417.0,gas_ccgt,MW,nem,NSW1
2017-10-10 09:20:00,415.0,gas_ccgt,MW,nem,NSW1
2017-10-10 09:25:00,413.0,gas_ccgt,MW,nem,NSW1
2017-10-10 09:30:00,415.0,gas_ccgt,MW,nem,NSW1
2017-10-10 09:35:00,414.0,gas_ccgt,MW,nem,NSW1
2017-10-10 09:40:00,415.0,gas_ccgt,MW,nem,NSW1
2017-10-10 09:45:00,415.0,gas_ccgt,MW,nem,NSW1
2017-10-10 09:50:00,415.0,gas_ccgt,MW,nem,NSW1
2017-10-10 09:55:00,415.0,gas_ccgt,MW,nem,NSW1
2017-10-10 10:00:00,416.0,gas_ccgt,MW,nem,NSW1
2017-10-10 10:05:00,414.0,gas_ccgt,MW,nem,NSW1
2017-10-10 10:10:00,415.0,gas_ccgt,MW,nem,NSW1
2017-10-10 10:15:00,415.0,gas_ccgt,MW,nem,NSW1
2017-10-10 10:20:00,413.0,gas_ccgt,MW,nem,NSW1
2017-10-10 10:25:00,413.0,gas_ccgt,MW,nem,NSW1
2017-10-10 10:30:00,413.0,gas_ccgt,MW,nem,NSW1
2017-10-10 10:35:00,414.0,gas_ccgt,MW,nem,NSW1
2017-10-10 10:40:00,414.0,gas_ccgt,MW,nem,NSW1
2017-10-10 10:45:00,413.0,gas_ccgt,MW,nem,NSW1
2017-10-10 10:50:00,412.0,gas_ccgt,MW,nem,NSW1
2017-10-10 10:55:00,414.0,gas_ccgt,MW,nem,NSW1
2017-10-10 11:00:00,412.0,gas_ccgt,MW,nem,NSW1
2017-10-10 11:05:00,414.0,gas_ccgt,MW,nem,NSW1
2017-10-10 11:10:00,412.0,gas_ccgt,MW,nem,NSW1
2017-10-10 11:15:00,412.0,gas_ccgt,MW,nem,NSW1
2017-10-10 11:20:00,414.0,gas_ccgt,MW,nem,NSW1
2017-10-10 11:25:00,414.0,gas_ccgt,MW,nem,NSW1
2017-10-10 11:30:00,412.0,gas_ccgt,MW,nem,NSW1
2017-10-10 11:35:00,412.0,gas_ccgt,MW,nem,NSW1
2017-10-10 11:40:00,414.0,gas_ccgt,MW,nem,NSW1
2017-10-10 11:45:00,413.0,gas_ccgt,MW,nem,NSW1
2017-10-10 11:50:00,413.0,gas_ccgt,MW,nem,NSW1
2017-10-10 11:55:00,412.0,gas_ccgt,MW,nem,NSW1
2017-10-10 12:00:00,412.0,gas_ccgt,MW,nem,NSW1
2017-10-10 12:05:00,411.0,gas_ccgt,MW,nem,NSW1
2017-10-10 12:10:00,413.0,gas_ccgt,MW,nem,NSW1
2017-10-10 12:15:00,411.0,gas_ccgt,MW,nem,NSW1
2017-10-10 12:20:00,413.0,gas_ccgt,MW,nem,NSW1
2017-10-10 12:25:00,411.0,gas_ccgt,MW,nem,NSW1
2017-10-10 12:30:00,413.0,gas_ccgt,MW,nem,NSW1
2017-10-10 12:35:00,411.0,gas_ccgt,MW,nem,NSW1
2017-10-10 12:40:00,410.0,gas_ccgt,MW,nem,NSW1
2017-10-10 12:45:00,412.0,gas_ccgt,MW,nem,NSW1
2017-10-10 12:50:00,410.0,gas_ccgt,MW,nem,NSW1
2017-10-10 12:55:00,412.0,gas_ccgt,MW,nem,NSW1
2017-10-10 13:00:00,410.0,gas_ccgt,MW,nem,NSW1
2017-10-10 13:05:00,411.0,gas_ccgt,MW,nem,NSW1
2017-10-10 13:10:00,411.0,gas_ccgt,MW,nem,NSW1
2017-10-10 13:15:00,411.0,gas_ccgt,MW,nem,NSW1
2017-10-10 13:20:00,410.0,gas_ccgt,MW,nem,NSW1
2017-10-10 13:25:00,412.0,gas_ccgt,MW,nem,NSW1
2017-10-10 13:30:00,412.0,gas_ccgt,MW,nem,NSW1
2017-10-10 13:35:00,413.0,gas_ccgt,MW,nem,NSW1
2017-10-10 13:40:00,412.0,gas_ccgt,MW,nem,NSW1
2017-10-10 13:45:00,410.0,gas_ccgt,MW,nem,NSW1
2017-10-10 13:50:00,410.0,gas_ccgt,MW,nem,NSW1
2017-10-10 13:55:00,412.0,gas_ccgt,MW,nem,NSW1
2017-10-10 14:00:00,413.0,gas_ccgt,MW,nem,NSW1
2017-10-10 14:05:00,409.0,gas_ccgt,MW,nem,NSW1
2017-10-10 14:10:00,411.0,gas_ccgt,MW,nem,NSW1
2017-10-10 14:15:00,411.0,gas_ccgt,MW,nem,NSW1
2017-10-10 14:20:00,411.0,gas_ccgt,MW,nem,NSW1
2017-10-10 14:25:00,412.0,gas_ccgt,MW,nem,NSW1
2017-10-10 14:30:00,412.0,gas_ccgt,MW,nem,NSW1
2017-10-10 14:35:00,412.0,gas_ccgt,MW,nem,NSW1
2017-10-10 14:40:00,412.0,gas_ccgt,MW,nem,NSW1
2017-10-10 14:45:00,411.0,gas_ccgt,MW,nem,NSW1
2017-10-10 14:50:00,411.0,gas_ccgt,MW,nem,NSW1
2017-10-10 14:55:00,412.0,gas_ccgt,MW,nem,NSW1
2017-10-10 15:00:00,412.0,gas_ccgt,MW,nem,NSW1
2017-10-10 15:05:00,412.0,gas_ccgt,MW,nem,NSW1
2017-10-10 15:10:00,412.0,gas_ccgt,MW,nem,NSW1
2017-10-10 15:15:00,412.0,gas_ccgt,MW,nem,NSW1
2017-10-10 15:20:00,411.0,gas_ccgt,MW,nem,NSW1
2017-10-10 15:25:00,412.0,gas_ccgt,MW,nem,NSW1
2017-10-10 15:30:00,412.0,gas_ccgt,MW,nem,NSW1
2017-10-10 15:35:00,413.0,gas_ccgt,MW,nem,NSW1
2017-10-10 15:40:00,412.0,gas_ccgt,MW,nem,NSW1
2017-10-10 15:45:00,412.0,gas_ccgt,MW,nem,NSW1
2017-10-10 15:50:00,411.0,gas_ccgt,MW,nem,NSW1
2017-10-10 15:55:00,412.0,gas_ccgt,MW,nem,NSW1
2017-10-10 16:00:00,412.0,gas_ccgt,MW,nem,NSW1
2017-10-10 16:05:00,412.0,gas_ccgt,MW,nem,NSW1
2017-10-10 16:10:00,412.0,gas_ccgt,MW,nem,NSW1
2017-10-10 16:15:00,413.0,gas_ccgt,MW,nem,NSW1
2017-10-10 16:20:00,412.0,gas_ccgt,MW,nem,NSW1
2017-10-10 16:25:00,412.0,gas_ccgt,MW,nem,NSW1
2017-10-10 16:30:00,413.0,gas_ccgt,MW,nem,NSW1
2017-10-10 16:35:00,411.0,gas_ccgt,MW,nem,NSW1
2017-10-10 16:40:00,411.0,gas_ccgt,MW,nem,NSW1
2017-10-10 16:45:00,413.0,gas_ccgt,MW,nem,NSW1
2017-10-10 16:50:00,413.0,gas_ccgt,MW,nem,NSW1
2017-10-10 16:55:00,412.0,gas_ccgt,MW,nem,NSW1
2017-10-10 17:00:00,412.0,gas_ccgt,MW,nem,NSW1
2017-10-10 17:05:00,413.0,gas_ccgt,MW,nem,NSW1
2017-10-10 17:10:00,413.0,gas_ccgt,MW,nem,NSW1
2017-10-10 17:15:00,412.0,gas_ccgt,MW,nem,NSW1
2017-10-10 17:20:00,412.0,gas_ccgt,MW,nem,NSW1
2017-10-10 17:25:00,412.0,gas_ccgt,MW,nem,NSW1
2017-10-10 17:30:00,412.0,gas_ccgt,MW,nem,NSW1
2017-10-10 17:35:00,411.0,gas_ccgt,MW,nem,NSW1
2017-10-10 17:40:00,411.0,gas_ccgt,MW,nem,NSW1
2017-10-10 17:45:00,411.0,gas_ccgt,MW,nem,NSW1
2017-10-10 17:50:00,413.0,gas_ccgt,MW,nem,NSW1
2017-10-10 17:55:00,411.0,gas_ccgt,MW,nem,NSW1
2017-10-10 18:00:00,412.0,gas_ccgt,MW,nem,NSW1
2017-10-10 18:05:00,412.0,gas_ccgt,MW,nem,NSW1
2017-10-10 18:10:00,412.0,gas_ccgt,MW,nem,NSW1
2017-10-10 18:15:00,411.0,gas_ccgt,MW,nem,NSW1
2017-10-10 18:20:00,413.0,gas_ccgt,MW,nem,NSW1
2017-10-10 18:25:00,411.0,gas_ccgt,MW,nem,NSW1
2017-10-10 18:30:00,412.0,gas_ccgt,MW,nem,NSW1
2017-10-10 18:35:00,411.0,gas_ccgt,MW,nem,NSW1
2017-10-10 18:40:00,412.0,gas_ccgt,MW,nem,NSW1
2017-10-10 18:45:00,412.0,gas_ccgt,MW,nem,NSW1
2017-10-10 18:50:00,412.0,gas_ccgt,MW,nem,NSW1
2017-10-10 18:55:00,411.0,gas_ccgt,MW,nem,NSW1
2017-10-10 19:00:00,412.0,gas_ccgt,MW,nem,NSW1
2017-10-10 19:05:00,412.0,gas_ccgt,MW,nem,NSW1
2017-10-10 19:10:00,412.0,gas_ccgt,MW,nem,NSW1
2017-10-10 19:15:00,412.0,gas_ccgt,MW,nem,NSW1
2017-10-10 19:20:00,412.0,gas_ccgt,MW,nem,NSW1
2017-10-10 19:25:00,412.0,gas_ccgt,MW,nem,NSW1
2017-10-10 19:30:00,413.0,gas_ccgt,MW,nem,NSW1
2017-10-10 19:35:00,413.0,gas_ccgt,MW,nem,NSW1
2017-10-10 19:40:00,411.0,gas_ccgt,MW,nem,NSW1
2017-10-10 19:45:00,411.0,gas_ccgt,MW,nem,NSW1
2017-10-10 19:50:00,414.0,gas_ccgt,MW,nem,NSW1
2017-10-10 19:55:00,413.0,gas_ccgt,MW,nem,NSW1
2017-10-10 20:00:00,412.0,gas_ccgt,MW,nem,NSW1
2017-10-10 20:05:00,412.0,gas_ccgt,MW,nem,NSW1
2017-10-10 20:10:00,412.0,gas_ccgt,MW,nem,NSW1
2017-10-10 20:15:00,414.0,gas_ccgt,MW,nem,NSW1
2017-10-10 20:20:00,413.0,gas_ccgt,MW,nem,NSW1
2017-10-10 20:25:00,412.0,gas_ccgt,MW,nem,NSW1
2017-10-10 20:30:00,413.0,gas_ccgt,MW,nem,NSW1
2017-10-10 20:35:00,413.0,gas_ccgt,MW,nem,NSW1
2017-10-10 20:40:00,413.0,gas_ccgt,MW,nem,NSW1
2017-10-10 20:45:00,413.0,gas_ccgt,MW,nem,NSW1
2017-10-10 20:50:00,414.0,gas_ccgt,MW,nem,NSW1
2017-10-10 20:55:00,412.0,gas_ccgt,MW,nem,NSW1
2017-10-10 21:00:00,412.0,gas_ccgt,MW,nem,NSW1
2017-10-10 21:05:00,412.0,gas_ccgt,MW,nem,NSW1
2017-10-10 21:10:00,414.0,gas_ccgt,MW,nem,NSW1
2017-10-10 21:15:00,413.0,gas_ccgt,MW,nem,NSW1
2017-10-10 21:20:00,413.0,gas_ccgt,MW,nem,NSW1
2017-10-10 21:25:00,412.0,gas_ccgt,MW,nem,NSW1
2017-10-10 21:30:00,412.0,gas_ccgt,MW,nem,NSW1
2017-10-10 21:35:00,414.0,gas_ccgt,MW,nem,NSW1
2017-10-10 21:40:00,412.0,gas_ccgt,MW,nem,NSW1
2017-10-10 21:45:00,411.0,gas_ccgt,MW,nem,NSW1
2017-10-10 21:50:00,413.0,gas_ccgt,MW,nem,NSW1
2017-10-10 21:55:00,411.0,gas_ccgt,MW,nem,NSW1
2017-10-10 22:00:00,412.0,gas_ccgt,MW,nem,NSW1
2017-10-10 22:05:00,414.0,gas_ccgt,MW,nem,NSW1
2017-10-10 22:10:00,412.0,gas_ccgt,MW,nem,NSW1
2017-10-10 22:15:00,413.0,gas_ccgt,MW,nem,NSW1
2017-10-10 22:20:00,412.0,gas_ccgt,MW,nem,NSW1
2017-10-10 22:25:00,411.0,gas_ccgt,MW,nem,NSW1
2017-10-10 22:30:00,412.0,gas_ccgt,MW,nem,NSW1
2017-10-10 22:35:00,412.0,gas_ccgt,MW,nem,NSW1
2017-10-10 22:40:00,413.0,gas_ccgt,MW,nem,NSW1
2017-10-10 22:45:00,413.0,gas_ccgt,MW,nem,NSW1
2017-10-10 22:50:00,414.0,gas_ccgt,MW,nem,NSW1
2017-10-10 22:55:00,414.0,gas_ccgt,MW,nem,NSW1
2017-10-10 23:00:00,413.0,gas_ccgt,MW,nem,NSW1
2017-10-10 23:05:00,413.0,gas_ccgt,MW,nem,NSW1
2017-10-10 23:10:00,414.0,gas_ccgt,MW,nem,NSW1
2017-10-10 23:15:00,414.0,gas_ccgt,MW,nem,NSW1
2017-10-10 23:20:00,412.0,gas_ccgt,MW,nem,NSW1
2017-10-10 23:25:00,414.0,gas_ccgt,MW,nem,NSW1
2017-10-10 23:30:00,412.0,gas_ccgt,MW,nem,NSW1
2017-10-10 23:35:00,412.0,gas_ccgt,MW,nem,NSW1
2017-10-10 23:40:00,411.0,gas_ccgt,MW,nem,NSW1
2017-10-10 23:45:00,413.0,gas_ccgt,MW,nem,NSW1
2017-10-10 23:50:00,412.0,gas_ccgt,MW,nem,NSW1
2017-10-10 23:55:00,414.0,gas_ccgt,MW,nem,NSW1
2017-10-11 00:00:00,389.0,gas_ccgt,MW,nem,NSW1
2017-10-11 00:05:00,361.0,gas_ccgt,MW,nem,NSW1
2017-10-11 00:10:00,373.0,gas_ccgt,MW,nem,NSW1
2017-10-11 00:15:00,398.0,gas_ccgt,MW,nem,NSW1
2017-10-11 00:20:00,411.0,gas_ccgt,MW,nem,NSW1
2017-10-11 00:25:00,413.0,gas_ccgt,MW,nem,NSW1
2017-10-11 00:30:00,413.0,gas_ccgt,MW,nem,NSW1
2017-10-11 00:35:00,413.0,gas_ccgt,MW,nem,NSW1
2017-10-11 00:40:00,413.0,gas_ccgt,MW,nem,NSW1
2017-10-11 00:45:00,413.0,gas_ccgt,MW,nem,NSW1
2017-10-11 00:50:00,412.0,gas_ccgt,MW,nem,NSW1
2017-10-11 00:55:00,412.0,gas_ccgt,MW,nem,NSW1
2017-10-11 01:00:00,412.0,gas_ccgt,MW,nem,NSW1
2017-10-11 01:05:00,414.0,gas_ccgt,MW,nem,NSW1
2017-10-11 01:10:00,412.0,gas_ccgt,MW,nem,NSW1
2017-10-11 01:15:00,412.0,gas_ccgt,MW,nem,NSW1
2017-10-11 01:20:00,412.0,gas_ccgt,MW,nem,NSW1
2017-10-11 01:25:00,391.0,gas_ccgt,MW,nem,NSW1
2017-10-11 01:30:00,360.0,gas_ccgt,MW,nem,NSW1
2017-10-11 01:35:00,336.0,gas_ccgt,MW,nem,NSW1
2017-10-11 01:40:00,306.0,gas_ccgt,MW,nem,NSW1
2017-10-11 01:45:00,330.0,gas_ccgt,MW,nem,NSW1
2017-10-11 01:50:00,309.0,gas_ccgt,MW,nem,NSW1
2017-10-11 01:55:00,323.0,gas_ccgt,MW,nem,NSW1
2017-10-11 02:00:00,316.0,gas_ccgt,MW,nem,NSW1
2017-10-11 02:05:00,290.0,gas_ccgt,MW,nem,NSW1
2017-10-11 02:10:00,260.0,gas_ccgt,MW,nem,NSW1
2017-10-11 02:15:00,236.0,gas_ccgt,MW,nem,NSW1
2017-10-11 02:20:00,206.0,gas_ccgt,MW,nem,NSW1
2017-10-11 02:25:00,189.0,gas_ccgt,MW,nem,NSW1
2017-10-11 02:30:00,192.0,gas_ccgt,MW,nem,NSW1
2017-10-11 02:35:00,190.0,gas_ccgt,MW,nem,NSW1
2017-10-11 02:40:00,190.0,gas_ccgt,MW,nem,NSW1
2017-10-11 02:45:00,190.0,gas_ccgt,MW,nem,NSW1
2017-10-11 02:50:00,191.0,gas_ccgt,MW,nem,NSW1
2017-10-11 02:55:00,190.0,gas_ccgt,MW,nem,NSW1
2017-10-11 03:00:00,190.0,gas_ccgt,MW,nem,NSW1
2017-10-11 03:05:00,190.0,gas_ccgt,MW,nem,NSW1
2017-10-11 03:10:00,190.0,gas_ccgt,MW,nem,NSW1
2017-10-11 03:15:00,191.0,gas_ccgt,MW,nem,NSW1
2017-10-11 03:20:00,190.0,gas_ccgt,MW,nem,NSW1
2017-10-11 03:25:00,190.0,gas_ccgt,MW,nem,NSW1
2017-10-11 03:30:00,190.0,gas_ccgt,MW,nem,NSW1
2017-10-11 03:35:00,191.0,gas_ccgt,MW,nem,NSW1
2017-10-11 03:40:00,190.0,gas_ccgt,MW,nem,NSW1
2017-10-11 03:45:00,191.0,gas_ccgt,MW,nem,NSW1
2017-10-11 03:50:00,189.0,gas_ccgt,MW,nem,NSW1
2017-10-11 03:55:00,190.0,gas_ccgt,MW,nem,NSW1
2017-10-11 04:00:00,190.0,gas_ccgt,MW,nem,NSW1
2017-10-11 04:05:00,215.0,gas_ccgt,MW,nem,NSW1
2017-10-11 04:10:00,238.0,gas_ccgt,MW,nem,NSW1
2017-10-11 04:15:00,265.0,gas_ccgt,MW,nem,NSW1
2017-10-11 04:20:00,273.0,gas_ccgt,MW,nem,NSW1
2017-10-11 04:25:00,297.0,gas_ccgt,MW,nem,NSW1
2017-10-11 04:30:00,312.0,gas_ccgt,MW,nem,NSW1
2017-10-11 04:35:00,337.0,gas_ccgt,MW,nem,NSW1
2017-10-11 04:40:00,368.0,gas_ccgt,MW,nem,NSW1
2017-10-11 04:45:00,389.0,gas_ccgt,MW,nem,NSW1
2017-10-11 04:50:00,408.0,gas_ccgt,MW,nem,NSW1
2017-10-11 04:55:00,412.0,gas_ccgt,MW,nem,NSW1
2017-10-11 05:00:00,412.0,gas_ccgt,MW,nem,NSW1
2017-10-11 05:05:00,411.0,gas_ccgt,MW,nem,NSW1
2017-10-11 05:10:00,411.0,gas_ccgt,MW,nem,NSW1
2017-10-11 05:15:00,411.0,gas_ccgt,MW,nem,NSW1
2017-10-11 05:20:00,410.0,gas_ccgt,MW,nem,NSW1
2017-10-11 05:25:00,411.0,gas_ccgt,MW,nem,NSW1
2017-10-11 05:30:00,411.0,gas_ccgt,MW,nem,NSW1
2017-10-11 05:35:00,411.0,gas_ccgt,MW,nem,NSW1
2017-10-11 05:40:00,411.0,gas_ccgt,MW,nem,NSW1
2017-10-11 05:45:00,411.0,gas_ccgt,MW,nem,NSW1
2017-10-11 05:50:00,411.0,gas_ccgt,MW,nem,NSW1
2017-10-11 05:55:00,411.0,gas_ccgt,MW,nem,NSW1
2017-10-11 06:00:00,411.0,gas_ccgt,MW,nem,NSW1
2017-10-11 06:05:00,413.0,gas_ccgt,MW,nem,NSW1
2017-10-11 06:10:00,412.0,gas_ccgt,MW,nem,NSW1
2017-10-11 06:15:00,412.0,gas_ccgt,MW,nem,NSW1
2017-10-11 06:20:00,411.0,gas_ccgt,MW,nem,NSW1
2017-10-11 06:25:00,410.0,gas_ccgt,MW,nem,NSW1
2017-10-11 06:30:00,413.0,gas_ccgt,MW,nem,NSW1
2017-10-11 06:35:00,413.0,gas_ccgt,MW,nem,NSW1
2017-10-11 06:40:00,411.0,gas_ccgt,MW,nem,NSW1
2017-10-11 06:45:00,412.0,gas_ccgt,MW,nem,NSW1
2017-10-11 06:50:00,412.0,gas_ccgt,MW,nem,NSW1
2017-10-11 06:55:00,412.0,gas_ccgt,MW,nem,NSW1
2017-10-11 07:00:00,412.0,gas_ccgt,MW,nem,NSW1
2017-10-11 07:05:00,412.0,gas_ccgt,MW,nem,NSW1
2017-10-11 07:10:00,412.0,gas_ccgt,MW,nem,NSW1
2017-10-11 07:15:00,412.0,gas_ccgt,MW,nem,NSW1
2017-10-11 07:20:00,412.0,gas_ccgt,MW,nem,NSW1
2017-10-11 07:25:00,410.0,gas_ccgt,MW,nem,NSW1
2017-10-11 07:30:00,412.0,gas_ccgt,MW,nem,NSW1
2017-10-11 07:35:00,412.0,gas_ccgt,MW,nem,NSW1
2017-10-11 07:40:00,412.0,gas_ccgt,MW,nem,NSW1
2017-10-11 07:45:00,412.0,gas_ccgt,MW,nem,NSW1
2017-10-11 07:50:00,412.0,gas_ccgt,MW,nem,NSW1
2017-10-11 07:55:00,410.0,gas_ccgt,MW,nem,NSW1
2017-10-11 08:00:00,410.0,gas_ccgt,MW,nem,NSW1
2017-10-11 08:05:00,411.0,gas_ccgt,MW,nem,NSW1
2017-10-11 08:10:00,411.0,gas_ccgt,MW,nem,NSW1
2017-10-11 08:15:00,411.0,gas_ccgt,MW,nem,NSW1
2017-10-11 08:20:00,411.0,gas_ccgt,MW,nem,NSW1
2017-10-11 08:25:00,411.0,gas_ccgt,MW,nem,NSW1
2017-10-11 08:30:00,410.0,gas_ccgt,MW,nem,NSW1
2017-10-11 08:35:00,411.0,gas_ccgt,MW,nem,NSW1
2017-10-11 08:40:00,411.0,gas_ccgt,MW,nem,NSW1
2017-10-11 08:45:00,410.0,gas_ccgt,MW,nem,NSW1
2017-10-11 08:50:00,411.0,gas_ccgt,MW,nem,NSW1
2017-10-11 08:55:00,411.0,gas_ccgt,MW,nem,NSW1
2017-10-11 09:00:00,409.0,gas_ccgt,MW,nem,NSW1
2017-10-11 09:05:00,410.0,gas_ccgt,MW,nem,NSW1
2017-10-11 09:10:00,410.0,gas_ccgt,MW,nem,NSW1
2017-10-11 09:15:00,410.0,gas_ccgt,MW,nem,NSW1
2017-10-11 09:20:00,410.0,gas_ccgt,MW,nem,NSW1
2017-10-11 09:25:00,410.0,gas_ccgt,MW,nem,NSW1
2017-10-11 09:30:00,410.0,gas_ccgt,MW,nem,NSW1
2017-10-11 09:35:00,410.0,gas_ccgt,MW,nem,NSW1
2017-10-11 09:40:00,410.0,gas_ccgt,MW,nem,NSW1
2017-10-11 09:45:00,410.0,gas_ccgt,MW,nem,NSW1
2017-10-11 09:50:00,410.0,gas_ccgt,MW,nem,NSW1
2017-10-11 09:55:00,410.0,gas_ccgt,MW,nem,NSW1
2017-10-11 10:00:00,410.0,gas_ccgt,MW,nem,NSW1
2017-10-11 10:05:00,410.0,gas_ccgt,MW,nem,NSW1
2017-10-11 10:10:00,410.0,gas_ccgt,MW,nem,NSW1
2017-10-11 10:15:00,409.0,gas_ccgt,MW,nem,NSW1
2017-10-11 10:20:00,409.0,gas_ccgt,MW,nem,NSW1
2017-10-11 10:25:00,411.0,gas_ccgt,MW,nem,NSW1
2017-10-11 10:30:00,410.0,gas_ccgt,MW,nem,NSW1
2017-10-11 10:35:00,410.0,gas_ccgt,MW,nem,NSW1
2017-10-11 10:40:00,410.0,gas_ccgt,MW,nem,NSW1
2017-10-11 10:45:00,410.0,gas_ccgt,MW,nem,NSW1
2017-10-11 10:50:00,410.0,gas_ccgt,MW,nem,NSW1
2017-10-11 10:55:00,410.0,gas_ccgt,MW,nem,NSW1
2017-10-11 11:00:00,406.0,gas_ccgt,MW,nem,NSW1
2017-10-11 11:05:00,407.0,gas_ccgt,MW,nem,NSW1
2017-10-11 11:10:00,408.0,gas_ccgt,MW,nem,NSW1
2017-10-11 11:15:00,408.0,gas_ccgt,MW,nem,NSW1
2017-10-11 11:20:00,408.0,gas_ccgt,MW,nem,NSW1
2017-10-11 11:25:00,404.0,gas_ccgt,MW,nem,NSW1
2017-10-11 11:30:00,408.0,gas_ccgt,MW,nem,NSW1
2017-10-11 11:35:00,408.0,gas_ccgt,MW,nem,NSW1
2017-10-11 11:40:00,408.0,gas_ccgt,MW,nem,NSW1
2017-10-11 11:45:00,408.0,gas_ccgt,MW,nem,NSW1
2017-10-11 11:50:00,409.0,gas_ccgt,MW,nem,NSW1
2017-10-11 11:55:00,408.0,gas_ccgt,MW,nem,NSW1
2017-10-11 12:00:00,408.0,gas_ccgt,MW,nem,NSW1
2017-10-11 12:05:00,406.0,gas_ccgt,MW,nem,NSW1
2017-10-11 12:10:00,407.0,gas_ccgt,MW,nem,NSW1
2017-10-11 12:15:00,407.0,gas_ccgt,MW,nem,NSW1
2017-10-11 12:20:00,407.0,gas_ccgt,MW,nem,NSW1
2017-10-11 12:25:00,407.0,gas_ccgt,MW,nem,NSW1
2017-10-11 12:30:00,407.0,gas_ccgt,MW,nem,NSW1
2017-10-11 12:35:00,407.0,gas_ccgt,MW,nem,NSW1
2017-10-11 12:40:00,407.0,gas_ccgt,MW,nem,NSW1
2017-10-11 12:45:00,408.0,gas_ccgt,MW,nem,NSW1
2017-10-11 12:50:00,406.0,gas_ccgt,MW,nem,NSW1
2017-10-11 12:55:00,407.0,gas_ccgt,MW,nem,NSW1
2017-10-11 13:00:00,407.0,gas_ccgt,MW,nem,NSW1
2017-10-11 13:05:00,405.0,gas_ccgt,MW,nem,NSW1
2017-10-11 13:10:00,405.0,gas_ccgt,MW,nem,NSW1
2017-10-11 13:15:00,405.0,gas_ccgt,MW,nem,NSW1
2017-10-11 13:20:00,405.0,gas_ccgt,MW,nem,NSW1
2017-10-11 13:25:00,407.0,gas_ccgt,MW,nem,NSW1
2017-10-11 13:30:00,405.0,gas_ccgt,MW,nem,NSW1
2017-10-11 13:35:00,407.0,gas_ccgt,MW,nem,NSW1
2017-10-11 13:40:00,405.0,gas_ccgt,MW,nem,NSW1
2017-10-11 13:45:00,405.0,gas_ccgt,MW,nem,NSW1
2017-10-11 13:50:00,404.0,gas_ccgt,MW,nem,NSW1
2017-10-11 13:55:00,405.0,gas_ccgt,MW,nem,NSW1
2017-10-11 14:00:00,405.0,gas_ccgt,MW,nem,NSW1
2017-10-11 14:05:00,405.0,gas_ccgt,MW,nem,NSW1
2017-10-11 14:10:00,405.0,gas_ccgt,MW,nem,NSW1
2017-10-11 14:15:00,405.0,gas_ccgt,MW,nem,NSW1
2017-10-11 14:20:00,406.0,gas_ccgt,MW,nem,NSW1
2017-10-11 14:25:00,404.0,gas_ccgt,MW,nem,NSW1
2017-10-11 14:30:00,405.0,gas_ccgt,MW,nem,NSW1
2017-10-11 14:35:00,405.0,gas_ccgt,MW,nem,NSW1
2017-10-11 14:40:00,405.0,gas_ccgt,MW,nem,NSW1
2017-10-11 14:45:00,405.0,gas_ccgt,MW,nem,NSW1
2017-10-11 14:50:00,405.0,gas_ccgt,MW,nem,NSW1
2017-10-11 14:55:00,405.0,gas_ccgt,MW,nem,NSW1
2017-10-11 15:00:00,405.0,gas_ccgt,MW,nem,NSW1
2017-10-11 15:05:00,405.0,gas_ccgt,MW,nem,NSW1
2017-10-11 15:10:00,405.0,gas_ccgt,MW,nem,NSW1
2017-10-11 15:15:00,403.0,gas_ccgt,MW,nem,NSW1
2017-10-11 15:20:00,405.0,gas_ccgt,MW,nem,NSW1
2017-10-11 15:25:00,403.0,gas_ccgt,MW,nem,NSW1
2017-10-11 15:30:00,405.0,gas_ccgt,MW,nem,NSW1
2017-10-11 15:35:00,405.0,gas_ccgt,MW,nem,NSW1
2017-10-11 15:40:00,405.0,gas_ccgt,MW,nem,NSW1
2017-10-11 15:45:00,405.0,gas_ccgt,MW,nem,NSW1
2017-10-11 15:50:00,404.0,gas_ccgt,MW,nem,NSW1
2017-10-11 15:55:00,406.0,gas_ccgt,MW,nem,NSW1
2017-10-11 16:00:00,404.0,gas_ccgt,MW,nem,NSW1
2017-10-11 16:05:00,404.0,gas_ccgt,MW,nem,NSW1
2017-10-11 16:10:00,406.0,gas_ccgt,MW,nem,NSW1
2017-10-11 16:15:00,406.0,gas_ccgt,MW,nem,NSW1
2017-10-11 16:20:00,405.0,gas_ccgt,MW,nem,NSW1
2017-10-11 16:25:00,405.0,gas_ccgt,MW,nem,NSW1
2017-10-11 16:30:00,406.0,gas_ccgt,MW,nem,NSW1
2017-10-11 16:35:00,404.0,gas_ccgt,MW,nem,NSW1
2017-10-11 16:40:00,406.0,gas_ccgt,MW,nem,NSW1
2017-10-11 16:45:00,404.0,gas_ccgt,MW,nem,NSW1
2017-10-11 16:50:00,404.0,gas_ccgt,MW,nem,NSW1
2017-10-11 16:55:00,404.0,gas_ccgt,MW,nem,NSW1
2017-10-11 17:00:00,404.0,gas_ccgt,MW,nem,NSW1
2017-10-11 17:05:00,406.0,gas_ccgt,MW,nem,NSW1
2017-10-11 17:10:00,405.0,gas_ccgt,MW,nem,NSW1
2017-10-11 17:15:00,406.0,gas_ccgt,MW,nem,NSW1
2017-10-11 17:20:00,407.0,gas_ccgt,MW,nem,NSW1
2017-10-11 17:25:00,405.0,gas_ccgt,MW,nem,NSW1
2017-10-11 17:30:00,405.0,gas_ccgt,MW,nem,NSW1
2017-10-11 17:35:00,405.0,gas_ccgt,MW,nem,NSW1
2017-10-11 17:40:00,405.0,gas_ccgt,MW,nem,NSW1
2017-10-11 17:45:00,405.0,gas_ccgt,MW,nem,NSW1
2017-10-11 17:50:00,403.0,gas_ccgt,MW,nem,NSW1
2017-10-11 17:55:00,404.0,gas_ccgt,MW,nem,NSW1
2017-10-11 18:00:00,404.0,gas_ccgt,MW,nem,NSW1
2017-10-11 18:05:00,404.0,gas_ccgt,MW,nem,NSW1
2017-10-11 18:10:00,404.0,gas_ccgt,MW,nem,NSW1
2017-10-11 18:15:00,404.0,gas_ccgt,MW,nem,NSW1
2017-10-11 18:20:00,404.0,gas_ccgt,MW,nem,NSW1
2017-10-11 18:25:00,406.0,gas_ccgt,MW,nem,NSW1
2017-10-11 18:30:00,404.0,gas_ccgt,MW,nem,NSW1
2017-10-11 18:35:00,404.0,gas_ccgt,MW,nem,NSW1
2017-10-11 18:40:00,404.0,gas_ccgt,MW,nem,NSW1
2017-10-11 18:45:00,404.0,gas_ccgt,MW,nem,NSW1
2017-10-11 18:50:00,404.0,gas_ccgt,MW,nem,NSW1
2017-10-11 18:55:00,405.0,gas_ccgt,MW,nem,NSW1
2017-10-11 19:00:00,405.0,gas_ccgt,MW,nem,NSW1
2017-10-11 19:05:00,405.0,gas_ccgt,MW,nem,NSW1
2017-10-11 19:10:00,405.0,gas_ccgt,MW,nem,NSW1
2017-10-11 19:15:00,405.0,gas_ccgt,MW,nem,NSW1
2017-10-11 19:20:00,406.0,gas_ccgt,MW,nem,NSW1
2017-10-11 19:25:00,404.0,gas_ccgt,MW,nem,NSW1
2017-10-11 19:30:00,406.0,gas_ccgt,MW,nem,NSW1
2017-10-11 19:35:00,406.0,gas_ccgt,MW,nem,NSW1
2017-10-11 19:40:00,405.0,gas_ccgt,MW,nem,NSW1
2017-10-11 19:45:00,405.0,gas_ccgt,MW,nem,NSW1
2017-10-11 19:50:00,405.0,gas_ccgt,MW,nem,NSW1
2017-10-11 19:55:00,405.0,gas_ccgt,MW,nem,NSW1
2017-10-11 20:00:00,405.0,gas_ccgt,MW,nem,NSW1
2017-10-11 20:05:00,405.0,gas_ccgt,MW,nem,NSW1
2017-10-11 20:10:00,404.0,gas_ccgt,MW,nem,NSW1
2017-10-11 20:15:00,405.0,gas_ccgt,MW,nem,NSW1
2017-10-11 20:20:00,406.0,gas_ccgt,MW,nem,NSW1
2017-10-11 20:25:00,406.0,gas_ccgt,MW,nem,NSW1
2017-10-11 20:30:00,404.0,gas_ccgt,MW,nem,NSW1
2017-10-11 20:35:00,405.0,gas_ccgt,MW,nem,NSW1
2017-10-11 20:40:00,405.0,gas_ccgt,MW,nem,NSW1
2017-10-11 20:45:00,405.0,gas_ccgt,MW,nem,NSW1
2017-10-11 20:50:00,405.0,gas_ccgt,MW,nem,NSW1
2017-10-11 20:55:00,405.0,gas_ccgt,MW,nem,NSW1
2017-10-11 21:00:00,405.0,gas_ccgt,MW,nem,NSW1
2017-10-11 21:05:00,405.0,gas_ccgt,MW,nem,NSW1
2017-10-11 21:10:00,408.0,gas_ccgt,MW,nem,NSW1
2017-10-11 21:15:00,406.0,gas_ccgt,MW,nem,NSW1
2017-10-11 21:20:00,408.0,gas_ccgt,MW,nem,NSW1
2017-10-11 21:25:00,408.0,gas_ccgt,MW,nem,NSW1
2017-10-11 21:30:00,406.0,gas_ccgt,MW,nem,NSW1
2017-10-11 21:35:00,406.0,gas_ccgt,MW,nem,NSW1
2017-10-11 21:40:00,406.0,gas_ccgt,MW,nem,NSW1
2017-10-11 21:45:00,406.0,gas_ccgt,MW,nem,NSW1
2017-10-11 21:50:00,407.0,gas_ccgt,MW,nem,NSW1
2017-10-11 21:55:00,407.0,gas_ccgt,MW,nem,NSW1
2017-10-11 22:00:00,406.0,gas_ccgt,MW,nem,NSW1
2017-10-11 22:05:00,403.0,gas_ccgt,MW,nem,NSW1
2017-10-11 22:10:00,403.0,gas_ccgt,MW,nem,NSW1
2017-10-11 22:15:00,403.0,gas_ccgt,MW,nem,NSW1
2017-10-11 22:20:00,405.0,gas_ccgt,MW,nem,NSW1
2017-10-11 22:25:00,405.0,gas_ccgt,MW,nem,NSW1
2017-10-11 22:30:00,405.0,gas_ccgt,MW,nem,NSW1
2017-10-11 22:35:00,404.0,gas_ccgt,MW,nem,NSW1
2017-10-11 22:40:00,404.0,gas_ccgt,MW,nem,NSW1
2017-10-11 22:45:00,404.0,gas_ccgt,MW,nem,NSW1
2017-10-11 22:50:00,404.0,gas_ccgt,MW,nem,NSW1
2017-10-11 22:55:00,405.0,gas_ccgt,MW,nem,NSW1
2017-10-11 23:00:00,403.0,gas_ccgt,MW,nem,NSW1
2017-10-11 23:05:00,405.0,gas_ccgt,MW,nem,NSW1
2017-10-11 23:10:00,404.0,gas_ccgt,MW,nem,NSW1
2017-10-11 23:15:00,404.0,gas_ccgt,MW,nem,NSW1
2017-10-11 23:20:00,405.0,gas_ccgt,MW,nem,NSW1
2017-10-11 23:25:00,405.0,gas_ccgt,MW,nem,NSW1
2017-10-11 23:30:00,403.0,gas_ccgt,MW,nem,NSW1
2017-10-11 23:35:00,404.0,gas_ccgt,MW,nem,NSW1
2017-10-11 23:40:00,404.0,gas_ccgt,MW,nem,NSW1
2017-10-11 23:45:00,405.0,gas_ccgt,MW,nem,NSW1
2017-10-11 23:50:00,402.0,gas_ccgt,MW,nem,NSW1
2017-10-11 23:55:00,405.0,gas_ccgt,MW,nem,NSW1
2017-10-12 00:00:00,403.0,gas_ccgt,MW,nem,NSW1
2017-10-12 00:05:00,404.0,gas_ccgt,MW,nem,NSW1
2017-10-12 00:10:00,403.0,gas_ccgt,MW,nem,NSW1
2017-10-12 00:15:00,404.0,gas_ccgt,MW,nem,NSW1
2017-10-12 00:20:00,404.0,gas_ccgt,MW,nem,NSW1
2017-10-12 00:25:00,404.0,gas_ccgt,MW,nem,NSW1
2017-10-12 00:30:00,403.0,gas_ccgt,MW,nem,NSW1
2017-10-12 00:35:00,405.0,gas_ccgt,MW,nem,NSW1
2017-10-12 00:40:00,404.0,gas_ccgt,MW,nem,NSW1
2017-10-12 00:45:00,404.0,gas_ccgt,MW,nem,NSW1
2017-10-12 00:50:00,404.0,gas_ccgt,MW,nem,NSW1
2017-10-12 00:55:00,404.0,gas_ccgt,MW,nem,NSW1
2017-10-12 01:00:00,404.0,gas_ccgt,MW,nem,NSW1
2017-10-12 01:05:00,404.0,gas_ccgt,MW,nem,NSW1
2017-10-12 01:10:00,404.0,gas_ccgt,MW,nem,NSW1
2017-10-12 01:15:00,404.0,gas_ccgt,MW,nem,NSW1
2017-10-12 01:20:00,404.0,gas_ccgt,MW,nem,NSW1
2017-10-12 01:25:00,384.0,gas_ccgt,MW,nem,NSW1
2017-10-12 01:30:00,399.0,gas_ccgt,MW,nem,NSW1
2017-10-12 01:35:00,403.0,gas_ccgt,MW,nem,NSW1
2017-10-12 01:40:00,403.0,gas_ccgt,MW,nem,NSW1
2017-10-12 01:45:00,405.0,gas_ccgt,MW,nem,NSW1
2017-10-12 01:50:00,404.0,gas_ccgt,MW,nem,NSW1
2017-10-12 01:55:00,404.0,gas_ccgt,MW,nem,NSW1
2017-10-12 02:00:00,404.0,gas_ccgt,MW,nem,NSW1
2017-10-12 02:05:00,404.0,gas_ccgt,MW,nem,NSW1
2017-10-12 02:10:00,403.0,gas_ccgt,MW,nem,NSW1
2017-10-12 02:15:00,403.0,gas_ccgt,MW,nem,NSW1
2017-10-12 02:20:00,405.0,gas_ccgt,MW,nem,NSW1
2017-10-12 02:25:00,404.0,gas_ccgt,MW,nem,NSW1
2017-10-12 02:30:00,404.0,gas_ccgt,MW,nem,NSW1
2017-10-12 02:35:00,390.0,gas_ccgt,MW,nem,NSW1
2017-10-12 02:40:00,400.0,gas_ccgt,MW,nem,NSW1
2017-10-12 02:45:00,404.0,gas_ccgt,MW,nem,NSW1
2017-10-12 02:50:00,404.0,gas_ccgt,MW,nem,NSW1
2017-10-12 02:55:00,405.0,gas_ccgt,MW,nem,NSW1
2017-10-12 03:00:00,405.0,gas_ccgt,MW,nem,NSW1
2017-10-12 03:05:00,405.0,gas_ccgt,MW,nem,NSW1
2017-10-12 03:10:00,405.0,gas_ccgt,MW,nem,NSW1
2017-10-12 03:15:00,405.0,gas_ccgt,MW,nem,NSW1
2017-10-12 03:20:00,404.0,gas_ccgt,MW,nem,NSW1
2017-10-12 03:25:00,404.0,gas_ccgt,MW,nem,NSW1
2017-10-12 03:30:00,404.0,gas_ccgt,MW,nem,NSW1
2017-10-12 03:35:00,404.0,gas_ccgt,MW,nem,NSW1
2017-10-12 03:40:00,405.0,gas_ccgt,MW,nem,NSW1
2017-10-12 03:45:00,405.0,gas_ccgt,MW,nem,NSW1
2017-10-12 03:50:00,406.0,gas_ccgt,MW,nem,NSW1
2017-10-12 03:55:00,406.0,gas_ccgt,MW,nem,NSW1
2017-10-12 04:00:00,404.0,gas_ccgt,MW,nem,NSW1
2017-10-12 04:05:00,404.0,gas_ccgt,MW,nem,NSW1
2017-10-12 04:10:00,379.0,gas_ccgt,MW,nem,NSW1
2017-10-12 04:15:00,351.0,gas_ccgt,MW,nem,NSW1
2017-10-12 04:20:00,340.0,gas_ccgt,MW,nem,NSW1
2017-10-12 04:25:00,349.0,gas_ccgt,MW,nem,NSW1
2017-10-12 04:30:00,349.0,gas_ccgt,MW,nem,NSW1
2017-10-12 04:35:00,349.0,gas_ccgt,MW,nem,NSW1
2017-10-12 04:40:00,349.0,gas_ccgt,MW,nem,NSW1
2017-10-12 04:45:00,349.0,gas_ccgt,MW,nem,NSW1
2017-10-12 04:50:00,349.0,gas_ccgt,MW,nem,NSW1
2017-10-12 04:55:00,349.0,gas_ccgt,MW,nem,NSW1
2017-10-12 05:00:00,349.0,gas_ccgt,MW,nem,NSW1
2017-10-12 05:05:00,349.0,gas_ccgt,MW,nem,NSW1
2017-10-12 05:10:00,349.0,gas_ccgt,MW,nem,NSW1
2017-10-12 05:15:00,323.0,gas_ccgt,MW,nem,NSW1
2017-10-12 05:20:00,343.0,gas_ccgt,MW,nem,NSW1
2017-10-12 05:25:00,350.0,gas_ccgt,MW,nem,NSW1
2017-10-12 05:30:00,348.0,gas_ccgt,MW,nem,NSW1
2017-10-12 05:35:00,348.0,gas_ccgt,MW,nem,NSW1
2017-10-12 05:40:00,325.0,gas_ccgt,MW,nem,NSW1
2017-10-12 05:45:00,336.0,gas_ccgt,MW,nem,NSW1
2017-10-12 05:50:00,311.0,gas_ccgt,MW,nem,NSW1
2017-10-12 05:55:00,332.0,gas_ccgt,MW,nem,NSW1
2017-10-12 06:00:00,360.0,gas_ccgt,MW,nem,NSW1
2017-10-12 06:05:00,387.0,gas_ccgt,MW,nem,NSW1
2017-10-12 06:10:00,371.0,gas_ccgt,MW,nem,NSW1
2017-10-12 06:15:00,396.0,gas_ccgt,MW,nem,NSW1
2017-10-12 06:20:00,401.0,gas_ccgt,MW,nem,NSW1
2017-10-12 06:25:00,405.0,gas_ccgt,MW,nem,NSW1
2017-10-12 06:30:00,403.0,gas_ccgt,MW,nem,NSW1
2017-10-12 06:35:00,403.0,gas_ccgt,MW,nem,NSW1
2017-10-12 06:40:00,403.0,gas_ccgt,MW,nem,NSW1
2017-10-12 06:45:00,403.0,gas_ccgt,MW,nem,NSW1
2017-10-12 06:50:00,403.0,gas_ccgt,MW,nem,NSW1
2017-10-12 06:55:00,402.0,gas_ccgt,MW,nem,NSW1
2017-10-12 07:00:00,404.0,gas_ccgt,MW,nem,NSW1
2017-10-12 07:05:00,404.0,gas_ccgt,MW,nem,NSW1
2017-10-12 07:10:00,402.0,gas_ccgt,MW,nem,NSW1
2017-10-12 07:15:00,402.0,gas_ccgt,MW,nem,NSW1
2017-10-12 07:20:00,404.0,gas_ccgt,MW,nem,NSW1
2017-10-12 07:25:00,402.0,gas_ccgt,MW,nem,NSW1
2017-10-12 07:30:00,404.0,gas_ccgt,MW,nem,NSW1
2017-10-12 07:35:00,404.0,gas_ccgt,MW,nem,NSW1
2017-10-12 07:40:00,404.0,gas_ccgt,MW,nem,NSW1
2017-10-12 07:45:00,401.0,gas_ccgt,MW,nem,NSW1
2017-10-12 07:50:00,407.0,gas_ccgt,MW,nem,NSW1
2017-10-12 07:55:00,405.0,gas_ccgt,MW,nem,NSW1
2017-10-12 08:00:00,403.0,gas_ccgt,MW,nem,NSW1
2017-10-12 08:05:00,406.0,gas_ccgt,MW,nem,NSW1
2017-10-12 08:10:00,408.0,gas_ccgt,MW,nem,NSW1
2017-10-12 08:15:00,408.0,gas_ccgt,MW,nem,NSW1
2017-10-12 08:20:00,408.0,gas_ccgt,MW,nem,NSW1
2017-10-12 08:25:00,408.0,gas_ccgt,MW,nem,NSW1
2017-10-12 08:30:00,408.0,gas_ccgt,MW,nem,NSW1
2017-10-12 08:35:00,409.0,gas_ccgt,MW,nem,NSW1
2017-10-12 08:40:00,409.0,gas_ccgt,MW,nem,NSW1
2017-10-12 08:45:00,409.0,gas_ccgt,MW,nem,NSW1
2017-10-12 08:50:00,409.0,gas_ccgt,MW,nem,NSW1
2017-10-12 08:55:00,410.0,gas_ccgt,MW,nem,NSW1
2017-10-12 09:00:00,409.0,gas_ccgt,MW,nem,NSW1
2017-10-12 09:05:00,409.0,gas_ccgt,MW,nem,NSW1
2017-10-12 09:10:00,408.0,gas_ccgt,MW,nem,NSW1
2017-10-12 09:15:00,408.0,gas_ccgt,MW,nem,NSW1
2017-10-12 09:20:00,408.0,gas_ccgt,MW,nem,NSW1
2017-10-12 09:25:00,408.0,gas_ccgt,MW,nem,NSW1
2017-10-12 09:30:00,410.0,gas_ccgt,MW,nem,NSW1
2017-10-12 09:35:00,410.0,gas_ccgt,MW,nem,NSW1
2017-10-12 09:40:00,408.0,gas_ccgt,MW,nem,NSW1
2017-10-12 09:45:00,408.0,gas_ccgt,MW,nem,NSW1
2017-10-12 09:50:00,410.0,gas_ccgt,MW,nem,NSW1
2017-10-12 09:55:00,409.0,gas_ccgt,MW,nem,NSW1
2017-10-12 10:00:00,407.0,gas_ccgt,MW,nem,NSW1
2017-10-12 10:05:00,403.0,gas_ccgt,MW,nem,NSW1
2017-10-12 10:10:00,384.0,gas_ccgt,MW,nem,NSW1
2017-10-12 10:15:00,354.0,gas_ccgt,MW,nem,NSW1
2017-10-12 10:20:00,329.0,gas_ccgt,MW,nem,NSW1
2017-10-12 10:25:00,301.0,gas_ccgt,MW,nem,NSW1
2017-10-12 10:30:00,273.0,gas_ccgt,MW,nem,NSW1
2017-10-12 10:35:00,247.0,gas_ccgt,MW,nem,NSW1
2017-10-12 10:40:00,219.0,gas_ccgt,MW,nem,NSW1
2017-10-12 10:45:00,190.0,gas_ccgt,MW,nem,NSW1
2017-10-12 10:50:00,190.0,gas_ccgt,MW,nem,NSW1
2017-10-12 10:55:00,190.0,gas_ccgt,MW,nem,NSW1
2017-10-12 11:00:00,190.0,gas_ccgt,MW,nem,NSW1
2017-10-12 11:05:00,190.0,gas_ccgt,MW,nem,NSW1
2017-10-12 11:10:00,190.0,gas_ccgt,MW,nem,NSW1
2017-10-12 11:15:00,190.0,gas_ccgt,MW,nem,NSW1
2017-10-12 11:20:00,191.0,gas_ccgt,MW,nem,NSW1
2017-10-12 11:25:00,191.0,gas_ccgt,MW,nem,NSW1
2017-10-12 11:30:00,191.0,gas_ccgt,MW,nem,NSW1
2017-10-12 11:35:00,191.0,gas_ccgt,MW,nem,NSW1
2017-10-12 11:40:00,191.0,gas_ccgt,MW,nem,NSW1
2017-10-12 11:45:00,191.0,gas_ccgt,MW,nem,NSW1
2017-10-12 11:50:00,190.0,gas_ccgt,MW,nem,NSW1
2017-10-12 11:55:00,190.0,gas_ccgt,MW,nem,NSW1
2017-10-12 12:00:00,190.0,gas_ccgt,MW,nem,NSW1
2017-10-12 12:05:00,190.0,gas_ccgt,MW,nem,NSW1
2017-10-12 12:10:00,190.0,gas_ccgt,MW,nem,NSW1
2017-10-12 12:15:00,190.0,gas_ccgt,MW,nem,NSW1
2017-10-12 12:20:00,190.0,gas_ccgt,MW,nem,NSW1
2017-10-12 12:25:00,190.0,gas_ccgt,MW,nem,NSW1
2017-10-12 12:30:00,190.0,gas_ccgt,MW,nem,NSW1
2017-10-12 12:35:00,190.0,gas_ccgt,MW,nem,NSW1
2017-10-12 12:40:00,190.0,gas_ccgt,MW,nem,NSW1
2017-10-12 12:45:00,190.0,gas_ccgt,MW,nem,NSW1
2017-10-12 12:50:00,192.0,gas_ccgt,MW,nem,NSW1
2017-10-12 12:55:00,192.0,gas_ccgt,MW,nem,NSW1
2017-10-12 13:00:00,190.0,gas_ccgt,MW,nem,NSW1
2017-10-12 13:05:00,190.0,gas_ccgt,MW,nem,NSW1
2017-10-12 13:10:00,215.0,gas_ccgt,MW,nem,NSW1
2017-10-12 13:15:00,244.0,gas_ccgt,MW,nem,NSW1
2017-10-12 13:20:00,270.0,gas_ccgt,MW,nem,NSW1
2017-10-12 13:25:00,298.0,gas_ccgt,MW,nem,NSW1
2017-10-12 13:30:00,298.0,gas_ccgt,MW,nem,NSW1
2017-10-12 13:35:00,300.0,gas_ccgt,MW,nem,NSW1
2017-10-12 13:40:00,299.0,gas_ccgt,MW,nem,NSW1
2017-10-12 13:45:00,298.0,gas_ccgt,MW,nem,NSW1
2017-10-12 13:50:00,297.0,gas_ccgt,MW,nem,NSW1
2017-10-12 13:55:00,274.0,gas_ccgt,MW,nem,NSW1
2017-10-12 14:00:00,298.0,gas_ccgt,MW,nem,NSW1
2017-10-12 14:05:00,299.0,gas_ccgt,MW,nem,NSW1
2017-10-12 14:10:00,323.0,gas_ccgt,MW,nem,NSW1
2017-10-12 14:15:00,353.0,gas_ccgt,MW,nem,NSW1
2017-10-12 14:20:00,378.0,gas_ccgt,MW,nem,NSW1
2017-10-12 14:25:00,399.0,gas_ccgt,MW,nem,NSW1
2017-10-12 14:30:00,403.0,gas_ccgt,MW,nem,NSW1
2017-10-12 14:35:00,403.0,gas_ccgt,MW,nem,NSW1
2017-10-12 14:40:00,403.0,gas_ccgt,MW,nem,NSW1
2017-10-12 14:45:00,403.0,gas_ccgt,MW,nem,NSW1
2017-10-12 14:50:00,403.0,gas_ccgt,MW,nem,NSW1
2017-10-12 14:55:00,407.0,gas_ccgt,MW,nem,NSW1
2017-10-12 15:00:00,407.0,gas_ccgt,MW,nem,NSW1
2017-10-12 15:05:00,407.0,gas_ccgt,MW,nem,NSW1
2017-10-12 15:10:00,407.0,gas_ccgt,MW,nem,NSW1
2017-10-12 15:15:00,407.0,gas_ccgt,MW,nem,NSW1
2017-10-12 15:20:00,407.0,gas_ccgt,MW,nem,NSW1
2017-10-12 15:25:00,409.0,gas_ccgt,MW,nem,NSW1
2017-10-12 15:30:00,408.0,gas_ccgt,MW,nem,NSW1
2017-10-12 15:35:00,407.0,gas_ccgt,MW,nem,NSW1
2017-10-12 15:40:00,407.0,gas_ccgt,MW,nem,NSW1
2017-10-12 15:45:00,409.0,gas_ccgt,MW,nem,NSW1
2017-10-12 15:50:00,409.0,gas_ccgt,MW,nem,NSW1
2017-10-12 15:55:00,409.0,gas_ccgt,MW,nem,NSW1
2017-10-12 16:00:00,408.0,gas_ccgt,MW,nem,NSW1
2017-10-12 16:05:00,408.0,gas_ccgt,MW,nem,NSW1
2017-10-12 16:10:00,408.0,gas_ccgt,MW,nem,NSW1
2017-10-12 16:15:00,409.0,gas_ccgt,MW,nem,NSW1
2017-10-12 16:20:00,409.0,gas_ccgt,MW,nem,NSW1
2017-10-12 16:25:00,409.0,gas_ccgt,MW,nem,NSW1
2017-10-12 16:30:00,409.0,gas_ccgt,MW,nem,NSW1
2017-10-12 16:35:00,409.0,gas_ccgt,MW,nem,NSW1
2017-10-12 16:40:00,409.0,gas_ccgt,MW,nem,NSW1
2017-10-12 16:45:00,409.0,gas_ccgt,MW,nem,NSW1
2017-10-12 16:50:00,409.0,gas_ccgt,MW,nem,NSW1
2017-10-12 16:55:00,410.0,gas_ccgt,MW,nem,NSW1
2017-10-12 17:00:00,408.0,gas_ccgt,MW,nem,NSW1
2017-10-12 17:05:00,408.0,gas_ccgt,MW,nem,NSW1
2017-10-12 17:10:00,410.0,gas_ccgt,MW,nem,NSW1
2017-10-12 17:15:00,411.0,gas_ccgt,MW,nem,NSW1
2017-10-12 17:20:00,411.0,gas_ccgt,MW,nem,NSW1
2017-10-12 17:25:00,411.0,gas_ccgt,MW,nem,NSW1
2017-10-12 17:30:00,411.0,gas_ccgt,MW,nem,NSW1
2017-10-12 17:35:00,411.0,gas_ccgt,MW,nem,NSW1
2017-10-12 17:40:00,411.0,gas_ccgt,MW,nem,NSW1
2017-10-12 17:45:00,411.0,gas_ccgt,MW,nem,NSW1
2017-10-12 17:50:00,412.0,gas_ccgt,MW,nem,NSW1
2017-10-12 17:55:00,410.0,gas_ccgt,MW,nem,NSW1
2017-10-12 18:00:00,411.0,gas_ccgt,MW,nem,NSW1
2017-10-12 18:05:00,412.0,gas_ccgt,MW,nem,NSW1
2017-10-12 18:10:00,412.0,gas_ccgt,MW,nem,NSW1
2017-10-12 18:15:00,412.0,gas_ccgt,MW,nem,NSW1
2017-10-12 18:20:00,411.0,gas_ccgt,MW,nem,NSW1
2017-10-12 18:25:00,410.0,gas_ccgt,MW,nem,NSW1
2017-10-12 18:30:00,411.0,gas_ccgt,MW,nem,NSW1
2017-10-12 18:35:00,410.0,gas_ccgt,MW,nem,NSW1
2017-10-12 18:40:00,411.0,gas_ccgt,MW,nem,NSW1
2017-10-12 18:45:00,411.0,gas_ccgt,MW,nem,NSW1
2017-10-12 18:50:00,411.0,gas_ccgt,MW,nem,NSW1
2017-10-12 18:55:00,411.0,gas_ccgt,MW,nem,NSW1
2017-10-12 19:00:00,411.0,gas_ccgt,MW,nem,NSW1
2017-10-12 19:05:00,412.0,gas_ccgt,MW,nem,NSW1
2017-10-12 19:10:00,411.0,gas_ccgt,MW,nem,NSW1
2017-10-12 19:15:00,411.0,gas_ccgt,MW,nem,NSW1
2017-10-12 19:20:00,412.0,gas_ccgt,MW,nem,NSW1
2017-10-12 19:25:00,410.0,gas_ccgt,MW,nem,NSW1
2017-10-12 19:30:00,410.0,gas_ccgt,MW,nem,NSW1
2017-10-12 19:35:00,412.0,gas_ccgt,MW,nem,NSW1
2017-10-12 19:40:00,412.0,gas_ccgt,MW,nem,NSW1
2017-10-12 19:45:00,411.0,gas_ccgt,MW,nem,NSW1
2017-10-12 19:50:00,411.0,gas_ccgt,MW,nem,NSW1
2017-10-12 19:55:00,412.0,gas_ccgt,MW,nem,NSW1
2017-10-12 20:00:00,412.0,gas_ccgt,MW,nem,NSW1
2017-10-12 20:05:00,411.0,gas_ccgt,MW,nem,NSW1
2017-10-12 20:10:00,411.0,gas_ccgt,MW,nem,NSW1
2017-10-12 20:15:00,411.0,gas_ccgt,MW,nem,NSW1
2017-10-12 20:20:00,412.0,gas_ccgt,MW,nem,NSW1
2017-10-12 20:25:00,412.0,gas_ccgt,MW,nem,NSW1
2017-10-12 20:30:00,412.0,gas_ccgt,MW,nem,NSW1
2017-10-12 20:35:00,410.0,gas_ccgt,MW,nem,NSW1
2017-10-12 20:40:00,411.0,gas_ccgt,MW,nem,NSW1
2017-10-12 20:45:00,411.0,gas_ccgt,MW,nem,NSW1
2017-10-12 20:50:00,411.0,gas_ccgt,MW,nem,NSW1
2017-10-12 20:55:00,411.0,gas_ccgt,MW,nem,NSW1
2017-10-12 21:00:00,410.0,gas_ccgt,MW,nem,NSW1
2017-10-12 21:05:00,411.0,gas_ccgt,MW,nem,NSW1
2017-10-12 21:10:00,409.0,gas_ccgt,MW,nem,NSW1
2017-10-12 21:15:00,412.0,gas_ccgt,MW,nem,NSW1
2017-10-12 21:20:00,414.0,gas_ccgt,MW,nem,NSW1
2017-10-12 21:25:00,413.0,gas_ccgt,MW,nem,NSW1
2017-10-12 21:30:00,415.0,gas_ccgt,MW,nem,NSW1
2017-10-12 21:35:00,414.0,gas_ccgt,MW,nem,NSW1
2017-10-12 21:40:00,414.0,gas_ccgt,MW,nem,NSW1
2017-10-12 21:45:00,413.0,gas_ccgt,MW,nem,NSW1
2017-10-12 21:50:00,415.0,gas_ccgt,MW,nem,NSW1
2017-10-12 21:55:00,413.0,gas_ccgt,MW,nem,NSW1
2017-10-12 22:00:00,414.0,gas_ccgt,MW,nem,NSW1
2017-10-12 22:05:00,392.0,gas_ccgt,MW,nem,NSW1
2017-10-12 22:10:00,410.0,gas_ccgt,MW,nem,NSW1
2017-10-12 22:15:00,414.0,gas_ccgt,MW,nem,NSW1
2017-10-12 22:20:00,412.0,gas_ccgt,MW,nem,NSW1
2017-10-12 22:25:00,415.0,gas_ccgt,MW,nem,NSW1
2017-10-12 22:30:00,414.0,gas_ccgt,MW,nem,NSW1
2017-10-12 22:35:00,414.0,gas_ccgt,MW,nem,NSW1
2017-10-12 22:40:00,414.0,gas_ccgt,MW,nem,NSW1
2017-10-12 22:45:00,415.0,gas_ccgt,MW,nem,NSW1
2017-10-12 22:50:00,413.0,gas_ccgt,MW,nem,NSW1
2017-10-12 22:55:00,414.0,gas_ccgt,MW,nem,NSW1
2017-10-12 23:00:00,411.0,gas_ccgt,MW,nem,NSW1
2017-10-12 23:05:00,415.0,gas_ccgt,MW,nem,NSW1
2017-10-12 23:10:00,415.0,gas_ccgt,MW,nem,NSW1
2017-10-12 23:15:00,414.0,gas_ccgt,MW,nem,NSW1
2017-10-12 23:20:00,414.0,gas_ccgt,MW,nem,NSW1
2017-10-12 23:25:00,414.0,gas_ccgt,MW,nem,NSW1
2017-10-12 23:30:00,414.0,gas_ccgt,MW,nem,NSW1
2017-10-12 23:35:00,415.0,gas_ccgt,MW,nem,NSW1
2017-10-12 23:40:00,413.0,gas_ccgt,MW,nem,NSW1
2017-10-12 23:45:00,415.0,gas_ccgt,MW,nem,NSW1
2017-10-12 23:50:00,414.0,gas_ccgt,MW,nem,NSW1
2017-10-12 23:55:00,416.0,gas_ccgt,MW,nem,NSW1
2017-10-13 00:00:00,414.0,gas_ccgt,MW,nem,NSW1
2017-10-13 00:05:00,414.0,gas_ccgt,MW,nem,NSW1
2017-10-13 00:10:00,414.0,gas_ccgt,MW,nem,NSW1
2017-10-13 00:15:00,413.0,gas_ccgt,MW,nem,NSW1
2017-10-13 00:20:00,415.0,gas_ccgt,MW,nem,NSW1
2017-10-13 00:25:00,413.0,gas_ccgt,MW,nem,NSW1
2017-10-13 00:30:00,413.0,gas_ccgt,MW,nem,NSW1
2017-10-13 00:35:00,414.0,gas_ccgt,MW,nem,NSW1
2017-10-13 00:40:00,414.0,gas_ccgt,MW,nem,NSW1
2017-10-13 00:45:00,414.0,gas_ccgt,MW,nem,NSW1
2017-10-13 00:50:00,414.0,gas_ccgt,MW,nem,NSW1
2017-10-13 00:55:00,414.0,gas_ccgt,MW,nem,NSW1
2017-10-13 01:00:00,408.0,gas_ccgt,MW,nem,NSW1
2017-10-13 01:05:00,382.0,gas_ccgt,MW,nem,NSW1
2017-10-13 01:10:00,374.0,gas_ccgt,MW,nem,NSW1
2017-10-13 01:15:00,357.0,gas_ccgt,MW,nem,NSW1
2017-10-13 01:20:00,333.0,gas_ccgt,MW,nem,NSW1
2017-10-13 01:25:00,314.0,gas_ccgt,MW,nem,NSW1
2017-10-13 01:30:00,288.0,gas_ccgt,MW,nem,NSW1
2017-10-13 01:35:00,259.0,gas_ccgt,MW,nem,NSW1
2017-10-13 01:40:00,233.0,gas_ccgt,MW,nem,NSW1
2017-10-13 01:45:00,205.0,gas_ccgt,MW,nem,NSW1
2017-10-13 01:50:00,189.0,gas_ccgt,MW,nem,NSW1
2017-10-13 01:55:00,191.0,gas_ccgt,MW,nem,NSW1
2017-10-13 02:00:00,189.0,gas_ccgt,MW,nem,NSW1
2017-10-13 02:05:00,191.0,gas_ccgt,MW,nem,NSW1
2017-10-13 02:10:00,189.0,gas_ccgt,MW,nem,NSW1
2017-10-13 02:15:00,191.0,gas_ccgt,MW,nem,NSW1
2017-10-13 02:20:00,189.0,gas_ccgt,MW,nem,NSW1
2017-10-13 02:25:00,190.0,gas_ccgt,MW,nem,NSW1
2017-10-13 02:30:00,190.0,gas_ccgt,MW,nem,NSW1
2017-10-13 02:35:00,190.0,gas_ccgt,MW,nem,NSW1
2017-10-13 02:40:00,190.0,gas_ccgt,MW,nem,NSW1
2017-10-13 02:45:00,190.0,gas_ccgt,MW,nem,NSW1
2017-10-13 02:50:00,190.0,gas_ccgt,MW,nem,NSW1
2017-10-13 02:55:00,190.0,gas_ccgt,MW,nem,NSW1
2017-10-13 03:00:00,190.0,gas_ccgt,MW,nem,NSW1
2017-10-13 03:05:00,190.0,gas_ccgt,MW,nem,NSW1
2017-10-13 03:10:00,190.0,gas_ccgt,MW,nem,NSW1
2017-10-13 03:15:00,190.0,gas_ccgt,MW,nem,NSW1
2017-10-13 03:20:00,190.0,gas_ccgt,MW,nem,NSW1
2017-10-13 03:25:00,192.0,gas_ccgt,MW,nem,NSW1
2017-10-13 03:30:00,190.0,gas_ccgt,MW,nem,NSW1
2017-10-13 03:35:00,190.0,gas_ccgt,MW,nem,NSW1
2017-10-13 03:40:00,190.0,gas_ccgt,MW,nem,NSW1
2017-10-13 03:45:00,190.0,gas_ccgt,MW,nem,NSW1
2017-10-13 03:50:00,190.0,gas_ccgt,MW,nem,NSW1
2017-10-13 03:55:00,190.0,gas_ccgt,MW,nem,NSW1
2017-10-13 04:00:00,191.0,gas_ccgt,MW,nem,NSW1
2017-10-13 04:05:00,190.0,gas_ccgt,MW,nem,NSW1
2017-10-13 04:10:00,215.0,gas_ccgt,MW,nem,NSW1
2017-10-13 04:15:00,243.0,gas_ccgt,MW,nem,NSW1
2017-10-13 04:20:00,271.0,gas_ccgt,MW,nem,NSW1
2017-10-13 04:25:00,298.0,gas_ccgt,MW,nem,NSW1
2017-10-13 04:30:00,326.0,gas_ccgt,MW,nem,NSW1
2017-10-13 04:35:00,354.0,gas_ccgt,MW,nem,NSW1
2017-10-13 04:40:00,381.0,gas_ccgt,MW,nem,NSW1
2017-10-13 04:45:00,406.0,gas_ccgt,MW,nem,NSW1
2017-10-13 04:50:00,414.0,gas_ccgt,MW,nem,NSW1
2017-10-13 04:55:00,414.0,gas_ccgt,MW,nem,NSW1
2017-10-13 05:00:00,414.0,gas_ccgt,MW,nem,NSW1
2017-10-13 05:05:00,414.0,gas_ccgt,MW,nem,NSW1
2017-10-13 05:10:00,413.0,gas_ccgt,MW,nem,NSW1
2017-10-13 05:15:00,414.0,gas_ccgt,MW,nem,NSW1
2017-10-13 05:20:00,414.0,gas_ccgt,MW,nem,NSW1
2017-10-13 05:25:00,414.0,gas_ccgt,MW,nem,NSW1
2017-10-13 05:30:00,414.0,gas_ccgt,MW,nem,NSW1
2017-10-13 05:35:00,414.0,gas_ccgt,MW,nem,NSW1
2017-10-13 05:40:00,413.0,gas_ccgt,MW,nem,NSW1
2017-10-13 05:45:00,414.0,gas_ccgt,MW,nem,NSW1
2017-10-13 05:50:00,415.0,gas_ccgt,MW,nem,NSW1
2017-10-13 05:55:00,414.0,gas_ccgt,MW,nem,NSW1
2017-10-13 06:00:00,413.0,gas_ccgt,MW,nem,NSW1
2017-10-13 06:05:00,415.0,gas_ccgt,MW,nem,NSW1
2017-10-13 06:10:00,413.0,gas_ccgt,MW,nem,NSW1
2017-10-13 06:15:00,414.0,gas_ccgt,MW,nem,NSW1
2017-10-13 06:20:00,416.0,gas_ccgt,MW,nem,NSW1
2017-10-13 06:25:00,414.0,gas_ccgt,MW,nem,NSW1
2017-10-13 06:30:00,415.0,gas_ccgt,MW,nem,NSW1
2017-10-13 06:35:00,414.0,gas_ccgt,MW,nem,NSW1
2017-10-13 06:40:00,414.0,gas_ccgt,MW,nem,NSW1
2017-10-13 06:45:00,413.0,gas_ccgt,MW,nem,NSW1
2017-10-13 06:50:00,412.0,gas_ccgt,MW,nem,NSW1
2017-10-13 06:55:00,413.0,gas_ccgt,MW,nem,NSW1
2017-10-13 07:00:00,413.0,gas_ccgt,MW,nem,NSW1
2017-10-13 07:05:00,413.0,gas_ccgt,MW,nem,NSW1
2017-10-13 07:10:00,415.0,gas_ccgt,MW,nem,NSW1
2017-10-13 07:15:00,413.0,gas_ccgt,MW,nem,NSW1
2017-10-13 07:20:00,414.0,gas_ccgt,MW,nem,NSW1
2017-10-13 07:25:00,414.0,gas_ccgt,MW,nem,NSW1
2017-10-13 07:30:00,416.0,gas_ccgt,MW,nem,NSW1
2017-10-13 07:35:00,419.0,gas_ccgt,MW,nem,NSW1
2017-10-13 07:40:00,419.0,gas_ccgt,MW,nem,NSW1
2017-10-13 07:45:00,419.0,gas_ccgt,MW,nem,NSW1
2017-10-13 07:50:00,418.0,gas_ccgt,MW,nem,NSW1
2017-10-13 07:55:00,418.0,gas_ccgt,MW,nem,NSW1
2017-10-13 08:00:00,419.0,gas_ccgt,MW,nem,NSW1
2017-10-13 08:05:00,419.0,gas_ccgt,MW,nem,NSW1
2017-10-13 08:10:00,418.0,gas_ccgt,MW,nem,NSW1
2017-10-13 08:15:00,418.0,gas_ccgt,MW,nem,NSW1
2017-10-13 08:20:00,418.0,gas_ccgt,MW,nem,NSW1
2017-10-13 08:25:00,416.0,gas_ccgt,MW,nem,NSW1
2017-10-13 08:30:00,416.0,gas_ccgt,MW,nem,NSW1
2017-10-13 08:35:00,416.0,gas_ccgt,MW,nem,NSW1
2017-10-13 08:40:00,416.0,gas_ccgt,MW,nem,NSW1
2017-10-13 08:45:00,416.0,gas_ccgt,MW,nem,NSW1
2017-10-13 08:50:00,418.0,gas_ccgt,MW,nem,NSW1
2017-10-13 08:55:00,416.0,gas_ccgt,MW,nem,NSW1
2017-10-13 09:00:00,416.0,gas_ccgt,MW,nem,NSW1
2017-10-13 09:05:00,416.0,gas_ccgt,MW,nem,NSW1
2017-10-13 09:10:00,416.0,gas_ccgt,MW,nem,NSW1
2017-10-13 09:15:00,417.0,gas_ccgt,MW,nem,NSW1
2017-10-13 09:20:00,417.0,gas_ccgt,MW,nem,NSW1
2017-10-13 09:25:00,416.0,gas_ccgt,MW,nem,NSW1
2017-10-13 09:30:00,416.0,gas_ccgt,MW,nem,NSW1
2017-10-13 09:35:00,416.0,gas_ccgt,MW,nem,NSW1
2017-10-13 09:40:00,416.0,gas_ccgt,MW,nem,NSW1
2017-10-13 09:45:00,416.0,gas_ccgt,MW,nem,NSW1
2017-10-13 09:50:00,416.0,gas_ccgt,MW,nem,NSW1
2017-10-13 09:55:00,415.0,gas_ccgt,MW,nem,NSW1
2017-10-13 10:00:00,415.0,gas_ccgt,MW,nem,NSW1
2017-10-13 10:05:00,415.0,gas_ccgt,MW,nem,NSW1
2017-10-13 10:10:00,415.0,gas_ccgt,MW,nem,NSW1
2017-10-13 10:15:00,414.0,gas_ccgt,MW,nem,NSW1
2017-10-13 10:20:00,415.0,gas_ccgt,MW,nem,NSW1
2017-10-13 10:25:00,415.0,gas_ccgt,MW,nem,NSW1
2017-10-13 10:30:00,415.0,gas_ccgt,MW,nem,NSW1
2017-10-13 10:35:00,414.0,gas_ccgt,MW,nem,NSW1
2017-10-13 10:40:00,414.0,gas_ccgt,MW,nem,NSW1
2017-10-13 10:45:00,414.0,gas_ccgt,MW,nem,NSW1
2017-10-13 10:50:00,415.0,gas_ccgt,MW,nem,NSW1
2017-10-13 10:55:00,413.0,gas_ccgt,MW,nem,NSW1
2017-10-13 11:00:00,412.0,gas_ccgt,MW,nem,NSW1
2017-10-13 11:05:00,412.0,gas_ccgt,MW,nem,NSW1
2017-10-13 11:10:00,411.0,gas_ccgt,MW,nem,NSW1
2017-10-13 11:15:00,412.0,gas_ccgt,MW,nem,NSW1
2017-10-13 11:20:00,412.0,gas_ccgt,MW,nem,NSW1
2017-10-13 11:25:00,409.0,gas_ccgt,MW,nem,NSW1
2017-10-13 11:30:00,409.0,gas_ccgt,MW,nem,NSW1
2017-10-13 11:35:00,409.0,gas_ccgt,MW,nem,NSW1
2017-10-13 11:40:00,409.0,gas_ccgt,MW,nem,NSW1
2017-10-13 11:45:00,408.0,gas_ccgt,MW,nem,NSW1
2017-10-13 11:50:00,408.0,gas_ccgt,MW,nem,NSW1
2017-10-13 11:55:00,408.0,gas_ccgt,MW,nem,NSW1
2017-10-13 12:00:00,408.0,gas_ccgt,MW,nem,NSW1
2017-10-13 12:05:00,409.0,gas_ccgt,MW,nem,NSW1
2017-10-13 12:10:00,408.0,gas_ccgt,MW,nem,NSW1
2017-10-13 12:15:00,407.0,gas_ccgt,MW,nem,NSW1
2017-10-13 12:20:00,408.0,gas_ccgt,MW,nem,NSW1
2017-10-13 12:25:00,408.0,gas_ccgt,MW,nem,NSW1
2017-10-13 12:30:00,408.0,gas_ccgt,MW,nem,NSW1
2017-10-13 12:35:00,406.0,gas_ccgt,MW,nem,NSW1
2017-10-13 12:40:00,408.0,gas_ccgt,MW,nem,NSW1
2017-10-13 12:45:00,406.0,gas_ccgt,MW,nem,NSW1
2017-10-13 12:50:00,407.0,gas_ccgt,MW,nem,NSW1
2017-10-13 12:55:00,408.0,gas_ccgt,MW,nem,NSW1
2017-10-13 13:00:00,408.0,gas_ccgt,MW,nem,NSW1
2017-10-13 13:05:00,408.0,gas_ccgt,MW,nem,NSW1
2017-10-13 13:10:00,408.0,gas_ccgt,MW,nem,NSW1
2017-10-13 13:15:00,406.0,gas_ccgt,MW,nem,NSW1
2017-10-13 13:20:00,408.0,gas_ccgt,MW,nem,NSW1
2017-10-13 13:25:00,406.0,gas_ccgt,MW,nem,NSW1
2017-10-13 13:30:00,407.0,gas_ccgt,MW,nem,NSW1
2017-10-13 13:35:00,407.0,gas_ccgt,MW,nem,NSW1
2017-10-13 13:40:00,407.0,gas_ccgt,MW,nem,NSW1
2017-10-13 13:45:00,409.0,gas_ccgt,MW,nem,NSW1
2017-10-13 13:50:00,408.0,gas_ccgt,MW,nem,NSW1
2017-10-13 13:55:00,408.0,gas_ccgt,MW,nem,NSW1
2017-10-13 14:00:00,409.0,gas_ccgt,MW,nem,NSW1
2017-10-13 14:05:00,407.0,gas_ccgt,MW,nem,NSW1
2017-10-13 14:10:00,409.0,gas_ccgt,MW,nem,NSW1
2017-10-13 14:15:00,408.0,gas_ccgt,MW,nem,NSW1
2017-10-13 14:20:00,407.0,gas_ccgt,MW,nem,NSW1
2017-10-13 14:25:00,407.0,gas_ccgt,MW,nem,NSW1
2017-10-13 14:30:00,408.0,gas_ccgt,MW,nem,NSW1
2017-10-13 14:35:00,408.0,gas_ccgt,MW,nem,NSW1
2017-10-13 14:40:00,407.0,gas_ccgt,MW,nem,NSW1
2017-10-13 14:45:00,407.0,gas_ccgt,MW,nem,NSW1
2017-10-13 14:50:00,407.0,gas_ccgt,MW,nem,NSW1
2017-10-13 14:55:00,407.0,gas_ccgt,MW,nem,NSW1
2017-10-13 15:00:00,408.0,gas_ccgt,MW,nem,NSW1
2017-10-13 15:05:00,408.0,gas_ccgt,MW,nem,NSW1
2017-10-13 15:10:00,408.0,gas_ccgt,MW,nem,NSW1
2017-10-13 15:15:00,407.0,gas_ccgt,MW,nem,NSW1
2017-10-13 15:20:00,406.0,gas_ccgt,MW,nem,NSW1
2017-10-13 15:25:00,408.0,gas_ccgt,MW,nem,NSW1
2017-10-13 15:30:00,408.0,gas_ccgt,MW,nem,NSW1
2017-10-13 15:35:00,408.0,gas_ccgt,MW,nem,NSW1
2017-10-13 15:40:00,407.0,gas_ccgt,MW,nem,NSW1
2017-10-13 15:45:00,407.0,gas_ccgt,MW,nem,NSW1
2017-10-13 15:50:00,407.0,gas_ccgt,MW,nem,NSW1
2017-10-13 15:55:00,407.0,gas_ccgt,MW,nem,NSW1
2017-10-13 16:00:00,407.0,gas_ccgt,MW,nem,NSW1
2017-10-13 16:05:00,407.0,gas_ccgt,MW,nem,NSW1
2017-10-13 16:10:00,407.0,gas_ccgt,MW,nem,NSW1
2017-10-13 16:15:00,407.0,gas_ccgt,MW,nem,NSW1
2017-10-13 16:20:00,409.0,gas_ccgt,MW,nem,NSW1
2017-10-13 16:25:00,407.0,gas_ccgt,MW,nem,NSW1
2017-10-13 16:30:00,407.0,gas_ccgt,MW,nem,NSW1
2017-10-13 16:35:00,407.0,gas_ccgt,MW,nem,NSW1
2017-10-13 16:40:00,409.0,gas_ccgt,MW,nem,NSW1
2017-10-13 16:45:00,409.0,gas_ccgt,MW,nem,NSW1
2017-10-13 16:50:00,407.0,gas_ccgt,MW,nem,NSW1
2017-10-13 16:55:00,408.0,gas_ccgt,MW,nem,NSW1
2017-10-13 17:00:00,408.0,gas_ccgt,MW,nem,NSW1
2017-10-13 17:05:00,408.0,gas_ccgt,MW,nem,NSW1
2017-10-13 17:10:00,409.0,gas_ccgt,MW,nem,NSW1
2017-10-13 17:15:00,408.0,gas_ccgt,MW,nem,NSW1
2017-10-13 17:20:00,409.0,gas_ccgt,MW,nem,NSW1
2017-10-13 17:25:00,410.0,gas_ccgt,MW,nem,NSW1
2017-10-13 17:30:00,411.0,gas_ccgt,MW,nem,NSW1
2017-10-13 17:35:00,410.0,gas_ccgt,MW,nem,NSW1
2017-10-13 17:40:00,412.0,gas_ccgt,MW,nem,NSW1
2017-10-13 17:45:00,412.0,gas_ccgt,MW,nem,NSW1
2017-10-13 17:50:00,411.0,gas_ccgt,MW,nem,NSW1
2017-10-13 17:55:00,411.0,gas_ccgt,MW,nem,NSW1
2017-10-13 18:00:00,411.0,gas_ccgt,MW,nem,NSW1
2017-10-13 18:05:00,411.0,gas_ccgt,MW,nem,NSW1
2017-10-13 18:10:00,412.0,gas_ccgt,MW,nem,NSW1
2017-10-13 18:15:00,411.0,gas_ccgt,MW,nem,NSW1
2017-10-13 18:20:00,413.0,gas_ccgt,MW,nem,NSW1
2017-10-13 18:25:00,411.0,gas_ccgt,MW,nem,NSW1
2017-10-13 18:30:00,411.0,gas_ccgt,MW,nem,NSW1
2017-10-13 18:35:00,411.0,gas_ccgt,MW,nem,NSW1
2017-10-13 18:40:00,413.0,gas_ccgt,MW,nem,NSW1
2017-10-13 18:45:00,413.0,gas_ccgt,MW,nem,NSW1
2017-10-13 18:50:00,412.0,gas_ccgt,MW,nem,NSW1
2017-10-13 18:55:00,412.0,gas_ccgt,MW,nem,NSW1
2017-10-13 19:00:00,412.0,gas_ccgt,MW,nem,NSW1
2017-10-13 19:05:00,414.0,gas_ccgt,MW,nem,NSW1
2017-10-13 19:10:00,413.0,gas_ccgt,MW,nem,NSW1
2017-10-13 19:15:00,412.0,gas_ccgt,MW,nem,NSW1
2017-10-13 19:20:00,414.0,gas_ccgt,MW,nem,NSW1
2017-10-13 19:25:00,414.0,gas_ccgt,MW,nem,NSW1
2017-10-13 19:30:00,414.0,gas_ccgt,MW,nem,NSW1
2017-10-13 19:35:00,414.0,gas_ccgt,MW,nem,NSW1
2017-10-13 19:40:00,414.0,gas_ccgt,MW,nem,NSW1
2017-10-13 19:45:00,413.0,gas_ccgt,MW,nem,NSW1
2017-10-13 19:50:00,414.0,gas_ccgt,MW,nem,NSW1
2017-10-13 19:55:00,413.0,gas_ccgt,MW,nem,NSW1
2017-10-13 20:00:00,413.0,gas_ccgt,MW,nem,NSW1
2017-10-13 20:05:00,413.0,gas_ccgt,MW,nem,NSW1
2017-10-13 20:10:00,413.0,gas_ccgt,MW,nem,NSW1
2017-10-13 20:15:00,413.0,gas_ccgt,MW,nem,NSW1
2017-10-13 20:20:00,415.0,gas_ccgt,MW,nem,NSW1
2017-10-13 20:25:00,411.0,gas_ccgt,MW,nem,NSW1
2017-10-13 20:30:00,414.0,gas_ccgt,MW,nem,NSW1
2017-10-13 20:35:00,414.0,gas_ccgt,MW,nem,NSW1
2017-10-13 20:40:00,414.0,gas_ccgt,MW,nem,NSW1
2017-10-13 20:45:00,414.0,gas_ccgt,MW,nem,NSW1
2017-10-13 20:50:00,414.0,gas_ccgt,MW,nem,NSW1
2017-10-13 20:55:00,413.0,gas_ccgt,MW,nem,NSW1
2017-10-13 21:00:00,413.0,gas_ccgt,MW,nem,NSW1
2017-10-13 21:05:00,415.0,gas_ccgt,MW,nem,NSW1
2017-10-13 21:10:00,415.0,gas_ccgt,MW,nem,NSW1
2017-10-13 21:15:00,415.0,gas_ccgt,MW,nem,NSW1
2017-10-13 21:20:00,414.0,gas_ccgt,MW,nem,NSW1
2017-10-13 21:25:00,414.0,gas_ccgt,MW,nem,NSW1
2017-10-13 21:30:00,414.0,gas_ccgt,MW,nem,NSW1
2017-10-13 21:35:00,414.0,gas_ccgt,MW,nem,NSW1
2017-10-13 21:40:00,414.0,gas_ccgt,MW,nem,NSW1
2017-10-13 21:45:00,414.0,gas_ccgt,MW,nem,NSW1
2017-10-13 21:50:00,413.0,gas_ccgt,MW,nem,NSW1
2017-10-13 21:55:00,415.0,gas_ccgt,MW,nem,NSW1
2017-10-13 22:00:00,413.0,gas_ccgt,MW,nem,NSW1
2017-10-13 22:05:00,415.0,gas_ccgt,MW,nem,NSW1
2017-10-13 22:10:00,415.0,gas_ccgt,MW,nem,NSW1
2017-10-13 22:15:00,415.0,gas_ccgt,MW,nem,NSW1
2017-10-13 22:20:00,415.0,gas_ccgt,MW,nem,NSW1
2017-10-13 22:25:00,414.0,gas_ccgt,MW,nem,NSW1
2017-10-13 22:30:00,415.0,gas_ccgt,MW,nem,NSW1
2017-10-13 22:35:00,414.0,gas_ccgt,MW,nem,NSW1
2017-10-13 22:40:00,414.0,gas_ccgt,MW,nem,NSW1
2017-10-13 22:45:00,414.0,gas_ccgt,MW,nem,NSW1
2017-10-13 22:50:00,416.0,gas_ccgt,MW,nem,NSW1
2017-10-13 22:55:00,416.0,gas_ccgt,MW,nem,NSW1
2017-10-13 23:00:00,415.0,gas_ccgt,MW,nem,NSW1
2017-10-13 23:05:00,415.0,gas_ccgt,MW,nem,NSW1
2017-10-13 23:10:00,415.0,gas_ccgt,MW,nem,NSW1
2017-10-13 23:15:00,416.0,gas_ccgt,MW,nem,NSW1
2017-10-13 23:20:00,414.0,gas_ccgt,MW,nem,NSW1
2017-10-13 23:25:00,415.0,gas_ccgt,MW,nem,NSW1
2017-10-13 23:30:00,415.0,gas_ccgt,MW,nem,NSW1
2017-10-13 23:35:00,415.0,gas_ccgt,MW,nem,NSW1
2017-10-13 23:40:00,415.0,gas_ccgt,MW,nem,NSW1
2017-10-13 23:45:00,416.0,gas_ccgt,MW,nem,NSW1
2017-10-13 23:50:00,414.0,gas_ccgt,MW,nem,NSW1
2017-10-13 23:55:00,415.0,gas_ccgt,MW,nem,NSW1
2017-10-14 00:00:00,414.0,gas_ccgt,MW,nem,NSW1
2017-10-14 00:05:00,414.0,gas_ccgt,MW,nem,NSW1
2017-10-14 00:10:00,414.0,gas_ccgt,MW,nem,NSW1
2017-10-14 00:15:00,414.0,gas_ccgt,MW,nem,NSW1
2017-10-14 00:20:00,414.0,gas_ccgt,MW,nem,NSW1
2017-10-14 00:25:00,414.0,gas_ccgt,MW,nem,NSW1
2017-10-14 00:30:00,414.0,gas_ccgt,MW,nem,NSW1
2017-10-14 00:35:00,414.0,gas_ccgt,MW,nem,NSW1
2017-10-14 00:40:00,414.0,gas_ccgt,MW,nem,NSW1
2017-10-14 00:45:00,414.0,gas_ccgt,MW,nem,NSW1
2017-10-14 00:50:00,414.0,gas_ccgt,MW,nem,NSW1
2017-10-14 00:55:00,414.0,gas_ccgt,MW,nem,NSW1
2017-10-14 01:00:00,414.0,gas_ccgt,MW,nem,NSW1
2017-10-14 01:05:00,414.0,gas_ccgt,MW,nem,NSW1
2017-10-14 01:10:00,416.0,gas_ccgt,MW,nem,NSW1
2017-10-14 01:15:00,414.0,gas_ccgt,MW,nem,NSW1
2017-10-14 01:20:00,414.0,gas_ccgt,MW,nem,NSW1
2017-10-14 01:25:00,416.0,gas_ccgt,MW,nem,NSW1
2017-10-14 01:30:00,414.0,gas_ccgt,MW,nem,NSW1
2017-10-14 01:35:00,392.0,gas_ccgt,MW,nem,NSW1
2017-10-14 01:40:00,362.0,gas_ccgt,MW,nem,NSW1
2017-10-14 01:45:00,339.0,gas_ccgt,MW,nem,NSW1
2017-10-14 01:50:00,348.0,gas_ccgt,MW,nem,NSW1
2017-10-14 01:55:00,324.0,gas_ccgt,MW,nem,NSW1
2017-10-14 02:00:00,299.0,gas_ccgt,MW,nem,NSW1
2017-10-14 02:05:00,300.0,gas_ccgt,MW,nem,NSW1
2017-10-14 02:10:00,316.0,gas_ccgt,MW,nem,NSW1
2017-10-14 02:15:00,339.0,gas_ccgt,MW,nem,NSW1
2017-10-14 02:20:00,367.0,gas_ccgt,MW,nem,NSW1
2017-10-14 02:25:00,393.0,gas_ccgt,MW,nem,NSW1
2017-10-14 02:30:00,408.0,gas_ccgt,MW,nem,NSW1
2017-10-14 02:35:00,413.0,gas_ccgt,MW,nem,NSW1
2017-10-14 02:40:00,414.0,gas_ccgt,MW,nem,NSW1
2017-10-14 02:45:00,415.0,gas_ccgt,MW,nem,NSW1
2017-10-14 02:50:00,415.0,gas_ccgt,MW,nem,NSW1
2017-10-14 02:55:00,415.0,gas_ccgt,MW,nem,NSW1
2017-10-14 03:00:00,415.0,gas_ccgt,MW,nem,NSW1
2017-10-14 03:05:00,415.0,gas_ccgt,MW,nem,NSW1
2017-10-14 03:10:00,416.0,gas_ccgt,MW,nem,NSW1
2017-10-14 03:15:00,416.0,gas_ccgt,MW,nem,NSW1
2017-10-14 03:20:00,416.0,gas_ccgt,MW,nem,NSW1
2017-10-14 03:25:00,416.0,gas_ccgt,MW,nem,NSW1
2017-10-14 03:30:00,414.0,gas_ccgt,MW,nem,NSW1
2017-10-14 03:35:00,416.0,gas_ccgt,MW,nem,NSW1
2017-10-14 03:40:00,414.0,gas_ccgt,MW,nem,NSW1
2017-10-14 03:45:00,415.0,gas_ccgt,MW,nem,NSW1
2017-10-14 03:50:00,416.0,gas_ccgt,MW,nem,NSW1
2017-10-14 03:55:00,414.0,gas_ccgt,MW,nem,NSW1
2017-10-14 04:00:00,416.0,gas_ccgt,MW,nem,NSW1
2017-10-14 04:05:00,415.0,gas_ccgt,MW,nem,NSW1
2017-10-14 04:10:00,415.0,gas_ccgt,MW,nem,NSW1
2017-10-14 04:15:00,415.0,gas_ccgt,MW,nem,NSW1
2017-10-14 04:20:00,415.0,gas_ccgt,MW,nem,NSW1
2017-10-14 04:25:00,416.0,gas_ccgt,MW,nem,NSW1
2017-10-14 04:30:00,415.0,gas_ccgt,MW,nem,NSW1
2017-10-14 04:35:00,415.0,gas_ccgt,MW,nem,NSW1
2017-10-14 04:40:00,415.0,gas_ccgt,MW,nem,NSW1
2017-10-14 04:45:00,415.0,gas_ccgt,MW,nem,NSW1
2017-10-14 04:50:00,415.0,gas_ccgt,MW,nem,NSW1
2017-10-14 04:55:00,415.0,gas_ccgt,MW,nem,NSW1
2017-10-14 05:00:00,416.0,gas_ccgt,MW,nem,NSW1
2017-10-14 05:05:00,418.0,gas_ccgt,MW,nem,NSW1
2017-10-14 05:10:00,415.0,gas_ccgt,MW,nem,NSW1
2017-10-14 05:15:00,417.0,gas_ccgt,MW,nem,NSW1
2017-10-14 05:20:00,417.0,gas_ccgt,MW,nem,NSW1
2017-10-14 05:25:00,417.0,gas_ccgt,MW,nem,NSW1
2017-10-14 05:30:00,417.0,gas_ccgt,MW,nem,NSW1
2017-10-14 05:35:00,417.0,gas_ccgt,MW,nem,NSW1
2017-10-14 05:40:00,396.0,gas_ccgt,MW,nem,NSW1
2017-10-14 05:45:00,411.0,gas_ccgt,MW,nem,NSW1
2017-10-14 05:50:00,415.0,gas_ccgt,MW,nem,NSW1
2017-10-14 05:55:00,417.0,gas_ccgt,MW,nem,NSW1
2017-10-14 06:00:00,417.0,gas_ccgt,MW,nem,NSW1
2017-10-14 06:05:00,417.0,gas_ccgt,MW,nem,NSW1
2017-10-14 06:10:00,417.0,gas_ccgt,MW,nem,NSW1
2017-10-14 06:15:00,417.0,gas_ccgt,MW,nem,NSW1
2017-10-14 06:20:00,417.0,gas_ccgt,MW,nem,NSW1
2017-10-14 06:25:00,417.0,gas_ccgt,MW,nem,NSW1
2017-10-14 06:30:00,416.0,gas_ccgt,MW,nem,NSW1
2017-10-14 06:35:00,418.0,gas_ccgt,MW,nem,NSW1
2017-10-14 06:40:00,418.0,gas_ccgt,MW,nem,NSW1
2017-10-14 06:45:00,418.0,gas_ccgt,MW,nem,NSW1
2017-10-14 06:50:00,416.0,gas_ccgt,MW,nem,NSW1
2017-10-14 06:55:00,418.0,gas_ccgt,MW,nem,NSW1
2017-10-14 07:00:00,418.0,gas_ccgt,MW,nem,NSW1
2017-10-14 07:05:00,418.0,gas_ccgt,MW,nem,NSW1
2017-10-14 07:10:00,418.0,gas_ccgt,MW,nem,NSW1
2017-10-14 07:15:00,418.0,gas_ccgt,MW,nem,NSW1
2017-10-14 07:20:00,418.0,gas_ccgt,MW,nem,NSW1
2017-10-14 07:25:00,418.0,gas_ccgt,MW,nem,NSW1
2017-10-14 07:30:00,418.0,gas_ccgt,MW,nem,NSW1
2017-10-14 07:35:00,418.0,gas_ccgt,MW,nem,NSW1
2017-10-14 07:40:00,418.0,gas_ccgt,MW,nem,NSW1
2017-10-14 07:45:00,418.0,gas_ccgt,MW,nem,NSW1
2017-10-14 07:50:00,418.0,gas_ccgt,MW,nem,NSW1
2017-10-14 07:55:00,420.0,gas_ccgt,MW,nem,NSW1
2017-10-14 08:00:00,418.0,gas_ccgt,MW,nem,NSW1
2017-10-14 08:05:00,418.0,gas_ccgt,MW,nem,NSW1
2017-10-14 08:10:00,418.0,gas_ccgt,MW,nem,NSW1
2017-10-14 08:15:00,418.0,gas_ccgt,MW,nem,NSW1
2017-10-14 08:20:00,418.0,gas_ccgt,MW,nem,NSW1
2017-10-14 08:25:00,418.0,gas_ccgt,MW,nem,NSW1
2017-10-14 08:30:00,418.0,gas_ccgt,MW,nem,NSW1
2017-10-14 08:35:00,418.0,gas_ccgt,MW,nem,NSW1
2017-10-14 08:40:00,418.0,gas_ccgt,MW,nem,NSW1
2017-10-14 08:45:00,418.0,gas_ccgt,MW,nem,NSW1
2017-10-14 08:50:00,418.0,gas_ccgt,MW,nem,NSW1
2017-10-14 08:55:00,418.0,gas_ccgt,MW,nem,NSW1
2017-10-14 09:00:00,418.0,gas_ccgt,MW,nem,NSW1
2017-10-14 09:05:00,418.0,gas_ccgt,MW,nem,NSW1
2017-10-14 09:10:00,418.0,gas_ccgt,MW,nem,NSW1
2017-10-14 09:15:00,415.0,gas_ccgt,MW,nem,NSW1
2017-10-14 09:20:00,417.0,gas_ccgt,MW,nem,NSW1
2017-10-14 09:25:00,417.0,gas_ccgt,MW,nem,NSW1
2017-10-14 09:30:00,417.0,gas_ccgt,MW,nem,NSW1
2017-10-14 09:35:00,417.0,gas_ccgt,MW,nem,NSW1
2017-10-14 09:40:00,417.0,gas_ccgt,MW,nem,NSW1
2017-10-14 09:45:00,417.0,gas_ccgt,MW,nem,NSW1
2017-10-14 09:50:00,417.0,gas_ccgt,MW,nem,NSW1
2017-10-14 09:55:00,417.0,gas_ccgt,MW,nem,NSW1
2017-10-14 10:00:00,417.0,gas_ccgt,MW,nem,NSW1
2017-10-14 10:05:00,417.0,gas_ccgt,MW,nem,NSW1
2017-10-14 10:10:00,417.0,gas_ccgt,MW,nem,NSW1
2017-10-14 10:15:00,417.0,gas_ccgt,MW,nem,NSW1
2017-10-14 10:20:00,417.0,gas_ccgt,MW,nem,NSW1
2017-10-14 10:25:00,417.0,gas_ccgt,MW,nem,NSW1
2017-10-14 10:30:00,417.0,gas_ccgt,MW,nem,NSW1
2017-10-14 10:35:00,417.0,gas_ccgt,MW,nem,NSW1
2017-10-14 10:40:00,417.0,gas_ccgt,MW,nem,NSW1
2017-10-14 10:45:00,417.0,gas_ccgt,MW,nem,NSW1
2017-10-14 10:50:00,415.0,gas_ccgt,MW,nem,NSW1
2017-10-14 10:55:00,417.0,gas_ccgt,MW,nem,NSW1
2017-10-14 11:00:00,417.0,gas_ccgt,MW,nem,NSW1
2017-10-14 11:05:00,417.0,gas_ccgt,MW,nem,NSW1
2017-10-14 11:10:00,417.0,gas_ccgt,MW,nem,NSW1
2017-10-14 11:15:00,417.0,gas_ccgt,MW,nem,NSW1
2017-10-14 11:20:00,418.0,gas_ccgt,MW,nem,NSW1
2017-10-14 11:25:00,416.0,gas_ccgt,MW,nem,NSW1
2017-10-14 11:30:00,418.0,gas_ccgt,MW,nem,NSW1
2017-10-14 11:35:00,418.0,gas_ccgt,MW,nem,NSW1
2017-10-14 11:40:00,418.0,gas_ccgt,MW,nem,NSW1
2017-10-14 11:45:00,418.0,gas_ccgt,MW,nem,NSW1
2017-10-14 11:50:00,418.0,gas_ccgt,MW,nem,NSW1
2017-10-14 11:55:00,417.0,gas_ccgt,MW,nem,NSW1
2017-10-14 12:00:00,417.0,gas_ccgt,MW,nem,NSW1
2017-10-14 12:05:00,417.0,gas_ccgt,MW,nem,NSW1
2017-10-14 12:10:00,418.0,gas_ccgt,MW,nem,NSW1
2017-10-14 12:15:00,416.0,gas_ccgt,MW,nem,NSW1
2017-10-14 12:20:00,416.0,gas_ccgt,MW,nem,NSW1
2017-10-14 12:25:00,416.0,gas_ccgt,MW,nem,NSW1
2017-10-14 12:30:00,417.0,gas_ccgt,MW,nem,NSW1
2017-10-14 12:35:00,417.0,gas_ccgt,MW,nem,NSW1
2017-10-14 12:40:00,417.0,gas_ccgt,MW,nem,NSW1
2017-10-14 12:45:00,416.0,gas_ccgt,MW,nem,NSW1
2017-10-14 12:50:00,416.0,gas_ccgt,MW,nem,NSW1
2017-10-14 12:55:00,417.0,gas_ccgt,MW,nem,NSW1
2017-10-14 13:00:00,417.0,gas_ccgt,MW,nem,NSW1
2017-10-14 13:05:00,415.0,gas_ccgt,MW,nem,NSW1
2017-10-14 13:10:00,415.0,gas_ccgt,MW,nem,NSW1
2017-10-14 13:15:00,417.0,gas_ccgt,MW,nem,NSW1
2017-10-14 13:20:00,417.0,gas_ccgt,MW,nem,NSW1
2017-10-14 13:25:00,417.0,gas_ccgt,MW,nem,NSW1
2017-10-14 13:30:00,416.0,gas_ccgt,MW,nem,NSW1
2017-10-14 13:35:00,416.0,gas_ccgt,MW,nem,NSW1
2017-10-14 13:40:00,418.0,gas_ccgt,MW,nem,NSW1
2017-10-14 13:45:00,416.0,gas_ccgt,MW,nem,NSW1
2017-10-14 13:50:00,416.0,gas_ccgt,MW,nem,NSW1
2017-10-14 13:55:00,416.0,gas_ccgt,MW,nem,NSW1
2017-10-14 14:00:00,416.0,gas_ccgt,MW,nem,NSW1
2017-10-14 14:05:00,418.0,gas_ccgt,MW,nem,NSW1
2017-10-14 14:10:00,416.0,gas_ccgt,MW,nem,NSW1
2017-10-14 14:15:00,416.0,gas_ccgt,MW,nem,NSW1
2017-10-14 14:20:00,416.0,gas_ccgt,MW,nem,NSW1
2017-10-14 14:25:00,416.0,gas_ccgt,MW,nem,NSW1
2017-10-14 14:30:00,416.0,gas_ccgt,MW,nem,NSW1
2017-10-14 14:35:00,418.0,gas_ccgt,MW,nem,NSW1
2017-10-14 14:40:00,416.0,gas_ccgt,MW,nem,NSW1
2017-10-14 14:45:00,416.0,gas_ccgt,MW,nem,NSW1
2017-10-14 14:50:00,416.0,gas_ccgt,MW,nem,NSW1
2017-10-14 14:55:00,416.0,gas_ccgt,MW,nem,NSW1
2017-10-14 15:00:00,416.0,gas_ccgt,MW,nem,NSW1
2017-10-14 15:05:00,416.0,gas_ccgt,MW,nem,NSW1
2017-10-14 15:10:00,416.0,gas_ccgt,MW,nem,NSW1
2017-10-14 15:15:00,417.0,gas_ccgt,MW,nem,NSW1
2017-10-14 15:20:00,417.0,gas_ccgt,MW,nem,NSW1
2017-10-14 15:25:00,417.0,gas_ccgt,MW,nem,NSW1
2017-10-14 15:30:00,417.0,gas_ccgt,MW,nem,NSW1
2017-10-14 15:35:00,417.0,gas_ccgt,MW,nem,NSW1
2017-10-14 15:40:00,417.0,gas_ccgt,MW,nem,NSW1
2017-10-14 15:45:00,417.0,gas_ccgt,MW,nem,NSW1
2017-10-14 15:50:00,417.0,gas_ccgt,MW,nem,NSW1
2017-10-14 15:55:00,417.0,gas_ccgt,MW,nem,NSW1
2017-10-14 16:00:00,417.0,gas_ccgt,MW,nem,NSW1
2017-10-14 16:05:00,417.0,gas_ccgt,MW,nem,NSW1
2017-10-14 16:10:00,417.0,gas_ccgt,MW,nem,NSW1
2017-10-14 16:15:00,417.0,gas_ccgt,MW,nem,NSW1
2017-10-14 16:20:00,417.0,gas_ccgt,MW,nem,NSW1
2017-10-14 16:25:00,417.0,gas_ccgt,MW,nem,NSW1
2017-10-14 16:30:00,417.0,gas_ccgt,MW,nem,NSW1
2017-10-14 16:35:00,417.0,gas_ccgt,MW,nem,NSW1
2017-10-14 16:40:00,417.0,gas_ccgt,MW,nem,NSW1
2017-10-14 16:45:00,417.0,gas_ccgt,MW,nem,NSW1
2017-10-14 16:50:00,417.0,gas_ccgt,MW,nem,NSW1
2017-10-14 16:55:00,417.0,gas_ccgt,MW,nem,NSW1
2017-10-14 17:00:00,417.0,gas_ccgt,MW,nem,NSW1
2017-10-14 17:05:00,417.0,gas_ccgt,MW,nem,NSW1
2017-10-14 17:10:00,417.0,gas_ccgt,MW,nem,NSW1
2017-10-14 17:15:00,417.0,gas_ccgt,MW,nem,NSW1
2017-10-14 17:20:00,417.0,gas_ccgt,MW,nem,NSW1
2017-10-14 17:25:00,418.0,gas_ccgt,MW,nem,NSW1
2017-10-14 17:30:00,418.0,gas_ccgt,MW,nem,NSW1
2017-10-14 17:35:00,418.0,gas_ccgt,MW,nem,NSW1
2017-10-14 17:40:00,418.0,gas_ccgt,MW,nem,NSW1
2017-10-14 17:45:00,417.0,gas_ccgt,MW,nem,NSW1
2017-10-14 17:50:00,417.0,gas_ccgt,MW,nem,NSW1
2017-10-14 17:55:00,417.0,gas_ccgt,MW,nem,NSW1
2017-10-14 18:00:00,417.0,gas_ccgt,MW,nem,NSW1
2017-10-14 18:05:00,417.0,gas_ccgt,MW,nem,NSW1
2017-10-14 18:10:00,417.0,gas_ccgt,MW,nem,NSW1
2017-10-14 18:15:00,417.0,gas_ccgt,MW,nem,NSW1
2017-10-14 18:20:00,417.0,gas_ccgt,MW,nem,NSW1
2017-10-14 18:25:00,417.0,gas_ccgt,MW,nem,NSW1
2017-10-14 18:30:00,418.0,gas_ccgt,MW,nem,NSW1
2017-10-14 18:35:00,418.0,gas_ccgt,MW,nem,NSW1
2017-10-14 18:40:00,418.0,gas_ccgt,MW,nem,NSW1
2017-10-14 18:45:00,418.0,gas_ccgt,MW,nem,NSW1
2017-10-14 18:50:00,418.0,gas_ccgt,MW,nem,NSW1
2017-10-14 18:55:00,419.0,gas_ccgt,MW,nem,NSW1
2017-10-14 19:00:00,419.0,gas_ccgt,MW,nem,NSW1
2017-10-14 19:05:00,418.0,gas_ccgt,MW,nem,NSW1
2017-10-14 19:10:00,420.0,gas_ccgt,MW,nem,NSW1
2017-10-14 19:15:00,418.0,gas_ccgt,MW,nem,NSW1
2017-10-14 19:20:00,419.0,gas_ccgt,MW,nem,NSW1
2017-10-14 19:25:00,418.0,gas_ccgt,MW,nem,NSW1
2017-10-14 19:30:00,418.0,gas_ccgt,MW,nem,NSW1
2017-10-14 19:35:00,420.0,gas_ccgt,MW,nem,NSW1
2017-10-14 19:40:00,419.0,gas_ccgt,MW,nem,NSW1
2017-10-14 19:45:00,419.0,gas_ccgt,MW,nem,NSW1
2017-10-14 19:50:00,419.0,gas_ccgt,MW,nem,NSW1
2017-10-14 19:55:00,419.0,gas_ccgt,MW,nem,NSW1
2017-10-14 20:00:00,419.0,gas_ccgt,MW,nem,NSW1
2017-10-14 20:05:00,419.0,gas_ccgt,MW,nem,NSW1
2017-10-14 20:10:00,420.0,gas_ccgt,MW,nem,NSW1
2017-10-14 20:15:00,420.0,gas_ccgt,MW,nem,NSW1
2017-10-14 20:20:00,420.0,gas_ccgt,MW,nem,NSW1
2017-10-14 20:25:00,420.0,gas_ccgt,MW,nem,NSW1
2017-10-14 20:30:00,420.0,gas_ccgt,MW,nem,NSW1
2017-10-14 20:35:00,420.0,gas_ccgt,MW,nem,NSW1
2017-10-14 20:40:00,420.0,gas_ccgt,MW,nem,NSW1
2017-10-14 20:45:00,420.0,gas_ccgt,MW,nem,NSW1
2017-10-14 20:50:00,420.0,gas_ccgt,MW,nem,NSW1
2017-10-14 20:55:00,420.0,gas_ccgt,MW,nem,NSW1
2017-10-14 21:00:00,420.0,gas_ccgt,MW,nem,NSW1
2017-10-14 21:05:00,420.0,gas_ccgt,MW,nem,NSW1
2017-10-14 21:10:00,419.0,gas_ccgt,MW,nem,NSW1
2017-10-14 21:15:00,419.0,gas_ccgt,MW,nem,NSW1
2017-10-14 21:20:00,419.0,gas_ccgt,MW,nem,NSW1
2017-10-14 21:25:00,419.0,gas_ccgt,MW,nem,NSW1
2017-10-14 21:30:00,419.0,gas_ccgt,MW,nem,NSW1
2017-10-14 21:35:00,419.0,gas_ccgt,MW,nem,NSW1
2017-10-14 21:40:00,419.0,gas_ccgt,MW,nem,NSW1
2017-10-14 21:45:00,420.0,gas_ccgt,MW,nem,NSW1
2017-10-14 21:50:00,420.0,gas_ccgt,MW,nem,NSW1
2017-10-14 21:55:00,420.0,gas_ccgt,MW,nem,NSW1
2017-10-14 22:00:00,420.0,gas_ccgt,MW,nem,NSW1
2017-10-14 22:05:00,421.0,gas_ccgt,MW,nem,NSW1
2017-10-14 22:10:00,419.0,gas_ccgt,MW,nem,NSW1
2017-10-14 22:15:00,420.0,gas_ccgt,MW,nem,NSW1
2017-10-14 22:20:00,420.0,gas_ccgt,MW,nem,NSW1
2017-10-14 22:25:00,420.0,gas_ccgt,MW,nem,NSW1
2017-10-14 22:30:00,420.0,gas_ccgt,MW,nem,NSW1
2017-10-14 22:35:00,420.0,gas_ccgt,MW,nem,NSW1
2017-10-14 22:40:00,420.0,gas_ccgt,MW,nem,NSW1
2017-10-14 22:45:00,420.0,gas_ccgt,MW,nem,NSW1
2017-10-14 22:50:00,419.0,gas_ccgt,MW,nem,NSW1
2017-10-14 22:55:00,421.0,gas_ccgt,MW,nem,NSW1
2017-10-14 23:00:00,420.0,gas_ccgt,MW,nem,NSW1
2017-10-14 23:05:00,420.0,gas_ccgt,MW,nem,NSW1
2017-10-14 23:10:00,420.0,gas_ccgt,MW,nem,NSW1
2017-10-14 23:15:00,420.0,gas_ccgt,MW,nem,NSW1
2017-10-14 23:20:00,420.0,gas_ccgt,MW,nem,NSW1
2017-10-14 23:25:00,421.0,gas_ccgt,MW,nem,NSW1
2017-10-14 23:30:00,421.0,gas_ccgt,MW,nem,NSW1
2017-10-14 23:35:00,421.0,gas_ccgt,MW,nem,NSW1
2017-10-14 23:40:00,421.0,gas_ccgt,MW,nem,NSW1
2017-10-14 23:45:00,421.0,gas_ccgt,MW,nem,NSW1
2017-10-14 23:50:00,421.0,gas_ccgt,MW,nem,NSW1
2017-10-14 23:55:00,419.0,gas_ccgt,MW,nem,NSW1
2017-10-15 00:00:00,421.0,gas_ccgt,MW,nem,NSW1
2017-10-15 00:05:00,419.0,gas_ccgt,MW,nem,NSW1
2017-10-15 00:10:00,421.0,gas_ccgt,MW,nem,NSW1
2017-10-15 00:15:00,421.0,gas_ccgt,MW,nem,NSW1
2017-10-15 00:20:00,421.0,gas_ccgt,MW,nem,NSW1
2017-10-15 00:25:00,421.0,gas_ccgt,MW,nem,NSW1
2017-10-15 00:30:00,421.0,gas_ccgt,MW,nem,NSW1
2017-10-15 00:35:00,421.0,gas_ccgt,MW,nem,NSW1
2017-10-15 00:40:00,419.0,gas_ccgt,MW,nem,NSW1
2017-10-15 00:45:00,419.0,gas_ccgt,MW,nem,NSW1
2017-10-15 00:50:00,420.0,gas_ccgt,MW,nem,NSW1
2017-10-15 00:55:00,420.0,gas_ccgt,MW,nem,NSW1
2017-10-15 01:00:00,420.0,gas_ccgt,MW,nem,NSW1
2017-10-15 01:05:00,399.0,gas_ccgt,MW,nem,NSW1
2017-10-15 01:10:00,413.0,gas_ccgt,MW,nem,NSW1
2017-10-15 01:15:00,419.0,gas_ccgt,MW,nem,NSW1
2017-10-15 01:20:00,421.0,gas_ccgt,MW,nem,NSW1
2017-10-15 01:25:00,421.0,gas_ccgt,MW,nem,NSW1
2017-10-15 01:30:00,400.0,gas_ccgt,MW,nem,NSW1
2017-10-15 01:35:00,370.0,gas_ccgt,MW,nem,NSW1
2017-10-15 01:40:00,345.0,gas_ccgt,MW,nem,NSW1
2017-10-15 01:45:00,315.0,gas_ccgt,MW,nem,NSW1
2017-10-15 01:50:00,290.0,gas_ccgt,MW,nem,NSW1
2017-10-15 01:55:00,261.0,gas_ccgt,MW,nem,NSW1
2017-10-15 02:00:00,236.0,gas_ccgt,MW,nem,NSW1
2017-10-15 02:05:00,205.0,gas_ccgt,MW,nem,NSW1
2017-10-15 02:10:00,189.0,gas_ccgt,MW,nem,NSW1
2017-10-15 02:15:00,189.0,gas_ccgt,MW,nem,NSW1
2017-10-15 02:20:00,190.0,gas_ccgt,MW,nem,NSW1
2017-10-15 02:25:00,190.0,gas_ccgt,MW,nem,NSW1
2017-10-15 02:30:00,190.0,gas_ccgt,MW,nem,NSW1
2017-10-15 02:35:00,190.0,gas_ccgt,MW,nem,NSW1
2017-10-15 02:40:00,190.0,gas_ccgt,MW,nem,NSW1
2017-10-15 02:45:00,190.0,gas_ccgt,MW,nem,NSW1
2017-10-15 02:50:00,190.0,gas_ccgt,MW,nem,NSW1
2017-10-15 02:55:00,190.0,gas_ccgt,MW,nem,NSW1
2017-10-15 03:00:00,190.0,gas_ccgt,MW,nem,NSW1
2017-10-15 03:05:00,190.0,gas_ccgt,MW,nem,NSW1
2017-10-15 03:10:00,191.0,gas_ccgt,MW,nem,NSW1
2017-10-15 03:15:00,190.0,gas_ccgt,MW,nem,NSW1
2017-10-15 03:20:00,190.0,gas_ccgt,MW,nem,NSW1
2017-10-15 03:25:00,190.0,gas_ccgt,MW,nem,NSW1
2017-10-15 03:30:00,190.0,gas_ccgt,MW,nem,NSW1
2017-10-15 03:35:00,189.0,gas_ccgt,MW,nem,NSW1
2017-10-15 03:40:00,191.0,gas_ccgt,MW,nem,NSW1
2017-10-15 03:45:00,189.0,gas_ccgt,MW,nem,NSW1
2017-10-15 03:50:00,190.0,gas_ccgt,MW,nem,NSW1
2017-10-15 03:55:00,190.0,gas_ccgt,MW,nem,NSW1
2017-10-15 04:00:00,190.0,gas_ccgt,MW,nem,NSW1
2017-10-15 04:05:00,190.0,gas_ccgt,MW,nem,NSW1
2017-10-15 04:10:00,190.0,gas_ccgt,MW,nem,NSW1
2017-10-15 04:15:00,190.0,gas_ccgt,MW,nem,NSW1
2017-10-15 04:20:00,190.0,gas_ccgt,MW,nem,NSW1
2017-10-15 04:25:00,190.0,gas_ccgt,MW,nem,NSW1
2017-10-15 04:30:00,190.0,gas_ccgt,MW,nem,NSW1
2017-10-15 04:35:00,190.0,gas_ccgt,MW,nem,NSW1
2017-10-15 04:40:00,190.0,gas_ccgt,MW,nem,NSW1
2017-10-15 04:45:00,190.0,gas_ccgt,MW,nem,NSW1
2017-10-15 04:50:00,190.0,gas_ccgt,MW,nem,NSW1
2017-10-15 04:55:00,189.0,gas_ccgt,MW,nem,NSW1
2017-10-15 05:00:00,189.0,gas_ccgt,MW,nem,NSW1
2017-10-15 05:05:00,191.0,gas_ccgt,MW,nem,NSW1
2017-10-15 05:10:00,214.0,gas_ccgt,MW,nem,NSW1
2017-10-15 05:15:00,244.0,gas_ccgt,MW,nem,NSW1
2017-10-15 05:20:00,267.0,gas_ccgt,MW,nem,NSW1
2017-10-15 05:25:00,297.0,gas_ccgt,MW,nem,NSW1
2017-10-15 05:30:00,314.0,gas_ccgt,MW,nem,NSW1
2017-10-15 05:35:00,314.0,gas_ccgt,MW,nem,NSW1
2017-10-15 05:40:00,334.0,gas_ccgt,MW,nem,NSW1
2017-10-15 05:45:00,358.0,gas_ccgt,MW,nem,NSW1
2017-10-15 05:50:00,389.0,gas_ccgt,MW,nem,NSW1
2017-10-15 05:55:00,412.0,gas_ccgt,MW,nem,NSW1
2017-10-15 06:00:00,416.0,gas_ccgt,MW,nem,NSW1
2017-10-15 06:05:00,418.0,gas_ccgt,MW,nem,NSW1
2017-10-15 06:10:00,418.0,gas_ccgt,MW,nem,NSW1
2017-10-15 06:15:00,395.0,gas_ccgt,MW,nem,NSW1
2017-10-15 06:20:00,366.0,gas_ccgt,MW,nem,NSW1
2017-10-15 06:25:00,341.0,gas_ccgt,MW,nem,NSW1
2017-10-15 06:30:00,313.0,gas_ccgt,MW,nem,NSW1
2017-10-15 06:35:00,284.0,gas_ccgt,MW,nem,NSW1
2017-10-15 06:40:00,270.0,gas_ccgt,MW,nem,NSW1
2017-10-15 06:45:00,291.0,gas_ccgt,MW,nem,NSW1
2017-10-15 06:50:00,316.0,gas_ccgt,MW,nem,NSW1
2017-10-15 06:55:00,344.0,gas_ccgt,MW,nem,NSW1
2017-10-15 07:00:00,370.0,gas_ccgt,MW,nem,NSW1
2017-10-15 07:05:00,398.0,gas_ccgt,MW,nem,NSW1
2017-10-15 07:10:00,414.0,gas_ccgt,MW,nem,NSW1
2017-10-15 07:15:00,418.0,gas_ccgt,MW,nem,NSW1
2017-10-15 07:20:00,418.0,gas_ccgt,MW,nem,NSW1
2017-10-15 07:25:00,418.0,gas_ccgt,MW,nem,NSW1
2017-10-15 07:30:00,418.0,gas_ccgt,MW,nem,NSW1
2017-10-15 07:35:00,418.0,gas_ccgt,MW,nem,NSW1
2017-10-15 07:40:00,416.0,gas_ccgt,MW,nem,NSW1
2017-10-15 07:45:00,418.0,gas_ccgt,MW,nem,NSW1
2017-10-15 07:50:00,416.0,gas_ccgt,MW,nem,NSW1
2017-10-15 07:55:00,418.0,gas_ccgt,MW,nem,NSW1
2017-10-15 08:00:00,416.0,gas_ccgt,MW,nem,NSW1
2017-10-15 08:05:00,417.0,gas_ccgt,MW,nem,NSW1
2017-10-15 08:10:00,417.0,gas_ccgt,MW,nem,NSW1
2017-10-15 08:15:00,417.0,gas_ccgt,MW,nem,NSW1
2017-10-15 08:20:00,417.0,gas_ccgt,MW,nem,NSW1
2017-10-15 08:25:00,417.0,gas_ccgt,MW,nem,NSW1
2017-10-15 08:30:00,417.0,gas_ccgt,MW,nem,NSW1
2017-10-15 08:35:00,417.0,gas_ccgt,MW,nem,NSW1
2017-10-15 08:40:00,415.0,gas_ccgt,MW,nem,NSW1
2017-10-15 08:45:00,416.0,gas_ccgt,MW,nem,NSW1
2017-10-15 08:50:00,416.0,gas_ccgt,MW,nem,NSW1
2017-10-15 08:55:00,416.0,gas_ccgt,MW,nem,NSW1
2017-10-15 09:00:00,416.0,gas_ccgt,MW,nem,NSW1
2017-10-15 09:05:00,418.0,gas_ccgt,MW,nem,NSW1
2017-10-15 09:10:00,417.0,gas_ccgt,MW,nem,NSW1
2017-10-15 09:15:00,417.0,gas_ccgt,MW,nem,NSW1
2017-10-15 09:20:00,417.0,gas_ccgt,MW,nem,NSW1
2017-10-15 09:25:00,415.0,gas_ccgt,MW,nem,NSW1
2017-10-15 09:30:00,416.0,gas_ccgt,MW,nem,NSW1
2017-10-15 09:35:00,416.0,gas_ccgt,MW,nem,NSW1
2017-10-15 09:40:00,416.0,gas_ccgt,MW,nem,NSW1
2017-10-15 09:45:00,416.0,gas_ccgt,MW,nem,NSW1
2017-10-15 09:50:00,417.0,gas_ccgt,MW,nem,NSW1
2017-10-15 09:55:00,415.0,gas_ccgt,MW,nem,NSW1
2017-10-15 10:00:00,415.0,gas_ccgt,MW,nem,NSW1
2017-10-15 10:05:00,415.0,gas_ccgt,MW,nem,NSW1
2017-10-15 10:10:00,415.0,gas_ccgt,MW,nem,NSW1
2017-10-15 10:15:00,415.0,gas_ccgt,MW,nem,NSW1
2017-10-15 10:20:00,415.0,gas_ccgt,MW,nem,NSW1
2017-10-15 10:25:00,415.0,gas_ccgt,MW,nem,NSW1
2017-10-15 10:30:00,415.0,gas_ccgt,MW,nem,NSW1
2017-10-15 10:35:00,415.0,gas_ccgt,MW,nem,NSW1
2017-10-15 10:40:00,415.0,gas_ccgt,MW,nem,NSW1
2017-10-15 10:45:00,415.0,gas_ccgt,MW,nem,NSW1
2017-10-15 10:50:00,415.0,gas_ccgt,MW,nem,NSW1
2017-10-15 10:55:00,415.0,gas_ccgt,MW,nem,NSW1
2017-10-15 11:00:00,416.0,gas_ccgt,MW,nem,NSW1
2017-10-15 11:05:00,415.0,gas_ccgt,MW,nem,NSW1
2017-10-15 11:10:00,415.0,gas_ccgt,MW,nem,NSW1
2017-10-15 11:15:00,415.0,gas_ccgt,MW,nem,NSW1
2017-10-15 11:20:00,415.0,gas_ccgt,MW,nem,NSW1
2017-10-15 11:25:00,415.0,gas_ccgt,MW,nem,NSW1
2017-10-15 11:30:00,415.0,gas_ccgt,MW,nem,NSW1
2017-10-15 11:35:00,415.0,gas_ccgt,MW,nem,NSW1
2017-10-15 11:40:00,415.0,gas_ccgt,MW,nem,NSW1
2017-10-15 11:45:00,415.0,gas_ccgt,MW,nem,NSW1
2017-10-15 11:50:00,415.0,gas_ccgt,MW,nem,NSW1
2017-10-15 11:55:00,415.0,gas_ccgt,MW,nem,NSW1
2017-10-15 12:00:00,415.0,gas_ccgt,MW,nem,NSW1
2017-10-15 12:05:00,414.0,gas_ccgt,MW,nem,NSW1
2017-10-15 12:10:00,414.0,gas_ccgt,MW,nem,NSW1
2017-10-15 12:15:00,414.0,gas_ccgt,MW,nem,NSW1
2017-10-15 12:20:00,414.0,gas_ccgt,MW,nem,NSW1
2017-10-15 12:25:00,414.0,gas_ccgt,MW,nem,NSW1
2017-10-15 12:30:00,416.0,gas_ccgt,MW,nem,NSW1
2017-10-15 12:35:00,414.0,gas_ccgt,MW,nem,NSW1
2017-10-15 12:40:00,391.0,gas_ccgt,MW,nem,NSW1
2017-10-15 12:45:00,408.0,gas_ccgt,MW,nem,NSW1
2017-10-15 12:50:00,412.0,gas_ccgt,MW,nem,NSW1
2017-10-15 12:55:00,396.0,gas_ccgt,MW,nem,NSW1
2017-10-15 13:00:00,372.0,gas_ccgt,MW,nem,NSW1
2017-10-15 13:05:00,359.0,gas_ccgt,MW,nem,NSW1
2017-10-15 13:10:00,334.0,gas_ccgt,MW,nem,NSW1
2017-10-15 13:15:00,337.0,gas_ccgt,MW,nem,NSW1
2017-10-15 13:20:00,362.0,gas_ccgt,MW,nem,NSW1
2017-10-15 13:25:00,338.0,gas_ccgt,MW,nem,NSW1
2017-10-15 13:30:00,318.0,gas_ccgt,MW,nem,NSW1
2017-10-15 13:35:00,336.0,gas_ccgt,MW,nem,NSW1
2017-10-15 13:40:00,363.0,gas_ccgt,MW,nem,NSW1
2017-10-15 13:45:00,390.0,gas_ccgt,MW,nem,NSW1
2017-10-15 13:50:00,374.0,gas_ccgt,MW,nem,NSW1
2017-10-15 13:55:00,365.0,gas_ccgt,MW,nem,NSW1
2017-10-15 14:00:00,388.0,gas_ccgt,MW,nem,NSW1
2017-10-15 14:05:00,411.0,gas_ccgt,MW,nem,NSW1
2017-10-15 14:10:00,415.0,gas_ccgt,MW,nem,NSW1
2017-10-15 14:15:00,415.0,gas_ccgt,MW,nem,NSW1
2017-10-15 14:20:00,413.0,gas_ccgt,MW,nem,NSW1
2017-10-15 14:25:00,413.0,gas_ccgt,MW,nem,NSW1
2017-10-15 14:30:00,414.0,gas_ccgt,MW,nem,NSW1
2017-10-15 14:35:00,414.0,gas_ccgt,MW,nem,NSW1
2017-10-15 14:40:00,414.0,gas_ccgt,MW,nem,NSW1
2017-10-15 14:45:00,414.0,gas_ccgt,MW,nem,NSW1
2017-10-15 14:50:00,414.0,gas_ccgt,MW,nem,NSW1
2017-10-15 14:55:00,414.0,gas_ccgt,MW,nem,NSW1
2017-10-15 15:00:00,414.0,gas_ccgt,MW,nem,NSW1
2017-10-15 15:05:00,414.0,gas_ccgt,MW,nem,NSW1
2017-10-15 15:10:00,414.0,gas_ccgt,MW,nem,NSW1
2017-10-15 15:15:00,414.0,gas_ccgt,MW,nem,NSW1
2017-10-15 15:20:00,414.0,gas_ccgt,MW,nem,NSW1
2017-10-15 15:25:00,414.0,gas_ccgt,MW,nem,NSW1
2017-10-15 15:30:00,414.0,gas_ccgt,MW,nem,NSW1
2017-10-15 15:35:00,414.0,gas_ccgt,MW,nem,NSW1
2017-10-15 15:40:00,414.0,gas_ccgt,MW,nem,NSW1
2017-10-15 15:45:00,414.0,gas_ccgt,MW,nem,NSW1
2017-10-15 15:50:00,415.0,gas_ccgt,MW,nem,NSW1
2017-10-15 15:55:00,413.0,gas_ccgt,MW,nem,NSW1
2017-10-15 16:00:00,414.0,gas_ccgt,MW,nem,NSW1
2017-10-15 16:05:00,414.0,gas_ccgt,MW,nem,NSW1
2017-10-15 16:10:00,414.0,gas_ccgt,MW,nem,NSW1
2017-10-15 16:15:00,414.0,gas_ccgt,MW,nem,NSW1
2017-10-15 16:20:00,414.0,gas_ccgt,MW,nem,NSW1
2017-10-15 16:25:00,414.0,gas_ccgt,MW,nem,NSW1
2017-10-15 16:30:00,414.0,gas_ccgt,MW,nem,NSW1
2017-10-15 16:35:00,414.0,gas_ccgt,MW,nem,NSW1
2017-10-15 16:40:00,414.0,gas_ccgt,MW,nem,NSW1
2017-10-15 16:45:00,414.0,gas_ccgt,MW,nem,NSW1
2017-10-15 16:50:00,415.0,gas_ccgt,MW,nem,NSW1
2017-10-15 16:55:00,415.0,gas_ccgt,MW,nem,NSW1
2017-10-15 17:00:00,415.0,gas_ccgt,MW,nem,NSW1
2017-10-15 17:05:00,415.0,gas_ccgt,MW,nem,NSW1
2017-10-15 17:10:00,413.0,gas_ccgt,MW,nem,NSW1
2017-10-15 17:15:00,415.0,gas_ccgt,MW,nem,NSW1
2017-10-15 17:20:00,415.0,gas_ccgt,MW,nem,NSW1
2017-10-15 17:25:00,415.0,gas_ccgt,MW,nem,NSW1
2017-10-15 17:30:00,415.0,gas_ccgt,MW,nem,NSW1
2017-10-15 17:35:00,415.0,gas_ccgt,MW,nem,NSW1
2017-10-15 17:40:00,415.0,gas_ccgt,MW,nem,NSW1
2017-10-15 17:45:00,415.0,gas_ccgt,MW,nem,NSW1
2017-10-15 17:50:00,415.0,gas_ccgt,MW,nem,NSW1
2017-10-15 17:55:00,415.0,gas_ccgt,MW,nem,NSW1
2017-10-15 18:00:00,415.0,gas_ccgt,MW,nem,NSW1
2017-10-15 18:05:00,415.0,gas_ccgt,MW,nem,NSW1
2017-10-15 18:10:00,415.0,gas_ccgt,MW,nem,NSW1
2017-10-15 18:15:00,415.0,gas_ccgt,MW,nem,NSW1
2017-10-15 18:20:00,415.0,gas_ccgt,MW,nem,NSW1
2017-10-15 18:25:00,415.0,gas_ccgt,MW,nem,NSW1
2017-10-15 18:30:00,415.0,gas_ccgt,MW,nem,NSW1
2017-10-15 18:35:00,415.0,gas_ccgt,MW,nem,NSW1
2017-10-15 18:40:00,415.0,gas_ccgt,MW,nem,NSW1
2017-10-15 18:45:00,415.0,gas_ccgt,MW,nem,NSW1
2017-10-15 18:50:00,416.0,gas_ccgt,MW,nem,NSW1
2017-10-15 18:55:00,416.0,gas_ccgt,MW,nem,NSW1
2017-10-15 19:00:00,416.0,gas_ccgt,MW,nem,NSW1
2017-10-15 19:05:00,416.0,gas_ccgt,MW,nem,NSW1
2017-10-15 19:10:00,416.0,gas_ccgt,MW,nem,NSW1
2017-10-15 19:15:00,416.0,gas_ccgt,MW,nem,NSW1
2017-10-15 19:20:00,416.0,gas_ccgt,MW,nem,NSW1
2017-10-15 19:25:00,416.0,gas_ccgt,MW,nem,NSW1
2017-10-15 19:30:00,416.0,gas_ccgt,MW,nem,NSW1
2017-10-15 19:35:00,416.0,gas_ccgt,MW,nem,NSW1
2017-10-15 19:40:00,416.0,gas_ccgt,MW,nem,NSW1
2017-10-15 19:45:00,416.0,gas_ccgt,MW,nem,NSW1
2017-10-15 19:50:00,416.0,gas_ccgt,MW,nem,NSW1
2017-10-15 19:55:00,416.0,gas_ccgt,MW,nem,NSW1
2017-10-15 20:00:00,416.0,gas_ccgt,MW,nem,NSW1
2017-10-15 20:05:00,416.0,gas_ccgt,MW,nem,NSW1
2017-10-15 20:10:00,416.0,gas_ccgt,MW,nem,NSW1
2017-10-15 20:15:00,416.0,gas_ccgt,MW,nem,NSW1
2017-10-15 20:20:00,416.0,gas_ccgt,MW,nem,NSW1
2017-10-15 20:25:00,416.0,gas_ccgt,MW,nem,NSW1
2017-10-15 20:30:00,416.0,gas_ccgt,MW,nem,NSW1
2017-10-15 20:35:00,416.0,gas_ccgt,MW,nem,NSW1
2017-10-15 20:40:00,416.0,gas_ccgt,MW,nem,NSW1
2017-10-15 20:45:00,418.0,gas_ccgt,MW,nem,NSW1
2017-10-15 20:50:00,417.0,gas_ccgt,MW,nem,NSW1
2017-10-15 20:55:00,417.0,gas_ccgt,MW,nem,NSW1
2017-10-15 21:00:00,419.0,gas_ccgt,MW,nem,NSW1
2017-10-15 21:05:00,419.0,gas_ccgt,MW,nem,NSW1
2017-10-15 21:10:00,419.0,gas_ccgt,MW,nem,NSW1
2017-10-15 21:15:00,419.0,gas_ccgt,MW,nem,NSW1
2017-10-15 21:20:00,419.0,gas_ccgt,MW,nem,NSW1
2017-10-15 21:25:00,419.0,gas_ccgt,MW,nem,NSW1
2017-10-15 21:30:00,419.0,gas_ccgt,MW,nem,NSW1
2017-10-15 21:35:00,417.0,gas_ccgt,MW,nem,NSW1
2017-10-15 21:40:00,419.0,gas_ccgt,MW,nem,NSW1
2017-10-15 21:45:00,419.0,gas_ccgt,MW,nem,NSW1
2017-10-15 21:50:00,393.0,gas_ccgt,MW,nem,NSW1
2017-10-15 21:55:00,366.0,gas_ccgt,MW,nem,NSW1
2017-10-15 22:00:00,340.0,gas_ccgt,MW,nem,NSW1
2017-10-15 22:05:00,312.0,gas_ccgt,MW,nem,NSW1
2017-10-15 22:10:00,334.0,gas_ccgt,MW,nem,NSW1
2017-10-15 22:15:00,364.0,gas_ccgt,MW,nem,NSW1
2017-10-15 22:20:00,387.0,gas_ccgt,MW,nem,NSW1
2017-10-15 22:25:00,396.0,gas_ccgt,MW,nem,NSW1
2017-10-15 22:30:00,415.0,gas_ccgt,MW,nem,NSW1
2017-10-15 22:35:00,405.0,gas_ccgt,MW,nem,NSW1
2017-10-15 22:40:00,415.0,gas_ccgt,MW,nem,NSW1
2017-10-15 22:45:00,420.0,gas_ccgt,MW,nem,NSW1
2017-10-15 22:50:00,420.0,gas_ccgt,MW,nem,NSW1
2017-10-15 22:55:00,419.0,gas_ccgt,MW,nem,NSW1
2017-10-15 23:00:00,396.0,gas_ccgt,MW,nem,NSW1
2017-10-15 23:05:00,372.0,gas_ccgt,MW,nem,NSW1
2017-10-15 23:10:00,342.0,gas_ccgt,MW,nem,NSW1
2017-10-15 23:15:00,316.0,gas_ccgt,MW,nem,NSW1
2017-10-15 23:20:00,316.0,gas_ccgt,MW,nem,NSW1
2017-10-15 23:25:00,316.0,gas_ccgt,MW,nem,NSW1
2017-10-15 23:30:00,315.0,gas_ccgt,MW,nem,NSW1
2017-10-15 23:35:00,315.0,gas_ccgt,MW,nem,NSW1
2017-10-15 23:40:00,314.0,gas_ccgt,MW,nem,NSW1
2017-10-15 23:45:00,314.0,gas_ccgt,MW,nem,NSW1
2017-10-15 23:50:00,305.0,gas_ccgt,MW,nem,NSW1
2017-10-15 23:55:00,301.0,gas_ccgt,MW,nem,NSW1
2017-10-16 00:00:00,297.0,gas_ccgt,MW,nem,NSW1
2017-10-16 00:05:00,274.0,gas_ccgt,MW,nem,NSW1
2017-10-16 00:10:00,275.0,gas_ccgt,MW,nem,NSW1
2017-10-16 00:15:00,261.0,gas_ccgt,MW,nem,NSW1
2017-10-16 00:20:00,253.0,gas_ccgt,MW,nem,NSW1
2017-10-16 00:25:00,228.0,gas_ccgt,MW,nem,NSW1
2017-10-16 00:30:00,199.0,gas_ccgt,MW,nem,NSW1
2017-10-16 00:35:00,191.0,gas_ccgt,MW,nem,NSW1
2017-10-16 00:40:00,214.0,gas_ccgt,MW,nem,NSW1
2017-10-16 00:45:00,215.0,gas_ccgt,MW,nem,NSW1
2017-10-16 00:50:00,190.0,gas_ccgt,MW,nem,NSW1
2017-10-16 00:55:00,190.0,gas_ccgt,MW,nem,NSW1
2017-10-16 01:00:00,189.0,gas_ccgt,MW,nem,NSW1
2017-10-16 01:05:00,191.0,gas_ccgt,MW,nem,NSW1
2017-10-16 01:10:00,189.0,gas_ccgt,MW,nem,NSW1
2017-10-16 01:15:00,189.0,gas_ccgt,MW,nem,NSW1
2017-10-16 01:20:00,189.0,gas_ccgt,MW,nem,NSW1
2017-10-16 01:25:00,189.0,gas_ccgt,MW,nem,NSW1
2017-10-16 01:30:00,191.0,gas_ccgt,MW,nem,NSW1
2017-10-16 01:35:00,189.0,gas_ccgt,MW,nem,NSW1
2017-10-16 01:40:00,189.0,gas_ccgt,MW,nem,NSW1
2017-10-16 01:45:00,189.0,gas_ccgt,MW,nem,NSW1
2017-10-16 01:50:00,191.0,gas_ccgt,MW,nem,NSW1
2017-10-16 01:55:00,191.0,gas_ccgt,MW,nem,NSW1
2017-10-16 02:00:00,189.0,gas_ccgt,MW,nem,NSW1
2017-10-16 02:05:00,191.0,gas_ccgt,MW,nem,NSW1
2017-10-16 02:10:00,191.0,gas_ccgt,MW,nem,NSW1
2017-10-16 02:15:00,189.0,gas_ccgt,MW,nem,NSW1
2017-10-16 02:20:00,189.0,gas_ccgt,MW,nem,NSW1
2017-10-16 02:25:00,189.0,gas_ccgt,MW,nem,NSW1
2017-10-16 02:30:00,189.0,gas_ccgt,MW,nem,NSW1
2017-10-16 02:35:00,189.0,gas_ccgt,MW,nem,NSW1
2017-10-16 02:40:00,189.0,gas_ccgt,MW,nem,NSW1
2017-10-16 02:45:00,189.0,gas_ccgt,MW,nem,NSW1
2017-10-16 02:50:00,191.0,gas_ccgt,MW,nem,NSW1
2017-10-16 02:55:00,191.0,gas_ccgt,MW,nem,NSW1
2017-10-16 03:00:00,191.0,gas_ccgt,MW,nem,NSW1
2017-10-16 03:05:00,191.0,gas_ccgt,MW,nem,NSW1
2017-10-16 03:10:00,189.0,gas_ccgt,MW,nem,NSW1
2017-10-16 03:15:00,190.0,gas_ccgt,MW,nem,NSW1
2017-10-16 03:20:00,190.0,gas_ccgt,MW,nem,NSW1
2017-10-16 03:25:00,190.0,gas_ccgt,MW,nem,NSW1
2017-10-16 03:30:00,190.0,gas_ccgt,MW,nem,NSW1
2017-10-16 03:35:00,190.0,gas_ccgt,MW,nem,NSW1
2017-10-16 03:40:00,190.0,gas_ccgt,MW,nem,NSW1
2017-10-16 03:45:00,190.0,gas_ccgt,MW,nem,NSW1
2017-10-16 03:50:00,189.0,gas_ccgt,MW,nem,NSW1
2017-10-16 03:55:00,189.0,gas_ccgt,MW,nem,NSW1
2017-10-16 04:00:00,191.0,gas_ccgt,MW,nem,NSW1
2017-10-16 04:05:00,191.0,gas_ccgt,MW,nem,NSW1
2017-10-16 04:10:00,190.0,gas_ccgt,MW,nem,NSW1
2017-10-16 04:15:00,190.0,gas_ccgt,MW,nem,NSW1
2017-10-16 04:20:00,190.0,gas_ccgt,MW,nem,NSW1
2017-10-16 04:25:00,190.0,gas_ccgt,MW,nem,NSW1
2017-10-16 04:30:00,190.0,gas_ccgt,MW,nem,NSW1
2017-10-16 04:35:00,190.0,gas_ccgt,MW,nem,NSW1
2017-10-16 04:40:00,190.0,gas_ccgt,MW,nem,NSW1
2017-10-16 04:45:00,202.0,gas_ccgt,MW,nem,NSW1
2017-10-16 04:50:00,194.0,gas_ccgt,MW,nem,NSW1
2017-10-16 04:55:00,216.0,gas_ccgt,MW,nem,NSW1
2017-10-16 05:00:00,246.0,gas_ccgt,MW,nem,NSW1
2017-10-16 05:05:00,269.0,gas_ccgt,MW,nem,NSW1
2017-10-16 05:10:00,299.0,gas_ccgt,MW,nem,NSW1
2017-10-16 05:15:00,322.0,gas_ccgt,MW,nem,NSW1
2017-10-16 05:20:00,352.0,gas_ccgt,MW,nem,NSW1
2017-10-16 05:25:00,376.0,gas_ccgt,MW,nem,NSW1
2017-10-16 05:30:00,406.0,gas_ccgt,MW,nem,NSW1
2017-10-16 05:35:00,415.0,gas_ccgt,MW,nem,NSW1
2017-10-16 05:40:00,417.0,gas_ccgt,MW,nem,NSW1
2017-10-16 05:45:00,417.0,gas_ccgt,MW,nem,NSW1
2017-10-16 05:50:00,417.0,gas_ccgt,MW,nem,NSW1
2017-10-16 05:55:00,417.0,gas_ccgt,MW,nem,NSW1
2017-10-16 06:00:00,417.0,gas_ccgt,MW,nem,NSW1
2017-10-16 06:05:00,417.0,gas_ccgt,MW,nem,NSW1
2017-10-16 06:10:00,417.0,gas_ccgt,MW,nem,NSW1
2017-10-16 06:15:00,417.0,gas_ccgt,MW,nem,NSW1
2017-10-16 06:20:00,417.0,gas_ccgt,MW,nem,NSW1
2017-10-16 06:25:00,417.0,gas_ccgt,MW,nem,NSW1
2017-10-16 06:30:00,415.0,gas_ccgt,MW,nem,NSW1
2017-10-16 06:35:00,417.0,gas_ccgt,MW,nem,NSW1
2017-10-16 06:40:00,415.0,gas_ccgt,MW,nem,NSW1
2017-10-16 06:45:00,415.0,gas_ccgt,MW,nem,NSW1
2017-10-16 06:50:00,415.0,gas_ccgt,MW,nem,NSW1
2017-10-16 06:55:00,414.0,gas_ccgt,MW,nem,NSW1
2017-10-16 07:00:00,414.0,gas_ccgt,MW,nem,NSW1
2017-10-16 07:05:00,416.0,gas_ccgt,MW,nem,NSW1
2017-10-16 07:10:00,415.0,gas_ccgt,MW,nem,NSW1
2017-10-16 07:15:00,414.0,gas_ccgt,MW,nem,NSW1
2017-10-16 07:20:00,413.0,gas_ccgt,MW,nem,NSW1
2017-10-16 07:25:00,413.0,gas_ccgt,MW,nem,NSW1
2017-10-16 07:30:00,415.0,gas_ccgt,MW,nem,NSW1
2017-10-16 07:35:00,413.0,gas_ccgt,MW,nem,NSW1
2017-10-16 07:40:00,413.0,gas_ccgt,MW,nem,NSW1
2017-10-16 07:45:00,414.0,gas_ccgt,MW,nem,NSW1
2017-10-16 07:50:00,414.0,gas_ccgt,MW,nem,NSW1
2017-10-16 07:55:00,414.0,gas_ccgt,MW,nem,NSW1
2017-10-16 08:00:00,414.0,gas_ccgt,MW,nem,NSW1
2017-10-16 08:05:00,414.0,gas_ccgt,MW,nem,NSW1
2017-10-16 08:10:00,414.0,gas_ccgt,MW,nem,NSW1
2017-10-16 08:15:00,414.0,gas_ccgt,MW,nem,NSW1
2017-10-16 08:20:00,412.0,gas_ccgt,MW,nem,NSW1
2017-10-16 08:25:00,412.0,gas_ccgt,MW,nem,NSW1
2017-10-16 08:30:00,413.0,gas_ccgt,MW,nem,NSW1
2017-10-16 08:35:00,413.0,gas_ccgt,MW,nem,NSW1
2017-10-16 08:40:00,413.0,gas_ccgt,MW,nem,NSW1
2017-10-16 08:45:00,413.0,gas_ccgt,MW,nem,NSW1
2017-10-16 08:50:00,415.0,gas_ccgt,MW,nem,NSW1
2017-10-16 08:55:00,415.0,gas_ccgt,MW,nem,NSW1
2017-10-16 09:00:00,415.0,gas_ccgt,MW,nem,NSW1
2017-10-16 09:05:00,415.0,gas_ccgt,MW,nem,NSW1
2017-10-16 09:10:00,415.0,gas_ccgt,MW,nem,NSW1
2017-10-16 09:15:00,415.0,gas_ccgt,MW,nem,NSW1
2017-10-16 09:20:00,415.0,gas_ccgt,MW,nem,NSW1
2017-10-16 09:25:00,414.0,gas_ccgt,MW,nem,NSW1
2017-10-16 09:30:00,414.0,gas_ccgt,MW,nem,NSW1
2017-10-16 09:35:00,414.0,gas_ccgt,MW,nem,NSW1
2017-10-16 09:40:00,414.0,gas_ccgt,MW,nem,NSW1
2017-10-16 09:45:00,414.0,gas_ccgt,MW,nem,NSW1
2017-10-16 09:50:00,414.0,gas_ccgt,MW,nem,NSW1
2017-10-16 09:55:00,414.0,gas_ccgt,MW,nem,NSW1
2017-10-16 10:00:00,414.0,gas_ccgt,MW,nem,NSW1
2017-10-16 10:05:00,414.0,gas_ccgt,MW,nem,NSW1
2017-10-16 10:10:00,414.0,gas_ccgt,MW,nem,NSW1
2017-10-16 10:15:00,414.0,gas_ccgt,MW,nem,NSW1
2017-10-16 10:20:00,412.0,gas_ccgt,MW,nem,NSW1
2017-10-16 10:25:00,414.0,gas_ccgt,MW,nem,NSW1
2017-10-16 10:30:00,414.0,gas_ccgt,MW,nem,NSW1
2017-10-16 10:35:00,414.0,gas_ccgt,MW,nem,NSW1
2017-10-16 10:40:00,414.0,gas_ccgt,MW,nem,NSW1
2017-10-16 10:45:00,414.0,gas_ccgt,MW,nem,NSW1
2017-10-16 10:50:00,413.0,gas_ccgt,MW,nem,NSW1
2017-10-16 10:55:00,413.0,gas_ccgt,MW,nem,NSW1
2017-10-16 11:00:00,413.0,gas_ccgt,MW,nem,NSW1
2017-10-16 11:05:00,413.0,gas_ccgt,MW,nem,NSW1
2017-10-16 11:10:00,413.0,gas_ccgt,MW,nem,NSW1
2017-10-16 11:15:00,413.0,gas_ccgt,MW,nem,NSW1
2017-10-16 11:20:00,413.0,gas_ccgt,MW,nem,NSW1
2017-10-16 11:25:00,413.0,gas_ccgt,MW,nem,NSW1
2017-10-16 11:30:00,414.0,gas_ccgt,MW,nem,NSW1
2017-10-16 11:35:00,413.0,gas_ccgt,MW,nem,NSW1
2017-10-16 11:40:00,413.0,gas_ccgt,MW,nem,NSW1
2017-10-16 11:45:00,413.0,gas_ccgt,MW,nem,NSW1
2017-10-16 11:50:00,412.0,gas_ccgt,MW,nem,NSW1
2017-10-16 11:55:00,412.0,gas_ccgt,MW,nem,NSW1
2017-10-16 12:00:00,412.0,gas_ccgt,MW,nem,NSW1
2017-10-16 12:05:00,412.0,gas_ccgt,MW,nem,NSW1
2017-10-16 12:10:00,414.0,gas_ccgt,MW,nem,NSW1
2017-10-16 12:15:00,412.0,gas_ccgt,MW,nem,NSW1
2017-10-16 12:20:00,412.0,gas_ccgt,MW,nem,NSW1
2017-10-16 12:25:00,412.0,gas_ccgt,MW,nem,NSW1
2017-10-16 12:30:00,412.0,gas_ccgt,MW,nem,NSW1
2017-10-16 12:35:00,412.0,gas_ccgt,MW,nem,NSW1
2017-10-16 12:40:00,412.0,gas_ccgt,MW,nem,NSW1
2017-10-16 12:45:00,413.0,gas_ccgt,MW,nem,NSW1
2017-10-16 12:50:00,413.0,gas_ccgt,MW,nem,NSW1
2017-10-16 12:55:00,411.0,gas_ccgt,MW,nem,NSW1
2017-10-16 13:00:00,413.0,gas_ccgt,MW,nem,NSW1
2017-10-16 13:05:00,412.0,gas_ccgt,MW,nem,NSW1
2017-10-16 13:10:00,412.0,gas_ccgt,MW,nem,NSW1
2017-10-16 13:15:00,413.0,gas_ccgt,MW,nem,NSW1
2017-10-16 13:20:00,413.0,gas_ccgt,MW,nem,NSW1
2017-10-16 13:25:00,413.0,gas_ccgt,MW,nem,NSW1
2017-10-16 13:30:00,413.0,gas_ccgt,MW,nem,NSW1
2017-10-16 13:35:00,411.0,gas_ccgt,MW,nem,NSW1
2017-10-16 13:40:00,413.0,gas_ccgt,MW,nem,NSW1
2017-10-16 13:45:00,412.0,gas_ccgt,MW,nem,NSW1
2017-10-16 13:50:00,414.0,gas_ccgt,MW,nem,NSW1
2017-10-16 13:55:00,412.0,gas_ccgt,MW,nem,NSW1
2017-10-16 14:00:00,412.0,gas_ccgt,MW,nem,NSW1
2017-10-16 14:05:00,412.0,gas_ccgt,MW,nem,NSW1
2017-10-16 14:10:00,412.0,gas_ccgt,MW,nem,NSW1
2017-10-16 14:15:00,412.0,gas_ccgt,MW,nem,NSW1
2017-10-16 14:20:00,412.0,gas_ccgt,MW,nem,NSW1
2017-10-16 14:25:00,412.0,gas_ccgt,MW,nem,NSW1
2017-10-16 14:30:00,412.0,gas_ccgt,MW,nem,NSW1
2017-10-16 14:35:00,413.0,gas_ccgt,MW,nem,NSW1
2017-10-16 14:40:00,413.0,gas_ccgt,MW,nem,NSW1
2017-10-16 14:45:00,413.0,gas_ccgt,MW,nem,NSW1
2017-10-16 14:50:00,413.0,gas_ccgt,MW,nem,NSW1
2017-10-16 14:55:00,413.0,gas_ccgt,MW,nem,NSW1
2017-10-16 15:00:00,413.0,gas_ccgt,MW,nem,NSW1
2017-10-16 15:05:00,413.0,gas_ccgt,MW,nem,NSW1
2017-10-16 15:10:00,413.0,gas_ccgt,MW,nem,NSW1
2017-10-16 15:15:00,413.0,gas_ccgt,MW,nem,NSW1
2017-10-16 15:20:00,413.0,gas_ccgt,MW,nem,NSW1
2017-10-16 15:25:00,413.0,gas_ccgt,MW,nem,NSW1
2017-10-16 15:30:00,413.0,gas_ccgt,MW,nem,NSW1
2017-10-16 15:35:00,413.0,gas_ccgt,MW,nem,NSW1
2017-10-16 15:40:00,413.0,gas_ccgt,MW,nem,NSW1
2017-10-16 15:45:00,413.0,gas_ccgt,MW,nem,NSW1
2017-10-16 15:50:00,413.0,gas_ccgt,MW,nem,NSW1
2017-10-16 15:55:00,413.0,gas_ccgt,MW,nem,NSW1
2017-10-16 16:00:00,413.0,gas_ccgt,MW,nem,NSW1
2017-10-16 16:05:00,413.0,gas_ccgt,MW,nem,NSW1
2017-10-16 16:10:00,413.0,gas_ccgt,MW,nem,NSW1
2017-10-16 16:15:00,411.0,gas_ccgt,MW,nem,NSW1
2017-10-16 16:20:00,413.0,gas_ccgt,MW,nem,NSW1
2017-10-16 16:25:00,413.0,gas_ccgt,MW,nem,NSW1
2017-10-16 16:30:00,413.0,gas_ccgt,MW,nem,NSW1
2017-10-16 16:35:00,414.0,gas_ccgt,MW,nem,NSW1
2017-10-16 16:40:00,413.0,gas_ccgt,MW,nem,NSW1
2017-10-16 16:45:00,411.0,gas_ccgt,MW,nem,NSW1
2017-10-16 16:50:00,414.0,gas_ccgt,MW,nem,NSW1
2017-10-16 16:55:00,414.0,gas_ccgt,MW,nem,NSW1
2017-10-16 17:00:00,412.0,gas_ccgt,MW,nem,NSW1
2017-10-16 17:05:00,413.0,gas_ccgt,MW,nem,NSW1
2017-10-16 17:10:00,415.0,gas_ccgt,MW,nem,NSW1
2017-10-16 17:15:00,413.0,gas_ccgt,MW,nem,NSW1
2017-10-16 17:20:00,415.0,gas_ccgt,MW,nem,NSW1
2017-10-16 17:25:00,415.0,gas_ccgt,MW,nem,NSW1
2017-10-16 17:30:00,414.0,gas_ccgt,MW,nem,NSW1
2017-10-16 17:35:00,416.0,gas_ccgt,MW,nem,NSW1
2017-10-16 17:40:00,416.0,gas_ccgt,MW,nem,NSW1
2017-10-16 17:45:00,416.0,gas_ccgt,MW,nem,NSW1
2017-10-16 17:50:00,414.0,gas_ccgt,MW,nem,NSW1
2017-10-16 17:55:00,416.0,gas_ccgt,MW,nem,NSW1
2017-10-16 18:00:00,414.0,gas_ccgt,MW,nem,NSW1
2017-10-16 18:05:00,415.0,gas_ccgt,MW,nem,NSW1
2017-10-16 18:10:00,414.0,gas_ccgt,MW,nem,NSW1
2017-10-16 18:15:00,414.0,gas_ccgt,MW,nem,NSW1
2017-10-16 18:20:00,414.0,gas_ccgt,MW,nem,NSW1
2017-10-16 18:25:00,414.0,gas_ccgt,MW,nem,NSW1
2017-10-16 18:30:00,416.0,gas_ccgt,MW,nem,NSW1
2017-10-16 18:35:00,416.0,gas_ccgt,MW,nem,NSW1
2017-10-16 18:40:00,414.0,gas_ccgt,MW,nem,NSW1
2017-10-16 18:45:00,414.0,gas_ccgt,MW,nem,NSW1
2017-10-16 18:50:00,415.0,gas_ccgt,MW,nem,NSW1
2017-10-16 18:55:00,415.0,gas_ccgt,MW,nem,NSW1
2017-10-16 19:00:00,414.0,gas_ccgt,MW,nem,NSW1
2017-10-16 19:05:00,416.0,gas_ccgt,MW,nem,NSW1
2017-10-16 19:10:00,414.0,gas_ccgt,MW,nem,NSW1
2017-10-16 19:15:00,417.0,gas_ccgt,MW,nem,NSW1
2017-10-16 19:20:00,416.0,gas_ccgt,MW,nem,NSW1
2017-10-16 19:25:00,416.0,gas_ccgt,MW,nem,NSW1
2017-10-16 19:30:00,415.0,gas_ccgt,MW,nem,NSW1
2017-10-16 19:35:00,415.0,gas_ccgt,MW,nem,NSW1
2017-10-16 19:40:00,414.0,gas_ccgt,MW,nem,NSW1
2017-10-16 19:45:00,415.0,gas_ccgt,MW,nem,NSW1
2017-10-16 19:50:00,415.0,gas_ccgt,MW,nem,NSW1
2017-10-16 19:55:00,415.0,gas_ccgt,MW,nem,NSW1
2017-10-16 20:00:00,414.0,gas_ccgt,MW,nem,NSW1
2017-10-16 20:05:00,415.0,gas_ccgt,MW,nem,NSW1
2017-10-16 20:10:00,415.0,gas_ccgt,MW,nem,NSW1
2017-10-16 20:15:00,415.0,gas_ccgt,MW,nem,NSW1
2017-10-16 20:20:00,415.0,gas_ccgt,MW,nem,NSW1
2017-10-16 20:25:00,414.0,gas_ccgt,MW,nem,NSW1
2017-10-16 20:30:00,415.0,gas_ccgt,MW,nem,NSW1
2017-10-16 20:35:00,415.0,gas_ccgt,MW,nem,NSW1
2017-10-16 20:40:00,415.0,gas_ccgt,MW,nem,NSW1
2017-10-16 20:45:00,415.0,gas_ccgt,MW,nem,NSW1
2017-10-16 20:50:00,414.0,gas_ccgt,MW,nem,NSW1
2017-10-16 20:55:00,416.0,gas_ccgt,MW,nem,NSW1
2017-10-16 21:00:00,416.0,gas_ccgt,MW,nem,NSW1
2017-10-16 21:05:00,414.0,gas_ccgt,MW,nem,NSW1
2017-10-16 21:10:00,416.0,gas_ccgt,MW,nem,NSW1
2017-10-16 21:15:00,416.0,gas_ccgt,MW,nem,NSW1
2017-10-16 21:20:00,416.0,gas_ccgt,MW,nem,NSW1
2017-10-16 21:25:00,415.0,gas_ccgt,MW,nem,NSW1
2017-10-16 21:30:00,415.0,gas_ccgt,MW,nem,NSW1
2017-10-16 21:35:00,415.0,gas_ccgt,MW,nem,NSW1
2017-10-16 21:40:00,415.0,gas_ccgt,MW,nem,NSW1
2017-10-16 21:45:00,416.0,gas_ccgt,MW,nem,NSW1
2017-10-16 21:50:00,391.0,gas_ccgt,MW,nem,NSW1
2017-10-16 21:55:00,361.0,gas_ccgt,MW,nem,NSW1
2017-10-16 22:00:00,335.0,gas_ccgt,MW,nem,NSW1
2017-10-16 22:05:00,306.0,gas_ccgt,MW,nem,NSW1
2017-10-16 22:10:00,329.0,gas_ccgt,MW,nem,NSW1
2017-10-16 22:15:00,359.0,gas_ccgt,MW,nem,NSW1
2017-10-16 22:20:00,373.0,gas_ccgt,MW,nem,NSW1
2017-10-16 22:25:00,349.0,gas_ccgt,MW,nem,NSW1
2017-10-16 22:30:00,319.0,gas_ccgt,MW,nem,NSW1
2017-10-16 22:35:00,290.0,gas_ccgt,MW,nem,NSW1
2017-10-16 22:40:00,314.0,gas_ccgt,MW,nem,NSW1
2017-10-16 22:45:00,343.0,gas_ccgt,MW,nem,NSW1
2017-10-16 22:50:00,317.0,gas_ccgt,MW,nem,NSW1
2017-10-16 22:55:00,289.0,gas_ccgt,MW,nem,NSW1
2017-10-16 23:00:00,270.0,gas_ccgt,MW,nem,NSW1
2017-10-16 23:05:00,268.0,gas_ccgt,MW,nem,NSW1
2017-10-16 23:10:00,291.0,gas_ccgt,MW,nem,NSW1
2017-10-16 23:15:00,321.0,gas_ccgt,MW,nem,NSW1
2017-10-16 23:20:00,345.0,gas_ccgt,MW,nem,NSW1
2017-10-16 23:25:00,375.0,gas_ccgt,MW,nem,NSW1
2017-10-16 23:30:00,401.0,gas_ccgt,MW,nem,NSW1
2017-10-16 23:35:00,380.0,gas_ccgt,MW,nem,NSW1
2017-10-16 23:40:00,398.0,gas_ccgt,MW,nem,NSW1
2017-10-16 23:45:00,413.0,gas_ccgt,MW,nem,NSW1
2017-10-16 23:50:00,390.0,gas_ccgt,MW,nem,NSW1
2017-10-16 23:55:00,363.0,gas_ccgt,MW,nem,NSW1
2017-10-17 00:00:00,384.0,gas_ccgt,MW,nem,NSW1
2017-10-17 00:05:00,408.0,gas_ccgt,MW,nem,NSW1
2017-10-17 00:10:00,415.0,gas_ccgt,MW,nem,NSW1
2017-10-17 00:15:00,417.0,gas_ccgt,MW,nem,NSW1
2017-10-17 00:20:00,412.0,gas_ccgt,MW,nem,NSW1
2017-10-17 00:25:00,389.0,gas_ccgt,MW,nem,NSW1
2017-10-17 00:30:00,384.0,gas_ccgt,MW,nem,NSW1
2017-10-17 00:35:00,359.0,gas_ccgt,MW,nem,NSW1
2017-10-17 00:40:00,379.0,gas_ccgt,MW,nem,NSW1
2017-10-17 00:45:00,379.0,gas_ccgt,MW,nem,NSW1
2017-10-17 00:50:00,355.0,gas_ccgt,MW,nem,NSW1
2017-10-17 00:55:00,325.0,gas_ccgt,MW,nem,NSW1
2017-10-17 01:00:00,300.0,gas_ccgt,MW,nem,NSW1
2017-10-17 01:05:00,269.0,gas_ccgt,MW,nem,NSW1
2017-10-17 01:10:00,245.0,gas_ccgt,MW,nem,NSW1
2017-10-17 01:15:00,214.0,gas_ccgt,MW,nem,NSW1
2017-10-17 01:20:00,190.0,gas_ccgt,MW,nem,NSW1
2017-10-17 01:25:00,190.0,gas_ccgt,MW,nem,NSW1
2017-10-17 01:30:00,190.0,gas_ccgt,MW,nem,NSW1
2017-10-17 01:35:00,190.0,gas_ccgt,MW,nem,NSW1
2017-10-17 01:40:00,190.0,gas_ccgt,MW,nem,NSW1
2017-10-17 01:45:00,190.0,gas_ccgt,MW,nem,NSW1
2017-10-17 01:50:00,190.0,gas_ccgt,MW,nem,NSW1
2017-10-17 01:55:00,189.0,gas_ccgt,MW,nem,NSW1
2017-10-17 02:00:00,190.0,gas_ccgt,MW,nem,NSW1
2017-10-17 02:05:00,191.0,gas_ccgt,MW,nem,NSW1
2017-10-17 02:10:00,189.0,gas_ccgt,MW,nem,NSW1
2017-10-17 02:15:00,189.0,gas_ccgt,MW,nem,NSW1
2017-10-17 02:20:00,189.0,gas_ccgt,MW,nem,NSW1
2017-10-17 02:25:00,190.0,gas_ccgt,MW,nem,NSW1
2017-10-17 02:30:00,190.0,gas_ccgt,MW,nem,NSW1
2017-10-17 02:35:00,190.0,gas_ccgt,MW,nem,NSW1
2017-10-17 02:40:00,190.0,gas_ccgt,MW,nem,NSW1
2017-10-17 02:45:00,190.0,gas_ccgt,MW,nem,NSW1
2017-10-17 02:50:00,191.0,gas_ccgt,MW,nem,NSW1
2017-10-17 02:55:00,190.0,gas_ccgt,MW,nem,NSW1
2017-10-17 03:00:00,190.0,gas_ccgt,MW,nem,NSW1
2017-10-17 03:05:00,190.0,gas_ccgt,MW,nem,NSW1
2017-10-17 03:10:00,190.0,gas_ccgt,MW,nem,NSW1
2017-10-17 03:15:00,190.0,gas_ccgt,MW,nem,NSW1
2017-10-17 03:20:00,190.0,gas_ccgt,MW,nem,NSW1
2017-10-17 03:25:00,192.0,gas_ccgt,MW,nem,NSW1
2017-10-17 03:30:00,190.0,gas_ccgt,MW,nem,NSW1
2017-10-17 03:35:00,190.0,gas_ccgt,MW,nem,NSW1
2017-10-17 03:40:00,190.0,gas_ccgt,MW,nem,NSW1
2017-10-17 03:45:00,190.0,gas_ccgt,MW,nem,NSW1
2017-10-17 03:50:00,190.0,gas_ccgt,MW,nem,NSW1
2017-10-17 03:55:00,190.0,gas_ccgt,MW,nem,NSW1
2017-10-17 04:00:00,190.0,gas_ccgt,MW,nem,NSW1
2017-10-17 04:05:00,190.0,gas_ccgt,MW,nem,NSW1
2017-10-17 04:10:00,190.0,gas_ccgt,MW,nem,NSW1
2017-10-17 04:15:00,190.0,gas_ccgt,MW,nem,NSW1
2017-10-17 04:20:00,189.0,gas_ccgt,MW,nem,NSW1
2017-10-17 04:25:00,191.0,gas_ccgt,MW,nem,NSW1
2017-10-17 04:30:00,189.0,gas_ccgt,MW,nem,NSW1
2017-10-17 04:35:00,191.0,gas_ccgt,MW,nem,NSW1
2017-10-17 04:40:00,191.0,gas_ccgt,MW,nem,NSW1
2017-10-17 04:45:00,189.0,gas_ccgt,MW,nem,NSW1
2017-10-17 04:50:00,190.0,gas_ccgt,MW,nem,NSW1
2017-10-17 04:55:00,190.0,gas_ccgt,MW,nem,NSW1
2017-10-17 05:00:00,190.0,gas_ccgt,MW,nem,NSW1
2017-10-17 05:05:00,190.0,gas_ccgt,MW,nem,NSW1
2017-10-17 05:10:00,190.0,gas_ccgt,MW,nem,NSW1
2017-10-17 05:15:00,190.0,gas_ccgt,MW,nem,NSW1
2017-10-17 05:20:00,215.0,gas_ccgt,MW,nem,NSW1
2017-10-17 05:25:00,244.0,gas_ccgt,MW,nem,NSW1
2017-10-17 05:30:00,269.0,gas_ccgt,MW,nem,NSW1
2017-10-17 05:35:00,297.0,gas_ccgt,MW,nem,NSW1
2017-10-17 05:40:00,275.0,gas_ccgt,MW,nem,NSW1
2017-10-17 05:45:00,291.0,gas_ccgt,MW,nem,NSW1
2017-10-17 05:50:00,321.0,gas_ccgt,MW,nem,NSW1
2017-10-17 05:55:00,346.0,gas_ccgt,MW,nem,NSW1
2017-10-17 06:00:00,328.0,gas_ccgt,MW,nem,NSW1
2017-10-17 06:05:00,321.0,gas_ccgt,MW,nem,NSW1
2017-10-17 06:10:00,324.0,gas_ccgt,MW,nem,NSW1
2017-10-17 06:15:00,298.0,gas_ccgt,MW,nem,NSW1
2017-10-17 06:20:00,318.0,gas_ccgt,MW,nem,NSW1
2017-10-17 06:25:00,348.0,gas_ccgt,MW,nem,NSW1
2017-10-17 06:30:00,373.0,gas_ccgt,MW,nem,NSW1
2017-10-17 06:35:00,401.0,gas_ccgt,MW,nem,NSW1
2017-10-17 06:40:00,412.0,gas_ccgt,MW,nem,NSW1
2017-10-17 06:45:00,414.0,gas_ccgt,MW,nem,NSW1
2017-10-17 06:50:00,415.0,gas_ccgt,MW,nem,NSW1
2017-10-17 06:55:00,413.0,gas_ccgt,MW,nem,NSW1
2017-10-17 07:00:00,413.0,gas_ccgt,MW,nem,NSW1
2017-10-17 07:05:00,413.0,gas_ccgt,MW,nem,NSW1
2017-10-17 07:10:00,391.0,gas_ccgt,MW,nem,NSW1
2017-10-17 07:15:00,407.0,gas_ccgt,MW,nem,NSW1
2017-10-17 07:20:00,411.0,gas_ccgt,MW,nem,NSW1
2017-10-17 07:25:00,412.0,gas_ccgt,MW,nem,NSW1
2017-10-17 07:30:00,413.0,gas_ccgt,MW,nem,NSW1
2017-10-17 07:35:00,412.0,gas_ccgt,MW,nem,NSW1
2017-10-17 07:40:00,412.0,gas_ccgt,MW,nem,NSW1
2017-10-17 07:45:00,391.0,gas_ccgt,MW,nem,NSW1
2017-10-17 07:50:00,407.0,gas_ccgt,MW,nem,NSW1
2017-10-17 07:55:00,408.0,gas_ccgt,MW,nem,NSW1
2017-10-17 08:00:00,409.0,gas_ccgt,MW,nem,NSW1
2017-10-17 08:05:00,411.0,gas_ccgt,MW,nem,NSW1
2017-10-17 08:10:00,411.0,gas_ccgt,MW,nem,NSW1
2017-10-17 08:15:00,411.0,gas_ccgt,MW,nem,NSW1
2017-10-17 08:20:00,411.0,gas_ccgt,MW,nem,NSW1
2017-10-17 08:25:00,410.0,gas_ccgt,MW,nem,NSW1
2017-10-17 08:30:00,411.0,gas_ccgt,MW,nem,NSW1
2017-10-17 08:35:00,411.0,gas_ccgt,MW,nem,NSW1
2017-10-17 08:40:00,388.0,gas_ccgt,MW,nem,NSW1
2017-10-17 08:45:00,359.0,gas_ccgt,MW,nem,NSW1
2017-10-17 08:50:00,383.0,gas_ccgt,MW,nem,NSW1
2017-10-17 08:55:00,406.0,gas_ccgt,MW,nem,NSW1
2017-10-17 09:00:00,410.0,gas_ccgt,MW,nem,NSW1
2017-10-17 09:05:00,410.0,gas_ccgt,MW,nem,NSW1
2017-10-17 09:10:00,410.0,gas_ccgt,MW,nem,NSW1
2017-10-17 09:15:00,408.0,gas_ccgt,MW,nem,NSW1
2017-10-17 09:20:00,411.0,gas_ccgt,MW,nem,NSW1
2017-10-17 09:25:00,410.0,gas_ccgt,MW,nem,NSW1
2017-10-17 09:30:00,410.0,gas_ccgt,MW,nem,NSW1
2017-10-17 09:35:00,410.0,gas_ccgt,MW,nem,NSW1
2017-10-17 09:40:00,406.0,gas_ccgt,MW,nem,NSW1
2017-10-17 09:45:00,408.0,gas_ccgt,MW,nem,NSW1
2017-10-17 09:50:00,407.0,gas_ccgt,MW,nem,NSW1
2017-10-17 09:55:00,409.0,gas_ccgt,MW,nem,NSW1
2017-10-17 10:00:00,409.0,gas_ccgt,MW,nem,NSW1
2017-10-17 10:05:00,409.0,gas_ccgt,MW,nem,NSW1
2017-10-17 10:10:00,407.0,gas_ccgt,MW,nem,NSW1
2017-10-17 10:15:00,405.0,gas_ccgt,MW,nem,NSW1
2017-10-17 10:20:00,412.0,gas_ccgt,MW,nem,NSW1
2017-10-17 10:25:00,412.0,gas_ccgt,MW,nem,NSW1
2017-10-17 10:30:00,412.0,gas_ccgt,MW,nem,NSW1
2017-10-17 10:35:00,412.0,gas_ccgt,MW,nem,NSW1
2017-10-17 10:40:00,410.0,gas_ccgt,MW,nem,NSW1
2017-10-17 10:45:00,411.0,gas_ccgt,MW,nem,NSW1
2017-10-17 10:50:00,413.0,gas_ccgt,MW,nem,NSW1
2017-10-17 10:55:00,413.0,gas_ccgt,MW,nem,NSW1
2017-10-17 11:00:00,415.0,gas_ccgt,MW,nem,NSW1
2017-10-17 11:05:00,414.0,gas_ccgt,MW,nem,NSW1
2017-10-17 11:10:00,414.0,gas_ccgt,MW,nem,NSW1
2017-10-17 11:15:00,414.0,gas_ccgt,MW,nem,NSW1
2017-10-17 11:20:00,414.0,gas_ccgt,MW,nem,NSW1
2017-10-17 11:25:00,413.0,gas_ccgt,MW,nem,NSW1
2017-10-17 11:30:00,415.0,gas_ccgt,MW,nem,NSW1
2017-10-17 11:35:00,413.0,gas_ccgt,MW,nem,NSW1
2017-10-17 11:40:00,413.0,gas_ccgt,MW,nem,NSW1
2017-10-17 11:45:00,415.0,gas_ccgt,MW,nem,NSW1
2017-10-17 11:50:00,415.0,gas_ccgt,MW,nem,NSW1
2017-10-17 11:55:00,413.0,gas_ccgt,MW,nem,NSW1
2017-10-17 12:00:00,415.0,gas_ccgt,MW,nem,NSW1
2017-10-17 12:05:00,413.0,gas_ccgt,MW,nem,NSW1
2017-10-17 12:10:00,413.0,gas_ccgt,MW,nem,NSW1
2017-10-17 12:15:00,414.0,gas_ccgt,MW,nem,NSW1
2017-10-17 12:20:00,414.0,gas_ccgt,MW,nem,NSW1
2017-10-17 12:25:00,415.0,gas_ccgt,MW,nem,NSW1
2017-10-17 12:30:00,415.0,gas_ccgt,MW,nem,NSW1
2017-10-17 12:35:00,414.0,gas_ccgt,MW,nem,NSW1
2017-10-17 12:40:00,412.0,gas_ccgt,MW,nem,NSW1
2017-10-17 12:45:00,414.0,gas_ccgt,MW,nem,NSW1
2017-10-17 12:50:00,413.0,gas_ccgt,MW,nem,NSW1
2017-10-17 12:55:00,413.0,gas_ccgt,MW,nem,NSW1
2017-10-17 13:00:00,413.0,gas_ccgt,MW,nem,NSW1
2017-10-17 13:05:00,415.0,gas_ccgt,MW,nem,NSW1
2017-10-17 13:10:00,413.0,gas_ccgt,MW,nem,NSW1
2017-10-17 13:15:00,413.0,gas_ccgt,MW,nem,NSW1
2017-10-17 13:20:00,414.0,gas_ccgt,MW,nem,NSW1
2017-10-17 13:25:00,414.0,gas_ccgt,MW,nem,NSW1
2017-10-17 13:30:00,414.0,gas_ccgt,MW,nem,NSW1
2017-10-17 13:35:00,414.0,gas_ccgt,MW,nem,NSW1
2017-10-17 13:40:00,414.0,gas_ccgt,MW,nem,NSW1
2017-10-17 13:45:00,412.0,gas_ccgt,MW,nem,NSW1
2017-10-17 13:50:00,414.0,gas_ccgt,MW,nem,NSW1
2017-10-17 13:55:00,414.0,gas_ccgt,MW,nem,NSW1
2017-10-17 14:00:00,414.0,gas_ccgt,MW,nem,NSW1
2017-10-17 14:05:00,414.0,gas_ccgt,MW,nem,NSW1
2017-10-17 14:10:00,414.0,gas_ccgt,MW,nem,NSW1
2017-10-17 14:15:00,414.0,gas_ccgt,MW,nem,NSW1
2017-10-17 14:20:00,413.0,gas_ccgt,MW,nem,NSW1
2017-10-17 14:25:00,414.0,gas_ccgt,MW,nem,NSW1
2017-10-17 14:30:00,412.0,gas_ccgt,MW,nem,NSW1
2017-10-17 14:35:00,416.0,gas_ccgt,MW,nem,NSW1
2017-10-17 14:40:00,413.0,gas_ccgt,MW,nem,NSW1
2017-10-17 14:45:00,413.0,gas_ccgt,MW,nem,NSW1
2017-10-17 14:50:00,413.0,gas_ccgt,MW,nem,NSW1
2017-10-17 14:55:00,415.0,gas_ccgt,MW,nem,NSW1
2017-10-17 15:00:00,413.0,gas_ccgt,MW,nem,NSW1
2017-10-17 15:05:00,413.0,gas_ccgt,MW,nem,NSW1
2017-10-17 15:10:00,413.0,gas_ccgt,MW,nem,NSW1
2017-10-17 15:15:00,414.0,gas_ccgt,MW,nem,NSW1
2017-10-17 15:20:00,415.0,gas_ccgt,MW,nem,NSW1
2017-10-17 15:25:00,414.0,gas_ccgt,MW,nem,NSW1
2017-10-17 15:30:00,414.0,gas_ccgt,MW,nem,NSW1
2017-10-17 15:35:00,414.0,gas_ccgt,MW,nem,NSW1
2017-10-17 15:40:00,414.0,gas_ccgt,MW,nem,NSW1
2017-10-17 15:45:00,415.0,gas_ccgt,MW,nem,NSW1
2017-10-17 15:50:00,414.0,gas_ccgt,MW,nem,NSW1
2017-10-17 15:55:00,413.0,gas_ccgt,MW,nem,NSW1
2017-10-17 16:00:00,414.0,gas_ccgt,MW,nem,NSW1
2017-10-17 16:05:00,413.0,gas_ccgt,MW,nem,NSW1
2017-10-17 16:10:00,414.0,gas_ccgt,MW,nem,NSW1
2017-10-17 16:15:00,414.0,gas_ccgt,MW,nem,NSW1
2017-10-17 16:20:00,413.0,gas_ccgt,MW,nem,NSW1
2017-10-17 16:25:00,413.0,gas_ccgt,MW,nem,NSW1
2017-10-17 16:30:00,413.0,gas_ccgt,MW,nem,NSW1
2017-10-17 16:35:00,414.0,gas_ccgt,MW,nem,NSW1
2017-10-17 16:40:00,413.0,gas_ccgt,MW,nem,NSW1
2017-10-17 16:45:00,413.0,gas_ccgt,MW,nem,NSW1
2017-10-17 16:50:00,414.0,gas_ccgt,MW,nem,NSW1
2017-10-17 16:55:00,414.0,gas_ccgt,MW,nem,NSW1
2017-10-17 17:00:00,415.0,gas_ccgt,MW,nem,NSW1
2017-10-17 17:05:00,415.0,gas_ccgt,MW,nem,NSW1
2017-10-17 17:10:00,414.0,gas_ccgt,MW,nem,NSW1
2017-10-17 17:15:00,414.0,gas_ccgt,MW,nem,NSW1
2017-10-17 17:20:00,414.0,gas_ccgt,MW,nem,NSW1
2017-10-17 17:25:00,414.0,gas_ccgt,MW,nem,NSW1
2017-10-17 17:30:00,415.0,gas_ccgt,MW,nem,NSW1
2017-10-17 17:35:00,414.0,gas_ccgt,MW,nem,NSW1
2017-10-17 17:40:00,416.0,gas_ccgt,MW,nem,NSW1
2017-10-17 17:45:00,413.0,gas_ccgt,MW,nem,NSW1
2017-10-17 17:50:00,414.0,gas_ccgt,MW,nem,NSW1
2017-10-17 17:55:00,415.0,gas_ccgt,MW,nem,NSW1
2017-10-17 18:00:00,414.0,gas_ccgt,MW,nem,NSW1
2017-10-17 18:05:00,414.0,gas_ccgt,MW,nem,NSW1
2017-10-17 18:10:00,414.0,gas_ccgt,MW,nem,NSW1
2017-10-17 18:15:00,414.0,gas_ccgt,MW,nem,NSW1
2017-10-17 18:20:00,416.0,gas_ccgt,MW,nem,NSW1
2017-10-17 18:25:00,415.0,gas_ccgt,MW,nem,NSW1
2017-10-17 18:30:00,414.0,gas_ccgt,MW,nem,NSW1
2017-10-17 18:35:00,414.0,gas_ccgt,MW,nem,NSW1
2017-10-17 18:40:00,414.0,gas_ccgt,MW,nem,NSW1
2017-10-17 18:45:00,415.0,gas_ccgt,MW,nem,NSW1
2017-10-17 18:50:00,413.0,gas_ccgt,MW,nem,NSW1
2017-10-17 18:55:00,415.0,gas_ccgt,MW,nem,NSW1
2017-10-17 19:00:00,414.0,gas_ccgt,MW,nem,NSW1
2017-10-17 19:05:00,415.0,gas_ccgt,MW,nem,NSW1
2017-10-17 19:10:00,414.0,gas_ccgt,MW,nem,NSW1
2017-10-17 19:15:00,415.0,gas_ccgt,MW,nem,NSW1
2017-10-17 19:20:00,414.0,gas_ccgt,MW,nem,NSW1
2017-10-17 19:25:00,416.0,gas_ccgt,MW,nem,NSW1
2017-10-17 19:30:00,417.0,gas_ccgt,MW,nem,NSW1
2017-10-17 19:35:00,417.0,gas_ccgt,MW,nem,NSW1
2017-10-17 19:40:00,417.0,gas_ccgt,MW,nem,NSW1
2017-10-17 19:45:00,417.0,gas_ccgt,MW,nem,NSW1
2017-10-17 19:50:00,417.0,gas_ccgt,MW,nem,NSW1
2017-10-17 19:55:00,417.0,gas_ccgt,MW,nem,NSW1
2017-10-17 20:00:00,417.0,gas_ccgt,MW,nem,NSW1
2017-10-17 20:05:00,410.0,gas_ccgt,MW,nem,NSW1
2017-10-17 20:10:00,415.0,gas_ccgt,MW,nem,NSW1
2017-10-17 20:15:00,417.0,gas_ccgt,MW,nem,NSW1
2017-10-17 20:20:00,418.0,gas_ccgt,MW,nem,NSW1
2017-10-17 20:25:00,391.0,gas_ccgt,MW,nem,NSW1
2017-10-17 20:30:00,363.0,gas_ccgt,MW,nem,NSW1
2017-10-17 20:35:00,337.0,gas_ccgt,MW,nem,NSW1
2017-10-17 20:40:00,357.0,gas_ccgt,MW,nem,NSW1
2017-10-17 20:45:00,388.0,gas_ccgt,MW,nem,NSW1
2017-10-17 20:50:00,413.0,gas_ccgt,MW,nem,NSW1
2017-10-17 20:55:00,418.0,gas_ccgt,MW,nem,NSW1
2017-10-17 21:00:00,418.0,gas_ccgt,MW,nem,NSW1
2017-10-17 21:05:00,418.0,gas_ccgt,MW,nem,NSW1
2017-10-17 21:10:00,418.0,gas_ccgt,MW,nem,NSW1
2017-10-17 21:15:00,418.0,gas_ccgt,MW,nem,NSW1
2017-10-17 21:20:00,418.0,gas_ccgt,MW,nem,NSW1
2017-10-17 21:25:00,394.0,gas_ccgt,MW,nem,NSW1
2017-10-17 21:30:00,366.0,gas_ccgt,MW,nem,NSW1
2017-10-17 21:35:00,339.0,gas_ccgt,MW,nem,NSW1
2017-10-17 21:40:00,342.0,gas_ccgt,MW,nem,NSW1
2017-10-17 21:45:00,315.0,gas_ccgt,MW,nem,NSW1
2017-10-17 21:50:00,285.0,gas_ccgt,MW,nem,NSW1
2017-10-17 21:55:00,259.0,gas_ccgt,MW,nem,NSW1
2017-10-17 22:00:00,232.0,gas_ccgt,MW,nem,NSW1
2017-10-17 22:05:00,205.0,gas_ccgt,MW,nem,NSW1
2017-10-17 22:10:00,225.0,gas_ccgt,MW,nem,NSW1
2017-10-17 22:15:00,255.0,gas_ccgt,MW,nem,NSW1
2017-10-17 22:20:00,278.0,gas_ccgt,MW,nem,NSW1
2017-10-17 22:25:00,307.0,gas_ccgt,MW,nem,NSW1
2017-10-17 22:30:00,330.0,gas_ccgt,MW,nem,NSW1
2017-10-17 22:35:00,359.0,gas_ccgt,MW,nem,NSW1
2017-10-17 22:40:00,384.0,gas_ccgt,MW,nem,NSW1
2017-10-17 22:45:00,412.0,gas_ccgt,MW,nem,NSW1
2017-10-17 22:50:00,416.0,gas_ccgt,MW,nem,NSW1
2017-10-17 22:55:00,416.0,gas_ccgt,MW,nem,NSW1
2017-10-17 23:00:00,418.0,gas_ccgt,MW,nem,NSW1
2017-10-17 23:05:00,405.0,gas_ccgt,MW,nem,NSW1
2017-10-17 23:10:00,413.0,gas_ccgt,MW,nem,NSW1
2017-10-17 23:15:00,417.0,gas_ccgt,MW,nem,NSW1
2017-10-17 23:20:00,417.0,gas_ccgt,MW,nem,NSW1
2017-10-17 23:25:00,418.0,gas_ccgt,MW,nem,NSW1
2017-10-17 23:30:00,412.0,gas_ccgt,MW,nem,NSW1
2017-10-17 23:35:00,403.0,gas_ccgt,MW,nem,NSW1
2017-10-17 23:40:00,413.0,gas_ccgt,MW,nem,NSW1
2017-10-17 23:45:00,415.0,gas_ccgt,MW,nem,NSW1
2017-10-17 23:50:00,418.0,gas_ccgt,MW,nem,NSW1
2017-10-17 23:55:00,409.0,gas_ccgt,MW,nem,NSW1
2017-10-18 00:00:00,396.0,gas_ccgt,MW,nem,NSW1
2017-10-18 00:05:00,402.0,gas_ccgt,MW,nem,NSW1
2017-10-18 00:10:00,414.0,gas_ccgt,MW,nem,NSW1
2017-10-18 00:15:00,418.0,gas_ccgt,MW,nem,NSW1
2017-10-18 00:20:00,418.0,gas_ccgt,MW,nem,NSW1
2017-10-18 00:25:00,399.0,gas_ccgt,MW,nem,NSW1
2017-10-18 00:30:00,413.0,gas_ccgt,MW,nem,NSW1
2017-10-18 00:35:00,415.0,gas_ccgt,MW,nem,NSW1
2017-10-18 00:40:00,400.0,gas_ccgt,MW,nem,NSW1
2017-10-18 00:45:00,414.0,gas_ccgt,MW,nem,NSW1
2017-10-18 00:50:00,394.0,gas_ccgt,MW,nem,NSW1
2017-10-18 00:55:00,365.0,gas_ccgt,MW,nem,NSW1
2017-10-18 01:00:00,340.0,gas_ccgt,MW,nem,NSW1
2017-10-18 01:05:00,310.0,gas_ccgt,MW,nem,NSW1
2017-10-18 01:10:00,286.0,gas_ccgt,MW,nem,NSW1
2017-10-18 01:15:00,255.0,gas_ccgt,MW,nem,NSW1
2017-10-18 01:20:00,230.0,gas_ccgt,MW,nem,NSW1
2017-10-18 01:25:00,201.0,gas_ccgt,MW,nem,NSW1
2017-10-18 01:30:00,190.0,gas_ccgt,MW,nem,NSW1
2017-10-18 01:35:00,190.0,gas_ccgt,MW,nem,NSW1
2017-10-18 01:40:00,190.0,gas_ccgt,MW,nem,NSW1
2017-10-18 01:45:00,190.0,gas_ccgt,MW,nem,NSW1
2017-10-18 01:50:00,190.0,gas_ccgt,MW,nem,NSW1
2017-10-18 01:55:00,190.0,gas_ccgt,MW,nem,NSW1
2017-10-18 02:00:00,190.0,gas_ccgt,MW,nem,NSW1
2017-10-18 02:05:00,190.0,gas_ccgt,MW,nem,NSW1
2017-10-18 02:10:00,190.0,gas_ccgt,MW,nem,NSW1
2017-10-18 02:15:00,190.0,gas_ccgt,MW,nem,NSW1
2017-10-18 02:20:00,190.0,gas_ccgt,MW,nem,NSW1
2017-10-18 02:25:00,190.0,gas_ccgt,MW,nem,NSW1
2017-10-18 02:30:00,190.0,gas_ccgt,MW,nem,NSW1
2017-10-18 02:35:00,190.0,gas_ccgt,MW,nem,NSW1
2017-10-18 02:40:00,190.0,gas_ccgt,MW,nem,NSW1
2017-10-18 02:45:00,190.0,gas_ccgt,MW,nem,NSW1
2017-10-18 02:50:00,190.0,gas_ccgt,MW,nem,NSW1
2017-10-18 02:55:00,190.0,gas_ccgt,MW,nem,NSW1
2017-10-18 03:00:00,190.0,gas_ccgt,MW,nem,NSW1
2017-10-18 03:05:00,190.0,gas_ccgt,MW,nem,NSW1
2017-10-18 03:10:00,190.0,gas_ccgt,MW,nem,NSW1
2017-10-18 03:15:00,190.0,gas_ccgt,MW,nem,NSW1
2017-10-18 03:20:00,190.0,gas_ccgt,MW,nem,NSW1
2017-10-18 03:25:00,190.0,gas_ccgt,MW,nem,NSW1
2017-10-18 03:30:00,190.0,gas_ccgt,MW,nem,NSW1
2017-10-18 03:35:00,191.0,gas_ccgt,MW,nem,NSW1
2017-10-18 03:40:00,191.0,gas_ccgt,MW,nem,NSW1
2017-10-18 03:45:00,190.0,gas_ccgt,MW,nem,NSW1
2017-10-18 03:50:00,190.0,gas_ccgt,MW,nem,NSW1
2017-10-18 03:55:00,190.0,gas_ccgt,MW,nem,NSW1
2017-10-18 04:00:00,188.0,gas_ccgt,MW,nem,NSW1
2017-10-18 04:05:00,189.0,gas_ccgt,MW,nem,NSW1
2017-10-18 04:10:00,191.0,gas_ccgt,MW,nem,NSW1
2017-10-18 04:15:00,191.0,gas_ccgt,MW,nem,NSW1
2017-10-18 04:20:00,189.0,gas_ccgt,MW,nem,NSW1
2017-10-18 04:25:00,191.0,gas_ccgt,MW,nem,NSW1
2017-10-18 04:30:00,189.0,gas_ccgt,MW,nem,NSW1
2017-10-18 04:35:00,191.0,gas_ccgt,MW,nem,NSW1
2017-10-18 04:40:00,191.0,gas_ccgt,MW,nem,NSW1
2017-10-18 04:45:00,191.0,gas_ccgt,MW,nem,NSW1
2017-10-18 04:50:00,191.0,gas_ccgt,MW,nem,NSW1
2017-10-18 04:55:00,189.0,gas_ccgt,MW,nem,NSW1
2017-10-18 05:00:00,189.0,gas_ccgt,MW,nem,NSW1
2017-10-18 05:05:00,190.0,gas_ccgt,MW,nem,NSW1
2017-10-18 05:10:00,190.0,gas_ccgt,MW,nem,NSW1
2017-10-18 05:15:00,212.0,gas_ccgt,MW,nem,NSW1
2017-10-18 05:20:00,241.0,gas_ccgt,MW,nem,NSW1
2017-10-18 05:25:00,267.0,gas_ccgt,MW,nem,NSW1
2017-10-18 05:30:00,295.0,gas_ccgt,MW,nem,NSW1
2017-10-18 05:35:00,320.0,gas_ccgt,MW,nem,NSW1
2017-10-18 05:40:00,349.0,gas_ccgt,MW,nem,NSW1
2017-10-18 05:45:00,372.0,gas_ccgt,MW,nem,NSW1
2017-10-18 05:50:00,400.0,gas_ccgt,MW,nem,NSW1
2017-10-18 05:55:00,412.0,gas_ccgt,MW,nem,NSW1
2017-10-18 06:00:00,416.0,gas_ccgt,MW,nem,NSW1
2017-10-18 06:05:00,416.0,gas_ccgt,MW,nem,NSW1
2017-10-18 06:10:00,414.0,gas_ccgt,MW,nem,NSW1
2017-10-18 06:15:00,416.0,gas_ccgt,MW,nem,NSW1
2017-10-18 06:20:00,416.0,gas_ccgt,MW,nem,NSW1
2017-10-18 06:25:00,416.0,gas_ccgt,MW,nem,NSW1
2017-10-18 06:30:00,414.0,gas_ccgt,MW,nem,NSW1
2017-10-18 06:35:00,415.0,gas_ccgt,MW,nem,NSW1
2017-10-18 06:40:00,415.0,gas_ccgt,MW,nem,NSW1
2017-10-18 06:45:00,415.0,gas_ccgt,MW,nem,NSW1
2017-10-18 06:50:00,415.0,gas_ccgt,MW,nem,NSW1
2017-10-18 06:55:00,415.0,gas_ccgt,MW,nem,NSW1
2017-10-18 07:00:00,416.0,gas_ccgt,MW,nem,NSW1
2017-10-18 07:05:00,414.0,gas_ccgt,MW,nem,NSW1
2017-10-18 07:10:00,416.0,gas_ccgt,MW,nem,NSW1
2017-10-18 07:15:00,416.0,gas_ccgt,MW,nem,NSW1
2017-10-18 07:20:00,416.0,gas_ccgt,MW,nem,NSW1
2017-10-18 07:25:00,416.0,gas_ccgt,MW,nem,NSW1
2017-10-18 07:30:00,416.0,gas_ccgt,MW,nem,NSW1
2017-10-18 07:35:00,416.0,gas_ccgt,MW,nem,NSW1
2017-10-18 07:40:00,416.0,gas_ccgt,MW,nem,NSW1
2017-10-18 07:45:00,415.0,gas_ccgt,MW,nem,NSW1
2017-10-18 07:50:00,415.0,gas_ccgt,MW,nem,NSW1
2017-10-18 07:55:00,415.0,gas_ccgt,MW,nem,NSW1
2017-10-18 08:00:00,415.0,gas_ccgt,MW,nem,NSW1
2017-10-18 08:05:00,415.0,gas_ccgt,MW,nem,NSW1
2017-10-18 08:10:00,415.0,gas_ccgt,MW,nem,NSW1
2017-10-18 08:15:00,415.0,gas_ccgt,MW,nem,NSW1
2017-10-18 08:20:00,415.0,gas_ccgt,MW,nem,NSW1
2017-10-18 08:25:00,415.0,gas_ccgt,MW,nem,NSW1
2017-10-18 08:30:00,414.0,gas_ccgt,MW,nem,NSW1
2017-10-18 08:35:00,414.0,gas_ccgt,MW,nem,NSW1
2017-10-18 08:40:00,414.0,gas_ccgt,MW,nem,NSW1
2017-10-18 08:45:00,413.0,gas_ccgt,MW,nem,NSW1
2017-10-18 08:50:00,413.0,gas_ccgt,MW,nem,NSW1
2017-10-18 08:55:00,414.0,gas_ccgt,MW,nem,NSW1
2017-10-18 09:00:00,414.0,gas_ccgt,MW,nem,NSW1
2017-10-18 09:05:00,413.0,gas_ccgt,MW,nem,NSW1
2017-10-18 09:10:00,414.0,gas_ccgt,MW,nem,NSW1
2017-10-18 09:15:00,412.0,gas_ccgt,MW,nem,NSW1
2017-10-18 09:20:00,413.0,gas_ccgt,MW,nem,NSW1
2017-10-18 09:25:00,413.0,gas_ccgt,MW,nem,NSW1
2017-10-18 09:30:00,414.0,gas_ccgt,MW,nem,NSW1
2017-10-18 09:35:00,412.0,gas_ccgt,MW,nem,NSW1
2017-10-18 09:40:00,414.0,gas_ccgt,MW,nem,NSW1
2017-10-18 09:45:00,414.0,gas_ccgt,MW,nem,NSW1
2017-10-18 09:50:00,414.0,gas_ccgt,MW,nem,NSW1
2017-10-18 09:55:00,413.0,gas_ccgt,MW,nem,NSW1
2017-10-18 10:00:00,413.0,gas_ccgt,MW,nem,NSW1
2017-10-18 10:05:00,413.0,gas_ccgt,MW,nem,NSW1
2017-10-18 10:10:00,415.0,gas_ccgt,MW,nem,NSW1
2017-10-18 10:15:00,413.0,gas_ccgt,MW,nem,NSW1
2017-10-18 10:20:00,415.0,gas_ccgt,MW,nem,NSW1
2017-10-18 10:25:00,414.0,gas_ccgt,MW,nem,NSW1
2017-10-18 10:30:00,412.0,gas_ccgt,MW,nem,NSW1
2017-10-18 10:35:00,413.0,gas_ccgt,MW,nem,NSW1
2017-10-18 10:40:00,414.0,gas_ccgt,MW,nem,NSW1
2017-10-18 10:45:00,414.0,gas_ccgt,MW,nem,NSW1
2017-10-18 10:50:00,413.0,gas_ccgt,MW,nem,NSW1
2017-10-18 10:55:00,413.0,gas_ccgt,MW,nem,NSW1
2017-10-18 11:00:00,413.0,gas_ccgt,MW,nem,NSW1
2017-10-18 11:05:00,412.0,gas_ccgt,MW,nem,NSW1
2017-10-18 11:10:00,412.0,gas_ccgt,MW,nem,NSW1
2017-10-18 11:15:00,413.0,gas_ccgt,MW,nem,NSW1
2017-10-18 11:20:00,413.0,gas_ccgt,MW,nem,NSW1
2017-10-18 11:25:00,413.0,gas_ccgt,MW,nem,NSW1
2017-10-18 11:30:00,413.0,gas_ccgt,MW,nem,NSW1
2017-10-18 11:35:00,413.0,gas_ccgt,MW,nem,NSW1
2017-10-18 11:40:00,412.0,gas_ccgt,MW,nem,NSW1
2017-10-18 11:45:00,412.0,gas_ccgt,MW,nem,NSW1
2017-10-18 11:50:00,412.0,gas_ccgt,MW,nem,NSW1
2017-10-18 11:55:00,412.0,gas_ccgt,MW,nem,NSW1
2017-10-18 12:00:00,411.0,gas_ccgt,MW,nem,NSW1
2017-10-18 12:05:00,411.0,gas_ccgt,MW,nem,NSW1
2017-10-18 12:10:00,412.0,gas_ccgt,MW,nem,NSW1
2017-10-18 12:15:00,412.0,gas_ccgt,MW,nem,NSW1
2017-10-18 12:20:00,411.0,gas_ccgt,MW,nem,NSW1
2017-10-18 12:25:00,410.0,gas_ccgt,MW,nem,NSW1
2017-10-18 12:30:00,411.0,gas_ccgt,MW,nem,NSW1
2017-10-18 12:35:00,411.0,gas_ccgt,MW,nem,NSW1
2017-10-18 12:40:00,411.0,gas_ccgt,MW,nem,NSW1
2017-10-18 12:45:00,411.0,gas_ccgt,MW,nem,NSW1
2017-10-18 12:50:00,411.0,gas_ccgt,MW,nem,NSW1
2017-10-18 12:55:00,413.0,gas_ccgt,MW,nem,NSW1
2017-10-18 13:00:00,411.0,gas_ccgt,MW,nem,NSW1
2017-10-18 13:05:00,411.0,gas_ccgt,MW,nem,NSW1
2017-10-18 13:10:00,413.0,gas_ccgt,MW,nem,NSW1
2017-10-18 13:15:00,411.0,gas_ccgt,MW,nem,NSW1
2017-10-18 13:20:00,411.0,gas_ccgt,MW,nem,NSW1
2017-10-18 13:25:00,412.0,gas_ccgt,MW,nem,NSW1
2017-10-18 13:30:00,412.0,gas_ccgt,MW,nem,NSW1
2017-10-18 13:35:00,411.0,gas_ccgt,MW,nem,NSW1
2017-10-18 13:40:00,411.0,gas_ccgt,MW,nem,NSW1
2017-10-18 13:45:00,410.0,gas_ccgt,MW,nem,NSW1
2017-10-18 13:50:00,411.0,gas_ccgt,MW,nem,NSW1
2017-10-18 13:55:00,411.0,gas_ccgt,MW,nem,NSW1
2017-10-18 14:00:00,411.0,gas_ccgt,MW,nem,NSW1
2017-10-18 14:05:00,411.0,gas_ccgt,MW,nem,NSW1
2017-10-18 14:10:00,411.0,gas_ccgt,MW,nem,NSW1
2017-10-18 14:15:00,411.0,gas_ccgt,MW,nem,NSW1
2017-10-18 14:20:00,413.0,gas_ccgt,MW,nem,NSW1
2017-10-18 14:25:00,412.0,gas_ccgt,MW,nem,NSW1
2017-10-18 14:30:00,412.0,gas_ccgt,MW,nem,NSW1
2017-10-18 14:35:00,411.0,gas_ccgt,MW,nem,NSW1
2017-10-18 14:40:00,410.0,gas_ccgt,MW,nem,NSW1
2017-10-18 14:45:00,410.0,gas_ccgt,MW,nem,NSW1
2017-10-18 14:50:00,411.0,gas_ccgt,MW,nem,NSW1
2017-10-18 14:55:00,412.0,gas_ccgt,MW,nem,NSW1
2017-10-18 15:00:00,410.0,gas_ccgt,MW,nem,NSW1
2017-10-18 15:05:00,411.0,gas_ccgt,MW,nem,NSW1
2017-10-18 15:10:00,412.0,gas_ccgt,MW,nem,NSW1
2017-10-18 15:15:00,410.0,gas_ccgt,MW,nem,NSW1
2017-10-18 15:20:00,411.0,gas_ccgt,MW,nem,NSW1
2017-10-18 15:25:00,410.0,gas_ccgt,MW,nem,NSW1
2017-10-18 15:30:00,412.0,gas_ccgt,MW,nem,NSW1
2017-10-18 15:35:00,410.0,gas_ccgt,MW,nem,NSW1
2017-10-18 15:40:00,412.0,gas_ccgt,MW,nem,NSW1
2017-10-18 15:45:00,411.0,gas_ccgt,MW,nem,NSW1
2017-10-18 15:50:00,411.0,gas_ccgt,MW,nem,NSW1
2017-10-18 15:55:00,412.0,gas_ccgt,MW,nem,NSW1
2017-10-18 16:00:00,412.0,gas_ccgt,MW,nem,NSW1
2017-10-18 16:05:00,412.0,gas_ccgt,MW,nem,NSW1
2017-10-18 16:10:00,413.0,gas_ccgt,MW,nem,NSW1
2017-10-18 16:15:00,411.0,gas_ccgt,MW,nem,NSW1
2017-10-18 16:20:00,413.0,gas_ccgt,MW,nem,NSW1
2017-10-18 16:25:00,412.0,gas_ccgt,MW,nem,NSW1
2017-10-18 16:30:00,412.0,gas_ccgt,MW,nem,NSW1
2017-10-18 16:35:00,412.0,gas_ccgt,MW,nem,NSW1
2017-10-18 16:40:00,412.0,gas_ccgt,MW,nem,NSW1
2017-10-18 16:45:00,413.0,gas_ccgt,MW,nem,NSW1
2017-10-18 16:50:00,413.0,gas_ccgt,MW,nem,NSW1
2017-10-18 16:55:00,412.0,gas_ccgt,MW,nem,NSW1
2017-10-18 17:00:00,412.0,gas_ccgt,MW,nem,NSW1
2017-10-18 17:05:00,414.0,gas_ccgt,MW,nem,NSW1
2017-10-18 17:10:00,412.0,gas_ccgt,MW,nem,NSW1
2017-10-18 17:15:00,412.0,gas_ccgt,MW,nem,NSW1
2017-10-18 17:20:00,412.0,gas_ccgt,MW,nem,NSW1
2017-10-18 17:25:00,412.0,gas_ccgt,MW,nem,NSW1
2017-10-18 17:30:00,414.0,gas_ccgt,MW,nem,NSW1
2017-10-18 17:35:00,414.0,gas_ccgt,MW,nem,NSW1
2017-10-18 17:40:00,414.0,gas_ccgt,MW,nem,NSW1
2017-10-18 17:45:00,414.0,gas_ccgt,MW,nem,NSW1
2017-10-18 17:50:00,413.0,gas_ccgt,MW,nem,NSW1
2017-10-18 17:55:00,413.0,gas_ccgt,MW,nem,NSW1
2017-10-18 18:00:00,414.0,gas_ccgt,MW,nem,NSW1
2017-10-18 18:05:00,414.0,gas_ccgt,MW,nem,NSW1
2017-10-18 18:10:00,414.0,gas_ccgt,MW,nem,NSW1
2017-10-18 18:15:00,414.0,gas_ccgt,MW,nem,NSW1
2017-10-18 18:20:00,414.0,gas_ccgt,MW,nem,NSW1
2017-10-18 18:25:00,414.0,gas_ccgt,MW,nem,NSW1
2017-10-18 18:30:00,414.0,gas_ccgt,MW,nem,NSW1
2017-10-18 18:35:00,414.0,gas_ccgt,MW,nem,NSW1
2017-10-18 18:40:00,413.0,gas_ccgt,MW,nem,NSW1
2017-10-18 18:45:00,414.0,gas_ccgt,MW,nem,NSW1
2017-10-18 18:50:00,414.0,gas_ccgt,MW,nem,NSW1
2017-10-18 18:55:00,414.0,gas_ccgt,MW,nem,NSW1
2017-10-18 19:00:00,414.0,gas_ccgt,MW,nem,NSW1
2017-10-18 19:05:00,414.0,gas_ccgt,MW,nem,NSW1
2017-10-18 19:10:00,414.0,gas_ccgt,MW,nem,NSW1
2017-10-18 19:15:00,414.0,gas_ccgt,MW,nem,NSW1
2017-10-18 19:20:00,414.0,gas_ccgt,MW,nem,NSW1
2017-10-18 19:25:00,414.0,gas_ccgt,MW,nem,NSW1
2017-10-18 19:30:00,414.0,gas_ccgt,MW,nem,NSW1
2017-10-18 19:35:00,416.0,gas_ccgt,MW,nem,NSW1
2017-10-18 19:40:00,414.0,gas_ccgt,MW,nem,NSW1
2017-10-18 19:45:00,414.0,gas_ccgt,MW,nem,NSW1
2017-10-18 19:50:00,416.0,gas_ccgt,MW,nem,NSW1
2017-10-18 19:55:00,416.0,gas_ccgt,MW,nem,NSW1
2017-10-18 20:00:00,415.0,gas_ccgt,MW,nem,NSW1
2017-10-18 20:05:00,415.0,gas_ccgt,MW,nem,NSW1
2017-10-18 20:10:00,416.0,gas_ccgt,MW,nem,NSW1
2017-10-18 20:15:00,416.0,gas_ccgt,MW,nem,NSW1
2017-10-18 20:20:00,414.0,gas_ccgt,MW,nem,NSW1
2017-10-18 20:25:00,416.0,gas_ccgt,MW,nem,NSW1
2017-10-18 20:30:00,415.0,gas_ccgt,MW,nem,NSW1
2017-10-18 20:35:00,415.0,gas_ccgt,MW,nem,NSW1
2017-10-18 20:40:00,415.0,gas_ccgt,MW,nem,NSW1
2017-10-18 20:45:00,415.0,gas_ccgt,MW,nem,NSW1
2017-10-18 20:50:00,415.0,gas_ccgt,MW,nem,NSW1
2017-10-18 20:55:00,415.0,gas_ccgt,MW,nem,NSW1
2017-10-18 21:00:00,415.0,gas_ccgt,MW,nem,NSW1
2017-10-18 21:05:00,416.0,gas_ccgt,MW,nem,NSW1
2017-10-18 21:10:00,416.0,gas_ccgt,MW,nem,NSW1
2017-10-18 21:15:00,415.0,gas_ccgt,MW,nem,NSW1
2017-10-18 21:20:00,416.0,gas_ccgt,MW,nem,NSW1
2017-10-18 21:25:00,416.0,gas_ccgt,MW,nem,NSW1
2017-10-18 21:30:00,416.0,gas_ccgt,MW,nem,NSW1
2017-10-18 21:35:00,416.0,gas_ccgt,MW,nem,NSW1
2017-10-18 21:40:00,416.0,gas_ccgt,MW,nem,NSW1
2017-10-18 21:45:00,416.0,gas_ccgt,MW,nem,NSW1
2017-10-18 21:50:00,416.0,gas_ccgt,MW,nem,NSW1
2017-10-18 21:55:00,416.0,gas_ccgt,MW,nem,NSW1
2017-10-18 22:00:00,416.0,gas_ccgt,MW,nem,NSW1
2017-10-18 22:05:00,416.0,gas_ccgt,MW,nem,NSW1
2017-10-18 22:10:00,416.0,gas_ccgt,MW,nem,NSW1
2017-10-18 22:15:00,416.0,gas_ccgt,MW,nem,NSW1
2017-10-18 22:20:00,416.0,gas_ccgt,MW,nem,NSW1
2017-10-18 22:25:00,416.0,gas_ccgt,MW,nem,NSW1
2017-10-18 22:30:00,416.0,gas_ccgt,MW,nem,NSW1
2017-10-18 22:35:00,415.0,gas_ccgt,MW,nem,NSW1
2017-10-18 22:40:00,415.0,gas_ccgt,MW,nem,NSW1
2017-10-18 22:45:00,415.0,gas_ccgt,MW,nem,NSW1
2017-10-18 22:50:00,415.0,gas_ccgt,MW,nem,NSW1
2017-10-18 22:55:00,416.0,gas_ccgt,MW,nem,NSW1
2017-10-18 23:00:00,416.0,gas_ccgt,MW,nem,NSW1
2017-10-18 23:05:00,415.0,gas_ccgt,MW,nem,NSW1
2017-10-18 23:10:00,415.0,gas_ccgt,MW,nem,NSW1
2017-10-18 23:15:00,416.0,gas_ccgt,MW,nem,NSW1
2017-10-18 23:20:00,417.0,gas_ccgt,MW,nem,NSW1
2017-10-18 23:25:00,417.0,gas_ccgt,MW,nem,NSW1
2017-10-18 23:30:00,415.0,gas_ccgt,MW,nem,NSW1
2017-10-18 23:35:00,416.0,gas_ccgt,MW,nem,NSW1
2017-10-18 23:40:00,416.0,gas_ccgt,MW,nem,NSW1
2017-10-18 23:45:00,416.0,gas_ccgt,MW,nem,NSW1
2017-10-18 23:50:00,416.0,gas_ccgt,MW,nem,NSW1
2017-10-18 23:55:00,416.0,gas_ccgt,MW,nem,NSW1
2017-10-19 00:00:00,416.0,gas_ccgt,MW,nem,NSW1
2017-10-19 00:05:00,416.0,gas_ccgt,MW,nem,NSW1
2017-10-19 00:10:00,416.0,gas_ccgt,MW,nem,NSW1
2017-10-19 00:15:00,416.0,gas_ccgt,MW,nem,NSW1
2017-10-19 00:20:00,416.0,gas_ccgt,MW,nem,NSW1
2017-10-19 00:25:00,418.0,gas_ccgt,MW,nem,NSW1
2017-10-19 00:30:00,415.0,gas_ccgt,MW,nem,NSW1
2017-10-19 00:35:00,415.0,gas_ccgt,MW,nem,NSW1
2017-10-19 00:40:00,417.0,gas_ccgt,MW,nem,NSW1
2017-10-19 00:45:00,416.0,gas_ccgt,MW,nem,NSW1
2017-10-19 00:50:00,416.0,gas_ccgt,MW,nem,NSW1
2017-10-19 00:55:00,416.0,gas_ccgt,MW,nem,NSW1
2017-10-19 01:00:00,416.0,gas_ccgt,MW,nem,NSW1
2017-10-19 01:05:00,416.0,gas_ccgt,MW,nem,NSW1
2017-10-19 01:10:00,391.0,gas_ccgt,MW,nem,NSW1
2017-10-19 01:15:00,409.0,gas_ccgt,MW,nem,NSW1
2017-10-19 01:20:00,415.0,gas_ccgt,MW,nem,NSW1
2017-10-19 01:25:00,417.0,gas_ccgt,MW,nem,NSW1
2017-10-19 01:30:00,390.0,gas_ccgt,MW,nem,NSW1
2017-10-19 01:35:00,362.0,gas_ccgt,MW,nem,NSW1
2017-10-19 01:40:00,384.0,gas_ccgt,MW,nem,NSW1
2017-10-19 01:45:00,382.0,gas_ccgt,MW,nem,NSW1
2017-10-19 01:50:00,406.0,gas_ccgt,MW,nem,NSW1
2017-10-19 01:55:00,386.0,gas_ccgt,MW,nem,NSW1
2017-10-19 02:00:00,357.0,gas_ccgt,MW,nem,NSW1
2017-10-19 02:05:00,356.0,gas_ccgt,MW,nem,NSW1
2017-10-19 02:10:00,384.0,gas_ccgt,MW,nem,NSW1
2017-10-19 02:15:00,410.0,gas_ccgt,MW,nem,NSW1
2017-10-19 02:20:00,414.0,gas_ccgt,MW,nem,NSW1
2017-10-19 02:25:00,390.0,gas_ccgt,MW,nem,NSW1
2017-10-19 02:30:00,408.0,gas_ccgt,MW,nem,NSW1
2017-10-19 02:35:00,412.0,gas_ccgt,MW,nem,NSW1
2017-10-19 02:40:00,414.0,gas_ccgt,MW,nem,NSW1
2017-10-19 02:45:00,414.0,gas_ccgt,MW,nem,NSW1
2017-10-19 02:50:00,415.0,gas_ccgt,MW,nem,NSW1
2017-10-19 02:55:00,415.0,gas_ccgt,MW,nem,NSW1
2017-10-19 03:00:00,415.0,gas_ccgt,MW,nem,NSW1
2017-10-19 03:05:00,414.0,gas_ccgt,MW,nem,NSW1
2017-10-19 03:10:00,415.0,gas_ccgt,MW,nem,NSW1
2017-10-19 03:15:00,415.0,gas_ccgt,MW,nem,NSW1
2017-10-19 03:20:00,415.0,gas_ccgt,MW,nem,NSW1
2017-10-19 03:25:00,413.0,gas_ccgt,MW,nem,NSW1
2017-10-19 03:30:00,415.0,gas_ccgt,MW,nem,NSW1
2017-10-19 03:35:00,415.0,gas_ccgt,MW,nem,NSW1
2017-10-19 03:40:00,415.0,gas_ccgt,MW,nem,NSW1
2017-10-19 03:45:00,415.0,gas_ccgt,MW,nem,NSW1
2017-10-19 03:50:00,414.0,gas_ccgt,MW,nem,NSW1
2017-10-19 03:55:00,416.0,gas_ccgt,MW,nem,NSW1
2017-10-19 04:00:00,414.0,gas_ccgt,MW,nem,NSW1
2017-10-19 04:05:00,414.0,gas_ccgt,MW,nem,NSW1
2017-10-19 04:10:00,389.0,gas_ccgt,MW,nem,NSW1
2017-10-19 04:15:00,382.0,gas_ccgt,MW,nem,NSW1
2017-10-19 04:20:00,357.0,gas_ccgt,MW,nem,NSW1
2017-10-19 04:25:00,344.0,gas_ccgt,MW,nem,NSW1
2017-10-19 04:30:00,370.0,gas_ccgt,MW,nem,NSW1
2017-10-19 04:35:00,349.0,gas_ccgt,MW,nem,NSW1
2017-10-19 04:40:00,320.0,gas_ccgt,MW,nem,NSW1
2017-10-19 04:45:00,294.0,gas_ccgt,MW,nem,NSW1
2017-10-19 04:50:00,265.0,gas_ccgt,MW,nem,NSW1
2017-10-19 04:55:00,246.0,gas_ccgt,MW,nem,NSW1
2017-10-19 05:00:00,271.0,gas_ccgt,MW,nem,NSW1
2017-10-19 05:05:00,299.0,gas_ccgt,MW,nem,NSW1
2017-10-19 05:10:00,323.0,gas_ccgt,MW,nem,NSW1
2017-10-19 05:15:00,353.0,gas_ccgt,MW,nem,NSW1
2017-10-19 05:20:00,377.0,gas_ccgt,MW,nem,NSW1
2017-10-19 05:25:00,406.0,gas_ccgt,MW,nem,NSW1
2017-10-19 05:30:00,414.0,gas_ccgt,MW,nem,NSW1
2017-10-19 05:35:00,414.0,gas_ccgt,MW,nem,NSW1
2017-10-19 05:40:00,416.0,gas_ccgt,MW,nem,NSW1
2017-10-19 05:45:00,406.0,gas_ccgt,MW,nem,NSW1
2017-10-19 05:50:00,412.0,gas_ccgt,MW,nem,NSW1
2017-10-19 05:55:00,414.0,gas_ccgt,MW,nem,NSW1
2017-10-19 06:00:00,414.0,gas_ccgt,MW,nem,NSW1
2017-10-19 06:05:00,414.0,gas_ccgt,MW,nem,NSW1
2017-10-19 06:10:00,414.0,gas_ccgt,MW,nem,NSW1
2017-10-19 06:15:00,413.0,gas_ccgt,MW,nem,NSW1
2017-10-19 06:20:00,415.0,gas_ccgt,MW,nem,NSW1
2017-10-19 06:25:00,413.0,gas_ccgt,MW,nem,NSW1
2017-10-19 06:30:00,414.0,gas_ccgt,MW,nem,NSW1
2017-10-19 06:35:00,415.0,gas_ccgt,MW,nem,NSW1
2017-10-19 06:40:00,413.0,gas_ccgt,MW,nem,NSW1
2017-10-19 06:45:00,414.0,gas_ccgt,MW,nem,NSW1
2017-10-19 06:50:00,416.0,gas_ccgt,MW,nem,NSW1
2017-10-19 06:55:00,416.0,gas_ccgt,MW,nem,NSW1
2017-10-19 07:00:00,415.0,gas_ccgt,MW,nem,NSW1
2017-10-19 07:05:00,417.0,gas_ccgt,MW,nem,NSW1
2017-10-19 07:10:00,415.0,gas_ccgt,MW,nem,NSW1
2017-10-19 07:15:00,415.0,gas_ccgt,MW,nem,NSW1
2017-10-19 07:20:00,415.0,gas_ccgt,MW,nem,NSW1
2017-10-19 07:25:00,415.0,gas_ccgt,MW,nem,NSW1
2017-10-19 07:30:00,415.0,gas_ccgt,MW,nem,NSW1
2017-10-19 07:35:00,415.0,gas_ccgt,MW,nem,NSW1
2017-10-19 07:40:00,415.0,gas_ccgt,MW,nem,NSW1
2017-10-19 07:45:00,415.0,gas_ccgt,MW,nem,NSW1
2017-10-19 07:50:00,415.0,gas_ccgt,MW,nem,NSW1
2017-10-19 07:55:00,415.0,gas_ccgt,MW,nem,NSW1
2017-10-19 08:00:00,415.0,gas_ccgt,MW,nem,NSW1
2017-10-19 08:05:00,415.0,gas_ccgt,MW,nem,NSW1
2017-10-19 08:10:00,415.0,gas_ccgt,MW,nem,NSW1
2017-10-19 08:15:00,413.0,gas_ccgt,MW,nem,NSW1
2017-10-19 08:20:00,415.0,gas_ccgt,MW,nem,NSW1
2017-10-19 08:25:00,415.0,gas_ccgt,MW,nem,NSW1
2017-10-19 08:30:00,415.0,gas_ccgt,MW,nem,NSW1
2017-10-19 08:35:00,415.0,gas_ccgt,MW,nem,NSW1
2017-10-19 08:40:00,413.0,gas_ccgt,MW,nem,NSW1
2017-10-19 08:45:00,413.0,gas_ccgt,MW,nem,NSW1
2017-10-19 08:50:00,413.0,gas_ccgt,MW,nem,NSW1
2017-10-19 08:55:00,413.0,gas_ccgt,MW,nem,NSW1
2017-10-19 09:00:00,413.0,gas_ccgt,MW,nem,NSW1
2017-10-19 09:05:00,413.0,gas_ccgt,MW,nem,NSW1
2017-10-19 09:10:00,413.0,gas_ccgt,MW,nem,NSW1
2017-10-19 09:15:00,413.0,gas_ccgt,MW,nem,NSW1
2017-10-19 09:20:00,413.0,gas_ccgt,MW,nem,NSW1
2017-10-19 09:25:00,412.0,gas_ccgt,MW,nem,NSW1
2017-10-19 09:30:00,412.0,gas_ccgt,MW,nem,NSW1
2017-10-19 09:35:00,412.0,gas_ccgt,MW,nem,NSW1
2017-10-19 09:40:00,412.0,gas_ccgt,MW,nem,NSW1
2017-10-19 09:45:00,412.0,gas_ccgt,MW,nem,NSW1
2017-10-19 09:50:00,410.0,gas_ccgt,MW,nem,NSW1
2017-10-19 09:55:00,411.0,gas_ccgt,MW,nem,NSW1
2017-10-19 10:00:00,411.0,gas_ccgt,MW,nem,NSW1
2017-10-19 10:05:00,411.0,gas_ccgt,MW,nem,NSW1
2017-10-19 10:10:00,412.0,gas_ccgt,MW,nem,NSW1
2017-10-19 10:15:00,410.0,gas_ccgt,MW,nem,NSW1
2017-10-19 10:20:00,411.0,gas_ccgt,MW,nem,NSW1
2017-10-19 10:25:00,410.0,gas_ccgt,MW,nem,NSW1
2017-10-19 10:30:00,411.0,gas_ccgt,MW,nem,NSW1
2017-10-19 10:35:00,410.0,gas_ccgt,MW,nem,NSW1
2017-10-19 10:40:00,410.0,gas_ccgt,MW,nem,NSW1
2017-10-19 10:45:00,410.0,gas_ccgt,MW,nem,NSW1
2017-10-19 10:50:00,411.0,gas_ccgt,MW,nem,NSW1
2017-10-19 10:55:00,410.0,gas_ccgt,MW,nem,NSW1
2017-10-19 11:00:00,411.0,gas_ccgt,MW,nem,NSW1
2017-10-19 11:05:00,409.0,gas_ccgt,MW,nem,NSW1
2017-10-19 11:10:00,409.0,gas_ccgt,MW,nem,NSW1
2017-10-19 11:15:00,409.0,gas_ccgt,MW,nem,NSW1
2017-10-19 11:20:00,409.0,gas_ccgt,MW,nem,NSW1
2017-10-19 11:25:00,410.0,gas_ccgt,MW,nem,NSW1
2017-10-19 11:30:00,408.0,gas_ccgt,MW,nem,NSW1
2017-10-19 11:35:00,408.0,gas_ccgt,MW,nem,NSW1
2017-10-19 11:40:00,408.0,gas_ccgt,MW,nem,NSW1
2017-10-19 11:45:00,411.0,gas_ccgt,MW,nem,NSW1
2017-10-19 11:50:00,410.0,gas_ccgt,MW,nem,NSW1
2017-10-19 11:55:00,410.0,gas_ccgt,MW,nem,NSW1
2017-10-19 12:00:00,410.0,gas_ccgt,MW,nem,NSW1
2017-10-19 12:05:00,410.0,gas_ccgt,MW,nem,NSW1
2017-10-19 12:10:00,410.0,gas_ccgt,MW,nem,NSW1
2017-10-19 12:15:00,410.0,gas_ccgt,MW,nem,NSW1
2017-10-19 12:20:00,410.0,gas_ccgt,MW,nem,NSW1
2017-10-19 12:25:00,410.0,gas_ccgt,MW,nem,NSW1
2017-10-19 12:30:00,411.0,gas_ccgt,MW,nem,NSW1
2017-10-19 12:35:00,410.0,gas_ccgt,MW,nem,NSW1
2017-10-19 12:40:00,410.0,gas_ccgt,MW,nem,NSW1
2017-10-19 12:45:00,406.0,gas_ccgt,MW,nem,NSW1
2017-10-19 12:50:00,407.0,gas_ccgt,MW,nem,NSW1
2017-10-19 12:55:00,408.0,gas_ccgt,MW,nem,NSW1
2017-10-19 13:00:00,407.0,gas_ccgt,MW,nem,NSW1
2017-10-19 13:05:00,408.0,gas_ccgt,MW,nem,NSW1
2017-10-19 13:10:00,408.0,gas_ccgt,MW,nem,NSW1
2017-10-19 13:15:00,408.0,gas_ccgt,MW,nem,NSW1
2017-10-19 13:20:00,408.0,gas_ccgt,MW,nem,NSW1
2017-10-19 13:25:00,408.0,gas_ccgt,MW,nem,NSW1
2017-10-19 13:30:00,408.0,gas_ccgt,MW,nem,NSW1
2017-10-19 13:35:00,408.0,gas_ccgt,MW,nem,NSW1
2017-10-19 13:40:00,408.0,gas_ccgt,MW,nem,NSW1
2017-10-19 13:45:00,408.0,gas_ccgt,MW,nem,NSW1
2017-10-19 13:50:00,405.0,gas_ccgt,MW,nem,NSW1
2017-10-19 13:55:00,407.0,gas_ccgt,MW,nem,NSW1
2017-10-19 14:00:00,407.0,gas_ccgt,MW,nem,NSW1
2017-10-19 14:05:00,408.0,gas_ccgt,MW,nem,NSW1
2017-10-19 14:10:00,407.0,gas_ccgt,MW,nem,NSW1
2017-10-19 14:15:00,407.0,gas_ccgt,MW,nem,NSW1
2017-10-19 14:20:00,408.0,gas_ccgt,MW,nem,NSW1
2017-10-19 14:25:00,405.0,gas_ccgt,MW,nem,NSW1
2017-10-19 14:30:00,407.0,gas_ccgt,MW,nem,NSW1
2017-10-19 14:35:00,408.0,gas_ccgt,MW,nem,NSW1
2017-10-19 14:40:00,407.0,gas_ccgt,MW,nem,NSW1
2017-10-19 14:45:00,407.0,gas_ccgt,MW,nem,NSW1
2017-10-19 14:50:00,406.0,gas_ccgt,MW,nem,NSW1
2017-10-19 14:55:00,405.0,gas_ccgt,MW,nem,NSW1
2017-10-19 15:00:00,406.0,gas_ccgt,MW,nem,NSW1
2017-10-19 15:05:00,407.0,gas_ccgt,MW,nem,NSW1
2017-10-19 15:10:00,406.0,gas_ccgt,MW,nem,NSW1
2017-10-19 15:15:00,406.0,gas_ccgt,MW,nem,NSW1
2017-10-19 15:20:00,408.0,gas_ccgt,MW,nem,NSW1
2017-10-19 15:25:00,407.0,gas_ccgt,MW,nem,NSW1
2017-10-19 15:30:00,407.0,gas_ccgt,MW,nem,NSW1
2017-10-19 15:35:00,407.0,gas_ccgt,MW,nem,NSW1
2017-10-19 15:40:00,407.0,gas_ccgt,MW,nem,NSW1
2017-10-19 15:45:00,407.0,gas_ccgt,MW,nem,NSW1
2017-10-19 15:50:00,407.0,gas_ccgt,MW,nem,NSW1
2017-10-19 15:55:00,407.0,gas_ccgt,MW,nem,NSW1
2017-10-19 16:00:00,407.0,gas_ccgt,MW,nem,NSW1
2017-10-19 16:05:00,407.0,gas_ccgt,MW,nem,NSW1
2017-10-19 16:10:00,407.0,gas_ccgt,MW,nem,NSW1
2017-10-19 16:15:00,407.0,gas_ccgt,MW,nem,NSW1
2017-10-19 16:20:00,407.0,gas_ccgt,MW,nem,NSW1
2017-10-19 16:25:00,408.0,gas_ccgt,MW,nem,NSW1
2017-10-19 16:30:00,408.0,gas_ccgt,MW,nem,NSW1
2017-10-19 16:35:00,408.0,gas_ccgt,MW,nem,NSW1
2017-10-19 16:40:00,408.0,gas_ccgt,MW,nem,NSW1
2017-10-19 16:45:00,409.0,gas_ccgt,MW,nem,NSW1
2017-10-19 16:50:00,407.0,gas_ccgt,MW,nem,NSW1
2017-10-19 16:55:00,409.0,gas_ccgt,MW,nem,NSW1
2017-10-19 17:00:00,410.0,gas_ccgt,MW,nem,NSW1
2017-10-19 17:05:00,409.0,gas_ccgt,MW,nem,NSW1
2017-10-19 17:10:00,410.0,gas_ccgt,MW,nem,NSW1
2017-10-19 17:15:00,409.0,gas_ccgt,MW,nem,NSW1
2017-10-19 17:20:00,409.0,gas_ccgt,MW,nem,NSW1
2017-10-19 17:25:00,408.0,gas_ccgt,MW,nem,NSW1
2017-10-19 17:30:00,408.0,gas_ccgt,MW,nem,NSW1
2017-10-19 17:35:00,409.0,gas_ccgt,MW,nem,NSW1
2017-10-19 17:40:00,408.0,gas_ccgt,MW,nem,NSW1
2017-10-19 17:45:00,409.0,gas_ccgt,MW,nem,NSW1
2017-10-19 17:50:00,407.0,gas_ccgt,MW,nem,NSW1
2017-10-19 17:55:00,407.0,gas_ccgt,MW,nem,NSW1
2017-10-19 18:00:00,409.0,gas_ccgt,MW,nem,NSW1
2017-10-19 18:05:00,409.0,gas_ccgt,MW,nem,NSW1
2017-10-19 18:10:00,407.0,gas_ccgt,MW,nem,NSW1
2017-10-19 18:15:00,408.0,gas_ccgt,MW,nem,NSW1
2017-10-19 18:20:00,408.0,gas_ccgt,MW,nem,NSW1
2017-10-19 18:25:00,408.0,gas_ccgt,MW,nem,NSW1
2017-10-19 18:30:00,408.0,gas_ccgt,MW,nem,NSW1
2017-10-19 18:35:00,408.0,gas_ccgt,MW,nem,NSW1
2017-10-19 18:40:00,408.0,gas_ccgt,MW,nem,NSW1
2017-10-19 18:45:00,408.0,gas_ccgt,MW,nem,NSW1
2017-10-19 18:50:00,408.0,gas_ccgt,MW,nem,NSW1
2017-10-19 18:55:00,408.0,gas_ccgt,MW,nem,NSW1
2017-10-19 19:00:00,409.0,gas_ccgt,MW,nem,NSW1
2017-10-19 19:05:00,407.0,gas_ccgt,MW,nem,NSW1
2017-10-19 19:10:00,408.0,gas_ccgt,MW,nem,NSW1
2017-10-19 19:15:00,410.0,gas_ccgt,MW,nem,NSW1
2017-10-19 19:20:00,408.0,gas_ccgt,MW,nem,NSW1
2017-10-19 19:25:00,408.0,gas_ccgt,MW,nem,NSW1
2017-10-19 19:30:00,408.0,gas_ccgt,MW,nem,NSW1
2017-10-19 19:35:00,408.0,gas_ccgt,MW,nem,NSW1
2017-10-19 19:40:00,408.0,gas_ccgt,MW,nem,NSW1
2017-10-19 19:45:00,408.0,gas_ccgt,MW,nem,NSW1
2017-10-19 19:50:00,408.0,gas_ccgt,MW,nem,NSW1
2017-10-19 19:55:00,410.0,gas_ccgt,MW,nem,NSW1
2017-10-19 20:00:00,409.0,gas_ccgt,MW,nem,NSW1
2017-10-19 20:05:00,408.0,gas_ccgt,MW,nem,NSW1
2017-10-19 20:10:00,409.0,gas_ccgt,MW,nem,NSW1
2017-10-19 20:15:00,409.0,gas_ccgt,MW,nem,NSW1
2017-10-19 20:20:00,411.0,gas_ccgt,MW,nem,NSW1
2017-10-19 20:25:00,409.0,gas_ccgt,MW,nem,NSW1
2017-10-19 20:30:00,409.0,gas_ccgt,MW,nem,NSW1
2017-10-19 20:35:00,410.0,gas_ccgt,MW,nem,NSW1
2017-10-19 20:40:00,408.0,gas_ccgt,MW,nem,NSW1
2017-10-19 20:45:00,408.0,gas_ccgt,MW,nem,NSW1
2017-10-19 20:50:00,408.0,gas_ccgt,MW,nem,NSW1
2017-10-19 20:55:00,410.0,gas_ccgt,MW,nem,NSW1
2017-10-19 21:00:00,408.0,gas_ccgt,MW,nem,NSW1
2017-10-19 21:05:00,409.0,gas_ccgt,MW,nem,NSW1
2017-10-19 21:10:00,409.0,gas_ccgt,MW,nem,NSW1
2017-10-19 21:15:00,409.0,gas_ccgt,MW,nem,NSW1
2017-10-19 21:20:00,408.0,gas_ccgt,MW,nem,NSW1
2017-10-19 21:25:00,410.0,gas_ccgt,MW,nem,NSW1
2017-10-19 21:30:00,409.0,gas_ccgt,MW,nem,NSW1
2017-10-19 21:35:00,409.0,gas_ccgt,MW,nem,NSW1
2017-10-19 21:40:00,407.0,gas_ccgt,MW,nem,NSW1
2017-10-19 21:45:00,410.0,gas_ccgt,MW,nem,NSW1
2017-10-19 21:50:00,409.0,gas_ccgt,MW,nem,NSW1
2017-10-19 21:55:00,409.0,gas_ccgt,MW,nem,NSW1
2017-10-19 22:00:00,409.0,gas_ccgt,MW,nem,NSW1
2017-10-19 22:05:00,409.0,gas_ccgt,MW,nem,NSW1
2017-10-19 22:10:00,409.0,gas_ccgt,MW,nem,NSW1
2017-10-19 22:15:00,409.0,gas_ccgt,MW,nem,NSW1
2017-10-19 22:20:00,409.0,gas_ccgt,MW,nem,NSW1
2017-10-19 22:25:00,409.0,gas_ccgt,MW,nem,NSW1
2017-10-19 22:30:00,409.0,gas_ccgt,MW,nem,NSW1
2017-10-19 22:35:00,409.0,gas_ccgt,MW,nem,NSW1
2017-10-19 22:40:00,409.0,gas_ccgt,MW,nem,NSW1
2017-10-19 22:45:00,408.0,gas_ccgt,MW,nem,NSW1
2017-10-19 22:50:00,408.0,gas_ccgt,MW,nem,NSW1
2017-10-19 22:55:00,409.0,gas_ccgt,MW,nem,NSW1
2017-10-19 23:00:00,409.0,gas_ccgt,MW,nem,NSW1
2017-10-19 23:05:00,409.0,gas_ccgt,MW,nem,NSW1
2017-10-19 23:10:00,409.0,gas_ccgt,MW,nem,NSW1
2017-10-19 23:15:00,409.0,gas_ccgt,MW,nem,NSW1
2017-10-19 23:20:00,409.0,gas_ccgt,MW,nem,NSW1
2017-10-19 23:25:00,409.0,gas_ccgt,MW,nem,NSW1
2017-10-19 23:30:00,409.0,gas_ccgt,MW,nem,NSW1
2017-10-19 23:35:00,409.0,gas_ccgt,MW,nem,NSW1
2017-10-19 23:40:00,409.0,gas_ccgt,MW,nem,NSW1
2017-10-19 23:45:00,409.0,gas_ccgt,MW,nem,NSW1
2017-10-19 23:50:00,409.0,gas_ccgt,MW,nem,NSW1
2017-10-19 23:55:00,409.0,gas_ccgt,MW,nem,NSW1
2017-10-20 00:00:00,409.0,gas_ccgt,MW,nem,NSW1
2017-10-20 00:05:00,409.0,gas_ccgt,MW,nem,NSW1
2017-10-20 00:10:00,405.0,gas_ccgt,MW,nem,NSW1
2017-10-20 00:15:00,390.0,gas_ccgt,MW,nem,NSW1
2017-10-20 00:20:00,363.0,gas_ccgt,MW,nem,NSW1
2017-10-20 00:25:00,336.0,gas_ccgt,MW,nem,NSW1
2017-10-20 00:30:00,309.0,gas_ccgt,MW,nem,NSW1
2017-10-20 00:35:00,300.0,gas_ccgt,MW,nem,NSW1
2017-10-20 00:40:00,300.0,gas_ccgt,MW,nem,NSW1
2017-10-20 00:45:00,324.0,gas_ccgt,MW,nem,NSW1
2017-10-20 00:50:00,354.0,gas_ccgt,MW,nem,NSW1
2017-10-20 00:55:00,379.0,gas_ccgt,MW,nem,NSW1
2017-10-20 01:00:00,358.0,gas_ccgt,MW,nem,NSW1
2017-10-20 01:05:00,329.0,gas_ccgt,MW,nem,NSW1
2017-10-20 01:10:00,303.0,gas_ccgt,MW,nem,NSW1
2017-10-20 01:15:00,299.0,gas_ccgt,MW,nem,NSW1
2017-10-20 01:20:00,299.0,gas_ccgt,MW,nem,NSW1
2017-10-20 01:25:00,301.0,gas_ccgt,MW,nem,NSW1
2017-10-20 01:30:00,274.0,gas_ccgt,MW,nem,NSW1
2017-10-20 01:35:00,296.0,gas_ccgt,MW,nem,NSW1
2017-10-20 01:40:00,287.0,gas_ccgt,MW,nem,NSW1
2017-10-20 01:45:00,262.0,gas_ccgt,MW,nem,NSW1
2017-10-20 01:50:00,233.0,gas_ccgt,MW,nem,NSW1
2017-10-20 01:55:00,217.0,gas_ccgt,MW,nem,NSW1
2017-10-20 02:00:00,241.0,gas_ccgt,MW,nem,NSW1
2017-10-20 02:05:00,214.0,gas_ccgt,MW,nem,NSW1
2017-10-20 02:10:00,222.0,gas_ccgt,MW,nem,NSW1
2017-10-20 02:15:00,223.0,gas_ccgt,MW,nem,NSW1
2017-10-20 02:20:00,200.0,gas_ccgt,MW,nem,NSW1
2017-10-20 02:25:00,203.0,gas_ccgt,MW,nem,NSW1
2017-10-20 02:30:00,194.0,gas_ccgt,MW,nem,NSW1
2017-10-20 02:35:00,190.0,gas_ccgt,MW,nem,NSW1
2017-10-20 02:40:00,213.0,gas_ccgt,MW,nem,NSW1
2017-10-20 02:45:00,239.0,gas_ccgt,MW,nem,NSW1
2017-10-20 02:50:00,253.0,gas_ccgt,MW,nem,NSW1
2017-10-20 02:55:00,243.0,gas_ccgt,MW,nem,NSW1
2017-10-20 03:00:00,237.0,gas_ccgt,MW,nem,NSW1
2017-10-20 03:05:00,211.0,gas_ccgt,MW,nem,NSW1
2017-10-20 03:10:00,189.0,gas_ccgt,MW,nem,NSW1
2017-10-20 03:15:00,214.0,gas_ccgt,MW,nem,NSW1
2017-10-20 03:20:00,225.0,gas_ccgt,MW,nem,NSW1
2017-10-20 03:25:00,201.0,gas_ccgt,MW,nem,NSW1
2017-10-20 03:30:00,214.0,gas_ccgt,MW,nem,NSW1
2017-10-20 03:35:00,218.0,gas_ccgt,MW,nem,NSW1
2017-10-20 03:40:00,193.0,gas_ccgt,MW,nem,NSW1
2017-10-20 03:45:00,213.0,gas_ccgt,MW,nem,NSW1
2017-10-20 03:50:00,243.0,gas_ccgt,MW,nem,NSW1
2017-10-20 03:55:00,267.0,gas_ccgt,MW,nem,NSW1
2017-10-20 04:00:00,297.0,gas_ccgt,MW,nem,NSW1
2017-10-20 04:05:00,299.0,gas_ccgt,MW,nem,NSW1
2017-10-20 04:10:00,324.0,gas_ccgt,MW,nem,NSW1
2017-10-20 04:15:00,352.0,gas_ccgt,MW,nem,NSW1
2017-10-20 04:20:00,377.0,gas_ccgt,MW,nem,NSW1
2017-10-20 04:25:00,401.0,gas_ccgt,MW,nem,NSW1
2017-10-20 04:30:00,381.0,gas_ccgt,MW,nem,NSW1
2017-10-20 04:35:00,398.0,gas_ccgt,MW,nem,NSW1
2017-10-20 04:40:00,383.0,gas_ccgt,MW,nem,NSW1
2017-10-20 04:45:00,378.0,gas_ccgt,MW,nem,NSW1
2017-10-20 04:50:00,363.0,gas_ccgt,MW,nem,NSW1
2017-10-20 04:55:00,388.0,gas_ccgt,MW,nem,NSW1
2017-10-20 05:00:00,392.0,gas_ccgt,MW,nem,NSW1
2017-10-20 05:05:00,405.0,gas_ccgt,MW,nem,NSW1
2017-10-20 05:10:00,407.0,gas_ccgt,MW,nem,NSW1
2017-10-20 05:15:00,408.0,gas_ccgt,MW,nem,NSW1
2017-10-20 05:20:00,409.0,gas_ccgt,MW,nem,NSW1
2017-10-20 05:25:00,409.0,gas_ccgt,MW,nem,NSW1
2017-10-20 05:30:00,409.0,gas_ccgt,MW,nem,NSW1
2017-10-20 05:35:00,409.0,gas_ccgt,MW,nem,NSW1
2017-10-20 05:40:00,409.0,gas_ccgt,MW,nem,NSW1
2017-10-20 05:45:00,409.0,gas_ccgt,MW,nem,NSW1
2017-10-20 05:50:00,409.0,gas_ccgt,MW,nem,NSW1
2017-10-20 05:55:00,409.0,gas_ccgt,MW,nem,NSW1
2017-10-20 06:00:00,409.0,gas_ccgt,MW,nem,NSW1
2017-10-20 06:05:00,409.0,gas_ccgt,MW,nem,NSW1
2017-10-20 06:10:00,409.0,gas_ccgt,MW,nem,NSW1
2017-10-20 06:15:00,409.0,gas_ccgt,MW,nem,NSW1
2017-10-20 06:20:00,409.0,gas_ccgt,MW,nem,NSW1
2017-10-20 06:25:00,408.0,gas_ccgt,MW,nem,NSW1
2017-10-20 06:30:00,409.0,gas_ccgt,MW,nem,NSW1
2017-10-20 06:35:00,409.0,gas_ccgt,MW,nem,NSW1
2017-10-20 06:40:00,408.0,gas_ccgt,MW,nem,NSW1
2017-10-20 06:45:00,410.0,gas_ccgt,MW,nem,NSW1
2017-10-20 06:50:00,409.0,gas_ccgt,MW,nem,NSW1
2017-10-20 06:55:00,409.0,gas_ccgt,MW,nem,NSW1
2017-10-20 07:00:00,410.0,gas_ccgt,MW,nem,NSW1
2017-10-20 07:05:00,410.0,gas_ccgt,MW,nem,NSW1
2017-10-20 07:10:00,410.0,gas_ccgt,MW,nem,NSW1
2017-10-20 07:15:00,410.0,gas_ccgt,MW,nem,NSW1
2017-10-20 07:20:00,410.0,gas_ccgt,MW,nem,NSW1
2017-10-20 07:25:00,410.0,gas_ccgt,MW,nem,NSW1
2017-10-20 07:30:00,411.0,gas_ccgt,MW,nem,NSW1
2017-10-20 07:35:00,411.0,gas_ccgt,MW,nem,NSW1
2017-10-20 07:40:00,412.0,gas_ccgt,MW,nem,NSW1
2017-10-20 07:45:00,414.0,gas_ccgt,MW,nem,NSW1
2017-10-20 07:50:00,413.0,gas_ccgt,MW,nem,NSW1
2017-10-20 07:55:00,411.0,gas_ccgt,MW,nem,NSW1
2017-10-20 08:00:00,415.0,gas_ccgt,MW,nem,NSW1
2017-10-20 08:05:00,415.0,gas_ccgt,MW,nem,NSW1
2017-10-20 08:10:00,415.0,gas_ccgt,MW,nem,NSW1
2017-10-20 08:15:00,415.0,gas_ccgt,MW,nem,NSW1
2017-10-20 08:20:00,415.0,gas_ccgt,MW,nem,NSW1
2017-10-20 08:25:00,415.0,gas_ccgt,MW,nem,NSW1
2017-10-20 08:30:00,416.0,gas_ccgt,MW,nem,NSW1
2017-10-20 08:35:00,416.0,gas_ccgt,MW,nem,NSW1
2017-10-20 08:40:00,416.0,gas_ccgt,MW,nem,NSW1
2017-10-20 08:45:00,416.0,gas_ccgt,MW,nem,NSW1
2017-10-20 08:50:00,415.0,gas_ccgt,MW,nem,NSW1
2017-10-20 08:55:00,415.0,gas_ccgt,MW,nem,NSW1
2017-10-20 09:00:00,415.0,gas_ccgt,MW,nem,NSW1
2017-10-20 09:05:00,415.0,gas_ccgt,MW,nem,NSW1
2017-10-20 09:10:00,415.0,gas_ccgt,MW,nem,NSW1
2017-10-20 09:15:00,416.0,gas_ccgt,MW,nem,NSW1
2017-10-20 09:20:00,416.0,gas_ccgt,MW,nem,NSW1
2017-10-20 09:25:00,416.0,gas_ccgt,MW,nem,NSW1
2017-10-20 09:30:00,416.0,gas_ccgt,MW,nem,NSW1
2017-10-20 09:35:00,416.0,gas_ccgt,MW,nem,NSW1
2017-10-20 09:40:00,416.0,gas_ccgt,MW,nem,NSW1
2017-10-20 09:45:00,416.0,gas_ccgt,MW,nem,NSW1
2017-10-20 09:50:00,416.0,gas_ccgt,MW,nem,NSW1
2017-10-20 09:55:00,415.0,gas_ccgt,MW,nem,NSW1
2017-10-20 10:00:00,415.0,gas_ccgt,MW,nem,NSW1
2017-10-20 10:05:00,415.0,gas_ccgt,MW,nem,NSW1
2017-10-20 10:10:00,416.0,gas_ccgt,MW,nem,NSW1
2017-10-20 10:15:00,416.0,gas_ccgt,MW,nem,NSW1
2017-10-20 10:20:00,416.0,gas_ccgt,MW,nem,NSW1
2017-10-20 10:25:00,415.0,gas_ccgt,MW,nem,NSW1
2017-10-20 10:30:00,415.0,gas_ccgt,MW,nem,NSW1
2017-10-20 10:35:00,417.0,gas_ccgt,MW,nem,NSW1
2017-10-20 10:40:00,415.0,gas_ccgt,MW,nem,NSW1
2017-10-20 10:45:00,416.0,gas_ccgt,MW,nem,NSW1
2017-10-20 10:50:00,416.0,gas_ccgt,MW,nem,NSW1
2017-10-20 10:55:00,415.0,gas_ccgt,MW,nem,NSW1
2017-10-20 11:00:00,417.0,gas_ccgt,MW,nem,NSW1
2017-10-20 11:05:00,415.0,gas_ccgt,MW,nem,NSW1
2017-10-20 11:10:00,417.0,gas_ccgt,MW,nem,NSW1
2017-10-20 11:15:00,416.0,gas_ccgt,MW,nem,NSW1
2017-10-20 11:20:00,416.0,gas_ccgt,MW,nem,NSW1
2017-10-20 11:25:00,416.0,gas_ccgt,MW,nem,NSW1
2017-10-20 11:30:00,416.0,gas_ccgt,MW,nem,NSW1
2017-10-20 11:35:00,416.0,gas_ccgt,MW,nem,NSW1
2017-10-20 11:40:00,416.0,gas_ccgt,MW,nem,NSW1
2017-10-20 11:45:00,416.0,gas_ccgt,MW,nem,NSW1
2017-10-20 11:50:00,416.0,gas_ccgt,MW,nem,NSW1
2017-10-20 11:55:00,416.0,gas_ccgt,MW,nem,NSW1
2017-10-20 12:00:00,416.0,gas_ccgt,MW,nem,NSW1
2017-10-20 12:05:00,416.0,gas_ccgt,MW,nem,NSW1
2017-10-20 12:10:00,416.0,gas_ccgt,MW,nem,NSW1
2017-10-20 12:15:00,416.0,gas_ccgt,MW,nem,NSW1
2017-10-20 12:20:00,415.0,gas_ccgt,MW,nem,NSW1
2017-10-20 12:25:00,417.0,gas_ccgt,MW,nem,NSW1
2017-10-20 12:30:00,415.0,gas_ccgt,MW,nem,NSW1
2017-10-20 12:35:00,415.0,gas_ccgt,MW,nem,NSW1
2017-10-20 12:40:00,417.0,gas_ccgt,MW,nem,NSW1
2017-10-20 12:45:00,416.0,gas_ccgt,MW,nem,NSW1
2017-10-20 12:50:00,417.0,gas_ccgt,MW,nem,NSW1
2017-10-20 12:55:00,416.0,gas_ccgt,MW,nem,NSW1
2017-10-20 13:00:00,415.0,gas_ccgt,MW,nem,NSW1
2017-10-20 13:05:00,416.0,gas_ccgt,MW,nem,NSW1
2017-10-20 13:10:00,416.0,gas_ccgt,MW,nem,NSW1
2017-10-20 13:15:00,415.0,gas_ccgt,MW,nem,NSW1
2017-10-20 13:20:00,415.0,gas_ccgt,MW,nem,NSW1
2017-10-20 13:25:00,417.0,gas_ccgt,MW,nem,NSW1
2017-10-20 13:30:00,417.0,gas_ccgt,MW,nem,NSW1
2017-10-20 13:35:00,416.0,gas_ccgt,MW,nem,NSW1
2017-10-20 13:40:00,417.0,gas_ccgt,MW,nem,NSW1
2017-10-20 13:45:00,416.0,gas_ccgt,MW,nem,NSW1
2017-10-20 13:50:00,416.0,gas_ccgt,MW,nem,NSW1
2017-10-20 13:55:00,416.0,gas_ccgt,MW,nem,NSW1
2017-10-20 14:00:00,416.0,gas_ccgt,MW,nem,NSW1
2017-10-20 14:05:00,417.0,gas_ccgt,MW,nem,NSW1
2017-10-20 14:10:00,415.0,gas_ccgt,MW,nem,NSW1
2017-10-20 14:15:00,416.0,gas_ccgt,MW,nem,NSW1
2017-10-20 14:20:00,416.0,gas_ccgt,MW,nem,NSW1
2017-10-20 14:25:00,415.0,gas_ccgt,MW,nem,NSW1
2017-10-20 14:30:00,417.0,gas_ccgt,MW,nem,NSW1
2017-10-20 14:35:00,415.0,gas_ccgt,MW,nem,NSW1
2017-10-20 14:40:00,417.0,gas_ccgt,MW,nem,NSW1
2017-10-20 14:45:00,416.0,gas_ccgt,MW,nem,NSW1
2017-10-20 14:50:00,416.0,gas_ccgt,MW,nem,NSW1
2017-10-20 14:55:00,416.0,gas_ccgt,MW,nem,NSW1
2017-10-20 15:00:00,416.0,gas_ccgt,MW,nem,NSW1
2017-10-20 15:05:00,415.0,gas_ccgt,MW,nem,NSW1
2017-10-20 15:10:00,416.0,gas_ccgt,MW,nem,NSW1
2017-10-20 15:15:00,416.0,gas_ccgt,MW,nem,NSW1
2017-10-20 15:20:00,415.0,gas_ccgt,MW,nem,NSW1
2017-10-20 15:25:00,416.0,gas_ccgt,MW,nem,NSW1
2017-10-20 15:30:00,414.0,gas_ccgt,MW,nem,NSW1
2017-10-20 15:35:00,417.0,gas_ccgt,MW,nem,NSW1
2017-10-20 15:40:00,414.0,gas_ccgt,MW,nem,NSW1
2017-10-20 15:45:00,416.0,gas_ccgt,MW,nem,NSW1
2017-10-20 15:50:00,415.0,gas_ccgt,MW,nem,NSW1
2017-10-20 15:55:00,415.0,gas_ccgt,MW,nem,NSW1
2017-10-20 16:00:00,416.0,gas_ccgt,MW,nem,NSW1
2017-10-20 16:05:00,417.0,gas_ccgt,MW,nem,NSW1
2017-10-20 16:10:00,415.0,gas_ccgt,MW,nem,NSW1
2017-10-20 16:15:00,416.0,gas_ccgt,MW,nem,NSW1
2017-10-20 16:20:00,416.0,gas_ccgt,MW,nem,NSW1
2017-10-20 16:25:00,416.0,gas_ccgt,MW,nem,NSW1
2017-10-20 16:30:00,415.0,gas_ccgt,MW,nem,NSW1
2017-10-20 16:35:00,416.0,gas_ccgt,MW,nem,NSW1
2017-10-20 16:40:00,417.0,gas_ccgt,MW,nem,NSW1
2017-10-20 16:45:00,418.0,gas_ccgt,MW,nem,NSW1
2017-10-20 16:50:00,420.0,gas_ccgt,MW,nem,NSW1
2017-10-20 16:55:00,418.0,gas_ccgt,MW,nem,NSW1
2017-10-20 17:00:00,418.0,gas_ccgt,MW,nem,NSW1
2017-10-20 17:05:00,419.0,gas_ccgt,MW,nem,NSW1
2017-10-20 17:10:00,419.0,gas_ccgt,MW,nem,NSW1
2017-10-20 17:15:00,419.0,gas_ccgt,MW,nem,NSW1
2017-10-20 17:20:00,418.0,gas_ccgt,MW,nem,NSW1
2017-10-20 17:25:00,419.0,gas_ccgt,MW,nem,NSW1
2017-10-20 17:30:00,419.0,gas_ccgt,MW,nem,NSW1
2017-10-20 17:35:00,420.0,gas_ccgt,MW,nem,NSW1
2017-10-20 17:40:00,418.0,gas_ccgt,MW,nem,NSW1
2017-10-20 17:45:00,419.0,gas_ccgt,MW,nem,NSW1
2017-10-20 17:50:00,419.0,gas_ccgt,MW,nem,NSW1
2017-10-20 17:55:00,419.0,gas_ccgt,MW,nem,NSW1
2017-10-20 18:00:00,419.0,gas_ccgt,MW,nem,NSW1
2017-10-20 18:05:00,421.0,gas_ccgt,MW,nem,NSW1
2017-10-20 18:10:00,419.0,gas_ccgt,MW,nem,NSW1
2017-10-20 18:15:00,419.0,gas_ccgt,MW,nem,NSW1
2017-10-20 18:20:00,419.0,gas_ccgt,MW,nem,NSW1
2017-10-20 18:25:00,419.0,gas_ccgt,MW,nem,NSW1
2017-10-20 18:30:00,417.0,gas_ccgt,MW,nem,NSW1
2017-10-20 18:35:00,419.0,gas_ccgt,MW,nem,NSW1
2017-10-20 18:40:00,417.0,gas_ccgt,MW,nem,NSW1
2017-10-20 18:45:00,419.0,gas_ccgt,MW,nem,NSW1
2017-10-20 18:50:00,418.0,gas_ccgt,MW,nem,NSW1
2017-10-20 18:55:00,417.0,gas_ccgt,MW,nem,NSW1
2017-10-20 19:00:00,420.0,gas_ccgt,MW,nem,NSW1
2017-10-20 19:05:00,418.0,gas_ccgt,MW,nem,NSW1
2017-10-20 19:10:00,419.0,gas_ccgt,MW,nem,NSW1
2017-10-20 19:15:00,419.0,gas_ccgt,MW,nem,NSW1
2017-10-20 19:20:00,419.0,gas_ccgt,MW,nem,NSW1
2017-10-20 19:25:00,417.0,gas_ccgt,MW,nem,NSW1
2017-10-20 19:30:00,418.0,gas_ccgt,MW,nem,NSW1
2017-10-20 19:35:00,419.0,gas_ccgt,MW,nem,NSW1
2017-10-20 19:40:00,419.0,gas_ccgt,MW,nem,NSW1
2017-10-20 19:45:00,419.0,gas_ccgt,MW,nem,NSW1
2017-10-20 19:50:00,419.0,gas_ccgt,MW,nem,NSW1
2017-10-20 19:55:00,420.0,gas_ccgt,MW,nem,NSW1
2017-10-20 20:00:00,418.0,gas_ccgt,MW,nem,NSW1
2017-10-20 20:05:00,417.0,gas_ccgt,MW,nem,NSW1
2017-10-20 20:10:00,419.0,gas_ccgt,MW,nem,NSW1
2017-10-20 20:15:00,419.0,gas_ccgt,MW,nem,NSW1
2017-10-20 20:20:00,419.0,gas_ccgt,MW,nem,NSW1
2017-10-20 20:25:00,419.0,gas_ccgt,MW,nem,NSW1
2017-10-20 20:30:00,417.0,gas_ccgt,MW,nem,NSW1
2017-10-20 20:35:00,418.0,gas_ccgt,MW,nem,NSW1
2017-10-20 20:40:00,420.0,gas_ccgt,MW,nem,NSW1
2017-10-20 20:45:00,420.0,gas_ccgt,MW,nem,NSW1
2017-10-20 20:50:00,418.0,gas_ccgt,MW,nem,NSW1
2017-10-20 20:55:00,420.0,gas_ccgt,MW,nem,NSW1
2017-10-20 21:00:00,420.0,gas_ccgt,MW,nem,NSW1
2017-10-20 21:05:00,419.0,gas_ccgt,MW,nem,NSW1
2017-10-20 21:10:00,419.0,gas_ccgt,MW,nem,NSW1
2017-10-20 21:15:00,418.0,gas_ccgt,MW,nem,NSW1
2017-10-20 21:20:00,419.0,gas_ccgt,MW,nem,NSW1
2017-10-20 21:25:00,419.0,gas_ccgt,MW,nem,NSW1
2017-10-20 21:30:00,419.0,gas_ccgt,MW,nem,NSW1
2017-10-20 21:35:00,419.0,gas_ccgt,MW,nem,NSW1
2017-10-20 21:40:00,419.0,gas_ccgt,MW,nem,NSW1
2017-10-20 21:45:00,418.0,gas_ccgt,MW,nem,NSW1
2017-10-20 21:50:00,419.0,gas_ccgt,MW,nem,NSW1
2017-10-20 21:55:00,419.0,gas_ccgt,MW,nem,NSW1
2017-10-20 22:00:00,418.0,gas_ccgt,MW,nem,NSW1
2017-10-20 22:05:00,420.0,gas_ccgt,MW,nem,NSW1
2017-10-20 22:10:00,418.0,gas_ccgt,MW,nem,NSW1
2017-10-20 22:15:00,420.0,gas_ccgt,MW,nem,NSW1
2017-10-20 22:20:00,419.0,gas_ccgt,MW,nem,NSW1
2017-10-20 22:25:00,419.0,gas_ccgt,MW,nem,NSW1
2017-10-20 22:30:00,419.0,gas_ccgt,MW,nem,NSW1
2017-10-20 22:35:00,419.0,gas_ccgt,MW,nem,NSW1
2017-10-20 22:40:00,420.0,gas_ccgt,MW,nem,NSW1
2017-10-20 22:45:00,419.0,gas_ccgt,MW,nem,NSW1
2017-10-20 22:50:00,419.0,gas_ccgt,MW,nem,NSW1
2017-10-20 22:55:00,417.0,gas_ccgt,MW,nem,NSW1
2017-10-20 23:00:00,419.0,gas_ccgt,MW,nem,NSW1
2017-10-20 23:05:00,419.0,gas_ccgt,MW,nem,NSW1
2017-10-20 23:10:00,420.0,gas_ccgt,MW,nem,NSW1
2017-10-20 23:15:00,419.0,gas_ccgt,MW,nem,NSW1
2017-10-20 23:20:00,419.0,gas_ccgt,MW,nem,NSW1
2017-10-20 23:25:00,419.0,gas_ccgt,MW,nem,NSW1
2017-10-20 23:30:00,418.0,gas_ccgt,MW,nem,NSW1
2017-10-20 23:35:00,418.0,gas_ccgt,MW,nem,NSW1
2017-10-20 23:40:00,418.0,gas_ccgt,MW,nem,NSW1
2017-10-20 23:45:00,418.0,gas_ccgt,MW,nem,NSW1
2017-10-20 23:50:00,420.0,gas_ccgt,MW,nem,NSW1
2017-10-20 23:55:00,420.0,gas_ccgt,MW,nem,NSW1
2017-10-21 00:00:00,418.0,gas_ccgt,MW,nem,NSW1
2017-10-21 00:05:00,417.0,gas_ccgt,MW,nem,NSW1
2017-10-21 00:10:00,420.0,gas_ccgt,MW,nem,NSW1
2017-10-21 00:15:00,420.0,gas_ccgt,MW,nem,NSW1
2017-10-21 00:20:00,420.0,gas_ccgt,MW,nem,NSW1
2017-10-21 00:25:00,418.0,gas_ccgt,MW,nem,NSW1
2017-10-21 00:30:00,418.0,gas_ccgt,MW,nem,NSW1
2017-10-21 00:35:00,420.0,gas_ccgt,MW,nem,NSW1
2017-10-21 00:40:00,420.0,gas_ccgt,MW,nem,NSW1
2017-10-21 00:45:00,421.0,gas_ccgt,MW,nem,NSW1
2017-10-21 00:50:00,419.0,gas_ccgt,MW,nem,NSW1
2017-10-21 00:55:00,420.0,gas_ccgt,MW,nem,NSW1
2017-10-21 01:00:00,419.0,gas_ccgt,MW,nem,NSW1
2017-10-21 01:05:00,418.0,gas_ccgt,MW,nem,NSW1
2017-10-21 01:10:00,394.0,gas_ccgt,MW,nem,NSW1
2017-10-21 01:15:00,366.0,gas_ccgt,MW,nem,NSW1
2017-10-21 01:20:00,341.0,gas_ccgt,MW,nem,NSW1
2017-10-21 01:25:00,312.0,gas_ccgt,MW,nem,NSW1
2017-10-21 01:30:00,300.0,gas_ccgt,MW,nem,NSW1
2017-10-21 01:35:00,275.0,gas_ccgt,MW,nem,NSW1
2017-10-21 01:40:00,295.0,gas_ccgt,MW,nem,NSW1
2017-10-21 01:45:00,299.0,gas_ccgt,MW,nem,NSW1
2017-10-21 01:50:00,299.0,gas_ccgt,MW,nem,NSW1
2017-10-21 01:55:00,275.0,gas_ccgt,MW,nem,NSW1
2017-10-21 02:00:00,245.0,gas_ccgt,MW,nem,NSW1
2017-10-21 02:05:00,271.0,gas_ccgt,MW,nem,NSW1
2017-10-21 02:10:00,299.0,gas_ccgt,MW,nem,NSW1
2017-10-21 02:15:00,273.0,gas_ccgt,MW,nem,NSW1
2017-10-21 02:20:00,294.0,gas_ccgt,MW,nem,NSW1
2017-10-21 02:25:00,299.0,gas_ccgt,MW,nem,NSW1
2017-10-21 02:30:00,299.0,gas_ccgt,MW,nem,NSW1
2017-10-21 02:35:00,299.0,gas_ccgt,MW,nem,NSW1
2017-10-21 02:40:00,300.0,gas_ccgt,MW,nem,NSW1
2017-10-21 02:45:00,298.0,gas_ccgt,MW,nem,NSW1
2017-10-21 02:50:00,282.0,gas_ccgt,MW,nem,NSW1
2017-10-21 02:55:00,298.0,gas_ccgt,MW,nem,NSW1
2017-10-21 03:00:00,299.0,gas_ccgt,MW,nem,NSW1
2017-10-21 03:05:00,300.0,gas_ccgt,MW,nem,NSW1
2017-10-21 03:10:00,275.0,gas_ccgt,MW,nem,NSW1
2017-10-21 03:15:00,296.0,gas_ccgt,MW,nem,NSW1
2017-10-21 03:20:00,299.0,gas_ccgt,MW,nem,NSW1
2017-10-21 03:25:00,299.0,gas_ccgt,MW,nem,NSW1
2017-10-21 03:30:00,299.0,gas_ccgt,MW,nem,NSW1
2017-10-21 03:35:00,274.0,gas_ccgt,MW,nem,NSW1
2017-10-21 03:40:00,292.0,gas_ccgt,MW,nem,NSW1
2017-10-21 03:45:00,274.0,gas_ccgt,MW,nem,NSW1
2017-10-21 03:50:00,289.0,gas_ccgt,MW,nem,NSW1
2017-10-21 03:55:00,301.0,gas_ccgt,MW,nem,NSW1
2017-10-21 04:00:00,300.0,gas_ccgt,MW,nem,NSW1
2017-10-21 04:05:00,300.0,gas_ccgt,MW,nem,NSW1
2017-10-21 04:10:00,275.0,gas_ccgt,MW,nem,NSW1
2017-10-21 04:15:00,296.0,gas_ccgt,MW,nem,NSW1
2017-10-21 04:20:00,321.0,gas_ccgt,MW,nem,NSW1
2017-10-21 04:25:00,349.0,gas_ccgt,MW,nem,NSW1
2017-10-21 04:30:00,352.0,gas_ccgt,MW,nem,NSW1
2017-10-21 04:35:00,378.0,gas_ccgt,MW,nem,NSW1
2017-10-21 04:40:00,406.0,gas_ccgt,MW,nem,NSW1
2017-10-21 04:45:00,394.0,gas_ccgt,MW,nem,NSW1
2017-10-21 04:50:00,413.0,gas_ccgt,MW,nem,NSW1
2017-10-21 04:55:00,415.0,gas_ccgt,MW,nem,NSW1
2017-10-21 05:00:00,394.0,gas_ccgt,MW,nem,NSW1
2017-10-21 05:05:00,415.0,gas_ccgt,MW,nem,NSW1
2017-10-21 05:10:00,414.0,gas_ccgt,MW,nem,NSW1
2017-10-21 05:15:00,414.0,gas_ccgt,MW,nem,NSW1
2017-10-21 05:20:00,415.0,gas_ccgt,MW,nem,NSW1
2017-10-21 05:25:00,414.0,gas_ccgt,MW,nem,NSW1
2017-10-21 05:30:00,414.0,gas_ccgt,MW,nem,NSW1
2017-10-21 05:35:00,414.0,gas_ccgt,MW,nem,NSW1
2017-10-21 05:40:00,414.0,gas_ccgt,MW,nem,NSW1
2017-10-21 05:45:00,415.0,gas_ccgt,MW,nem,NSW1
2017-10-21 05:50:00,414.0,gas_ccgt,MW,nem,NSW1
2017-10-21 05:55:00,414.0,gas_ccgt,MW,nem,NSW1
2017-10-21 06:00:00,414.0,gas_ccgt,MW,nem,NSW1
2017-10-21 06:05:00,414.0,gas_ccgt,MW,nem,NSW1
2017-10-21 06:10:00,416.0,gas_ccgt,MW,nem,NSW1
2017-10-21 06:15:00,415.0,gas_ccgt,MW,nem,NSW1
2017-10-21 06:20:00,414.0,gas_ccgt,MW,nem,NSW1
2017-10-21 06:25:00,414.0,gas_ccgt,MW,nem,NSW1
2017-10-21 06:30:00,413.0,gas_ccgt,MW,nem,NSW1
2017-10-21 06:35:00,415.0,gas_ccgt,MW,nem,NSW1
2017-10-21 06:40:00,413.0,gas_ccgt,MW,nem,NSW1
2017-10-21 06:45:00,415.0,gas_ccgt,MW,nem,NSW1
2017-10-21 06:50:00,413.0,gas_ccgt,MW,nem,NSW1
2017-10-21 06:55:00,415.0,gas_ccgt,MW,nem,NSW1
2017-10-21 07:00:00,415.0,gas_ccgt,MW,nem,NSW1
2017-10-21 07:05:00,414.0,gas_ccgt,MW,nem,NSW1
2017-10-21 07:10:00,414.0,gas_ccgt,MW,nem,NSW1
2017-10-21 07:15:00,415.0,gas_ccgt,MW,nem,NSW1
2017-10-21 07:20:00,415.0,gas_ccgt,MW,nem,NSW1
2017-10-21 07:25:00,413.0,gas_ccgt,MW,nem,NSW1
2017-10-21 07:30:00,415.0,gas_ccgt,MW,nem,NSW1
2017-10-21 07:35:00,413.0,gas_ccgt,MW,nem,NSW1
2017-10-21 07:40:00,413.0,gas_ccgt,MW,nem,NSW1
2017-10-21 07:45:00,413.0,gas_ccgt,MW,nem,NSW1
2017-10-21 07:50:00,415.0,gas_ccgt,MW,nem,NSW1
2017-10-21 07:55:00,413.0,gas_ccgt,MW,nem,NSW1
2017-10-21 08:00:00,414.0,gas_ccgt,MW,nem,NSW1
2017-10-21 08:05:00,415.0,gas_ccgt,MW,nem,NSW1
2017-10-21 08:10:00,414.0,gas_ccgt,MW,nem,NSW1
2017-10-21 08:15:00,414.0,gas_ccgt,MW,nem,NSW1
2017-10-21 08:20:00,414.0,gas_ccgt,MW,nem,NSW1
2017-10-21 08:25:00,414.0,gas_ccgt,MW,nem,NSW1
2017-10-21 08:30:00,414.0,gas_ccgt,MW,nem,NSW1
2017-10-21 08:35:00,414.0,gas_ccgt,MW,nem,NSW1
2017-10-21 08:40:00,417.0,gas_ccgt,MW,nem,NSW1
2017-10-21 08:45:00,419.0,gas_ccgt,MW,nem,NSW1
2017-10-21 08:50:00,418.0,gas_ccgt,MW,nem,NSW1
2017-10-21 08:55:00,420.0,gas_ccgt,MW,nem,NSW1
2017-10-21 09:00:00,419.0,gas_ccgt,MW,nem,NSW1
2017-10-21 09:05:00,419.0,gas_ccgt,MW,nem,NSW1
2017-10-21 09:10:00,418.0,gas_ccgt,MW,nem,NSW1
2017-10-21 09:15:00,421.0,gas_ccgt,MW,nem,NSW1
2017-10-21 09:20:00,420.0,gas_ccgt,MW,nem,NSW1
2017-10-21 09:25:00,419.0,gas_ccgt,MW,nem,NSW1
2017-10-21 09:30:00,419.0,gas_ccgt,MW,nem,NSW1
2017-10-21 09:35:00,418.0,gas_ccgt,MW,nem,NSW1
2017-10-21 09:40:00,420.0,gas_ccgt,MW,nem,NSW1
2017-10-21 09:45:00,418.0,gas_ccgt,MW,nem,NSW1
2017-10-21 09:50:00,418.0,gas_ccgt,MW,nem,NSW1
2017-10-21 09:55:00,418.0,gas_ccgt,MW,nem,NSW1
2017-10-21 10:00:00,418.0,gas_ccgt,MW,nem,NSW1
2017-10-21 10:05:00,420.0,gas_ccgt,MW,nem,NSW1
2017-10-21 10:10:00,418.0,gas_ccgt,MW,nem,NSW1
2017-10-21 10:15:00,418.0,gas_ccgt,MW,nem,NSW1
2017-10-21 10:20:00,419.0,gas_ccgt,MW,nem,NSW1
2017-10-21 10:25:00,419.0,gas_ccgt,MW,nem,NSW1
2017-10-21 10:30:00,419.0,gas_ccgt,MW,nem,NSW1
2017-10-21 10:35:00,419.0,gas_ccgt,MW,nem,NSW1
2017-10-21 10:40:00,419.0,gas_ccgt,MW,nem,NSW1
2017-10-21 10:45:00,419.0,gas_ccgt,MW,nem,NSW1
2017-10-21 10:50:00,419.0,gas_ccgt,MW,nem,NSW1
2017-10-21 10:55:00,419.0,gas_ccgt,MW,nem,NSW1
2017-10-21 11:00:00,419.0,gas_ccgt,MW,nem,NSW1
2017-10-21 11:05:00,419.0,gas_ccgt,MW,nem,NSW1
2017-10-21 11:10:00,417.0,gas_ccgt,MW,nem,NSW1
2017-10-21 11:15:00,419.0,gas_ccgt,MW,nem,NSW1
2017-10-21 11:20:00,416.0,gas_ccgt,MW,nem,NSW1
2017-10-21 11:25:00,417.0,gas_ccgt,MW,nem,NSW1
2017-10-21 11:30:00,417.0,gas_ccgt,MW,nem,NSW1
2017-10-21 11:35:00,418.0,gas_ccgt,MW,nem,NSW1
2017-10-21 11:40:00,416.0,gas_ccgt,MW,nem,NSW1
2017-10-21 11:45:00,417.0,gas_ccgt,MW,nem,NSW1
2017-10-21 11:50:00,417.0,gas_ccgt,MW,nem,NSW1
2017-10-21 11:55:00,418.0,gas_ccgt,MW,nem,NSW1
2017-10-21 12:00:00,417.0,gas_ccgt,MW,nem,NSW1
2017-10-21 12:05:00,417.0,gas_ccgt,MW,nem,NSW1
2017-10-21 12:10:00,417.0,gas_ccgt,MW,nem,NSW1
2017-10-21 12:15:00,419.0,gas_ccgt,MW,nem,NSW1
2017-10-21 12:20:00,419.0,gas_ccgt,MW,nem,NSW1
2017-10-21 12:25:00,417.0,gas_ccgt,MW,nem,NSW1
2017-10-21 12:30:00,418.0,gas_ccgt,MW,nem,NSW1
2017-10-21 12:35:00,418.0,gas_ccgt,MW,nem,NSW1
2017-10-21 12:40:00,417.0,gas_ccgt,MW,nem,NSW1
2017-10-21 12:45:00,417.0,gas_ccgt,MW,nem,NSW1
2017-10-21 12:50:00,417.0,gas_ccgt,MW,nem,NSW1
2017-10-21 12:55:00,417.0,gas_ccgt,MW,nem,NSW1
2017-10-21 13:00:00,415.0,gas_ccgt,MW,nem,NSW1
2017-10-21 13:05:00,417.0,gas_ccgt,MW,nem,NSW1
2017-10-21 13:10:00,417.0,gas_ccgt,MW,nem,NSW1
2017-10-21 13:15:00,417.0,gas_ccgt,MW,nem,NSW1
2017-10-21 13:20:00,418.0,gas_ccgt,MW,nem,NSW1
2017-10-21 13:25:00,416.0,gas_ccgt,MW,nem,NSW1
2017-10-21 13:30:00,418.0,gas_ccgt,MW,nem,NSW1
2017-10-21 13:35:00,417.0,gas_ccgt,MW,nem,NSW1
2017-10-21 13:40:00,417.0,gas_ccgt,MW,nem,NSW1
2017-10-21 13:45:00,417.0,gas_ccgt,MW,nem,NSW1
2017-10-21 13:50:00,416.0,gas_ccgt,MW,nem,NSW1
2017-10-21 13:55:00,418.0,gas_ccgt,MW,nem,NSW1
2017-10-21 14:00:00,416.0,gas_ccgt,MW,nem,NSW1
2017-10-21 14:05:00,416.0,gas_ccgt,MW,nem,NSW1
2017-10-21 14:10:00,418.0,gas_ccgt,MW,nem,NSW1
2017-10-21 14:15:00,416.0,gas_ccgt,MW,nem,NSW1
2017-10-21 14:20:00,417.0,gas_ccgt,MW,nem,NSW1
2017-10-21 14:25:00,417.0,gas_ccgt,MW,nem,NSW1
2017-10-21 14:30:00,417.0,gas_ccgt,MW,nem,NSW1
2017-10-21 14:35:00,417.0,gas_ccgt,MW,nem,NSW1
2017-10-21 14:40:00,418.0,gas_ccgt,MW,nem,NSW1
2017-10-21 14:45:00,416.0,gas_ccgt,MW,nem,NSW1
2017-10-21 14:50:00,416.0,gas_ccgt,MW,nem,NSW1
2017-10-21 14:55:00,417.0,gas_ccgt,MW,nem,NSW1
2017-10-21 15:00:00,417.0,gas_ccgt,MW,nem,NSW1
2017-10-21 15:05:00,416.0,gas_ccgt,MW,nem,NSW1
2017-10-21 15:10:00,416.0,gas_ccgt,MW,nem,NSW1
2017-10-21 15:15:00,417.0,gas_ccgt,MW,nem,NSW1
2017-10-21 15:20:00,417.0,gas_ccgt,MW,nem,NSW1
2017-10-21 15:25:00,417.0,gas_ccgt,MW,nem,NSW1
2017-10-21 15:30:00,415.0,gas_ccgt,MW,nem,NSW1
2017-10-21 15:35:00,417.0,gas_ccgt,MW,nem,NSW1
2017-10-21 15:40:00,417.0,gas_ccgt,MW,nem,NSW1
2017-10-21 15:45:00,417.0,gas_ccgt,MW,nem,NSW1
2017-10-21 15:50:00,415.0,gas_ccgt,MW,nem,NSW1
2017-10-21 15:55:00,417.0,gas_ccgt,MW,nem,NSW1
2017-10-21 16:00:00,417.0,gas_ccgt,MW,nem,NSW1
2017-10-21 16:05:00,416.0,gas_ccgt,MW,nem,NSW1
2017-10-21 16:10:00,418.0,gas_ccgt,MW,nem,NSW1
2017-10-21 16:15:00,417.0,gas_ccgt,MW,nem,NSW1
2017-10-21 16:20:00,417.0,gas_ccgt,MW,nem,NSW1
2017-10-21 16:25:00,415.0,gas_ccgt,MW,nem,NSW1
2017-10-21 16:30:00,417.0,gas_ccgt,MW,nem,NSW1
2017-10-21 16:35:00,417.0,gas_ccgt,MW,nem,NSW1
2017-10-21 16:40:00,419.0,gas_ccgt,MW,nem,NSW1
2017-10-21 16:45:00,418.0,gas_ccgt,MW,nem,NSW1
2017-10-21 16:50:00,416.0,gas_ccgt,MW,nem,NSW1
2017-10-21 16:55:00,416.0,gas_ccgt,MW,nem,NSW1
2017-10-21 17:00:00,416.0,gas_ccgt,MW,nem,NSW1
2017-10-21 17:05:00,417.0,gas_ccgt,MW,nem,NSW1
2017-10-21 17:10:00,417.0,gas_ccgt,MW,nem,NSW1
2017-10-21 17:15:00,418.0,gas_ccgt,MW,nem,NSW1
2017-10-21 17:20:00,416.0,gas_ccgt,MW,nem,NSW1
2017-10-21 17:25:00,418.0,gas_ccgt,MW,nem,NSW1
2017-10-21 17:30:00,416.0,gas_ccgt,MW,nem,NSW1
2017-10-21 17:35:00,417.0,gas_ccgt,MW,nem,NSW1
2017-10-21 17:40:00,417.0,gas_ccgt,MW,nem,NSW1
2017-10-21 17:45:00,417.0,gas_ccgt,MW,nem,NSW1
2017-10-21 17:50:00,417.0,gas_ccgt,MW,nem,NSW1
2017-10-21 17:55:00,417.0,gas_ccgt,MW,nem,NSW1
2017-10-21 18:00:00,419.0,gas_ccgt,MW,nem,NSW1
2017-10-21 18:05:00,419.0,gas_ccgt,MW,nem,NSW1
2017-10-21 18:10:00,417.0,gas_ccgt,MW,nem,NSW1
2017-10-21 18:15:00,417.0,gas_ccgt,MW,nem,NSW1
2017-10-21 18:20:00,417.0,gas_ccgt,MW,nem,NSW1
2017-10-21 18:25:00,417.0,gas_ccgt,MW,nem,NSW1
2017-10-21 18:30:00,417.0,gas_ccgt,MW,nem,NSW1
2017-10-21 18:35:00,418.0,gas_ccgt,MW,nem,NSW1
2017-10-21 18:40:00,418.0,gas_ccgt,MW,nem,NSW1
2017-10-21 18:45:00,417.0,gas_ccgt,MW,nem,NSW1
2017-10-21 18:50:00,417.0,gas_ccgt,MW,nem,NSW1
2017-10-21 18:55:00,417.0,gas_ccgt,MW,nem,NSW1
2017-10-21 19:00:00,417.0,gas_ccgt,MW,nem,NSW1
2017-10-21 19:05:00,417.0,gas_ccgt,MW,nem,NSW1
2017-10-21 19:10:00,419.0,gas_ccgt,MW,nem,NSW1
2017-10-21 19:15:00,417.0,gas_ccgt,MW,nem,NSW1
2017-10-21 19:20:00,417.0,gas_ccgt,MW,nem,NSW1
2017-10-21 19:25:00,418.0,gas_ccgt,MW,nem,NSW1
2017-10-21 19:30:00,418.0,gas_ccgt,MW,nem,NSW1
2017-10-21 19:35:00,418.0,gas_ccgt,MW,nem,NSW1
2017-10-21 19:40:00,419.0,gas_ccgt,MW,nem,NSW1
2017-10-21 19:45:00,419.0,gas_ccgt,MW,nem,NSW1
2017-10-21 19:50:00,419.0,gas_ccgt,MW,nem,NSW1
2017-10-21 19:55:00,419.0,gas_ccgt,MW,nem,NSW1
2017-10-21 20:00:00,419.0,gas_ccgt,MW,nem,NSW1
2017-10-21 20:05:00,419.0,gas_ccgt,MW,nem,NSW1
2017-10-21 20:10:00,419.0,gas_ccgt,MW,nem,NSW1
2017-10-21 20:15:00,419.0,gas_ccgt,MW,nem,NSW1
2017-10-21 20:20:00,419.0,gas_ccgt,MW,nem,NSW1
2017-10-21 20:25:00,420.0,gas_ccgt,MW,nem,NSW1
2017-10-21 20:30:00,419.0,gas_ccgt,MW,nem,NSW1
2017-10-21 20:35:00,419.0,gas_ccgt,MW,nem,NSW1
2017-10-21 20:40:00,418.0,gas_ccgt,MW,nem,NSW1
2017-10-21 20:45:00,418.0,gas_ccgt,MW,nem,NSW1
2017-10-21 20:50:00,420.0,gas_ccgt,MW,nem,NSW1
2017-10-21 20:55:00,418.0,gas_ccgt,MW,nem,NSW1
2017-10-21 21:00:00,420.0,gas_ccgt,MW,nem,NSW1
2017-10-21 21:05:00,418.0,gas_ccgt,MW,nem,NSW1
2017-10-21 21:10:00,419.0,gas_ccgt,MW,nem,NSW1
2017-10-21 21:15:00,419.0,gas_ccgt,MW,nem,NSW1
2017-10-21 21:20:00,420.0,gas_ccgt,MW,nem,NSW1
2017-10-21 21:25:00,420.0,gas_ccgt,MW,nem,NSW1
2017-10-21 21:30:00,420.0,gas_ccgt,MW,nem,NSW1
2017-10-21 21:35:00,419.0,gas_ccgt,MW,nem,NSW1
2017-10-21 21:40:00,419.0,gas_ccgt,MW,nem,NSW1
2017-10-21 21:45:00,419.0,gas_ccgt,MW,nem,NSW1
2017-10-21 21:50:00,419.0,gas_ccgt,MW,nem,NSW1
2017-10-21 21:55:00,417.0,gas_ccgt,MW,nem,NSW1
2017-10-21 22:00:00,419.0,gas_ccgt,MW,nem,NSW1
2017-10-21 22:05:00,417.0,gas_ccgt,MW,nem,NSW1
2017-10-21 22:10:00,417.0,gas_ccgt,MW,nem,NSW1
2017-10-21 22:15:00,417.0,gas_ccgt,MW,nem,NSW1
2017-10-21 22:20:00,418.0,gas_ccgt,MW,nem,NSW1
2017-10-21 22:25:00,418.0,gas_ccgt,MW,nem,NSW1
2017-10-21 22:30:00,418.0,gas_ccgt,MW,nem,NSW1
2017-10-21 22:35:00,418.0,gas_ccgt,MW,nem,NSW1
2017-10-21 22:40:00,418.0,gas_ccgt,MW,nem,NSW1
2017-10-21 22:45:00,418.0,gas_ccgt,MW,nem,NSW1
2017-10-21 22:50:00,418.0,gas_ccgt,MW,nem,NSW1
2017-10-21 22:55:00,418.0,gas_ccgt,MW,nem,NSW1
2017-10-21 23:00:00,418.0,gas_ccgt,MW,nem,NSW1
2017-10-21 23:05:00,418.0,gas_ccgt,MW,nem,NSW1
2017-10-21 23:10:00,418.0,gas_ccgt,MW,nem,NSW1
2017-10-21 23:15:00,416.0,gas_ccgt,MW,nem,NSW1
2017-10-21 23:20:00,416.0,gas_ccgt,MW,nem,NSW1
2017-10-21 23:25:00,416.0,gas_ccgt,MW,nem,NSW1
2017-10-21 23:30:00,417.0,gas_ccgt,MW,nem,NSW1
2017-10-21 23:35:00,417.0,gas_ccgt,MW,nem,NSW1
2017-10-21 23:40:00,417.0,gas_ccgt,MW,nem,NSW1
2017-10-21 23:45:00,417.0,gas_ccgt,MW,nem,NSW1
2017-10-21 23:50:00,417.0,gas_ccgt,MW,nem,NSW1
2017-10-21 23:55:00,417.0,gas_ccgt,MW,nem,NSW1
2017-10-22 00:00:00,417.0,gas_ccgt,MW,nem,NSW1
2017-10-22 00:05:00,417.0,gas_ccgt,MW,nem,NSW1
2017-10-22 00:10:00,417.0,gas_ccgt,MW,nem,NSW1
2017-10-22 00:15:00,417.0,gas_ccgt,MW,nem,NSW1
2017-10-22 00:20:00,416.0,gas_ccgt,MW,nem,NSW1
2017-10-22 00:25:00,394.0,gas_ccgt,MW,nem,NSW1
2017-10-22 00:30:00,412.0,gas_ccgt,MW,nem,NSW1
2017-10-22 00:35:00,414.0,gas_ccgt,MW,nem,NSW1
2017-10-22 00:40:00,416.0,gas_ccgt,MW,nem,NSW1
2017-10-22 00:45:00,416.0,gas_ccgt,MW,nem,NSW1
2017-10-22 00:50:00,418.0,gas_ccgt,MW,nem,NSW1
2017-10-22 00:55:00,416.0,gas_ccgt,MW,nem,NSW1
2017-10-22 01:00:00,416.0,gas_ccgt,MW,nem,NSW1
2017-10-22 01:05:00,416.0,gas_ccgt,MW,nem,NSW1
2017-10-22 01:10:00,416.0,gas_ccgt,MW,nem,NSW1
2017-10-22 01:15:00,416.0,gas_ccgt,MW,nem,NSW1
2017-10-22 01:20:00,416.0,gas_ccgt,MW,nem,NSW1
2017-10-22 01:25:00,416.0,gas_ccgt,MW,nem,NSW1
2017-10-22 01:30:00,416.0,gas_ccgt,MW,nem,NSW1
2017-10-22 01:35:00,394.0,gas_ccgt,MW,nem,NSW1
2017-10-22 01:40:00,409.0,gas_ccgt,MW,nem,NSW1
2017-10-22 01:45:00,415.0,gas_ccgt,MW,nem,NSW1
2017-10-22 01:50:00,415.0,gas_ccgt,MW,nem,NSW1
2017-10-22 01:55:00,417.0,gas_ccgt,MW,nem,NSW1
2017-10-22 02:00:00,415.0,gas_ccgt,MW,nem,NSW1
2017-10-22 02:05:00,415.0,gas_ccgt,MW,nem,NSW1
2017-10-22 02:10:00,417.0,gas_ccgt,MW,nem,NSW1
2017-10-22 02:15:00,415.0,gas_ccgt,MW,nem,NSW1
2017-10-22 02:20:00,417.0,gas_ccgt,MW,nem,NSW1
2017-10-22 02:25:00,417.0,gas_ccgt,MW,nem,NSW1
2017-10-22 02:30:00,417.0,gas_ccgt,MW,nem,NSW1
2017-10-22 02:35:00,416.0,gas_ccgt,MW,nem,NSW1
2017-10-22 02:40:00,416.0,gas_ccgt,MW,nem,NSW1
2017-10-22 02:45:00,416.0,gas_ccgt,MW,nem,NSW1
2017-10-22 02:50:00,416.0,gas_ccgt,MW,nem,NSW1
2017-10-22 02:55:00,416.0,gas_ccgt,MW,nem,NSW1
2017-10-22 03:00:00,416.0,gas_ccgt,MW,nem,NSW1
2017-10-22 03:05:00,412.0,gas_ccgt,MW,nem,NSW1
2017-10-22 03:10:00,415.0,gas_ccgt,MW,nem,NSW1
2017-10-22 03:15:00,415.0,gas_ccgt,MW,nem,NSW1
2017-10-22 03:20:00,417.0,gas_ccgt,MW,nem,NSW1
2017-10-22 03:25:00,417.0,gas_ccgt,MW,nem,NSW1
2017-10-22 03:30:00,417.0,gas_ccgt,MW,nem,NSW1
2017-10-22 03:35:00,417.0,gas_ccgt,MW,nem,NSW1
2017-10-22 03:40:00,417.0,gas_ccgt,MW,nem,NSW1
2017-10-22 03:45:00,417.0,gas_ccgt,MW,nem,NSW1
2017-10-22 03:50:00,417.0,gas_ccgt,MW,nem,NSW1
2017-10-22 03:55:00,417.0,gas_ccgt,MW,nem,NSW1
2017-10-22 04:00:00,417.0,gas_ccgt,MW,nem,NSW1
2017-10-22 04:05:00,417.0,gas_ccgt,MW,nem,NSW1
2017-10-22 04:10:00,418.0,gas_ccgt,MW,nem,NSW1
2017-10-22 04:15:00,417.0,gas_ccgt,MW,nem,NSW1
2017-10-22 04:20:00,417.0,gas_ccgt,MW,nem,NSW1
2017-10-22 04:25:00,417.0,gas_ccgt,MW,nem,NSW1
2017-10-22 04:30:00,417.0,gas_ccgt,MW,nem,NSW1
2017-10-22 04:35:00,417.0,gas_ccgt,MW,nem,NSW1
2017-10-22 04:40:00,417.0,gas_ccgt,MW,nem,NSW1
2017-10-22 04:45:00,417.0,gas_ccgt,MW,nem,NSW1
2017-10-22 04:50:00,418.0,gas_ccgt,MW,nem,NSW1
2017-10-22 04:55:00,418.0,gas_ccgt,MW,nem,NSW1
2017-10-22 05:00:00,419.0,gas_ccgt,MW,nem,NSW1
2017-10-22 05:05:00,417.0,gas_ccgt,MW,nem,NSW1
2017-10-22 05:10:00,418.0,gas_ccgt,MW,nem,NSW1
2017-10-22 05:15:00,416.0,gas_ccgt,MW,nem,NSW1
2017-10-22 05:20:00,418.0,gas_ccgt,MW,nem,NSW1
2017-10-22 05:25:00,418.0,gas_ccgt,MW,nem,NSW1
2017-10-22 05:30:00,418.0,gas_ccgt,MW,nem,NSW1
2017-10-22 05:35:00,417.0,gas_ccgt,MW,nem,NSW1
2017-10-22 05:40:00,417.0,gas_ccgt,MW,nem,NSW1
2017-10-22 05:45:00,417.0,gas_ccgt,MW,nem,NSW1
2017-10-22 05:50:00,418.0,gas_ccgt,MW,nem,NSW1
2017-10-22 05:55:00,416.0,gas_ccgt,MW,nem,NSW1
2017-10-22 06:00:00,417.0,gas_ccgt,MW,nem,NSW1
2017-10-22 06:05:00,417.0,gas_ccgt,MW,nem,NSW1
2017-10-22 06:10:00,392.0,gas_ccgt,MW,nem,NSW1
2017-10-22 06:15:00,368.0,gas_ccgt,MW,nem,NSW1
2017-10-22 06:20:00,343.0,gas_ccgt,MW,nem,NSW1
2017-10-22 06:25:00,368.0,gas_ccgt,MW,nem,NSW1
2017-10-22 06:30:00,363.0,gas_ccgt,MW,nem,NSW1
2017-10-22 06:35:00,388.0,gas_ccgt,MW,nem,NSW1
2017-10-22 06:40:00,412.0,gas_ccgt,MW,nem,NSW1
2017-10-22 06:45:00,418.0,gas_ccgt,MW,nem,NSW1
2017-10-22 06:50:00,417.0,gas_ccgt,MW,nem,NSW1
2017-10-22 06:55:00,417.0,gas_ccgt,MW,nem,NSW1
2017-10-22 07:00:00,417.0,gas_ccgt,MW,nem,NSW1
2017-10-22 07:05:00,417.0,gas_ccgt,MW,nem,NSW1
2017-10-22 07:10:00,392.0,gas_ccgt,MW,nem,NSW1
2017-10-22 07:15:00,411.0,gas_ccgt,MW,nem,NSW1
2017-10-22 07:20:00,415.0,gas_ccgt,MW,nem,NSW1
2017-10-22 07:25:00,419.0,gas_ccgt,MW,nem,NSW1
2017-10-22 07:30:00,417.0,gas_ccgt,MW,nem,NSW1
2017-10-22 07:35:00,415.0,gas_ccgt,MW,nem,NSW1
2017-10-22 07:40:00,417.0,gas_ccgt,MW,nem,NSW1
2017-10-22 07:45:00,417.0,gas_ccgt,MW,nem,NSW1
2017-10-22 07:50:00,417.0,gas_ccgt,MW,nem,NSW1
2017-10-22 07:55:00,417.0,gas_ccgt,MW,nem,NSW1
2017-10-22 08:00:00,415.0,gas_ccgt,MW,nem,NSW1
2017-10-22 08:05:00,417.0,gas_ccgt,MW,nem,NSW1
2017-10-22 08:10:00,417.0,gas_ccgt,MW,nem,NSW1
2017-10-22 08:15:00,416.0,gas_ccgt,MW,nem,NSW1
2017-10-22 08:20:00,416.0,gas_ccgt,MW,nem,NSW1
2017-10-22 08:25:00,415.0,gas_ccgt,MW,nem,NSW1
2017-10-22 08:30:00,415.0,gas_ccgt,MW,nem,NSW1
2017-10-22 08:35:00,417.0,gas_ccgt,MW,nem,NSW1
2017-10-22 08:40:00,415.0,gas_ccgt,MW,nem,NSW1
2017-10-22 08:45:00,415.0,gas_ccgt,MW,nem,NSW1
2017-10-22 08:50:00,415.0,gas_ccgt,MW,nem,NSW1
2017-10-22 08:55:00,417.0,gas_ccgt,MW,nem,NSW1
2017-10-22 09:00:00,416.0,gas_ccgt,MW,nem,NSW1
2017-10-22 09:05:00,416.0,gas_ccgt,MW,nem,NSW1
2017-10-22 09:10:00,415.0,gas_ccgt,MW,nem,NSW1
2017-10-22 09:15:00,413.0,gas_ccgt,MW,nem,NSW1
2017-10-22 09:20:00,415.0,gas_ccgt,MW,nem,NSW1
2017-10-22 09:25:00,416.0,gas_ccgt,MW,nem,NSW1
2017-10-22 09:30:00,415.0,gas_ccgt,MW,nem,NSW1
2017-10-22 09:35:00,416.0,gas_ccgt,MW,nem,NSW1
2017-10-22 09:40:00,414.0,gas_ccgt,MW,nem,NSW1
2017-10-22 09:45:00,414.0,gas_ccgt,MW,nem,NSW1
2017-10-22 09:50:00,414.0,gas_ccgt,MW,nem,NSW1
2017-10-22 09:55:00,414.0,gas_ccgt,MW,nem,NSW1
2017-10-22 10:00:00,414.0,gas_ccgt,MW,nem,NSW1
2017-10-22 10:05:00,414.0,gas_ccgt,MW,nem,NSW1
2017-10-22 10:10:00,412.0,gas_ccgt,MW,nem,NSW1
2017-10-22 10:15:00,414.0,gas_ccgt,MW,nem,NSW1
2017-10-22 10:20:00,414.0,gas_ccgt,MW,nem,NSW1
2017-10-22 10:25:00,412.0,gas_ccgt,MW,nem,NSW1
2017-10-22 10:30:00,414.0,gas_ccgt,MW,nem,NSW1
2017-10-22 10:35:00,412.0,gas_ccgt,MW,nem,NSW1
2017-10-22 10:40:00,414.0,gas_ccgt,MW,nem,NSW1
2017-10-22 10:45:00,413.0,gas_ccgt,MW,nem,NSW1
2017-10-22 10:50:00,413.0,gas_ccgt,MW,nem,NSW1
2017-10-22 10:55:00,412.0,gas_ccgt,MW,nem,NSW1
2017-10-22 11:00:00,412.0,gas_ccgt,MW,nem,NSW1
2017-10-22 11:05:00,412.0,gas_ccgt,MW,nem,NSW1
2017-10-22 11:10:00,413.0,gas_ccgt,MW,nem,NSW1
2017-10-22 11:15:00,413.0,gas_ccgt,MW,nem,NSW1
2017-10-22 11:20:00,413.0,gas_ccgt,MW,nem,NSW1
2017-10-22 11:25:00,413.0,gas_ccgt,MW,nem,NSW1
2017-10-22 11:30:00,413.0,gas_ccgt,MW,nem,NSW1
2017-10-22 11:35:00,413.0,gas_ccgt,MW,nem,NSW1
2017-10-22 11:40:00,413.0,gas_ccgt,MW,nem,NSW1
2017-10-22 11:45:00,412.0,gas_ccgt,MW,nem,NSW1
2017-10-22 11:50:00,412.0,gas_ccgt,MW,nem,NSW1
2017-10-22 11:55:00,414.0,gas_ccgt,MW,nem,NSW1
2017-10-22 12:00:00,412.0,gas_ccgt,MW,nem,NSW1
2017-10-22 12:05:00,414.0,gas_ccgt,MW,nem,NSW1
2017-10-22 12:10:00,412.0,gas_ccgt,MW,nem,NSW1
2017-10-22 12:15:00,414.0,gas_ccgt,MW,nem,NSW1
2017-10-22 12:20:00,414.0,gas_ccgt,MW,nem,NSW1
2017-10-22 12:25:00,414.0,gas_ccgt,MW,nem,NSW1
2017-10-22 12:30:00,412.0,gas_ccgt,MW,nem,NSW1
2017-10-22 12:35:00,413.0,gas_ccgt,MW,nem,NSW1
2017-10-22 12:40:00,413.0,gas_ccgt,MW,nem,NSW1
2017-10-22 12:45:00,413.0,gas_ccgt,MW,nem,NSW1
2017-10-22 12:50:00,413.0,gas_ccgt,MW,nem,NSW1
2017-10-22 12:55:00,413.0,gas_ccgt,MW,nem,NSW1
2017-10-22 13:00:00,413.0,gas_ccgt,MW,nem,NSW1
2017-10-22 13:05:00,413.0,gas_ccgt,MW,nem,NSW1
2017-10-22 13:10:00,413.0,gas_ccgt,MW,nem,NSW1
2017-10-22 13:15:00,413.0,gas_ccgt,MW,nem,NSW1
2017-10-22 13:20:00,412.0,gas_ccgt,MW,nem,NSW1
2017-10-22 13:25:00,412.0,gas_ccgt,MW,nem,NSW1
2017-10-22 13:30:00,414.0,gas_ccgt,MW,nem,NSW1
2017-10-22 13:35:00,414.0,gas_ccgt,MW,nem,NSW1
2017-10-22 13:40:00,412.0,gas_ccgt,MW,nem,NSW1
2017-10-22 13:45:00,412.0,gas_ccgt,MW,nem,NSW1
2017-10-22 13:50:00,412.0,gas_ccgt,MW,nem,NSW1
2017-10-22 13:55:00,413.0,gas_ccgt,MW,nem,NSW1
2017-10-22 14:00:00,413.0,gas_ccgt,MW,nem,NSW1
2017-10-22 14:05:00,413.0,gas_ccgt,MW,nem,NSW1
2017-10-22 14:10:00,413.0,gas_ccgt,MW,nem,NSW1
2017-10-22 14:15:00,413.0,gas_ccgt,MW,nem,NSW1
2017-10-22 14:20:00,413.0,gas_ccgt,MW,nem,NSW1
2017-10-22 14:25:00,414.0,gas_ccgt,MW,nem,NSW1
2017-10-22 14:30:00,412.0,gas_ccgt,MW,nem,NSW1
2017-10-22 14:35:00,412.0,gas_ccgt,MW,nem,NSW1
2017-10-22 14:40:00,412.0,gas_ccgt,MW,nem,NSW1
2017-10-22 14:45:00,412.0,gas_ccgt,MW,nem,NSW1
2017-10-22 14:50:00,412.0,gas_ccgt,MW,nem,NSW1
2017-10-22 14:55:00,412.0,gas_ccgt,MW,nem,NSW1
2017-10-22 15:00:00,413.0,gas_ccgt,MW,nem,NSW1
2017-10-22 15:05:00,413.0,gas_ccgt,MW,nem,NSW1
2017-10-22 15:10:00,413.0,gas_ccgt,MW,nem,NSW1
2017-10-22 15:15:00,411.0,gas_ccgt,MW,nem,NSW1
2017-10-22 15:20:00,413.0,gas_ccgt,MW,nem,NSW1
2017-10-22 15:25:00,413.0,gas_ccgt,MW,nem,NSW1
2017-10-22 15:30:00,411.0,gas_ccgt,MW,nem,NSW1
2017-10-22 15:35:00,414.0,gas_ccgt,MW,nem,NSW1
2017-10-22 15:40:00,414.0,gas_ccgt,MW,nem,NSW1
2017-10-22 15:45:00,413.0,gas_ccgt,MW,nem,NSW1
2017-10-22 15:50:00,413.0,gas_ccgt,MW,nem,NSW1
2017-10-22 15:55:00,413.0,gas_ccgt,MW,nem,NSW1
2017-10-22 16:00:00,413.0,gas_ccgt,MW,nem,NSW1
2017-10-22 16:05:00,414.0,gas_ccgt,MW,nem,NSW1
2017-10-22 16:10:00,414.0,gas_ccgt,MW,nem,NSW1
2017-10-22 16:15:00,414.0,gas_ccgt,MW,nem,NSW1
2017-10-22 16:20:00,414.0,gas_ccgt,MW,nem,NSW1
2017-10-22 16:25:00,414.0,gas_ccgt,MW,nem,NSW1
2017-10-22 16:30:00,414.0,gas_ccgt,MW,nem,NSW1
2017-10-22 16:35:00,414.0,gas_ccgt,MW,nem,NSW1
2017-10-22 16:40:00,414.0,gas_ccgt,MW,nem,NSW1
2017-10-22 16:45:00,414.0,gas_ccgt,MW,nem,NSW1
2017-10-22 16:50:00,414.0,gas_ccgt,MW,nem,NSW1
2017-10-22 16:55:00,414.0,gas_ccgt,MW,nem,NSW1
2017-10-22 17:00:00,414.0,gas_ccgt,MW,nem,NSW1
2017-10-22 17:05:00,413.0,gas_ccgt,MW,nem,NSW1
2017-10-22 17:10:00,415.0,gas_ccgt,MW,nem,NSW1
2017-10-22 17:15:00,415.0,gas_ccgt,MW,nem,NSW1
2017-10-22 17:20:00,415.0,gas_ccgt,MW,nem,NSW1
2017-10-22 17:25:00,415.0,gas_ccgt,MW,nem,NSW1
2017-10-22 17:30:00,413.0,gas_ccgt,MW,nem,NSW1
2017-10-22 17:35:00,415.0,gas_ccgt,MW,nem,NSW1
2017-10-22 17:40:00,414.0,gas_ccgt,MW,nem,NSW1
2017-10-22 17:45:00,414.0,gas_ccgt,MW,nem,NSW1
2017-10-22 17:50:00,414.0,gas_ccgt,MW,nem,NSW1
2017-10-22 17:55:00,414.0,gas_ccgt,MW,nem,NSW1
2017-10-22 18:00:00,415.0,gas_ccgt,MW,nem,NSW1
2017-10-22 18:05:00,415.0,gas_ccgt,MW,nem,NSW1
2017-10-22 18:10:00,415.0,gas_ccgt,MW,nem,NSW1
2017-10-22 18:15:00,415.0,gas_ccgt,MW,nem,NSW1
2017-10-22 18:20:00,415.0,gas_ccgt,MW,nem,NSW1
2017-10-22 18:25:00,415.0,gas_ccgt,MW,nem,NSW1
2017-10-22 18:30:00,415.0,gas_ccgt,MW,nem,NSW1
2017-10-22 18:35:00,415.0,gas_ccgt,MW,nem,NSW1
2017-10-22 18:40:00,414.0,gas_ccgt,MW,nem,NSW1
2017-10-22 18:45:00,415.0,gas_ccgt,MW,nem,NSW1
2017-10-22 18:50:00,415.0,gas_ccgt,MW,nem,NSW1
2017-10-22 18:55:00,416.0,gas_ccgt,MW,nem,NSW1
2017-10-22 19:00:00,414.0,gas_ccgt,MW,nem,NSW1
2017-10-22 19:05:00,414.0,gas_ccgt,MW,nem,NSW1
2017-10-22 19:10:00,414.0,gas_ccgt,MW,nem,NSW1
2017-10-22 19:15:00,414.0,gas_ccgt,MW,nem,NSW1
2017-10-22 19:20:00,416.0,gas_ccgt,MW,nem,NSW1
2017-10-22 19:25:00,414.0,gas_ccgt,MW,nem,NSW1
2017-10-22 19:30:00,416.0,gas_ccgt,MW,nem,NSW1
2017-10-22 19:35:00,416.0,gas_ccgt,MW,nem,NSW1
2017-10-22 19:40:00,415.0,gas_ccgt,MW,nem,NSW1
2017-10-22 19:45:00,414.0,gas_ccgt,MW,nem,NSW1
2017-10-22 19:50:00,414.0,gas_ccgt,MW,nem,NSW1
2017-10-22 19:55:00,415.0,gas_ccgt,MW,nem,NSW1
2017-10-22 20:00:00,416.0,gas_ccgt,MW,nem,NSW1
2017-10-22 20:05:00,416.0,gas_ccgt,MW,nem,NSW1
2017-10-22 20:10:00,414.0,gas_ccgt,MW,nem,NSW1
2017-10-22 20:15:00,414.0,gas_ccgt,MW,nem,NSW1
2017-10-22 20:20:00,415.0,gas_ccgt,MW,nem,NSW1
2017-10-22 20:25:00,414.0,gas_ccgt,MW,nem,NSW1
2017-10-22 20:30:00,415.0,gas_ccgt,MW,nem,NSW1
2017-10-22 20:35:00,415.0,gas_ccgt,MW,nem,NSW1
2017-10-22 20:40:00,415.0,gas_ccgt,MW,nem,NSW1
2017-10-22 20:45:00,414.0,gas_ccgt,MW,nem,NSW1
2017-10-22 20:50:00,415.0,gas_ccgt,MW,nem,NSW1
2017-10-22 20:55:00,416.0,gas_ccgt,MW,nem,NSW1
2017-10-22 21:00:00,415.0,gas_ccgt,MW,nem,NSW1
2017-10-22 21:05:00,413.0,gas_ccgt,MW,nem,NSW1
2017-10-22 21:10:00,416.0,gas_ccgt,MW,nem,NSW1
2017-10-22 21:15:00,416.0,gas_ccgt,MW,nem,NSW1
2017-10-22 21:20:00,416.0,gas_ccgt,MW,nem,NSW1
2017-10-22 21:25:00,417.0,gas_ccgt,MW,nem,NSW1
2017-10-22 21:30:00,417.0,gas_ccgt,MW,nem,NSW1
2017-10-22 21:35:00,417.0,gas_ccgt,MW,nem,NSW1
2017-10-22 21:40:00,417.0,gas_ccgt,MW,nem,NSW1
2017-10-22 21:45:00,416.0,gas_ccgt,MW,nem,NSW1
2017-10-22 21:50:00,418.0,gas_ccgt,MW,nem,NSW1
2017-10-22 21:55:00,418.0,gas_ccgt,MW,nem,NSW1
2017-10-22 22:00:00,416.0,gas_ccgt,MW,nem,NSW1
2017-10-22 22:05:00,417.0,gas_ccgt,MW,nem,NSW1
2017-10-22 22:10:00,417.0,gas_ccgt,MW,nem,NSW1
2017-10-22 22:15:00,417.0,gas_ccgt,MW,nem,NSW1
2017-10-22 22:20:00,417.0,gas_ccgt,MW,nem,NSW1
2017-10-22 22:25:00,417.0,gas_ccgt,MW,nem,NSW1
2017-10-22 22:30:00,417.0,gas_ccgt,MW,nem,NSW1
2017-10-22 22:35:00,417.0,gas_ccgt,MW,nem,NSW1
2017-10-22 22:40:00,419.0,gas_ccgt,MW,nem,NSW1
2017-10-22 22:45:00,417.0,gas_ccgt,MW,nem,NSW1
2017-10-22 22:50:00,418.0,gas_ccgt,MW,nem,NSW1
2017-10-22 22:55:00,418.0,gas_ccgt,MW,nem,NSW1
2017-10-22 23:00:00,419.0,gas_ccgt,MW,nem,NSW1
2017-10-22 23:05:00,417.0,gas_ccgt,MW,nem,NSW1
2017-10-22 23:10:00,401.0,gas_ccgt,MW,nem,NSW1
2017-10-22 23:15:00,414.0,gas_ccgt,MW,nem,NSW1
2017-10-22 23:20:00,416.0,gas_ccgt,MW,nem,NSW1
2017-10-22 23:25:00,418.0,gas_ccgt,MW,nem,NSW1
2017-10-22 23:30:00,418.0,gas_ccgt,MW,nem,NSW1
2017-10-22 23:35:00,420.0,gas_ccgt,MW,nem,NSW1
2017-10-22 23:40:00,418.0,gas_ccgt,MW,nem,NSW1
2017-10-22 23:45:00,418.0,gas_ccgt,MW,nem,NSW1
2017-10-22 23:50:00,420.0,gas_ccgt,MW,nem,NSW1
2017-10-22 23:55:00,420.0,gas_ccgt,MW,nem,NSW1
2017-10-23 00:00:00,420.0,gas_ccgt,MW,nem,NSW1
2017-10-23 00:05:00,418.0,gas_ccgt,MW,nem,NSW1
2017-10-23 00:10:00,420.0,gas_ccgt,MW,nem,NSW1
2017-10-23 00:15:00,418.0,gas_ccgt,MW,nem,NSW1
2017-10-23 00:20:00,418.0,gas_ccgt,MW,nem,NSW1
2017-10-23 00:25:00,420.0,gas_ccgt,MW,nem,NSW1
2017-10-23 00:30:00,420.0,gas_ccgt,MW,nem,NSW1
2017-10-23 00:35:00,420.0,gas_ccgt,MW,nem,NSW1
2017-10-23 00:40:00,420.0,gas_ccgt,MW,nem,NSW1
2017-10-23 00:45:00,420.0,gas_ccgt,MW,nem,NSW1
2017-10-23 00:50:00,420.0,gas_ccgt,MW,nem,NSW1
2017-10-23 00:55:00,418.0,gas_ccgt,MW,nem,NSW1
2017-10-23 01:00:00,420.0,gas_ccgt,MW,nem,NSW1
2017-10-23 01:05:00,420.0,gas_ccgt,MW,nem,NSW1
2017-10-23 01:10:00,420.0,gas_ccgt,MW,nem,NSW1
2017-10-23 01:15:00,420.0,gas_ccgt,MW,nem,NSW1
2017-10-23 01:20:00,420.0,gas_ccgt,MW,nem,NSW1
2017-10-23 01:25:00,420.0,gas_ccgt,MW,nem,NSW1
2017-10-23 01:30:00,420.0,gas_ccgt,MW,nem,NSW1
2017-10-23 01:35:00,420.0,gas_ccgt,MW,nem,NSW1
2017-10-23 01:40:00,420.0,gas_ccgt,MW,nem,NSW1
2017-10-23 01:45:00,420.0,gas_ccgt,MW,nem,NSW1
2017-10-23 01:50:00,420.0,gas_ccgt,MW,nem,NSW1
2017-10-23 01:55:00,420.0,gas_ccgt,MW,nem,NSW1
2017-10-23 02:00:00,420.0,gas_ccgt,MW,nem,NSW1
2017-10-23 02:05:00,420.0,gas_ccgt,MW,nem,NSW1
2017-10-23 02:10:00,420.0,gas_ccgt,MW,nem,NSW1
2017-10-23 02:15:00,420.0,gas_ccgt,MW,nem,NSW1
2017-10-23 02:20:00,420.0,gas_ccgt,MW,nem,NSW1
2017-10-23 02:25:00,420.0,gas_ccgt,MW,nem,NSW1
2017-10-23 02:30:00,420.0,gas_ccgt,MW,nem,NSW1
2017-10-23 02:35:00,420.0,gas_ccgt,MW,nem,NSW1
2017-10-23 02:40:00,420.0,gas_ccgt,MW,nem,NSW1
2017-10-23 02:45:00,420.0,gas_ccgt,MW,nem,NSW1
2017-10-23 02:50:00,419.0,gas_ccgt,MW,nem,NSW1
2017-10-23 02:55:00,421.0,gas_ccgt,MW,nem,NSW1
2017-10-23 03:00:00,420.0,gas_ccgt,MW,nem,NSW1
2017-10-23 03:05:00,420.0,gas_ccgt,MW,nem,NSW1
2017-10-23 03:10:00,420.0,gas_ccgt,MW,nem,NSW1
2017-10-23 03:15:00,420.0,gas_ccgt,MW,nem,NSW1
2017-10-23 03:20:00,420.0,gas_ccgt,MW,nem,NSW1
2017-10-23 03:25:00,420.0,gas_ccgt,MW,nem,NSW1
2017-10-23 03:30:00,420.0,gas_ccgt,MW,nem,NSW1
2017-10-23 03:35:00,420.0,gas_ccgt,MW,nem,NSW1
2017-10-23 03:40:00,420.0,gas_ccgt,MW,nem,NSW1
2017-10-23 03:45:00,418.0,gas_ccgt,MW,nem,NSW1
2017-10-23 03:50:00,420.0,gas_ccgt,MW,nem,NSW1
2017-10-23 03:55:00,420.0,gas_ccgt,MW,nem,NSW1
2017-10-23 04:00:00,420.0,gas_ccgt,MW,nem,NSW1
2017-10-23 04:05:00,420.0,gas_ccgt,MW,nem,NSW1
2017-10-23 04:10:00,420.0,gas_ccgt,MW,nem,NSW1
2017-10-23 04:15:00,420.0,gas_ccgt,MW,nem,NSW1
2017-10-23 04:20:00,419.0,gas_ccgt,MW,nem,NSW1
2017-10-23 04:25:00,419.0,gas_ccgt,MW,nem,NSW1
2017-10-23 04:30:00,420.0,gas_ccgt,MW,nem,NSW1
2017-10-23 04:35:00,420.0,gas_ccgt,MW,nem,NSW1
2017-10-23 04:40:00,421.0,gas_ccgt,MW,nem,NSW1
2017-10-23 04:45:00,420.0,gas_ccgt,MW,nem,NSW1
2017-10-23 04:50:00,420.0,gas_ccgt,MW,nem,NSW1
2017-10-23 04:55:00,418.0,gas_ccgt,MW,nem,NSW1
2017-10-23 05:00:00,420.0,gas_ccgt,MW,nem,NSW1
2017-10-23 05:05:00,418.0,gas_ccgt,MW,nem,NSW1
2017-10-23 05:10:00,420.0,gas_ccgt,MW,nem,NSW1
2017-10-23 05:15:00,420.0,gas_ccgt,MW,nem,NSW1
2017-10-23 05:20:00,421.0,gas_ccgt,MW,nem,NSW1
2017-10-23 05:25:00,420.0,gas_ccgt,MW,nem,NSW1
2017-10-23 05:30:00,421.0,gas_ccgt,MW,nem,NSW1
2017-10-23 05:35:00,419.0,gas_ccgt,MW,nem,NSW1
2017-10-23 05:40:00,421.0,gas_ccgt,MW,nem,NSW1
2017-10-23 05:45:00,420.0,gas_ccgt,MW,nem,NSW1
2017-10-23 05:50:00,421.0,gas_ccgt,MW,nem,NSW1
2017-10-23 05:55:00,420.0,gas_ccgt,MW,nem,NSW1
2017-10-23 06:00:00,420.0,gas_ccgt,MW,nem,NSW1
2017-10-23 06:05:00,420.0,gas_ccgt,MW,nem,NSW1
2017-10-23 06:10:00,420.0,gas_ccgt,MW,nem,NSW1
2017-10-23 06:15:00,421.0,gas_ccgt,MW,nem,NSW1
2017-10-23 06:20:00,421.0,gas_ccgt,MW,nem,NSW1
2017-10-23 06:25:00,419.0,gas_ccgt,MW,nem,NSW1
2017-10-23 06:30:00,419.0,gas_ccgt,MW,nem,NSW1
2017-10-23 06:35:00,419.0,gas_ccgt,MW,nem,NSW1
2017-10-23 06:40:00,419.0,gas_ccgt,MW,nem,NSW1
2017-10-23 06:45:00,417.0,gas_ccgt,MW,nem,NSW1
2017-10-23 06:50:00,418.0,gas_ccgt,MW,nem,NSW1
2017-10-23 06:55:00,418.0,gas_ccgt,MW,nem,NSW1
2017-10-23 07:00:00,418.0,gas_ccgt,MW,nem,NSW1
2017-10-23 07:05:00,419.0,gas_ccgt,MW,nem,NSW1
2017-10-23 07:10:00,418.0,gas_ccgt,MW,nem,NSW1
2017-10-23 07:15:00,419.0,gas_ccgt,MW,nem,NSW1
2017-10-23 07:20:00,420.0,gas_ccgt,MW,nem,NSW1
2017-10-23 07:25:00,419.0,gas_ccgt,MW,nem,NSW1
2017-10-23 07:30:00,419.0,gas_ccgt,MW,nem,NSW1
2017-10-23 07:35:00,419.0,gas_ccgt,MW,nem,NSW1
2017-10-23 07:40:00,419.0,gas_ccgt,MW,nem,NSW1
2017-10-23 07:45:00,419.0,gas_ccgt,MW,nem,NSW1
2017-10-23 07:50:00,418.0,gas_ccgt,MW,nem,NSW1
2017-10-23 07:55:00,419.0,gas_ccgt,MW,nem,NSW1
2017-10-23 08:00:00,417.0,gas_ccgt,MW,nem,NSW1
2017-10-23 08:05:00,418.0,gas_ccgt,MW,nem,NSW1
2017-10-23 08:10:00,418.0,gas_ccgt,MW,nem,NSW1
2017-10-23 08:15:00,418.0,gas_ccgt,MW,nem,NSW1
2017-10-23 08:20:00,418.0,gas_ccgt,MW,nem,NSW1
2017-10-23 08:25:00,417.0,gas_ccgt,MW,nem,NSW1
2017-10-23 08:30:00,417.0,gas_ccgt,MW,nem,NSW1
2017-10-23 08:35:00,418.0,gas_ccgt,MW,nem,NSW1
2017-10-23 08:40:00,419.0,gas_ccgt,MW,nem,NSW1
2017-10-23 08:45:00,418.0,gas_ccgt,MW,nem,NSW1
2017-10-23 08:50:00,417.0,gas_ccgt,MW,nem,NSW1
2017-10-23 08:55:00,417.0,gas_ccgt,MW,nem,NSW1
2017-10-23 09:00:00,417.0,gas_ccgt,MW,nem,NSW1
2017-10-23 09:05:00,417.0,gas_ccgt,MW,nem,NSW1
2017-10-23 09:10:00,417.0,gas_ccgt,MW,nem,NSW1
2017-10-23 09:15:00,417.0,gas_ccgt,MW,nem,NSW1
2017-10-23 09:20:00,416.0,gas_ccgt,MW,nem,NSW1
2017-10-23 09:25:00,416.0,gas_ccgt,MW,nem,NSW1
2017-10-23 09:30:00,418.0,gas_ccgt,MW,nem,NSW1
2017-10-23 09:35:00,418.0,gas_ccgt,MW,nem,NSW1
2017-10-23 09:40:00,416.0,gas_ccgt,MW,nem,NSW1
2017-10-23 09:45:00,416.0,gas_ccgt,MW,nem,NSW1
2017-10-23 09:50:00,416.0,gas_ccgt,MW,nem,NSW1
2017-10-23 09:55:00,416.0,gas_ccgt,MW,nem,NSW1
2017-10-23 10:00:00,416.0,gas_ccgt,MW,nem,NSW1
2017-10-23 10:05:00,416.0,gas_ccgt,MW,nem,NSW1
2017-10-23 10:10:00,416.0,gas_ccgt,MW,nem,NSW1
2017-10-23 10:15:00,416.0,gas_ccgt,MW,nem,NSW1
2017-10-23 10:20:00,415.0,gas_ccgt,MW,nem,NSW1
2017-10-23 10:25:00,416.0,gas_ccgt,MW,nem,NSW1
2017-10-23 10:30:00,416.0,gas_ccgt,MW,nem,NSW1
2017-10-23 10:35:00,415.0,gas_ccgt,MW,nem,NSW1
2017-10-23 10:40:00,415.0,gas_ccgt,MW,nem,NSW1
2017-10-23 10:45:00,415.0,gas_ccgt,MW,nem,NSW1
2017-10-23 10:50:00,414.0,gas_ccgt,MW,nem,NSW1
2017-10-23 10:55:00,416.0,gas_ccgt,MW,nem,NSW1
2017-10-23 11:00:00,415.0,gas_ccgt,MW,nem,NSW1
2017-10-23 11:05:00,414.0,gas_ccgt,MW,nem,NSW1
2017-10-23 11:10:00,414.0,gas_ccgt,MW,nem,NSW1
2017-10-23 11:15:00,415.0,gas_ccgt,MW,nem,NSW1
2017-10-23 11:20:00,414.0,gas_ccgt,MW,nem,NSW1
2017-10-23 11:25:00,414.0,gas_ccgt,MW,nem,NSW1
2017-10-23 11:30:00,414.0,gas_ccgt,MW,nem,NSW1
2017-10-23 11:35:00,414.0,gas_ccgt,MW,nem,NSW1
2017-10-23 11:40:00,413.0,gas_ccgt,MW,nem,NSW1
2017-10-23 11:45:00,415.0,gas_ccgt,MW,nem,NSW1
2017-10-23 11:50:00,413.0,gas_ccgt,MW,nem,NSW1
2017-10-23 11:55:00,414.0,gas_ccgt,MW,nem,NSW1
2017-10-23 12:00:00,414.0,gas_ccgt,MW,nem,NSW1
2017-10-23 12:05:00,414.0,gas_ccgt,MW,nem,NSW1
2017-10-23 12:10:00,414.0,gas_ccgt,MW,nem,NSW1
2017-10-23 12:15:00,413.0,gas_ccgt,MW,nem,NSW1
2017-10-23 12:20:00,413.0,gas_ccgt,MW,nem,NSW1
2017-10-23 12:25:00,415.0,gas_ccgt,MW,nem,NSW1
2017-10-23 12:30:00,413.0,gas_ccgt,MW,nem,NSW1
2017-10-23 12:35:00,415.0,gas_ccgt,MW,nem,NSW1
2017-10-23 12:40:00,413.0,gas_ccgt,MW,nem,NSW1
2017-10-23 12:45:00,413.0,gas_ccgt,MW,nem,NSW1
2017-10-23 12:50:00,415.0,gas_ccgt,MW,nem,NSW1
2017-10-23 12:55:00,413.0,gas_ccgt,MW,nem,NSW1
2017-10-23 13:00:00,414.0,gas_ccgt,MW,nem,NSW1
2017-10-23 13:05:00,415.0,gas_ccgt,MW,nem,NSW1
2017-10-23 13:10:00,415.0,gas_ccgt,MW,nem,NSW1
2017-10-23 13:15:00,415.0,gas_ccgt,MW,nem,NSW1
2017-10-23 13:20:00,414.0,gas_ccgt,MW,nem,NSW1
2017-10-23 13:25:00,414.0,gas_ccgt,MW,nem,NSW1
2017-10-23 13:30:00,414.0,gas_ccgt,MW,nem,NSW1
2017-10-23 13:35:00,414.0,gas_ccgt,MW,nem,NSW1
2017-10-23 13:40:00,414.0,gas_ccgt,MW,nem,NSW1
2017-10-23 13:45:00,414.0,gas_ccgt,MW,nem,NSW1
2017-10-23 13:50:00,414.0,gas_ccgt,MW,nem,NSW1
2017-10-23 13:55:00,414.0,gas_ccgt,MW,nem,NSW1
2017-10-23 14:00:00,414.0,gas_ccgt,MW,nem,NSW1
2017-10-23 14:05:00,414.0,gas_ccgt,MW,nem,NSW1
2017-10-23 14:10:00,414.0,gas_ccgt,MW,nem,NSW1
2017-10-23 14:15:00,414.0,gas_ccgt,MW,nem,NSW1
2017-10-23 14:20:00,414.0,gas_ccgt,MW,nem,NSW1
2017-10-23 14:25:00,414.0,gas_ccgt,MW,nem,NSW1
2017-10-23 14:30:00,414.0,gas_ccgt,MW,nem,NSW1
2017-10-23 14:35:00,413.0,gas_ccgt,MW,nem,NSW1
2017-10-23 14:40:00,414.0,gas_ccgt,MW,nem,NSW1
2017-10-23 14:45:00,415.0,gas_ccgt,MW,nem,NSW1
2017-10-23 14:50:00,415.0,gas_ccgt,MW,nem,NSW1
2017-10-23 14:55:00,414.0,gas_ccgt,MW,nem,NSW1
2017-10-23 15:00:00,415.0,gas_ccgt,MW,nem,NSW1
2017-10-23 15:05:00,415.0,gas_ccgt,MW,nem,NSW1
2017-10-23 15:10:00,415.0,gas_ccgt,MW,nem,NSW1
2017-10-23 15:15:00,415.0,gas_ccgt,MW,nem,NSW1
2017-10-23 15:20:00,413.0,gas_ccgt,MW,nem,NSW1
2017-10-23 15:25:00,415.0,gas_ccgt,MW,nem,NSW1
2017-10-23 15:30:00,413.0,gas_ccgt,MW,nem,NSW1
2017-10-23 15:35:00,413.0,gas_ccgt,MW,nem,NSW1
2017-10-23 15:40:00,413.0,gas_ccgt,MW,nem,NSW1
2017-10-23 15:45:00,415.0,gas_ccgt,MW,nem,NSW1
2017-10-23 15:50:00,413.0,gas_ccgt,MW,nem,NSW1
2017-10-23 15:55:00,413.0,gas_ccgt,MW,nem,NSW1
2017-10-23 16:00:00,413.0,gas_ccgt,MW,nem,NSW1
2017-10-23 16:05:00,413.0,gas_ccgt,MW,nem,NSW1
2017-10-23 16:10:00,413.0,gas_ccgt,MW,nem,NSW1
2017-10-23 16:15:00,413.0,gas_ccgt,MW,nem,NSW1
2017-10-23 16:20:00,413.0,gas_ccgt,MW,nem,NSW1
2017-10-23 16:25:00,415.0,gas_ccgt,MW,nem,NSW1
2017-10-23 16:30:00,413.0,gas_ccgt,MW,nem,NSW1
2017-10-23 16:35:00,413.0,gas_ccgt,MW,nem,NSW1
2017-10-23 16:40:00,414.0,gas_ccgt,MW,nem,NSW1
2017-10-23 16:45:00,413.0,gas_ccgt,MW,nem,NSW1
2017-10-23 16:50:00,412.0,gas_ccgt,MW,nem,NSW1
2017-10-23 16:55:00,414.0,gas_ccgt,MW,nem,NSW1
2017-10-23 17:00:00,413.0,gas_ccgt,MW,nem,NSW1
2017-10-23 17:05:00,414.0,gas_ccgt,MW,nem,NSW1
2017-10-23 17:10:00,414.0,gas_ccgt,MW,nem,NSW1
2017-10-23 17:15:00,414.0,gas_ccgt,MW,nem,NSW1
2017-10-23 17:20:00,414.0,gas_ccgt,MW,nem,NSW1
2017-10-23 17:25:00,414.0,gas_ccgt,MW,nem,NSW1
2017-10-23 17:30:00,414.0,gas_ccgt,MW,nem,NSW1
2017-10-23 17:35:00,414.0,gas_ccgt,MW,nem,NSW1
2017-10-23 17:40:00,414.0,gas_ccgt,MW,nem,NSW1
2017-10-23 17:45:00,414.0,gas_ccgt,MW,nem,NSW1
2017-10-23 17:50:00,414.0,gas_ccgt,MW,nem,NSW1
2017-10-23 17:55:00,414.0,gas_ccgt,MW,nem,NSW1
2017-10-23 18:00:00,416.0,gas_ccgt,MW,nem,NSW1
2017-10-23 18:05:00,414.0,gas_ccgt,MW,nem,NSW1
2017-10-23 18:10:00,415.0,gas_ccgt,MW,nem,NSW1
2017-10-23 18:15:00,414.0,gas_ccgt,MW,nem,NSW1
2017-10-23 18:20:00,414.0,gas_ccgt,MW,nem,NSW1
2017-10-23 18:25:00,414.0,gas_ccgt,MW,nem,NSW1
2017-10-23 18:30:00,414.0,gas_ccgt,MW,nem,NSW1
2017-10-23 18:35:00,415.0,gas_ccgt,MW,nem,NSW1
2017-10-23 18:40:00,415.0,gas_ccgt,MW,nem,NSW1
2017-10-23 18:45:00,415.0,gas_ccgt,MW,nem,NSW1
2017-10-23 18:50:00,415.0,gas_ccgt,MW,nem,NSW1
2017-10-23 18:55:00,415.0,gas_ccgt,MW,nem,NSW1
2017-10-23 19:00:00,415.0,gas_ccgt,MW,nem,NSW1
2017-10-23 19:05:00,415.0,gas_ccgt,MW,nem,NSW1
2017-10-23 19:10:00,415.0,gas_ccgt,MW,nem,NSW1
2017-10-23 19:15:00,415.0,gas_ccgt,MW,nem,NSW1
2017-10-23 19:20:00,415.0,gas_ccgt,MW,nem,NSW1
2017-10-23 19:25:00,415.0,gas_ccgt,MW,nem,NSW1
2017-10-23 19:30:00,416.0,gas_ccgt,MW,nem,NSW1
2017-10-23 19:35:00,416.0,gas_ccgt,MW,nem,NSW1
2017-10-23 19:40:00,416.0,gas_ccgt,MW,nem,NSW1
2017-10-23 19:45:00,415.0,gas_ccgt,MW,nem,NSW1
2017-10-23 19:50:00,415.0,gas_ccgt,MW,nem,NSW1
2017-10-23 19:55:00,415.0,gas_ccgt,MW,nem,NSW1
2017-10-23 20:00:00,415.0,gas_ccgt,MW,nem,NSW1
2017-10-23 20:05:00,415.0,gas_ccgt,MW,nem,NSW1
2017-10-23 20:10:00,416.0,gas_ccgt,MW,nem,NSW1
2017-10-23 20:15:00,416.0,gas_ccgt,MW,nem,NSW1
2017-10-23 20:20:00,416.0,gas_ccgt,MW,nem,NSW1
2017-10-23 20:25:00,416.0,gas_ccgt,MW,nem,NSW1
2017-10-23 20:30:00,416.0,gas_ccgt,MW,nem,NSW1
2017-10-23 20:35:00,416.0,gas_ccgt,MW,nem,NSW1
2017-10-23 20:40:00,416.0,gas_ccgt,MW,nem,NSW1
2017-10-23 20:45:00,416.0,gas_ccgt,MW,nem,NSW1
2017-10-23 20:50:00,416.0,gas_ccgt,MW,nem,NSW1
2017-10-23 20:55:00,416.0,gas_ccgt,MW,nem,NSW1
2017-10-23 21:00:00,417.0,gas_ccgt,MW,nem,NSW1
2017-10-23 21:05:00,415.0,gas_ccgt,MW,nem,NSW1
2017-10-23 21:10:00,416.0,gas_ccgt,MW,nem,NSW1
2017-10-23 21:15:00,416.0,gas_ccgt,MW,nem,NSW1
2017-10-23 21:20:00,416.0,gas_ccgt,MW,nem,NSW1
2017-10-23 21:25:00,416.0,gas_ccgt,MW,nem,NSW1
2017-10-23 21:30:00,417.0,gas_ccgt,MW,nem,NSW1
2017-10-23 21:35:00,415.0,gas_ccgt,MW,nem,NSW1
2017-10-23 21:40:00,415.0,gas_ccgt,MW,nem,NSW1
2017-10-23 21:45:00,416.0,gas_ccgt,MW,nem,NSW1
2017-10-23 21:50:00,416.0,gas_ccgt,MW,nem,NSW1
2017-10-23 21:55:00,416.0,gas_ccgt,MW,nem,NSW1
2017-10-23 22:00:00,416.0,gas_ccgt,MW,nem,NSW1
2017-10-23 22:05:00,416.0,gas_ccgt,MW,nem,NSW1
2017-10-23 22:10:00,416.0,gas_ccgt,MW,nem,NSW1
2017-10-23 22:15:00,416.0,gas_ccgt,MW,nem,NSW1
2017-10-23 22:20:00,415.0,gas_ccgt,MW,nem,NSW1
2017-10-23 22:25:00,416.0,gas_ccgt,MW,nem,NSW1
2017-10-23 22:30:00,416.0,gas_ccgt,MW,nem,NSW1
2017-10-23 22:35:00,415.0,gas_ccgt,MW,nem,NSW1
2017-10-23 22:40:00,417.0,gas_ccgt,MW,nem,NSW1
2017-10-23 22:45:00,417.0,gas_ccgt,MW,nem,NSW1
2017-10-23 22:50:00,416.0,gas_ccgt,MW,nem,NSW1
2017-10-23 22:55:00,416.0,gas_ccgt,MW,nem,NSW1
2017-10-23 23:00:00,416.0,gas_ccgt,MW,nem,NSW1
2017-10-23 23:05:00,417.0,gas_ccgt,MW,nem,NSW1
2017-10-23 23:10:00,416.0,gas_ccgt,MW,nem,NSW1
2017-10-23 23:15:00,416.0,gas_ccgt,MW,nem,NSW1
2017-10-23 23:20:00,416.0,gas_ccgt,MW,nem,NSW1
2017-10-23 23:25:00,416.0,gas_ccgt,MW,nem,NSW1
2017-10-23 23:30:00,417.0,gas_ccgt,MW,nem,NSW1
2017-10-23 23:35:00,416.0,gas_ccgt,MW,nem,NSW1
2017-10-23 23:40:00,418.0,gas_ccgt,MW,nem,NSW1
2017-10-23 23:45:00,416.0,gas_ccgt,MW,nem,NSW1
2017-10-23 23:50:00,416.0,gas_ccgt,MW,nem,NSW1
2017-10-23 23:55:00,417.0,gas_ccgt,MW,nem,NSW1
2017-10-24 00:00:00,417.0,gas_ccgt,MW,nem,NSW1
2017-10-24 00:05:00,417.0,gas_ccgt,MW,nem,NSW1
2017-10-24 00:10:00,417.0,gas_ccgt,MW,nem,NSW1
2017-10-24 00:15:00,417.0,gas_ccgt,MW,nem,NSW1
2017-10-24 00:20:00,417.0,gas_ccgt,MW,nem,NSW1
2017-10-24 00:25:00,417.0,gas_ccgt,MW,nem,NSW1
2017-10-24 00:30:00,417.0,gas_ccgt,MW,nem,NSW1
2017-10-24 00:35:00,417.0,gas_ccgt,MW,nem,NSW1
2017-10-24 00:40:00,417.0,gas_ccgt,MW,nem,NSW1
2017-10-24 00:45:00,417.0,gas_ccgt,MW,nem,NSW1
2017-10-24 00:50:00,417.0,gas_ccgt,MW,nem,NSW1
2017-10-24 00:55:00,416.0,gas_ccgt,MW,nem,NSW1
2017-10-24 01:00:00,416.0,gas_ccgt,MW,nem,NSW1
2017-10-24 01:05:00,416.0,gas_ccgt,MW,nem,NSW1
2017-10-24 01:10:00,416.0,gas_ccgt,MW,nem,NSW1
2017-10-24 01:15:00,416.0,gas_ccgt,MW,nem,NSW1
2017-10-24 01:20:00,416.0,gas_ccgt,MW,nem,NSW1
2017-10-24 01:25:00,418.0,gas_ccgt,MW,nem,NSW1
2017-10-24 01:30:00,416.0,gas_ccgt,MW,nem,NSW1
2017-10-24 01:35:00,418.0,gas_ccgt,MW,nem,NSW1
2017-10-24 01:40:00,418.0,gas_ccgt,MW,nem,NSW1
2017-10-24 01:45:00,416.0,gas_ccgt,MW,nem,NSW1
2017-10-24 01:50:00,416.0,gas_ccgt,MW,nem,NSW1
2017-10-24 01:55:00,416.0,gas_ccgt,MW,nem,NSW1
2017-10-24 02:00:00,416.0,gas_ccgt,MW,nem,NSW1
2017-10-24 02:05:00,416.0,gas_ccgt,MW,nem,NSW1
2017-10-24 02:10:00,416.0,gas_ccgt,MW,nem,NSW1
2017-10-24 02:15:00,418.0,gas_ccgt,MW,nem,NSW1
2017-10-24 02:20:00,416.0,gas_ccgt,MW,nem,NSW1
2017-10-24 02:25:00,417.0,gas_ccgt,MW,nem,NSW1
2017-10-24 02:30:00,417.0,gas_ccgt,MW,nem,NSW1
2017-10-24 02:35:00,417.0,gas_ccgt,MW,nem,NSW1
2017-10-24 02:40:00,417.0,gas_ccgt,MW,nem,NSW1
2017-10-24 02:45:00,417.0,gas_ccgt,MW,nem,NSW1
2017-10-24 02:50:00,416.0,gas_ccgt,MW,nem,NSW1
2017-10-24 02:55:00,417.0,gas_ccgt,MW,nem,NSW1
2017-10-24 03:00:00,417.0,gas_ccgt,MW,nem,NSW1
2017-10-24 03:05:00,417.0,gas_ccgt,MW,nem,NSW1
2017-10-24 03:10:00,417.0,gas_ccgt,MW,nem,NSW1
2017-10-24 03:15:00,418.0,gas_ccgt,MW,nem,NSW1
2017-10-24 03:20:00,416.0,gas_ccgt,MW,nem,NSW1
2017-10-24 03:25:00,417.0,gas_ccgt,MW,nem,NSW1
2017-10-24 03:30:00,417.0,gas_ccgt,MW,nem,NSW1
2017-10-24 03:35:00,417.0,gas_ccgt,MW,nem,NSW1
2017-10-24 03:40:00,416.0,gas_ccgt,MW,nem,NSW1
2017-10-24 03:45:00,417.0,gas_ccgt,MW,nem,NSW1
2017-10-24 03:50:00,417.0,gas_ccgt,MW,nem,NSW1
2017-10-24 03:55:00,417.0,gas_ccgt,MW,nem,NSW1
2017-10-24 04:00:00,417.0,gas_ccgt,MW,nem,NSW1
2017-10-24 04:05:00,416.0,gas_ccgt,MW,nem,NSW1
2017-10-24 04:10:00,417.0,gas_ccgt,MW,nem,NSW1
2017-10-24 04:15:00,417.0,gas_ccgt,MW,nem,NSW1
2017-10-24 04:20:00,415.0,gas_ccgt,MW,nem,NSW1
2017-10-24 04:25:00,418.0,gas_ccgt,MW,nem,NSW1
2017-10-24 04:30:00,417.0,gas_ccgt,MW,nem,NSW1
2017-10-24 04:35:00,417.0,gas_ccgt,MW,nem,NSW1
2017-10-24 04:40:00,417.0,gas_ccgt,MW,nem,NSW1
2017-10-24 04:45:00,417.0,gas_ccgt,MW,nem,NSW1
2017-10-24 04:50:00,417.0,gas_ccgt,MW,nem,NSW1
2017-10-24 04:55:00,417.0,gas_ccgt,MW,nem,NSW1
2017-10-24 05:00:00,417.0,gas_ccgt,MW,nem,NSW1
2017-10-24 05:05:00,416.0,gas_ccgt,MW,nem,NSW1
2017-10-24 05:10:00,417.0,gas_ccgt,MW,nem,NSW1
2017-10-24 05:15:00,417.0,gas_ccgt,MW,nem,NSW1
2017-10-24 05:20:00,417.0,gas_ccgt,MW,nem,NSW1
2017-10-24 05:25:00,417.0,gas_ccgt,MW,nem,NSW1
2017-10-24 05:30:00,416.0,gas_ccgt,MW,nem,NSW1
2017-10-24 05:35:00,418.0,gas_ccgt,MW,nem,NSW1
2017-10-24 05:40:00,418.0,gas_ccgt,MW,nem,NSW1
2017-10-24 05:45:00,418.0,gas_ccgt,MW,nem,NSW1
2017-10-24 05:50:00,417.0,gas_ccgt,MW,nem,NSW1
2017-10-24 05:55:00,417.0,gas_ccgt,MW,nem,NSW1
2017-10-24 06:00:00,416.0,gas_ccgt,MW,nem,NSW1
2017-10-24 06:05:00,417.0,gas_ccgt,MW,nem,NSW1
2017-10-24 06:10:00,416.0,gas_ccgt,MW,nem,NSW1
2017-10-24 06:15:00,418.0,gas_ccgt,MW,nem,NSW1
2017-10-24 06:20:00,417.0,gas_ccgt,MW,nem,NSW1
2017-10-24 06:25:00,417.0,gas_ccgt,MW,nem,NSW1
2017-10-24 06:30:00,417.0,gas_ccgt,MW,nem,NSW1
2017-10-24 06:35:00,417.0,gas_ccgt,MW,nem,NSW1
2017-10-24 06:40:00,416.0,gas_ccgt,MW,nem,NSW1
2017-10-24 06:45:00,416.0,gas_ccgt,MW,nem,NSW1
2017-10-24 06:50:00,418.0,gas_ccgt,MW,nem,NSW1
2017-10-24 06:55:00,417.0,gas_ccgt,MW,nem,NSW1
2017-10-24 07:00:00,416.0,gas_ccgt,MW,nem,NSW1
2017-10-24 07:05:00,416.0,gas_ccgt,MW,nem,NSW1
2017-10-24 07:10:00,416.0,gas_ccgt,MW,nem,NSW1
2017-10-24 07:15:00,416.0,gas_ccgt,MW,nem,NSW1
2017-10-24 07:20:00,416.0,gas_ccgt,MW,nem,NSW1
2017-10-24 07:25:00,416.0,gas_ccgt,MW,nem,NSW1
2017-10-24 07:30:00,414.0,gas_ccgt,MW,nem,NSW1
2017-10-24 07:35:00,414.0,gas_ccgt,MW,nem,NSW1
2017-10-24 07:40:00,415.0,gas_ccgt,MW,nem,NSW1
2017-10-24 07:45:00,415.0,gas_ccgt,MW,nem,NSW1
2017-10-24 07:50:00,415.0,gas_ccgt,MW,nem,NSW1
2017-10-24 07:55:00,415.0,gas_ccgt,MW,nem,NSW1
2017-10-24 08:00:00,415.0,gas_ccgt,MW,nem,NSW1
2017-10-24 08:05:00,413.0,gas_ccgt,MW,nem,NSW1
2017-10-24 08:10:00,414.0,gas_ccgt,MW,nem,NSW1
2017-10-24 08:15:00,413.0,gas_ccgt,MW,nem,NSW1
2017-10-24 08:20:00,413.0,gas_ccgt,MW,nem,NSW1
2017-10-24 08:25:00,413.0,gas_ccgt,MW,nem,NSW1
2017-10-24 08:30:00,413.0,gas_ccgt,MW,nem,NSW1
2017-10-24 08:35:00,413.0,gas_ccgt,MW,nem,NSW1
2017-10-24 08:40:00,411.0,gas_ccgt,MW,nem,NSW1
2017-10-24 08:45:00,412.0,gas_ccgt,MW,nem,NSW1
2017-10-24 08:50:00,412.0,gas_ccgt,MW,nem,NSW1
2017-10-24 08:55:00,412.0,gas_ccgt,MW,nem,NSW1
2017-10-24 09:00:00,411.0,gas_ccgt,MW,nem,NSW1
2017-10-24 09:05:00,412.0,gas_ccgt,MW,nem,NSW1
2017-10-24 09:10:00,410.0,gas_ccgt,MW,nem,NSW1
2017-10-24 09:15:00,410.0,gas_ccgt,MW,nem,NSW1
2017-10-24 09:20:00,410.0,gas_ccgt,MW,nem,NSW1
2017-10-24 09:25:00,410.0,gas_ccgt,MW,nem,NSW1
2017-10-24 09:30:00,409.0,gas_ccgt,MW,nem,NSW1
2017-10-24 09:35:00,409.0,gas_ccgt,MW,nem,NSW1
2017-10-24 09:40:00,411.0,gas_ccgt,MW,nem,NSW1
2017-10-24 09:45:00,409.0,gas_ccgt,MW,nem,NSW1
2017-10-24 09:50:00,410.0,gas_ccgt,MW,nem,NSW1
2017-10-24 09:55:00,409.0,gas_ccgt,MW,nem,NSW1
2017-10-24 10:00:00,409.0,gas_ccgt,MW,nem,NSW1
2017-10-24 10:05:00,409.0,gas_ccgt,MW,nem,NSW1
2017-10-24 10:10:00,409.0,gas_ccgt,MW,nem,NSW1
2017-10-24 10:15:00,407.0,gas_ccgt,MW,nem,NSW1
2017-10-24 10:20:00,409.0,gas_ccgt,MW,nem,NSW1
2017-10-24 10:25:00,409.0,gas_ccgt,MW,nem,NSW1
2017-10-24 10:30:00,409.0,gas_ccgt,MW,nem,NSW1
2017-10-24 10:35:00,409.0,gas_ccgt,MW,nem,NSW1
2017-10-24 10:40:00,411.0,gas_ccgt,MW,nem,NSW1
2017-10-24 10:45:00,409.0,gas_ccgt,MW,nem,NSW1
2017-10-24 10:50:00,408.0,gas_ccgt,MW,nem,NSW1
2017-10-24 10:55:00,410.0,gas_ccgt,MW,nem,NSW1
2017-10-24 11:00:00,408.0,gas_ccgt,MW,nem,NSW1
2017-10-24 11:05:00,408.0,gas_ccgt,MW,nem,NSW1
2017-10-24 11:10:00,408.0,gas_ccgt,MW,nem,NSW1
2017-10-24 11:15:00,409.0,gas_ccgt,MW,nem,NSW1
2017-10-24 11:20:00,407.0,gas_ccgt,MW,nem,NSW1
2017-10-24 11:25:00,409.0,gas_ccgt,MW,nem,NSW1
2017-10-24 11:30:00,407.0,gas_ccgt,MW,nem,NSW1
2017-10-24 11:35:00,408.0,gas_ccgt,MW,nem,NSW1
2017-10-24 11:40:00,408.0,gas_ccgt,MW,nem,NSW1
2017-10-24 11:45:00,408.0,gas_ccgt,MW,nem,NSW1
2017-10-24 11:50:00,407.0,gas_ccgt,MW,nem,NSW1
2017-10-24 11:55:00,407.0,gas_ccgt,MW,nem,NSW1
2017-10-24 12:00:00,407.0,gas_ccgt,MW,nem,NSW1
2017-10-24 12:05:00,407.0,gas_ccgt,MW,nem,NSW1
2017-10-24 12:10:00,405.0,gas_ccgt,MW,nem,NSW1
2017-10-24 12:15:00,405.0,gas_ccgt,MW,nem,NSW1
2017-10-24 12:20:00,407.0,gas_ccgt,MW,nem,NSW1
2017-10-24 12:25:00,408.0,gas_ccgt,MW,nem,NSW1
2017-10-24 12:30:00,407.0,gas_ccgt,MW,nem,NSW1
2017-10-24 12:35:00,407.0,gas_ccgt,MW,nem,NSW1
2017-10-24 12:40:00,407.0,gas_ccgt,MW,nem,NSW1
2017-10-24 12:45:00,407.0,gas_ccgt,MW,nem,NSW1
2017-10-24 12:50:00,407.0,gas_ccgt,MW,nem,NSW1
2017-10-24 12:55:00,406.0,gas_ccgt,MW,nem,NSW1
2017-10-24 13:00:00,406.0,gas_ccgt,MW,nem,NSW1
2017-10-24 13:05:00,407.0,gas_ccgt,MW,nem,NSW1
2017-10-24 13:10:00,407.0,gas_ccgt,MW,nem,NSW1
2017-10-24 13:15:00,406.0,gas_ccgt,MW,nem,NSW1
2017-10-24 13:20:00,408.0,gas_ccgt,MW,nem,NSW1
2017-10-24 13:25:00,408.0,gas_ccgt,MW,nem,NSW1
2017-10-24 13:30:00,408.0,gas_ccgt,MW,nem,NSW1
2017-10-24 13:35:00,408.0,gas_ccgt,MW,nem,NSW1
2017-10-24 13:40:00,406.0,gas_ccgt,MW,nem,NSW1
2017-10-24 13:45:00,406.0,gas_ccgt,MW,nem,NSW1
2017-10-24 13:50:00,406.0,gas_ccgt,MW,nem,NSW1
2017-10-24 13:55:00,406.0,gas_ccgt,MW,nem,NSW1
2017-10-24 14:00:00,406.0,gas_ccgt,MW,nem,NSW1
2017-10-24 14:05:00,408.0,gas_ccgt,MW,nem,NSW1
2017-10-24 14:10:00,406.0,gas_ccgt,MW,nem,NSW1
2017-10-24 14:15:00,407.0,gas_ccgt,MW,nem,NSW1
2017-10-24 14:20:00,407.0,gas_ccgt,MW,nem,NSW1
2017-10-24 14:25:00,407.0,gas_ccgt,MW,nem,NSW1
2017-10-24 14:30:00,407.0,gas_ccgt,MW,nem,NSW1
2017-10-24 14:35:00,407.0,gas_ccgt,MW,nem,NSW1
2017-10-24 14:40:00,408.0,gas_ccgt,MW,nem,NSW1
2017-10-24 14:45:00,406.0,gas_ccgt,MW,nem,NSW1
2017-10-24 14:50:00,408.0,gas_ccgt,MW,nem,NSW1
2017-10-24 14:55:00,406.0,gas_ccgt,MW,nem,NSW1
2017-10-24 15:00:00,408.0,gas_ccgt,MW,nem,NSW1
2017-10-24 15:05:00,408.0,gas_ccgt,MW,nem,NSW1
2017-10-24 15:10:00,408.0,gas_ccgt,MW,nem,NSW1
2017-10-24 15:15:00,408.0,gas_ccgt,MW,nem,NSW1
2017-10-24 15:20:00,408.0,gas_ccgt,MW,nem,NSW1
2017-10-24 15:25:00,409.0,gas_ccgt,MW,nem,NSW1
2017-10-24 15:30:00,407.0,gas_ccgt,MW,nem,NSW1
2017-10-24 15:35:00,407.0,gas_ccgt,MW,nem,NSW1
2017-10-24 15:40:00,408.0,gas_ccgt,MW,nem,NSW1
2017-10-24 15:45:00,408.0,gas_ccgt,MW,nem,NSW1
2017-10-24 15:50:00,408.0,gas_ccgt,MW,nem,NSW1
2017-10-24 15:55:00,408.0,gas_ccgt,MW,nem,NSW1
2017-10-24 16:00:00,408.0,gas_ccgt,MW,nem,NSW1
2017-10-24 16:05:00,407.0,gas_ccgt,MW,nem,NSW1
2017-10-24 16:10:00,408.0,gas_ccgt,MW,nem,NSW1
2017-10-24 16:15:00,408.0,gas_ccgt,MW,nem,NSW1
2017-10-24 16:20:00,408.0,gas_ccgt,MW,nem,NSW1
2017-10-24 16:25:00,408.0,gas_ccgt,MW,nem,NSW1
2017-10-24 16:30:00,408.0,gas_ccgt,MW,nem,NSW1
2017-10-24 16:35:00,408.0,gas_ccgt,MW,nem,NSW1
2017-10-24 16:40:00,408.0,gas_ccgt,MW,nem,NSW1
2017-10-24 16:45:00,408.0,gas_ccgt,MW,nem,NSW1
2017-10-24 16:50:00,408.0,gas_ccgt,MW,nem,NSW1
2017-10-24 16:55:00,409.0,gas_ccgt,MW,nem,NSW1
2017-10-24 17:00:00,409.0,gas_ccgt,MW,nem,NSW1
2017-10-24 17:05:00,407.0,gas_ccgt,MW,nem,NSW1
2017-10-24 17:10:00,407.0,gas_ccgt,MW,nem,NSW1
2017-10-24 17:15:00,408.0,gas_ccgt,MW,nem,NSW1
2017-10-24 17:20:00,408.0,gas_ccgt,MW,nem,NSW1
2017-10-24 17:25:00,408.0,gas_ccgt,MW,nem,NSW1
2017-10-24 17:30:00,408.0,gas_ccgt,MW,nem,NSW1
2017-10-24 17:35:00,408.0,gas_ccgt,MW,nem,NSW1
2017-10-24 17:40:00,408.0,gas_ccgt,MW,nem,NSW1
2017-10-24 17:45:00,408.0,gas_ccgt,MW,nem,NSW1
2017-10-24 17:50:00,408.0,gas_ccgt,MW,nem,NSW1
2017-10-24 17:55:00,408.0,gas_ccgt,MW,nem,NSW1
2017-10-24 18:00:00,408.0,gas_ccgt,MW,nem,NSW1
2017-10-24 18:05:00,408.0,gas_ccgt,MW,nem,NSW1
2017-10-24 18:10:00,409.0,gas_ccgt,MW,nem,NSW1
2017-10-24 18:15:00,410.0,gas_ccgt,MW,nem,NSW1
2017-10-24 18:20:00,408.0,gas_ccgt,MW,nem,NSW1
2017-10-24 18:25:00,408.0,gas_ccgt,MW,nem,NSW1
2017-10-24 18:30:00,408.0,gas_ccgt,MW,nem,NSW1
2017-10-24 18:35:00,408.0,gas_ccgt,MW,nem,NSW1
2017-10-24 18:40:00,410.0,gas_ccgt,MW,nem,NSW1
2017-10-24 18:45:00,408.0,gas_ccgt,MW,nem,NSW1
2017-10-24 18:50:00,408.0,gas_ccgt,MW,nem,NSW1
2017-10-24 18:55:00,410.0,gas_ccgt,MW,nem,NSW1
2017-10-24 19:00:00,409.0,gas_ccgt,MW,nem,NSW1
2017-10-24 19:05:00,410.0,gas_ccgt,MW,nem,NSW1
2017-10-24 19:10:00,409.0,gas_ccgt,MW,nem,NSW1
2017-10-24 19:15:00,409.0,gas_ccgt,MW,nem,NSW1
2017-10-24 19:20:00,409.0,gas_ccgt,MW,nem,NSW1
2017-10-24 19:25:00,410.0,gas_ccgt,MW,nem,NSW1
2017-10-24 19:30:00,410.0,gas_ccgt,MW,nem,NSW1
2017-10-24 19:35:00,409.0,gas_ccgt,MW,nem,NSW1
2017-10-24 19:40:00,410.0,gas_ccgt,MW,nem,NSW1
2017-10-24 19:45:00,409.0,gas_ccgt,MW,nem,NSW1
2017-10-24 19:50:00,409.0,gas_ccgt,MW,nem,NSW1
2017-10-24 19:55:00,411.0,gas_ccgt,MW,nem,NSW1
2017-10-24 20:00:00,410.0,gas_ccgt,MW,nem,NSW1
2017-10-24 20:05:00,408.0,gas_ccgt,MW,nem,NSW1
2017-10-24 20:10:00,410.0,gas_ccgt,MW,nem,NSW1
2017-10-24 20:15:00,411.0,gas_ccgt,MW,nem,NSW1
2017-10-24 20:20:00,411.0,gas_ccgt,MW,nem,NSW1
2017-10-24 20:25:00,411.0,gas_ccgt,MW,nem,NSW1
2017-10-24 20:30:00,411.0,gas_ccgt,MW,nem,NSW1
2017-10-24 20:35:00,411.0,gas_ccgt,MW,nem,NSW1
2017-10-24 20:40:00,411.0,gas_ccgt,MW,nem,NSW1
2017-10-24 20:45:00,410.0,gas_ccgt,MW,nem,NSW1
2017-10-24 20:50:00,410.0,gas_ccgt,MW,nem,NSW1
2017-10-24 20:55:00,410.0,gas_ccgt,MW,nem,NSW1
2017-10-24 21:00:00,410.0,gas_ccgt,MW,nem,NSW1
2017-10-24 21:05:00,410.0,gas_ccgt,MW,nem,NSW1
2017-10-24 21:10:00,410.0,gas_ccgt,MW,nem,NSW1
2017-10-24 21:15:00,410.0,gas_ccgt,MW,nem,NSW1
2017-10-24 21:20:00,411.0,gas_ccgt,MW,nem,NSW1
2017-10-24 21:25:00,411.0,gas_ccgt,MW,nem,NSW1
2017-10-24 21:30:00,411.0,gas_ccgt,MW,nem,NSW1
2017-10-24 21:35:00,411.0,gas_ccgt,MW,nem,NSW1
2017-10-24 21:40:00,411.0,gas_ccgt,MW,nem,NSW1
2017-10-24 21:45:00,411.0,gas_ccgt,MW,nem,NSW1
2017-10-24 21:50:00,411.0,gas_ccgt,MW,nem,NSW1
2017-10-24 21:55:00,411.0,gas_ccgt,MW,nem,NSW1
2017-10-24 22:00:00,411.0,gas_ccgt,MW,nem,NSW1
2017-10-24 22:05:00,411.0,gas_ccgt,MW,nem,NSW1
2017-10-24 22:10:00,411.0,gas_ccgt,MW,nem,NSW1
2017-10-24 22:15:00,411.0,gas_ccgt,MW,nem,NSW1
2017-10-24 22:20:00,411.0,gas_ccgt,MW,nem,NSW1
2017-10-24 22:25:00,412.0,gas_ccgt,MW,nem,NSW1
2017-10-24 22:30:00,412.0,gas_ccgt,MW,nem,NSW1
2017-10-24 22:35:00,412.0,gas_ccgt,MW,nem,NSW1
2017-10-24 22:40:00,411.0,gas_ccgt,MW,nem,NSW1
2017-10-24 22:45:00,411.0,gas_ccgt,MW,nem,NSW1
2017-10-24 22:50:00,413.0,gas_ccgt,MW,nem,NSW1
2017-10-24 22:55:00,411.0,gas_ccgt,MW,nem,NSW1
2017-10-24 23:00:00,411.0,gas_ccgt,MW,nem,NSW1
2017-10-24 23:05:00,412.0,gas_ccgt,MW,nem,NSW1
2017-10-24 23:10:00,412.0,gas_ccgt,MW,nem,NSW1
2017-10-24 23:15:00,412.0,gas_ccgt,MW,nem,NSW1
2017-10-24 23:20:00,413.0,gas_ccgt,MW,nem,NSW1
2017-10-24 23:25:00,413.0,gas_ccgt,MW,nem,NSW1
2017-10-24 23:30:00,412.0,gas_ccgt,MW,nem,NSW1
2017-10-24 23:35:00,412.0,gas_ccgt,MW,nem,NSW1
2017-10-24 23:40:00,412.0,gas_ccgt,MW,nem,NSW1
2017-10-24 23:45:00,412.0,gas_ccgt,MW,nem,NSW1
2017-10-24 23:50:00,412.0,gas_ccgt,MW,nem,NSW1
2017-10-24 23:55:00,412.0,gas_ccgt,MW,nem,NSW1
2017-10-25 00:00:00,412.0,gas_ccgt,MW,nem,NSW1
2017-10-25 00:05:00,413.0,gas_ccgt,MW,nem,NSW1
2017-10-25 00:10:00,413.0,gas_ccgt,MW,nem,NSW1
2017-10-25 00:15:00,413.0,gas_ccgt,MW,nem,NSW1
2017-10-25 00:20:00,413.0,gas_ccgt,MW,nem,NSW1
2017-10-25 00:25:00,414.0,gas_ccgt,MW,nem,NSW1
2017-10-25 00:30:00,413.0,gas_ccgt,MW,nem,NSW1
2017-10-25 00:35:00,413.0,gas_ccgt,MW,nem,NSW1
2017-10-25 00:40:00,413.0,gas_ccgt,MW,nem,NSW1
2017-10-25 00:45:00,413.0,gas_ccgt,MW,nem,NSW1
2017-10-25 00:50:00,413.0,gas_ccgt,MW,nem,NSW1
2017-10-25 00:55:00,413.0,gas_ccgt,MW,nem,NSW1
2017-10-25 01:00:00,413.0,gas_ccgt,MW,nem,NSW1
2017-10-25 01:05:00,413.0,gas_ccgt,MW,nem,NSW1
2017-10-25 01:10:00,413.0,gas_ccgt,MW,nem,NSW1
2017-10-25 01:15:00,413.0,gas_ccgt,MW,nem,NSW1
2017-10-25 01:20:00,413.0,gas_ccgt,MW,nem,NSW1
2017-10-25 01:25:00,412.0,gas_ccgt,MW,nem,NSW1
2017-10-25 01:30:00,413.0,gas_ccgt,MW,nem,NSW1
2017-10-25 01:35:00,413.0,gas_ccgt,MW,nem,NSW1
2017-10-25 01:40:00,413.0,gas_ccgt,MW,nem,NSW1
2017-10-25 01:45:00,413.0,gas_ccgt,MW,nem,NSW1
2017-10-25 01:50:00,413.0,gas_ccgt,MW,nem,NSW1
2017-10-25 01:55:00,413.0,gas_ccgt,MW,nem,NSW1
2017-10-25 02:00:00,413.0,gas_ccgt,MW,nem,NSW1
2017-10-25 02:05:00,412.0,gas_ccgt,MW,nem,NSW1
2017-10-25 02:10:00,412.0,gas_ccgt,MW,nem,NSW1
2017-10-25 02:15:00,412.0,gas_ccgt,MW,nem,NSW1
2017-10-25 02:20:00,412.0,gas_ccgt,MW,nem,NSW1
2017-10-25 02:25:00,412.0,gas_ccgt,MW,nem,NSW1
2017-10-25 02:30:00,412.0,gas_ccgt,MW,nem,NSW1
2017-10-25 02:35:00,412.0,gas_ccgt,MW,nem,NSW1
2017-10-25 02:40:00,412.0,gas_ccgt,MW,nem,NSW1
2017-10-25 02:45:00,412.0,gas_ccgt,MW,nem,NSW1
2017-10-25 02:50:00,412.0,gas_ccgt,MW,nem,NSW1
2017-10-25 02:55:00,412.0,gas_ccgt,MW,nem,NSW1
2017-10-25 03:00:00,412.0,gas_ccgt,MW,nem,NSW1
2017-10-25 03:05:00,412.0,gas_ccgt,MW,nem,NSW1
2017-10-25 03:10:00,412.0,gas_ccgt,MW,nem,NSW1
2017-10-25 03:15:00,414.0,gas_ccgt,MW,nem,NSW1
2017-10-25 03:20:00,413.0,gas_ccgt,MW,nem,NSW1
2017-10-25 03:25:00,413.0,gas_ccgt,MW,nem,NSW1
2017-10-25 03:30:00,413.0,gas_ccgt,MW,nem,NSW1
2017-10-25 03:35:00,412.0,gas_ccgt,MW,nem,NSW1
2017-10-25 03:40:00,412.0,gas_ccgt,MW,nem,NSW1
2017-10-25 03:45:00,412.0,gas_ccgt,MW,nem,NSW1
2017-10-25 03:50:00,410.0,gas_ccgt,MW,nem,NSW1
2017-10-25 03:55:00,412.0,gas_ccgt,MW,nem,NSW1
2017-10-25 04:00:00,411.0,gas_ccgt,MW,nem,NSW1
2017-10-25 04:05:00,411.0,gas_ccgt,MW,nem,NSW1
2017-10-25 04:10:00,411.0,gas_ccgt,MW,nem,NSW1
2017-10-25 04:15:00,411.0,gas_ccgt,MW,nem,NSW1
2017-10-25 04:20:00,413.0,gas_ccgt,MW,nem,NSW1
2017-10-25 04:25:00,413.0,gas_ccgt,MW,nem,NSW1
2017-10-25 04:30:00,413.0,gas_ccgt,MW,nem,NSW1
2017-10-25 04:35:00,413.0,gas_ccgt,MW,nem,NSW1
2017-10-25 04:40:00,413.0,gas_ccgt,MW,nem,NSW1
2017-10-25 04:45:00,413.0,gas_ccgt,MW,nem,NSW1
2017-10-25 04:50:00,413.0,gas_ccgt,MW,nem,NSW1
2017-10-25 04:55:00,413.0,gas_ccgt,MW,nem,NSW1
2017-10-25 05:00:00,413.0,gas_ccgt,MW,nem,NSW1
2017-10-25 05:05:00,413.0,gas_ccgt,MW,nem,NSW1
2017-10-25 05:10:00,413.0,gas_ccgt,MW,nem,NSW1
2017-10-25 05:15:00,413.0,gas_ccgt,MW,nem,NSW1
2017-10-25 05:20:00,413.0,gas_ccgt,MW,nem,NSW1
2017-10-25 05:25:00,413.0,gas_ccgt,MW,nem,NSW1
2017-10-25 05:30:00,414.0,gas_ccgt,MW,nem,NSW1
2017-10-25 05:35:00,415.0,gas_ccgt,MW,nem,NSW1
2017-10-25 05:40:00,414.0,gas_ccgt,MW,nem,NSW1
2017-10-25 05:45:00,413.0,gas_ccgt,MW,nem,NSW1
2017-10-25 05:50:00,415.0,gas_ccgt,MW,nem,NSW1
2017-10-25 05:55:00,414.0,gas_ccgt,MW,nem,NSW1
2017-10-25 06:00:00,414.0,gas_ccgt,MW,nem,NSW1
2017-10-25 06:05:00,412.0,gas_ccgt,MW,nem,NSW1
2017-10-25 06:10:00,412.0,gas_ccgt,MW,nem,NSW1
2017-10-25 06:15:00,412.0,gas_ccgt,MW,nem,NSW1
2017-10-25 06:20:00,411.0,gas_ccgt,MW,nem,NSW1
2017-10-25 06:25:00,412.0,gas_ccgt,MW,nem,NSW1
2017-10-25 06:30:00,412.0,gas_ccgt,MW,nem,NSW1
2017-10-25 06:35:00,412.0,gas_ccgt,MW,nem,NSW1
2017-10-25 06:40:00,412.0,gas_ccgt,MW,nem,NSW1
2017-10-25 06:45:00,412.0,gas_ccgt,MW,nem,NSW1
2017-10-25 06:50:00,412.0,gas_ccgt,MW,nem,NSW1
2017-10-25 06:55:00,412.0,gas_ccgt,MW,nem,NSW1
2017-10-25 07:00:00,412.0,gas_ccgt,MW,nem,NSW1
2017-10-25 07:05:00,412.0,gas_ccgt,MW,nem,NSW1
2017-10-25 07:10:00,412.0,gas_ccgt,MW,nem,NSW1
2017-10-25 07:15:00,411.0,gas_ccgt,MW,nem,NSW1
2017-10-25 07:20:00,411.0,gas_ccgt,MW,nem,NSW1
2017-10-25 07:25:00,411.0,gas_ccgt,MW,nem,NSW1
2017-10-25 07:30:00,412.0,gas_ccgt,MW,nem,NSW1
2017-10-25 07:35:00,411.0,gas_ccgt,MW,nem,NSW1
2017-10-25 07:40:00,411.0,gas_ccgt,MW,nem,NSW1
2017-10-25 07:45:00,412.0,gas_ccgt,MW,nem,NSW1
2017-10-25 07:50:00,410.0,gas_ccgt,MW,nem,NSW1
2017-10-25 07:55:00,411.0,gas_ccgt,MW,nem,NSW1
2017-10-25 08:00:00,411.0,gas_ccgt,MW,nem,NSW1
2017-10-25 08:05:00,411.0,gas_ccgt,MW,nem,NSW1
2017-10-25 08:10:00,409.0,gas_ccgt,MW,nem,NSW1
2017-10-25 08:15:00,412.0,gas_ccgt,MW,nem,NSW1
2017-10-25 08:20:00,411.0,gas_ccgt,MW,nem,NSW1
2017-10-25 08:25:00,412.0,gas_ccgt,MW,nem,NSW1
2017-10-25 08:30:00,411.0,gas_ccgt,MW,nem,NSW1
2017-10-25 08:35:00,412.0,gas_ccgt,MW,nem,NSW1
2017-10-25 08:40:00,411.0,gas_ccgt,MW,nem,NSW1
2017-10-25 08:45:00,411.0,gas_ccgt,MW,nem,NSW1
2017-10-25 08:50:00,409.0,gas_ccgt,MW,nem,NSW1
2017-10-25 08:55:00,409.0,gas_ccgt,MW,nem,NSW1
2017-10-25 09:00:00,409.0,gas_ccgt,MW,nem,NSW1
2017-10-25 09:05:00,409.0,gas_ccgt,MW,nem,NSW1
2017-10-25 09:10:00,411.0,gas_ccgt,MW,nem,NSW1
2017-10-25 09:15:00,411.0,gas_ccgt,MW,nem,NSW1
2017-10-25 09:20:00,409.0,gas_ccgt,MW,nem,NSW1
2017-10-25 09:25:00,409.0,gas_ccgt,MW,nem,NSW1
2017-10-25 09:30:00,410.0,gas_ccgt,MW,nem,NSW1
2017-10-25 09:35:00,410.0,gas_ccgt,MW,nem,NSW1
2017-10-25 09:40:00,408.0,gas_ccgt,MW,nem,NSW1
2017-10-25 09:45:00,409.0,gas_ccgt,MW,nem,NSW1
2017-10-25 09:50:00,409.0,gas_ccgt,MW,nem,NSW1
2017-10-25 09:55:00,409.0,gas_ccgt,MW,nem,NSW1
2017-10-25 10:00:00,409.0,gas_ccgt,MW,nem,NSW1
2017-10-25 10:05:00,408.0,gas_ccgt,MW,nem,NSW1
2017-10-25 10:10:00,408.0,gas_ccgt,MW,nem,NSW1
2017-10-25 10:15:00,408.0,gas_ccgt,MW,nem,NSW1
2017-10-25 10:20:00,407.0,gas_ccgt,MW,nem,NSW1
2017-10-25 10:25:00,409.0,gas_ccgt,MW,nem,NSW1
2017-10-25 10:30:00,409.0,gas_ccgt,MW,nem,NSW1
2017-10-25 10:35:00,409.0,gas_ccgt,MW,nem,NSW1
2017-10-25 10:40:00,407.0,gas_ccgt,MW,nem,NSW1
2017-10-25 10:45:00,407.0,gas_ccgt,MW,nem,NSW1
2017-10-25 10:50:00,406.0,gas_ccgt,MW,nem,NSW1
2017-10-25 10:55:00,406.0,gas_ccgt,MW,nem,NSW1
2017-10-25 11:00:00,406.0,gas_ccgt,MW,nem,NSW1
2017-10-25 11:05:00,406.0,gas_ccgt,MW,nem,NSW1
2017-10-25 11:10:00,406.0,gas_ccgt,MW,nem,NSW1
2017-10-25 11:15:00,406.0,gas_ccgt,MW,nem,NSW1
2017-10-25 11:20:00,405.0,gas_ccgt,MW,nem,NSW1
2017-10-25 11:25:00,405.0,gas_ccgt,MW,nem,NSW1
2017-10-25 11:30:00,406.0,gas_ccgt,MW,nem,NSW1
2017-10-25 11:35:00,406.0,gas_ccgt,MW,nem,NSW1
2017-10-25 11:40:00,407.0,gas_ccgt,MW,nem,NSW1
2017-10-25 11:45:00,406.0,gas_ccgt,MW,nem,NSW1
2017-10-25 11:50:00,406.0,gas_ccgt,MW,nem,NSW1
2017-10-25 11:55:00,406.0,gas_ccgt,MW,nem,NSW1
2017-10-25 12:00:00,405.0,gas_ccgt,MW,nem,NSW1
2017-10-25 12:05:00,405.0,gas_ccgt,MW,nem,NSW1
2017-10-25 12:10:00,404.0,gas_ccgt,MW,nem,NSW1
2017-10-25 12:15:00,405.0,gas_ccgt,MW,nem,NSW1
2017-10-25 12:20:00,405.0,gas_ccgt,MW,nem,NSW1
2017-10-25 12:25:00,405.0,gas_ccgt,MW,nem,NSW1
2017-10-25 12:30:00,404.0,gas_ccgt,MW,nem,NSW1
2017-10-25 12:35:00,404.0,gas_ccgt,MW,nem,NSW1
2017-10-25 12:40:00,403.0,gas_ccgt,MW,nem,NSW1
2017-10-25 12:45:00,404.0,gas_ccgt,MW,nem,NSW1
2017-10-25 12:50:00,405.0,gas_ccgt,MW,nem,NSW1
2017-10-25 12:55:00,403.0,gas_ccgt,MW,nem,NSW1
2017-10-25 13:00:00,403.0,gas_ccgt,MW,nem,NSW1
2017-10-25 13:05:00,403.0,gas_ccgt,MW,nem,NSW1
2017-10-25 13:10:00,404.0,gas_ccgt,MW,nem,NSW1
2017-10-25 13:15:00,403.0,gas_ccgt,MW,nem,NSW1
2017-10-25 13:20:00,403.0,gas_ccgt,MW,nem,NSW1
2017-10-25 13:25:00,404.0,gas_ccgt,MW,nem,NSW1
2017-10-25 13:30:00,404.0,gas_ccgt,MW,nem,NSW1
2017-10-25 13:35:00,404.0,gas_ccgt,MW,nem,NSW1
2017-10-25 13:40:00,404.0,gas_ccgt,MW,nem,NSW1
2017-10-25 13:45:00,405.0,gas_ccgt,MW,nem,NSW1
2017-10-25 13:50:00,405.0,gas_ccgt,MW,nem,NSW1
2017-10-25 13:55:00,403.0,gas_ccgt,MW,nem,NSW1
2017-10-25 14:00:00,404.0,gas_ccgt,MW,nem,NSW1
2017-10-25 14:05:00,404.0,gas_ccgt,MW,nem,NSW1
2017-10-25 14:10:00,404.0,gas_ccgt,MW,nem,NSW1
2017-10-25 14:15:00,404.0,gas_ccgt,MW,nem,NSW1
2017-10-25 14:20:00,404.0,gas_ccgt,MW,nem,NSW1
2017-10-25 14:25:00,404.0,gas_ccgt,MW,nem,NSW1
2017-10-25 14:30:00,403.0,gas_ccgt,MW,nem,NSW1
2017-10-25 14:35:00,403.0,gas_ccgt,MW,nem,NSW1
2017-10-25 14:40:00,403.0,gas_ccgt,MW,nem,NSW1
2017-10-25 14:45:00,403.0,gas_ccgt,MW,nem,NSW1
2017-10-25 14:50:00,403.0,gas_ccgt,MW,nem,NSW1
2017-10-25 14:55:00,403.0,gas_ccgt,MW,nem,NSW1
2017-10-25 15:00:00,403.0,gas_ccgt,MW,nem,NSW1
2017-10-25 15:05:00,403.0,gas_ccgt,MW,nem,NSW1
2017-10-25 15:10:00,403.0,gas_ccgt,MW,nem,NSW1
2017-10-25 15:15:00,403.0,gas_ccgt,MW,nem,NSW1
2017-10-25 15:20:00,403.0,gas_ccgt,MW,nem,NSW1
2017-10-25 15:25:00,403.0,gas_ccgt,MW,nem,NSW1
2017-10-25 15:30:00,403.0,gas_ccgt,MW,nem,NSW1
2017-10-25 15:35:00,403.0,gas_ccgt,MW,nem,NSW1
2017-10-25 15:40:00,403.0,gas_ccgt,MW,nem,NSW1
2017-10-25 15:45:00,404.0,gas_ccgt,MW,nem,NSW1
2017-10-25 15:50:00,403.0,gas_ccgt,MW,nem,NSW1
2017-10-25 15:55:00,404.0,gas_ccgt,MW,nem,NSW1
2017-10-25 16:00:00,402.0,gas_ccgt,MW,nem,NSW1
2017-10-25 16:05:00,404.0,gas_ccgt,MW,nem,NSW1
2017-10-25 16:10:00,404.0,gas_ccgt,MW,nem,NSW1
2017-10-25 16:15:00,406.0,gas_ccgt,MW,nem,NSW1
2017-10-25 16:20:00,405.0,gas_ccgt,MW,nem,NSW1
2017-10-25 16:25:00,405.0,gas_ccgt,MW,nem,NSW1
2017-10-25 16:30:00,405.0,gas_ccgt,MW,nem,NSW1
2017-10-25 16:35:00,406.0,gas_ccgt,MW,nem,NSW1
2017-10-25 16:40:00,406.0,gas_ccgt,MW,nem,NSW1
2017-10-25 16:45:00,406.0,gas_ccgt,MW,nem,NSW1
2017-10-25 16:50:00,404.0,gas_ccgt,MW,nem,NSW1
2017-10-25 16:55:00,406.0,gas_ccgt,MW,nem,NSW1
2017-10-25 17:00:00,405.0,gas_ccgt,MW,nem,NSW1
2017-10-25 17:05:00,405.0,gas_ccgt,MW,nem,NSW1
2017-10-25 17:10:00,405.0,gas_ccgt,MW,nem,NSW1
2017-10-25 17:15:00,405.0,gas_ccgt,MW,nem,NSW1
2017-10-25 17:20:00,405.0,gas_ccgt,MW,nem,NSW1
2017-10-25 17:25:00,405.0,gas_ccgt,MW,nem,NSW1
2017-10-25 17:30:00,404.0,gas_ccgt,MW,nem,NSW1
2017-10-25 17:35:00,406.0,gas_ccgt,MW,nem,NSW1
2017-10-25 17:40:00,405.0,gas_ccgt,MW,nem,NSW1
2017-10-25 17:45:00,405.0,gas_ccgt,MW,nem,NSW1
2017-10-25 17:50:00,405.0,gas_ccgt,MW,nem,NSW1
2017-10-25 17:55:00,405.0,gas_ccgt,MW,nem,NSW1
2017-10-25 18:00:00,405.0,gas_ccgt,MW,nem,NSW1
2017-10-25 18:05:00,406.0,gas_ccgt,MW,nem,NSW1
2017-10-25 18:10:00,408.0,gas_ccgt,MW,nem,NSW1
2017-10-25 18:15:00,406.0,gas_ccgt,MW,nem,NSW1
2017-10-25 18:20:00,406.0,gas_ccgt,MW,nem,NSW1
2017-10-25 18:25:00,407.0,gas_ccgt,MW,nem,NSW1
2017-10-25 18:30:00,407.0,gas_ccgt,MW,nem,NSW1
2017-10-25 18:35:00,407.0,gas_ccgt,MW,nem,NSW1
2017-10-25 18:40:00,407.0,gas_ccgt,MW,nem,NSW1
2017-10-25 18:45:00,407.0,gas_ccgt,MW,nem,NSW1
2017-10-25 18:50:00,407.0,gas_ccgt,MW,nem,NSW1
2017-10-25 18:55:00,409.0,gas_ccgt,MW,nem,NSW1
2017-10-25 19:00:00,409.0,gas_ccgt,MW,nem,NSW1
2017-10-25 19:05:00,409.0,gas_ccgt,MW,nem,NSW1
2017-10-25 19:10:00,407.0,gas_ccgt,MW,nem,NSW1
2017-10-25 19:15:00,408.0,gas_ccgt,MW,nem,NSW1
2017-10-25 19:20:00,408.0,gas_ccgt,MW,nem,NSW1
2017-10-25 19:25:00,409.0,gas_ccgt,MW,nem,NSW1
2017-10-25 19:30:00,408.0,gas_ccgt,MW,nem,NSW1
2017-10-25 19:35:00,408.0,gas_ccgt,MW,nem,NSW1
2017-10-25 19:40:00,408.0,gas_ccgt,MW,nem,NSW1
2017-10-25 19:45:00,407.0,gas_ccgt,MW,nem,NSW1
2017-10-25 19:50:00,409.0,gas_ccgt,MW,nem,NSW1
2017-10-25 19:55:00,409.0,gas_ccgt,MW,nem,NSW1
2017-10-25 20:00:00,409.0,gas_ccgt,MW,nem,NSW1
2017-10-25 20:05:00,409.0,gas_ccgt,MW,nem,NSW1
2017-10-25 20:10:00,409.0,gas_ccgt,MW,nem,NSW1
2017-10-25 20:15:00,410.0,gas_ccgt,MW,nem,NSW1
2017-10-25 20:20:00,409.0,gas_ccgt,MW,nem,NSW1
2017-10-25 20:25:00,409.0,gas_ccgt,MW,nem,NSW1
2017-10-25 20:30:00,410.0,gas_ccgt,MW,nem,NSW1
2017-10-25 20:35:00,409.0,gas_ccgt,MW,nem,NSW1
2017-10-25 20:40:00,411.0,gas_ccgt,MW,nem,NSW1
2017-10-25 20:45:00,410.0,gas_ccgt,MW,nem,NSW1
2017-10-25 20:50:00,410.0,gas_ccgt,MW,nem,NSW1
2017-10-25 20:55:00,408.0,gas_ccgt,MW,nem,NSW1
2017-10-25 21:00:00,409.0,gas_ccgt,MW,nem,NSW1
2017-10-25 21:05:00,409.0,gas_ccgt,MW,nem,NSW1
2017-10-25 21:10:00,409.0,gas_ccgt,MW,nem,NSW1
2017-10-25 21:15:00,410.0,gas_ccgt,MW,nem,NSW1
2017-10-25 21:20:00,410.0,gas_ccgt,MW,nem,NSW1
2017-10-25 21:25:00,409.0,gas_ccgt,MW,nem,NSW1
2017-10-25 21:30:00,409.0,gas_ccgt,MW,nem,NSW1
2017-10-25 21:35:00,409.0,gas_ccgt,MW,nem,NSW1
2017-10-25 21:40:00,409.0,gas_ccgt,MW,nem,NSW1
2017-10-25 21:45:00,410.0,gas_ccgt,MW,nem,NSW1
2017-10-25 21:50:00,409.0,gas_ccgt,MW,nem,NSW1
2017-10-25 21:55:00,411.0,gas_ccgt,MW,nem,NSW1
2017-10-25 22:00:00,411.0,gas_ccgt,MW,nem,NSW1
2017-10-25 22:05:00,411.0,gas_ccgt,MW,nem,NSW1
2017-10-25 22:10:00,411.0,gas_ccgt,MW,nem,NSW1
2017-10-25 22:15:00,411.0,gas_ccgt,MW,nem,NSW1
2017-10-25 22:20:00,411.0,gas_ccgt,MW,nem,NSW1
2017-10-25 22:25:00,411.0,gas_ccgt,MW,nem,NSW1
2017-10-25 22:30:00,411.0,gas_ccgt,MW,nem,NSW1
2017-10-25 22:35:00,411.0,gas_ccgt,MW,nem,NSW1
2017-10-25 22:40:00,411.0,gas_ccgt,MW,nem,NSW1
2017-10-25 22:45:00,411.0,gas_ccgt,MW,nem,NSW1
2017-10-25 22:50:00,411.0,gas_ccgt,MW,nem,NSW1
2017-10-25 22:55:00,411.0,gas_ccgt,MW,nem,NSW1
2017-10-25 23:00:00,411.0,gas_ccgt,MW,nem,NSW1
2017-10-25 23:05:00,411.0,gas_ccgt,MW,nem,NSW1
2017-10-25 23:10:00,411.0,gas_ccgt,MW,nem,NSW1
2017-10-25 23:15:00,411.0,gas_ccgt,MW,nem,NSW1
2017-10-25 23:20:00,411.0,gas_ccgt,MW,nem,NSW1
2017-10-25 23:25:00,412.0,gas_ccgt,MW,nem,NSW1
2017-10-25 23:30:00,412.0,gas_ccgt,MW,nem,NSW1
2017-10-25 23:35:00,412.0,gas_ccgt,MW,nem,NSW1
2017-10-25 23:40:00,410.0,gas_ccgt,MW,nem,NSW1
2017-10-25 23:45:00,410.0,gas_ccgt,MW,nem,NSW1
2017-10-25 23:50:00,411.0,gas_ccgt,MW,nem,NSW1
2017-10-25 23:55:00,411.0,gas_ccgt,MW,nem,NSW1
2017-10-26 00:00:00,411.0,gas_ccgt,MW,nem,NSW1
2017-10-26 00:05:00,411.0,gas_ccgt,MW,nem,NSW1
2017-10-26 00:10:00,411.0,gas_ccgt,MW,nem,NSW1
2017-10-26 00:15:00,410.0,gas_ccgt,MW,nem,NSW1
2017-10-26 00:20:00,411.0,gas_ccgt,MW,nem,NSW1
2017-10-26 00:25:00,411.0,gas_ccgt,MW,nem,NSW1
2017-10-26 00:30:00,410.0,gas_ccgt,MW,nem,NSW1
2017-10-26 00:35:00,410.0,gas_ccgt,MW,nem,NSW1
2017-10-26 00:40:00,410.0,gas_ccgt,MW,nem,NSW1
2017-10-26 00:45:00,408.0,gas_ccgt,MW,nem,NSW1
2017-10-26 00:50:00,412.0,gas_ccgt,MW,nem,NSW1
2017-10-26 00:55:00,412.0,gas_ccgt,MW,nem,NSW1
2017-10-26 01:00:00,411.0,gas_ccgt,MW,nem,NSW1
2017-10-26 01:05:00,411.0,gas_ccgt,MW,nem,NSW1
2017-10-26 01:10:00,411.0,gas_ccgt,MW,nem,NSW1
2017-10-26 01:15:00,411.0,gas_ccgt,MW,nem,NSW1
2017-10-26 01:20:00,411.0,gas_ccgt,MW,nem,NSW1
2017-10-26 01:25:00,411.0,gas_ccgt,MW,nem,NSW1
2017-10-26 01:30:00,410.0,gas_ccgt,MW,nem,NSW1
2017-10-26 01:35:00,410.0,gas_ccgt,MW,nem,NSW1
2017-10-26 01:40:00,410.0,gas_ccgt,MW,nem,NSW1
2017-10-26 01:45:00,410.0,gas_ccgt,MW,nem,NSW1
2017-10-26 01:50:00,412.0,gas_ccgt,MW,nem,NSW1
2017-10-26 01:55:00,410.0,gas_ccgt,MW,nem,NSW1
2017-10-26 02:00:00,410.0,gas_ccgt,MW,nem,NSW1
2017-10-26 02:05:00,410.0,gas_ccgt,MW,nem,NSW1
2017-10-26 02:10:00,410.0,gas_ccgt,MW,nem,NSW1
2017-10-26 02:15:00,412.0,gas_ccgt,MW,nem,NSW1
2017-10-26 02:20:00,410.0,gas_ccgt,MW,nem,NSW1
2017-10-26 02:25:00,410.0,gas_ccgt,MW,nem,NSW1
2017-10-26 02:30:00,412.0,gas_ccgt,MW,nem,NSW1
2017-10-26 02:35:00,411.0,gas_ccgt,MW,nem,NSW1
2017-10-26 02:40:00,411.0,gas_ccgt,MW,nem,NSW1
2017-10-26 02:45:00,411.0,gas_ccgt,MW,nem,NSW1
2017-10-26 02:50:00,411.0,gas_ccgt,MW,nem,NSW1
2017-10-26 02:55:00,411.0,gas_ccgt,MW,nem,NSW1
2017-10-26 03:00:00,409.0,gas_ccgt,MW,nem,NSW1
2017-10-26 03:05:00,410.0,gas_ccgt,MW,nem,NSW1
2017-10-26 03:10:00,412.0,gas_ccgt,MW,nem,NSW1
2017-10-26 03:15:00,411.0,gas_ccgt,MW,nem,NSW1
2017-10-26 03:20:00,410.0,gas_ccgt,MW,nem,NSW1
2017-10-26 03:25:00,412.0,gas_ccgt,MW,nem,NSW1
2017-10-26 03:30:00,411.0,gas_ccgt,MW,nem,NSW1
2017-10-26 03:35:00,411.0,gas_ccgt,MW,nem,NSW1
2017-10-26 03:40:00,411.0,gas_ccgt,MW,nem,NSW1
2017-10-26 03:45:00,411.0,gas_ccgt,MW,nem,NSW1
2017-10-26 03:50:00,411.0,gas_ccgt,MW,nem,NSW1
2017-10-26 03:55:00,411.0,gas_ccgt,MW,nem,NSW1
2017-10-26 04:00:00,411.0,gas_ccgt,MW,nem,NSW1
2017-10-26 04:05:00,411.0,gas_ccgt,MW,nem,NSW1
2017-10-26 04:10:00,411.0,gas_ccgt,MW,nem,NSW1
2017-10-26 04:15:00,409.0,gas_ccgt,MW,nem,NSW1
2017-10-26 04:20:00,410.0,gas_ccgt,MW,nem,NSW1
2017-10-26 04:25:00,410.0,gas_ccgt,MW,nem,NSW1
2017-10-26 04:30:00,410.0,gas_ccgt,MW,nem,NSW1
2017-10-26 04:35:00,411.0,gas_ccgt,MW,nem,NSW1
2017-10-26 04:40:00,411.0,gas_ccgt,MW,nem,NSW1
2017-10-26 04:45:00,411.0,gas_ccgt,MW,nem,NSW1
2017-10-26 04:50:00,409.0,gas_ccgt,MW,nem,NSW1
2017-10-26 04:55:00,409.0,gas_ccgt,MW,nem,NSW1
2017-10-26 05:00:00,411.0,gas_ccgt,MW,nem,NSW1
2017-10-26 05:05:00,409.0,gas_ccgt,MW,nem,NSW1
2017-10-26 05:10:00,410.0,gas_ccgt,MW,nem,NSW1
2017-10-26 05:15:00,410.0,gas_ccgt,MW,nem,NSW1
2017-10-26 05:20:00,409.0,gas_ccgt,MW,nem,NSW1
2017-10-26 05:25:00,409.0,gas_ccgt,MW,nem,NSW1
2017-10-26 05:30:00,409.0,gas_ccgt,MW,nem,NSW1
2017-10-26 05:35:00,410.0,gas_ccgt,MW,nem,NSW1
2017-10-26 05:40:00,409.0,gas_ccgt,MW,nem,NSW1
2017-10-26 05:45:00,409.0,gas_ccgt,MW,nem,NSW1
2017-10-26 05:50:00,409.0,gas_ccgt,MW,nem,NSW1
2017-10-26 05:55:00,409.0,gas_ccgt,MW,nem,NSW1
2017-10-26 06:00:00,411.0,gas_ccgt,MW,nem,NSW1
2017-10-26 06:05:00,409.0,gas_ccgt,MW,nem,NSW1
2017-10-26 06:10:00,411.0,gas_ccgt,MW,nem,NSW1
2017-10-26 06:15:00,410.0,gas_ccgt,MW,nem,NSW1
2017-10-26 06:20:00,410.0,gas_ccgt,MW,nem,NSW1
2017-10-26 06:25:00,410.0,gas_ccgt,MW,nem,NSW1
2017-10-26 06:30:00,410.0,gas_ccgt,MW,nem,NSW1
2017-10-26 06:35:00,410.0,gas_ccgt,MW,nem,NSW1
2017-10-26 06:40:00,410.0,gas_ccgt,MW,nem,NSW1
2017-10-26 06:45:00,410.0,gas_ccgt,MW,nem,NSW1
2017-10-26 06:50:00,410.0,gas_ccgt,MW,nem,NSW1
2017-10-26 06:55:00,408.0,gas_ccgt,MW,nem,NSW1
2017-10-26 07:00:00,411.0,gas_ccgt,MW,nem,NSW1
2017-10-26 07:05:00,410.0,gas_ccgt,MW,nem,NSW1
2017-10-26 07:10:00,408.0,gas_ccgt,MW,nem,NSW1
2017-10-26 07:15:00,408.0,gas_ccgt,MW,nem,NSW1
2017-10-26 07:20:00,408.0,gas_ccgt,MW,nem,NSW1
2017-10-26 07:25:00,409.0,gas_ccgt,MW,nem,NSW1
2017-10-26 07:30:00,409.0,gas_ccgt,MW,nem,NSW1
2017-10-26 07:35:00,409.0,gas_ccgt,MW,nem,NSW1
2017-10-26 07:40:00,409.0,gas_ccgt,MW,nem,NSW1
2017-10-26 07:45:00,409.0,gas_ccgt,MW,nem,NSW1
2017-10-26 07:50:00,410.0,gas_ccgt,MW,nem,NSW1
2017-10-26 07:55:00,408.0,gas_ccgt,MW,nem,NSW1
2017-10-26 08:00:00,410.0,gas_ccgt,MW,nem,NSW1
2017-10-26 08:05:00,409.0,gas_ccgt,MW,nem,NSW1
2017-10-26 08:10:00,409.0,gas_ccgt,MW,nem,NSW1
2017-10-26 08:15:00,409.0,gas_ccgt,MW,nem,NSW1
2017-10-26 08:20:00,409.0,gas_ccgt,MW,nem,NSW1
2017-10-26 08:25:00,409.0,gas_ccgt,MW,nem,NSW1
2017-10-26 08:30:00,409.0,gas_ccgt,MW,nem,NSW1
2017-10-26 08:35:00,409.0,gas_ccgt,MW,nem,NSW1
2017-10-26 08:40:00,409.0,gas_ccgt,MW,nem,NSW1
2017-10-26 08:45:00,409.0,gas_ccgt,MW,nem,NSW1
2017-10-26 08:50:00,407.0,gas_ccgt,MW,nem,NSW1
2017-10-26 08:55:00,409.0,gas_ccgt,MW,nem,NSW1
2017-10-26 09:00:00,409.0,gas_ccgt,MW,nem,NSW1
2017-10-26 09:05:00,409.0,gas_ccgt,MW,nem,NSW1
2017-10-26 09:10:00,409.0,gas_ccgt,MW,nem,NSW1
2017-10-26 09:15:00,407.0,gas_ccgt,MW,nem,NSW1
2017-10-26 09:20:00,406.0,gas_ccgt,MW,nem,NSW1
2017-10-26 09:25:00,408.0,gas_ccgt,MW,nem,NSW1
2017-10-26 09:30:00,406.0,gas_ccgt,MW,nem,NSW1
2017-10-26 09:35:00,406.0,gas_ccgt,MW,nem,NSW1
2017-10-26 09:40:00,406.0,gas_ccgt,MW,nem,NSW1
2017-10-26 09:45:00,408.0,gas_ccgt,MW,nem,NSW1
2017-10-26 09:50:00,407.0,gas_ccgt,MW,nem,NSW1
2017-10-26 09:55:00,407.0,gas_ccgt,MW,nem,NSW1
2017-10-26 10:00:00,407.0,gas_ccgt,MW,nem,NSW1
2017-10-26 10:05:00,407.0,gas_ccgt,MW,nem,NSW1
2017-10-26 10:10:00,407.0,gas_ccgt,MW,nem,NSW1
2017-10-26 10:15:00,407.0,gas_ccgt,MW,nem,NSW1
2017-10-26 10:20:00,407.0,gas_ccgt,MW,nem,NSW1
2017-10-26 10:25:00,407.0,gas_ccgt,MW,nem,NSW1
2017-10-26 10:30:00,407.0,gas_ccgt,MW,nem,NSW1
2017-10-26 10:35:00,406.0,gas_ccgt,MW,nem,NSW1
2017-10-26 10:40:00,406.0,gas_ccgt,MW,nem,NSW1
2017-10-26 10:45:00,406.0,gas_ccgt,MW,nem,NSW1
2017-10-26 10:50:00,406.0,gas_ccgt,MW,nem,NSW1
2017-10-26 10:55:00,406.0,gas_ccgt,MW,nem,NSW1
2017-10-26 11:00:00,407.0,gas_ccgt,MW,nem,NSW1
2017-10-26 11:05:00,405.0,gas_ccgt,MW,nem,NSW1
2017-10-26 11:10:00,405.0,gas_ccgt,MW,nem,NSW1
2017-10-26 11:15:00,405.0,gas_ccgt,MW,nem,NSW1
2017-10-26 11:20:00,405.0,gas_ccgt,MW,nem,NSW1
2017-10-26 11:25:00,405.0,gas_ccgt,MW,nem,NSW1
2017-10-26 11:30:00,406.0,gas_ccgt,MW,nem,NSW1
2017-10-26 11:35:00,406.0,gas_ccgt,MW,nem,NSW1
2017-10-26 11:40:00,406.0,gas_ccgt,MW,nem,NSW1
2017-10-26 11:45:00,404.0,gas_ccgt,MW,nem,NSW1
2017-10-26 11:50:00,407.0,gas_ccgt,MW,nem,NSW1
2017-10-26 11:55:00,405.0,gas_ccgt,MW,nem,NSW1
2017-10-26 12:00:00,403.0,gas_ccgt,MW,nem,NSW1
2017-10-26 12:05:00,403.0,gas_ccgt,MW,nem,NSW1
2017-10-26 12:10:00,405.0,gas_ccgt,MW,nem,NSW1
2017-10-26 12:15:00,405.0,gas_ccgt,MW,nem,NSW1
2017-10-26 12:20:00,405.0,gas_ccgt,MW,nem,NSW1
2017-10-26 12:25:00,403.0,gas_ccgt,MW,nem,NSW1
2017-10-26 12:30:00,405.0,gas_ccgt,MW,nem,NSW1
2017-10-26 12:35:00,405.0,gas_ccgt,MW,nem,NSW1
2017-10-26 12:40:00,403.0,gas_ccgt,MW,nem,NSW1
2017-10-26 12:45:00,405.0,gas_ccgt,MW,nem,NSW1
2017-10-26 12:50:00,405.0,gas_ccgt,MW,nem,NSW1
2017-10-26 12:55:00,404.0,gas_ccgt,MW,nem,NSW1
2017-10-26 13:00:00,404.0,gas_ccgt,MW,nem,NSW1
2017-10-26 13:05:00,404.0,gas_ccgt,MW,nem,NSW1
2017-10-26 13:10:00,404.0,gas_ccgt,MW,nem,NSW1
2017-10-26 13:15:00,404.0,gas_ccgt,MW,nem,NSW1
2017-10-26 13:20:00,404.0,gas_ccgt,MW,nem,NSW1
2017-10-26 13:25:00,404.0,gas_ccgt,MW,nem,NSW1
2017-10-26 13:30:00,404.0,gas_ccgt,MW,nem,NSW1
2017-10-26 13:35:00,403.0,gas_ccgt,MW,nem,NSW1
2017-10-26 13:40:00,403.0,gas_ccgt,MW,nem,NSW1
2017-10-26 13:45:00,403.0,gas_ccgt,MW,nem,NSW1
2017-10-26 13:50:00,404.0,gas_ccgt,MW,nem,NSW1
2017-10-26 13:55:00,403.0,gas_ccgt,MW,nem,NSW1
2017-10-26 14:00:00,403.0,gas_ccgt,MW,nem,NSW1
2017-10-26 14:05:00,402.0,gas_ccgt,MW,nem,NSW1
2017-10-26 14:10:00,403.0,gas_ccgt,MW,nem,NSW1
2017-10-26 14:15:00,403.0,gas_ccgt,MW,nem,NSW1
2017-10-26 14:20:00,404.0,gas_ccgt,MW,nem,NSW1
2017-10-26 14:25:00,405.0,gas_ccgt,MW,nem,NSW1
2017-10-26 14:30:00,404.0,gas_ccgt,MW,nem,NSW1
2017-10-26 14:35:00,405.0,gas_ccgt,MW,nem,NSW1
2017-10-26 14:40:00,405.0,gas_ccgt,MW,nem,NSW1
2017-10-26 14:45:00,405.0,gas_ccgt,MW,nem,NSW1
2017-10-26 14:50:00,404.0,gas_ccgt,MW,nem,NSW1
2017-10-26 14:55:00,404.0,gas_ccgt,MW,nem,NSW1
2017-10-26 15:00:00,404.0,gas_ccgt,MW,nem,NSW1
2017-10-26 15:05:00,404.0,gas_ccgt,MW,nem,NSW1
2017-10-26 15:10:00,404.0,gas_ccgt,MW,nem,NSW1
2017-10-26 15:15:00,404.0,gas_ccgt,MW,nem,NSW1
2017-10-26 15:20:00,404.0,gas_ccgt,MW,nem,NSW1
2017-10-26 15:25:00,403.0,gas_ccgt,MW,nem,NSW1
2017-10-26 15:30:00,403.0,gas_ccgt,MW,nem,NSW1
2017-10-26 15:35:00,405.0,gas_ccgt,MW,nem,NSW1
2017-10-26 15:40:00,403.0,gas_ccgt,MW,nem,NSW1
2017-10-26 15:45:00,405.0,gas_ccgt,MW,nem,NSW1
2017-10-26 15:50:00,403.0,gas_ccgt,MW,nem,NSW1
2017-10-26 15:55:00,405.0,gas_ccgt,MW,nem,NSW1
2017-10-26 16:00:00,403.0,gas_ccgt,MW,nem,NSW1
2017-10-26 16:05:00,403.0,gas_ccgt,MW,nem,NSW1
2017-10-26 16:10:00,405.0,gas_ccgt,MW,nem,NSW1
2017-10-26 16:15:00,403.0,gas_ccgt,MW,nem,NSW1
2017-10-26 16:20:00,403.0,gas_ccgt,MW,nem,NSW1
2017-10-26 16:25:00,405.0,gas_ccgt,MW,nem,NSW1
2017-10-26 16:30:00,405.0,gas_ccgt,MW,nem,NSW1
2017-10-26 16:35:00,403.0,gas_ccgt,MW,nem,NSW1
2017-10-26 16:40:00,404.0,gas_ccgt,MW,nem,NSW1
2017-10-26 16:45:00,405.0,gas_ccgt,MW,nem,NSW1
2017-10-26 16:50:00,404.0,gas_ccgt,MW,nem,NSW1
2017-10-26 16:55:00,404.0,gas_ccgt,MW,nem,NSW1
2017-10-26 17:00:00,403.0,gas_ccgt,MW,nem,NSW1
2017-10-26 17:05:00,404.0,gas_ccgt,MW,nem,NSW1
2017-10-26 17:10:00,404.0,gas_ccgt,MW,nem,NSW1
2017-10-26 17:15:00,404.0,gas_ccgt,MW,nem,NSW1
2017-10-26 17:20:00,404.0,gas_ccgt,MW,nem,NSW1
2017-10-26 17:25:00,405.0,gas_ccgt,MW,nem,NSW1
2017-10-26 17:30:00,405.0,gas_ccgt,MW,nem,NSW1
2017-10-26 17:35:00,405.0,gas_ccgt,MW,nem,NSW1
2017-10-26 17:40:00,404.0,gas_ccgt,MW,nem,NSW1
2017-10-26 17:45:00,404.0,gas_ccgt,MW,nem,NSW1
2017-10-26 17:50:00,404.0,gas_ccgt,MW,nem,NSW1
2017-10-26 17:55:00,404.0,gas_ccgt,MW,nem,NSW1
2017-10-26 18:00:00,404.0,gas_ccgt,MW,nem,NSW1
2017-10-26 18:05:00,405.0,gas_ccgt,MW,nem,NSW1
2017-10-26 18:10:00,404.0,gas_ccgt,MW,nem,NSW1
2017-10-26 18:15:00,404.0,gas_ccgt,MW,nem,NSW1
2017-10-26 18:20:00,403.0,gas_ccgt,MW,nem,NSW1
2017-10-26 18:25:00,405.0,gas_ccgt,MW,nem,NSW1
2017-10-26 18:30:00,403.0,gas_ccgt,MW,nem,NSW1
2017-10-26 18:35:00,405.0,gas_ccgt,MW,nem,NSW1
2017-10-26 18:40:00,404.0,gas_ccgt,MW,nem,NSW1
2017-10-26 18:45:00,406.0,gas_ccgt,MW,nem,NSW1
2017-10-26 18:50:00,404.0,gas_ccgt,MW,nem,NSW1
2017-10-26 18:55:00,404.0,gas_ccgt,MW,nem,NSW1
2017-10-26 19:00:00,404.0,gas_ccgt,MW,nem,NSW1
2017-10-26 19:05:00,404.0,gas_ccgt,MW,nem,NSW1
2017-10-26 19:10:00,404.0,gas_ccgt,MW,nem,NSW1
2017-10-26 19:15:00,404.0,gas_ccgt,MW,nem,NSW1
2017-10-26 19:20:00,404.0,gas_ccgt,MW,nem,NSW1
2017-10-26 19:25:00,403.0,gas_ccgt,MW,nem,NSW1
2017-10-26 19:30:00,404.0,gas_ccgt,MW,nem,NSW1
2017-10-26 19:35:00,407.0,gas_ccgt,MW,nem,NSW1
2017-10-26 19:40:00,404.0,gas_ccgt,MW,nem,NSW1
2017-10-26 19:45:00,404.0,gas_ccgt,MW,nem,NSW1
2017-10-26 19:50:00,404.0,gas_ccgt,MW,nem,NSW1
2017-10-26 19:55:00,404.0,gas_ccgt,MW,nem,NSW1
2017-10-26 20:00:00,404.0,gas_ccgt,MW,nem,NSW1
2017-10-26 20:05:00,404.0,gas_ccgt,MW,nem,NSW1
2017-10-26 20:10:00,404.0,gas_ccgt,MW,nem,NSW1
2017-10-26 20:15:00,404.0,gas_ccgt,MW,nem,NSW1
2017-10-26 20:20:00,403.0,gas_ccgt,MW,nem,NSW1
2017-10-26 20:25:00,405.0,gas_ccgt,MW,nem,NSW1
2017-10-26 20:30:00,405.0,gas_ccgt,MW,nem,NSW1
2017-10-26 20:35:00,404.0,gas_ccgt,MW,nem,NSW1
2017-10-26 20:40:00,404.0,gas_ccgt,MW,nem,NSW1
2017-10-26 20:45:00,404.0,gas_ccgt,MW,nem,NSW1
2017-10-26 20:50:00,404.0,gas_ccgt,MW,nem,NSW1
2017-10-26 20:55:00,404.0,gas_ccgt,MW,nem,NSW1
2017-10-26 21:00:00,403.0,gas_ccgt,MW,nem,NSW1
2017-10-26 21:05:00,405.0,gas_ccgt,MW,nem,NSW1
2017-10-26 21:10:00,404.0,gas_ccgt,MW,nem,NSW1
2017-10-26 21:15:00,404.0,gas_ccgt,MW,nem,NSW1
2017-10-26 21:20:00,404.0,gas_ccgt,MW,nem,NSW1
2017-10-26 21:25:00,404.0,gas_ccgt,MW,nem,NSW1
2017-10-26 21:30:00,404.0,gas_ccgt,MW,nem,NSW1
2017-10-26 21:35:00,403.0,gas_ccgt,MW,nem,NSW1
2017-10-26 21:40:00,403.0,gas_ccgt,MW,nem,NSW1
2017-10-26 21:45:00,404.0,gas_ccgt,MW,nem,NSW1
2017-10-26 21:50:00,404.0,gas_ccgt,MW,nem,NSW1
2017-10-26 21:55:00,404.0,gas_ccgt,MW,nem,NSW1
2017-10-26 22:00:00,404.0,gas_ccgt,MW,nem,NSW1
2017-10-26 22:05:00,403.0,gas_ccgt,MW,nem,NSW1
2017-10-26 22:10:00,403.0,gas_ccgt,MW,nem,NSW1
2017-10-26 22:15:00,402.0,gas_ccgt,MW,nem,NSW1
2017-10-26 22:20:00,402.0,gas_ccgt,MW,nem,NSW1
2017-10-26 22:25:00,404.0,gas_ccgt,MW,nem,NSW1
2017-10-26 22:30:00,404.0,gas_ccgt,MW,nem,NSW1
2017-10-26 22:35:00,404.0,gas_ccgt,MW,nem,NSW1
2017-10-26 22:40:00,404.0,gas_ccgt,MW,nem,NSW1
2017-10-26 22:45:00,405.0,gas_ccgt,MW,nem,NSW1
2017-10-26 22:50:00,404.0,gas_ccgt,MW,nem,NSW1
2017-10-26 22:55:00,405.0,gas_ccgt,MW,nem,NSW1
2017-10-26 23:00:00,404.0,gas_ccgt,MW,nem,NSW1
2017-10-26 23:05:00,406.0,gas_ccgt,MW,nem,NSW1
2017-10-26 23:10:00,404.0,gas_ccgt,MW,nem,NSW1
2017-10-26 23:15:00,404.0,gas_ccgt,MW,nem,NSW1
2017-10-26 23:20:00,405.0,gas_ccgt,MW,nem,NSW1
2017-10-26 23:25:00,403.0,gas_ccgt,MW,nem,NSW1
2017-10-26 23:30:00,405.0,gas_ccgt,MW,nem,NSW1
2017-10-26 23:35:00,405.0,gas_ccgt,MW,nem,NSW1
2017-10-26 23:40:00,405.0,gas_ccgt,MW,nem,NSW1
2017-10-26 23:45:00,403.0,gas_ccgt,MW,nem,NSW1
2017-10-26 23:50:00,403.0,gas_ccgt,MW,nem,NSW1
2017-10-26 23:55:00,405.0,gas_ccgt,MW,nem,NSW1
2017-10-27 00:00:00,403.0,gas_ccgt,MW,nem,NSW1
2017-10-27 00:05:00,403.0,gas_ccgt,MW,nem,NSW1
2017-10-27 00:10:00,404.0,gas_ccgt,MW,nem,NSW1
2017-10-27 00:15:00,403.0,gas_ccgt,MW,nem,NSW1
2017-10-27 00:20:00,406.0,gas_ccgt,MW,nem,NSW1
2017-10-27 00:25:00,405.0,gas_ccgt,MW,nem,NSW1
2017-10-27 00:30:00,404.0,gas_ccgt,MW,nem,NSW1
2017-10-27 00:35:00,404.0,gas_ccgt,MW,nem,NSW1
2017-10-27 00:40:00,405.0,gas_ccgt,MW,nem,NSW1
2017-10-27 00:45:00,404.0,gas_ccgt,MW,nem,NSW1
2017-10-27 00:50:00,404.0,gas_ccgt,MW,nem,NSW1
2017-10-27 00:55:00,405.0,gas_ccgt,MW,nem,NSW1
2017-10-27 01:00:00,405.0,gas_ccgt,MW,nem,NSW1
2017-10-27 01:05:00,403.0,gas_ccgt,MW,nem,NSW1
2017-10-27 01:10:00,405.0,gas_ccgt,MW,nem,NSW1
2017-10-27 01:15:00,404.0,gas_ccgt,MW,nem,NSW1
2017-10-27 01:20:00,403.0,gas_ccgt,MW,nem,NSW1
2017-10-27 01:25:00,403.0,gas_ccgt,MW,nem,NSW1
2017-10-27 01:30:00,404.0,gas_ccgt,MW,nem,NSW1
2017-10-27 01:35:00,403.0,gas_ccgt,MW,nem,NSW1
2017-10-27 01:40:00,404.0,gas_ccgt,MW,nem,NSW1
2017-10-27 01:45:00,405.0,gas_ccgt,MW,nem,NSW1
2017-10-27 01:50:00,403.0,gas_ccgt,MW,nem,NSW1
2017-10-27 01:55:00,404.0,gas_ccgt,MW,nem,NSW1
2017-10-27 02:00:00,403.0,gas_ccgt,MW,nem,NSW1
2017-10-27 02:05:00,405.0,gas_ccgt,MW,nem,NSW1
2017-10-27 02:10:00,405.0,gas_ccgt,MW,nem,NSW1
2017-10-27 02:15:00,405.0,gas_ccgt,MW,nem,NSW1
2017-10-27 02:20:00,403.0,gas_ccgt,MW,nem,NSW1
2017-10-27 02:25:00,404.0,gas_ccgt,MW,nem,NSW1
2017-10-27 02:30:00,402.0,gas_ccgt,MW,nem,NSW1
2017-10-27 02:35:00,403.0,gas_ccgt,MW,nem,NSW1
2017-10-27 02:40:00,403.0,gas_ccgt,MW,nem,NSW1
2017-10-27 02:45:00,403.0,gas_ccgt,MW,nem,NSW1
2017-10-27 02:50:00,405.0,gas_ccgt,MW,nem,NSW1
2017-10-27 02:55:00,405.0,gas_ccgt,MW,nem,NSW1
2017-10-27 03:00:00,405.0,gas_ccgt,MW,nem,NSW1
2017-10-27 03:05:00,405.0,gas_ccgt,MW,nem,NSW1
2017-10-27 03:10:00,403.0,gas_ccgt,MW,nem,NSW1
2017-10-27 03:15:00,404.0,gas_ccgt,MW,nem,NSW1
2017-10-27 03:20:00,404.0,gas_ccgt,MW,nem,NSW1
2017-10-27 03:25:00,403.0,gas_ccgt,MW,nem,NSW1
2017-10-27 03:30:00,402.0,gas_ccgt,MW,nem,NSW1
2017-10-27 03:35:00,404.0,gas_ccgt,MW,nem,NSW1
2017-10-27 03:40:00,404.0,gas_ccgt,MW,nem,NSW1
2017-10-27 03:45:00,405.0,gas_ccgt,MW,nem,NSW1
2017-10-27 03:50:00,405.0,gas_ccgt,MW,nem,NSW1
2017-10-27 03:55:00,404.0,gas_ccgt,MW,nem,NSW1
2017-10-27 04:00:00,404.0,gas_ccgt,MW,nem,NSW1
2017-10-27 04:05:00,404.0,gas_ccgt,MW,nem,NSW1
2017-10-27 04:10:00,404.0,gas_ccgt,MW,nem,NSW1
2017-10-27 04:15:00,405.0,gas_ccgt,MW,nem,NSW1
2017-10-27 04:20:00,404.0,gas_ccgt,MW,nem,NSW1
2017-10-27 04:25:00,404.0,gas_ccgt,MW,nem,NSW1
2017-10-27 04:30:00,404.0,gas_ccgt,MW,nem,NSW1
2017-10-27 04:35:00,404.0,gas_ccgt,MW,nem,NSW1
2017-10-27 04:40:00,405.0,gas_ccgt,MW,nem,NSW1
2017-10-27 04:45:00,405.0,gas_ccgt,MW,nem,NSW1
2017-10-27 04:50:00,403.0,gas_ccgt,MW,nem,NSW1
2017-10-27 04:55:00,405.0,gas_ccgt,MW,nem,NSW1
2017-10-27 05:00:00,404.0,gas_ccgt,MW,nem,NSW1
2017-10-27 05:05:00,402.0,gas_ccgt,MW,nem,NSW1
2017-10-27 05:10:00,405.0,gas_ccgt,MW,nem,NSW1
2017-10-27 05:15:00,403.0,gas_ccgt,MW,nem,NSW1
2017-10-27 05:20:00,403.0,gas_ccgt,MW,nem,NSW1
2017-10-27 05:25:00,405.0,gas_ccgt,MW,nem,NSW1
2017-10-27 05:30:00,404.0,gas_ccgt,MW,nem,NSW1
2017-10-27 05:35:00,404.0,gas_ccgt,MW,nem,NSW1
2017-10-27 05:40:00,404.0,gas_ccgt,MW,nem,NSW1
2017-10-27 05:45:00,404.0,gas_ccgt,MW,nem,NSW1
2017-10-27 05:50:00,402.0,gas_ccgt,MW,nem,NSW1
2017-10-27 05:55:00,404.0,gas_ccgt,MW,nem,NSW1
2017-10-27 06:00:00,404.0,gas_ccgt,MW,nem,NSW1
2017-10-27 06:05:00,408.0,gas_ccgt,MW,nem,NSW1
2017-10-27 06:10:00,409.0,gas_ccgt,MW,nem,NSW1
2017-10-27 06:15:00,409.0,gas_ccgt,MW,nem,NSW1
2017-10-27 06:20:00,409.0,gas_ccgt,MW,nem,NSW1
2017-10-27 06:25:00,409.0,gas_ccgt,MW,nem,NSW1
2017-10-27 06:30:00,409.0,gas_ccgt,MW,nem,NSW1
2017-10-27 06:35:00,409.0,gas_ccgt,MW,nem,NSW1
2017-10-27 06:40:00,408.0,gas_ccgt,MW,nem,NSW1
2017-10-27 06:45:00,408.0,gas_ccgt,MW,nem,NSW1
2017-10-27 06:50:00,410.0,gas_ccgt,MW,nem,NSW1
2017-10-27 06:55:00,409.0,gas_ccgt,MW,nem,NSW1
2017-10-27 07:00:00,409.0,gas_ccgt,MW,nem,NSW1
2017-10-27 07:05:00,409.0,gas_ccgt,MW,nem,NSW1
2017-10-27 07:10:00,409.0,gas_ccgt,MW,nem,NSW1
2017-10-27 07:15:00,409.0,gas_ccgt,MW,nem,NSW1
2017-10-27 07:20:00,408.0,gas_ccgt,MW,nem,NSW1
2017-10-27 07:25:00,408.0,gas_ccgt,MW,nem,NSW1
2017-10-27 07:30:00,410.0,gas_ccgt,MW,nem,NSW1
2017-10-27 07:35:00,409.0,gas_ccgt,MW,nem,NSW1
2017-10-27 07:40:00,410.0,gas_ccgt,MW,nem,NSW1
2017-10-27 07:45:00,409.0,gas_ccgt,MW,nem,NSW1
2017-10-27 07:50:00,409.0,gas_ccgt,MW,nem,NSW1
2017-10-27 07:55:00,409.0,gas_ccgt,MW,nem,NSW1
2017-10-27 08:00:00,409.0,gas_ccgt,MW,nem,NSW1
2017-10-27 08:05:00,409.0,gas_ccgt,MW,nem,NSW1
2017-10-27 08:10:00,407.0,gas_ccgt,MW,nem,NSW1
2017-10-27 08:15:00,408.0,gas_ccgt,MW,nem,NSW1
2017-10-27 08:20:00,408.0,gas_ccgt,MW,nem,NSW1
2017-10-27 08:25:00,408.0,gas_ccgt,MW,nem,NSW1
2017-10-27 08:30:00,409.0,gas_ccgt,MW,nem,NSW1
2017-10-27 08:35:00,408.0,gas_ccgt,MW,nem,NSW1
2017-10-27 08:40:00,408.0,gas_ccgt,MW,nem,NSW1
2017-10-27 08:45:00,408.0,gas_ccgt,MW,nem,NSW1
2017-10-27 08:50:00,408.0,gas_ccgt,MW,nem,NSW1
2017-10-27 08:55:00,407.0,gas_ccgt,MW,nem,NSW1
2017-10-27 09:00:00,408.0,gas_ccgt,MW,nem,NSW1
2017-10-27 09:05:00,408.0,gas_ccgt,MW,nem,NSW1
2017-10-27 09:10:00,408.0,gas_ccgt,MW,nem,NSW1
2017-10-27 09:15:00,408.0,gas_ccgt,MW,nem,NSW1
2017-10-27 09:20:00,407.0,gas_ccgt,MW,nem,NSW1
2017-10-27 09:25:00,407.0,gas_ccgt,MW,nem,NSW1
2017-10-27 09:30:00,407.0,gas_ccgt,MW,nem,NSW1
2017-10-27 09:35:00,405.0,gas_ccgt,MW,nem,NSW1
2017-10-27 09:40:00,407.0,gas_ccgt,MW,nem,NSW1
2017-10-27 09:45:00,406.0,gas_ccgt,MW,nem,NSW1
2017-10-27 09:50:00,406.0,gas_ccgt,MW,nem,NSW1
2017-10-27 09:55:00,407.0,gas_ccgt,MW,nem,NSW1
2017-10-27 10:00:00,406.0,gas_ccgt,MW,nem,NSW1
2017-10-27 10:05:00,408.0,gas_ccgt,MW,nem,NSW1
2017-10-27 10:10:00,406.0,gas_ccgt,MW,nem,NSW1
2017-10-27 10:15:00,406.0,gas_ccgt,MW,nem,NSW1
2017-10-27 10:20:00,404.0,gas_ccgt,MW,nem,NSW1
2017-10-27 10:25:00,405.0,gas_ccgt,MW,nem,NSW1
2017-10-27 10:30:00,405.0,gas_ccgt,MW,nem,NSW1
2017-10-27 10:35:00,405.0,gas_ccgt,MW,nem,NSW1
2017-10-27 10:40:00,405.0,gas_ccgt,MW,nem,NSW1
2017-10-27 10:45:00,407.0,gas_ccgt,MW,nem,NSW1
2017-10-27 10:50:00,405.0,gas_ccgt,MW,nem,NSW1
2017-10-27 10:55:00,407.0,gas_ccgt,MW,nem,NSW1
2017-10-27 11:00:00,406.0,gas_ccgt,MW,nem,NSW1
2017-10-27 11:05:00,406.0,gas_ccgt,MW,nem,NSW1
2017-10-27 11:10:00,387.0,gas_ccgt,MW,nem,NSW1
2017-10-27 11:15:00,355.0,gas_ccgt,MW,nem,NSW1
2017-10-27 11:20:00,331.0,gas_ccgt,MW,nem,NSW1
2017-10-27 11:25:00,303.0,gas_ccgt,MW,nem,NSW1
2017-10-27 11:30:00,276.0,gas_ccgt,MW,nem,NSW1
2017-10-27 11:35:00,247.0,gas_ccgt,MW,nem,NSW1
2017-10-27 11:40:00,222.0,gas_ccgt,MW,nem,NSW1
2017-10-27 11:45:00,191.0,gas_ccgt,MW,nem,NSW1
2017-10-27 11:50:00,189.0,gas_ccgt,MW,nem,NSW1
2017-10-27 11:55:00,191.0,gas_ccgt,MW,nem,NSW1
2017-10-27 12:00:00,190.0,gas_ccgt,MW,nem,NSW1
2017-10-27 12:05:00,192.0,gas_ccgt,MW,nem,NSW1
2017-10-27 12:10:00,190.0,gas_ccgt,MW,nem,NSW1
2017-10-27 12:15:00,190.0,gas_ccgt,MW,nem,NSW1
2017-10-27 12:20:00,190.0,gas_ccgt,MW,nem,NSW1
2017-10-27 12:25:00,190.0,gas_ccgt,MW,nem,NSW1
2017-10-27 12:30:00,190.0,gas_ccgt,MW,nem,NSW1
2017-10-27 12:35:00,190.0,gas_ccgt,MW,nem,NSW1
2017-10-27 12:40:00,190.0,gas_ccgt,MW,nem,NSW1
2017-10-27 12:45:00,192.0,gas_ccgt,MW,nem,NSW1
2017-10-27 12:50:00,190.0,gas_ccgt,MW,nem,NSW1
2017-10-27 12:55:00,190.0,gas_ccgt,MW,nem,NSW1
2017-10-27 13:00:00,190.0,gas_ccgt,MW,nem,NSW1
2017-10-27 13:05:00,191.0,gas_ccgt,MW,nem,NSW1
2017-10-27 13:10:00,190.0,gas_ccgt,MW,nem,NSW1
2017-10-27 13:15:00,190.0,gas_ccgt,MW,nem,NSW1
2017-10-27 13:20:00,190.0,gas_ccgt,MW,nem,NSW1
2017-10-27 13:25:00,189.0,gas_ccgt,MW,nem,NSW1
2017-10-27 13:30:00,214.0,gas_ccgt,MW,nem,NSW1
2017-10-27 13:35:00,244.0,gas_ccgt,MW,nem,NSW1
2017-10-27 13:40:00,269.0,gas_ccgt,MW,nem,NSW1
2017-10-27 13:45:00,299.0,gas_ccgt,MW,nem,NSW1
2017-10-27 13:50:00,324.0,gas_ccgt,MW,nem,NSW1
2017-10-27 13:55:00,352.0,gas_ccgt,MW,nem,NSW1
2017-10-27 14:00:00,379.0,gas_ccgt,MW,nem,NSW1
2017-10-27 14:05:00,401.0,gas_ccgt,MW,nem,NSW1
2017-10-27 14:10:00,405.0,gas_ccgt,MW,nem,NSW1
2017-10-27 14:15:00,405.0,gas_ccgt,MW,nem,NSW1
2017-10-27 14:20:00,405.0,gas_ccgt,MW,nem,NSW1
2017-10-27 14:25:00,405.0,gas_ccgt,MW,nem,NSW1
2017-10-27 14:30:00,405.0,gas_ccgt,MW,nem,NSW1
2017-10-27 14:35:00,405.0,gas_ccgt,MW,nem,NSW1
2017-10-27 14:40:00,406.0,gas_ccgt,MW,nem,NSW1
2017-10-27 14:45:00,405.0,gas_ccgt,MW,nem,NSW1
2017-10-27 14:50:00,405.0,gas_ccgt,MW,nem,NSW1
2017-10-27 14:55:00,403.0,gas_ccgt,MW,nem,NSW1
2017-10-27 15:00:00,405.0,gas_ccgt,MW,nem,NSW1
2017-10-27 15:05:00,405.0,gas_ccgt,MW,nem,NSW1
2017-10-27 15:10:00,405.0,gas_ccgt,MW,nem,NSW1
2017-10-27 15:15:00,405.0,gas_ccgt,MW,nem,NSW1
2017-10-27 15:20:00,404.0,gas_ccgt,MW,nem,NSW1
2017-10-27 15:25:00,404.0,gas_ccgt,MW,nem,NSW1
2017-10-27 15:30:00,402.0,gas_ccgt,MW,nem,NSW1
2017-10-27 15:35:00,404.0,gas_ccgt,MW,nem,NSW1
2017-10-27 15:40:00,404.0,gas_ccgt,MW,nem,NSW1
2017-10-27 15:45:00,404.0,gas_ccgt,MW,nem,NSW1
2017-10-27 15:50:00,405.0,gas_ccgt,MW,nem,NSW1
2017-10-27 15:55:00,405.0,gas_ccgt,MW,nem,NSW1
2017-10-27 16:00:00,403.0,gas_ccgt,MW,nem,NSW1
2017-10-27 16:05:00,403.0,gas_ccgt,MW,nem,NSW1
2017-10-27 16:10:00,405.0,gas_ccgt,MW,nem,NSW1
2017-10-27 16:15:00,404.0,gas_ccgt,MW,nem,NSW1
2017-10-27 16:20:00,404.0,gas_ccgt,MW,nem,NSW1
2017-10-27 16:25:00,404.0,gas_ccgt,MW,nem,NSW1
2017-10-27 16:30:00,405.0,gas_ccgt,MW,nem,NSW1
2017-10-27 16:35:00,405.0,gas_ccgt,MW,nem,NSW1
2017-10-27 16:40:00,404.0,gas_ccgt,MW,nem,NSW1
2017-10-27 16:45:00,404.0,gas_ccgt,MW,nem,NSW1
2017-10-27 16:50:00,404.0,gas_ccgt,MW,nem,NSW1
2017-10-27 16:55:00,406.0,gas_ccgt,MW,nem,NSW1
2017-10-27 17:00:00,405.0,gas_ccgt,MW,nem,NSW1
2017-10-27 17:05:00,405.0,gas_ccgt,MW,nem,NSW1
2017-10-27 17:10:00,405.0,gas_ccgt,MW,nem,NSW1
2017-10-27 17:15:00,405.0,gas_ccgt,MW,nem,NSW1
2017-10-27 17:20:00,405.0,gas_ccgt,MW,nem,NSW1
2017-10-27 17:25:00,406.0,gas_ccgt,MW,nem,NSW1
2017-10-27 17:30:00,406.0,gas_ccgt,MW,nem,NSW1
2017-10-27 17:35:00,406.0,gas_ccgt,MW,nem,NSW1
2017-10-27 17:40:00,406.0,gas_ccgt,MW,nem,NSW1
2017-10-27 17:45:00,406.0,gas_ccgt,MW,nem,NSW1
2017-10-27 17:50:00,405.0,gas_ccgt,MW,nem,NSW1
2017-10-27 17:55:00,406.0,gas_ccgt,MW,nem,NSW1
2017-10-27 18:00:00,406.0,gas_ccgt,MW,nem,NSW1
2017-10-27 18:05:00,406.0,gas_ccgt,MW,nem,NSW1
2017-10-27 18:10:00,406.0,gas_ccgt,MW,nem,NSW1
2017-10-27 18:15:00,406.0,gas_ccgt,MW,nem,NSW1
2017-10-27 18:20:00,406.0,gas_ccgt,MW,nem,NSW1
2017-10-27 18:25:00,406.0,gas_ccgt,MW,nem,NSW1
2017-10-27 18:30:00,406.0,gas_ccgt,MW,nem,NSW1
2017-10-27 18:35:00,406.0,gas_ccgt,MW,nem,NSW1
2017-10-27 18:40:00,406.0,gas_ccgt,MW,nem,NSW1
2017-10-27 18:45:00,406.0,gas_ccgt,MW,nem,NSW1
2017-10-27 18:50:00,406.0,gas_ccgt,MW,nem,NSW1
2017-10-27 18:55:00,406.0,gas_ccgt,MW,nem,NSW1
2017-10-27 19:00:00,406.0,gas_ccgt,MW,nem,NSW1
2017-10-27 19:05:00,406.0,gas_ccgt,MW,nem,NSW1
2017-10-27 19:10:00,406.0,gas_ccgt,MW,nem,NSW1
2017-10-27 19:15:00,409.0,gas_ccgt,MW,nem,NSW1
2017-10-27 19:20:00,405.0,gas_ccgt,MW,nem,NSW1
2017-10-27 19:25:00,407.0,gas_ccgt,MW,nem,NSW1
2017-10-27 19:30:00,406.0,gas_ccgt,MW,nem,NSW1
2017-10-27 19:35:00,408.0,gas_ccgt,MW,nem,NSW1
2017-10-27 19:40:00,407.0,gas_ccgt,MW,nem,NSW1
2017-10-27 19:45:00,407.0,gas_ccgt,MW,nem,NSW1
2017-10-27 19:50:00,407.0,gas_ccgt,MW,nem,NSW1
2017-10-27 19:55:00,407.0,gas_ccgt,MW,nem,NSW1
2017-10-27 20:00:00,407.0,gas_ccgt,MW,nem,NSW1
2017-10-27 20:05:00,407.0,gas_ccgt,MW,nem,NSW1
2017-10-27 20:10:00,407.0,gas_ccgt,MW,nem,NSW1
2017-10-27 20:15:00,406.0,gas_ccgt,MW,nem,NSW1
2017-10-27 20:20:00,408.0,gas_ccgt,MW,nem,NSW1
2017-10-27 20:25:00,406.0,gas_ccgt,MW,nem,NSW1
2017-10-27 20:30:00,406.0,gas_ccgt,MW,nem,NSW1
2017-10-27 20:35:00,407.0,gas_ccgt,MW,nem,NSW1
2017-10-27 20:40:00,407.0,gas_ccgt,MW,nem,NSW1
2017-10-27 20:45:00,407.0,gas_ccgt,MW,nem,NSW1
2017-10-27 20:50:00,407.0,gas_ccgt,MW,nem,NSW1
2017-10-27 20:55:00,407.0,gas_ccgt,MW,nem,NSW1
2017-10-27 21:00:00,408.0,gas_ccgt,MW,nem,NSW1
2017-10-27 21:05:00,409.0,gas_ccgt,MW,nem,NSW1
2017-10-27 21:10:00,408.0,gas_ccgt,MW,nem,NSW1
2017-10-27 21:15:00,408.0,gas_ccgt,MW,nem,NSW1
2017-10-27 21:20:00,408.0,gas_ccgt,MW,nem,NSW1
2017-10-27 21:25:00,408.0,gas_ccgt,MW,nem,NSW1
2017-10-27 21:30:00,409.0,gas_ccgt,MW,nem,NSW1
2017-10-27 21:35:00,408.0,gas_ccgt,MW,nem,NSW1
2017-10-27 21:40:00,407.0,gas_ccgt,MW,nem,NSW1
2017-10-27 21:45:00,407.0,gas_ccgt,MW,nem,NSW1
2017-10-27 21:50:00,409.0,gas_ccgt,MW,nem,NSW1
2017-10-27 21:55:00,407.0,gas_ccgt,MW,nem,NSW1
2017-10-27 22:00:00,408.0,gas_ccgt,MW,nem,NSW1
2017-10-27 22:05:00,408.0,gas_ccgt,MW,nem,NSW1
2017-10-27 22:10:00,408.0,gas_ccgt,MW,nem,NSW1
2017-10-27 22:15:00,408.0,gas_ccgt,MW,nem,NSW1
2017-10-27 22:20:00,409.0,gas_ccgt,MW,nem,NSW1
2017-10-27 22:25:00,409.0,gas_ccgt,MW,nem,NSW1
2017-10-27 22:30:00,410.0,gas_ccgt,MW,nem,NSW1
2017-10-27 22:35:00,410.0,gas_ccgt,MW,nem,NSW1
2017-10-27 22:40:00,408.0,gas_ccgt,MW,nem,NSW1
2017-10-27 22:45:00,408.0,gas_ccgt,MW,nem,NSW1
2017-10-27 22:50:00,410.0,gas_ccgt,MW,nem,NSW1
2017-10-27 22:55:00,410.0,gas_ccgt,MW,nem,NSW1
2017-10-27 23:00:00,410.0,gas_ccgt,MW,nem,NSW1
2017-10-27 23:05:00,410.0,gas_ccgt,MW,nem,NSW1
2017-10-27 23:10:00,408.0,gas_ccgt,MW,nem,NSW1
2017-10-27 23:15:00,408.0,gas_ccgt,MW,nem,NSW1
2017-10-27 23:20:00,408.0,gas_ccgt,MW,nem,NSW1
2017-10-27 23:25:00,408.0,gas_ccgt,MW,nem,NSW1
2017-10-27 23:30:00,408.0,gas_ccgt,MW,nem,NSW1
2017-10-27 23:35:00,408.0,gas_ccgt,MW,nem,NSW1
2017-10-27 23:40:00,408.0,gas_ccgt,MW,nem,NSW1
2017-10-27 23:45:00,408.0,gas_ccgt,MW,nem,NSW1
2017-10-27 23:50:00,408.0,gas_ccgt,MW,nem,NSW1
2017-10-27 23:55:00,408.0,gas_ccgt,MW,nem,NSW1
2017-10-28 00:00:00,409.0,gas_ccgt,MW,nem,NSW1
2017-10-28 00:05:00,409.0,gas_ccgt,MW,nem,NSW1
2017-10-28 00:10:00,409.0,gas_ccgt,MW,nem,NSW1
2017-10-28 00:15:00,407.0,gas_ccgt,MW,nem,NSW1
2017-10-28 00:20:00,407.0,gas_ccgt,MW,nem,NSW1
2017-10-28 00:25:00,407.0,gas_ccgt,MW,nem,NSW1
2017-10-28 00:30:00,408.0,gas_ccgt,MW,nem,NSW1
2017-10-28 00:35:00,408.0,gas_ccgt,MW,nem,NSW1
2017-10-28 00:40:00,406.0,gas_ccgt,MW,nem,NSW1
2017-10-28 00:45:00,408.0,gas_ccgt,MW,nem,NSW1
2017-10-28 00:50:00,408.0,gas_ccgt,MW,nem,NSW1
2017-10-28 00:55:00,407.0,gas_ccgt,MW,nem,NSW1
2017-10-28 01:00:00,406.0,gas_ccgt,MW,nem,NSW1
2017-10-28 01:05:00,408.0,gas_ccgt,MW,nem,NSW1
2017-10-28 01:10:00,408.0,gas_ccgt,MW,nem,NSW1
2017-10-28 01:15:00,408.0,gas_ccgt,MW,nem,NSW1
2017-10-28 01:20:00,408.0,gas_ccgt,MW,nem,NSW1
2017-10-28 01:25:00,406.0,gas_ccgt,MW,nem,NSW1
2017-10-28 01:30:00,407.0,gas_ccgt,MW,nem,NSW1
2017-10-28 01:35:00,407.0,gas_ccgt,MW,nem,NSW1
2017-10-28 01:40:00,406.0,gas_ccgt,MW,nem,NSW1
2017-10-28 01:45:00,407.0,gas_ccgt,MW,nem,NSW1
2017-10-28 01:50:00,407.0,gas_ccgt,MW,nem,NSW1
2017-10-28 01:55:00,407.0,gas_ccgt,MW,nem,NSW1
2017-10-28 02:00:00,407.0,gas_ccgt,MW,nem,NSW1
2017-10-28 02:05:00,407.0,gas_ccgt,MW,nem,NSW1
2017-10-28 02:10:00,407.0,gas_ccgt,MW,nem,NSW1
2017-10-28 02:15:00,407.0,gas_ccgt,MW,nem,NSW1
2017-10-28 02:20:00,406.0,gas_ccgt,MW,nem,NSW1
2017-10-28 02:25:00,408.0,gas_ccgt,MW,nem,NSW1
2017-10-28 02:30:00,406.0,gas_ccgt,MW,nem,NSW1
2017-10-28 02:35:00,406.0,gas_ccgt,MW,nem,NSW1
2017-10-28 02:40:00,407.0,gas_ccgt,MW,nem,NSW1
2017-10-28 02:45:00,406.0,gas_ccgt,MW,nem,NSW1
2017-10-28 02:50:00,406.0,gas_ccgt,MW,nem,NSW1
2017-10-28 02:55:00,408.0,gas_ccgt,MW,nem,NSW1
2017-10-28 03:00:00,406.0,gas_ccgt,MW,nem,NSW1
2017-10-28 03:05:00,408.0,gas_ccgt,MW,nem,NSW1
2017-10-28 03:10:00,408.0,gas_ccgt,MW,nem,NSW1
2017-10-28 03:15:00,408.0,gas_ccgt,MW,nem,NSW1
2017-10-28 03:20:00,408.0,gas_ccgt,MW,nem,NSW1
2017-10-28 03:25:00,408.0,gas_ccgt,MW,nem,NSW1
2017-10-28 03:30:00,408.0,gas_ccgt,MW,nem,NSW1
2017-10-28 03:35:00,409.0,gas_ccgt,MW,nem,NSW1
2017-10-28 03:40:00,409.0,gas_ccgt,MW,nem,NSW1
2017-10-28 03:45:00,407.0,gas_ccgt,MW,nem,NSW1
2017-10-28 03:50:00,408.0,gas_ccgt,MW,nem,NSW1
2017-10-28 03:55:00,408.0,gas_ccgt,MW,nem,NSW1
2017-10-28 04:00:00,409.0,gas_ccgt,MW,nem,NSW1
2017-10-28 04:05:00,407.0,gas_ccgt,MW,nem,NSW1
2017-10-28 04:10:00,409.0,gas_ccgt,MW,nem,NSW1
2017-10-28 04:15:00,408.0,gas_ccgt,MW,nem,NSW1
2017-10-28 04:20:00,408.0,gas_ccgt,MW,nem,NSW1
2017-10-28 04:25:00,409.0,gas_ccgt,MW,nem,NSW1
2017-10-28 04:30:00,409.0,gas_ccgt,MW,nem,NSW1
2017-10-28 04:35:00,409.0,gas_ccgt,MW,nem,NSW1
2017-10-28 04:40:00,407.0,gas_ccgt,MW,nem,NSW1
2017-10-28 04:45:00,408.0,gas_ccgt,MW,nem,NSW1
2017-10-28 04:50:00,408.0,gas_ccgt,MW,nem,NSW1
2017-10-28 04:55:00,408.0,gas_ccgt,MW,nem,NSW1
2017-10-28 05:00:00,408.0,gas_ccgt,MW,nem,NSW1
2017-10-28 05:05:00,409.0,gas_ccgt,MW,nem,NSW1
2017-10-28 05:10:00,408.0,gas_ccgt,MW,nem,NSW1
2017-10-28 05:15:00,409.0,gas_ccgt,MW,nem,NSW1
2017-10-28 05:20:00,409.0,gas_ccgt,MW,nem,NSW1
2017-10-28 05:25:00,410.0,gas_ccgt,MW,nem,NSW1
2017-10-28 05:30:00,408.0,gas_ccgt,MW,nem,NSW1
2017-10-28 05:35:00,408.0,gas_ccgt,MW,nem,NSW1
2017-10-28 05:40:00,408.0,gas_ccgt,MW,nem,NSW1
2017-10-28 05:45:00,408.0,gas_ccgt,MW,nem,NSW1
2017-10-28 05:50:00,408.0,gas_ccgt,MW,nem,NSW1
2017-10-28 05:55:00,408.0,gas_ccgt,MW,nem,NSW1
2017-10-28 06:00:00,408.0,gas_ccgt,MW,nem,NSW1
2017-10-28 06:05:00,408.0,gas_ccgt,MW,nem,NSW1
2017-10-28 06:10:00,408.0,gas_ccgt,MW,nem,NSW1
2017-10-28 06:15:00,409.0,gas_ccgt,MW,nem,NSW1
2017-10-28 06:20:00,407.0,gas_ccgt,MW,nem,NSW1
2017-10-28 06:25:00,408.0,gas_ccgt,MW,nem,NSW1
2017-10-28 06:30:00,408.0,gas_ccgt,MW,nem,NSW1
2017-10-28 06:35:00,408.0,gas_ccgt,MW,nem,NSW1
2017-10-28 06:40:00,408.0,gas_ccgt,MW,nem,NSW1
2017-10-28 06:45:00,408.0,gas_ccgt,MW,nem,NSW1
2017-10-28 06:50:00,407.0,gas_ccgt,MW,nem,NSW1
2017-10-28 06:55:00,407.0,gas_ccgt,MW,nem,NSW1
2017-10-28 07:00:00,407.0,gas_ccgt,MW,nem,NSW1
2017-10-28 07:05:00,407.0,gas_ccgt,MW,nem,NSW1
2017-10-28 07:10:00,407.0,gas_ccgt,MW,nem,NSW1
2017-10-28 07:15:00,408.0,gas_ccgt,MW,nem,NSW1
2017-10-28 07:20:00,406.0,gas_ccgt,MW,nem,NSW1
2017-10-28 07:25:00,407.0,gas_ccgt,MW,nem,NSW1
2017-10-28 07:30:00,406.0,gas_ccgt,MW,nem,NSW1
2017-10-28 07:35:00,406.0,gas_ccgt,MW,nem,NSW1
2017-10-28 07:40:00,408.0,gas_ccgt,MW,nem,NSW1
2017-10-28 07:45:00,406.0,gas_ccgt,MW,nem,NSW1
2017-10-28 07:50:00,406.0,gas_ccgt,MW,nem,NSW1
2017-10-28 07:55:00,406.0,gas_ccgt,MW,nem,NSW1
2017-10-28 08:00:00,406.0,gas_ccgt,MW,nem,NSW1
2017-10-28 08:05:00,406.0,gas_ccgt,MW,nem,NSW1
2017-10-28 08:10:00,406.0,gas_ccgt,MW,nem,NSW1
2017-10-28 08:15:00,406.0,gas_ccgt,MW,nem,NSW1
2017-10-28 08:20:00,405.0,gas_ccgt,MW,nem,NSW1
2017-10-28 08:25:00,404.0,gas_ccgt,MW,nem,NSW1
2017-10-28 08:30:00,404.0,gas_ccgt,MW,nem,NSW1
2017-10-28 08:35:00,404.0,gas_ccgt,MW,nem,NSW1
2017-10-28 08:40:00,403.0,gas_ccgt,MW,nem,NSW1
2017-10-28 08:45:00,405.0,gas_ccgt,MW,nem,NSW1
2017-10-28 08:50:00,403.0,gas_ccgt,MW,nem,NSW1
2017-10-28 08:55:00,403.0,gas_ccgt,MW,nem,NSW1
2017-10-28 09:00:00,403.0,gas_ccgt,MW,nem,NSW1
2017-10-28 09:05:00,403.0,gas_ccgt,MW,nem,NSW1
2017-10-28 09:10:00,403.0,gas_ccgt,MW,nem,NSW1
2017-10-28 09:15:00,404.0,gas_ccgt,MW,nem,NSW1
2017-10-28 09:20:00,405.0,gas_ccgt,MW,nem,NSW1
2017-10-28 09:25:00,404.0,gas_ccgt,MW,nem,NSW1
2017-10-28 09:30:00,403.0,gas_ccgt,MW,nem,NSW1
2017-10-28 09:35:00,403.0,gas_ccgt,MW,nem,NSW1
2017-10-28 09:40:00,401.0,gas_ccgt,MW,nem,NSW1
2017-10-28 09:45:00,402.0,gas_ccgt,MW,nem,NSW1
2017-10-28 09:50:00,401.0,gas_ccgt,MW,nem,NSW1
2017-10-28 09:55:00,402.0,gas_ccgt,MW,nem,NSW1
2017-10-28 10:00:00,402.0,gas_ccgt,MW,nem,NSW1
2017-10-28 10:05:00,402.0,gas_ccgt,MW,nem,NSW1
2017-10-28 10:10:00,403.0,gas_ccgt,MW,nem,NSW1
2017-10-28 10:15:00,401.0,gas_ccgt,MW,nem,NSW1
2017-10-28 10:20:00,401.0,gas_ccgt,MW,nem,NSW1
2017-10-28 10:25:00,401.0,gas_ccgt,MW,nem,NSW1
2017-10-28 10:30:00,402.0,gas_ccgt,MW,nem,NSW1
2017-10-28 10:35:00,401.0,gas_ccgt,MW,nem,NSW1
2017-10-28 10:40:00,400.0,gas_ccgt,MW,nem,NSW1
2017-10-28 10:45:00,400.0,gas_ccgt,MW,nem,NSW1
2017-10-28 10:50:00,401.0,gas_ccgt,MW,nem,NSW1
2017-10-28 10:55:00,401.0,gas_ccgt,MW,nem,NSW1
2017-10-28 11:00:00,400.0,gas_ccgt,MW,nem,NSW1
2017-10-28 11:05:00,400.0,gas_ccgt,MW,nem,NSW1
2017-10-28 11:10:00,402.0,gas_ccgt,MW,nem,NSW1
2017-10-28 11:15:00,402.0,gas_ccgt,MW,nem,NSW1
2017-10-28 11:20:00,400.0,gas_ccgt,MW,nem,NSW1
2017-10-28 11:25:00,400.0,gas_ccgt,MW,nem,NSW1
2017-10-28 11:30:00,401.0,gas_ccgt,MW,nem,NSW1
2017-10-28 11:35:00,401.0,gas_ccgt,MW,nem,NSW1
2017-10-28 11:40:00,401.0,gas_ccgt,MW,nem,NSW1
2017-10-28 11:45:00,400.0,gas_ccgt,MW,nem,NSW1
2017-10-28 11:50:00,400.0,gas_ccgt,MW,nem,NSW1
2017-10-28 11:55:00,400.0,gas_ccgt,MW,nem,NSW1
2017-10-28 12:00:00,400.0,gas_ccgt,MW,nem,NSW1
2017-10-28 12:05:00,401.0,gas_ccgt,MW,nem,NSW1
2017-10-28 12:10:00,399.0,gas_ccgt,MW,nem,NSW1
2017-10-28 12:15:00,399.0,gas_ccgt,MW,nem,NSW1
2017-10-28 12:20:00,399.0,gas_ccgt,MW,nem,NSW1
2017-10-28 12:25:00,401.0,gas_ccgt,MW,nem,NSW1
2017-10-28 12:30:00,401.0,gas_ccgt,MW,nem,NSW1
2017-10-28 12:35:00,401.0,gas_ccgt,MW,nem,NSW1
2017-10-28 12:40:00,403.0,gas_ccgt,MW,nem,NSW1
2017-10-28 12:45:00,401.0,gas_ccgt,MW,nem,NSW1
2017-10-28 12:50:00,403.0,gas_ccgt,MW,nem,NSW1
2017-10-28 12:55:00,401.0,gas_ccgt,MW,nem,NSW1
2017-10-28 13:00:00,401.0,gas_ccgt,MW,nem,NSW1
2017-10-28 13:05:00,401.0,gas_ccgt,MW,nem,NSW1
2017-10-28 13:10:00,402.0,gas_ccgt,MW,nem,NSW1
2017-10-28 13:15:00,402.0,gas_ccgt,MW,nem,NSW1
2017-10-28 13:20:00,402.0,gas_ccgt,MW,nem,NSW1
2017-10-28 13:25:00,402.0,gas_ccgt,MW,nem,NSW1
2017-10-28 13:30:00,402.0,gas_ccgt,MW,nem,NSW1
2017-10-28 13:35:00,402.0,gas_ccgt,MW,nem,NSW1
2017-10-28 13:40:00,402.0,gas_ccgt,MW,nem,NSW1
2017-10-28 13:45:00,402.0,gas_ccgt,MW,nem,NSW1
2017-10-28 13:50:00,402.0,gas_ccgt,MW,nem,NSW1
2017-10-28 13:55:00,402.0,gas_ccgt,MW,nem,NSW1
2017-10-28 14:00:00,401.0,gas_ccgt,MW,nem,NSW1
2017-10-28 14:05:00,402.0,gas_ccgt,MW,nem,NSW1
2017-10-28 14:10:00,402.0,gas_ccgt,MW,nem,NSW1
2017-10-28 14:15:00,401.0,gas_ccgt,MW,nem,NSW1
2017-10-28 14:20:00,401.0,gas_ccgt,MW,nem,NSW1
2017-10-28 14:25:00,402.0,gas_ccgt,MW,nem,NSW1
2017-10-28 14:30:00,400.0,gas_ccgt,MW,nem,NSW1
2017-10-28 14:35:00,401.0,gas_ccgt,MW,nem,NSW1
2017-10-28 14:40:00,401.0,gas_ccgt,MW,nem,NSW1
2017-10-28 14:45:00,401.0,gas_ccgt,MW,nem,NSW1
2017-10-28 14:50:00,400.0,gas_ccgt,MW,nem,NSW1
2017-10-28 14:55:00,400.0,gas_ccgt,MW,nem,NSW1
2017-10-28 15:00:00,400.0,gas_ccgt,MW,nem,NSW1
2017-10-28 15:05:00,400.0,gas_ccgt,MW,nem,NSW1
2017-10-28 15:10:00,400.0,gas_ccgt,MW,nem,NSW1
2017-10-28 15:15:00,400.0,gas_ccgt,MW,nem,NSW1
2017-10-28 15:20:00,400.0,gas_ccgt,MW,nem,NSW1
2017-10-28 15:25:00,400.0,gas_ccgt,MW,nem,NSW1
2017-10-28 15:30:00,400.0,gas_ccgt,MW,nem,NSW1
2017-10-28 15:35:00,400.0,gas_ccgt,MW,nem,NSW1
2017-10-28 15:40:00,398.0,gas_ccgt,MW,nem,NSW1
2017-10-28 15:45:00,400.0,gas_ccgt,MW,nem,NSW1
2017-10-28 15:50:00,400.0,gas_ccgt,MW,nem,NSW1
2017-10-28 15:55:00,400.0,gas_ccgt,MW,nem,NSW1
2017-10-28 16:00:00,400.0,gas_ccgt,MW,nem,NSW1
2017-10-28 16:05:00,400.0,gas_ccgt,MW,nem,NSW1
2017-10-28 16:10:00,401.0,gas_ccgt,MW,nem,NSW1
2017-10-28 16:15:00,401.0,gas_ccgt,MW,nem,NSW1
2017-10-28 16:20:00,399.0,gas_ccgt,MW,nem,NSW1
2017-10-28 16:25:00,401.0,gas_ccgt,MW,nem,NSW1
2017-10-28 16:30:00,399.0,gas_ccgt,MW,nem,NSW1
2017-10-28 16:35:00,399.0,gas_ccgt,MW,nem,NSW1
2017-10-28 16:40:00,399.0,gas_ccgt,MW,nem,NSW1
2017-10-28 16:45:00,399.0,gas_ccgt,MW,nem,NSW1
2017-10-28 16:50:00,400.0,gas_ccgt,MW,nem,NSW1
2017-10-28 16:55:00,400.0,gas_ccgt,MW,nem,NSW1
2017-10-28 17:00:00,400.0,gas_ccgt,MW,nem,NSW1
2017-10-28 17:05:00,400.0,gas_ccgt,MW,nem,NSW1
2017-10-28 17:10:00,402.0,gas_ccgt,MW,nem,NSW1
2017-10-28 17:15:00,400.0,gas_ccgt,MW,nem,NSW1
2017-10-28 17:20:00,402.0,gas_ccgt,MW,nem,NSW1
2017-10-28 17:25:00,400.0,gas_ccgt,MW,nem,NSW1
2017-10-28 17:30:00,402.0,gas_ccgt,MW,nem,NSW1
2017-10-28 17:35:00,400.0,gas_ccgt,MW,nem,NSW1
2017-10-28 17:40:00,402.0,gas_ccgt,MW,nem,NSW1
2017-10-28 17:45:00,400.0,gas_ccgt,MW,nem,NSW1
2017-10-28 17:50:00,402.0,gas_ccgt,MW,nem,NSW1
2017-10-28 17:55:00,401.0,gas_ccgt,MW,nem,NSW1
2017-10-28 18:00:00,402.0,gas_ccgt,MW,nem,NSW1
2017-10-28 18:05:00,400.0,gas_ccgt,MW,nem,NSW1
2017-10-28 18:10:00,402.0,gas_ccgt,MW,nem,NSW1
2017-10-28 18:15:00,402.0,gas_ccgt,MW,nem,NSW1
2017-10-28 18:20:00,402.0,gas_ccgt,MW,nem,NSW1
2017-10-28 18:25:00,402.0,gas_ccgt,MW,nem,NSW1
2017-10-28 18:30:00,402.0,gas_ccgt,MW,nem,NSW1
2017-10-28 18:35:00,402.0,gas_ccgt,MW,nem,NSW1
2017-10-28 18:40:00,402.0,gas_ccgt,MW,nem,NSW1
2017-10-28 18:45:00,402.0,gas_ccgt,MW,nem,NSW1
2017-10-28 18:50:00,402.0,gas_ccgt,MW,nem,NSW1
2017-10-28 18:55:00,402.0,gas_ccgt,MW,nem,NSW1
2017-10-28 19:00:00,402.0,gas_ccgt,MW,nem,NSW1
2017-10-28 19:05:00,402.0,gas_ccgt,MW,nem,NSW1
2017-10-28 19:10:00,402.0,gas_ccgt,MW,nem,NSW1
2017-10-28 19:15:00,403.0,gas_ccgt,MW,nem,NSW1
2017-10-28 19:20:00,403.0,gas_ccgt,MW,nem,NSW1
2017-10-28 19:25:00,403.0,gas_ccgt,MW,nem,NSW1
2017-10-28 19:30:00,403.0,gas_ccgt,MW,nem,NSW1
2017-10-28 19:35:00,403.0,gas_ccgt,MW,nem,NSW1
2017-10-28 19:40:00,403.0,gas_ccgt,MW,nem,NSW1
2017-10-28 19:45:00,403.0,gas_ccgt,MW,nem,NSW1
2017-10-28 19:50:00,403.0,gas_ccgt,MW,nem,NSW1
2017-10-28 19:55:00,403.0,gas_ccgt,MW,nem,NSW1
2017-10-28 20:00:00,403.0,gas_ccgt,MW,nem,NSW1
2017-10-28 20:05:00,403.0,gas_ccgt,MW,nem,NSW1
2017-10-28 20:10:00,404.0,gas_ccgt,MW,nem,NSW1
2017-10-28 20:15:00,404.0,gas_ccgt,MW,nem,NSW1
2017-10-28 20:20:00,404.0,gas_ccgt,MW,nem,NSW1
2017-10-28 20:25:00,404.0,gas_ccgt,MW,nem,NSW1
2017-10-28 20:30:00,402.0,gas_ccgt,MW,nem,NSW1
2017-10-28 20:35:00,404.0,gas_ccgt,MW,nem,NSW1
2017-10-28 20:40:00,402.0,gas_ccgt,MW,nem,NSW1
2017-10-28 20:45:00,404.0,gas_ccgt,MW,nem,NSW1
2017-10-28 20:50:00,403.0,gas_ccgt,MW,nem,NSW1
2017-10-28 20:55:00,405.0,gas_ccgt,MW,nem,NSW1
2017-10-28 21:00:00,403.0,gas_ccgt,MW,nem,NSW1
2017-10-28 21:05:00,403.0,gas_ccgt,MW,nem,NSW1
2017-10-28 21:10:00,403.0,gas_ccgt,MW,nem,NSW1
2017-10-28 21:15:00,403.0,gas_ccgt,MW,nem,NSW1
2017-10-28 21:20:00,403.0,gas_ccgt,MW,nem,NSW1
2017-10-28 21:25:00,403.0,gas_ccgt,MW,nem,NSW1
2017-10-28 21:30:00,403.0,gas_ccgt,MW,nem,NSW1
2017-10-28 21:35:00,402.0,gas_ccgt,MW,nem,NSW1
2017-10-28 21:40:00,404.0,gas_ccgt,MW,nem,NSW1
2017-10-28 21:45:00,403.0,gas_ccgt,MW,nem,NSW1
2017-10-28 21:50:00,403.0,gas_ccgt,MW,nem,NSW1
2017-10-28 21:55:00,403.0,gas_ccgt,MW,nem,NSW1
2017-10-28 22:00:00,403.0,gas_ccgt,MW,nem,NSW1
2017-10-28 22:05:00,404.0,gas_ccgt,MW,nem,NSW1
2017-10-28 22:10:00,404.0,gas_ccgt,MW,nem,NSW1
2017-10-28 22:15:00,403.0,gas_ccgt,MW,nem,NSW1
2017-10-28 22:20:00,405.0,gas_ccgt,MW,nem,NSW1
2017-10-28 22:25:00,404.0,gas_ccgt,MW,nem,NSW1
2017-10-28 22:30:00,402.0,gas_ccgt,MW,nem,NSW1
2017-10-28 22:35:00,404.0,gas_ccgt,MW,nem,NSW1
2017-10-28 22:40:00,404.0,gas_ccgt,MW,nem,NSW1
2017-10-28 22:45:00,403.0,gas_ccgt,MW,nem,NSW1
2017-10-28 22:50:00,403.0,gas_ccgt,MW,nem,NSW1
2017-10-28 22:55:00,403.0,gas_ccgt,MW,nem,NSW1
2017-10-28 23:00:00,405.0,gas_ccgt,MW,nem,NSW1
2017-10-28 23:05:00,403.0,gas_ccgt,MW,nem,NSW1
2017-10-28 23:10:00,403.0,gas_ccgt,MW,nem,NSW1
2017-10-28 23:15:00,403.0,gas_ccgt,MW,nem,NSW1
2017-10-28 23:20:00,403.0,gas_ccgt,MW,nem,NSW1
2017-10-28 23:25:00,403.0,gas_ccgt,MW,nem,NSW1
2017-10-28 23:30:00,403.0,gas_ccgt,MW,nem,NSW1
2017-10-28 23:35:00,405.0,gas_ccgt,MW,nem,NSW1
2017-10-28 23:40:00,403.0,gas_ccgt,MW,nem,NSW1
2017-10-28 23:45:00,403.0,gas_ccgt,MW,nem,NSW1
2017-10-28 23:50:00,405.0,gas_ccgt,MW,nem,NSW1
2017-10-28 23:55:00,403.0,gas_ccgt,MW,nem,NSW1
2017-10-29 00:00:00,403.0,gas_ccgt,MW,nem,NSW1
2017-10-29 00:05:00,404.0,gas_ccgt,MW,nem,NSW1
2017-10-29 00:10:00,404.0,gas_ccgt,MW,nem,NSW1
2017-10-29 00:15:00,404.0,gas_ccgt,MW,nem,NSW1
2017-10-29 00:20:00,404.0,gas_ccgt,MW,nem,NSW1
2017-10-29 00:25:00,404.0,gas_ccgt,MW,nem,NSW1
2017-10-29 00:30:00,404.0,gas_ccgt,MW,nem,NSW1
2017-10-29 00:35:00,404.0,gas_ccgt,MW,nem,NSW1
2017-10-29 00:40:00,404.0,gas_ccgt,MW,nem,NSW1
2017-10-29 00:45:00,404.0,gas_ccgt,MW,nem,NSW1
2017-10-29 00:50:00,404.0,gas_ccgt,MW,nem,NSW1
2017-10-29 00:55:00,404.0,gas_ccgt,MW,nem,NSW1
2017-10-29 01:00:00,404.0,gas_ccgt,MW,nem,NSW1
2017-10-29 01:05:00,404.0,gas_ccgt,MW,nem,NSW1
2017-10-29 01:10:00,404.0,gas_ccgt,MW,nem,NSW1
2017-10-29 01:15:00,404.0,gas_ccgt,MW,nem,NSW1
2017-10-29 01:20:00,402.0,gas_ccgt,MW,nem,NSW1
2017-10-29 01:25:00,402.0,gas_ccgt,MW,nem,NSW1
2017-10-29 01:30:00,402.0,gas_ccgt,MW,nem,NSW1
2017-10-29 01:35:00,404.0,gas_ccgt,MW,nem,NSW1
2017-10-29 01:40:00,404.0,gas_ccgt,MW,nem,NSW1
2017-10-29 01:45:00,404.0,gas_ccgt,MW,nem,NSW1
2017-10-29 01:50:00,404.0,gas_ccgt,MW,nem,NSW1
2017-10-29 01:55:00,404.0,gas_ccgt,MW,nem,NSW1
2017-10-29 02:00:00,404.0,gas_ccgt,MW,nem,NSW1
2017-10-29 02:05:00,404.0,gas_ccgt,MW,nem,NSW1
2017-10-29 02:10:00,404.0,gas_ccgt,MW,nem,NSW1
2017-10-29 02:15:00,402.0,gas_ccgt,MW,nem,NSW1
2017-10-29 02:20:00,404.0,gas_ccgt,MW,nem,NSW1
2017-10-29 02:25:00,404.0,gas_ccgt,MW,nem,NSW1
2017-10-29 02:30:00,404.0,gas_ccgt,MW,nem,NSW1
2017-10-29 02:35:00,404.0,gas_ccgt,MW,nem,NSW1
2017-10-29 02:40:00,404.0,gas_ccgt,MW,nem,NSW1
2017-10-29 02:45:00,404.0,gas_ccgt,MW,nem,NSW1
2017-10-29 02:50:00,404.0,gas_ccgt,MW,nem,NSW1
2017-10-29 02:55:00,404.0,gas_ccgt,MW,nem,NSW1
2017-10-29 03:00:00,404.0,gas_ccgt,MW,nem,NSW1
2017-10-29 03:05:00,404.0,gas_ccgt,MW,nem,NSW1
2017-10-29 03:10:00,404.0,gas_ccgt,MW,nem,NSW1
2017-10-29 03:15:00,404.0,gas_ccgt,MW,nem,NSW1
2017-10-29 03:20:00,403.0,gas_ccgt,MW,nem,NSW1
2017-10-29 03:25:00,403.0,gas_ccgt,MW,nem,NSW1
2017-10-29 03:30:00,403.0,gas_ccgt,MW,nem,NSW1
2017-10-29 03:35:00,383.0,gas_ccgt,MW,nem,NSW1
2017-10-29 03:40:00,398.0,gas_ccgt,MW,nem,NSW1
2017-10-29 03:45:00,404.0,gas_ccgt,MW,nem,NSW1
2017-10-29 03:50:00,404.0,gas_ccgt,MW,nem,NSW1
2017-10-29 03:55:00,403.0,gas_ccgt,MW,nem,NSW1
2017-10-29 04:00:00,404.0,gas_ccgt,MW,nem,NSW1
2017-10-29 04:05:00,404.0,gas_ccgt,MW,nem,NSW1
2017-10-29 04:10:00,403.0,gas_ccgt,MW,nem,NSW1
2017-10-29 04:15:00,405.0,gas_ccgt,MW,nem,NSW1
2017-10-29 04:20:00,405.0,gas_ccgt,MW,nem,NSW1
2017-10-29 04:25:00,405.0,gas_ccgt,MW,nem,NSW1
2017-10-29 04:30:00,405.0,gas_ccgt,MW,nem,NSW1
2017-10-29 04:35:00,403.0,gas_ccgt,MW,nem,NSW1
2017-10-29 04:40:00,405.0,gas_ccgt,MW,nem,NSW1
2017-10-29 04:45:00,401.0,gas_ccgt,MW,nem,NSW1
2017-10-29 04:50:00,404.0,gas_ccgt,MW,nem,NSW1
2017-10-29 04:55:00,404.0,gas_ccgt,MW,nem,NSW1
2017-10-29 05:00:00,404.0,gas_ccgt,MW,nem,NSW1
2017-10-29 05:05:00,405.0,gas_ccgt,MW,nem,NSW1
2017-10-29 05:10:00,380.0,gas_ccgt,MW,nem,NSW1
2017-10-29 05:15:00,352.0,gas_ccgt,MW,nem,NSW1
2017-10-29 05:20:00,325.0,gas_ccgt,MW,nem,NSW1
2017-10-29 05:25:00,346.0,gas_ccgt,MW,nem,NSW1
2017-10-29 05:30:00,375.0,gas_ccgt,MW,nem,NSW1
2017-10-29 05:35:00,399.0,gas_ccgt,MW,nem,NSW1
2017-10-29 05:40:00,403.0,gas_ccgt,MW,nem,NSW1
2017-10-29 05:45:00,403.0,gas_ccgt,MW,nem,NSW1
2017-10-29 05:50:00,403.0,gas_ccgt,MW,nem,NSW1
2017-10-29 05:55:00,403.0,gas_ccgt,MW,nem,NSW1
2017-10-29 06:00:00,405.0,gas_ccgt,MW,nem,NSW1
2017-10-29 06:05:00,404.0,gas_ccgt,MW,nem,NSW1
2017-10-29 06:10:00,404.0,gas_ccgt,MW,nem,NSW1
2017-10-29 06:15:00,404.0,gas_ccgt,MW,nem,NSW1
2017-10-29 06:20:00,404.0,gas_ccgt,MW,nem,NSW1
2017-10-29 06:25:00,403.0,gas_ccgt,MW,nem,NSW1
2017-10-29 06:30:00,401.0,gas_ccgt,MW,nem,NSW1
2017-10-29 06:35:00,405.0,gas_ccgt,MW,nem,NSW1
2017-10-29 06:40:00,403.0,gas_ccgt,MW,nem,NSW1
2017-10-29 06:45:00,403.0,gas_ccgt,MW,nem,NSW1
2017-10-29 06:50:00,403.0,gas_ccgt,MW,nem,NSW1
2017-10-29 06:55:00,404.0,gas_ccgt,MW,nem,NSW1
2017-10-29 07:00:00,404.0,gas_ccgt,MW,nem,NSW1
2017-10-29 07:05:00,403.0,gas_ccgt,MW,nem,NSW1
2017-10-29 07:10:00,403.0,gas_ccgt,MW,nem,NSW1
2017-10-29 07:15:00,403.0,gas_ccgt,MW,nem,NSW1
2017-10-29 07:20:00,403.0,gas_ccgt,MW,nem,NSW1
2017-10-29 07:25:00,405.0,gas_ccgt,MW,nem,NSW1
2017-10-29 07:30:00,403.0,gas_ccgt,MW,nem,NSW1
2017-10-29 07:35:00,404.0,gas_ccgt,MW,nem,NSW1
2017-10-29 07:40:00,404.0,gas_ccgt,MW,nem,NSW1
2017-10-29 07:45:00,404.0,gas_ccgt,MW,nem,NSW1
2017-10-29 07:50:00,404.0,gas_ccgt,MW,nem,NSW1
2017-10-29 07:55:00,405.0,gas_ccgt,MW,nem,NSW1
2017-10-29 08:00:00,403.0,gas_ccgt,MW,nem,NSW1
2017-10-29 08:05:00,403.0,gas_ccgt,MW,nem,NSW1
2017-10-29 08:10:00,405.0,gas_ccgt,MW,nem,NSW1
2017-10-29 08:15:00,402.0,gas_ccgt,MW,nem,NSW1
2017-10-29 08:20:00,402.0,gas_ccgt,MW,nem,NSW1
2017-10-29 08:25:00,404.0,gas_ccgt,MW,nem,NSW1
2017-10-29 08:30:00,405.0,gas_ccgt,MW,nem,NSW1
2017-10-29 08:35:00,403.0,gas_ccgt,MW,nem,NSW1
2017-10-29 08:40:00,403.0,gas_ccgt,MW,nem,NSW1
2017-10-29 08:45:00,403.0,gas_ccgt,MW,nem,NSW1
2017-10-29 08:50:00,403.0,gas_ccgt,MW,nem,NSW1
2017-10-29 08:55:00,403.0,gas_ccgt,MW,nem,NSW1
2017-10-29 09:00:00,403.0,gas_ccgt,MW,nem,NSW1
2017-10-29 09:05:00,402.0,gas_ccgt,MW,nem,NSW1
2017-10-29 09:10:00,402.0,gas_ccgt,MW,nem,NSW1
2017-10-29 09:15:00,402.0,gas_ccgt,MW,nem,NSW1
2017-10-29 09:20:00,402.0,gas_ccgt,MW,nem,NSW1
2017-10-29 09:25:00,401.0,gas_ccgt,MW,nem,NSW1
2017-10-29 09:30:00,401.0,gas_ccgt,MW,nem,NSW1
2017-10-29 09:35:00,401.0,gas_ccgt,MW,nem,NSW1
2017-10-29 09:40:00,401.0,gas_ccgt,MW,nem,NSW1
2017-10-29 09:45:00,401.0,gas_ccgt,MW,nem,NSW1
2017-10-29 09:50:00,401.0,gas_ccgt,MW,nem,NSW1
2017-10-29 09:55:00,401.0,gas_ccgt,MW,nem,NSW1
2017-10-29 10:00:00,399.0,gas_ccgt,MW,nem,NSW1
2017-10-29 10:05:00,399.0,gas_ccgt,MW,nem,NSW1
2017-10-29 10:10:00,400.0,gas_ccgt,MW,nem,NSW1
2017-10-29 10:15:00,399.0,gas_ccgt,MW,nem,NSW1
2017-10-29 10:20:00,398.0,gas_ccgt,MW,nem,NSW1
2017-10-29 10:25:00,400.0,gas_ccgt,MW,nem,NSW1
2017-10-29 10:30:00,401.0,gas_ccgt,MW,nem,NSW1
2017-10-29 10:35:00,399.0,gas_ccgt,MW,nem,NSW1
2017-10-29 10:40:00,399.0,gas_ccgt,MW,nem,NSW1
2017-10-29 10:45:00,399.0,gas_ccgt,MW,nem,NSW1
2017-10-29 10:50:00,399.0,gas_ccgt,MW,nem,NSW1
2017-10-29 10:55:00,399.0,gas_ccgt,MW,nem,NSW1
2017-10-29 11:00:00,399.0,gas_ccgt,MW,nem,NSW1
2017-10-29 11:05:00,401.0,gas_ccgt,MW,nem,NSW1
2017-10-29 11:10:00,399.0,gas_ccgt,MW,nem,NSW1
2017-10-29 11:15:00,401.0,gas_ccgt,MW,nem,NSW1
2017-10-29 11:20:00,400.0,gas_ccgt,MW,nem,NSW1
2017-10-29 11:25:00,400.0,gas_ccgt,MW,nem,NSW1
2017-10-29 11:30:00,400.0,gas_ccgt,MW,nem,NSW1
2017-10-29 11:35:00,400.0,gas_ccgt,MW,nem,NSW1
2017-10-29 11:40:00,400.0,gas_ccgt,MW,nem,NSW1
2017-10-29 11:45:00,399.0,gas_ccgt,MW,nem,NSW1
2017-10-29 11:50:00,400.0,gas_ccgt,MW,nem,NSW1
2017-10-29 11:55:00,400.0,gas_ccgt,MW,nem,NSW1
2017-10-29 12:00:00,398.0,gas_ccgt,MW,nem,NSW1
2017-10-29 12:05:00,398.0,gas_ccgt,MW,nem,NSW1
2017-10-29 12:10:00,398.0,gas_ccgt,MW,nem,NSW1
2017-10-29 12:15:00,399.0,gas_ccgt,MW,nem,NSW1
2017-10-29 12:20:00,400.0,gas_ccgt,MW,nem,NSW1
2017-10-29 12:25:00,398.0,gas_ccgt,MW,nem,NSW1
2017-10-29 12:30:00,400.0,gas_ccgt,MW,nem,NSW1
2017-10-29 12:35:00,398.0,gas_ccgt,MW,nem,NSW1
2017-10-29 12:40:00,400.0,gas_ccgt,MW,nem,NSW1
2017-10-29 12:45:00,400.0,gas_ccgt,MW,nem,NSW1
2017-10-29 12:50:00,398.0,gas_ccgt,MW,nem,NSW1
2017-10-29 12:55:00,398.0,gas_ccgt,MW,nem,NSW1
2017-10-29 13:00:00,397.0,gas_ccgt,MW,nem,NSW1
2017-10-29 13:05:00,398.0,gas_ccgt,MW,nem,NSW1
2017-10-29 13:10:00,400.0,gas_ccgt,MW,nem,NSW1
2017-10-29 13:15:00,398.0,gas_ccgt,MW,nem,NSW1
2017-10-29 13:20:00,398.0,gas_ccgt,MW,nem,NSW1
2017-10-29 13:25:00,398.0,gas_ccgt,MW,nem,NSW1
2017-10-29 13:30:00,398.0,gas_ccgt,MW,nem,NSW1
2017-10-29 13:35:00,397.0,gas_ccgt,MW,nem,NSW1
2017-10-29 13:40:00,397.0,gas_ccgt,MW,nem,NSW1
2017-10-29 13:45:00,396.0,gas_ccgt,MW,nem,NSW1
2017-10-29 13:50:00,397.0,gas_ccgt,MW,nem,NSW1
2017-10-29 13:55:00,397.0,gas_ccgt,MW,nem,NSW1
2017-10-29 14:00:00,398.0,gas_ccgt,MW,nem,NSW1
2017-10-29 14:05:00,397.0,gas_ccgt,MW,nem,NSW1
2017-10-29 14:10:00,397.0,gas_ccgt,MW,nem,NSW1
2017-10-29 14:15:00,396.0,gas_ccgt,MW,nem,NSW1
2017-10-29 14:20:00,397.0,gas_ccgt,MW,nem,NSW1
2017-10-29 14:25:00,397.0,gas_ccgt,MW,nem,NSW1
2017-10-29 14:30:00,396.0,gas_ccgt,MW,nem,NSW1
2017-10-29 14:35:00,396.0,gas_ccgt,MW,nem,NSW1
2017-10-29 14:40:00,398.0,gas_ccgt,MW,nem,NSW1
2017-10-29 14:45:00,398.0,gas_ccgt,MW,nem,NSW1
2017-10-29 14:50:00,398.0,gas_ccgt,MW,nem,NSW1
2017-10-29 14:55:00,396.0,gas_ccgt,MW,nem,NSW1
2017-10-29 15:00:00,396.0,gas_ccgt,MW,nem,NSW1
2017-10-29 15:05:00,400.0,gas_ccgt,MW,nem,NSW1
2017-10-29 15:10:00,398.0,gas_ccgt,MW,nem,NSW1
2017-10-29 15:15:00,396.0,gas_ccgt,MW,nem,NSW1
2017-10-29 15:20:00,398.0,gas_ccgt,MW,nem,NSW1
2017-10-29 15:25:00,400.0,gas_ccgt,MW,nem,NSW1
2017-10-29 15:30:00,399.0,gas_ccgt,MW,nem,NSW1
2017-10-29 15:35:00,399.0,gas_ccgt,MW,nem,NSW1
2017-10-29 15:40:00,397.0,gas_ccgt,MW,nem,NSW1
2017-10-29 15:45:00,398.0,gas_ccgt,MW,nem,NSW1
2017-10-29 15:50:00,400.0,gas_ccgt,MW,nem,NSW1
2017-10-29 15:55:00,400.0,gas_ccgt,MW,nem,NSW1
2017-10-29 16:00:00,399.0,gas_ccgt,MW,nem,NSW1
2017-10-29 16:05:00,399.0,gas_ccgt,MW,nem,NSW1
2017-10-29 16:10:00,399.0,gas_ccgt,MW,nem,NSW1
2017-10-29 16:15:00,399.0,gas_ccgt,MW,nem,NSW1
2017-10-29 16:20:00,400.0,gas_ccgt,MW,nem,NSW1
2017-10-29 16:25:00,400.0,gas_ccgt,MW,nem,NSW1
2017-10-29 16:30:00,398.0,gas_ccgt,MW,nem,NSW1
2017-10-29 16:35:00,399.0,gas_ccgt,MW,nem,NSW1
2017-10-29 16:40:00,401.0,gas_ccgt,MW,nem,NSW1
2017-10-29 16:45:00,400.0,gas_ccgt,MW,nem,NSW1
2017-10-29 16:50:00,400.0,gas_ccgt,MW,nem,NSW1
2017-10-29 16:55:00,400.0,gas_ccgt,MW,nem,NSW1
2017-10-29 17:00:00,399.0,gas_ccgt,MW,nem,NSW1
2017-10-29 17:05:00,400.0,gas_ccgt,MW,nem,NSW1
2017-10-29 17:10:00,400.0,gas_ccgt,MW,nem,NSW1
2017-10-29 17:15:00,400.0,gas_ccgt,MW,nem,NSW1
2017-10-29 17:20:00,400.0,gas_ccgt,MW,nem,NSW1
2017-10-29 17:25:00,400.0,gas_ccgt,MW,nem,NSW1
2017-10-29 17:30:00,400.0,gas_ccgt,MW,nem,NSW1
2017-10-29 17:35:00,400.0,gas_ccgt,MW,nem,NSW1
2017-10-29 17:40:00,400.0,gas_ccgt,MW,nem,NSW1
2017-10-29 17:45:00,401.0,gas_ccgt,MW,nem,NSW1
2017-10-29 17:50:00,400.0,gas_ccgt,MW,nem,NSW1
2017-10-29 17:55:00,400.0,gas_ccgt,MW,nem,NSW1
2017-10-29 18:00:00,402.0,gas_ccgt,MW,nem,NSW1
2017-10-29 18:05:00,400.0,gas_ccgt,MW,nem,NSW1
2017-10-29 18:10:00,399.0,gas_ccgt,MW,nem,NSW1
2017-10-29 18:15:00,400.0,gas_ccgt,MW,nem,NSW1
2017-10-29 18:20:00,400.0,gas_ccgt,MW,nem,NSW1
2017-10-29 18:25:00,400.0,gas_ccgt,MW,nem,NSW1
2017-10-29 18:30:00,400.0,gas_ccgt,MW,nem,NSW1
2017-10-29 18:35:00,399.0,gas_ccgt,MW,nem,NSW1
2017-10-29 18:40:00,399.0,gas_ccgt,MW,nem,NSW1
2017-10-29 18:45:00,399.0,gas_ccgt,MW,nem,NSW1
2017-10-29 18:50:00,400.0,gas_ccgt,MW,nem,NSW1
2017-10-29 18:55:00,398.0,gas_ccgt,MW,nem,NSW1
2017-10-29 19:00:00,400.0,gas_ccgt,MW,nem,NSW1
2017-10-29 19:05:00,399.0,gas_ccgt,MW,nem,NSW1
2017-10-29 19:10:00,400.0,gas_ccgt,MW,nem,NSW1
2017-10-29 19:15:00,398.0,gas_ccgt,MW,nem,NSW1
2017-10-29 19:20:00,401.0,gas_ccgt,MW,nem,NSW1
2017-10-29 19:25:00,398.0,gas_ccgt,MW,nem,NSW1
2017-10-29 19:30:00,400.0,gas_ccgt,MW,nem,NSW1
2017-10-29 19:35:00,400.0,gas_ccgt,MW,nem,NSW1
2017-10-29 19:40:00,401.0,gas_ccgt,MW,nem,NSW1
2017-10-29 19:45:00,402.0,gas_ccgt,MW,nem,NSW1
2017-10-29 19:50:00,402.0,gas_ccgt,MW,nem,NSW1
2017-10-29 19:55:00,400.0,gas_ccgt,MW,nem,NSW1
2017-10-29 20:00:00,402.0,gas_ccgt,MW,nem,NSW1
2017-10-29 20:05:00,402.0,gas_ccgt,MW,nem,NSW1
2017-10-29 20:10:00,400.0,gas_ccgt,MW,nem,NSW1
2017-10-29 20:15:00,401.0,gas_ccgt,MW,nem,NSW1
2017-10-29 20:20:00,402.0,gas_ccgt,MW,nem,NSW1
2017-10-29 20:25:00,402.0,gas_ccgt,MW,nem,NSW1
2017-10-29 20:30:00,402.0,gas_ccgt,MW,nem,NSW1
2017-10-29 20:35:00,403.0,gas_ccgt,MW,nem,NSW1
2017-10-29 20:40:00,401.0,gas_ccgt,MW,nem,NSW1
2017-10-29 20:45:00,401.0,gas_ccgt,MW,nem,NSW1
2017-10-29 20:50:00,401.0,gas_ccgt,MW,nem,NSW1
2017-10-29 20:55:00,401.0,gas_ccgt,MW,nem,NSW1
2017-10-29 21:00:00,401.0,gas_ccgt,MW,nem,NSW1
2017-10-29 21:05:00,401.0,gas_ccgt,MW,nem,NSW1
2017-10-29 21:10:00,401.0,gas_ccgt,MW,nem,NSW1
2017-10-29 21:15:00,402.0,gas_ccgt,MW,nem,NSW1
2017-10-29 21:20:00,404.0,gas_ccgt,MW,nem,NSW1
2017-10-29 21:25:00,405.0,gas_ccgt,MW,nem,NSW1
2017-10-29 21:30:00,403.0,gas_ccgt,MW,nem,NSW1
2017-10-29 21:35:00,405.0,gas_ccgt,MW,nem,NSW1
2017-10-29 21:40:00,403.0,gas_ccgt,MW,nem,NSW1
2017-10-29 21:45:00,404.0,gas_ccgt,MW,nem,NSW1
2017-10-29 21:50:00,404.0,gas_ccgt,MW,nem,NSW1
2017-10-29 21:55:00,404.0,gas_ccgt,MW,nem,NSW1
2017-10-29 22:00:00,404.0,gas_ccgt,MW,nem,NSW1
2017-10-29 22:05:00,402.0,gas_ccgt,MW,nem,NSW1
2017-10-29 22:10:00,403.0,gas_ccgt,MW,nem,NSW1
2017-10-29 22:15:00,404.0,gas_ccgt,MW,nem,NSW1
2017-10-29 22:20:00,404.0,gas_ccgt,MW,nem,NSW1
2017-10-29 22:25:00,404.0,gas_ccgt,MW,nem,NSW1
2017-10-29 22:30:00,404.0,gas_ccgt,MW,nem,NSW1
2017-10-29 22:35:00,405.0,gas_ccgt,MW,nem,NSW1
2017-10-29 22:40:00,403.0,gas_ccgt,MW,nem,NSW1
2017-10-29 22:45:00,405.0,gas_ccgt,MW,nem,NSW1
2017-10-29 22:50:00,405.0,gas_ccgt,MW,nem,NSW1
2017-10-29 22:55:00,404.0,gas_ccgt,MW,nem,NSW1
2017-10-29 23:00:00,405.0,gas_ccgt,MW,nem,NSW1
2017-10-29 23:05:00,403.0,gas_ccgt,MW,nem,NSW1
2017-10-29 23:10:00,403.0,gas_ccgt,MW,nem,NSW1
2017-10-29 23:15:00,405.0,gas_ccgt,MW,nem,NSW1
2017-10-29 23:20:00,405.0,gas_ccgt,MW,nem,NSW1
2017-10-29 23:25:00,405.0,gas_ccgt,MW,nem,NSW1
2017-10-29 23:30:00,403.0,gas_ccgt,MW,nem,NSW1
2017-10-29 23:35:00,405.0,gas_ccgt,MW,nem,NSW1
2017-10-29 23:40:00,405.0,gas_ccgt,MW,nem,NSW1
2017-10-29 23:45:00,403.0,gas_ccgt,MW,nem,NSW1
2017-10-29 23:50:00,404.0,gas_ccgt,MW,nem,NSW1
2017-10-29 23:55:00,403.0,gas_ccgt,MW,nem,NSW1
2017-10-30 00:00:00,403.0,gas_ccgt,MW,nem,NSW1
2017-10-30 00:05:00,405.0,gas_ccgt,MW,nem,NSW1
2017-10-30 00:10:00,404.0,gas_ccgt,MW,nem,NSW1
2017-10-30 00:15:00,404.0,gas_ccgt,MW,nem,NSW1
2017-10-30 00:20:00,404.0,gas_ccgt,MW,nem,NSW1
2017-10-30 00:25:00,405.0,gas_ccgt,MW,nem,NSW1
2017-10-30 00:30:00,405.0,gas_ccgt,MW,nem,NSW1
2017-10-30 00:35:00,405.0,gas_ccgt,MW,nem,NSW1
2017-10-30 00:40:00,405.0,gas_ccgt,MW,nem,NSW1
2017-10-30 00:45:00,405.0,gas_ccgt,MW,nem,NSW1
2017-10-30 00:50:00,405.0,gas_ccgt,MW,nem,NSW1
2017-10-30 00:55:00,405.0,gas_ccgt,MW,nem,NSW1
2017-10-30 01:00:00,405.0,gas_ccgt,MW,nem,NSW1
2017-10-30 01:05:00,405.0,gas_ccgt,MW,nem,NSW1
2017-10-30 01:10:00,399.0,gas_ccgt,MW,nem,NSW1
2017-10-30 01:15:00,381.0,gas_ccgt,MW,nem,NSW1
2017-10-30 01:20:00,379.0,gas_ccgt,MW,nem,NSW1
2017-10-30 01:25:00,355.0,gas_ccgt,MW,nem,NSW1
2017-10-30 01:30:00,324.0,gas_ccgt,MW,nem,NSW1
2017-10-30 01:35:00,324.0,gas_ccgt,MW,nem,NSW1
2017-10-30 01:40:00,350.0,gas_ccgt,MW,nem,NSW1
2017-10-30 01:45:00,378.0,gas_ccgt,MW,nem,NSW1
2017-10-30 01:50:00,355.0,gas_ccgt,MW,nem,NSW1
2017-10-30 01:55:00,357.0,gas_ccgt,MW,nem,NSW1
2017-10-30 02:00:00,379.0,gas_ccgt,MW,nem,NSW1
2017-10-30 02:05:00,386.0,gas_ccgt,MW,nem,NSW1
2017-10-30 02:10:00,400.0,gas_ccgt,MW,nem,NSW1
2017-10-30 02:15:00,398.0,gas_ccgt,MW,nem,NSW1
2017-10-30 02:20:00,374.0,gas_ccgt,MW,nem,NSW1
2017-10-30 02:25:00,378.0,gas_ccgt,MW,nem,NSW1
2017-10-30 02:30:00,383.0,gas_ccgt,MW,nem,NSW1
2017-10-30 02:35:00,367.0,gas_ccgt,MW,nem,NSW1
2017-10-30 02:40:00,391.0,gas_ccgt,MW,nem,NSW1
2017-10-30 02:45:00,403.0,gas_ccgt,MW,nem,NSW1
2017-10-30 02:50:00,405.0,gas_ccgt,MW,nem,NSW1
2017-10-30 02:55:00,404.0,gas_ccgt,MW,nem,NSW1
2017-10-30 03:00:00,404.0,gas_ccgt,MW,nem,NSW1
2017-10-30 03:05:00,402.0,gas_ccgt,MW,nem,NSW1
2017-10-30 03:10:00,402.0,gas_ccgt,MW,nem,NSW1
2017-10-30 03:15:00,402.0,gas_ccgt,MW,nem,NSW1
2017-10-30 03:20:00,402.0,gas_ccgt,MW,nem,NSW1
2017-10-30 03:25:00,402.0,gas_ccgt,MW,nem,NSW1
2017-10-30 03:30:00,402.0,gas_ccgt,MW,nem,NSW1
2017-10-30 03:35:00,402.0,gas_ccgt,MW,nem,NSW1
2017-10-30 03:40:00,403.0,gas_ccgt,MW,nem,NSW1
2017-10-30 03:45:00,388.0,gas_ccgt,MW,nem,NSW1
2017-10-30 03:50:00,399.0,gas_ccgt,MW,nem,NSW1
2017-10-30 03:55:00,402.0,gas_ccgt,MW,nem,NSW1
2017-10-30 04:00:00,404.0,gas_ccgt,MW,nem,NSW1
2017-10-30 04:05:00,402.0,gas_ccgt,MW,nem,NSW1
2017-10-30 04:10:00,403.0,gas_ccgt,MW,nem,NSW1
2017-10-30 04:15:00,405.0,gas_ccgt,MW,nem,NSW1
2017-10-30 04:20:00,405.0,gas_ccgt,MW,nem,NSW1
2017-10-30 04:25:00,405.0,gas_ccgt,MW,nem,NSW1
2017-10-30 04:30:00,406.0,gas_ccgt,MW,nem,NSW1
2017-10-30 04:35:00,407.0,gas_ccgt,MW,nem,NSW1
2017-10-30 04:40:00,406.0,gas_ccgt,MW,nem,NSW1
2017-10-30 04:45:00,406.0,gas_ccgt,MW,nem,NSW1
2017-10-30 04:50:00,406.0,gas_ccgt,MW,nem,NSW1
2017-10-30 04:55:00,406.0,gas_ccgt,MW,nem,NSW1
2017-10-30 05:00:00,405.0,gas_ccgt,MW,nem,NSW1
2017-10-30 05:05:00,404.0,gas_ccgt,MW,nem,NSW1
2017-10-30 05:10:00,406.0,gas_ccgt,MW,nem,NSW1
2017-10-30 05:15:00,405.0,gas_ccgt,MW,nem,NSW1
2017-10-30 05:20:00,405.0,gas_ccgt,MW,nem,NSW1
2017-10-30 05:25:00,405.0,gas_ccgt,MW,nem,NSW1
2017-10-30 05:30:00,405.0,gas_ccgt,MW,nem,NSW1
2017-10-30 05:35:00,407.0,gas_ccgt,MW,nem,NSW1
2017-10-30 05:40:00,405.0,gas_ccgt,MW,nem,NSW1
2017-10-30 05:45:00,406.0,gas_ccgt,MW,nem,NSW1
2017-10-30 05:50:00,404.0,gas_ccgt,MW,nem,NSW1
2017-10-30 05:55:00,406.0,gas_ccgt,MW,nem,NSW1
2017-10-30 06:00:00,406.0,gas_ccgt,MW,nem,NSW1
2017-10-30 06:05:00,406.0,gas_ccgt,MW,nem,NSW1
2017-10-30 06:10:00,405.0,gas_ccgt,MW,nem,NSW1
2017-10-30 06:15:00,405.0,gas_ccgt,MW,nem,NSW1
2017-10-30 06:20:00,404.0,gas_ccgt,MW,nem,NSW1
2017-10-30 06:25:00,404.0,gas_ccgt,MW,nem,NSW1
2017-10-30 06:30:00,404.0,gas_ccgt,MW,nem,NSW1
2017-10-30 06:35:00,406.0,gas_ccgt,MW,nem,NSW1
2017-10-30 06:40:00,404.0,gas_ccgt,MW,nem,NSW1
2017-10-30 06:45:00,404.0,gas_ccgt,MW,nem,NSW1
2017-10-30 06:50:00,404.0,gas_ccgt,MW,nem,NSW1
2017-10-30 06:55:00,403.0,gas_ccgt,MW,nem,NSW1
2017-10-30 07:00:00,403.0,gas_ccgt,MW,nem,NSW1
2017-10-30 07:05:00,403.0,gas_ccgt,MW,nem,NSW1
2017-10-30 07:10:00,402.0,gas_ccgt,MW,nem,NSW1
2017-10-30 07:15:00,402.0,gas_ccgt,MW,nem,NSW1
2017-10-30 07:20:00,401.0,gas_ccgt,MW,nem,NSW1
2017-10-30 07:25:00,401.0,gas_ccgt,MW,nem,NSW1
2017-10-30 07:30:00,403.0,gas_ccgt,MW,nem,NSW1
2017-10-30 07:35:00,401.0,gas_ccgt,MW,nem,NSW1
2017-10-30 07:40:00,401.0,gas_ccgt,MW,nem,NSW1
2017-10-30 07:45:00,400.0,gas_ccgt,MW,nem,NSW1
2017-10-30 07:50:00,400.0,gas_ccgt,MW,nem,NSW1
2017-10-30 07:55:00,400.0,gas_ccgt,MW,nem,NSW1
2017-10-30 08:00:00,400.0,gas_ccgt,MW,nem,NSW1
2017-10-30 08:05:00,400.0,gas_ccgt,MW,nem,NSW1
2017-10-30 08:10:00,398.0,gas_ccgt,MW,nem,NSW1
2017-10-30 08:15:00,400.0,gas_ccgt,MW,nem,NSW1
2017-10-30 08:20:00,400.0,gas_ccgt,MW,nem,NSW1
2017-10-30 08:25:00,396.0,gas_ccgt,MW,nem,NSW1
2017-10-30 08:30:00,398.0,gas_ccgt,MW,nem,NSW1
2017-10-30 08:35:00,398.0,gas_ccgt,MW,nem,NSW1
2017-10-30 08:40:00,399.0,gas_ccgt,MW,nem,NSW1
2017-10-30 08:45:00,399.0,gas_ccgt,MW,nem,NSW1
2017-10-30 08:50:00,397.0,gas_ccgt,MW,nem,NSW1
2017-10-30 08:55:00,399.0,gas_ccgt,MW,nem,NSW1
2017-10-30 09:00:00,399.0,gas_ccgt,MW,nem,NSW1
2017-10-30 09:05:00,397.0,gas_ccgt,MW,nem,NSW1
2017-10-30 09:10:00,397.0,gas_ccgt,MW,nem,NSW1
2017-10-30 09:15:00,399.0,gas_ccgt,MW,nem,NSW1
2017-10-30 09:20:00,398.0,gas_ccgt,MW,nem,NSW1
2017-10-30 09:25:00,400.0,gas_ccgt,MW,nem,NSW1
2017-10-30 09:30:00,398.0,gas_ccgt,MW,nem,NSW1
2017-10-30 09:35:00,399.0,gas_ccgt,MW,nem,NSW1
2017-10-30 09:40:00,399.0,gas_ccgt,MW,nem,NSW1
2017-10-30 09:45:00,399.0,gas_ccgt,MW,nem,NSW1
2017-10-30 09:50:00,398.0,gas_ccgt,MW,nem,NSW1
2017-10-30 09:55:00,398.0,gas_ccgt,MW,nem,NSW1
2017-10-30 10:00:00,398.0,gas_ccgt,MW,nem,NSW1
2017-10-30 10:05:00,397.0,gas_ccgt,MW,nem,NSW1
2017-10-30 10:10:00,396.0,gas_ccgt,MW,nem,NSW1
2017-10-30 10:15:00,398.0,gas_ccgt,MW,nem,NSW1
2017-10-30 10:20:00,397.0,gas_ccgt,MW,nem,NSW1
2017-10-30 10:25:00,397.0,gas_ccgt,MW,nem,NSW1
2017-10-30 10:30:00,397.0,gas_ccgt,MW,nem,NSW1
2017-10-30 10:35:00,397.0,gas_ccgt,MW,nem,NSW1
2017-10-30 10:40:00,397.0,gas_ccgt,MW,nem,NSW1
2017-10-30 10:45:00,397.0,gas_ccgt,MW,nem,NSW1
2017-10-30 10:50:00,397.0,gas_ccgt,MW,nem,NSW1
2017-10-30 10:55:00,396.0,gas_ccgt,MW,nem,NSW1
2017-10-30 11:00:00,396.0,gas_ccgt,MW,nem,NSW1
2017-10-30 11:05:00,395.0,gas_ccgt,MW,nem,NSW1
2017-10-30 11:10:00,396.0,gas_ccgt,MW,nem,NSW1
2017-10-30 11:15:00,394.0,gas_ccgt,MW,nem,NSW1
2017-10-30 11:20:00,396.0,gas_ccgt,MW,nem,NSW1
2017-10-30 11:25:00,395.0,gas_ccgt,MW,nem,NSW1
2017-10-30 11:30:00,396.0,gas_ccgt,MW,nem,NSW1
2017-10-30 11:35:00,394.0,gas_ccgt,MW,nem,NSW1
2017-10-30 11:40:00,395.0,gas_ccgt,MW,nem,NSW1
2017-10-30 11:45:00,395.0,gas_ccgt,MW,nem,NSW1
2017-10-30 11:50:00,395.0,gas_ccgt,MW,nem,NSW1
2017-10-30 11:55:00,395.0,gas_ccgt,MW,nem,NSW1
2017-10-30 12:00:00,395.0,gas_ccgt,MW,nem,NSW1
2017-10-30 12:05:00,395.0,gas_ccgt,MW,nem,NSW1
2017-10-30 12:10:00,395.0,gas_ccgt,MW,nem,NSW1
2017-10-30 12:15:00,395.0,gas_ccgt,MW,nem,NSW1
2017-10-30 12:20:00,393.0,gas_ccgt,MW,nem,NSW1
2017-10-30 12:25:00,394.0,gas_ccgt,MW,nem,NSW1
2017-10-30 12:30:00,394.0,gas_ccgt,MW,nem,NSW1
2017-10-30 12:35:00,395.0,gas_ccgt,MW,nem,NSW1
2017-10-30 12:40:00,394.0,gas_ccgt,MW,nem,NSW1
2017-10-30 12:45:00,396.0,gas_ccgt,MW,nem,NSW1
2017-10-30 12:50:00,394.0,gas_ccgt,MW,nem,NSW1
2017-10-30 12:55:00,394.0,gas_ccgt,MW,nem,NSW1
2017-10-30 13:00:00,394.0,gas_ccgt,MW,nem,NSW1
2017-10-30 13:05:00,394.0,gas_ccgt,MW,nem,NSW1
2017-10-30 13:10:00,395.0,gas_ccgt,MW,nem,NSW1
2017-10-30 13:15:00,393.0,gas_ccgt,MW,nem,NSW1
2017-10-30 13:20:00,393.0,gas_ccgt,MW,nem,NSW1
2017-10-30 13:25:00,395.0,gas_ccgt,MW,nem,NSW1
2017-10-30 13:30:00,397.0,gas_ccgt,MW,nem,NSW1
2017-10-30 13:35:00,394.0,gas_ccgt,MW,nem,NSW1
2017-10-30 13:40:00,396.0,gas_ccgt,MW,nem,NSW1
2017-10-30 13:45:00,394.0,gas_ccgt,MW,nem,NSW1
2017-10-30 13:50:00,395.0,gas_ccgt,MW,nem,NSW1
2017-10-30 13:55:00,395.0,gas_ccgt,MW,nem,NSW1
2017-10-30 14:00:00,394.0,gas_ccgt,MW,nem,NSW1
2017-10-30 14:05:00,393.0,gas_ccgt,MW,nem,NSW1
2017-10-30 14:10:00,394.0,gas_ccgt,MW,nem,NSW1
2017-10-30 14:15:00,392.0,gas_ccgt,MW,nem,NSW1
2017-10-30 14:20:00,394.0,gas_ccgt,MW,nem,NSW1
2017-10-30 14:25:00,395.0,gas_ccgt,MW,nem,NSW1
2017-10-30 14:30:00,393.0,gas_ccgt,MW,nem,NSW1
2017-10-30 14:35:00,395.0,gas_ccgt,MW,nem,NSW1
2017-10-30 14:40:00,395.0,gas_ccgt,MW,nem,NSW1
2017-10-30 14:45:00,396.0,gas_ccgt,MW,nem,NSW1
2017-10-30 14:50:00,395.0,gas_ccgt,MW,nem,NSW1
2017-10-30 14:55:00,371.0,gas_ccgt,MW,nem,NSW1
2017-10-30 15:00:00,341.0,gas_ccgt,MW,nem,NSW1
2017-10-30 15:05:00,315.0,gas_ccgt,MW,nem,NSW1
2017-10-30 15:10:00,286.0,gas_ccgt,MW,nem,NSW1
2017-10-30 15:15:00,300.0,gas_ccgt,MW,nem,NSW1
2017-10-30 15:20:00,300.0,gas_ccgt,MW,nem,NSW1
2017-10-30 15:25:00,300.0,gas_ccgt,MW,nem,NSW1
2017-10-30 15:30:00,300.0,gas_ccgt,MW,nem,NSW1
2017-10-30 15:35:00,301.0,gas_ccgt,MW,nem,NSW1
2017-10-30 15:40:00,326.0,gas_ccgt,MW,nem,NSW1
2017-10-30 15:45:00,352.0,gas_ccgt,MW,nem,NSW1
2017-10-30 15:50:00,380.0,gas_ccgt,MW,nem,NSW1
2017-10-30 15:55:00,393.0,gas_ccgt,MW,nem,NSW1
2017-10-30 16:00:00,400.0,gas_ccgt,MW,nem,NSW1
2017-10-30 16:05:00,399.0,gas_ccgt,MW,nem,NSW1
2017-10-30 16:10:00,399.0,gas_ccgt,MW,nem,NSW1
2017-10-30 16:15:00,399.0,gas_ccgt,MW,nem,NSW1
2017-10-30 16:20:00,399.0,gas_ccgt,MW,nem,NSW1
2017-10-30 16:25:00,399.0,gas_ccgt,MW,nem,NSW1
2017-10-30 16:30:00,399.0,gas_ccgt,MW,nem,NSW1
2017-10-30 16:35:00,401.0,gas_ccgt,MW,nem,NSW1
2017-10-30 16:40:00,401.0,gas_ccgt,MW,nem,NSW1
2017-10-30 16:45:00,401.0,gas_ccgt,MW,nem,NSW1
2017-10-30 16:50:00,401.0,gas_ccgt,MW,nem,NSW1
2017-10-30 16:55:00,401.0,gas_ccgt,MW,nem,NSW1
2017-10-30 17:00:00,401.0,gas_ccgt,MW,nem,NSW1
2017-10-30 17:05:00,402.0,gas_ccgt,MW,nem,NSW1
2017-10-30 17:10:00,402.0,gas_ccgt,MW,nem,NSW1
2017-10-30 17:15:00,401.0,gas_ccgt,MW,nem,NSW1
2017-10-30 17:20:00,400.0,gas_ccgt,MW,nem,NSW1
2017-10-30 17:25:00,400.0,gas_ccgt,MW,nem,NSW1
2017-10-30 17:30:00,400.0,gas_ccgt,MW,nem,NSW1
2017-10-30 17:35:00,401.0,gas_ccgt,MW,nem,NSW1
2017-10-30 17:40:00,402.0,gas_ccgt,MW,nem,NSW1
2017-10-30 17:45:00,402.0,gas_ccgt,MW,nem,NSW1
2017-10-30 17:50:00,402.0,gas_ccgt,MW,nem,NSW1
2017-10-30 17:55:00,402.0,gas_ccgt,MW,nem,NSW1
2017-10-30 18:00:00,400.0,gas_ccgt,MW,nem,NSW1
2017-10-30 18:05:00,401.0,gas_ccgt,MW,nem,NSW1
2017-10-30 18:10:00,401.0,gas_ccgt,MW,nem,NSW1
2017-10-30 18:15:00,403.0,gas_ccgt,MW,nem,NSW1
2017-10-30 18:20:00,401.0,gas_ccgt,MW,nem,NSW1
2017-10-30 18:25:00,401.0,gas_ccgt,MW,nem,NSW1
2017-10-30 18:30:00,400.0,gas_ccgt,MW,nem,NSW1
2017-10-30 18:35:00,400.0,gas_ccgt,MW,nem,NSW1
2017-10-30 18:40:00,402.0,gas_ccgt,MW,nem,NSW1
2017-10-30 18:45:00,402.0,gas_ccgt,MW,nem,NSW1
2017-10-30 18:50:00,402.0,gas_ccgt,MW,nem,NSW1
2017-10-30 18:55:00,402.0,gas_ccgt,MW,nem,NSW1
2017-10-30 19:00:00,402.0,gas_ccgt,MW,nem,NSW1
2017-10-30 19:05:00,402.0,gas_ccgt,MW,nem,NSW1
2017-10-30 19:10:00,401.0,gas_ccgt,MW,nem,NSW1
2017-10-30 19:15:00,402.0,gas_ccgt,MW,nem,NSW1
2017-10-30 19:20:00,401.0,gas_ccgt,MW,nem,NSW1
2017-10-30 19:25:00,401.0,gas_ccgt,MW,nem,NSW1
2017-10-30 19:30:00,400.0,gas_ccgt,MW,nem,NSW1
2017-10-30 19:35:00,402.0,gas_ccgt,MW,nem,NSW1
2017-10-30 19:40:00,401.0,gas_ccgt,MW,nem,NSW1
2017-10-30 19:45:00,399.0,gas_ccgt,MW,nem,NSW1
2017-10-30 19:50:00,400.0,gas_ccgt,MW,nem,NSW1
2017-10-30 19:55:00,400.0,gas_ccgt,MW,nem,NSW1
2017-10-30 20:00:00,401.0,gas_ccgt,MW,nem,NSW1
2017-10-30 20:05:00,400.0,gas_ccgt,MW,nem,NSW1
2017-10-30 20:10:00,402.0,gas_ccgt,MW,nem,NSW1
2017-10-30 20:15:00,406.0,gas_ccgt,MW,nem,NSW1
2017-10-30 20:20:00,402.0,gas_ccgt,MW,nem,NSW1
2017-10-30 20:25:00,402.0,gas_ccgt,MW,nem,NSW1
2017-10-30 20:30:00,400.0,gas_ccgt,MW,nem,NSW1
2017-10-30 20:35:00,400.0,gas_ccgt,MW,nem,NSW1
2017-10-30 20:40:00,401.0,gas_ccgt,MW,nem,NSW1
2017-10-30 20:45:00,401.0,gas_ccgt,MW,nem,NSW1
2017-10-30 20:50:00,401.0,gas_ccgt,MW,nem,NSW1
2017-10-30 20:55:00,401.0,gas_ccgt,MW,nem,NSW1
2017-10-30 21:00:00,401.0,gas_ccgt,MW,nem,NSW1
2017-10-30 21:05:00,401.0,gas_ccgt,MW,nem,NSW1
2017-10-30 21:10:00,401.0,gas_ccgt,MW,nem,NSW1
2017-10-30 21:15:00,401.0,gas_ccgt,MW,nem,NSW1
2017-10-30 21:20:00,401.0,gas_ccgt,MW,nem,NSW1
2017-10-30 21:25:00,402.0,gas_ccgt,MW,nem,NSW1
2017-10-30 21:30:00,402.0,gas_ccgt,MW,nem,NSW1
2017-10-30 21:35:00,400.0,gas_ccgt,MW,nem,NSW1
2017-10-30 21:40:00,401.0,gas_ccgt,MW,nem,NSW1
2017-10-30 21:45:00,401.0,gas_ccgt,MW,nem,NSW1
2017-10-30 21:50:00,401.0,gas_ccgt,MW,nem,NSW1
2017-10-30 21:55:00,401.0,gas_ccgt,MW,nem,NSW1
2017-10-30 22:00:00,401.0,gas_ccgt,MW,nem,NSW1
2017-10-30 22:05:00,401.0,gas_ccgt,MW,nem,NSW1
2017-10-30 22:10:00,401.0,gas_ccgt,MW,nem,NSW1
2017-10-30 22:15:00,401.0,gas_ccgt,MW,nem,NSW1
2017-10-30 22:20:00,401.0,gas_ccgt,MW,nem,NSW1
2017-10-30 22:25:00,401.0,gas_ccgt,MW,nem,NSW1
2017-10-30 22:30:00,401.0,gas_ccgt,MW,nem,NSW1
2017-10-30 22:35:00,402.0,gas_ccgt,MW,nem,NSW1
2017-10-30 22:40:00,402.0,gas_ccgt,MW,nem,NSW1
2017-10-30 22:45:00,401.0,gas_ccgt,MW,nem,NSW1
2017-10-30 22:50:00,401.0,gas_ccgt,MW,nem,NSW1
2017-10-30 22:55:00,401.0,gas_ccgt,MW,nem,NSW1
2017-10-30 23:00:00,401.0,gas_ccgt,MW,nem,NSW1
2017-10-30 23:05:00,399.0,gas_ccgt,MW,nem,NSW1
2017-10-30 23:10:00,402.0,gas_ccgt,MW,nem,NSW1
2017-10-30 23:15:00,402.0,gas_ccgt,MW,nem,NSW1
2017-10-30 23:20:00,402.0,gas_ccgt,MW,nem,NSW1
2017-10-30 23:25:00,401.0,gas_ccgt,MW,nem,NSW1
2017-10-30 23:30:00,401.0,gas_ccgt,MW,nem,NSW1
2017-10-30 23:35:00,401.0,gas_ccgt,MW,nem,NSW1
2017-10-30 23:40:00,401.0,gas_ccgt,MW,nem,NSW1
2017-10-30 23:45:00,401.0,gas_ccgt,MW,nem,NSW1
2017-10-30 23:50:00,401.0,gas_ccgt,MW,nem,NSW1
2017-10-30 23:55:00,401.0,gas_ccgt,MW,nem,NSW1
2017-10-31 00:00:00,400.0,gas_ccgt,MW,nem,NSW1
2017-10-31 00:05:00,400.0,gas_ccgt,MW,nem,NSW1
2017-10-31 00:10:00,402.0,gas_ccgt,MW,nem,NSW1
2017-10-31 00:15:00,402.0,gas_ccgt,MW,nem,NSW1
2017-10-31 00:20:00,400.0,gas_ccgt,MW,nem,NSW1
2017-10-31 00:25:00,402.0,gas_ccgt,MW,nem,NSW1
2017-10-31 00:30:00,400.0,gas_ccgt,MW,nem,NSW1
2017-10-31 00:35:00,400.0,gas_ccgt,MW,nem,NSW1
2017-10-31 00:40:00,400.0,gas_ccgt,MW,nem,NSW1
2017-10-31 00:45:00,399.0,gas_ccgt,MW,nem,NSW1
2017-10-31 00:50:00,400.0,gas_ccgt,MW,nem,NSW1
2017-10-31 00:55:00,400.0,gas_ccgt,MW,nem,NSW1
2017-10-31 01:00:00,402.0,gas_ccgt,MW,nem,NSW1
2017-10-31 01:05:00,402.0,gas_ccgt,MW,nem,NSW1
2017-10-31 01:10:00,401.0,gas_ccgt,MW,nem,NSW1
2017-10-31 01:15:00,401.0,gas_ccgt,MW,nem,NSW1
2017-10-31 01:20:00,401.0,gas_ccgt,MW,nem,NSW1
2017-10-31 01:25:00,401.0,gas_ccgt,MW,nem,NSW1
2017-10-31 01:30:00,402.0,gas_ccgt,MW,nem,NSW1
2017-10-31 01:35:00,401.0,gas_ccgt,MW,nem,NSW1
2017-10-31 01:40:00,401.0,gas_ccgt,MW,nem,NSW1
2017-10-31 01:45:00,401.0,gas_ccgt,MW,nem,NSW1
2017-10-31 01:50:00,401.0,gas_ccgt,MW,nem,NSW1
2017-10-31 01:55:00,401.0,gas_ccgt,MW,nem,NSW1
2017-10-31 02:00:00,401.0,gas_ccgt,MW,nem,NSW1
2017-10-31 02:05:00,399.0,gas_ccgt,MW,nem,NSW1
2017-10-31 02:10:00,401.0,gas_ccgt,MW,nem,NSW1
2017-10-31 02:15:00,401.0,gas_ccgt,MW,nem,NSW1
2017-10-31 02:20:00,401.0,gas_ccgt,MW,nem,NSW1
2017-10-31 02:25:00,401.0,gas_ccgt,MW,nem,NSW1
2017-10-31 02:30:00,401.0,gas_ccgt,MW,nem,NSW1
2017-10-31 02:35:00,401.0,gas_ccgt,MW,nem,NSW1
2017-10-31 02:40:00,401.0,gas_ccgt,MW,nem,NSW1
2017-10-31 02:45:00,401.0,gas_ccgt,MW,nem,NSW1
2017-10-31 02:50:00,402.0,gas_ccgt,MW,nem,NSW1
2017-10-31 02:55:00,402.0,gas_ccgt,MW,nem,NSW1
2017-10-31 03:00:00,402.0,gas_ccgt,MW,nem,NSW1
2017-10-31 03:05:00,402.0,gas_ccgt,MW,nem,NSW1
2017-10-31 03:10:00,402.0,gas_ccgt,MW,nem,NSW1
2017-10-31 03:15:00,400.0,gas_ccgt,MW,nem,NSW1
2017-10-31 03:20:00,400.0,gas_ccgt,MW,nem,NSW1
2017-10-31 03:25:00,402.0,gas_ccgt,MW,nem,NSW1
2017-10-31 03:30:00,402.0,gas_ccgt,MW,nem,NSW1
2017-10-31 03:35:00,401.0,gas_ccgt,MW,nem,NSW1
2017-10-31 03:40:00,401.0,gas_ccgt,MW,nem,NSW1
2017-10-31 03:45:00,401.0,gas_ccgt,MW,nem,NSW1
2017-10-31 03:50:00,401.0,gas_ccgt,MW,nem,NSW1
2017-10-31 03:55:00,401.0,gas_ccgt,MW,nem,NSW1
2017-10-31 04:00:00,401.0,gas_ccgt,MW,nem,NSW1
2017-10-31 04:05:00,401.0,gas_ccgt,MW,nem,NSW1
2017-10-31 04:10:00,405.0,gas_ccgt,MW,nem,NSW1
2017-10-31 04:15:00,405.0,gas_ccgt,MW,nem,NSW1
2017-10-31 04:20:00,404.0,gas_ccgt,MW,nem,NSW1
2017-10-31 04:25:00,404.0,gas_ccgt,MW,nem,NSW1
2017-10-31 04:30:00,404.0,gas_ccgt,MW,nem,NSW1
2017-10-31 04:35:00,403.0,gas_ccgt,MW,nem,NSW1
2017-10-31 04:40:00,405.0,gas_ccgt,MW,nem,NSW1
2017-10-31 04:45:00,405.0,gas_ccgt,MW,nem,NSW1
2017-10-31 04:50:00,405.0,gas_ccgt,MW,nem,NSW1
2017-10-31 04:55:00,403.0,gas_ccgt,MW,nem,NSW1
2017-10-31 05:00:00,404.0,gas_ccgt,MW,nem,NSW1
2017-10-31 05:05:00,404.0,gas_ccgt,MW,nem,NSW1
2017-10-31 05:10:00,404.0,gas_ccgt,MW,nem,NSW1
2017-10-31 05:15:00,405.0,gas_ccgt,MW,nem,NSW1
2017-10-31 05:20:00,403.0,gas_ccgt,MW,nem,NSW1
2017-10-31 05:25:00,403.0,gas_ccgt,MW,nem,NSW1
2017-10-31 05:30:00,404.0,gas_ccgt,MW,nem,NSW1
2017-10-31 05:35:00,415.0,gas_ccgt,MW,nem,NSW1
2017-10-31 05:40:00,413.0,gas_ccgt,MW,nem,NSW1
2017-10-31 05:45:00,413.0,gas_ccgt,MW,nem,NSW1
2017-10-31 05:50:00,413.0,gas_ccgt,MW,nem,NSW1
2017-10-31 05:55:00,413.0,gas_ccgt,MW,nem,NSW1
2017-10-31 06:00:00,413.0,gas_ccgt,MW,nem,NSW1
2017-10-31 06:05:00,414.0,gas_ccgt,MW,nem,NSW1
2017-10-31 06:10:00,414.0,gas_ccgt,MW,nem,NSW1
2017-10-31 06:15:00,414.0,gas_ccgt,MW,nem,NSW1
2017-10-31 06:20:00,414.0,gas_ccgt,MW,nem,NSW1
2017-10-31 06:25:00,414.0,gas_ccgt,MW,nem,NSW1
2017-10-31 06:30:00,414.0,gas_ccgt,MW,nem,NSW1
2017-10-31 06:35:00,414.0,gas_ccgt,MW,nem,NSW1
2017-10-31 06:40:00,415.0,gas_ccgt,MW,nem,NSW1
2017-10-31 06:45:00,417.0,gas_ccgt,MW,nem,NSW1
2017-10-31 06:50:00,417.0,gas_ccgt,MW,nem,NSW1
2017-10-31 06:55:00,418.0,gas_ccgt,MW,nem,NSW1
2017-10-31 07:00:00,418.0,gas_ccgt,MW,nem,NSW1
2017-10-31 07:05:00,416.0,gas_ccgt,MW,nem,NSW1
2017-10-31 07:10:00,416.0,gas_ccgt,MW,nem,NSW1
2017-10-31 07:15:00,416.0,gas_ccgt,MW,nem,NSW1
2017-10-31 07:20:00,416.0,gas_ccgt,MW,nem,NSW1
2017-10-31 07:25:00,418.0,gas_ccgt,MW,nem,NSW1
2017-10-31 07:30:00,418.0,gas_ccgt,MW,nem,NSW1
2017-10-31 07:35:00,416.0,gas_ccgt,MW,nem,NSW1
2017-10-31 07:40:00,419.0,gas_ccgt,MW,nem,NSW1
2017-10-31 07:45:00,419.0,gas_ccgt,MW,nem,NSW1
2017-10-31 07:50:00,419.0,gas_ccgt,MW,nem,NSW1
2017-10-31 07:55:00,419.0,gas_ccgt,MW,nem,NSW1
2017-10-31 08:00:00,419.0,gas_ccgt,MW,nem,NSW1
2017-10-31 08:05:00,419.0,gas_ccgt,MW,nem,NSW1
2017-10-31 08:10:00,419.0,gas_ccgt,MW,nem,NSW1
2017-10-31 08:15:00,419.0,gas_ccgt,MW,nem,NSW1
2017-10-31 08:20:00,417.0,gas_ccgt,MW,nem,NSW1
2017-10-31 08:25:00,419.0,gas_ccgt,MW,nem,NSW1
2017-10-31 08:30:00,419.0,gas_ccgt,MW,nem,NSW1
2017-10-31 08:35:00,420.0,gas_ccgt,MW,nem,NSW1
2017-10-31 08:40:00,418.0,gas_ccgt,MW,nem,NSW1
2017-10-31 08:45:00,417.0,gas_ccgt,MW,nem,NSW1
2017-10-31 08:50:00,419.0,gas_ccgt,MW,nem,NSW1
2017-10-31 08:55:00,419.0,gas_ccgt,MW,nem,NSW1
2017-10-31 09:00:00,417.0,gas_ccgt,MW,nem,NSW1
2017-10-31 09:05:00,417.0,gas_ccgt,MW,nem,NSW1
2017-10-31 09:10:00,417.0,gas_ccgt,MW,nem,NSW1
2017-10-31 09:15:00,417.0,gas_ccgt,MW,nem,NSW1
2017-10-31 09:20:00,418.0,gas_ccgt,MW,nem,NSW1
2017-10-31 09:25:00,418.0,gas_ccgt,MW,nem,NSW1
2017-10-31 09:30:00,418.0,gas_ccgt,MW,nem,NSW1
2017-10-31 09:35:00,416.0,gas_ccgt,MW,nem,NSW1
2017-10-31 09:40:00,418.0,gas_ccgt,MW,nem,NSW1
2017-10-31 09:45:00,418.0,gas_ccgt,MW,nem,NSW1
2017-10-31 09:50:00,417.0,gas_ccgt,MW,nem,NSW1
2017-10-31 09:55:00,417.0,gas_ccgt,MW,nem,NSW1
2017-10-31 10:00:00,417.0,gas_ccgt,MW,nem,NSW1
2017-10-31 10:05:00,417.0,gas_ccgt,MW,nem,NSW1
2017-10-31 10:10:00,417.0,gas_ccgt,MW,nem,NSW1
2017-10-31 10:15:00,419.0,gas_ccgt,MW,nem,NSW1
2017-10-31 10:20:00,418.0,gas_ccgt,MW,nem,NSW1
2017-10-31 10:25:00,418.0,gas_ccgt,MW,nem,NSW1
2017-10-31 10:30:00,417.0,gas_ccgt,MW,nem,NSW1
2017-10-31 10:35:00,417.0,gas_ccgt,MW,nem,NSW1
2017-10-31 10:40:00,419.0,gas_ccgt,MW,nem,NSW1
2017-10-31 10:45:00,417.0,gas_ccgt,MW,nem,NSW1
2017-10-31 10:50:00,417.0,gas_ccgt,MW,nem,NSW1
2017-10-31 10:55:00,417.0,gas_ccgt,MW,nem,NSW1
2017-10-31 11:00:00,417.0,gas_ccgt,MW,nem,NSW1
2017-10-31 11:05:00,417.0,gas_ccgt,MW,nem,NSW1
2017-10-31 11:10:00,417.0,gas_ccgt,MW,nem,NSW1
2017-10-31 11:15:00,417.0,gas_ccgt,MW,nem,NSW1
2017-10-31 11:20:00,417.0,gas_ccgt,MW,nem,NSW1
2017-10-31 11:25:00,417.0,gas_ccgt,MW,nem,NSW1
2017-10-31 11:30:00,417.0,gas_ccgt,MW,nem,NSW1
2017-10-31 11:35:00,417.0,gas_ccgt,MW,nem,NSW1
2017-10-31 11:40:00,416.0,gas_ccgt,MW,nem,NSW1
2017-10-31 11:45:00,416.0,gas_ccgt,MW,nem,NSW1
2017-10-31 11:50:00,416.0,gas_ccgt,MW,nem,NSW1
2017-10-31 11:55:00,416.0,gas_ccgt,MW,nem,NSW1
2017-10-31 12:00:00,416.0,gas_ccgt,MW,nem,NSW1
2017-10-31 12:05:00,416.0,gas_ccgt,MW,nem,NSW1
2017-10-31 12:10:00,405.0,gas_ccgt,MW,nem,NSW1
2017-10-31 12:15:00,405.0,gas_ccgt,MW,nem,NSW1
2017-10-31 12:20:00,406.0,gas_ccgt,MW,nem,NSW1
2017-10-31 12:25:00,413.0,gas_ccgt,MW,nem,NSW1
2017-10-31 12:30:00,415.0,gas_ccgt,MW,nem,NSW1
2017-10-31 12:35:00,415.0,gas_ccgt,MW,nem,NSW1
2017-10-31 12:40:00,415.0,gas_ccgt,MW,nem,NSW1
2017-10-31 12:45:00,415.0,gas_ccgt,MW,nem,NSW1
2017-10-31 12:50:00,415.0,gas_ccgt,MW,nem,NSW1
2017-10-31 12:55:00,415.0,gas_ccgt,MW,nem,NSW1
2017-10-31 13:00:00,414.0,gas_ccgt,MW,nem,NSW1
2017-10-31 13:05:00,414.0,gas_ccgt,MW,nem,NSW1
2017-10-31 13:10:00,415.0,gas_ccgt,MW,nem,NSW1
2017-10-31 13:15:00,415.0,gas_ccgt,MW,nem,NSW1
2017-10-31 13:20:00,414.0,gas_ccgt,MW,nem,NSW1
2017-10-31 13:25:00,414.0,gas_ccgt,MW,nem,NSW1
2017-10-31 13:30:00,414.0,gas_ccgt,MW,nem,NSW1
2017-10-31 13:35:00,412.0,gas_ccgt,MW,nem,NSW1
2017-10-31 13:40:00,414.0,gas_ccgt,MW,nem,NSW1
2017-10-31 13:45:00,414.0,gas_ccgt,MW,nem,NSW1
2017-10-31 13:50:00,414.0,gas_ccgt,MW,nem,NSW1
2017-10-31 13:55:00,412.0,gas_ccgt,MW,nem,NSW1
2017-10-31 14:00:00,414.0,gas_ccgt,MW,nem,NSW1
2017-10-31 14:05:00,412.0,gas_ccgt,MW,nem,NSW1
2017-10-31 14:10:00,412.0,gas_ccgt,MW,nem,NSW1
2017-10-31 14:15:00,412.0,gas_ccgt,MW,nem,NSW1
2017-10-31 14:20:00,413.0,gas_ccgt,MW,nem,NSW1
2017-10-31 14:25:00,413.0,gas_ccgt,MW,nem,NSW1
2017-10-31 14:30:00,413.0,gas_ccgt,MW,nem,NSW1
2017-10-31 14:35:00,413.0,gas_ccgt,MW,nem,NSW1
2017-10-31 14:40:00,412.0,gas_ccgt,MW,nem,NSW1
2017-10-31 14:45:00,414.0,gas_ccgt,MW,nem,NSW1
2017-10-31 14:50:00,412.0,gas_ccgt,MW,nem,NSW1
2017-10-31 14:55:00,414.0,gas_ccgt,MW,nem,NSW1
2017-10-31 15:00:00,412.0,gas_ccgt,MW,nem,NSW1
2017-10-31 15:05:00,413.0,gas_ccgt,MW,nem,NSW1
2017-10-31 15:10:00,413.0,gas_ccgt,MW,nem,NSW1
2017-10-31 15:15:00,413.0,gas_ccgt,MW,nem,NSW1
2017-10-31 15:20:00,413.0,gas_ccgt,MW,nem,NSW1
2017-10-31 15:25:00,415.0,gas_ccgt,MW,nem,NSW1
2017-10-31 15:30:00,413.0,gas_ccgt,MW,nem,NSW1
2017-10-31 15:35:00,413.0,gas_ccgt,MW,nem,NSW1
2017-10-31 15:40:00,413.0,gas_ccgt,MW,nem,NSW1
2017-10-31 15:45:00,415.0,gas_ccgt,MW,nem,NSW1
2017-10-31 15:50:00,413.0,gas_ccgt,MW,nem,NSW1
2017-10-31 15:55:00,414.0,gas_ccgt,MW,nem,NSW1
2017-10-31 16:00:00,414.0,gas_ccgt,MW,nem,NSW1
2017-10-31 16:05:00,414.0,gas_ccgt,MW,nem,NSW1
2017-10-31 16:10:00,414.0,gas_ccgt,MW,nem,NSW1
2017-10-31 16:15:00,414.0,gas_ccgt,MW,nem,NSW1
2017-10-31 16:20:00,414.0,gas_ccgt,MW,nem,NSW1
2017-10-31 16:25:00,414.0,gas_ccgt,MW,nem,NSW1
2017-10-31 16:30:00,414.0,gas_ccgt,MW,nem,NSW1
2017-10-31 16:35:00,414.0,gas_ccgt,MW,nem,NSW1
2017-10-31 16:40:00,415.0,gas_ccgt,MW,nem,NSW1
2017-10-31 16:45:00,415.0,gas_ccgt,MW,nem,NSW1
2017-10-31 16:50:00,415.0,gas_ccgt,MW,nem,NSW1
2017-10-31 16:55:00,415.0,gas_ccgt,MW,nem,NSW1
2017-10-31 17:00:00,415.0,gas_ccgt,MW,nem,NSW1
2017-10-31 17:05:00,416.0,gas_ccgt,MW,nem,NSW1
2017-10-31 17:10:00,414.0,gas_ccgt,MW,nem,NSW1
2017-10-31 17:15:00,415.0,gas_ccgt,MW,nem,NSW1
2017-10-31 17:20:00,415.0,gas_ccgt,MW,nem,NSW1
2017-10-31 17:25:00,415.0,gas_ccgt,MW,nem,NSW1
2017-10-31 17:30:00,415.0,gas_ccgt,MW,nem,NSW1
2017-10-31 17:35:00,415.0,gas_ccgt,MW,nem,NSW1
2017-10-31 17:40:00,415.0,gas_ccgt,MW,nem,NSW1
2017-10-31 17:45:00,415.0,gas_ccgt,MW,nem,NSW1
2017-10-31 17:50:00,415.0,gas_ccgt,MW,nem,NSW1
2017-10-31 17:55:00,415.0,gas_ccgt,MW,nem,NSW1
2017-10-31 18:00:00,414.0,gas_ccgt,MW,nem,NSW1
2017-10-31 18:05:00,415.0,gas_ccgt,MW,nem,NSW1
2017-10-31 18:10:00,415.0,gas_ccgt,MW,nem,NSW1
2017-10-31 18:15:00,415.0,gas_ccgt,MW,nem,NSW1
2017-10-31 18:20:00,416.0,gas_ccgt,MW,nem,NSW1
2017-10-31 18:25:00,415.0,gas_ccgt,MW,nem,NSW1
2017-10-31 18:30:00,414.0,gas_ccgt,MW,nem,NSW1
2017-10-31 18:35:00,416.0,gas_ccgt,MW,nem,NSW1
2017-10-31 18:40:00,416.0,gas_ccgt,MW,nem,NSW1
2017-10-31 18:45:00,414.0,gas_ccgt,MW,nem,NSW1
2017-10-31 18:50:00,414.0,gas_ccgt,MW,nem,NSW1
2017-10-31 18:55:00,416.0,gas_ccgt,MW,nem,NSW1
2017-10-31 19:00:00,416.0,gas_ccgt,MW,nem,NSW1
2017-10-31 19:05:00,415.0,gas_ccgt,MW,nem,NSW1
2017-10-31 19:10:00,415.0,gas_ccgt,MW,nem,NSW1
2017-10-31 19:15:00,415.0,gas_ccgt,MW,nem,NSW1
2017-10-31 19:20:00,414.0,gas_ccgt,MW,nem,NSW1
2017-10-31 19:25:00,416.0,gas_ccgt,MW,nem,NSW1
2017-10-31 19:30:00,415.0,gas_ccgt,MW,nem,NSW1
2017-10-31 19:35:00,415.0,gas_ccgt,MW,nem,NSW1
2017-10-31 19:40:00,414.0,gas_ccgt,MW,nem,NSW1
2017-10-31 19:45:00,416.0,gas_ccgt,MW,nem,NSW1
2017-10-31 19:50:00,416.0,gas_ccgt,MW,nem,NSW1
2017-10-31 19:55:00,414.0,gas_ccgt,MW,nem,NSW1
2017-10-31 20:00:00,414.0,gas_ccgt,MW,nem,NSW1
2017-10-31 20:05:00,416.0,gas_ccgt,MW,nem,NSW1
2017-10-31 20:10:00,415.0,gas_ccgt,MW,nem,NSW1
2017-10-31 20:15:00,415.0,gas_ccgt,MW,nem,NSW1
2017-10-31 20:20:00,414.0,gas_ccgt,MW,nem,NSW1
2017-10-31 20:25:00,415.0,gas_ccgt,MW,nem,NSW1
2017-10-31 20:30:00,414.0,gas_ccgt,MW,nem,NSW1
2017-10-31 20:35:00,416.0,gas_ccgt,MW,nem,NSW1
2017-10-31 20:40:00,414.0,gas_ccgt,MW,nem,NSW1
2017-10-31 20:45:00,414.0,gas_ccgt,MW,nem,NSW1
2017-10-31 20:50:00,414.0,gas_ccgt,MW,nem,NSW1
2017-10-31 20:55:00,415.0,gas_ccgt,MW,nem,NSW1
2017-10-31 21:00:00,416.0,gas_ccgt,MW,nem,NSW1
2017-10-31 21:05:00,414.0,gas_ccgt,MW,nem,NSW1
2017-10-31 21:10:00,415.0,gas_ccgt,MW,nem,NSW1
2017-10-31 21:15:00,416.0,gas_ccgt,MW,nem,NSW1
2017-10-31 21:20:00,416.0,gas_ccgt,MW,nem,NSW1
2017-10-31 21:25:00,416.0,gas_ccgt,MW,nem,NSW1
2017-10-31 21:30:00,415.0,gas_ccgt,MW,nem,NSW1
2017-10-31 21:35:00,415.0,gas_ccgt,MW,nem,NSW1
2017-10-31 21:40:00,415.0,gas_ccgt,MW,nem,NSW1
2017-10-31 21:45:00,415.0,gas_ccgt,MW,nem,NSW1
2017-10-31 21:50:00,414.0,gas_ccgt,MW,nem,NSW1
2017-10-31 21:55:00,414.0,gas_ccgt,MW,nem,NSW1
2017-10-31 22:00:00,416.0,gas_ccgt,MW,nem,NSW1
2017-10-31 22:05:00,414.0,gas_ccgt,MW,nem,NSW1
2017-10-31 22:10:00,415.0,gas_ccgt,MW,nem,NSW1
2017-10-31 22:15:00,415.0,gas_ccgt,MW,nem,NSW1
2017-10-31 22:20:00,415.0,gas_ccgt,MW,nem,NSW1
2017-10-31 22:25:00,416.0,gas_ccgt,MW,nem,NSW1
2017-10-31 22:30:00,416.0,gas_ccgt,MW,nem,NSW1
2017-10-31 22:35:00,415.0,gas_ccgt,MW,nem,NSW1
2017-10-31 22:40:00,415.0,gas_ccgt,MW,nem,NSW1
2017-10-31 22:45:00,415.0,gas_ccgt,MW,nem,NSW1
2017-10-31 22:50:00,415.0,gas_ccgt,MW,nem,NSW1
2017-10-31 22:55:00,415.0,gas_ccgt,MW,nem,NSW1
2017-10-31 23:00:00,415.0,gas_ccgt,MW,nem,NSW1
2017-10-31 23:05:00,415.0,gas_ccgt,MW,nem,NSW1
2017-10-31 23:10:00,415.0,gas_ccgt,MW,nem,NSW1
2017-10-31 23:15:00,416.0,gas_ccgt,MW,nem,NSW1
2017-10-31 23:20:00,414.0,gas_ccgt,MW,nem,NSW1
2017-10-31 23:25:00,414.0,gas_ccgt,MW,nem,NSW1
2017-10-31 23:30:00,414.0,gas_ccgt,MW,nem,NSW1
2017-10-31 23:35:00,414.0,gas_ccgt,MW,nem,NSW1
2017-10-31 23:40:00,414.0,gas_ccgt,MW,nem,NSW1
2017-10-31 23:45:00,416.0,gas_ccgt,MW,nem,NSW1
2017-10-31 23:50:00,415.0,gas_ccgt,MW,nem,NSW1
2017-10-31 23:55:00,415.0,gas_ccgt,MW,nem,NSW1
2017-10-01 00:00:00,85.59,hydro,MW,nem,NSW1
2017-10-01 00:05:00,85.83,hydro,MW,nem,NSW1
2017-10-01 00:10:00,85.68,hydro,MW,nem,NSW1
2017-10-01 00:15:00,85.43,hydro,MW,nem,NSW1
2017-10-01 00:20:00,86.18,hydro,MW,nem,NSW1
2017-10-01 00:25:00,85.44,hydro,MW,nem,NSW1
2017-10-01 00:30:00,85.57,hydro,MW,nem,NSW1
2017-10-01 00:35:00,85.91,hydro,MW,nem,NSW1
2017-10-01 00:40:00,85.86,hydro,MW,nem,NSW1
2017-10-01 00:45:00,85.87,hydro,MW,nem,NSW1
2017-10-01 00:50:00,85.5,hydro,MW,nem,NSW1
2017-10-01 00:55:00,85.12,hydro,MW,nem,NSW1
2017-10-01 01:00:00,86.02,hydro,MW,nem,NSW1
2017-10-01 01:05:00,85.52,hydro,MW,nem,NSW1
2017-10-01 01:10:00,86.23,hydro,MW,nem,NSW1
2017-10-01 01:15:00,85.68,hydro,MW,nem,NSW1
2017-10-01 01:20:00,86.3,hydro,MW,nem,NSW1
2017-10-01 01:25:00,84.72,hydro,MW,nem,NSW1
2017-10-01 01:30:00,84.9,hydro,MW,nem,NSW1
2017-10-01 01:35:00,85.81,hydro,MW,nem,NSW1
2017-10-01 01:40:00,85.88,hydro,MW,nem,NSW1
2017-10-01 01:45:00,85.83,hydro,MW,nem,NSW1
2017-10-01 01:50:00,85.28,hydro,MW,nem,NSW1
2017-10-01 01:55:00,85.68,hydro,MW,nem,NSW1
2017-10-01 02:00:00,85.9,hydro,MW,nem,NSW1
2017-10-01 02:05:00,85.39,hydro,MW,nem,NSW1
2017-10-01 02:10:00,85.37,hydro,MW,nem,NSW1
2017-10-01 02:15:00,85.84,hydro,MW,nem,NSW1
2017-10-01 02:20:00,85.21,hydro,MW,nem,NSW1
2017-10-01 02:25:00,85.29,hydro,MW,nem,NSW1
2017-10-01 02:30:00,85.63,hydro,MW,nem,NSW1
2017-10-01 02:35:00,84.64,hydro,MW,nem,NSW1
2017-10-01 02:40:00,85.01,hydro,MW,nem,NSW1
2017-10-01 02:45:00,85.35,hydro,MW,nem,NSW1
2017-10-01 02:50:00,85.51,hydro,MW,nem,NSW1
2017-10-01 02:55:00,85.82,hydro,MW,nem,NSW1
2017-10-01 03:00:00,85.74,hydro,MW,nem,NSW1
2017-10-01 03:05:00,85.31,hydro,MW,nem,NSW1
2017-10-01 03:10:00,85.99,hydro,MW,nem,NSW1
2017-10-01 03:15:00,86.1,hydro,MW,nem,NSW1
2017-10-01 03:20:00,85.48,hydro,MW,nem,NSW1
2017-10-01 03:25:00,85.22,hydro,MW,nem,NSW1
2017-10-01 03:30:00,86.05,hydro,MW,nem,NSW1
2017-10-01 03:35:00,85.5,hydro,MW,nem,NSW1
2017-10-01 03:40:00,84.88,hydro,MW,nem,NSW1
2017-10-01 03:45:00,86.16,hydro,MW,nem,NSW1
2017-10-01 03:50:00,85.26,hydro,MW,nem,NSW1
2017-10-01 03:55:00,86.04,hydro,MW,nem,NSW1
2017-10-01 04:00:00,85.41,hydro,MW,nem,NSW1
2017-10-01 04:05:00,85.41,hydro,MW,nem,NSW1
2017-10-01 04:10:00,85.7,hydro,MW,nem,NSW1
2017-10-01 04:15:00,85.37,hydro,MW,nem,NSW1
2017-10-01 04:20:00,85.77,hydro,MW,nem,NSW1
2017-10-01 04:25:00,86.45,hydro,MW,nem,NSW1
2017-10-01 04:30:00,85.5,hydro,MW,nem,NSW1
2017-10-01 04:35:00,85.11,hydro,MW,nem,NSW1
2017-10-01 04:40:00,85.53,hydro,MW,nem,NSW1
2017-10-01 04:45:00,85.37,hydro,MW,nem,NSW1
2017-10-01 04:50:00,86.03,hydro,MW,nem,NSW1
2017-10-01 04:55:00,86.25,hydro,MW,nem,NSW1
2017-10-01 05:00:00,86.05,hydro,MW,nem,NSW1
2017-10-01 05:05:00,85.79,hydro,MW,nem,NSW1
2017-10-01 05:10:00,85.53,hydro,MW,nem,NSW1
2017-10-01 05:15:00,86.42,hydro,MW,nem,NSW1
2017-10-01 05:20:00,85.58,hydro,MW,nem,NSW1
2017-10-01 05:25:00,85.5,hydro,MW,nem,NSW1
2017-10-01 05:30:00,86.17,hydro,MW,nem,NSW1
2017-10-01 05:35:00,85.76,hydro,MW,nem,NSW1
2017-10-01 05:40:00,85.58,hydro,MW,nem,NSW1
2017-10-01 05:45:00,86.3,hydro,MW,nem,NSW1
2017-10-01 05:50:00,85.88,hydro,MW,nem,NSW1
2017-10-01 05:55:00,85.86,hydro,MW,nem,NSW1
2017-10-01 06:00:00,85.74,hydro,MW,nem,NSW1
2017-10-01 06:05:00,85.83,hydro,MW,nem,NSW1
2017-10-01 06:10:00,85.43,hydro,MW,nem,NSW1
2017-10-01 06:15:00,85.9,hydro,MW,nem,NSW1
2017-10-01 06:20:00,85.48,hydro,MW,nem,NSW1
2017-10-01 06:25:00,85.43,hydro,MW,nem,NSW1
2017-10-01 06:30:00,85.93,hydro,MW,nem,NSW1
2017-10-01 06:35:00,85.97,hydro,MW,nem,NSW1
2017-10-01 06:40:00,86.44,hydro,MW,nem,NSW1
2017-10-01 06:45:00,85.13,hydro,MW,nem,NSW1
2017-10-01 06:50:00,85.85,hydro,MW,nem,NSW1
2017-10-01 06:55:00,85.15,hydro,MW,nem,NSW1
2017-10-01 07:00:00,86.3,hydro,MW,nem,NSW1
2017-10-01 07:05:00,87.2,hydro,MW,nem,NSW1
2017-10-01 07:10:00,84.89,hydro,MW,nem,NSW1
2017-10-01 07:15:00,84.53,hydro,MW,nem,NSW1
2017-10-01 07:20:00,85.8,hydro,MW,nem,NSW1
2017-10-01 07:25:00,85.94,hydro,MW,nem,NSW1
2017-10-01 07:30:00,85.64,hydro,MW,nem,NSW1
2017-10-01 07:35:00,85.71,hydro,MW,nem,NSW1
2017-10-01 07:40:00,86.16,hydro,MW,nem,NSW1
2017-10-01 07:45:00,85.81,hydro,MW,nem,NSW1
2017-10-01 07:50:00,85.27,hydro,MW,nem,NSW1
2017-10-01 07:55:00,84.64,hydro,MW,nem,NSW1
2017-10-01 08:00:00,85.32,hydro,MW,nem,NSW1
2017-10-01 08:05:00,85.85,hydro,MW,nem,NSW1
2017-10-01 08:10:00,86.19,hydro,MW,nem,NSW1
2017-10-01 08:15:00,86.2,hydro,MW,nem,NSW1
2017-10-01 08:20:00,85.02,hydro,MW,nem,NSW1
2017-10-01 08:25:00,85.88,hydro,MW,nem,NSW1
2017-10-01 08:30:00,85.4,hydro,MW,nem,NSW1
2017-10-01 08:35:00,85.42,hydro,MW,nem,NSW1
2017-10-01 08:40:00,86.21,hydro,MW,nem,NSW1
2017-10-01 08:45:00,86.03,hydro,MW,nem,NSW1
2017-10-01 08:50:00,85.6,hydro,MW,nem,NSW1
2017-10-01 08:55:00,85.98,hydro,MW,nem,NSW1
2017-10-01 09:00:00,85.64,hydro,MW,nem,NSW1
2017-10-01 09:05:00,85.89,hydro,MW,nem,NSW1
2017-10-01 09:10:00,84.96,hydro,MW,nem,NSW1
2017-10-01 09:15:00,85.75,hydro,MW,nem,NSW1
2017-10-01 09:20:00,85.77,hydro,MW,nem,NSW1
2017-10-01 09:25:00,86.08,hydro,MW,nem,NSW1
2017-10-01 09:30:00,85.84,hydro,MW,nem,NSW1
2017-10-01 09:35:00,85.16,hydro,MW,nem,NSW1
2017-10-01 09:40:00,86.3,hydro,MW,nem,NSW1
2017-10-01 09:45:00,85.68,hydro,MW,nem,NSW1
2017-10-01 09:50:00,85.65,hydro,MW,nem,NSW1
2017-10-01 09:55:00,85.12,hydro,MW,nem,NSW1
2017-10-01 10:00:00,85.95,hydro,MW,nem,NSW1
2017-10-01 10:05:00,85.17,hydro,MW,nem,NSW1
2017-10-01 10:10:00,85.74,hydro,MW,nem,NSW1
2017-10-01 10:15:00,85.41,hydro,MW,nem,NSW1
2017-10-01 10:20:00,85.37,hydro,MW,nem,NSW1
2017-10-01 10:25:00,84.54,hydro,MW,nem,NSW1
2017-10-01 10:30:00,85.68,hydro,MW,nem,NSW1
2017-10-01 10:35:00,85.13,hydro,MW,nem,NSW1
2017-10-01 10:40:00,85.34,hydro,MW,nem,NSW1
2017-10-01 10:45:00,86.07,hydro,MW,nem,NSW1
2017-10-01 10:50:00,85.83,hydro,MW,nem,NSW1
2017-10-01 10:55:00,86.06,hydro,MW,nem,NSW1
2017-10-01 11:00:00,85.6,hydro,MW,nem,NSW1
2017-10-01 11:05:00,86.1,hydro,MW,nem,NSW1
2017-10-01 11:10:00,85.92,hydro,MW,nem,NSW1
2017-10-01 11:15:00,85.78,hydro,MW,nem,NSW1
2017-10-01 11:20:00,86.1,hydro,MW,nem,NSW1
2017-10-01 11:25:00,85.24,hydro,MW,nem,NSW1
2017-10-01 11:30:00,85.7,hydro,MW,nem,NSW1
2017-10-01 11:35:00,85.43,hydro,MW,nem,NSW1
2017-10-01 11:40:00,85.93,hydro,MW,nem,NSW1
2017-10-01 11:45:00,85.9,hydro,MW,nem,NSW1
2017-10-01 11:50:00,85.27,hydro,MW,nem,NSW1
2017-10-01 11:55:00,86.0,hydro,MW,nem,NSW1
2017-10-01 12:00:00,86.35,hydro,MW,nem,NSW1
2017-10-01 12:05:00,85.82,hydro,MW,nem,NSW1
2017-10-01 12:10:00,85.77,hydro,MW,nem,NSW1
2017-10-01 12:15:00,86.17,hydro,MW,nem,NSW1
2017-10-01 12:20:00,85.66,hydro,MW,nem,NSW1
2017-10-01 12:25:00,85.17,hydro,MW,nem,NSW1
2017-10-01 12:30:00,86.16,hydro,MW,nem,NSW1
2017-10-01 12:35:00,86.04,hydro,MW,nem,NSW1
2017-10-01 12:40:00,86.08,hydro,MW,nem,NSW1
2017-10-01 12:45:00,85.99,hydro,MW,nem,NSW1
2017-10-01 12:50:00,84.91,hydro,MW,nem,NSW1
2017-10-01 12:55:00,85.43,hydro,MW,nem,NSW1
2017-10-01 13:00:00,85.72,hydro,MW,nem,NSW1
2017-10-01 13:05:00,85.11,hydro,MW,nem,NSW1
2017-10-01 13:10:00,85.69,hydro,MW,nem,NSW1
2017-10-01 13:15:00,86.02,hydro,MW,nem,NSW1
2017-10-01 13:20:00,84.89,hydro,MW,nem,NSW1
2017-10-01 13:25:00,85.62,hydro,MW,nem,NSW1
2017-10-01 13:30:00,84.92,hydro,MW,nem,NSW1
2017-10-01 13:35:00,85.38,hydro,MW,nem,NSW1
2017-10-01 13:40:00,86.12,hydro,MW,nem,NSW1
2017-10-01 13:45:00,85.93,hydro,MW,nem,NSW1
2017-10-01 13:50:00,84.86,hydro,MW,nem,NSW1
2017-10-01 13:55:00,85.32,hydro,MW,nem,NSW1
2017-10-01 14:00:00,86.02,hydro,MW,nem,NSW1
2017-10-01 14:05:00,85.74,hydro,MW,nem,NSW1
2017-10-01 14:10:00,85.68,hydro,MW,nem,NSW1
2017-10-01 14:15:00,86.22,hydro,MW,nem,NSW1
2017-10-01 14:20:00,85.37,hydro,MW,nem,NSW1
2017-10-01 14:25:00,85.59,hydro,MW,nem,NSW1
2017-10-01 14:30:00,85.66,hydro,MW,nem,NSW1
2017-10-01 14:35:00,85.76,hydro,MW,nem,NSW1
2017-10-01 14:40:00,85.79,hydro,MW,nem,NSW1
2017-10-01 14:45:00,85.43,hydro,MW,nem,NSW1
2017-10-01 14:50:00,84.89,hydro,MW,nem,NSW1
2017-10-01 14:55:00,85.25,hydro,MW,nem,NSW1
2017-10-01 15:00:00,85.95,hydro,MW,nem,NSW1
2017-10-01 15:05:00,85.85,hydro,MW,nem,NSW1
2017-10-01 15:10:00,85.42,hydro,MW,nem,NSW1
2017-10-01 15:15:00,85.73,hydro,MW,nem,NSW1
2017-10-01 15:20:00,85.8,hydro,MW,nem,NSW1
2017-10-01 15:25:00,85.26,hydro,MW,nem,NSW1
2017-10-01 15:30:00,86.42,hydro,MW,nem,NSW1
2017-10-01 15:35:00,85.62,hydro,MW,nem,NSW1
2017-10-01 15:40:00,85.77,hydro,MW,nem,NSW1
2017-10-01 15:45:00,85.53,hydro,MW,nem,NSW1
2017-10-01 15:50:00,85.73,hydro,MW,nem,NSW1
2017-10-01 15:55:00,85.3,hydro,MW,nem,NSW1
2017-10-01 16:00:00,85.63,hydro,MW,nem,NSW1
2017-10-01 16:05:00,86.1,hydro,MW,nem,NSW1
2017-10-01 16:10:00,85.36,hydro,MW,nem,NSW1
2017-10-01 16:15:00,86.43,hydro,MW,nem,NSW1
2017-10-01 16:20:00,85.91,hydro,MW,nem,NSW1
2017-10-01 16:25:00,85.36,hydro,MW,nem,NSW1
2017-10-01 16:30:00,85.42,hydro,MW,nem,NSW1
2017-10-01 16:35:00,95.39,hydro,MW,nem,NSW1
2017-10-01 16:40:00,106.9,hydro,MW,nem,NSW1
2017-10-01 16:45:00,116.2,hydro,MW,nem,NSW1
2017-10-01 16:50:00,117.3,hydro,MW,nem,NSW1
2017-10-01 16:55:00,117.0,hydro,MW,nem,NSW1
2017-10-01 17:00:00,118.0,hydro,MW,nem,NSW1
2017-10-01 17:05:00,117.2,hydro,MW,nem,NSW1
2017-10-01 17:10:00,115.9,hydro,MW,nem,NSW1
2017-10-01 17:15:00,116.2,hydro,MW,nem,NSW1
2017-10-01 17:20:00,116.9,hydro,MW,nem,NSW1
2017-10-01 17:25:00,117.4,hydro,MW,nem,NSW1
2017-10-01 17:30:00,116.7,hydro,MW,nem,NSW1
2017-10-01 17:35:00,117.6,hydro,MW,nem,NSW1
2017-10-01 17:40:00,115.7,hydro,MW,nem,NSW1
2017-10-01 17:45:00,116.4,hydro,MW,nem,NSW1
2017-10-01 17:50:00,115.8,hydro,MW,nem,NSW1
2017-10-01 17:55:00,118.0,hydro,MW,nem,NSW1
2017-10-01 18:00:00,115.8,hydro,MW,nem,NSW1
2017-10-01 18:05:00,116.9,hydro,MW,nem,NSW1
2017-10-01 18:10:00,115.4,hydro,MW,nem,NSW1
2017-10-01 18:15:00,116.7,hydro,MW,nem,NSW1
2017-10-01 18:20:00,116.0,hydro,MW,nem,NSW1
2017-10-01 18:25:00,117.0,hydro,MW,nem,NSW1
2017-10-01 18:30:00,116.2,hydro,MW,nem,NSW1
2017-10-01 18:35:00,117.1,hydro,MW,nem,NSW1
2017-10-01 18:40:00,116.8,hydro,MW,nem,NSW1
2017-10-01 18:45:00,116.8,hydro,MW,nem,NSW1
2017-10-01 18:50:00,116.3,hydro,MW,nem,NSW1
2017-10-01 18:55:00,117.3,hydro,MW,nem,NSW1
2017-10-01 19:00:00,116.0,hydro,MW,nem,NSW1
2017-10-01 19:05:00,117.4,hydro,MW,nem,NSW1
2017-10-01 19:10:00,115.6,hydro,MW,nem,NSW1
2017-10-01 19:15:00,118.0,hydro,MW,nem,NSW1
2017-10-01 19:20:00,116.5,hydro,MW,nem,NSW1
2017-10-01 19:25:00,114.9,hydro,MW,nem,NSW1
2017-10-01 19:30:00,117.1,hydro,MW,nem,NSW1
2017-10-01 19:35:00,116.7,hydro,MW,nem,NSW1
2017-10-01 19:40:00,117.5,hydro,MW,nem,NSW1
2017-10-01 19:45:00,116.7,hydro,MW,nem,NSW1
2017-10-01 19:50:00,115.8,hydro,MW,nem,NSW1
2017-10-01 19:55:00,117.1,hydro,MW,nem,NSW1
2017-10-01 20:00:00,117.1,hydro,MW,nem,NSW1
2017-10-01 20:05:00,117.1,hydro,MW,nem,NSW1
2017-10-01 20:10:00,117.3,hydro,MW,nem,NSW1
2017-10-01 20:15:00,116.4,hydro,MW,nem,NSW1
2017-10-01 20:20:00,116.7,hydro,MW,nem,NSW1
2017-10-01 20:25:00,118.0,hydro,MW,nem,NSW1
2017-10-01 20:30:00,116.6,hydro,MW,nem,NSW1
2017-10-01 20:35:00,117.5,hydro,MW,nem,NSW1
2017-10-01 20:40:00,115.6,hydro,MW,nem,NSW1
2017-10-01 20:45:00,115.5,hydro,MW,nem,NSW1
2017-10-01 20:50:00,116.3,hydro,MW,nem,NSW1
2017-10-01 20:55:00,117.8,hydro,MW,nem,NSW1
2017-10-01 21:00:00,115.9,hydro,MW,nem,NSW1
2017-10-01 21:05:00,117.8,hydro,MW,nem,NSW1
2017-10-01 21:10:00,116.8,hydro,MW,nem,NSW1
2017-10-01 21:15:00,115.3,hydro,MW,nem,NSW1
2017-10-01 21:20:00,118.1,hydro,MW,nem,NSW1
2017-10-01 21:25:00,116.1,hydro,MW,nem,NSW1
2017-10-01 21:30:00,116.5,hydro,MW,nem,NSW1
2017-10-01 21:35:00,116.2,hydro,MW,nem,NSW1
2017-10-01 21:40:00,117.8,hydro,MW,nem,NSW1
2017-10-01 21:45:00,116.7,hydro,MW,nem,NSW1
2017-10-01 21:50:00,116.9,hydro,MW,nem,NSW1
2017-10-01 21:55:00,116.0,hydro,MW,nem,NSW1
2017-10-01 22:00:00,117.3,hydro,MW,nem,NSW1
2017-10-01 22:05:00,117.1,hydro,MW,nem,NSW1
2017-10-01 22:10:00,115.7,hydro,MW,nem,NSW1
2017-10-01 22:15:00,117.6,hydro,MW,nem,NSW1
2017-10-01 22:20:00,116.1,hydro,MW,nem,NSW1
2017-10-01 22:25:00,237.5,hydro,MW,nem,NSW1
2017-10-01 22:30:00,216.2,hydro,MW,nem,NSW1
2017-10-01 22:35:00,116.1,hydro,MW,nem,NSW1
2017-10-01 22:40:00,115.1,hydro,MW,nem,NSW1
2017-10-01 22:45:00,116.6,hydro,MW,nem,NSW1
2017-10-01 22:50:00,116.6,hydro,MW,nem,NSW1
2017-10-01 22:55:00,117.1,hydro,MW,nem,NSW1
2017-10-01 23:00:00,115.8,hydro,MW,nem,NSW1
2017-10-01 23:05:00,116.6,hydro,MW,nem,NSW1
2017-10-01 23:10:00,117.3,hydro,MW,nem,NSW1
2017-10-01 23:15:00,116.7,hydro,MW,nem,NSW1
2017-10-01 23:20:00,116.8,hydro,MW,nem,NSW1
2017-10-01 23:25:00,117.3,hydro,MW,nem,NSW1
2017-10-01 23:30:00,117.6,hydro,MW,nem,NSW1
2017-10-01 23:35:00,117.7,hydro,MW,nem,NSW1
2017-10-01 23:40:00,115.7,hydro,MW,nem,NSW1
2017-10-01 23:45:00,116.3,hydro,MW,nem,NSW1
2017-10-01 23:50:00,117.9,hydro,MW,nem,NSW1
2017-10-01 23:55:00,117.0,hydro,MW,nem,NSW1
2017-10-02 00:00:00,116.4,hydro,MW,nem,NSW1
2017-10-02 00:05:00,116.6,hydro,MW,nem,NSW1
2017-10-02 00:10:00,117.1,hydro,MW,nem,NSW1
2017-10-02 00:15:00,116.4,hydro,MW,nem,NSW1
2017-10-02 00:20:00,115.8,hydro,MW,nem,NSW1
2017-10-02 00:25:00,117.0,hydro,MW,nem,NSW1
2017-10-02 00:30:00,114.9,hydro,MW,nem,NSW1
2017-10-02 00:35:00,117.3,hydro,MW,nem,NSW1
2017-10-02 00:40:00,116.1,hydro,MW,nem,NSW1
2017-10-02 00:45:00,116.9,hydro,MW,nem,NSW1
2017-10-02 00:50:00,117.0,hydro,MW,nem,NSW1
2017-10-02 00:55:00,117.9,hydro,MW,nem,NSW1
2017-10-02 01:00:00,116.2,hydro,MW,nem,NSW1
2017-10-02 01:05:00,117.2,hydro,MW,nem,NSW1
2017-10-02 01:10:00,116.3,hydro,MW,nem,NSW1
2017-10-02 01:15:00,115.5,hydro,MW,nem,NSW1
2017-10-02 01:20:00,116.6,hydro,MW,nem,NSW1
2017-10-02 01:25:00,116.0,hydro,MW,nem,NSW1
2017-10-02 01:30:00,115.7,hydro,MW,nem,NSW1
2017-10-02 01:35:00,117.7,hydro,MW,nem,NSW1
2017-10-02 01:40:00,86.54,hydro,MW,nem,NSW1
2017-10-02 01:45:00,85.66,hydro,MW,nem,NSW1
2017-10-02 01:50:00,86.17,hydro,MW,nem,NSW1
2017-10-02 01:55:00,85.87,hydro,MW,nem,NSW1
2017-10-02 02:00:00,85.57,hydro,MW,nem,NSW1
2017-10-02 02:05:00,85.55,hydro,MW,nem,NSW1
2017-10-02 02:10:00,85.6,hydro,MW,nem,NSW1
2017-10-02 02:15:00,85.06,hydro,MW,nem,NSW1
2017-10-02 02:20:00,85.42,hydro,MW,nem,NSW1
2017-10-02 02:25:00,85.9,hydro,MW,nem,NSW1
2017-10-02 02:30:00,86.02,hydro,MW,nem,NSW1
2017-10-02 02:35:00,85.35,hydro,MW,nem,NSW1
2017-10-02 02:40:00,85.39,hydro,MW,nem,NSW1
2017-10-02 02:45:00,85.28,hydro,MW,nem,NSW1
2017-10-02 02:50:00,85.99,hydro,MW,nem,NSW1
2017-10-02 02:55:00,84.97,hydro,MW,nem,NSW1
2017-10-02 03:00:00,86.37,hydro,MW,nem,NSW1
2017-10-02 03:05:00,85.7,hydro,MW,nem,NSW1
2017-10-02 03:10:00,85.33,hydro,MW,nem,NSW1
2017-10-02 03:15:00,86.06,hydro,MW,nem,NSW1
2017-10-02 03:20:00,86.44,hydro,MW,nem,NSW1
2017-10-02 03:25:00,86.2,hydro,MW,nem,NSW1
2017-10-02 03:30:00,85.32,hydro,MW,nem,NSW1
2017-10-02 03:35:00,85.11,hydro,MW,nem,NSW1
2017-10-02 03:40:00,85.35,hydro,MW,nem,NSW1
2017-10-02 03:45:00,86.03,hydro,MW,nem,NSW1
2017-10-02 03:50:00,85.21,hydro,MW,nem,NSW1
2017-10-02 03:55:00,86.13,hydro,MW,nem,NSW1
2017-10-02 04:00:00,85.38,hydro,MW,nem,NSW1
2017-10-02 04:05:00,85.88,hydro,MW,nem,NSW1
2017-10-02 04:10:00,85.92,hydro,MW,nem,NSW1
2017-10-02 04:15:00,86.13,hydro,MW,nem,NSW1
2017-10-02 04:20:00,85.94,hydro,MW,nem,NSW1
2017-10-02 04:25:00,85.79,hydro,MW,nem,NSW1
2017-10-02 04:30:00,85.54,hydro,MW,nem,NSW1
2017-10-02 04:35:00,86.06,hydro,MW,nem,NSW1
2017-10-02 04:40:00,85.69,hydro,MW,nem,NSW1
2017-10-02 04:45:00,85.63,hydro,MW,nem,NSW1
2017-10-02 04:50:00,86.12,hydro,MW,nem,NSW1
2017-10-02 04:55:00,86.21,hydro,MW,nem,NSW1
2017-10-02 05:00:00,85.2,hydro,MW,nem,NSW1
2017-10-02 05:05:00,85.71,hydro,MW,nem,NSW1
2017-10-02 05:10:00,85.21,hydro,MW,nem,NSW1
2017-10-02 05:15:00,85.98,hydro,MW,nem,NSW1
2017-10-02 05:20:00,85.82,hydro,MW,nem,NSW1
2017-10-02 05:25:00,85.23,hydro,MW,nem,NSW1
2017-10-02 05:30:00,86.26,hydro,MW,nem,NSW1
2017-10-02 05:35:00,85.26,hydro,MW,nem,NSW1
2017-10-02 05:40:00,86.04,hydro,MW,nem,NSW1
2017-10-02 05:45:00,85.48,hydro,MW,nem,NSW1
2017-10-02 05:50:00,86.64,hydro,MW,nem,NSW1
2017-10-02 05:55:00,86.39,hydro,MW,nem,NSW1
2017-10-02 06:00:00,85.78,hydro,MW,nem,NSW1
2017-10-02 06:05:00,84.84,hydro,MW,nem,NSW1
2017-10-02 06:10:00,85.1,hydro,MW,nem,NSW1
2017-10-02 06:15:00,86.23,hydro,MW,nem,NSW1
2017-10-02 06:20:00,85.97,hydro,MW,nem,NSW1
2017-10-02 06:25:00,85.48,hydro,MW,nem,NSW1
2017-10-02 06:30:00,86.01,hydro,MW,nem,NSW1
2017-10-02 06:35:00,85.67,hydro,MW,nem,NSW1
2017-10-02 06:40:00,85.56,hydro,MW,nem,NSW1
2017-10-02 06:45:00,86.01,hydro,MW,nem,NSW1
2017-10-02 06:50:00,84.95,hydro,MW,nem,NSW1
2017-10-02 06:55:00,85.71,hydro,MW,nem,NSW1
2017-10-02 07:00:00,85.61,hydro,MW,nem,NSW1
2017-10-02 07:05:00,86.21,hydro,MW,nem,NSW1
2017-10-02 07:10:00,84.69,hydro,MW,nem,NSW1
2017-10-02 07:15:00,85.41,hydro,MW,nem,NSW1
2017-10-02 07:20:00,85.68,hydro,MW,nem,NSW1
2017-10-02 07:25:00,86.34,hydro,MW,nem,NSW1
2017-10-02 07:30:00,85.23,hydro,MW,nem,NSW1
2017-10-02 07:35:00,86.33,hydro,MW,nem,NSW1
2017-10-02 07:40:00,85.88,hydro,MW,nem,NSW1
2017-10-02 07:45:00,85.85,hydro,MW,nem,NSW1
2017-10-02 07:50:00,85.68,hydro,MW,nem,NSW1
2017-10-02 07:55:00,86.73,hydro,MW,nem,NSW1
2017-10-02 08:00:00,86.23,hydro,MW,nem,NSW1
2017-10-02 08:05:00,86.12,hydro,MW,nem,NSW1
2017-10-02 08:10:00,85.94,hydro,MW,nem,NSW1
2017-10-02 08:15:00,85.76,hydro,MW,nem,NSW1
2017-10-02 08:20:00,86.22,hydro,MW,nem,NSW1
2017-10-02 08:25:00,85.64,hydro,MW,nem,NSW1
2017-10-02 08:30:00,86.21,hydro,MW,nem,NSW1
2017-10-02 08:35:00,86.58,hydro,MW,nem,NSW1
2017-10-02 08:40:00,85.29,hydro,MW,nem,NSW1
2017-10-02 08:45:00,85.4,hydro,MW,nem,NSW1
2017-10-02 08:50:00,86.07,hydro,MW,nem,NSW1
2017-10-02 08:55:00,85.61,hydro,MW,nem,NSW1
2017-10-02 09:00:00,86.83,hydro,MW,nem,NSW1
2017-10-02 09:05:00,86.07,hydro,MW,nem,NSW1
2017-10-02 09:10:00,84.9,hydro,MW,nem,NSW1
2017-10-02 09:15:00,85.82,hydro,MW,nem,NSW1
2017-10-02 09:20:00,86.05,hydro,MW,nem,NSW1
2017-10-02 09:25:00,85.85,hydro,MW,nem,NSW1
2017-10-02 09:30:00,85.13,hydro,MW,nem,NSW1
2017-10-02 09:35:00,86.16,hydro,MW,nem,NSW1
2017-10-02 09:40:00,85.67,hydro,MW,nem,NSW1
2017-10-02 09:45:00,85.46,hydro,MW,nem,NSW1
2017-10-02 09:50:00,86.01,hydro,MW,nem,NSW1
2017-10-02 09:55:00,85.96,hydro,MW,nem,NSW1
2017-10-02 10:00:00,86.07,hydro,MW,nem,NSW1
2017-10-02 10:05:00,86.03,hydro,MW,nem,NSW1
2017-10-02 10:10:00,85.98,hydro,MW,nem,NSW1
2017-10-02 10:15:00,85.67,hydro,MW,nem,NSW1
2017-10-02 10:20:00,85.71,hydro,MW,nem,NSW1
2017-10-02 10:25:00,85.96,hydro,MW,nem,NSW1
2017-10-02 10:30:00,85.13,hydro,MW,nem,NSW1
2017-10-02 10:35:00,84.53,hydro,MW,nem,NSW1
2017-10-02 10:40:00,85.29,hydro,MW,nem,NSW1
2017-10-02 10:45:00,85.91,hydro,MW,nem,NSW1
2017-10-02 10:50:00,86.2,hydro,MW,nem,NSW1
2017-10-02 10:55:00,86.07,hydro,MW,nem,NSW1
2017-10-02 11:00:00,86.46,hydro,MW,nem,NSW1
2017-10-02 11:05:00,85.82,hydro,MW,nem,NSW1
2017-10-02 11:10:00,85.71,hydro,MW,nem,NSW1
2017-10-02 11:15:00,86.04,hydro,MW,nem,NSW1
2017-10-02 11:20:00,85.21,hydro,MW,nem,NSW1
2017-10-02 11:25:00,85.6,hydro,MW,nem,NSW1
2017-10-02 11:30:00,85.44,hydro,MW,nem,NSW1
2017-10-02 11:35:00,85.45,hydro,MW,nem,NSW1
2017-10-02 11:40:00,85.0,hydro,MW,nem,NSW1
2017-10-02 11:45:00,85.03,hydro,MW,nem,NSW1
2017-10-02 11:50:00,85.67,hydro,MW,nem,NSW1
2017-10-02 11:55:00,86.06,hydro,MW,nem,NSW1
2017-10-02 12:00:00,85.83,hydro,MW,nem,NSW1
2017-10-02 12:05:00,86.16,hydro,MW,nem,NSW1
2017-10-02 12:10:00,85.6,hydro,MW,nem,NSW1
2017-10-02 12:15:00,85.98,hydro,MW,nem,NSW1
2017-10-02 12:20:00,85.56,hydro,MW,nem,NSW1
2017-10-02 12:25:00,85.6,hydro,MW,nem,NSW1
2017-10-02 12:30:00,85.61,hydro,MW,nem,NSW1
2017-10-02 12:35:00,85.91,hydro,MW,nem,NSW1
2017-10-02 12:40:00,85.09,hydro,MW,nem,NSW1
2017-10-02 12:45:00,85.81,hydro,MW,nem,NSW1
2017-10-02 12:50:00,85.78,hydro,MW,nem,NSW1
2017-10-02 12:55:00,85.65,hydro,MW,nem,NSW1
2017-10-02 13:00:00,85.39,hydro,MW,nem,NSW1
2017-10-02 13:05:00,85.92,hydro,MW,nem,NSW1
2017-10-02 13:10:00,85.6,hydro,MW,nem,NSW1
2017-10-02 13:15:00,85.97,hydro,MW,nem,NSW1
2017-10-02 13:20:00,85.77,hydro,MW,nem,NSW1
2017-10-02 13:25:00,85.82,hydro,MW,nem,NSW1
2017-10-02 13:30:00,85.6,hydro,MW,nem,NSW1
2017-10-02 13:35:00,86.13,hydro,MW,nem,NSW1
2017-10-02 13:40:00,85.43,hydro,MW,nem,NSW1
2017-10-02 13:45:00,85.56,hydro,MW,nem,NSW1
2017-10-02 13:50:00,85.87,hydro,MW,nem,NSW1
2017-10-02 13:55:00,85.89,hydro,MW,nem,NSW1
2017-10-02 14:00:00,84.85,hydro,MW,nem,NSW1
2017-10-02 14:05:00,86.22,hydro,MW,nem,NSW1
2017-10-02 14:10:00,86.26,hydro,MW,nem,NSW1
2017-10-02 14:15:00,85.89,hydro,MW,nem,NSW1
2017-10-02 14:20:00,85.37,hydro,MW,nem,NSW1
2017-10-02 14:25:00,85.55,hydro,MW,nem,NSW1
2017-10-02 14:30:00,85.47,hydro,MW,nem,NSW1
2017-10-02 14:35:00,85.98,hydro,MW,nem,NSW1
2017-10-02 14:40:00,86.63,hydro,MW,nem,NSW1
2017-10-02 14:45:00,85.46,hydro,MW,nem,NSW1
2017-10-02 14:50:00,86.04,hydro,MW,nem,NSW1
2017-10-02 14:55:00,85.46,hydro,MW,nem,NSW1
2017-10-02 15:00:00,85.09,hydro,MW,nem,NSW1
2017-10-02 15:05:00,86.36,hydro,MW,nem,NSW1
2017-10-02 15:10:00,85.35,hydro,MW,nem,NSW1
2017-10-02 15:15:00,85.34,hydro,MW,nem,NSW1
2017-10-02 15:20:00,85.17,hydro,MW,nem,NSW1
2017-10-02 15:25:00,85.11,hydro,MW,nem,NSW1
2017-10-02 15:30:00,85.9,hydro,MW,nem,NSW1
2017-10-02 15:35:00,86.12,hydro,MW,nem,NSW1
2017-10-02 15:40:00,85.5,hydro,MW,nem,NSW1
2017-10-02 15:45:00,85.48,hydro,MW,nem,NSW1
2017-10-02 15:50:00,85.2,hydro,MW,nem,NSW1
2017-10-02 15:55:00,85.75,hydro,MW,nem,NSW1
2017-10-02 16:00:00,85.07,hydro,MW,nem,NSW1
2017-10-02 16:05:00,85.58,hydro,MW,nem,NSW1
2017-10-02 16:10:00,95.37,hydro,MW,nem,NSW1
2017-10-02 16:15:00,105.9,hydro,MW,nem,NSW1
2017-10-02 16:20:00,116.1,hydro,MW,nem,NSW1
2017-10-02 16:25:00,115.8,hydro,MW,nem,NSW1
2017-10-02 16:30:00,116.2,hydro,MW,nem,NSW1
2017-10-02 16:35:00,116.9,hydro,MW,nem,NSW1
2017-10-02 16:40:00,116.9,hydro,MW,nem,NSW1
2017-10-02 16:45:00,115.8,hydro,MW,nem,NSW1
2017-10-02 16:50:00,116.0,hydro,MW,nem,NSW1
2017-10-02 16:55:00,116.3,hydro,MW,nem,NSW1
2017-10-02 17:00:00,117.1,hydro,MW,nem,NSW1
2017-10-02 17:05:00,116.8,hydro,MW,nem,NSW1
2017-10-02 17:10:00,116.9,hydro,MW,nem,NSW1
2017-10-02 17:15:00,116.5,hydro,MW,nem,NSW1
2017-10-02 17:20:00,117.4,hydro,MW,nem,NSW1
2017-10-02 17:25:00,117.0,hydro,MW,nem,NSW1
2017-10-02 17:30:00,117.0,hydro,MW,nem,NSW1
2017-10-02 17:35:00,115.5,hydro,MW,nem,NSW1
2017-10-02 17:40:00,116.1,hydro,MW,nem,NSW1
2017-10-02 17:45:00,118.3,hydro,MW,nem,NSW1
2017-10-02 17:50:00,116.9,hydro,MW,nem,NSW1
2017-10-02 17:55:00,118.1,hydro,MW,nem,NSW1
2017-10-02 18:00:00,116.4,hydro,MW,nem,NSW1
2017-10-02 18:05:00,116.4,hydro,MW,nem,NSW1
2017-10-02 18:10:00,116.4,hydro,MW,nem,NSW1
2017-10-02 18:15:00,116.6,hydro,MW,nem,NSW1
2017-10-02 18:20:00,116.8,hydro,MW,nem,NSW1
2017-10-02 18:25:00,116.2,hydro,MW,nem,NSW1
2017-10-02 18:30:00,115.7,hydro,MW,nem,NSW1
2017-10-02 18:35:00,117.2,hydro,MW,nem,NSW1
2017-10-02 18:40:00,116.6,hydro,MW,nem,NSW1
2017-10-02 18:45:00,116.3,hydro,MW,nem,NSW1
2017-10-02 18:50:00,116.7,hydro,MW,nem,NSW1
2017-10-02 18:55:00,116.5,hydro,MW,nem,NSW1
2017-10-02 19:00:00,116.7,hydro,MW,nem,NSW1
2017-10-02 19:05:00,117.0,hydro,MW,nem,NSW1
2017-10-02 19:10:00,116.8,hydro,MW,nem,NSW1
2017-10-02 19:15:00,116.8,hydro,MW,nem,NSW1
2017-10-02 19:20:00,116.0,hydro,MW,nem,NSW1
2017-10-02 19:25:00,116.1,hydro,MW,nem,NSW1
2017-10-02 19:30:00,117.3,hydro,MW,nem,NSW1
2017-10-02 19:35:00,115.4,hydro,MW,nem,NSW1
2017-10-02 19:40:00,116.8,hydro,MW,nem,NSW1
2017-10-02 19:45:00,116.3,hydro,MW,nem,NSW1
2017-10-02 19:50:00,116.3,hydro,MW,nem,NSW1
2017-10-02 19:55:00,117.3,hydro,MW,nem,NSW1
2017-10-02 20:00:00,116.6,hydro,MW,nem,NSW1
2017-10-02 20:05:00,116.2,hydro,MW,nem,NSW1
2017-10-02 20:10:00,117.5,hydro,MW,nem,NSW1
2017-10-02 20:15:00,116.7,hydro,MW,nem,NSW1
2017-10-02 20:20:00,116.7,hydro,MW,nem,NSW1
2017-10-02 20:25:00,116.6,hydro,MW,nem,NSW1
2017-10-02 20:30:00,116.1,hydro,MW,nem,NSW1
2017-10-02 20:35:00,115.6,hydro,MW,nem,NSW1
2017-10-02 20:40:00,115.4,hydro,MW,nem,NSW1
2017-10-02 20:45:00,116.8,hydro,MW,nem,NSW1
2017-10-02 20:50:00,116.9,hydro,MW,nem,NSW1
2017-10-02 20:55:00,117.7,hydro,MW,nem,NSW1
2017-10-02 21:00:00,117.7,hydro,MW,nem,NSW1
2017-10-02 21:05:00,116.0,hydro,MW,nem,NSW1
2017-10-02 21:10:00,116.4,hydro,MW,nem,NSW1
2017-10-02 21:15:00,117.1,hydro,MW,nem,NSW1
2017-10-02 21:20:00,116.8,hydro,MW,nem,NSW1
2017-10-02 21:25:00,116.8,hydro,MW,nem,NSW1
2017-10-02 21:30:00,115.8,hydro,MW,nem,NSW1
2017-10-02 21:35:00,116.6,hydro,MW,nem,NSW1
2017-10-02 21:40:00,117.4,hydro,MW,nem,NSW1
2017-10-02 21:45:00,116.8,hydro,MW,nem,NSW1
2017-10-02 21:50:00,116.3,hydro,MW,nem,NSW1
2017-10-02 21:55:00,116.3,hydro,MW,nem,NSW1
2017-10-02 22:00:00,116.2,hydro,MW,nem,NSW1
2017-10-02 22:05:00,116.7,hydro,MW,nem,NSW1
2017-10-02 22:10:00,116.2,hydro,MW,nem,NSW1
2017-10-02 22:15:00,115.1,hydro,MW,nem,NSW1
2017-10-02 22:20:00,115.9,hydro,MW,nem,NSW1
2017-10-02 22:25:00,116.0,hydro,MW,nem,NSW1
2017-10-02 22:30:00,118.2,hydro,MW,nem,NSW1
2017-10-02 22:35:00,117.4,hydro,MW,nem,NSW1
2017-10-02 22:40:00,116.5,hydro,MW,nem,NSW1
2017-10-02 22:45:00,116.2,hydro,MW,nem,NSW1
2017-10-02 22:50:00,116.9,hydro,MW,nem,NSW1
2017-10-02 22:55:00,116.8,hydro,MW,nem,NSW1
2017-10-02 23:00:00,116.3,hydro,MW,nem,NSW1
2017-10-02 23:05:00,117.4,hydro,MW,nem,NSW1
2017-10-02 23:10:00,116.4,hydro,MW,nem,NSW1
2017-10-02 23:15:00,115.6,hydro,MW,nem,NSW1
2017-10-02 23:20:00,117.9,hydro,MW,nem,NSW1
2017-10-02 23:25:00,117.1,hydro,MW,nem,NSW1
2017-10-02 23:30:00,116.6,hydro,MW,nem,NSW1
2017-10-02 23:35:00,117.2,hydro,MW,nem,NSW1
2017-10-02 23:40:00,116.2,hydro,MW,nem,NSW1
2017-10-02 23:45:00,116.5,hydro,MW,nem,NSW1
2017-10-02 23:50:00,117.5,hydro,MW,nem,NSW1
2017-10-02 23:55:00,116.3,hydro,MW,nem,NSW1
2017-10-03 00:00:00,117.6,hydro,MW,nem,NSW1
2017-10-03 00:05:00,116.2,hydro,MW,nem,NSW1
2017-10-03 00:10:00,115.7,hydro,MW,nem,NSW1
2017-10-03 00:15:00,117.0,hydro,MW,nem,NSW1
2017-10-03 00:20:00,117.3,hydro,MW,nem,NSW1
2017-10-03 00:25:00,117.0,hydro,MW,nem,NSW1
2017-10-03 00:30:00,116.5,hydro,MW,nem,NSW1
2017-10-03 00:35:00,116.7,hydro,MW,nem,NSW1
2017-10-03 00:40:00,115.8,hydro,MW,nem,NSW1
2017-10-03 00:45:00,116.7,hydro,MW,nem,NSW1
2017-10-03 00:50:00,116.1,hydro,MW,nem,NSW1
2017-10-03 00:55:00,117.0,hydro,MW,nem,NSW1
2017-10-03 01:00:00,116.7,hydro,MW,nem,NSW1
2017-10-03 01:05:00,115.7,hydro,MW,nem,NSW1
2017-10-03 01:10:00,116.0,hydro,MW,nem,NSW1
2017-10-03 01:15:00,116.7,hydro,MW,nem,NSW1
2017-10-03 01:20:00,116.0,hydro,MW,nem,NSW1
2017-10-03 01:25:00,116.3,hydro,MW,nem,NSW1
2017-10-03 01:30:00,116.3,hydro,MW,nem,NSW1
2017-10-03 01:35:00,116.3,hydro,MW,nem,NSW1
2017-10-03 01:40:00,86.52,hydro,MW,nem,NSW1
2017-10-03 01:45:00,85.59,hydro,MW,nem,NSW1
2017-10-03 01:50:00,85.8,hydro,MW,nem,NSW1
2017-10-03 01:55:00,85.84,hydro,MW,nem,NSW1
2017-10-03 02:00:00,85.97,hydro,MW,nem,NSW1
2017-10-03 02:05:00,85.97,hydro,MW,nem,NSW1
2017-10-03 02:10:00,85.75,hydro,MW,nem,NSW1
2017-10-03 02:15:00,85.87,hydro,MW,nem,NSW1
2017-10-03 02:20:00,85.51,hydro,MW,nem,NSW1
2017-10-03 02:25:00,86.21,hydro,MW,nem,NSW1
2017-10-03 02:30:00,85.69,hydro,MW,nem,NSW1
2017-10-03 02:35:00,85.23,hydro,MW,nem,NSW1
2017-10-03 02:40:00,85.62,hydro,MW,nem,NSW1
2017-10-03 02:45:00,85.85,hydro,MW,nem,NSW1
2017-10-03 02:50:00,84.86,hydro,MW,nem,NSW1
2017-10-03 02:55:00,85.26,hydro,MW,nem,NSW1
2017-10-03 03:00:00,85.77,hydro,MW,nem,NSW1
2017-10-03 03:05:00,85.63,hydro,MW,nem,NSW1
2017-10-03 03:10:00,85.66,hydro,MW,nem,NSW1
2017-10-03 03:15:00,84.69,hydro,MW,nem,NSW1
2017-10-03 03:20:00,85.27,hydro,MW,nem,NSW1
2017-10-03 03:25:00,85.41,hydro,MW,nem,NSW1
2017-10-03 03:30:00,85.55,hydro,MW,nem,NSW1
2017-10-03 03:35:00,85.82,hydro,MW,nem,NSW1
2017-10-03 03:40:00,85.29,hydro,MW,nem,NSW1
2017-10-03 03:45:00,85.64,hydro,MW,nem,NSW1
2017-10-03 03:50:00,85.43,hydro,MW,nem,NSW1
2017-10-03 03:55:00,85.36,hydro,MW,nem,NSW1
2017-10-03 04:00:00,85.49,hydro,MW,nem,NSW1
2017-10-03 04:05:00,85.73,hydro,MW,nem,NSW1
2017-10-03 04:10:00,84.64,hydro,MW,nem,NSW1
2017-10-03 04:15:00,86.31,hydro,MW,nem,NSW1
2017-10-03 04:20:00,85.44,hydro,MW,nem,NSW1
2017-10-03 04:25:00,85.99,hydro,MW,nem,NSW1
2017-10-03 04:30:00,85.51,hydro,MW,nem,NSW1
2017-10-03 04:35:00,86.03,hydro,MW,nem,NSW1
2017-10-03 04:40:00,84.98,hydro,MW,nem,NSW1
2017-10-03 04:45:00,84.56,hydro,MW,nem,NSW1
2017-10-03 04:50:00,85.79,hydro,MW,nem,NSW1
2017-10-03 04:55:00,86.22,hydro,MW,nem,NSW1
2017-10-03 05:00:00,85.82,hydro,MW,nem,NSW1
2017-10-03 05:05:00,84.64,hydro,MW,nem,NSW1
2017-10-03 05:10:00,85.57,hydro,MW,nem,NSW1
2017-10-03 05:15:00,85.33,hydro,MW,nem,NSW1
2017-10-03 05:20:00,86.0,hydro,MW,nem,NSW1
2017-10-03 05:25:00,86.07,hydro,MW,nem,NSW1
2017-10-03 05:30:00,85.12,hydro,MW,nem,NSW1
2017-10-03 05:35:00,85.35,hydro,MW,nem,NSW1
2017-10-03 05:40:00,85.93,hydro,MW,nem,NSW1
2017-10-03 05:45:00,85.71,hydro,MW,nem,NSW1
2017-10-03 05:50:00,85.75,hydro,MW,nem,NSW1
2017-10-03 05:55:00,85.02,hydro,MW,nem,NSW1
2017-10-03 06:00:00,84.73,hydro,MW,nem,NSW1
2017-10-03 06:05:00,85.98,hydro,MW,nem,NSW1
2017-10-03 06:10:00,85.69,hydro,MW,nem,NSW1
2017-10-03 06:15:00,85.99,hydro,MW,nem,NSW1
2017-10-03 06:20:00,85.44,hydro,MW,nem,NSW1
2017-10-03 06:25:00,86.08,hydro,MW,nem,NSW1
2017-10-03 06:30:00,85.36,hydro,MW,nem,NSW1
2017-10-03 06:35:00,85.56,hydro,MW,nem,NSW1
2017-10-03 06:40:00,85.86,hydro,MW,nem,NSW1
2017-10-03 06:45:00,85.72,hydro,MW,nem,NSW1
2017-10-03 06:50:00,85.94,hydro,MW,nem,NSW1
2017-10-03 06:55:00,85.12,hydro,MW,nem,NSW1
2017-10-03 07:00:00,86.11,hydro,MW,nem,NSW1
2017-10-03 07:05:00,90.55,hydro,MW,nem,NSW1
2017-10-03 07:10:00,90.38,hydro,MW,nem,NSW1
2017-10-03 07:15:00,90.45,hydro,MW,nem,NSW1
2017-10-03 07:20:00,90.85,hydro,MW,nem,NSW1
2017-10-03 07:25:00,90.41,hydro,MW,nem,NSW1
2017-10-03 07:30:00,90.94,hydro,MW,nem,NSW1
2017-10-03 07:35:00,91.47,hydro,MW,nem,NSW1
2017-10-03 07:40:00,90.58,hydro,MW,nem,NSW1
2017-10-03 07:45:00,89.81,hydro,MW,nem,NSW1
2017-10-03 07:50:00,89.92,hydro,MW,nem,NSW1
2017-10-03 07:55:00,89.33,hydro,MW,nem,NSW1
2017-10-03 08:00:00,91.39,hydro,MW,nem,NSW1
2017-10-03 08:05:00,95.24,hydro,MW,nem,NSW1
2017-10-03 08:10:00,95.21,hydro,MW,nem,NSW1
2017-10-03 08:15:00,95.82,hydro,MW,nem,NSW1
2017-10-03 08:20:00,95.21,hydro,MW,nem,NSW1
2017-10-03 08:25:00,96.55,hydro,MW,nem,NSW1
2017-10-03 08:30:00,95.49,hydro,MW,nem,NSW1
2017-10-03 08:35:00,95.88,hydro,MW,nem,NSW1
2017-10-03 08:40:00,96.27,hydro,MW,nem,NSW1
2017-10-03 08:45:00,96.31,hydro,MW,nem,NSW1
2017-10-03 08:50:00,95.5,hydro,MW,nem,NSW1
2017-10-03 08:55:00,95.3,hydro,MW,nem,NSW1
2017-10-03 09:00:00,95.77,hydro,MW,nem,NSW1
2017-10-03 09:05:00,99.43,hydro,MW,nem,NSW1
2017-10-03 09:10:00,99.65,hydro,MW,nem,NSW1
2017-10-03 09:15:00,99.07,hydro,MW,nem,NSW1
2017-10-03 09:20:00,100.6,hydro,MW,nem,NSW1
2017-10-03 09:25:00,100.1,hydro,MW,nem,NSW1
2017-10-03 09:30:00,99.62,hydro,MW,nem,NSW1
2017-10-03 09:35:00,99.96,hydro,MW,nem,NSW1
2017-10-03 09:40:00,99.64,hydro,MW,nem,NSW1
2017-10-03 09:45:00,100.0,hydro,MW,nem,NSW1
2017-10-03 09:50:00,99.63,hydro,MW,nem,NSW1
2017-10-03 09:55:00,100.7,hydro,MW,nem,NSW1
2017-10-03 10:00:00,99.72,hydro,MW,nem,NSW1
2017-10-03 10:05:00,104.6,hydro,MW,nem,NSW1
2017-10-03 10:10:00,104.9,hydro,MW,nem,NSW1
2017-10-03 10:15:00,105.5,hydro,MW,nem,NSW1
2017-10-03 10:20:00,105.1,hydro,MW,nem,NSW1
2017-10-03 10:25:00,105.0,hydro,MW,nem,NSW1
2017-10-03 10:30:00,105.3,hydro,MW,nem,NSW1
2017-10-03 10:35:00,105.3,hydro,MW,nem,NSW1
2017-10-03 10:40:00,105.3,hydro,MW,nem,NSW1
2017-10-03 10:45:00,104.5,hydro,MW,nem,NSW1
2017-10-03 10:50:00,104.0,hydro,MW,nem,NSW1
2017-10-03 10:55:00,104.3,hydro,MW,nem,NSW1
2017-10-03 11:00:00,104.6,hydro,MW,nem,NSW1
2017-10-03 11:05:00,109.1,hydro,MW,nem,NSW1
2017-10-03 11:10:00,109.3,hydro,MW,nem,NSW1
2017-10-03 11:15:00,109.5,hydro,MW,nem,NSW1
2017-10-03 11:20:00,110.1,hydro,MW,nem,NSW1
2017-10-03 11:25:00,109.9,hydro,MW,nem,NSW1
2017-10-03 11:30:00,109.2,hydro,MW,nem,NSW1
2017-10-03 11:35:00,109.9,hydro,MW,nem,NSW1
2017-10-03 11:40:00,109.6,hydro,MW,nem,NSW1
2017-10-03 11:45:00,110.0,hydro,MW,nem,NSW1
2017-10-03 11:50:00,109.4,hydro,MW,nem,NSW1
2017-10-03 11:55:00,109.7,hydro,MW,nem,NSW1
2017-10-03 12:00:00,109.0,hydro,MW,nem,NSW1
2017-10-03 12:05:00,113.5,hydro,MW,nem,NSW1
2017-10-03 12:10:00,114.0,hydro,MW,nem,NSW1
2017-10-03 12:15:00,114.3,hydro,MW,nem,NSW1
2017-10-03 12:20:00,113.5,hydro,MW,nem,NSW1
2017-10-03 12:25:00,113.2,hydro,MW,nem,NSW1
2017-10-03 12:30:00,113.3,hydro,MW,nem,NSW1
2017-10-03 12:35:00,113.5,hydro,MW,nem,NSW1
2017-10-03 12:40:00,113.2,hydro,MW,nem,NSW1
2017-10-03 12:45:00,113.7,hydro,MW,nem,NSW1
2017-10-03 12:50:00,113.7,hydro,MW,nem,NSW1
2017-10-03 12:55:00,114.1,hydro,MW,nem,NSW1
2017-10-03 13:00:00,113.6,hydro,MW,nem,NSW1
2017-10-03 13:05:00,118.9,hydro,MW,nem,NSW1
2017-10-03 13:10:00,118.7,hydro,MW,nem,NSW1
2017-10-03 13:15:00,118.2,hydro,MW,nem,NSW1
2017-10-03 13:20:00,118.9,hydro,MW,nem,NSW1
2017-10-03 13:25:00,118.4,hydro,MW,nem,NSW1
2017-10-03 13:30:00,118.5,hydro,MW,nem,NSW1
2017-10-03 13:35:00,118.5,hydro,MW,nem,NSW1
2017-10-03 13:40:00,117.8,hydro,MW,nem,NSW1
2017-10-03 13:45:00,119.7,hydro,MW,nem,NSW1
2017-10-03 13:50:00,118.5,hydro,MW,nem,NSW1
2017-10-03 13:55:00,118.2,hydro,MW,nem,NSW1
2017-10-03 14:00:00,118.3,hydro,MW,nem,NSW1
2017-10-03 14:05:00,122.1,hydro,MW,nem,NSW1
2017-10-03 14:10:00,122.0,hydro,MW,nem,NSW1
2017-10-03 14:15:00,122.8,hydro,MW,nem,NSW1
2017-10-03 14:20:00,122.2,hydro,MW,nem,NSW1
2017-10-03 14:25:00,122.4,hydro,MW,nem,NSW1
2017-10-03 14:30:00,122.6,hydro,MW,nem,NSW1
2017-10-03 14:35:00,122.8,hydro,MW,nem,NSW1
2017-10-03 14:40:00,122.2,hydro,MW,nem,NSW1
2017-10-03 14:45:00,123.5,hydro,MW,nem,NSW1
2017-10-03 14:50:00,121.4,hydro,MW,nem,NSW1
2017-10-03 14:55:00,122.6,hydro,MW,nem,NSW1
2017-10-03 15:00:00,123.4,hydro,MW,nem,NSW1
2017-10-03 15:05:00,124.3,hydro,MW,nem,NSW1
2017-10-03 15:10:00,126.4,hydro,MW,nem,NSW1
2017-10-03 15:15:00,126.7,hydro,MW,nem,NSW1
2017-10-03 15:20:00,127.1,hydro,MW,nem,NSW1
2017-10-03 15:25:00,126.2,hydro,MW,nem,NSW1
2017-10-03 15:30:00,126.7,hydro,MW,nem,NSW1
2017-10-03 15:35:00,127.1,hydro,MW,nem,NSW1
2017-10-03 15:40:00,126.8,hydro,MW,nem,NSW1
2017-10-03 15:45:00,126.3,hydro,MW,nem,NSW1
2017-10-03 15:50:00,126.3,hydro,MW,nem,NSW1
2017-10-03 15:55:00,126.8,hydro,MW,nem,NSW1
2017-10-03 16:00:00,126.4,hydro,MW,nem,NSW1
2017-10-03 16:05:00,126.8,hydro,MW,nem,NSW1
2017-10-03 16:10:00,137.2,hydro,MW,nem,NSW1
2017-10-03 16:15:00,146.0,hydro,MW,nem,NSW1
2017-10-03 16:20:00,156.7,hydro,MW,nem,NSW1
2017-10-03 16:25:00,158.5,hydro,MW,nem,NSW1
2017-10-03 16:30:00,157.4,hydro,MW,nem,NSW1
2017-10-03 16:35:00,156.0,hydro,MW,nem,NSW1
2017-10-03 16:40:00,157.1,hydro,MW,nem,NSW1
2017-10-03 16:45:00,157.5,hydro,MW,nem,NSW1
2017-10-03 16:50:00,155.9,hydro,MW,nem,NSW1
2017-10-03 16:55:00,157.9,hydro,MW,nem,NSW1
2017-10-03 17:00:00,158.1,hydro,MW,nem,NSW1
2017-10-03 17:05:00,158.3,hydro,MW,nem,NSW1
2017-10-03 17:10:00,157.5,hydro,MW,nem,NSW1
2017-10-03 17:15:00,158.4,hydro,MW,nem,NSW1
2017-10-03 17:20:00,158.6,hydro,MW,nem,NSW1
2017-10-03 17:25:00,157.4,hydro,MW,nem,NSW1
2017-10-03 17:30:00,156.6,hydro,MW,nem,NSW1
2017-10-03 17:35:00,156.8,hydro,MW,nem,NSW1
2017-10-03 17:40:00,157.0,hydro,MW,nem,NSW1
2017-10-03 17:45:00,158.4,hydro,MW,nem,NSW1
2017-10-03 17:50:00,156.5,hydro,MW,nem,NSW1
2017-10-03 17:55:00,157.6,hydro,MW,nem,NSW1
2017-10-03 18:00:00,156.6,hydro,MW,nem,NSW1
2017-10-03 18:05:00,156.8,hydro,MW,nem,NSW1
2017-10-03 18:10:00,158.0,hydro,MW,nem,NSW1
2017-10-03 18:15:00,156.5,hydro,MW,nem,NSW1
2017-10-03 18:20:00,157.6,hydro,MW,nem,NSW1
2017-10-03 18:25:00,157.4,hydro,MW,nem,NSW1
2017-10-03 18:30:00,158.8,hydro,MW,nem,NSW1
2017-10-03 18:35:00,157.4,hydro,MW,nem,NSW1
2017-10-03 18:40:00,210.9,hydro,MW,nem,NSW1
2017-10-03 18:45:00,215.0,hydro,MW,nem,NSW1
2017-10-03 18:50:00,215.3,hydro,MW,nem,NSW1
2017-10-03 18:55:00,214.8,hydro,MW,nem,NSW1
2017-10-03 19:00:00,215.7,hydro,MW,nem,NSW1
2017-10-03 19:05:00,215.1,hydro,MW,nem,NSW1
2017-10-03 19:10:00,216.1,hydro,MW,nem,NSW1
2017-10-03 19:15:00,214.4,hydro,MW,nem,NSW1
2017-10-03 19:20:00,214.3,hydro,MW,nem,NSW1
2017-10-03 19:25:00,214.9,hydro,MW,nem,NSW1
2017-10-03 19:30:00,212.9,hydro,MW,nem,NSW1
2017-10-03 19:35:00,213.0,hydro,MW,nem,NSW1
2017-10-03 19:40:00,159.1,hydro,MW,nem,NSW1
2017-10-03 19:45:00,157.5,hydro,MW,nem,NSW1
2017-10-03 19:50:00,156.8,hydro,MW,nem,NSW1
2017-10-03 19:55:00,158.0,hydro,MW,nem,NSW1
2017-10-03 20:00:00,157.9,hydro,MW,nem,NSW1
2017-10-03 20:05:00,156.7,hydro,MW,nem,NSW1
2017-10-03 20:10:00,160.4,hydro,MW,nem,NSW1
2017-10-03 20:15:00,158.4,hydro,MW,nem,NSW1
2017-10-03 20:20:00,156.9,hydro,MW,nem,NSW1
2017-10-03 20:25:00,158.1,hydro,MW,nem,NSW1
2017-10-03 20:30:00,156.5,hydro,MW,nem,NSW1
2017-10-03 20:35:00,158.2,hydro,MW,nem,NSW1
2017-10-03 20:40:00,158.2,hydro,MW,nem,NSW1
2017-10-03 20:45:00,157.3,hydro,MW,nem,NSW1
2017-10-03 20:50:00,156.6,hydro,MW,nem,NSW1
2017-10-03 20:55:00,157.3,hydro,MW,nem,NSW1
2017-10-03 21:00:00,157.5,hydro,MW,nem,NSW1
2017-10-03 21:05:00,157.6,hydro,MW,nem,NSW1
2017-10-03 21:10:00,157.9,hydro,MW,nem,NSW1
2017-10-03 21:15:00,157.4,hydro,MW,nem,NSW1
2017-10-03 21:20:00,158.0,hydro,MW,nem,NSW1
2017-10-03 21:25:00,156.9,hydro,MW,nem,NSW1
2017-10-03 21:30:00,156.4,hydro,MW,nem,NSW1
2017-10-03 21:35:00,157.6,hydro,MW,nem,NSW1
2017-10-03 21:40:00,158.2,hydro,MW,nem,NSW1
2017-10-03 21:45:00,156.3,hydro,MW,nem,NSW1
2017-10-03 21:50:00,157.3,hydro,MW,nem,NSW1
2017-10-03 21:55:00,157.2,hydro,MW,nem,NSW1
2017-10-03 22:00:00,157.9,hydro,MW,nem,NSW1
2017-10-03 22:05:00,158.2,hydro,MW,nem,NSW1
2017-10-03 22:10:00,157.2,hydro,MW,nem,NSW1
2017-10-03 22:15:00,156.8,hydro,MW,nem,NSW1
2017-10-03 22:20:00,156.7,hydro,MW,nem,NSW1
2017-10-03 22:25:00,156.7,hydro,MW,nem,NSW1
2017-10-03 22:30:00,157.7,hydro,MW,nem,NSW1
2017-10-03 22:35:00,156.9,hydro,MW,nem,NSW1
2017-10-03 22:40:00,157.0,hydro,MW,nem,NSW1
2017-10-03 22:45:00,157.3,hydro,MW,nem,NSW1
2017-10-03 22:50:00,156.9,hydro,MW,nem,NSW1
2017-10-03 22:55:00,157.2,hydro,MW,nem,NSW1
2017-10-03 23:00:00,157.0,hydro,MW,nem,NSW1
2017-10-03 23:05:00,156.6,hydro,MW,nem,NSW1
2017-10-03 23:10:00,157.0,hydro,MW,nem,NSW1
2017-10-03 23:15:00,157.5,hydro,MW,nem,NSW1
2017-10-03 23:20:00,157.9,hydro,MW,nem,NSW1
2017-10-03 23:25:00,158.2,hydro,MW,nem,NSW1
2017-10-03 23:30:00,156.5,hydro,MW,nem,NSW1
2017-10-03 23:35:00,157.2,hydro,MW,nem,NSW1
2017-10-03 23:40:00,157.0,hydro,MW,nem,NSW1
2017-10-03 23:45:00,157.0,hydro,MW,nem,NSW1
2017-10-03 23:50:00,157.8,hydro,MW,nem,NSW1
2017-10-03 23:55:00,157.7,hydro,MW,nem,NSW1
2017-10-04 00:00:00,156.9,hydro,MW,nem,NSW1
2017-10-04 00:05:00,157.8,hydro,MW,nem,NSW1
2017-10-04 00:10:00,157.9,hydro,MW,nem,NSW1
2017-10-04 00:15:00,156.9,hydro,MW,nem,NSW1
2017-10-04 00:20:00,157.1,hydro,MW,nem,NSW1
2017-10-04 00:25:00,156.8,hydro,MW,nem,NSW1
2017-10-04 00:30:00,156.5,hydro,MW,nem,NSW1
2017-10-04 00:35:00,157.5,hydro,MW,nem,NSW1
2017-10-04 00:40:00,157.8,hydro,MW,nem,NSW1
2017-10-04 00:45:00,156.7,hydro,MW,nem,NSW1
2017-10-04 00:50:00,156.9,hydro,MW,nem,NSW1
2017-10-04 00:55:00,156.9,hydro,MW,nem,NSW1
2017-10-04 01:00:00,156.8,hydro,MW,nem,NSW1
2017-10-04 01:05:00,156.9,hydro,MW,nem,NSW1
2017-10-04 01:10:00,156.6,hydro,MW,nem,NSW1
2017-10-04 01:15:00,156.5,hydro,MW,nem,NSW1
2017-10-04 01:20:00,157.6,hydro,MW,nem,NSW1
2017-10-04 01:25:00,157.7,hydro,MW,nem,NSW1
2017-10-04 01:30:00,157.6,hydro,MW,nem,NSW1
2017-10-04 01:35:00,157.0,hydro,MW,nem,NSW1
2017-10-04 01:40:00,157.7,hydro,MW,nem,NSW1
2017-10-04 01:45:00,157.3,hydro,MW,nem,NSW1
2017-10-04 01:50:00,157.4,hydro,MW,nem,NSW1
2017-10-04 01:55:00,156.5,hydro,MW,nem,NSW1
2017-10-04 02:00:00,157.3,hydro,MW,nem,NSW1
2017-10-04 02:05:00,157.3,hydro,MW,nem,NSW1
2017-10-04 02:10:00,157.0,hydro,MW,nem,NSW1
2017-10-04 02:15:00,156.9,hydro,MW,nem,NSW1
2017-10-04 02:20:00,157.5,hydro,MW,nem,NSW1
2017-10-04 02:25:00,157.1,hydro,MW,nem,NSW1
2017-10-04 02:30:00,156.8,hydro,MW,nem,NSW1
2017-10-04 02:35:00,157.6,hydro,MW,nem,NSW1
2017-10-04 02:40:00,156.5,hydro,MW,nem,NSW1
2017-10-04 02:45:00,156.2,hydro,MW,nem,NSW1
2017-10-04 02:50:00,158.0,hydro,MW,nem,NSW1
2017-10-04 02:55:00,156.8,hydro,MW,nem,NSW1
2017-10-04 03:00:00,156.9,hydro,MW,nem,NSW1
2017-10-04 03:05:00,156.1,hydro,MW,nem,NSW1
2017-10-04 03:10:00,157.1,hydro,MW,nem,NSW1
2017-10-04 03:15:00,157.7,hydro,MW,nem,NSW1
2017-10-04 03:20:00,158.0,hydro,MW,nem,NSW1
2017-10-04 03:25:00,156.8,hydro,MW,nem,NSW1
2017-10-04 03:30:00,158.2,hydro,MW,nem,NSW1
2017-10-04 03:35:00,157.2,hydro,MW,nem,NSW1
2017-10-04 03:40:00,157.6,hydro,MW,nem,NSW1
2017-10-04 03:45:00,156.4,hydro,MW,nem,NSW1
2017-10-04 03:50:00,157.3,hydro,MW,nem,NSW1
2017-10-04 03:55:00,157.5,hydro,MW,nem,NSW1
2017-10-04 04:00:00,157.7,hydro,MW,nem,NSW1
2017-10-04 04:05:00,157.1,hydro,MW,nem,NSW1
2017-10-04 04:10:00,157.1,hydro,MW,nem,NSW1
2017-10-04 04:15:00,157.2,hydro,MW,nem,NSW1
2017-10-04 04:20:00,157.2,hydro,MW,nem,NSW1
2017-10-04 04:25:00,157.6,hydro,MW,nem,NSW1
2017-10-04 04:30:00,156.7,hydro,MW,nem,NSW1
2017-10-04 04:35:00,158.0,hydro,MW,nem,NSW1
2017-10-04 04:40:00,157.2,hydro,MW,nem,NSW1
2017-10-04 04:45:00,157.4,hydro,MW,nem,NSW1
2017-10-04 04:50:00,157.7,hydro,MW,nem,NSW1
2017-10-04 04:55:00,158.2,hydro,MW,nem,NSW1
2017-10-04 05:00:00,158.5,hydro,MW,nem,NSW1
2017-10-04 05:05:00,156.9,hydro,MW,nem,NSW1
2017-10-04 05:10:00,156.8,hydro,MW,nem,NSW1
2017-10-04 05:15:00,156.4,hydro,MW,nem,NSW1
2017-10-04 05:20:00,156.8,hydro,MW,nem,NSW1
2017-10-04 05:25:00,158.2,hydro,MW,nem,NSW1
2017-10-04 05:30:00,157.9,hydro,MW,nem,NSW1
2017-10-04 05:35:00,157.3,hydro,MW,nem,NSW1
2017-10-04 05:40:00,157.8,hydro,MW,nem,NSW1
2017-10-04 05:45:00,156.6,hydro,MW,nem,NSW1
2017-10-04 05:50:00,157.5,hydro,MW,nem,NSW1
2017-10-04 05:55:00,156.9,hydro,MW,nem,NSW1
2017-10-04 06:00:00,156.7,hydro,MW,nem,NSW1
2017-10-04 06:05:00,157.1,hydro,MW,nem,NSW1
2017-10-04 06:10:00,157.1,hydro,MW,nem,NSW1
2017-10-04 06:15:00,157.7,hydro,MW,nem,NSW1
2017-10-04 06:20:00,156.9,hydro,MW,nem,NSW1
2017-10-04 06:25:00,157.3,hydro,MW,nem,NSW1
2017-10-04 06:30:00,157.0,hydro,MW,nem,NSW1
2017-10-04 06:35:00,157.3,hydro,MW,nem,NSW1
2017-10-04 06:40:00,155.8,hydro,MW,nem,NSW1
2017-10-04 06:45:00,157.0,hydro,MW,nem,NSW1
2017-10-04 06:50:00,157.2,hydro,MW,nem,NSW1
2017-10-04 06:55:00,157.9,hydro,MW,nem,NSW1
2017-10-04 07:00:00,158.0,hydro,MW,nem,NSW1
2017-10-04 07:05:00,157.7,hydro,MW,nem,NSW1
2017-10-04 07:10:00,157.9,hydro,MW,nem,NSW1
2017-10-04 07:15:00,155.7,hydro,MW,nem,NSW1
2017-10-04 07:20:00,156.3,hydro,MW,nem,NSW1
2017-10-04 07:25:00,156.7,hydro,MW,nem,NSW1
2017-10-04 07:30:00,157.2,hydro,MW,nem,NSW1
2017-10-04 07:35:00,156.4,hydro,MW,nem,NSW1
2017-10-04 07:40:00,157.3,hydro,MW,nem,NSW1
2017-10-04 07:45:00,158.7,hydro,MW,nem,NSW1
2017-10-04 07:50:00,156.8,hydro,MW,nem,NSW1
2017-10-04 07:55:00,156.6,hydro,MW,nem,NSW1
2017-10-04 08:00:00,157.2,hydro,MW,nem,NSW1
2017-10-04 08:05:00,157.8,hydro,MW,nem,NSW1
2017-10-04 08:10:00,157.7,hydro,MW,nem,NSW1
2017-10-04 08:15:00,157.7,hydro,MW,nem,NSW1
2017-10-04 08:20:00,157.1,hydro,MW,nem,NSW1
2017-10-04 08:25:00,156.7,hydro,MW,nem,NSW1
2017-10-04 08:30:00,157.1,hydro,MW,nem,NSW1
2017-10-04 08:35:00,158.1,hydro,MW,nem,NSW1
2017-10-04 08:40:00,162.5,hydro,MW,nem,NSW1
2017-10-04 08:45:00,162.1,hydro,MW,nem,NSW1
2017-10-04 08:50:00,161.7,hydro,MW,nem,NSW1
2017-10-04 08:55:00,161.2,hydro,MW,nem,NSW1
2017-10-04 09:00:00,162.4,hydro,MW,nem,NSW1
2017-10-04 09:05:00,162.3,hydro,MW,nem,NSW1
2017-10-04 09:10:00,162.4,hydro,MW,nem,NSW1
2017-10-04 09:15:00,162.7,hydro,MW,nem,NSW1
2017-10-04 09:20:00,163.0,hydro,MW,nem,NSW1
2017-10-04 09:25:00,162.0,hydro,MW,nem,NSW1
2017-10-04 09:30:00,162.9,hydro,MW,nem,NSW1
2017-10-04 09:35:00,161.8,hydro,MW,nem,NSW1
2017-10-04 09:40:00,161.9,hydro,MW,nem,NSW1
2017-10-04 09:45:00,161.7,hydro,MW,nem,NSW1
2017-10-04 09:50:00,162.0,hydro,MW,nem,NSW1
2017-10-04 09:55:00,162.1,hydro,MW,nem,NSW1
2017-10-04 10:00:00,162.0,hydro,MW,nem,NSW1
2017-10-04 10:05:00,161.6,hydro,MW,nem,NSW1
2017-10-04 10:10:00,162.2,hydro,MW,nem,NSW1
2017-10-04 10:15:00,161.6,hydro,MW,nem,NSW1
2017-10-04 10:20:00,163.1,hydro,MW,nem,NSW1
2017-10-04 10:25:00,162.2,hydro,MW,nem,NSW1
2017-10-04 10:30:00,161.8,hydro,MW,nem,NSW1
2017-10-04 10:35:00,162.4,hydro,MW,nem,NSW1
2017-10-04 10:40:00,227.2,hydro,MW,nem,NSW1
2017-10-04 10:45:00,268.1,hydro,MW,nem,NSW1
2017-10-04 10:50:00,353.7,hydro,MW,nem,NSW1
2017-10-04 10:55:00,265.2,hydro,MW,nem,NSW1
2017-10-04 11:00:00,255.1,hydro,MW,nem,NSW1
2017-10-04 11:05:00,263.0,hydro,MW,nem,NSW1
2017-10-04 11:10:00,263.6,hydro,MW,nem,NSW1
2017-10-04 11:15:00,259.2,hydro,MW,nem,NSW1
2017-10-04 11:20:00,271.7,hydro,MW,nem,NSW1
2017-10-04 11:25:00,259.7,hydro,MW,nem,NSW1
2017-10-04 11:30:00,243.5,hydro,MW,nem,NSW1
2017-10-04 11:35:00,248.9,hydro,MW,nem,NSW1
2017-10-04 11:40:00,256.5,hydro,MW,nem,NSW1
2017-10-04 11:45:00,252.2,hydro,MW,nem,NSW1
2017-10-04 11:50:00,245.1,hydro,MW,nem,NSW1
2017-10-04 11:55:00,246.5,hydro,MW,nem,NSW1
2017-10-04 12:00:00,259.5,hydro,MW,nem,NSW1
2017-10-04 12:05:00,255.5,hydro,MW,nem,NSW1
2017-10-04 12:10:00,257.8,hydro,MW,nem,NSW1
2017-10-04 12:15:00,267.3,hydro,MW,nem,NSW1
2017-10-04 12:20:00,259.8,hydro,MW,nem,NSW1
2017-10-04 12:25:00,246.6,hydro,MW,nem,NSW1
2017-10-04 12:30:00,243.6,hydro,MW,nem,NSW1
2017-10-04 12:35:00,251.6,hydro,MW,nem,NSW1
2017-10-04 12:40:00,240.5,hydro,MW,nem,NSW1
2017-10-04 12:45:00,236.9,hydro,MW,nem,NSW1
2017-10-04 12:50:00,231.2,hydro,MW,nem,NSW1
2017-10-04 12:55:00,229.8,hydro,MW,nem,NSW1
2017-10-04 13:00:00,228.5,hydro,MW,nem,NSW1
2017-10-04 13:05:00,229.5,hydro,MW,nem,NSW1
2017-10-04 13:10:00,234.1,hydro,MW,nem,NSW1
2017-10-04 13:15:00,242.4,hydro,MW,nem,NSW1
2017-10-04 13:20:00,232.6,hydro,MW,nem,NSW1
2017-10-04 13:25:00,232.7,hydro,MW,nem,NSW1
2017-10-04 13:30:00,233.2,hydro,MW,nem,NSW1
2017-10-04 13:35:00,234.1,hydro,MW,nem,NSW1
2017-10-04 13:40:00,141.7,hydro,MW,nem,NSW1
2017-10-04 13:45:00,123.4,hydro,MW,nem,NSW1
2017-10-04 13:50:00,123.4,hydro,MW,nem,NSW1
2017-10-04 13:55:00,124.0,hydro,MW,nem,NSW1
2017-10-04 14:00:00,123.9,hydro,MW,nem,NSW1
2017-10-04 14:05:00,123.1,hydro,MW,nem,NSW1
2017-10-04 14:10:00,124.1,hydro,MW,nem,NSW1
2017-10-04 14:15:00,126.5,hydro,MW,nem,NSW1
2017-10-04 14:20:00,124.0,hydro,MW,nem,NSW1
2017-10-04 14:25:00,124.3,hydro,MW,nem,NSW1
2017-10-04 14:30:00,124.2,hydro,MW,nem,NSW1
2017-10-04 14:35:00,123.5,hydro,MW,nem,NSW1
2017-10-04 14:40:00,177.2,hydro,MW,nem,NSW1
2017-10-04 14:45:00,230.7,hydro,MW,nem,NSW1
2017-10-04 14:50:00,221.7,hydro,MW,nem,NSW1
2017-10-04 14:55:00,139.6,hydro,MW,nem,NSW1
2017-10-04 15:00:00,123.6,hydro,MW,nem,NSW1
2017-10-04 15:05:00,123.4,hydro,MW,nem,NSW1
2017-10-04 15:10:00,123.9,hydro,MW,nem,NSW1
2017-10-04 15:15:00,123.5,hydro,MW,nem,NSW1
2017-10-04 15:20:00,123.6,hydro,MW,nem,NSW1
2017-10-04 15:25:00,124.2,hydro,MW,nem,NSW1
2017-10-04 15:30:00,123.8,hydro,MW,nem,NSW1
2017-10-04 15:35:00,123.3,hydro,MW,nem,NSW1
2017-10-04 15:40:00,124.0,hydro,MW,nem,NSW1
2017-10-04 15:45:00,123.7,hydro,MW,nem,NSW1
2017-10-04 15:50:00,124.2,hydro,MW,nem,NSW1
2017-10-04 15:55:00,122.3,hydro,MW,nem,NSW1
2017-10-04 16:00:00,123.7,hydro,MW,nem,NSW1
2017-10-04 16:05:00,122.4,hydro,MW,nem,NSW1
2017-10-04 16:10:00,122.3,hydro,MW,nem,NSW1
2017-10-04 16:15:00,123.8,hydro,MW,nem,NSW1
2017-10-04 16:20:00,122.9,hydro,MW,nem,NSW1
2017-10-04 16:25:00,122.1,hydro,MW,nem,NSW1
2017-10-04 16:30:00,122.8,hydro,MW,nem,NSW1
2017-10-04 16:35:00,122.4,hydro,MW,nem,NSW1
2017-10-04 16:40:00,122.9,hydro,MW,nem,NSW1
2017-10-04 16:45:00,122.3,hydro,MW,nem,NSW1
2017-10-04 16:50:00,158.3,hydro,MW,nem,NSW1
2017-10-04 16:55:00,241.6,hydro,MW,nem,NSW1
2017-10-04 17:00:00,243.7,hydro,MW,nem,NSW1
2017-10-04 17:05:00,243.6,hydro,MW,nem,NSW1
2017-10-04 17:10:00,251.6,hydro,MW,nem,NSW1
2017-10-04 17:15:00,263.1,hydro,MW,nem,NSW1
2017-10-04 17:20:00,275.0,hydro,MW,nem,NSW1
2017-10-04 17:25:00,271.1,hydro,MW,nem,NSW1
2017-10-04 17:30:00,271.6,hydro,MW,nem,NSW1
2017-10-04 17:35:00,270.3,hydro,MW,nem,NSW1
2017-10-04 17:40:00,272.6,hydro,MW,nem,NSW1
2017-10-04 17:45:00,274.6,hydro,MW,nem,NSW1
2017-10-04 17:50:00,278.3,hydro,MW,nem,NSW1
2017-10-04 17:55:00,277.6,hydro,MW,nem,NSW1
2017-10-04 18:00:00,274.3,hydro,MW,nem,NSW1
2017-10-04 18:05:00,271.4,hydro,MW,nem,NSW1
2017-10-04 18:10:00,270.7,hydro,MW,nem,NSW1
2017-10-04 18:15:00,274.3,hydro,MW,nem,NSW1
2017-10-04 18:20:00,275.4,hydro,MW,nem,NSW1
2017-10-04 18:25:00,273.8,hydro,MW,nem,NSW1
2017-10-04 18:30:00,277.0,hydro,MW,nem,NSW1
2017-10-04 18:35:00,276.7,hydro,MW,nem,NSW1
2017-10-04 18:40:00,278.6,hydro,MW,nem,NSW1
2017-10-04 18:45:00,278.0,hydro,MW,nem,NSW1
2017-10-04 18:50:00,270.0,hydro,MW,nem,NSW1
2017-10-04 18:55:00,271.7,hydro,MW,nem,NSW1
2017-10-04 19:00:00,270.8,hydro,MW,nem,NSW1
2017-10-04 19:05:00,271.1,hydro,MW,nem,NSW1
2017-10-04 19:10:00,192.0,hydro,MW,nem,NSW1
2017-10-04 19:15:00,154.2,hydro,MW,nem,NSW1
2017-10-04 19:20:00,154.7,hydro,MW,nem,NSW1
2017-10-04 19:25:00,155.8,hydro,MW,nem,NSW1
2017-10-04 19:30:00,154.1,hydro,MW,nem,NSW1
2017-10-04 19:35:00,154.1,hydro,MW,nem,NSW1
2017-10-04 19:40:00,155.0,hydro,MW,nem,NSW1
2017-10-04 19:45:00,153.3,hydro,MW,nem,NSW1
2017-10-04 19:50:00,154.7,hydro,MW,nem,NSW1
2017-10-04 19:55:00,154.2,hydro,MW,nem,NSW1
2017-10-04 20:00:00,151.4,hydro,MW,nem,NSW1
2017-10-04 20:05:00,153.9,hydro,MW,nem,NSW1
2017-10-04 20:10:00,152.3,hydro,MW,nem,NSW1
2017-10-04 20:15:00,153.5,hydro,MW,nem,NSW1
2017-10-04 20:20:00,153.5,hydro,MW,nem,NSW1
2017-10-04 20:25:00,154.4,hydro,MW,nem,NSW1
2017-10-04 20:30:00,152.8,hydro,MW,nem,NSW1
2017-10-04 20:35:00,154.9,hydro,MW,nem,NSW1
2017-10-04 20:40:00,154.0,hydro,MW,nem,NSW1
2017-10-04 20:45:00,153.7,hydro,MW,nem,NSW1
2017-10-04 20:50:00,153.2,hydro,MW,nem,NSW1
2017-10-04 20:55:00,154.7,hydro,MW,nem,NSW1
2017-10-04 21:00:00,155.2,hydro,MW,nem,NSW1
2017-10-04 21:05:00,152.5,hydro,MW,nem,NSW1
2017-10-04 21:10:00,153.8,hydro,MW,nem,NSW1
2017-10-04 21:15:00,154.0,hydro,MW,nem,NSW1
2017-10-04 21:20:00,153.1,hydro,MW,nem,NSW1
2017-10-04 21:25:00,153.9,hydro,MW,nem,NSW1
2017-10-04 21:30:00,153.9,hydro,MW,nem,NSW1
2017-10-04 21:35:00,154.3,hydro,MW,nem,NSW1
2017-10-04 21:40:00,152.4,hydro,MW,nem,NSW1
2017-10-04 21:45:00,152.4,hydro,MW,nem,NSW1
2017-10-04 21:50:00,152.8,hydro,MW,nem,NSW1
2017-10-04 21:55:00,154.1,hydro,MW,nem,NSW1
2017-10-04 22:00:00,154.5,hydro,MW,nem,NSW1
2017-10-04 22:05:00,154.9,hydro,MW,nem,NSW1
2017-10-04 22:10:00,154.7,hydro,MW,nem,NSW1
2017-10-04 22:15:00,152.8,hydro,MW,nem,NSW1
2017-10-04 22:20:00,154.3,hydro,MW,nem,NSW1
2017-10-04 22:25:00,153.5,hydro,MW,nem,NSW1
2017-10-04 22:30:00,154.0,hydro,MW,nem,NSW1
2017-10-04 22:35:00,153.5,hydro,MW,nem,NSW1
2017-10-04 22:40:00,154.8,hydro,MW,nem,NSW1
2017-10-04 22:45:00,153.6,hydro,MW,nem,NSW1
2017-10-04 22:50:00,154.1,hydro,MW,nem,NSW1
2017-10-04 22:55:00,152.6,hydro,MW,nem,NSW1
2017-10-04 23:00:00,153.4,hydro,MW,nem,NSW1
2017-10-04 23:05:00,153.3,hydro,MW,nem,NSW1
2017-10-04 23:10:00,153.0,hydro,MW,nem,NSW1
2017-10-04 23:15:00,154.3,hydro,MW,nem,NSW1
2017-10-04 23:20:00,153.2,hydro,MW,nem,NSW1
2017-10-04 23:25:00,154.9,hydro,MW,nem,NSW1
2017-10-04 23:30:00,152.4,hydro,MW,nem,NSW1
2017-10-04 23:35:00,154.4,hydro,MW,nem,NSW1
2017-10-04 23:40:00,154.0,hydro,MW,nem,NSW1
2017-10-04 23:45:00,153.2,hydro,MW,nem,NSW1
2017-10-04 23:50:00,154.2,hydro,MW,nem,NSW1
2017-10-04 23:55:00,154.0,hydro,MW,nem,NSW1
2017-10-05 00:00:00,153.5,hydro,MW,nem,NSW1
2017-10-05 00:05:00,153.3,hydro,MW,nem,NSW1
2017-10-05 00:10:00,123.5,hydro,MW,nem,NSW1
2017-10-05 00:15:00,122.4,hydro,MW,nem,NSW1
2017-10-05 00:20:00,131.7,hydro,MW,nem,NSW1
2017-10-05 00:25:00,142.2,hydro,MW,nem,NSW1
2017-10-05 00:30:00,152.2,hydro,MW,nem,NSW1
2017-10-05 00:35:00,153.7,hydro,MW,nem,NSW1
2017-10-05 00:40:00,153.9,hydro,MW,nem,NSW1
2017-10-05 00:45:00,153.9,hydro,MW,nem,NSW1
2017-10-05 00:50:00,153.3,hydro,MW,nem,NSW1
2017-10-05 00:55:00,154.2,hydro,MW,nem,NSW1
2017-10-05 01:00:00,155.0,hydro,MW,nem,NSW1
2017-10-05 01:05:00,152.6,hydro,MW,nem,NSW1
2017-10-05 01:10:00,154.6,hydro,MW,nem,NSW1
2017-10-05 01:15:00,154.1,hydro,MW,nem,NSW1
2017-10-05 01:20:00,152.3,hydro,MW,nem,NSW1
2017-10-05 01:25:00,154.2,hydro,MW,nem,NSW1
2017-10-05 01:30:00,153.7,hydro,MW,nem,NSW1
2017-10-05 01:35:00,154.1,hydro,MW,nem,NSW1
2017-10-05 01:40:00,154.2,hydro,MW,nem,NSW1
2017-10-05 01:45:00,154.8,hydro,MW,nem,NSW1
2017-10-05 01:50:00,153.7,hydro,MW,nem,NSW1
2017-10-05 01:55:00,153.6,hydro,MW,nem,NSW1
2017-10-05 02:00:00,153.0,hydro,MW,nem,NSW1
2017-10-05 02:05:00,154.5,hydro,MW,nem,NSW1
2017-10-05 02:10:00,154.6,hydro,MW,nem,NSW1
2017-10-05 02:15:00,154.6,hydro,MW,nem,NSW1
2017-10-05 02:20:00,154.8,hydro,MW,nem,NSW1
2017-10-05 02:25:00,152.5,hydro,MW,nem,NSW1
2017-10-05 02:30:00,153.4,hydro,MW,nem,NSW1
2017-10-05 02:35:00,153.1,hydro,MW,nem,NSW1
2017-10-05 02:40:00,153.4,hydro,MW,nem,NSW1
2017-10-05 02:45:00,154.3,hydro,MW,nem,NSW1
2017-10-05 02:50:00,153.7,hydro,MW,nem,NSW1
2017-10-05 02:55:00,152.6,hydro,MW,nem,NSW1
2017-10-05 03:00:00,153.6,hydro,MW,nem,NSW1
2017-10-05 03:05:00,154.1,hydro,MW,nem,NSW1
2017-10-05 03:10:00,152.2,hydro,MW,nem,NSW1
2017-10-05 03:15:00,154.4,hydro,MW,nem,NSW1
2017-10-05 03:20:00,154.5,hydro,MW,nem,NSW1
2017-10-05 03:25:00,155.4,hydro,MW,nem,NSW1
2017-10-05 03:30:00,154.2,hydro,MW,nem,NSW1
2017-10-05 03:35:00,153.2,hydro,MW,nem,NSW1
2017-10-05 03:40:00,153.6,hydro,MW,nem,NSW1
2017-10-05 03:45:00,122.7,hydro,MW,nem,NSW1
2017-10-05 03:50:00,123.3,hydro,MW,nem,NSW1
2017-10-05 03:55:00,123.0,hydro,MW,nem,NSW1
2017-10-05 04:00:00,122.7,hydro,MW,nem,NSW1
2017-10-05 04:05:00,122.8,hydro,MW,nem,NSW1
2017-10-05 04:10:00,121.9,hydro,MW,nem,NSW1
2017-10-05 04:15:00,122.6,hydro,MW,nem,NSW1
2017-10-05 04:20:00,122.8,hydro,MW,nem,NSW1
2017-10-05 04:25:00,123.2,hydro,MW,nem,NSW1
2017-10-05 04:30:00,122.4,hydro,MW,nem,NSW1
2017-10-05 04:35:00,122.3,hydro,MW,nem,NSW1
2017-10-05 04:40:00,123.0,hydro,MW,nem,NSW1
2017-10-05 04:45:00,122.1,hydro,MW,nem,NSW1
2017-10-05 04:50:00,122.7,hydro,MW,nem,NSW1
2017-10-05 04:55:00,122.6,hydro,MW,nem,NSW1
2017-10-05 05:00:00,122.4,hydro,MW,nem,NSW1
2017-10-05 05:05:00,122.6,hydro,MW,nem,NSW1
2017-10-05 05:10:00,122.8,hydro,MW,nem,NSW1
2017-10-05 05:15:00,122.5,hydro,MW,nem,NSW1
2017-10-05 05:20:00,122.7,hydro,MW,nem,NSW1
2017-10-05 05:25:00,123.0,hydro,MW,nem,NSW1
2017-10-05 05:30:00,122.7,hydro,MW,nem,NSW1
2017-10-05 05:35:00,122.5,hydro,MW,nem,NSW1
2017-10-05 05:40:00,122.8,hydro,MW,nem,NSW1
2017-10-05 05:45:00,122.4,hydro,MW,nem,NSW1
2017-10-05 05:50:00,123.2,hydro,MW,nem,NSW1
2017-10-05 05:55:00,122.6,hydro,MW,nem,NSW1
2017-10-05 06:00:00,122.9,hydro,MW,nem,NSW1
2017-10-05 06:05:00,122.5,hydro,MW,nem,NSW1
2017-10-05 06:10:00,123.1,hydro,MW,nem,NSW1
2017-10-05 06:15:00,122.8,hydro,MW,nem,NSW1
2017-10-05 06:20:00,122.9,hydro,MW,nem,NSW1
2017-10-05 06:25:00,122.5,hydro,MW,nem,NSW1
2017-10-05 06:30:00,122.8,hydro,MW,nem,NSW1
2017-10-05 06:35:00,122.4,hydro,MW,nem,NSW1
2017-10-05 06:40:00,122.4,hydro,MW,nem,NSW1
2017-10-05 06:45:00,122.1,hydro,MW,nem,NSW1
2017-10-05 06:50:00,122.5,hydro,MW,nem,NSW1
2017-10-05 06:55:00,122.6,hydro,MW,nem,NSW1
2017-10-05 07:00:00,122.2,hydro,MW,nem,NSW1
2017-10-05 07:05:00,122.1,hydro,MW,nem,NSW1
2017-10-05 07:10:00,123.1,hydro,MW,nem,NSW1
2017-10-05 07:15:00,122.4,hydro,MW,nem,NSW1
2017-10-05 07:20:00,122.7,hydro,MW,nem,NSW1
2017-10-05 07:25:00,122.7,hydro,MW,nem,NSW1
2017-10-05 07:30:00,123.4,hydro,MW,nem,NSW1
2017-10-05 07:35:00,122.0,hydro,MW,nem,NSW1
2017-10-05 07:40:00,123.1,hydro,MW,nem,NSW1
2017-10-05 07:45:00,123.0,hydro,MW,nem,NSW1
2017-10-05 07:50:00,121.7,hydro,MW,nem,NSW1
2017-10-05 07:55:00,123.1,hydro,MW,nem,NSW1
2017-10-05 08:00:00,122.9,hydro,MW,nem,NSW1
2017-10-05 08:05:00,123.0,hydro,MW,nem,NSW1
2017-10-05 08:10:00,123.0,hydro,MW,nem,NSW1
2017-10-05 08:15:00,122.6,hydro,MW,nem,NSW1
2017-10-05 08:20:00,122.8,hydro,MW,nem,NSW1
2017-10-05 08:25:00,122.8,hydro,MW,nem,NSW1
2017-10-05 08:30:00,122.9,hydro,MW,nem,NSW1
2017-10-05 08:35:00,121.9,hydro,MW,nem,NSW1
2017-10-05 08:40:00,122.4,hydro,MW,nem,NSW1
2017-10-05 08:45:00,123.5,hydro,MW,nem,NSW1
2017-10-05 08:50:00,122.9,hydro,MW,nem,NSW1
2017-10-05 08:55:00,122.8,hydro,MW,nem,NSW1
2017-10-05 09:00:00,121.9,hydro,MW,nem,NSW1
2017-10-05 09:05:00,122.4,hydro,MW,nem,NSW1
2017-10-05 09:10:00,122.1,hydro,MW,nem,NSW1
2017-10-05 09:15:00,121.8,hydro,MW,nem,NSW1
2017-10-05 09:20:00,122.8,hydro,MW,nem,NSW1
2017-10-05 09:25:00,122.3,hydro,MW,nem,NSW1
2017-10-05 09:30:00,122.3,hydro,MW,nem,NSW1
2017-10-05 09:35:00,123.4,hydro,MW,nem,NSW1
2017-10-05 09:40:00,122.2,hydro,MW,nem,NSW1
2017-10-05 09:45:00,122.2,hydro,MW,nem,NSW1
2017-10-05 09:50:00,122.8,hydro,MW,nem,NSW1
2017-10-05 09:55:00,122.9,hydro,MW,nem,NSW1
2017-10-05 10:00:00,123.3,hydro,MW,nem,NSW1
2017-10-05 10:05:00,122.9,hydro,MW,nem,NSW1
2017-10-05 10:10:00,122.1,hydro,MW,nem,NSW1
2017-10-05 10:15:00,122.6,hydro,MW,nem,NSW1
2017-10-05 10:20:00,122.8,hydro,MW,nem,NSW1
2017-10-05 10:25:00,122.8,hydro,MW,nem,NSW1
2017-10-05 10:30:00,122.0,hydro,MW,nem,NSW1
2017-10-05 10:35:00,122.6,hydro,MW,nem,NSW1
2017-10-05 10:40:00,122.3,hydro,MW,nem,NSW1
2017-10-05 10:45:00,122.6,hydro,MW,nem,NSW1
2017-10-05 10:50:00,124.7,hydro,MW,nem,NSW1
2017-10-05 10:55:00,120.9,hydro,MW,nem,NSW1
2017-10-05 11:00:00,121.6,hydro,MW,nem,NSW1
2017-10-05 11:05:00,123.2,hydro,MW,nem,NSW1
2017-10-05 11:10:00,133.3,hydro,MW,nem,NSW1
2017-10-05 11:15:00,142.6,hydro,MW,nem,NSW1
2017-10-05 11:20:00,153.5,hydro,MW,nem,NSW1
2017-10-05 11:25:00,154.2,hydro,MW,nem,NSW1
2017-10-05 11:30:00,154.3,hydro,MW,nem,NSW1
2017-10-05 11:35:00,155.0,hydro,MW,nem,NSW1
2017-10-05 11:40:00,154.4,hydro,MW,nem,NSW1
2017-10-05 11:45:00,154.9,hydro,MW,nem,NSW1
2017-10-05 11:50:00,154.0,hydro,MW,nem,NSW1
2017-10-05 11:55:00,153.5,hydro,MW,nem,NSW1
2017-10-05 12:00:00,153.7,hydro,MW,nem,NSW1
2017-10-05 12:05:00,153.8,hydro,MW,nem,NSW1
2017-10-05 12:10:00,153.2,hydro,MW,nem,NSW1
2017-10-05 12:15:00,153.2,hydro,MW,nem,NSW1
2017-10-05 12:20:00,152.9,hydro,MW,nem,NSW1
2017-10-05 12:25:00,151.7,hydro,MW,nem,NSW1
2017-10-05 12:30:00,153.8,hydro,MW,nem,NSW1
2017-10-05 12:35:00,154.1,hydro,MW,nem,NSW1
2017-10-05 12:40:00,156.2,hydro,MW,nem,NSW1
2017-10-05 12:45:00,153.0,hydro,MW,nem,NSW1
2017-10-05 12:50:00,155.7,hydro,MW,nem,NSW1
2017-10-05 12:55:00,154.3,hydro,MW,nem,NSW1
2017-10-05 13:00:00,155.5,hydro,MW,nem,NSW1
2017-10-05 13:05:00,156.1,hydro,MW,nem,NSW1
2017-10-05 13:10:00,155.5,hydro,MW,nem,NSW1
2017-10-05 13:15:00,155.5,hydro,MW,nem,NSW1
2017-10-05 13:20:00,155.5,hydro,MW,nem,NSW1
2017-10-05 13:25:00,155.4,hydro,MW,nem,NSW1
2017-10-05 13:30:00,155.9,hydro,MW,nem,NSW1
2017-10-05 13:35:00,154.9,hydro,MW,nem,NSW1
2017-10-05 13:40:00,157.3,hydro,MW,nem,NSW1
2017-10-05 13:45:00,156.5,hydro,MW,nem,NSW1
2017-10-05 13:50:00,156.9,hydro,MW,nem,NSW1
2017-10-05 13:55:00,157.2,hydro,MW,nem,NSW1
2017-10-05 14:00:00,157.0,hydro,MW,nem,NSW1
2017-10-05 14:05:00,157.8,hydro,MW,nem,NSW1
2017-10-05 14:10:00,156.5,hydro,MW,nem,NSW1
2017-10-05 14:15:00,158.3,hydro,MW,nem,NSW1
2017-10-05 14:20:00,157.9,hydro,MW,nem,NSW1
2017-10-05 14:25:00,157.8,hydro,MW,nem,NSW1
2017-10-05 14:30:00,157.3,hydro,MW,nem,NSW1
2017-10-05 14:35:00,157.8,hydro,MW,nem,NSW1
2017-10-05 14:40:00,157.4,hydro,MW,nem,NSW1
2017-10-05 14:45:00,156.2,hydro,MW,nem,NSW1
2017-10-05 14:50:00,158.2,hydro,MW,nem,NSW1
2017-10-05 14:55:00,156.9,hydro,MW,nem,NSW1
2017-10-05 15:00:00,157.5,hydro,MW,nem,NSW1
2017-10-05 15:05:00,158.3,hydro,MW,nem,NSW1
2017-10-05 15:10:00,157.5,hydro,MW,nem,NSW1
2017-10-05 15:15:00,156.0,hydro,MW,nem,NSW1
2017-10-05 15:20:00,156.8,hydro,MW,nem,NSW1
2017-10-05 15:25:00,157.0,hydro,MW,nem,NSW1
2017-10-05 15:30:00,155.4,hydro,MW,nem,NSW1
2017-10-05 15:35:00,156.5,hydro,MW,nem,NSW1
2017-10-05 15:40:00,156.4,hydro,MW,nem,NSW1
2017-10-05 15:45:00,156.3,hydro,MW,nem,NSW1
2017-10-05 15:50:00,161.0,hydro,MW,nem,NSW1
2017-10-05 15:55:00,161.5,hydro,MW,nem,NSW1
2017-10-05 16:00:00,162.4,hydro,MW,nem,NSW1
2017-10-05 16:05:00,198.7,hydro,MW,nem,NSW1
2017-10-05 16:10:00,200.5,hydro,MW,nem,NSW1
2017-10-05 16:15:00,201.0,hydro,MW,nem,NSW1
2017-10-05 16:20:00,201.9,hydro,MW,nem,NSW1
2017-10-05 16:25:00,204.3,hydro,MW,nem,NSW1
2017-10-05 16:30:00,203.8,hydro,MW,nem,NSW1
2017-10-05 16:35:00,199.7,hydro,MW,nem,NSW1
2017-10-05 16:40:00,201.9,hydro,MW,nem,NSW1
2017-10-05 16:45:00,253.2,hydro,MW,nem,NSW1
2017-10-05 16:50:00,199.8,hydro,MW,nem,NSW1
2017-10-05 16:55:00,201.6,hydro,MW,nem,NSW1
2017-10-05 17:00:00,203.4,hydro,MW,nem,NSW1
2017-10-05 17:05:00,202.2,hydro,MW,nem,NSW1
2017-10-05 17:10:00,198.8,hydro,MW,nem,NSW1
2017-10-05 17:15:00,202.5,hydro,MW,nem,NSW1
2017-10-05 17:20:00,199.8,hydro,MW,nem,NSW1
2017-10-05 17:25:00,202.7,hydro,MW,nem,NSW1
2017-10-05 17:30:00,202.5,hydro,MW,nem,NSW1
2017-10-05 17:35:00,202.9,hydro,MW,nem,NSW1
2017-10-05 17:40:00,202.7,hydro,MW,nem,NSW1
2017-10-05 17:45:00,201.0,hydro,MW,nem,NSW1
2017-10-05 17:50:00,200.7,hydro,MW,nem,NSW1
2017-10-05 17:55:00,201.2,hydro,MW,nem,NSW1
2017-10-05 18:00:00,203.1,hydro,MW,nem,NSW1
2017-10-05 18:05:00,201.7,hydro,MW,nem,NSW1
2017-10-05 18:10:00,161.0,hydro,MW,nem,NSW1
2017-10-05 18:15:00,161.9,hydro,MW,nem,NSW1
2017-10-05 18:20:00,161.1,hydro,MW,nem,NSW1
2017-10-05 18:25:00,161.4,hydro,MW,nem,NSW1
2017-10-05 18:30:00,162.4,hydro,MW,nem,NSW1
2017-10-05 18:35:00,161.3,hydro,MW,nem,NSW1
2017-10-05 18:40:00,161.2,hydro,MW,nem,NSW1
2017-10-05 18:45:00,160.4,hydro,MW,nem,NSW1
2017-10-05 18:50:00,162.6,hydro,MW,nem,NSW1
2017-10-05 18:55:00,161.5,hydro,MW,nem,NSW1
2017-10-05 19:00:00,160.9,hydro,MW,nem,NSW1
2017-10-05 19:05:00,162.2,hydro,MW,nem,NSW1
2017-10-05 19:10:00,161.8,hydro,MW,nem,NSW1
2017-10-05 19:15:00,161.4,hydro,MW,nem,NSW1
2017-10-05 19:20:00,161.7,hydro,MW,nem,NSW1
2017-10-05 19:25:00,161.3,hydro,MW,nem,NSW1
2017-10-05 19:30:00,161.6,hydro,MW,nem,NSW1
2017-10-05 19:35:00,255.9,hydro,MW,nem,NSW1
2017-10-05 19:40:00,221.3,hydro,MW,nem,NSW1
2017-10-05 19:45:00,160.9,hydro,MW,nem,NSW1
2017-10-05 19:50:00,162.2,hydro,MW,nem,NSW1
2017-10-05 19:55:00,161.8,hydro,MW,nem,NSW1
2017-10-05 20:00:00,161.4,hydro,MW,nem,NSW1
2017-10-05 20:05:00,161.2,hydro,MW,nem,NSW1
2017-10-05 20:10:00,160.9,hydro,MW,nem,NSW1
2017-10-05 20:15:00,162.0,hydro,MW,nem,NSW1
2017-10-05 20:20:00,161.6,hydro,MW,nem,NSW1
2017-10-05 20:25:00,161.3,hydro,MW,nem,NSW1
2017-10-05 20:30:00,161.7,hydro,MW,nem,NSW1
2017-10-05 20:35:00,160.8,hydro,MW,nem,NSW1
2017-10-05 20:40:00,160.4,hydro,MW,nem,NSW1
2017-10-05 20:45:00,161.7,hydro,MW,nem,NSW1
2017-10-05 20:50:00,162.0,hydro,MW,nem,NSW1
2017-10-05 20:55:00,161.4,hydro,MW,nem,NSW1
2017-10-05 21:00:00,161.3,hydro,MW,nem,NSW1
2017-10-05 21:05:00,161.4,hydro,MW,nem,NSW1
2017-10-05 21:10:00,161.8,hydro,MW,nem,NSW1
2017-10-05 21:15:00,162.1,hydro,MW,nem,NSW1
2017-10-05 21:20:00,161.2,hydro,MW,nem,NSW1
2017-10-05 21:25:00,161.0,hydro,MW,nem,NSW1
2017-10-05 21:30:00,161.5,hydro,MW,nem,NSW1
2017-10-05 21:35:00,162.1,hydro,MW,nem,NSW1
2017-10-05 21:40:00,161.7,hydro,MW,nem,NSW1
2017-10-05 21:45:00,160.9,hydro,MW,nem,NSW1
2017-10-05 21:50:00,160.2,hydro,MW,nem,NSW1
2017-10-05 21:55:00,162.4,hydro,MW,nem,NSW1
2017-10-05 22:00:00,161.3,hydro,MW,nem,NSW1
2017-10-05 22:05:00,161.4,hydro,MW,nem,NSW1
2017-10-05 22:10:00,162.1,hydro,MW,nem,NSW1
2017-10-05 22:15:00,160.2,hydro,MW,nem,NSW1
2017-10-05 22:20:00,161.9,hydro,MW,nem,NSW1
2017-10-05 22:25:00,161.9,hydro,MW,nem,NSW1
2017-10-05 22:30:00,161.7,hydro,MW,nem,NSW1
2017-10-05 22:35:00,161.9,hydro,MW,nem,NSW1
2017-10-05 22:40:00,160.6,hydro,MW,nem,NSW1
2017-10-05 22:45:00,161.1,hydro,MW,nem,NSW1
2017-10-05 22:50:00,162.2,hydro,MW,nem,NSW1
2017-10-05 22:55:00,161.5,hydro,MW,nem,NSW1
2017-10-05 23:00:00,162.4,hydro,MW,nem,NSW1
2017-10-05 23:05:00,161.2,hydro,MW,nem,NSW1
2017-10-05 23:10:00,156.6,hydro,MW,nem,NSW1
2017-10-05 23:15:00,156.5,hydro,MW,nem,NSW1
2017-10-05 23:20:00,157.1,hydro,MW,nem,NSW1
2017-10-05 23:25:00,154.0,hydro,MW,nem,NSW1
2017-10-05 23:30:00,156.6,hydro,MW,nem,NSW1
2017-10-05 23:35:00,157.9,hydro,MW,nem,NSW1
2017-10-05 23:40:00,156.0,hydro,MW,nem,NSW1
2017-10-05 23:45:00,156.2,hydro,MW,nem,NSW1
2017-10-05 23:50:00,157.6,hydro,MW,nem,NSW1
2017-10-05 23:55:00,155.4,hydro,MW,nem,NSW1
2017-10-06 00:00:00,157.3,hydro,MW,nem,NSW1
2017-10-06 00:05:00,155.7,hydro,MW,nem,NSW1
2017-10-06 00:10:00,155.6,hydro,MW,nem,NSW1
2017-10-06 00:15:00,157.2,hydro,MW,nem,NSW1
2017-10-06 00:20:00,156.3,hydro,MW,nem,NSW1
2017-10-06 00:25:00,155.5,hydro,MW,nem,NSW1
2017-10-06 00:30:00,155.8,hydro,MW,nem,NSW1
2017-10-06 00:35:00,155.3,hydro,MW,nem,NSW1
2017-10-06 00:40:00,156.7,hydro,MW,nem,NSW1
2017-10-06 00:45:00,156.2,hydro,MW,nem,NSW1
2017-10-06 00:50:00,157.0,hydro,MW,nem,NSW1
2017-10-06 00:55:00,157.0,hydro,MW,nem,NSW1
2017-10-06 01:00:00,155.9,hydro,MW,nem,NSW1
2017-10-06 01:05:00,156.9,hydro,MW,nem,NSW1
2017-10-06 01:10:00,155.6,hydro,MW,nem,NSW1
2017-10-06 01:15:00,156.4,hydro,MW,nem,NSW1
2017-10-06 01:20:00,156.9,hydro,MW,nem,NSW1
2017-10-06 01:25:00,156.2,hydro,MW,nem,NSW1
2017-10-06 01:30:00,155.7,hydro,MW,nem,NSW1
2017-10-06 01:35:00,155.8,hydro,MW,nem,NSW1
2017-10-06 01:40:00,157.7,hydro,MW,nem,NSW1
2017-10-06 01:45:00,155.6,hydro,MW,nem,NSW1
2017-10-06 01:50:00,155.7,hydro,MW,nem,NSW1
2017-10-06 01:55:00,156.9,hydro,MW,nem,NSW1
2017-10-06 02:00:00,160.9,hydro,MW,nem,NSW1
2017-10-06 02:05:00,161.7,hydro,MW,nem,NSW1
2017-10-06 02:10:00,162.4,hydro,MW,nem,NSW1
2017-10-06 02:15:00,161.8,hydro,MW,nem,NSW1
2017-10-06 02:20:00,162.2,hydro,MW,nem,NSW1
2017-10-06 02:25:00,161.0,hydro,MW,nem,NSW1
2017-10-06 02:30:00,161.0,hydro,MW,nem,NSW1
2017-10-06 02:35:00,161.4,hydro,MW,nem,NSW1
2017-10-06 02:40:00,160.8,hydro,MW,nem,NSW1
2017-10-06 02:45:00,162.2,hydro,MW,nem,NSW1
2017-10-06 02:50:00,161.7,hydro,MW,nem,NSW1
2017-10-06 02:55:00,162.2,hydro,MW,nem,NSW1
2017-10-06 03:00:00,160.8,hydro,MW,nem,NSW1
2017-10-06 03:05:00,161.5,hydro,MW,nem,NSW1
2017-10-06 03:10:00,161.4,hydro,MW,nem,NSW1
2017-10-06 03:15:00,162.2,hydro,MW,nem,NSW1
2017-10-06 03:20:00,162.0,hydro,MW,nem,NSW1
2017-10-06 03:25:00,161.6,hydro,MW,nem,NSW1
2017-10-06 03:30:00,160.9,hydro,MW,nem,NSW1
2017-10-06 03:35:00,161.2,hydro,MW,nem,NSW1
2017-10-06 03:40:00,161.8,hydro,MW,nem,NSW1
2017-10-06 03:45:00,162.5,hydro,MW,nem,NSW1
2017-10-06 03:50:00,161.4,hydro,MW,nem,NSW1
2017-10-06 03:55:00,160.8,hydro,MW,nem,NSW1
2017-10-06 04:00:00,161.3,hydro,MW,nem,NSW1
2017-10-06 04:05:00,161.1,hydro,MW,nem,NSW1
2017-10-06 04:10:00,160.7,hydro,MW,nem,NSW1
2017-10-06 04:15:00,161.7,hydro,MW,nem,NSW1
2017-10-06 04:20:00,161.5,hydro,MW,nem,NSW1
2017-10-06 04:25:00,161.5,hydro,MW,nem,NSW1
2017-10-06 04:30:00,161.1,hydro,MW,nem,NSW1
2017-10-06 04:35:00,161.1,hydro,MW,nem,NSW1
2017-10-06 04:40:00,161.6,hydro,MW,nem,NSW1
2017-10-06 04:45:00,160.5,hydro,MW,nem,NSW1
2017-10-06 04:50:00,161.9,hydro,MW,nem,NSW1
2017-10-06 04:55:00,161.4,hydro,MW,nem,NSW1
2017-10-06 05:00:00,162.7,hydro,MW,nem,NSW1
2017-10-06 05:05:00,161.0,hydro,MW,nem,NSW1
2017-10-06 05:10:00,160.8,hydro,MW,nem,NSW1
2017-10-06 05:15:00,162.6,hydro,MW,nem,NSW1
2017-10-06 05:20:00,160.8,hydro,MW,nem,NSW1
2017-10-06 05:25:00,161.2,hydro,MW,nem,NSW1
2017-10-06 05:30:00,161.9,hydro,MW,nem,NSW1
2017-10-06 05:35:00,161.2,hydro,MW,nem,NSW1
2017-10-06 05:40:00,160.9,hydro,MW,nem,NSW1
2017-10-06 05:45:00,161.9,hydro,MW,nem,NSW1
2017-10-06 05:50:00,161.2,hydro,MW,nem,NSW1
2017-10-06 05:55:00,161.7,hydro,MW,nem,NSW1
2017-10-06 06:00:00,161.8,hydro,MW,nem,NSW1
2017-10-06 06:05:00,161.1,hydro,MW,nem,NSW1
2017-10-06 06:10:00,161.3,hydro,MW,nem,NSW1
2017-10-06 06:15:00,161.0,hydro,MW,nem,NSW1
2017-10-06 06:20:00,161.4,hydro,MW,nem,NSW1
2017-10-06 06:25:00,160.8,hydro,MW,nem,NSW1
2017-10-06 06:30:00,161.2,hydro,MW,nem,NSW1
2017-10-06 06:35:00,161.7,hydro,MW,nem,NSW1
2017-10-06 06:40:00,160.2,hydro,MW,nem,NSW1
2017-10-06 06:45:00,162.3,hydro,MW,nem,NSW1
2017-10-06 06:50:00,161.0,hydro,MW,nem,NSW1
2017-10-06 06:55:00,161.7,hydro,MW,nem,NSW1
2017-10-06 07:00:00,161.2,hydro,MW,nem,NSW1
2017-10-06 07:05:00,160.9,hydro,MW,nem,NSW1
2017-10-06 07:10:00,161.2,hydro,MW,nem,NSW1
2017-10-06 07:15:00,160.9,hydro,MW,nem,NSW1
2017-10-06 07:20:00,160.2,hydro,MW,nem,NSW1
2017-10-06 07:25:00,161.4,hydro,MW,nem,NSW1
2017-10-06 07:30:00,160.9,hydro,MW,nem,NSW1
2017-10-06 07:35:00,161.6,hydro,MW,nem,NSW1
2017-10-06 07:40:00,161.7,hydro,MW,nem,NSW1
2017-10-06 07:45:00,161.8,hydro,MW,nem,NSW1
2017-10-06 07:50:00,162.1,hydro,MW,nem,NSW1
2017-10-06 07:55:00,160.5,hydro,MW,nem,NSW1
2017-10-06 08:00:00,161.0,hydro,MW,nem,NSW1
2017-10-06 08:05:00,161.3,hydro,MW,nem,NSW1
2017-10-06 08:10:00,161.7,hydro,MW,nem,NSW1
2017-10-06 08:15:00,161.2,hydro,MW,nem,NSW1
2017-10-06 08:20:00,161.7,hydro,MW,nem,NSW1
2017-10-06 08:25:00,162.0,hydro,MW,nem,NSW1
2017-10-06 08:30:00,162.7,hydro,MW,nem,NSW1
2017-10-06 08:35:00,160.8,hydro,MW,nem,NSW1
2017-10-06 08:40:00,161.0,hydro,MW,nem,NSW1
2017-10-06 08:45:00,161.3,hydro,MW,nem,NSW1
2017-10-06 08:50:00,161.4,hydro,MW,nem,NSW1
2017-10-06 08:55:00,160.6,hydro,MW,nem,NSW1
2017-10-06 09:00:00,162.9,hydro,MW,nem,NSW1
2017-10-06 09:05:00,160.7,hydro,MW,nem,NSW1
2017-10-06 09:10:00,161.6,hydro,MW,nem,NSW1
2017-10-06 09:15:00,161.8,hydro,MW,nem,NSW1
2017-10-06 09:20:00,162.3,hydro,MW,nem,NSW1
2017-10-06 09:25:00,161.2,hydro,MW,nem,NSW1
2017-10-06 09:30:00,161.3,hydro,MW,nem,NSW1
2017-10-06 09:35:00,160.9,hydro,MW,nem,NSW1
2017-10-06 09:40:00,162.5,hydro,MW,nem,NSW1
2017-10-06 09:45:00,161.3,hydro,MW,nem,NSW1
2017-10-06 09:50:00,161.4,hydro,MW,nem,NSW1
2017-10-06 09:55:00,161.9,hydro,MW,nem,NSW1
2017-10-06 10:00:00,161.0,hydro,MW,nem,NSW1
2017-10-06 10:05:00,165.0,hydro,MW,nem,NSW1
2017-10-06 10:10:00,264.2,hydro,MW,nem,NSW1
2017-10-06 10:15:00,271.2,hydro,MW,nem,NSW1
2017-10-06 10:20:00,277.0,hydro,MW,nem,NSW1
2017-10-06 10:25:00,276.7,hydro,MW,nem,NSW1
2017-10-06 10:30:00,272.8,hydro,MW,nem,NSW1
2017-10-06 10:35:00,266.3,hydro,MW,nem,NSW1
2017-10-06 10:40:00,278.6,hydro,MW,nem,NSW1
2017-10-06 10:45:00,263.5,hydro,MW,nem,NSW1
2017-10-06 10:50:00,274.5,hydro,MW,nem,NSW1
2017-10-06 10:55:00,267.0,hydro,MW,nem,NSW1
2017-10-06 11:00:00,270.9,hydro,MW,nem,NSW1
2017-10-06 11:05:00,270.5,hydro,MW,nem,NSW1
2017-10-06 11:10:00,267.6,hydro,MW,nem,NSW1
2017-10-06 11:15:00,260.0,hydro,MW,nem,NSW1
2017-10-06 11:20:00,267.8,hydro,MW,nem,NSW1
2017-10-06 11:25:00,265.9,hydro,MW,nem,NSW1
2017-10-06 11:30:00,251.7,hydro,MW,nem,NSW1
2017-10-06 11:35:00,266.9,hydro,MW,nem,NSW1
2017-10-06 11:40:00,271.5,hydro,MW,nem,NSW1
2017-10-06 11:45:00,279.0,hydro,MW,nem,NSW1
2017-10-06 11:50:00,282.7,hydro,MW,nem,NSW1
2017-10-06 11:55:00,266.1,hydro,MW,nem,NSW1
2017-10-06 12:00:00,273.6,hydro,MW,nem,NSW1
2017-10-06 12:05:00,266.4,hydro,MW,nem,NSW1
2017-10-06 12:10:00,266.8,hydro,MW,nem,NSW1
2017-10-06 12:15:00,275.4,hydro,MW,nem,NSW1
2017-10-06 12:20:00,280.5,hydro,MW,nem,NSW1
2017-10-06 12:25:00,269.5,hydro,MW,nem,NSW1
2017-10-06 12:30:00,279.4,hydro,MW,nem,NSW1
2017-10-06 12:35:00,276.7,hydro,MW,nem,NSW1
2017-10-06 12:40:00,279.6,hydro,MW,nem,NSW1
2017-10-06 12:45:00,281.9,hydro,MW,nem,NSW1
2017-10-06 12:50:00,280.7,hydro,MW,nem,NSW1
2017-10-06 12:55:00,284.1,hydro,MW,nem,NSW1
2017-10-06 13:00:00,275.5,hydro,MW,nem,NSW1
2017-10-06 13:05:00,268.7,hydro,MW,nem,NSW1
2017-10-06 13:10:00,174.2,hydro,MW,nem,NSW1
2017-10-06 13:15:00,161.5,hydro,MW,nem,NSW1
2017-10-06 13:20:00,161.7,hydro,MW,nem,NSW1
2017-10-06 13:25:00,161.8,hydro,MW,nem,NSW1
2017-10-06 13:30:00,161.9,hydro,MW,nem,NSW1
2017-10-06 13:35:00,161.4,hydro,MW,nem,NSW1
2017-10-06 13:40:00,160.6,hydro,MW,nem,NSW1
2017-10-06 13:45:00,161.0,hydro,MW,nem,NSW1
2017-10-06 13:50:00,161.1,hydro,MW,nem,NSW1
2017-10-06 13:55:00,161.0,hydro,MW,nem,NSW1
2017-10-06 14:00:00,160.9,hydro,MW,nem,NSW1
2017-10-06 14:05:00,162.1,hydro,MW,nem,NSW1
2017-10-06 14:10:00,162.0,hydro,MW,nem,NSW1
2017-10-06 14:15:00,160.5,hydro,MW,nem,NSW1
2017-10-06 14:20:00,160.8,hydro,MW,nem,NSW1
2017-10-06 14:25:00,160.8,hydro,MW,nem,NSW1
2017-10-06 14:30:00,161.8,hydro,MW,nem,NSW1
2017-10-06 14:35:00,161.0,hydro,MW,nem,NSW1
2017-10-06 14:40:00,161.3,hydro,MW,nem,NSW1
2017-10-06 14:45:00,161.4,hydro,MW,nem,NSW1
2017-10-06 14:50:00,161.2,hydro,MW,nem,NSW1
2017-10-06 14:55:00,160.9,hydro,MW,nem,NSW1
2017-10-06 15:00:00,160.8,hydro,MW,nem,NSW1
2017-10-06 15:05:00,161.0,hydro,MW,nem,NSW1
2017-10-06 15:10:00,161.9,hydro,MW,nem,NSW1
2017-10-06 15:15:00,161.6,hydro,MW,nem,NSW1
2017-10-06 15:20:00,161.5,hydro,MW,nem,NSW1
2017-10-06 15:25:00,161.5,hydro,MW,nem,NSW1
2017-10-06 15:30:00,161.1,hydro,MW,nem,NSW1
2017-10-06 15:35:00,161.5,hydro,MW,nem,NSW1
2017-10-06 15:40:00,161.0,hydro,MW,nem,NSW1
2017-10-06 15:45:00,161.4,hydro,MW,nem,NSW1
2017-10-06 15:50:00,161.0,hydro,MW,nem,NSW1
2017-10-06 15:55:00,161.3,hydro,MW,nem,NSW1
2017-10-06 16:00:00,160.8,hydro,MW,nem,NSW1
2017-10-06 16:05:00,161.9,hydro,MW,nem,NSW1
2017-10-06 16:10:00,161.9,hydro,MW,nem,NSW1
2017-10-06 16:15:00,161.4,hydro,MW,nem,NSW1
2017-10-06 16:20:00,161.9,hydro,MW,nem,NSW1
2017-10-06 16:25:00,159.8,hydro,MW,nem,NSW1
2017-10-06 16:30:00,161.6,hydro,MW,nem,NSW1
2017-10-06 16:35:00,161.1,hydro,MW,nem,NSW1
2017-10-06 16:40:00,160.6,hydro,MW,nem,NSW1
2017-10-06 16:45:00,162.0,hydro,MW,nem,NSW1
2017-10-06 16:50:00,160.4,hydro,MW,nem,NSW1
2017-10-06 16:55:00,161.2,hydro,MW,nem,NSW1
2017-10-06 17:00:00,160.8,hydro,MW,nem,NSW1
2017-10-06 17:05:00,162.0,hydro,MW,nem,NSW1
2017-10-06 17:10:00,161.7,hydro,MW,nem,NSW1
2017-10-06 17:15:00,162.0,hydro,MW,nem,NSW1
2017-10-06 17:20:00,161.8,hydro,MW,nem,NSW1
2017-10-06 17:25:00,160.9,hydro,MW,nem,NSW1
2017-10-06 17:30:00,160.3,hydro,MW,nem,NSW1
2017-10-06 17:35:00,161.5,hydro,MW,nem,NSW1
2017-10-06 17:40:00,160.4,hydro,MW,nem,NSW1
2017-10-06 17:45:00,161.6,hydro,MW,nem,NSW1
2017-10-06 17:50:00,161.7,hydro,MW,nem,NSW1
2017-10-06 17:55:00,161.2,hydro,MW,nem,NSW1
2017-10-06 18:00:00,161.1,hydro,MW,nem,NSW1
2017-10-06 18:05:00,162.2,hydro,MW,nem,NSW1
2017-10-06 18:10:00,160.4,hydro,MW,nem,NSW1
2017-10-06 18:15:00,161.3,hydro,MW,nem,NSW1
2017-10-06 18:20:00,161.1,hydro,MW,nem,NSW1
2017-10-06 18:25:00,161.4,hydro,MW,nem,NSW1
2017-10-06 18:30:00,161.4,hydro,MW,nem,NSW1
2017-10-06 18:35:00,160.8,hydro,MW,nem,NSW1
2017-10-06 18:40:00,160.4,hydro,MW,nem,NSW1
2017-10-06 18:45:00,161.5,hydro,MW,nem,NSW1
2017-10-06 18:50:00,160.3,hydro,MW,nem,NSW1
2017-10-06 18:55:00,161.0,hydro,MW,nem,NSW1
2017-10-06 19:00:00,160.4,hydro,MW,nem,NSW1
2017-10-06 19:05:00,162.2,hydro,MW,nem,NSW1
2017-10-06 19:10:00,160.2,hydro,MW,nem,NSW1
2017-10-06 19:15:00,161.6,hydro,MW,nem,NSW1
2017-10-06 19:20:00,160.8,hydro,MW,nem,NSW1
2017-10-06 19:25:00,162.0,hydro,MW,nem,NSW1
2017-10-06 19:30:00,160.6,hydro,MW,nem,NSW1
2017-10-06 19:35:00,161.5,hydro,MW,nem,NSW1
2017-10-06 19:40:00,160.4,hydro,MW,nem,NSW1
2017-10-06 19:45:00,161.4,hydro,MW,nem,NSW1
2017-10-06 19:50:00,161.2,hydro,MW,nem,NSW1
2017-10-06 19:55:00,161.0,hydro,MW,nem,NSW1
2017-10-06 20:00:00,159.5,hydro,MW,nem,NSW1
2017-10-06 20:05:00,161.1,hydro,MW,nem,NSW1
2017-10-06 20:10:00,156.2,hydro,MW,nem,NSW1
2017-10-06 20:15:00,156.4,hydro,MW,nem,NSW1
2017-10-06 20:20:00,156.3,hydro,MW,nem,NSW1
2017-10-06 20:25:00,156.8,hydro,MW,nem,NSW1
2017-10-06 20:30:00,156.8,hydro,MW,nem,NSW1
2017-10-06 20:35:00,159.1,hydro,MW,nem,NSW1
2017-10-06 20:40:00,161.2,hydro,MW,nem,NSW1
2017-10-06 20:45:00,160.5,hydro,MW,nem,NSW1
2017-10-06 20:50:00,162.4,hydro,MW,nem,NSW1
2017-10-06 20:55:00,161.9,hydro,MW,nem,NSW1
2017-10-06 21:00:00,162.4,hydro,MW,nem,NSW1
2017-10-06 21:05:00,159.7,hydro,MW,nem,NSW1
2017-10-06 21:10:00,161.2,hydro,MW,nem,NSW1
2017-10-06 21:15:00,160.6,hydro,MW,nem,NSW1
2017-10-06 21:20:00,160.7,hydro,MW,nem,NSW1
2017-10-06 21:25:00,159.9,hydro,MW,nem,NSW1
2017-10-06 21:30:00,161.1,hydro,MW,nem,NSW1
2017-10-06 21:35:00,161.4,hydro,MW,nem,NSW1
2017-10-06 21:40:00,159.2,hydro,MW,nem,NSW1
2017-10-06 21:45:00,162.8,hydro,MW,nem,NSW1
2017-10-06 21:50:00,161.9,hydro,MW,nem,NSW1
2017-10-06 21:55:00,161.9,hydro,MW,nem,NSW1
2017-10-06 22:00:00,161.7,hydro,MW,nem,NSW1
2017-10-06 22:05:00,161.5,hydro,MW,nem,NSW1
2017-10-06 22:10:00,160.9,hydro,MW,nem,NSW1
2017-10-06 22:15:00,160.6,hydro,MW,nem,NSW1
2017-10-06 22:20:00,161.4,hydro,MW,nem,NSW1
2017-10-06 22:25:00,160.8,hydro,MW,nem,NSW1
2017-10-06 22:30:00,161.7,hydro,MW,nem,NSW1
2017-10-06 22:35:00,161.1,hydro,MW,nem,NSW1
2017-10-06 22:40:00,190.9,hydro,MW,nem,NSW1
2017-10-06 22:45:00,166.1,hydro,MW,nem,NSW1
2017-10-06 22:50:00,160.5,hydro,MW,nem,NSW1
2017-10-06 22:55:00,162.3,hydro,MW,nem,NSW1
2017-10-06 23:00:00,161.5,hydro,MW,nem,NSW1
2017-10-06 23:05:00,161.5,hydro,MW,nem,NSW1
2017-10-06 23:10:00,161.7,hydro,MW,nem,NSW1
2017-10-06 23:15:00,161.6,hydro,MW,nem,NSW1
2017-10-06 23:20:00,160.0,hydro,MW,nem,NSW1
2017-10-06 23:25:00,161.4,hydro,MW,nem,NSW1
2017-10-06 23:30:00,160.9,hydro,MW,nem,NSW1
2017-10-06 23:35:00,160.5,hydro,MW,nem,NSW1
2017-10-06 23:40:00,161.2,hydro,MW,nem,NSW1
2017-10-06 23:45:00,160.7,hydro,MW,nem,NSW1
2017-10-06 23:50:00,159.9,hydro,MW,nem,NSW1
2017-10-06 23:55:00,160.7,hydro,MW,nem,NSW1
2017-10-07 00:00:00,160.2,hydro,MW,nem,NSW1
2017-10-07 00:05:00,161.4,hydro,MW,nem,NSW1
2017-10-07 00:10:00,161.2,hydro,MW,nem,NSW1
2017-10-07 00:15:00,161.1,hydro,MW,nem,NSW1
2017-10-07 00:20:00,160.8,hydro,MW,nem,NSW1
2017-10-07 00:25:00,161.1,hydro,MW,nem,NSW1
2017-10-07 00:30:00,160.9,hydro,MW,nem,NSW1
2017-10-07 00:35:00,161.3,hydro,MW,nem,NSW1
2017-10-07 00:40:00,160.6,hydro,MW,nem,NSW1
2017-10-07 00:45:00,161.0,hydro,MW,nem,NSW1
2017-10-07 00:50:00,161.3,hydro,MW,nem,NSW1
2017-10-07 00:55:00,161.6,hydro,MW,nem,NSW1
2017-10-07 01:00:00,161.0,hydro,MW,nem,NSW1
2017-10-07 01:05:00,161.4,hydro,MW,nem,NSW1
2017-10-07 01:10:00,160.7,hydro,MW,nem,NSW1
2017-10-07 01:15:00,160.7,hydro,MW,nem,NSW1
2017-10-07 01:20:00,161.0,hydro,MW,nem,NSW1
2017-10-07 01:25:00,160.7,hydro,MW,nem,NSW1
2017-10-07 01:30:00,160.9,hydro,MW,nem,NSW1
2017-10-07 01:35:00,160.8,hydro,MW,nem,NSW1
2017-10-07 01:40:00,160.8,hydro,MW,nem,NSW1
2017-10-07 01:45:00,161.0,hydro,MW,nem,NSW1
2017-10-07 01:50:00,160.2,hydro,MW,nem,NSW1
2017-10-07 01:55:00,161.3,hydro,MW,nem,NSW1
2017-10-07 02:00:00,161.6,hydro,MW,nem,NSW1
2017-10-07 02:05:00,230.5,hydro,MW,nem,NSW1
2017-10-07 02:10:00,161.4,hydro,MW,nem,NSW1
2017-10-07 02:15:00,160.5,hydro,MW,nem,NSW1
2017-10-07 02:20:00,161.2,hydro,MW,nem,NSW1
2017-10-07 02:25:00,160.6,hydro,MW,nem,NSW1
2017-10-07 02:30:00,162.1,hydro,MW,nem,NSW1
2017-10-07 02:35:00,160.2,hydro,MW,nem,NSW1
2017-10-07 02:40:00,160.9,hydro,MW,nem,NSW1
2017-10-07 02:45:00,161.3,hydro,MW,nem,NSW1
2017-10-07 02:50:00,160.9,hydro,MW,nem,NSW1
2017-10-07 02:55:00,160.6,hydro,MW,nem,NSW1
2017-10-07 03:00:00,160.4,hydro,MW,nem,NSW1
2017-10-07 03:05:00,161.2,hydro,MW,nem,NSW1
2017-10-07 03:10:00,160.9,hydro,MW,nem,NSW1
2017-10-07 03:15:00,160.1,hydro,MW,nem,NSW1
2017-10-07 03:20:00,161.7,hydro,MW,nem,NSW1
2017-10-07 03:25:00,162.0,hydro,MW,nem,NSW1
2017-10-07 03:30:00,160.7,hydro,MW,nem,NSW1
2017-10-07 03:35:00,161.3,hydro,MW,nem,NSW1
2017-10-07 03:40:00,161.1,hydro,MW,nem,NSW1
2017-10-07 03:45:00,161.9,hydro,MW,nem,NSW1
2017-10-07 03:50:00,161.9,hydro,MW,nem,NSW1
2017-10-07 03:55:00,160.3,hydro,MW,nem,NSW1
2017-10-07 04:00:00,161.0,hydro,MW,nem,NSW1
2017-10-07 04:05:00,162.6,hydro,MW,nem,NSW1
2017-10-07 04:10:00,161.9,hydro,MW,nem,NSW1
2017-10-07 04:15:00,161.1,hydro,MW,nem,NSW1
2017-10-07 04:20:00,161.2,hydro,MW,nem,NSW1
2017-10-07 04:25:00,160.7,hydro,MW,nem,NSW1
2017-10-07 04:30:00,160.6,hydro,MW,nem,NSW1
2017-10-07 04:35:00,161.0,hydro,MW,nem,NSW1
2017-10-07 04:40:00,161.1,hydro,MW,nem,NSW1
2017-10-07 04:45:00,161.7,hydro,MW,nem,NSW1
2017-10-07 04:50:00,161.1,hydro,MW,nem,NSW1
2017-10-07 04:55:00,161.3,hydro,MW,nem,NSW1
2017-10-07 05:00:00,161.7,hydro,MW,nem,NSW1
2017-10-07 05:05:00,161.0,hydro,MW,nem,NSW1
2017-10-07 05:10:00,161.9,hydro,MW,nem,NSW1
2017-10-07 05:15:00,159.2,hydro,MW,nem,NSW1
2017-10-07 05:20:00,161.8,hydro,MW,nem,NSW1
2017-10-07 05:25:00,160.8,hydro,MW,nem,NSW1
2017-10-07 05:30:00,160.8,hydro,MW,nem,NSW1
2017-10-07 05:35:00,161.5,hydro,MW,nem,NSW1
2017-10-07 05:40:00,161.3,hydro,MW,nem,NSW1
2017-10-07 05:45:00,161.0,hydro,MW,nem,NSW1
2017-10-07 05:50:00,161.5,hydro,MW,nem,NSW1
2017-10-07 05:55:00,160.9,hydro,MW,nem,NSW1
2017-10-07 06:00:00,161.4,hydro,MW,nem,NSW1
2017-10-07 06:05:00,161.3,hydro,MW,nem,NSW1
2017-10-07 06:10:00,160.1,hydro,MW,nem,NSW1
2017-10-07 06:15:00,160.7,hydro,MW,nem,NSW1
2017-10-07 06:20:00,159.9,hydro,MW,nem,NSW1
2017-10-07 06:25:00,159.4,hydro,MW,nem,NSW1
2017-10-07 06:30:00,160.4,hydro,MW,nem,NSW1
2017-10-07 06:35:00,161.8,hydro,MW,nem,NSW1
2017-10-07 06:40:00,160.8,hydro,MW,nem,NSW1
2017-10-07 06:45:00,161.4,hydro,MW,nem,NSW1
2017-10-07 06:50:00,161.6,hydro,MW,nem,NSW1
2017-10-07 06:55:00,161.2,hydro,MW,nem,NSW1
2017-10-07 07:00:00,161.6,hydro,MW,nem,NSW1
2017-10-07 07:05:00,160.8,hydro,MW,nem,NSW1
2017-10-07 07:10:00,160.7,hydro,MW,nem,NSW1
2017-10-07 07:15:00,161.2,hydro,MW,nem,NSW1
2017-10-07 07:20:00,161.4,hydro,MW,nem,NSW1
2017-10-07 07:25:00,160.4,hydro,MW,nem,NSW1
2017-10-07 07:30:00,160.8,hydro,MW,nem,NSW1
2017-10-07 07:35:00,160.5,hydro,MW,nem,NSW1
2017-10-07 07:40:00,162.0,hydro,MW,nem,NSW1
2017-10-07 07:45:00,161.9,hydro,MW,nem,NSW1
2017-10-07 07:50:00,161.6,hydro,MW,nem,NSW1
2017-10-07 07:55:00,160.1,hydro,MW,nem,NSW1
2017-10-07 08:00:00,161.2,hydro,MW,nem,NSW1
2017-10-07 08:05:00,162.0,hydro,MW,nem,NSW1
2017-10-07 08:10:00,263.4,hydro,MW,nem,NSW1
2017-10-07 08:15:00,278.7,hydro,MW,nem,NSW1
2017-10-07 08:20:00,262.9,hydro,MW,nem,NSW1
2017-10-07 08:25:00,265.0,hydro,MW,nem,NSW1
2017-10-07 08:30:00,285.2,hydro,MW,nem,NSW1
2017-10-07 08:35:00,323.7,hydro,MW,nem,NSW1
2017-10-07 08:40:00,291.4,hydro,MW,nem,NSW1
2017-10-07 08:45:00,262.9,hydro,MW,nem,NSW1
2017-10-07 08:50:00,271.0,hydro,MW,nem,NSW1
2017-10-07 08:55:00,269.8,hydro,MW,nem,NSW1
2017-10-07 09:00:00,268.0,hydro,MW,nem,NSW1
2017-10-07 09:05:00,271.8,hydro,MW,nem,NSW1
2017-10-07 09:10:00,171.9,hydro,MW,nem,NSW1
2017-10-07 09:15:00,155.0,hydro,MW,nem,NSW1
2017-10-07 09:20:00,155.9,hydro,MW,nem,NSW1
2017-10-07 09:25:00,155.7,hydro,MW,nem,NSW1
2017-10-07 09:30:00,156.5,hydro,MW,nem,NSW1
2017-10-07 09:35:00,156.6,hydro,MW,nem,NSW1
2017-10-07 09:40:00,156.3,hydro,MW,nem,NSW1
2017-10-07 09:45:00,155.5,hydro,MW,nem,NSW1
2017-10-07 09:50:00,156.0,hydro,MW,nem,NSW1
2017-10-07 09:55:00,155.4,hydro,MW,nem,NSW1
2017-10-07 10:00:00,155.8,hydro,MW,nem,NSW1
2017-10-07 10:05:00,155.8,hydro,MW,nem,NSW1
2017-10-07 10:10:00,155.1,hydro,MW,nem,NSW1
2017-10-07 10:15:00,152.9,hydro,MW,nem,NSW1
2017-10-07 10:20:00,154.2,hydro,MW,nem,NSW1
2017-10-07 10:25:00,153.1,hydro,MW,nem,NSW1
2017-10-07 10:30:00,155.6,hydro,MW,nem,NSW1
2017-10-07 10:35:00,154.1,hydro,MW,nem,NSW1
2017-10-07 10:40:00,154.0,hydro,MW,nem,NSW1
2017-10-07 10:45:00,154.9,hydro,MW,nem,NSW1
2017-10-07 10:50:00,153.8,hydro,MW,nem,NSW1
2017-10-07 10:55:00,154.7,hydro,MW,nem,NSW1
2017-10-07 11:00:00,153.1,hydro,MW,nem,NSW1
2017-10-07 11:05:00,154.4,hydro,MW,nem,NSW1
2017-10-07 11:10:00,155.2,hydro,MW,nem,NSW1
2017-10-07 11:15:00,154.4,hydro,MW,nem,NSW1
2017-10-07 11:20:00,153.1,hydro,MW,nem,NSW1
2017-10-07 11:25:00,154.2,hydro,MW,nem,NSW1
2017-10-07 11:30:00,154.9,hydro,MW,nem,NSW1
2017-10-07 11:35:00,153.8,hydro,MW,nem,NSW1
2017-10-07 11:40:00,154.4,hydro,MW,nem,NSW1
2017-10-07 11:45:00,154.4,hydro,MW,nem,NSW1
2017-10-07 11:50:00,154.2,hydro,MW,nem,NSW1
2017-10-07 11:55:00,154.9,hydro,MW,nem,NSW1
2017-10-07 12:00:00,153.7,hydro,MW,nem,NSW1
2017-10-07 12:05:00,154.4,hydro,MW,nem,NSW1
2017-10-07 12:10:00,154.5,hydro,MW,nem,NSW1
2017-10-07 12:15:00,153.6,hydro,MW,nem,NSW1
2017-10-07 12:20:00,154.1,hydro,MW,nem,NSW1
2017-10-07 12:25:00,155.0,hydro,MW,nem,NSW1
2017-10-07 12:30:00,154.6,hydro,MW,nem,NSW1
2017-10-07 12:35:00,153.8,hydro,MW,nem,NSW1
2017-10-07 12:40:00,154.9,hydro,MW,nem,NSW1
2017-10-07 12:45:00,154.5,hydro,MW,nem,NSW1
2017-10-07 12:50:00,153.4,hydro,MW,nem,NSW1
2017-10-07 12:55:00,155.8,hydro,MW,nem,NSW1
2017-10-07 13:00:00,154.6,hydro,MW,nem,NSW1
2017-10-07 13:05:00,155.7,hydro,MW,nem,NSW1
2017-10-07 13:10:00,127.8,hydro,MW,nem,NSW1
2017-10-07 13:15:00,126.0,hydro,MW,nem,NSW1
2017-10-07 13:20:00,126.3,hydro,MW,nem,NSW1
2017-10-07 13:25:00,127.0,hydro,MW,nem,NSW1
2017-10-07 13:30:00,126.7,hydro,MW,nem,NSW1
2017-10-07 13:35:00,127.0,hydro,MW,nem,NSW1
2017-10-07 13:40:00,126.2,hydro,MW,nem,NSW1
2017-10-07 13:45:00,126.3,hydro,MW,nem,NSW1
2017-10-07 13:50:00,127.0,hydro,MW,nem,NSW1
2017-10-07 13:55:00,126.0,hydro,MW,nem,NSW1
2017-10-07 14:00:00,126.9,hydro,MW,nem,NSW1
2017-10-07 14:05:00,126.8,hydro,MW,nem,NSW1
2017-10-07 14:10:00,127.7,hydro,MW,nem,NSW1
2017-10-07 14:15:00,126.1,hydro,MW,nem,NSW1
2017-10-07 14:20:00,126.5,hydro,MW,nem,NSW1
2017-10-07 14:25:00,126.6,hydro,MW,nem,NSW1
2017-10-07 14:30:00,126.2,hydro,MW,nem,NSW1
2017-10-07 14:35:00,125.9,hydro,MW,nem,NSW1
2017-10-07 14:40:00,126.7,hydro,MW,nem,NSW1
2017-10-07 14:45:00,126.5,hydro,MW,nem,NSW1
2017-10-07 14:50:00,126.6,hydro,MW,nem,NSW1
2017-10-07 14:55:00,126.6,hydro,MW,nem,NSW1
2017-10-07 15:00:00,126.5,hydro,MW,nem,NSW1
2017-10-07 15:05:00,126.5,hydro,MW,nem,NSW1
2017-10-07 15:10:00,126.8,hydro,MW,nem,NSW1
2017-10-07 15:15:00,126.5,hydro,MW,nem,NSW1
2017-10-07 15:20:00,125.9,hydro,MW,nem,NSW1
2017-10-07 15:25:00,126.5,hydro,MW,nem,NSW1
2017-10-07 15:30:00,127.1,hydro,MW,nem,NSW1
2017-10-07 15:35:00,126.2,hydro,MW,nem,NSW1
2017-10-07 15:40:00,127.1,hydro,MW,nem,NSW1
2017-10-07 15:45:00,126.1,hydro,MW,nem,NSW1
2017-10-07 15:50:00,126.0,hydro,MW,nem,NSW1
2017-10-07 15:55:00,125.8,hydro,MW,nem,NSW1
2017-10-07 16:00:00,126.8,hydro,MW,nem,NSW1
2017-10-07 16:05:00,125.1,hydro,MW,nem,NSW1
2017-10-07 16:10:00,126.8,hydro,MW,nem,NSW1
2017-10-07 16:15:00,126.2,hydro,MW,nem,NSW1
2017-10-07 16:20:00,127.2,hydro,MW,nem,NSW1
2017-10-07 16:25:00,127.2,hydro,MW,nem,NSW1
2017-10-07 16:30:00,125.9,hydro,MW,nem,NSW1
2017-10-07 16:35:00,125.7,hydro,MW,nem,NSW1
2017-10-07 16:40:00,126.9,hydro,MW,nem,NSW1
2017-10-07 16:45:00,126.4,hydro,MW,nem,NSW1
2017-10-07 16:50:00,126.1,hydro,MW,nem,NSW1
2017-10-07 16:55:00,127.2,hydro,MW,nem,NSW1
2017-10-07 17:00:00,127.2,hydro,MW,nem,NSW1
2017-10-07 17:05:00,126.6,hydro,MW,nem,NSW1
2017-10-07 17:10:00,126.2,hydro,MW,nem,NSW1
2017-10-07 17:15:00,126.7,hydro,MW,nem,NSW1
2017-10-07 17:20:00,126.0,hydro,MW,nem,NSW1
2017-10-07 17:25:00,126.2,hydro,MW,nem,NSW1
2017-10-07 17:30:00,126.3,hydro,MW,nem,NSW1
2017-10-07 17:35:00,127.4,hydro,MW,nem,NSW1
2017-10-07 17:40:00,135.2,hydro,MW,nem,NSW1
2017-10-07 17:45:00,146.9,hydro,MW,nem,NSW1
2017-10-07 17:50:00,154.2,hydro,MW,nem,NSW1
2017-10-07 17:55:00,154.4,hydro,MW,nem,NSW1
2017-10-07 18:00:00,155.0,hydro,MW,nem,NSW1
2017-10-07 18:05:00,155.0,hydro,MW,nem,NSW1
2017-10-07 18:10:00,154.4,hydro,MW,nem,NSW1
2017-10-07 18:15:00,153.0,hydro,MW,nem,NSW1
2017-10-07 18:20:00,154.7,hydro,MW,nem,NSW1
2017-10-07 18:25:00,154.5,hydro,MW,nem,NSW1
2017-10-07 18:30:00,154.2,hydro,MW,nem,NSW1
2017-10-07 18:35:00,155.0,hydro,MW,nem,NSW1
2017-10-07 18:40:00,153.8,hydro,MW,nem,NSW1
2017-10-07 18:45:00,154.4,hydro,MW,nem,NSW1
2017-10-07 18:50:00,155.0,hydro,MW,nem,NSW1
2017-10-07 18:55:00,154.2,hydro,MW,nem,NSW1
2017-10-07 19:00:00,153.5,hydro,MW,nem,NSW1
2017-10-07 19:05:00,155.1,hydro,MW,nem,NSW1
2017-10-07 19:10:00,156.7,hydro,MW,nem,NSW1
2017-10-07 19:15:00,156.4,hydro,MW,nem,NSW1
2017-10-07 19:20:00,175.4,hydro,MW,nem,NSW1
2017-10-07 19:25:00,177.0,hydro,MW,nem,NSW1
2017-10-07 19:30:00,175.7,hydro,MW,nem,NSW1
2017-10-07 19:35:00,175.4,hydro,MW,nem,NSW1
2017-10-07 19:40:00,177.5,hydro,MW,nem,NSW1
2017-10-07 19:45:00,177.1,hydro,MW,nem,NSW1
2017-10-07 19:50:00,174.9,hydro,MW,nem,NSW1
2017-10-07 19:55:00,176.5,hydro,MW,nem,NSW1
2017-10-07 20:00:00,175.0,hydro,MW,nem,NSW1
2017-10-07 20:05:00,176.5,hydro,MW,nem,NSW1
2017-10-07 20:10:00,175.9,hydro,MW,nem,NSW1
2017-10-07 20:15:00,176.8,hydro,MW,nem,NSW1
2017-10-07 20:20:00,176.1,hydro,MW,nem,NSW1
2017-10-07 20:25:00,177.1,hydro,MW,nem,NSW1
2017-10-07 20:30:00,177.9,hydro,MW,nem,NSW1
2017-10-07 20:35:00,176.3,hydro,MW,nem,NSW1
2017-10-07 20:40:00,176.5,hydro,MW,nem,NSW1
2017-10-07 20:45:00,176.1,hydro,MW,nem,NSW1
2017-10-07 20:50:00,177.0,hydro,MW,nem,NSW1
2017-10-07 20:55:00,176.8,hydro,MW,nem,NSW1
2017-10-07 21:00:00,178.0,hydro,MW,nem,NSW1
2017-10-07 21:05:00,175.2,hydro,MW,nem,NSW1
2017-10-07 21:10:00,175.5,hydro,MW,nem,NSW1
2017-10-07 21:15:00,174.3,hydro,MW,nem,NSW1
2017-10-07 21:20:00,176.4,hydro,MW,nem,NSW1
2017-10-07 21:25:00,177.6,hydro,MW,nem,NSW1
2017-10-07 21:30:00,174.6,hydro,MW,nem,NSW1
2017-10-07 21:35:00,177.3,hydro,MW,nem,NSW1
2017-10-07 21:40:00,176.6,hydro,MW,nem,NSW1
2017-10-07 21:45:00,176.9,hydro,MW,nem,NSW1
2017-10-07 21:50:00,176.3,hydro,MW,nem,NSW1
2017-10-07 21:55:00,176.0,hydro,MW,nem,NSW1
2017-10-07 22:00:00,176.4,hydro,MW,nem,NSW1
2017-10-07 22:05:00,176.4,hydro,MW,nem,NSW1
2017-10-07 22:10:00,175.6,hydro,MW,nem,NSW1
2017-10-07 22:15:00,176.0,hydro,MW,nem,NSW1
2017-10-07 22:20:00,176.2,hydro,MW,nem,NSW1
2017-10-07 22:25:00,177.4,hydro,MW,nem,NSW1
2017-10-07 22:30:00,175.1,hydro,MW,nem,NSW1
2017-10-07 22:35:00,176.2,hydro,MW,nem,NSW1
2017-10-07 22:40:00,176.6,hydro,MW,nem,NSW1
2017-10-07 22:45:00,175.4,hydro,MW,nem,NSW1
2017-10-07 22:50:00,176.2,hydro,MW,nem,NSW1
2017-10-07 22:55:00,177.1,hydro,MW,nem,NSW1
2017-10-07 23:00:00,176.5,hydro,MW,nem,NSW1
2017-10-07 23:05:00,176.3,hydro,MW,nem,NSW1
2017-10-07 23:10:00,175.9,hydro,MW,nem,NSW1
2017-10-07 23:15:00,176.5,hydro,MW,nem,NSW1
2017-10-07 23:20:00,176.4,hydro,MW,nem,NSW1
2017-10-07 23:25:00,176.0,hydro,MW,nem,NSW1
2017-10-07 23:30:00,174.9,hydro,MW,nem,NSW1
2017-10-07 23:35:00,176.3,hydro,MW,nem,NSW1
2017-10-07 23:40:00,176.1,hydro,MW,nem,NSW1
2017-10-07 23:45:00,174.9,hydro,MW,nem,NSW1
2017-10-07 23:50:00,176.9,hydro,MW,nem,NSW1
2017-10-07 23:55:00,176.1,hydro,MW,nem,NSW1
2017-10-08 00:00:00,176.8,hydro,MW,nem,NSW1
2017-10-08 00:05:00,176.2,hydro,MW,nem,NSW1
2017-10-08 00:10:00,176.2,hydro,MW,nem,NSW1
2017-10-08 00:15:00,177.9,hydro,MW,nem,NSW1
2017-10-08 00:20:00,176.4,hydro,MW,nem,NSW1
2017-10-08 00:25:00,176.9,hydro,MW,nem,NSW1
2017-10-08 00:30:00,176.8,hydro,MW,nem,NSW1
2017-10-08 00:35:00,177.9,hydro,MW,nem,NSW1
2017-10-08 00:40:00,177.7,hydro,MW,nem,NSW1
2017-10-08 00:45:00,177.1,hydro,MW,nem,NSW1
2017-10-08 00:50:00,176.5,hydro,MW,nem,NSW1
2017-10-08 00:55:00,174.2,hydro,MW,nem,NSW1
2017-10-08 01:00:00,175.9,hydro,MW,nem,NSW1
2017-10-08 01:05:00,177.2,hydro,MW,nem,NSW1
2017-10-08 01:10:00,176.3,hydro,MW,nem,NSW1
2017-10-08 01:15:00,176.0,hydro,MW,nem,NSW1
2017-10-08 01:20:00,174.9,hydro,MW,nem,NSW1
2017-10-08 01:25:00,176.7,hydro,MW,nem,NSW1
2017-10-08 01:30:00,175.6,hydro,MW,nem,NSW1
2017-10-08 01:35:00,175.9,hydro,MW,nem,NSW1
2017-10-08 01:40:00,177.0,hydro,MW,nem,NSW1
2017-10-08 01:45:00,177.4,hydro,MW,nem,NSW1
2017-10-08 01:50:00,175.7,hydro,MW,nem,NSW1
2017-10-08 01:55:00,176.2,hydro,MW,nem,NSW1
2017-10-08 02:00:00,176.5,hydro,MW,nem,NSW1
2017-10-08 02:05:00,175.8,hydro,MW,nem,NSW1
2017-10-08 02:10:00,176.8,hydro,MW,nem,NSW1
2017-10-08 02:15:00,175.1,hydro,MW,nem,NSW1
2017-10-08 02:20:00,177.8,hydro,MW,nem,NSW1
2017-10-08 02:25:00,176.9,hydro,MW,nem,NSW1
2017-10-08 02:30:00,177.7,hydro,MW,nem,NSW1
2017-10-08 02:35:00,175.7,hydro,MW,nem,NSW1
2017-10-08 02:40:00,176.9,hydro,MW,nem,NSW1
2017-10-08 02:45:00,178.0,hydro,MW,nem,NSW1
2017-10-08 02:50:00,175.7,hydro,MW,nem,NSW1
2017-10-08 02:55:00,176.9,hydro,MW,nem,NSW1
2017-10-08 03:00:00,177.3,hydro,MW,nem,NSW1
2017-10-08 03:05:00,176.0,hydro,MW,nem,NSW1
2017-10-08 03:10:00,177.4,hydro,MW,nem,NSW1
2017-10-08 03:15:00,175.4,hydro,MW,nem,NSW1
2017-10-08 03:20:00,176.8,hydro,MW,nem,NSW1
2017-10-08 03:25:00,175.7,hydro,MW,nem,NSW1
2017-10-08 03:30:00,176.5,hydro,MW,nem,NSW1
2017-10-08 03:35:00,177.8,hydro,MW,nem,NSW1
2017-10-08 03:40:00,176.2,hydro,MW,nem,NSW1
2017-10-08 03:45:00,176.1,hydro,MW,nem,NSW1
2017-10-08 03:50:00,175.8,hydro,MW,nem,NSW1
2017-10-08 03:55:00,176.1,hydro,MW,nem,NSW1
2017-10-08 04:00:00,176.0,hydro,MW,nem,NSW1
2017-10-08 04:05:00,177.9,hydro,MW,nem,NSW1
2017-10-08 04:10:00,150.6,hydro,MW,nem,NSW1
2017-10-08 04:15:00,147.7,hydro,MW,nem,NSW1
2017-10-08 04:20:00,147.8,hydro,MW,nem,NSW1
2017-10-08 04:25:00,148.3,hydro,MW,nem,NSW1
2017-10-08 04:30:00,148.3,hydro,MW,nem,NSW1
2017-10-08 04:35:00,148.1,hydro,MW,nem,NSW1
2017-10-08 04:40:00,148.5,hydro,MW,nem,NSW1
2017-10-08 04:45:00,147.6,hydro,MW,nem,NSW1
2017-10-08 04:50:00,148.7,hydro,MW,nem,NSW1
2017-10-08 04:55:00,148.1,hydro,MW,nem,NSW1
2017-10-08 05:00:00,147.9,hydro,MW,nem,NSW1
2017-10-08 05:05:00,148.2,hydro,MW,nem,NSW1
2017-10-08 05:10:00,148.6,hydro,MW,nem,NSW1
2017-10-08 05:15:00,148.3,hydro,MW,nem,NSW1
2017-10-08 05:20:00,147.8,hydro,MW,nem,NSW1
2017-10-08 05:25:00,149.0,hydro,MW,nem,NSW1
2017-10-08 05:30:00,147.7,hydro,MW,nem,NSW1
2017-10-08 05:35:00,148.1,hydro,MW,nem,NSW1
2017-10-08 05:40:00,147.9,hydro,MW,nem,NSW1
2017-10-08 05:45:00,148.8,hydro,MW,nem,NSW1
2017-10-08 05:50:00,147.9,hydro,MW,nem,NSW1
2017-10-08 05:55:00,148.6,hydro,MW,nem,NSW1
2017-10-08 06:00:00,148.3,hydro,MW,nem,NSW1
2017-10-08 06:05:00,148.2,hydro,MW,nem,NSW1
2017-10-08 06:10:00,147.3,hydro,MW,nem,NSW1
2017-10-08 06:15:00,149.7,hydro,MW,nem,NSW1
2017-10-08 06:20:00,148.3,hydro,MW,nem,NSW1
2017-10-08 06:25:00,147.3,hydro,MW,nem,NSW1
2017-10-08 06:30:00,147.9,hydro,MW,nem,NSW1
2017-10-08 06:35:00,147.8,hydro,MW,nem,NSW1
2017-10-08 06:40:00,147.7,hydro,MW,nem,NSW1
2017-10-08 06:45:00,147.9,hydro,MW,nem,NSW1
2017-10-08 06:50:00,147.7,hydro,MW,nem,NSW1
2017-10-08 06:55:00,147.3,hydro,MW,nem,NSW1
2017-10-08 07:00:00,147.5,hydro,MW,nem,NSW1
2017-10-08 07:05:00,147.5,hydro,MW,nem,NSW1
2017-10-08 07:10:00,148.1,hydro,MW,nem,NSW1
2017-10-08 07:15:00,147.8,hydro,MW,nem,NSW1
2017-10-08 07:20:00,147.6,hydro,MW,nem,NSW1
2017-10-08 07:25:00,147.4,hydro,MW,nem,NSW1
2017-10-08 07:30:00,147.9,hydro,MW,nem,NSW1
2017-10-08 07:35:00,148.4,hydro,MW,nem,NSW1
2017-10-08 07:40:00,148.1,hydro,MW,nem,NSW1
2017-10-08 07:45:00,147.3,hydro,MW,nem,NSW1
2017-10-08 07:50:00,147.6,hydro,MW,nem,NSW1
2017-10-08 07:55:00,147.4,hydro,MW,nem,NSW1
2017-10-08 08:00:00,148.0,hydro,MW,nem,NSW1
2017-10-08 08:05:00,147.9,hydro,MW,nem,NSW1
2017-10-08 08:10:00,148.4,hydro,MW,nem,NSW1
2017-10-08 08:15:00,147.9,hydro,MW,nem,NSW1
2017-10-08 08:20:00,147.2,hydro,MW,nem,NSW1
2017-10-08 08:25:00,148.2,hydro,MW,nem,NSW1
2017-10-08 08:30:00,147.4,hydro,MW,nem,NSW1
2017-10-08 08:35:00,146.0,hydro,MW,nem,NSW1
2017-10-08 08:40:00,146.3,hydro,MW,nem,NSW1
2017-10-08 08:45:00,146.2,hydro,MW,nem,NSW1
2017-10-08 08:50:00,144.8,hydro,MW,nem,NSW1
2017-10-08 08:55:00,143.9,hydro,MW,nem,NSW1
2017-10-08 09:00:00,144.7,hydro,MW,nem,NSW1
2017-10-08 09:05:00,143.9,hydro,MW,nem,NSW1
2017-10-08 09:10:00,143.7,hydro,MW,nem,NSW1
2017-10-08 09:15:00,144.0,hydro,MW,nem,NSW1
2017-10-08 09:20:00,144.3,hydro,MW,nem,NSW1
2017-10-08 09:25:00,143.3,hydro,MW,nem,NSW1
2017-10-08 09:30:00,144.2,hydro,MW,nem,NSW1
2017-10-08 09:35:00,143.6,hydro,MW,nem,NSW1
2017-10-08 09:40:00,239.4,hydro,MW,nem,NSW1
2017-10-08 09:45:00,143.8,hydro,MW,nem,NSW1
2017-10-08 09:50:00,143.9,hydro,MW,nem,NSW1
2017-10-08 09:55:00,144.1,hydro,MW,nem,NSW1
2017-10-08 10:00:00,144.1,hydro,MW,nem,NSW1
2017-10-08 10:05:00,143.1,hydro,MW,nem,NSW1
2017-10-08 10:10:00,143.6,hydro,MW,nem,NSW1
2017-10-08 10:15:00,143.8,hydro,MW,nem,NSW1
2017-10-08 10:20:00,144.0,hydro,MW,nem,NSW1
2017-10-08 10:25:00,144.0,hydro,MW,nem,NSW1
2017-10-08 10:30:00,143.9,hydro,MW,nem,NSW1
2017-10-08 10:35:00,144.2,hydro,MW,nem,NSW1
2017-10-08 10:40:00,144.1,hydro,MW,nem,NSW1
2017-10-08 10:45:00,144.2,hydro,MW,nem,NSW1
2017-10-08 10:50:00,143.7,hydro,MW,nem,NSW1
2017-10-08 10:55:00,144.0,hydro,MW,nem,NSW1
2017-10-08 11:00:00,143.5,hydro,MW,nem,NSW1
2017-10-08 11:05:00,144.0,hydro,MW,nem,NSW1
2017-10-08 11:10:00,153.6,hydro,MW,nem,NSW1
2017-10-08 11:15:00,164.5,hydro,MW,nem,NSW1
2017-10-08 11:20:00,171.0,hydro,MW,nem,NSW1
2017-10-08 11:25:00,176.2,hydro,MW,nem,NSW1
2017-10-08 11:30:00,177.2,hydro,MW,nem,NSW1
2017-10-08 11:35:00,176.1,hydro,MW,nem,NSW1
2017-10-08 11:40:00,176.6,hydro,MW,nem,NSW1
2017-10-08 11:45:00,177.2,hydro,MW,nem,NSW1
2017-10-08 11:50:00,177.4,hydro,MW,nem,NSW1
2017-10-08 11:55:00,176.4,hydro,MW,nem,NSW1
2017-10-08 12:00:00,176.8,hydro,MW,nem,NSW1
2017-10-08 12:05:00,177.7,hydro,MW,nem,NSW1
2017-10-08 12:10:00,177.1,hydro,MW,nem,NSW1
2017-10-08 12:15:00,176.3,hydro,MW,nem,NSW1
2017-10-08 12:20:00,176.7,hydro,MW,nem,NSW1
2017-10-08 12:25:00,177.2,hydro,MW,nem,NSW1
2017-10-08 12:30:00,176.6,hydro,MW,nem,NSW1
2017-10-08 12:35:00,177.5,hydro,MW,nem,NSW1
2017-10-08 12:40:00,176.9,hydro,MW,nem,NSW1
2017-10-08 12:45:00,176.6,hydro,MW,nem,NSW1
2017-10-08 12:50:00,177.2,hydro,MW,nem,NSW1
2017-10-08 12:55:00,176.0,hydro,MW,nem,NSW1
2017-10-08 13:00:00,177.0,hydro,MW,nem,NSW1
2017-10-08 13:05:00,176.3,hydro,MW,nem,NSW1
2017-10-08 13:10:00,176.4,hydro,MW,nem,NSW1
2017-10-08 13:15:00,177.0,hydro,MW,nem,NSW1
2017-10-08 13:20:00,177.0,hydro,MW,nem,NSW1
2017-10-08 13:25:00,176.6,hydro,MW,nem,NSW1
2017-10-08 13:30:00,177.1,hydro,MW,nem,NSW1
2017-10-08 13:35:00,177.0,hydro,MW,nem,NSW1
2017-10-08 13:40:00,176.6,hydro,MW,nem,NSW1
2017-10-08 13:45:00,177.1,hydro,MW,nem,NSW1
2017-10-08 13:50:00,176.9,hydro,MW,nem,NSW1
2017-10-08 13:55:00,177.4,hydro,MW,nem,NSW1
2017-10-08 14:00:00,176.6,hydro,MW,nem,NSW1
2017-10-08 14:05:00,176.3,hydro,MW,nem,NSW1
2017-10-08 14:10:00,177.0,hydro,MW,nem,NSW1
2017-10-08 14:15:00,177.4,hydro,MW,nem,NSW1
2017-10-08 14:20:00,176.9,hydro,MW,nem,NSW1
2017-10-08 14:25:00,176.1,hydro,MW,nem,NSW1
2017-10-08 14:30:00,175.6,hydro,MW,nem,NSW1
2017-10-08 14:35:00,177.2,hydro,MW,nem,NSW1
2017-10-08 14:40:00,172.7,hydro,MW,nem,NSW1
2017-10-08 14:45:00,171.6,hydro,MW,nem,NSW1
2017-10-08 14:50:00,171.5,hydro,MW,nem,NSW1
2017-10-08 14:55:00,172.2,hydro,MW,nem,NSW1
2017-10-08 15:00:00,172.5,hydro,MW,nem,NSW1
2017-10-08 15:05:00,171.8,hydro,MW,nem,NSW1
2017-10-08 15:10:00,160.5,hydro,MW,nem,NSW1
2017-10-08 15:15:00,160.9,hydro,MW,nem,NSW1
2017-10-08 15:20:00,159.5,hydro,MW,nem,NSW1
2017-10-08 15:25:00,159.6,hydro,MW,nem,NSW1
2017-10-08 15:30:00,159.7,hydro,MW,nem,NSW1
2017-10-08 15:35:00,159.5,hydro,MW,nem,NSW1
2017-10-08 15:40:00,161.1,hydro,MW,nem,NSW1
2017-10-08 15:45:00,159.6,hydro,MW,nem,NSW1
2017-10-08 15:50:00,159.6,hydro,MW,nem,NSW1
2017-10-08 15:55:00,160.8,hydro,MW,nem,NSW1
2017-10-08 16:00:00,158.7,hydro,MW,nem,NSW1
2017-10-08 16:05:00,160.2,hydro,MW,nem,NSW1
2017-10-08 16:10:00,160.6,hydro,MW,nem,NSW1
2017-10-08 16:15:00,160.6,hydro,MW,nem,NSW1
2017-10-08 16:20:00,159.1,hydro,MW,nem,NSW1
2017-10-08 16:25:00,160.3,hydro,MW,nem,NSW1
2017-10-08 16:30:00,160.5,hydro,MW,nem,NSW1
2017-10-08 16:35:00,159.6,hydro,MW,nem,NSW1
2017-10-08 16:40:00,159.2,hydro,MW,nem,NSW1
2017-10-08 16:45:00,160.8,hydro,MW,nem,NSW1
2017-10-08 16:50:00,161.2,hydro,MW,nem,NSW1
2017-10-08 16:55:00,159.2,hydro,MW,nem,NSW1
2017-10-08 17:00:00,158.8,hydro,MW,nem,NSW1
2017-10-08 17:05:00,159.7,hydro,MW,nem,NSW1
2017-10-08 17:10:00,160.7,hydro,MW,nem,NSW1
2017-10-08 17:15:00,160.8,hydro,MW,nem,NSW1
2017-10-08 17:20:00,160.6,hydro,MW,nem,NSW1
2017-10-08 17:25:00,160.1,hydro,MW,nem,NSW1
2017-10-08 17:30:00,160.3,hydro,MW,nem,NSW1
2017-10-08 17:35:00,158.7,hydro,MW,nem,NSW1
2017-10-08 17:40:00,159.5,hydro,MW,nem,NSW1
2017-10-08 17:45:00,159.7,hydro,MW,nem,NSW1
2017-10-08 17:50:00,240.0,hydro,MW,nem,NSW1
2017-10-08 17:55:00,243.1,hydro,MW,nem,NSW1
2017-10-08 18:00:00,244.9,hydro,MW,nem,NSW1
2017-10-08 18:05:00,242.9,hydro,MW,nem,NSW1
2017-10-08 18:10:00,342.7,hydro,MW,nem,NSW1
2017-10-08 18:15:00,359.5,hydro,MW,nem,NSW1
2017-10-08 18:20:00,370.4,hydro,MW,nem,NSW1
2017-10-08 18:25:00,358.1,hydro,MW,nem,NSW1
2017-10-08 18:30:00,336.9,hydro,MW,nem,NSW1
2017-10-08 18:35:00,352.4,hydro,MW,nem,NSW1
2017-10-08 18:40:00,358.2,hydro,MW,nem,NSW1
2017-10-08 18:45:00,352.8,hydro,MW,nem,NSW1
2017-10-08 18:50:00,334.3,hydro,MW,nem,NSW1
2017-10-08 18:55:00,338.6,hydro,MW,nem,NSW1
2017-10-08 19:00:00,343.9,hydro,MW,nem,NSW1
2017-10-08 19:05:00,342.5,hydro,MW,nem,NSW1
2017-10-08 19:10:00,311.5,hydro,MW,nem,NSW1
2017-10-08 19:15:00,271.8,hydro,MW,nem,NSW1
2017-10-08 19:20:00,251.9,hydro,MW,nem,NSW1
2017-10-08 19:25:00,261.0,hydro,MW,nem,NSW1
2017-10-08 19:30:00,255.3,hydro,MW,nem,NSW1
2017-10-08 19:35:00,257.7,hydro,MW,nem,NSW1
2017-10-08 19:40:00,267.9,hydro,MW,nem,NSW1
2017-10-08 19:45:00,264.1,hydro,MW,nem,NSW1
2017-10-08 19:50:00,250.7,hydro,MW,nem,NSW1
2017-10-08 19:55:00,253.9,hydro,MW,nem,NSW1
2017-10-08 20:00:00,258.7,hydro,MW,nem,NSW1
2017-10-08 20:05:00,257.0,hydro,MW,nem,NSW1
2017-10-08 20:10:00,172.8,hydro,MW,nem,NSW1
2017-10-08 20:15:00,177.6,hydro,MW,nem,NSW1
2017-10-08 20:20:00,171.2,hydro,MW,nem,NSW1
2017-10-08 20:25:00,171.7,hydro,MW,nem,NSW1
2017-10-08 20:30:00,171.3,hydro,MW,nem,NSW1
2017-10-08 20:35:00,171.8,hydro,MW,nem,NSW1
2017-10-08 20:40:00,171.5,hydro,MW,nem,NSW1
2017-10-08 20:45:00,171.8,hydro,MW,nem,NSW1
2017-10-08 20:50:00,172.0,hydro,MW,nem,NSW1
2017-10-08 20:55:00,171.4,hydro,MW,nem,NSW1
2017-10-08 21:00:00,171.6,hydro,MW,nem,NSW1
2017-10-08 21:05:00,173.0,hydro,MW,nem,NSW1
2017-10-08 21:10:00,172.5,hydro,MW,nem,NSW1
2017-10-08 21:15:00,172.0,hydro,MW,nem,NSW1
2017-10-08 21:20:00,171.7,hydro,MW,nem,NSW1
2017-10-08 21:25:00,172.2,hydro,MW,nem,NSW1
2017-10-08 21:30:00,172.7,hydro,MW,nem,NSW1
2017-10-08 21:35:00,171.9,hydro,MW,nem,NSW1
2017-10-08 21:40:00,170.6,hydro,MW,nem,NSW1
2017-10-08 21:45:00,172.2,hydro,MW,nem,NSW1
2017-10-08 21:50:00,172.4,hydro,MW,nem,NSW1
2017-10-08 21:55:00,171.3,hydro,MW,nem,NSW1
2017-10-08 22:00:00,171.8,hydro,MW,nem,NSW1
2017-10-08 22:05:00,171.8,hydro,MW,nem,NSW1
2017-10-08 22:10:00,170.8,hydro,MW,nem,NSW1
2017-10-08 22:15:00,173.3,hydro,MW,nem,NSW1
2017-10-08 22:20:00,171.5,hydro,MW,nem,NSW1
2017-10-08 22:25:00,172.5,hydro,MW,nem,NSW1
2017-10-08 22:30:00,171.9,hydro,MW,nem,NSW1
2017-10-08 22:35:00,172.6,hydro,MW,nem,NSW1
2017-10-08 22:40:00,171.6,hydro,MW,nem,NSW1
2017-10-08 22:45:00,170.5,hydro,MW,nem,NSW1
2017-10-08 22:50:00,171.1,hydro,MW,nem,NSW1
2017-10-08 22:55:00,171.9,hydro,MW,nem,NSW1
2017-10-08 23:00:00,171.6,hydro,MW,nem,NSW1
2017-10-08 23:05:00,173.4,hydro,MW,nem,NSW1
2017-10-08 23:10:00,171.3,hydro,MW,nem,NSW1
2017-10-08 23:15:00,171.4,hydro,MW,nem,NSW1
2017-10-08 23:20:00,171.7,hydro,MW,nem,NSW1
2017-10-08 23:25:00,170.8,hydro,MW,nem,NSW1
2017-10-08 23:30:00,172.3,hydro,MW,nem,NSW1
2017-10-08 23:35:00,166.3,hydro,MW,nem,NSW1
2017-10-08 23:40:00,171.8,hydro,MW,nem,NSW1
2017-10-08 23:45:00,170.3,hydro,MW,nem,NSW1
2017-10-08 23:50:00,171.8,hydro,MW,nem,NSW1
2017-10-08 23:55:00,171.7,hydro,MW,nem,NSW1
2017-10-09 00:00:00,173.2,hydro,MW,nem,NSW1
2017-10-09 00:05:00,171.8,hydro,MW,nem,NSW1
2017-10-09 00:10:00,172.5,hydro,MW,nem,NSW1
2017-10-09 00:15:00,171.6,hydro,MW,nem,NSW1
2017-10-09 00:20:00,172.2,hydro,MW,nem,NSW1
2017-10-09 00:25:00,172.2,hydro,MW,nem,NSW1
2017-10-09 00:30:00,171.8,hydro,MW,nem,NSW1
2017-10-09 00:35:00,172.3,hydro,MW,nem,NSW1
2017-10-09 00:40:00,171.5,hydro,MW,nem,NSW1
2017-10-09 00:45:00,173.0,hydro,MW,nem,NSW1
2017-10-09 00:50:00,172.9,hydro,MW,nem,NSW1
2017-10-09 00:55:00,171.5,hydro,MW,nem,NSW1
2017-10-09 01:00:00,172.1,hydro,MW,nem,NSW1
2017-10-09 01:05:00,172.3,hydro,MW,nem,NSW1
2017-10-09 01:10:00,171.4,hydro,MW,nem,NSW1
2017-10-09 01:15:00,171.6,hydro,MW,nem,NSW1
2017-10-09 01:20:00,171.9,hydro,MW,nem,NSW1
2017-10-09 01:25:00,171.5,hydro,MW,nem,NSW1
2017-10-09 01:30:00,172.2,hydro,MW,nem,NSW1
2017-10-09 01:35:00,171.8,hydro,MW,nem,NSW1
2017-10-09 01:40:00,176.8,hydro,MW,nem,NSW1
2017-10-09 01:45:00,177.5,hydro,MW,nem,NSW1
2017-10-09 01:50:00,176.4,hydro,MW,nem,NSW1
2017-10-09 01:55:00,177.2,hydro,MW,nem,NSW1
2017-10-09 02:00:00,176.7,hydro,MW,nem,NSW1
2017-10-09 02:05:00,176.4,hydro,MW,nem,NSW1
2017-10-09 02:10:00,176.9,hydro,MW,nem,NSW1
2017-10-09 02:15:00,176.2,hydro,MW,nem,NSW1
2017-10-09 02:20:00,177.0,hydro,MW,nem,NSW1
2017-10-09 02:25:00,176.8,hydro,MW,nem,NSW1
2017-10-09 02:30:00,177.3,hydro,MW,nem,NSW1
2017-10-09 02:35:00,176.1,hydro,MW,nem,NSW1
2017-10-09 02:40:00,176.3,hydro,MW,nem,NSW1
2017-10-09 02:45:00,176.8,hydro,MW,nem,NSW1
2017-10-09 02:50:00,176.4,hydro,MW,nem,NSW1
2017-10-09 02:55:00,177.6,hydro,MW,nem,NSW1
2017-10-09 03:00:00,177.4,hydro,MW,nem,NSW1
2017-10-09 03:05:00,176.9,hydro,MW,nem,NSW1
2017-10-09 03:10:00,176.8,hydro,MW,nem,NSW1
2017-10-09 03:15:00,177.3,hydro,MW,nem,NSW1
2017-10-09 03:20:00,175.8,hydro,MW,nem,NSW1
2017-10-09 03:25:00,177.4,hydro,MW,nem,NSW1
2017-10-09 03:30:00,176.3,hydro,MW,nem,NSW1
2017-10-09 03:35:00,177.0,hydro,MW,nem,NSW1
2017-10-09 03:40:00,177.2,hydro,MW,nem,NSW1
2017-10-09 03:45:00,176.7,hydro,MW,nem,NSW1
2017-10-09 03:50:00,176.8,hydro,MW,nem,NSW1
2017-10-09 03:55:00,176.9,hydro,MW,nem,NSW1
2017-10-09 04:00:00,177.4,hydro,MW,nem,NSW1
2017-10-09 04:05:00,176.0,hydro,MW,nem,NSW1
2017-10-09 04:10:00,177.2,hydro,MW,nem,NSW1
2017-10-09 04:15:00,176.5,hydro,MW,nem,NSW1
2017-10-09 04:20:00,176.2,hydro,MW,nem,NSW1
2017-10-09 04:25:00,176.7,hydro,MW,nem,NSW1
2017-10-09 04:30:00,176.6,hydro,MW,nem,NSW1
2017-10-09 04:35:00,176.6,hydro,MW,nem,NSW1
2017-10-09 04:40:00,177.9,hydro,MW,nem,NSW1
2017-10-09 04:45:00,176.9,hydro,MW,nem,NSW1
2017-10-09 04:50:00,175.9,hydro,MW,nem,NSW1
2017-10-09 04:55:00,177.1,hydro,MW,nem,NSW1
2017-10-09 05:00:00,176.8,hydro,MW,nem,NSW1
2017-10-09 05:05:00,177.3,hydro,MW,nem,NSW1
2017-10-09 05:10:00,176.9,hydro,MW,nem,NSW1
2017-10-09 05:15:00,176.7,hydro,MW,nem,NSW1
2017-10-09 05:20:00,176.1,hydro,MW,nem,NSW1
2017-10-09 05:25:00,175.4,hydro,MW,nem,NSW1
2017-10-09 05:30:00,177.3,hydro,MW,nem,NSW1
2017-10-09 05:35:00,176.8,hydro,MW,nem,NSW1
2017-10-09 05:40:00,175.8,hydro,MW,nem,NSW1
2017-10-09 05:45:00,177.7,hydro,MW,nem,NSW1
2017-10-09 05:50:00,177.0,hydro,MW,nem,NSW1
2017-10-09 05:55:00,175.9,hydro,MW,nem,NSW1
2017-10-09 06:00:00,176.8,hydro,MW,nem,NSW1
2017-10-09 06:05:00,176.9,hydro,MW,nem,NSW1
2017-10-09 06:10:00,176.2,hydro,MW,nem,NSW1
2017-10-09 06:15:00,176.6,hydro,MW,nem,NSW1
2017-10-09 06:20:00,175.8,hydro,MW,nem,NSW1
2017-10-09 06:25:00,176.9,hydro,MW,nem,NSW1
2017-10-09 06:30:00,176.7,hydro,MW,nem,NSW1
2017-10-09 06:35:00,176.4,hydro,MW,nem,NSW1
2017-10-09 06:40:00,177.1,hydro,MW,nem,NSW1
2017-10-09 06:45:00,177.2,hydro,MW,nem,NSW1
2017-10-09 06:50:00,176.3,hydro,MW,nem,NSW1
2017-10-09 06:55:00,175.9,hydro,MW,nem,NSW1
2017-10-09 07:00:00,177.1,hydro,MW,nem,NSW1
2017-10-09 07:05:00,176.4,hydro,MW,nem,NSW1
2017-10-09 07:10:00,176.6,hydro,MW,nem,NSW1
2017-10-09 07:15:00,176.5,hydro,MW,nem,NSW1
2017-10-09 07:20:00,176.6,hydro,MW,nem,NSW1
2017-10-09 07:25:00,177.8,hydro,MW,nem,NSW1
2017-10-09 07:30:00,177.5,hydro,MW,nem,NSW1
2017-10-09 07:35:00,177.2,hydro,MW,nem,NSW1
2017-10-09 07:40:00,177.3,hydro,MW,nem,NSW1
2017-10-09 07:45:00,175.4,hydro,MW,nem,NSW1
2017-10-09 07:50:00,176.0,hydro,MW,nem,NSW1
2017-10-09 07:55:00,176.8,hydro,MW,nem,NSW1
2017-10-09 08:00:00,177.2,hydro,MW,nem,NSW1
2017-10-09 08:05:00,177.3,hydro,MW,nem,NSW1
2017-10-09 08:10:00,176.5,hydro,MW,nem,NSW1
2017-10-09 08:15:00,177.0,hydro,MW,nem,NSW1
2017-10-09 08:20:00,176.9,hydro,MW,nem,NSW1
2017-10-09 08:25:00,177.3,hydro,MW,nem,NSW1
2017-10-09 08:30:00,176.4,hydro,MW,nem,NSW1
2017-10-09 08:35:00,175.9,hydro,MW,nem,NSW1
2017-10-09 08:40:00,176.0,hydro,MW,nem,NSW1
2017-10-09 08:45:00,176.5,hydro,MW,nem,NSW1
2017-10-09 08:50:00,176.5,hydro,MW,nem,NSW1
2017-10-09 08:55:00,177.5,hydro,MW,nem,NSW1
2017-10-09 09:00:00,177.0,hydro,MW,nem,NSW1
2017-10-09 09:05:00,175.8,hydro,MW,nem,NSW1
2017-10-09 09:10:00,176.6,hydro,MW,nem,NSW1
2017-10-09 09:15:00,297.4,hydro,MW,nem,NSW1
2017-10-09 09:20:00,175.1,hydro,MW,nem,NSW1
2017-10-09 09:25:00,176.7,hydro,MW,nem,NSW1
2017-10-09 09:30:00,176.1,hydro,MW,nem,NSW1
2017-10-09 09:35:00,176.6,hydro,MW,nem,NSW1
2017-10-09 09:40:00,176.5,hydro,MW,nem,NSW1
2017-10-09 09:45:00,176.6,hydro,MW,nem,NSW1
2017-10-09 09:50:00,177.0,hydro,MW,nem,NSW1
2017-10-09 09:55:00,176.4,hydro,MW,nem,NSW1
2017-10-09 10:00:00,176.7,hydro,MW,nem,NSW1
2017-10-09 10:05:00,176.4,hydro,MW,nem,NSW1
2017-10-09 10:10:00,177.2,hydro,MW,nem,NSW1
2017-10-09 10:15:00,177.2,hydro,MW,nem,NSW1
2017-10-09 10:20:00,176.8,hydro,MW,nem,NSW1
2017-10-09 10:25:00,176.5,hydro,MW,nem,NSW1
2017-10-09 10:30:00,176.5,hydro,MW,nem,NSW1
2017-10-09 10:35:00,177.4,hydro,MW,nem,NSW1
2017-10-09 10:40:00,176.9,hydro,MW,nem,NSW1
2017-10-09 10:45:00,177.2,hydro,MW,nem,NSW1
2017-10-09 10:50:00,177.0,hydro,MW,nem,NSW1
2017-10-09 10:55:00,176.6,hydro,MW,nem,NSW1
2017-10-09 11:00:00,176.3,hydro,MW,nem,NSW1
2017-10-09 11:05:00,177.2,hydro,MW,nem,NSW1
2017-10-09 11:10:00,175.7,hydro,MW,nem,NSW1
2017-10-09 11:15:00,176.7,hydro,MW,nem,NSW1
2017-10-09 11:20:00,176.4,hydro,MW,nem,NSW1
2017-10-09 11:25:00,176.1,hydro,MW,nem,NSW1
2017-10-09 11:30:00,177.6,hydro,MW,nem,NSW1
2017-10-09 11:35:00,177.6,hydro,MW,nem,NSW1
2017-10-09 11:40:00,174.2,hydro,MW,nem,NSW1
2017-10-09 11:45:00,173.5,hydro,MW,nem,NSW1
2017-10-09 11:50:00,175.4,hydro,MW,nem,NSW1
2017-10-09 11:55:00,175.0,hydro,MW,nem,NSW1
2017-10-09 12:00:00,174.6,hydro,MW,nem,NSW1
2017-10-09 12:05:00,174.7,hydro,MW,nem,NSW1
2017-10-09 12:10:00,173.9,hydro,MW,nem,NSW1
2017-10-09 12:15:00,174.0,hydro,MW,nem,NSW1
2017-10-09 12:20:00,174.0,hydro,MW,nem,NSW1
2017-10-09 12:25:00,174.6,hydro,MW,nem,NSW1
2017-10-09 12:30:00,174.9,hydro,MW,nem,NSW1
2017-10-09 12:35:00,174.5,hydro,MW,nem,NSW1
2017-10-09 12:40:00,172.7,hydro,MW,nem,NSW1
2017-10-09 12:45:00,172.4,hydro,MW,nem,NSW1
2017-10-09 12:50:00,172.0,hydro,MW,nem,NSW1
2017-10-09 12:55:00,171.6,hydro,MW,nem,NSW1
2017-10-09 13:00:00,172.5,hydro,MW,nem,NSW1
2017-10-09 13:05:00,172.6,hydro,MW,nem,NSW1
2017-10-09 13:10:00,173.0,hydro,MW,nem,NSW1
2017-10-09 13:15:00,172.3,hydro,MW,nem,NSW1
2017-10-09 13:20:00,172.0,hydro,MW,nem,NSW1
2017-10-09 13:25:00,172.8,hydro,MW,nem,NSW1
2017-10-09 13:30:00,172.4,hydro,MW,nem,NSW1
2017-10-09 13:35:00,171.9,hydro,MW,nem,NSW1
2017-10-09 13:40:00,172.8,hydro,MW,nem,NSW1
2017-10-09 13:45:00,172.5,hydro,MW,nem,NSW1
2017-10-09 13:50:00,172.4,hydro,MW,nem,NSW1
2017-10-09 13:55:00,172.2,hydro,MW,nem,NSW1
2017-10-09 14:00:00,172.3,hydro,MW,nem,NSW1
2017-10-09 14:05:00,172.5,hydro,MW,nem,NSW1
2017-10-09 14:10:00,171.8,hydro,MW,nem,NSW1
2017-10-09 14:15:00,172.1,hydro,MW,nem,NSW1
2017-10-09 14:20:00,173.0,hydro,MW,nem,NSW1
2017-10-09 14:25:00,171.0,hydro,MW,nem,NSW1
2017-10-09 14:30:00,172.4,hydro,MW,nem,NSW1
2017-10-09 14:35:00,172.2,hydro,MW,nem,NSW1
2017-10-09 14:40:00,171.4,hydro,MW,nem,NSW1
2017-10-09 14:45:00,172.7,hydro,MW,nem,NSW1
2017-10-09 14:50:00,172.0,hydro,MW,nem,NSW1
2017-10-09 14:55:00,172.9,hydro,MW,nem,NSW1
2017-10-09 15:00:00,306.6,hydro,MW,nem,NSW1
2017-10-09 15:05:00,270.4,hydro,MW,nem,NSW1
2017-10-09 15:10:00,175.6,hydro,MW,nem,NSW1
2017-10-09 15:15:00,172.2,hydro,MW,nem,NSW1
2017-10-09 15:20:00,172.8,hydro,MW,nem,NSW1
2017-10-09 15:25:00,173.0,hydro,MW,nem,NSW1
2017-10-09 15:30:00,172.6,hydro,MW,nem,NSW1
2017-10-09 15:35:00,173.1,hydro,MW,nem,NSW1
2017-10-09 15:40:00,172.8,hydro,MW,nem,NSW1
2017-10-09 15:45:00,173.4,hydro,MW,nem,NSW1
2017-10-09 15:50:00,177.3,hydro,MW,nem,NSW1
2017-10-09 15:55:00,174.6,hydro,MW,nem,NSW1
2017-10-09 16:00:00,173.3,hydro,MW,nem,NSW1
2017-10-09 16:05:00,172.2,hydro,MW,nem,NSW1
2017-10-09 16:10:00,172.8,hydro,MW,nem,NSW1
2017-10-09 16:15:00,173.6,hydro,MW,nem,NSW1
2017-10-09 16:20:00,172.8,hydro,MW,nem,NSW1
2017-10-09 16:25:00,172.4,hydro,MW,nem,NSW1
2017-10-09 16:30:00,173.6,hydro,MW,nem,NSW1
2017-10-09 16:35:00,173.1,hydro,MW,nem,NSW1
2017-10-09 16:40:00,171.9,hydro,MW,nem,NSW1
2017-10-09 16:45:00,173.2,hydro,MW,nem,NSW1
2017-10-09 16:50:00,171.8,hydro,MW,nem,NSW1
2017-10-09 16:55:00,172.8,hydro,MW,nem,NSW1
2017-10-09 17:00:00,172.6,hydro,MW,nem,NSW1
2017-10-09 17:05:00,172.4,hydro,MW,nem,NSW1
2017-10-09 17:10:00,172.2,hydro,MW,nem,NSW1
2017-10-09 17:15:00,173.9,hydro,MW,nem,NSW1
2017-10-09 17:20:00,172.6,hydro,MW,nem,NSW1
2017-10-09 17:25:00,172.9,hydro,MW,nem,NSW1
2017-10-09 17:30:00,173.2,hydro,MW,nem,NSW1
2017-10-09 17:35:00,172.9,hydro,MW,nem,NSW1
2017-10-09 17:40:00,171.7,hydro,MW,nem,NSW1
2017-10-09 17:45:00,172.0,hydro,MW,nem,NSW1
2017-10-09 17:50:00,173.4,hydro,MW,nem,NSW1
2017-10-09 17:55:00,173.5,hydro,MW,nem,NSW1
2017-10-09 18:00:00,173.4,hydro,MW,nem,NSW1
2017-10-09 18:05:00,172.9,hydro,MW,nem,NSW1
2017-10-09 18:10:00,172.5,hydro,MW,nem,NSW1
2017-10-09 18:15:00,173.0,hydro,MW,nem,NSW1
2017-10-09 18:20:00,209.9,hydro,MW,nem,NSW1
2017-10-09 18:25:00,172.8,hydro,MW,nem,NSW1
2017-10-09 18:30:00,172.2,hydro,MW,nem,NSW1
2017-10-09 18:35:00,172.4,hydro,MW,nem,NSW1
2017-10-09 18:40:00,173.2,hydro,MW,nem,NSW1
2017-10-09 18:45:00,172.8,hydro,MW,nem,NSW1
2017-10-09 18:50:00,173.4,hydro,MW,nem,NSW1
2017-10-09 18:55:00,172.1,hydro,MW,nem,NSW1
2017-10-09 19:00:00,173.0,hydro,MW,nem,NSW1
2017-10-09 19:05:00,173.1,hydro,MW,nem,NSW1
2017-10-09 19:10:00,173.1,hydro,MW,nem,NSW1
2017-10-09 19:15:00,171.9,hydro,MW,nem,NSW1
2017-10-09 19:20:00,172.5,hydro,MW,nem,NSW1
2017-10-09 19:25:00,172.8,hydro,MW,nem,NSW1
2017-10-09 19:30:00,172.5,hydro,MW,nem,NSW1
2017-10-09 19:35:00,173.4,hydro,MW,nem,NSW1
2017-10-09 19:40:00,208.3,hydro,MW,nem,NSW1
2017-10-09 19:45:00,172.0,hydro,MW,nem,NSW1
2017-10-09 19:50:00,172.1,hydro,MW,nem,NSW1
2017-10-09 19:55:00,172.8,hydro,MW,nem,NSW1
2017-10-09 20:00:00,173.2,hydro,MW,nem,NSW1
2017-10-09 20:05:00,172.3,hydro,MW,nem,NSW1
2017-10-09 20:10:00,172.1,hydro,MW,nem,NSW1
2017-10-09 20:15:00,172.1,hydro,MW,nem,NSW1
2017-10-09 20:20:00,172.8,hydro,MW,nem,NSW1
2017-10-09 20:25:00,172.5,hydro,MW,nem,NSW1
2017-10-09 20:30:00,172.2,hydro,MW,nem,NSW1
2017-10-09 20:35:00,172.2,hydro,MW,nem,NSW1
2017-10-09 20:40:00,173.8,hydro,MW,nem,NSW1
2017-10-09 20:45:00,173.5,hydro,MW,nem,NSW1
2017-10-09 20:50:00,172.6,hydro,MW,nem,NSW1
2017-10-09 20:55:00,172.9,hydro,MW,nem,NSW1
2017-10-09 21:00:00,172.9,hydro,MW,nem,NSW1
2017-10-09 21:05:00,171.9,hydro,MW,nem,NSW1
2017-10-09 21:10:00,172.4,hydro,MW,nem,NSW1
2017-10-09 21:15:00,173.1,hydro,MW,nem,NSW1
2017-10-09 21:20:00,172.8,hydro,MW,nem,NSW1
2017-10-09 21:25:00,173.5,hydro,MW,nem,NSW1
2017-10-09 21:30:00,173.1,hydro,MW,nem,NSW1
2017-10-09 21:35:00,171.8,hydro,MW,nem,NSW1
2017-10-09 21:40:00,172.0,hydro,MW,nem,NSW1
2017-10-09 21:45:00,173.5,hydro,MW,nem,NSW1
2017-10-09 21:50:00,171.8,hydro,MW,nem,NSW1
2017-10-09 21:55:00,172.5,hydro,MW,nem,NSW1
2017-10-09 22:00:00,172.5,hydro,MW,nem,NSW1
2017-10-09 22:05:00,173.3,hydro,MW,nem,NSW1
2017-10-09 22:10:00,172.8,hydro,MW,nem,NSW1
2017-10-09 22:15:00,172.1,hydro,MW,nem,NSW1
2017-10-09 22:20:00,172.8,hydro,MW,nem,NSW1
2017-10-09 22:25:00,172.8,hydro,MW,nem,NSW1
2017-10-09 22:30:00,172.1,hydro,MW,nem,NSW1
2017-10-09 22:35:00,172.4,hydro,MW,nem,NSW1
2017-10-09 22:40:00,172.6,hydro,MW,nem,NSW1
2017-10-09 22:45:00,172.2,hydro,MW,nem,NSW1
2017-10-09 22:50:00,171.6,hydro,MW,nem,NSW1
2017-10-09 22:55:00,173.1,hydro,MW,nem,NSW1
2017-10-09 23:00:00,173.5,hydro,MW,nem,NSW1
2017-10-09 23:05:00,171.4,hydro,MW,nem,NSW1
2017-10-09 23:10:00,172.6,hydro,MW,nem,NSW1
2017-10-09 23:15:00,172.9,hydro,MW,nem,NSW1
2017-10-09 23:20:00,172.7,hydro,MW,nem,NSW1
2017-10-09 23:25:00,173.0,hydro,MW,nem,NSW1
2017-10-09 23:30:00,173.0,hydro,MW,nem,NSW1
2017-10-09 23:35:00,172.7,hydro,MW,nem,NSW1
2017-10-09 23:40:00,173.1,hydro,MW,nem,NSW1
2017-10-09 23:45:00,172.2,hydro,MW,nem,NSW1
2017-10-09 23:50:00,173.1,hydro,MW,nem,NSW1
2017-10-09 23:55:00,172.7,hydro,MW,nem,NSW1
2017-10-10 00:00:00,173.0,hydro,MW,nem,NSW1
2017-10-10 00:05:00,172.2,hydro,MW,nem,NSW1
2017-10-10 00:10:00,173.7,hydro,MW,nem,NSW1
2017-10-10 00:15:00,172.5,hydro,MW,nem,NSW1
2017-10-10 00:20:00,172.4,hydro,MW,nem,NSW1
2017-10-10 00:25:00,172.4,hydro,MW,nem,NSW1
2017-10-10 00:30:00,172.3,hydro,MW,nem,NSW1
2017-10-10 00:35:00,172.7,hydro,MW,nem,NSW1
2017-10-10 00:40:00,173.2,hydro,MW,nem,NSW1
2017-10-10 00:45:00,173.3,hydro,MW,nem,NSW1
2017-10-10 00:50:00,172.1,hydro,MW,nem,NSW1
2017-10-10 00:55:00,172.6,hydro,MW,nem,NSW1
2017-10-10 01:00:00,172.4,hydro,MW,nem,NSW1
2017-10-10 01:05:00,172.7,hydro,MW,nem,NSW1
2017-10-10 01:10:00,172.5,hydro,MW,nem,NSW1
2017-10-10 01:15:00,172.6,hydro,MW,nem,NSW1
2017-10-10 01:20:00,173.7,hydro,MW,nem,NSW1
2017-10-10 01:25:00,172.5,hydro,MW,nem,NSW1
2017-10-10 01:30:00,172.2,hydro,MW,nem,NSW1
2017-10-10 01:35:00,173.0,hydro,MW,nem,NSW1
2017-10-10 01:40:00,173.3,hydro,MW,nem,NSW1
2017-10-10 01:45:00,171.7,hydro,MW,nem,NSW1
2017-10-10 01:50:00,172.5,hydro,MW,nem,NSW1
2017-10-10 01:55:00,173.4,hydro,MW,nem,NSW1
2017-10-10 02:00:00,172.7,hydro,MW,nem,NSW1
2017-10-10 02:05:00,172.4,hydro,MW,nem,NSW1
2017-10-10 02:10:00,172.2,hydro,MW,nem,NSW1
2017-10-10 02:15:00,171.4,hydro,MW,nem,NSW1
2017-10-10 02:20:00,171.7,hydro,MW,nem,NSW1
2017-10-10 02:25:00,173.3,hydro,MW,nem,NSW1
2017-10-10 02:30:00,172.5,hydro,MW,nem,NSW1
2017-10-10 02:35:00,173.3,hydro,MW,nem,NSW1
2017-10-10 02:40:00,171.8,hydro,MW,nem,NSW1
2017-10-10 02:45:00,173.1,hydro,MW,nem,NSW1
2017-10-10 02:50:00,173.0,hydro,MW,nem,NSW1
2017-10-10 02:55:00,172.9,hydro,MW,nem,NSW1
2017-10-10 03:00:00,173.4,hydro,MW,nem,NSW1
2017-10-10 03:05:00,173.3,hydro,MW,nem,NSW1
2017-10-10 03:10:00,172.6,hydro,MW,nem,NSW1
2017-10-10 03:15:00,172.8,hydro,MW,nem,NSW1
2017-10-10 03:20:00,172.6,hydro,MW,nem,NSW1
2017-10-10 03:25:00,172.5,hydro,MW,nem,NSW1
2017-10-10 03:30:00,173.1,hydro,MW,nem,NSW1
2017-10-10 03:35:00,172.7,hydro,MW,nem,NSW1
2017-10-10 03:40:00,172.7,hydro,MW,nem,NSW1
2017-10-10 03:45:00,172.4,hydro,MW,nem,NSW1
2017-10-10 03:50:00,171.6,hydro,MW,nem,NSW1
2017-10-10 03:55:00,172.7,hydro,MW,nem,NSW1
2017-10-10 04:00:00,172.6,hydro,MW,nem,NSW1
2017-10-10 04:05:00,173.1,hydro,MW,nem,NSW1
2017-10-10 04:10:00,173.2,hydro,MW,nem,NSW1
2017-10-10 04:15:00,173.6,hydro,MW,nem,NSW1
2017-10-10 04:20:00,172.2,hydro,MW,nem,NSW1
2017-10-10 04:25:00,172.7,hydro,MW,nem,NSW1
2017-10-10 04:30:00,173.2,hydro,MW,nem,NSW1
2017-10-10 04:35:00,172.2,hydro,MW,nem,NSW1
2017-10-10 04:40:00,172.9,hydro,MW,nem,NSW1
2017-10-10 04:45:00,172.5,hydro,MW,nem,NSW1
2017-10-10 04:50:00,172.3,hydro,MW,nem,NSW1
2017-10-10 04:55:00,172.9,hydro,MW,nem,NSW1
2017-10-10 05:00:00,173.3,hydro,MW,nem,NSW1
2017-10-10 05:05:00,173.3,hydro,MW,nem,NSW1
2017-10-10 05:10:00,172.3,hydro,MW,nem,NSW1
2017-10-10 05:15:00,173.1,hydro,MW,nem,NSW1
2017-10-10 05:20:00,173.3,hydro,MW,nem,NSW1
2017-10-10 05:25:00,172.0,hydro,MW,nem,NSW1
2017-10-10 05:30:00,172.5,hydro,MW,nem,NSW1
2017-10-10 05:35:00,172.3,hydro,MW,nem,NSW1
2017-10-10 05:40:00,173.2,hydro,MW,nem,NSW1
2017-10-10 05:45:00,173.4,hydro,MW,nem,NSW1
2017-10-10 05:50:00,172.4,hydro,MW,nem,NSW1
2017-10-10 05:55:00,172.3,hydro,MW,nem,NSW1
2017-10-10 06:00:00,173.3,hydro,MW,nem,NSW1
2017-10-10 06:05:00,172.4,hydro,MW,nem,NSW1
2017-10-10 06:10:00,173.0,hydro,MW,nem,NSW1
2017-10-10 06:15:00,173.2,hydro,MW,nem,NSW1
2017-10-10 06:20:00,171.7,hydro,MW,nem,NSW1
2017-10-10 06:25:00,172.6,hydro,MW,nem,NSW1
2017-10-10 06:30:00,172.6,hydro,MW,nem,NSW1
2017-10-10 06:35:00,172.8,hydro,MW,nem,NSW1
2017-10-10 06:40:00,172.4,hydro,MW,nem,NSW1
2017-10-10 06:45:00,172.1,hydro,MW,nem,NSW1
2017-10-10 06:50:00,172.0,hydro,MW,nem,NSW1
2017-10-10 06:55:00,172.8,hydro,MW,nem,NSW1
2017-10-10 07:00:00,171.9,hydro,MW,nem,NSW1
2017-10-10 07:05:00,173.0,hydro,MW,nem,NSW1
2017-10-10 07:10:00,172.7,hydro,MW,nem,NSW1
2017-10-10 07:15:00,173.2,hydro,MW,nem,NSW1
2017-10-10 07:20:00,172.9,hydro,MW,nem,NSW1
2017-10-10 07:25:00,171.6,hydro,MW,nem,NSW1
2017-10-10 07:30:00,173.2,hydro,MW,nem,NSW1
2017-10-10 07:35:00,172.6,hydro,MW,nem,NSW1
2017-10-10 07:40:00,173.2,hydro,MW,nem,NSW1
2017-10-10 07:45:00,171.6,hydro,MW,nem,NSW1
2017-10-10 07:50:00,173.1,hydro,MW,nem,NSW1
2017-10-10 07:55:00,172.3,hydro,MW,nem,NSW1
2017-10-10 08:00:00,172.9,hydro,MW,nem,NSW1
2017-10-10 08:05:00,172.8,hydro,MW,nem,NSW1
2017-10-10 08:10:00,172.9,hydro,MW,nem,NSW1
2017-10-10 08:15:00,172.3,hydro,MW,nem,NSW1
2017-10-10 08:20:00,172.6,hydro,MW,nem,NSW1
2017-10-10 08:25:00,173.1,hydro,MW,nem,NSW1
2017-10-10 08:30:00,172.7,hydro,MW,nem,NSW1
2017-10-10 08:35:00,172.5,hydro,MW,nem,NSW1
2017-10-10 08:40:00,172.0,hydro,MW,nem,NSW1
2017-10-10 08:45:00,172.5,hydro,MW,nem,NSW1
2017-10-10 08:50:00,172.9,hydro,MW,nem,NSW1
2017-10-10 08:55:00,172.4,hydro,MW,nem,NSW1
2017-10-10 09:00:00,172.4,hydro,MW,nem,NSW1
2017-10-10 09:05:00,172.7,hydro,MW,nem,NSW1
2017-10-10 09:10:00,172.5,hydro,MW,nem,NSW1
2017-10-10 09:15:00,173.6,hydro,MW,nem,NSW1
2017-10-10 09:20:00,172.1,hydro,MW,nem,NSW1
2017-10-10 09:25:00,172.7,hydro,MW,nem,NSW1
2017-10-10 09:30:00,171.6,hydro,MW,nem,NSW1
2017-10-10 09:35:00,173.0,hydro,MW,nem,NSW1
2017-10-10 09:40:00,172.4,hydro,MW,nem,NSW1
2017-10-10 09:45:00,173.1,hydro,MW,nem,NSW1
2017-10-10 09:50:00,172.7,hydro,MW,nem,NSW1
2017-10-10 09:55:00,171.8,hydro,MW,nem,NSW1
2017-10-10 10:00:00,173.1,hydro,MW,nem,NSW1
2017-10-10 10:05:00,172.8,hydro,MW,nem,NSW1
2017-10-10 10:10:00,172.0,hydro,MW,nem,NSW1
2017-10-10 10:15:00,172.8,hydro,MW,nem,NSW1
2017-10-10 10:20:00,172.0,hydro,MW,nem,NSW1
2017-10-10 10:25:00,171.6,hydro,MW,nem,NSW1
2017-10-10 10:30:00,172.9,hydro,MW,nem,NSW1
2017-10-10 10:35:00,172.3,hydro,MW,nem,NSW1
2017-10-10 10:40:00,172.8,hydro,MW,nem,NSW1
2017-10-10 10:45:00,172.1,hydro,MW,nem,NSW1
2017-10-10 10:50:00,171.6,hydro,MW,nem,NSW1
2017-10-10 10:55:00,173.2,hydro,MW,nem,NSW1
2017-10-10 11:00:00,171.3,hydro,MW,nem,NSW1
2017-10-10 11:05:00,172.2,hydro,MW,nem,NSW1
2017-10-10 11:10:00,171.8,hydro,MW,nem,NSW1
2017-10-10 11:15:00,172.7,hydro,MW,nem,NSW1
2017-10-10 11:20:00,173.1,hydro,MW,nem,NSW1
2017-10-10 11:25:00,172.0,hydro,MW,nem,NSW1
2017-10-10 11:30:00,172.8,hydro,MW,nem,NSW1
2017-10-10 11:35:00,172.0,hydro,MW,nem,NSW1
2017-10-10 11:40:00,172.2,hydro,MW,nem,NSW1
2017-10-10 11:45:00,172.7,hydro,MW,nem,NSW1
2017-10-10 11:50:00,172.6,hydro,MW,nem,NSW1
2017-10-10 11:55:00,172.9,hydro,MW,nem,NSW1
2017-10-10 12:00:00,172.5,hydro,MW,nem,NSW1
2017-10-10 12:05:00,173.2,hydro,MW,nem,NSW1
2017-10-10 12:10:00,172.7,hydro,MW,nem,NSW1
2017-10-10 12:15:00,172.8,hydro,MW,nem,NSW1
2017-10-10 12:20:00,172.2,hydro,MW,nem,NSW1
2017-10-10 12:25:00,172.2,hydro,MW,nem,NSW1
2017-10-10 12:30:00,172.4,hydro,MW,nem,NSW1
2017-10-10 12:35:00,173.2,hydro,MW,nem,NSW1
2017-10-10 12:40:00,172.4,hydro,MW,nem,NSW1
2017-10-10 12:45:00,172.7,hydro,MW,nem,NSW1
2017-10-10 12:50:00,172.4,hydro,MW,nem,NSW1
2017-10-10 12:55:00,172.9,hydro,MW,nem,NSW1
2017-10-10 13:00:00,171.5,hydro,MW,nem,NSW1
2017-10-10 13:05:00,172.7,hydro,MW,nem,NSW1
2017-10-10 13:10:00,172.3,hydro,MW,nem,NSW1
2017-10-10 13:15:00,172.4,hydro,MW,nem,NSW1
2017-10-10 13:20:00,171.4,hydro,MW,nem,NSW1
2017-10-10 13:25:00,172.7,hydro,MW,nem,NSW1
2017-10-10 13:30:00,172.8,hydro,MW,nem,NSW1
2017-10-10 13:35:00,171.6,hydro,MW,nem,NSW1
2017-10-10 13:40:00,172.4,hydro,MW,nem,NSW1
2017-10-10 13:45:00,172.6,hydro,MW,nem,NSW1
2017-10-10 13:50:00,171.9,hydro,MW,nem,NSW1
2017-10-10 13:55:00,172.5,hydro,MW,nem,NSW1
2017-10-10 14:00:00,172.7,hydro,MW,nem,NSW1
2017-10-10 14:05:00,173.1,hydro,MW,nem,NSW1
2017-10-10 14:10:00,171.7,hydro,MW,nem,NSW1
2017-10-10 14:15:00,172.8,hydro,MW,nem,NSW1
2017-10-10 14:20:00,171.5,hydro,MW,nem,NSW1
2017-10-10 14:25:00,172.1,hydro,MW,nem,NSW1
2017-10-10 14:30:00,172.2,hydro,MW,nem,NSW1
2017-10-10 14:35:00,172.5,hydro,MW,nem,NSW1
2017-10-10 14:40:00,173.2,hydro,MW,nem,NSW1
2017-10-10 14:45:00,171.8,hydro,MW,nem,NSW1
2017-10-10 14:50:00,172.2,hydro,MW,nem,NSW1
2017-10-10 14:55:00,173.1,hydro,MW,nem,NSW1
2017-10-10 15:00:00,172.2,hydro,MW,nem,NSW1
2017-10-10 15:05:00,172.5,hydro,MW,nem,NSW1
2017-10-10 15:10:00,173.1,hydro,MW,nem,NSW1
2017-10-10 15:15:00,172.2,hydro,MW,nem,NSW1
2017-10-10 15:20:00,172.5,hydro,MW,nem,NSW1
2017-10-10 15:25:00,173.2,hydro,MW,nem,NSW1
2017-10-10 15:30:00,172.4,hydro,MW,nem,NSW1
2017-10-10 15:35:00,172.7,hydro,MW,nem,NSW1
2017-10-10 15:40:00,172.7,hydro,MW,nem,NSW1
2017-10-10 15:45:00,172.4,hydro,MW,nem,NSW1
2017-10-10 15:50:00,172.4,hydro,MW,nem,NSW1
2017-10-10 15:55:00,169.5,hydro,MW,nem,NSW1
2017-10-10 16:00:00,169.4,hydro,MW,nem,NSW1
2017-10-10 16:05:00,168.4,hydro,MW,nem,NSW1
2017-10-10 16:10:00,168.2,hydro,MW,nem,NSW1
2017-10-10 16:15:00,169.6,hydro,MW,nem,NSW1
2017-10-10 16:20:00,169.4,hydro,MW,nem,NSW1
2017-10-10 16:25:00,169.4,hydro,MW,nem,NSW1
2017-10-10 16:30:00,169.1,hydro,MW,nem,NSW1
2017-10-10 16:35:00,169.0,hydro,MW,nem,NSW1
2017-10-10 16:40:00,168.8,hydro,MW,nem,NSW1
2017-10-10 16:45:00,169.6,hydro,MW,nem,NSW1
2017-10-10 16:50:00,169.4,hydro,MW,nem,NSW1
2017-10-10 16:55:00,169.8,hydro,MW,nem,NSW1
2017-10-10 17:00:00,168.5,hydro,MW,nem,NSW1
2017-10-10 17:05:00,166.4,hydro,MW,nem,NSW1
2017-10-10 17:10:00,165.5,hydro,MW,nem,NSW1
2017-10-10 17:15:00,165.9,hydro,MW,nem,NSW1
2017-10-10 17:20:00,165.4,hydro,MW,nem,NSW1
2017-10-10 17:25:00,165.4,hydro,MW,nem,NSW1
2017-10-10 17:30:00,166.2,hydro,MW,nem,NSW1
2017-10-10 17:35:00,166.0,hydro,MW,nem,NSW1
2017-10-10 17:40:00,165.9,hydro,MW,nem,NSW1
2017-10-10 17:45:00,166.5,hydro,MW,nem,NSW1
2017-10-10 17:50:00,165.8,hydro,MW,nem,NSW1
2017-10-10 17:55:00,165.9,hydro,MW,nem,NSW1
2017-10-10 18:00:00,166.6,hydro,MW,nem,NSW1
2017-10-10 18:05:00,166.5,hydro,MW,nem,NSW1
2017-10-10 18:10:00,165.4,hydro,MW,nem,NSW1
2017-10-10 18:15:00,165.8,hydro,MW,nem,NSW1
2017-10-10 18:20:00,166.1,hydro,MW,nem,NSW1
2017-10-10 18:25:00,166.1,hydro,MW,nem,NSW1
2017-10-10 18:30:00,166.0,hydro,MW,nem,NSW1
2017-10-10 18:35:00,165.6,hydro,MW,nem,NSW1
2017-10-10 18:40:00,166.0,hydro,MW,nem,NSW1
2017-10-10 18:45:00,164.9,hydro,MW,nem,NSW1
2017-10-10 18:50:00,165.9,hydro,MW,nem,NSW1
2017-10-10 18:55:00,165.5,hydro,MW,nem,NSW1
2017-10-10 19:00:00,166.1,hydro,MW,nem,NSW1
2017-10-10 19:05:00,166.1,hydro,MW,nem,NSW1
2017-10-10 19:10:00,165.4,hydro,MW,nem,NSW1
2017-10-10 19:15:00,165.8,hydro,MW,nem,NSW1
2017-10-10 19:20:00,165.8,hydro,MW,nem,NSW1
2017-10-10 19:25:00,166.4,hydro,MW,nem,NSW1
2017-10-10 19:30:00,166.0,hydro,MW,nem,NSW1
2017-10-10 19:35:00,165.5,hydro,MW,nem,NSW1
2017-10-10 19:40:00,165.8,hydro,MW,nem,NSW1
2017-10-10 19:45:00,166.1,hydro,MW,nem,NSW1
2017-10-10 19:50:00,165.3,hydro,MW,nem,NSW1
2017-10-10 19:55:00,165.2,hydro,MW,nem,NSW1
2017-10-10 20:00:00,165.7,hydro,MW,nem,NSW1
2017-10-10 20:05:00,166.2,hydro,MW,nem,NSW1
2017-10-10 20:10:00,166.0,hydro,MW,nem,NSW1
2017-10-10 20:15:00,165.4,hydro,MW,nem,NSW1
2017-10-10 20:20:00,165.5,hydro,MW,nem,NSW1
2017-10-10 20:25:00,165.8,hydro,MW,nem,NSW1
2017-10-10 20:30:00,165.4,hydro,MW,nem,NSW1
2017-10-10 20:35:00,165.9,hydro,MW,nem,NSW1
2017-10-10 20:40:00,165.5,hydro,MW,nem,NSW1
2017-10-10 20:45:00,165.7,hydro,MW,nem,NSW1
2017-10-10 20:50:00,166.1,hydro,MW,nem,NSW1
2017-10-10 20:55:00,166.0,hydro,MW,nem,NSW1
2017-10-10 21:00:00,166.6,hydro,MW,nem,NSW1
2017-10-10 21:05:00,164.6,hydro,MW,nem,NSW1
2017-10-10 21:10:00,165.9,hydro,MW,nem,NSW1
2017-10-10 21:15:00,165.9,hydro,MW,nem,NSW1
2017-10-10 21:20:00,166.4,hydro,MW,nem,NSW1
2017-10-10 21:25:00,166.2,hydro,MW,nem,NSW1
2017-10-10 21:30:00,165.9,hydro,MW,nem,NSW1
2017-10-10 21:35:00,165.8,hydro,MW,nem,NSW1
2017-10-10 21:40:00,166.0,hydro,MW,nem,NSW1
2017-10-10 21:45:00,165.8,hydro,MW,nem,NSW1
2017-10-10 21:50:00,165.9,hydro,MW,nem,NSW1
2017-10-10 21:55:00,166.1,hydro,MW,nem,NSW1
2017-10-10 22:00:00,165.6,hydro,MW,nem,NSW1
2017-10-10 22:05:00,166.0,hydro,MW,nem,NSW1
2017-10-10 22:10:00,165.9,hydro,MW,nem,NSW1
2017-10-10 22:15:00,166.1,hydro,MW,nem,NSW1
2017-10-10 22:20:00,165.7,hydro,MW,nem,NSW1
2017-10-10 22:25:00,166.6,hydro,MW,nem,NSW1
2017-10-10 22:30:00,165.8,hydro,MW,nem,NSW1
2017-10-10 22:35:00,166.2,hydro,MW,nem,NSW1
2017-10-10 22:40:00,166.3,hydro,MW,nem,NSW1
2017-10-10 22:45:00,164.8,hydro,MW,nem,NSW1
2017-10-10 22:50:00,165.2,hydro,MW,nem,NSW1
2017-10-10 22:55:00,166.3,hydro,MW,nem,NSW1
2017-10-10 23:00:00,165.0,hydro,MW,nem,NSW1
2017-10-10 23:05:00,164.5,hydro,MW,nem,NSW1
2017-10-10 23:10:00,165.5,hydro,MW,nem,NSW1
2017-10-10 23:15:00,165.7,hydro,MW,nem,NSW1
2017-10-10 23:20:00,165.3,hydro,MW,nem,NSW1
2017-10-10 23:25:00,166.3,hydro,MW,nem,NSW1
2017-10-10 23:30:00,166.7,hydro,MW,nem,NSW1
2017-10-10 23:35:00,165.6,hydro,MW,nem,NSW1
2017-10-10 23:40:00,165.9,hydro,MW,nem,NSW1
2017-10-10 23:45:00,165.1,hydro,MW,nem,NSW1
2017-10-10 23:50:00,165.7,hydro,MW,nem,NSW1
2017-10-10 23:55:00,165.7,hydro,MW,nem,NSW1
2017-10-11 00:00:00,166.3,hydro,MW,nem,NSW1
2017-10-11 00:05:00,166.4,hydro,MW,nem,NSW1
2017-10-11 00:10:00,165.6,hydro,MW,nem,NSW1
2017-10-11 00:15:00,166.1,hydro,MW,nem,NSW1
2017-10-11 00:20:00,165.5,hydro,MW,nem,NSW1
2017-10-11 00:25:00,165.5,hydro,MW,nem,NSW1
2017-10-11 00:30:00,166.5,hydro,MW,nem,NSW1
2017-10-11 00:35:00,166.5,hydro,MW,nem,NSW1
2017-10-11 00:40:00,165.8,hydro,MW,nem,NSW1
2017-10-11 00:45:00,165.8,hydro,MW,nem,NSW1
2017-10-11 00:50:00,165.9,hydro,MW,nem,NSW1
2017-10-11 00:55:00,166.1,hydro,MW,nem,NSW1
2017-10-11 01:00:00,166.7,hydro,MW,nem,NSW1
2017-10-11 01:05:00,166.2,hydro,MW,nem,NSW1
2017-10-11 01:10:00,165.5,hydro,MW,nem,NSW1
2017-10-11 01:15:00,165.9,hydro,MW,nem,NSW1
2017-10-11 01:20:00,165.5,hydro,MW,nem,NSW1
2017-10-11 01:25:00,166.0,hydro,MW,nem,NSW1
2017-10-11 01:30:00,165.7,hydro,MW,nem,NSW1
2017-10-11 01:35:00,165.5,hydro,MW,nem,NSW1
2017-10-11 01:40:00,167.0,hydro,MW,nem,NSW1
2017-10-11 01:45:00,165.4,hydro,MW,nem,NSW1
2017-10-11 01:50:00,165.9,hydro,MW,nem,NSW1
2017-10-11 01:55:00,166.1,hydro,MW,nem,NSW1
2017-10-11 02:00:00,166.3,hydro,MW,nem,NSW1
2017-10-11 02:05:00,165.7,hydro,MW,nem,NSW1
2017-10-11 02:10:00,166.1,hydro,MW,nem,NSW1
2017-10-11 02:15:00,166.0,hydro,MW,nem,NSW1
2017-10-11 02:20:00,165.8,hydro,MW,nem,NSW1
2017-10-11 02:25:00,165.8,hydro,MW,nem,NSW1
2017-10-11 02:30:00,165.6,hydro,MW,nem,NSW1
2017-10-11 02:35:00,166.4,hydro,MW,nem,NSW1
2017-10-11 02:40:00,164.4,hydro,MW,nem,NSW1
2017-10-11 02:45:00,166.1,hydro,MW,nem,NSW1
2017-10-11 02:50:00,165.7,hydro,MW,nem,NSW1
2017-10-11 02:55:00,165.8,hydro,MW,nem,NSW1
2017-10-11 03:00:00,165.6,hydro,MW,nem,NSW1
2017-10-11 03:05:00,166.5,hydro,MW,nem,NSW1
2017-10-11 03:10:00,165.6,hydro,MW,nem,NSW1
2017-10-11 03:15:00,166.2,hydro,MW,nem,NSW1
2017-10-11 03:20:00,166.2,hydro,MW,nem,NSW1
2017-10-11 03:25:00,165.9,hydro,MW,nem,NSW1
2017-10-11 03:30:00,166.1,hydro,MW,nem,NSW1
2017-10-11 03:35:00,165.7,hydro,MW,nem,NSW1
2017-10-11 03:40:00,166.0,hydro,MW,nem,NSW1
2017-10-11 03:45:00,166.3,hydro,MW,nem,NSW1
2017-10-11 03:50:00,166.0,hydro,MW,nem,NSW1
2017-10-11 03:55:00,166.2,hydro,MW,nem,NSW1
2017-10-11 04:00:00,166.0,hydro,MW,nem,NSW1
2017-10-11 04:05:00,165.9,hydro,MW,nem,NSW1
2017-10-11 04:10:00,165.4,hydro,MW,nem,NSW1
2017-10-11 04:15:00,165.3,hydro,MW,nem,NSW1
2017-10-11 04:20:00,166.3,hydro,MW,nem,NSW1
2017-10-11 04:25:00,164.6,hydro,MW,nem,NSW1
2017-10-11 04:30:00,165.7,hydro,MW,nem,NSW1
2017-10-11 04:35:00,167.0,hydro,MW,nem,NSW1
2017-10-11 04:40:00,165.8,hydro,MW,nem,NSW1
2017-10-11 04:45:00,166.2,hydro,MW,nem,NSW1
2017-10-11 04:50:00,165.4,hydro,MW,nem,NSW1
2017-10-11 04:55:00,166.2,hydro,MW,nem,NSW1
2017-10-11 05:00:00,166.1,hydro,MW,nem,NSW1
2017-10-11 05:05:00,166.3,hydro,MW,nem,NSW1
2017-10-11 05:10:00,166.4,hydro,MW,nem,NSW1
2017-10-11 05:15:00,165.2,hydro,MW,nem,NSW1
2017-10-11 05:20:00,166.1,hydro,MW,nem,NSW1
2017-10-11 05:25:00,165.5,hydro,MW,nem,NSW1
2017-10-11 05:30:00,166.0,hydro,MW,nem,NSW1
2017-10-11 05:35:00,166.2,hydro,MW,nem,NSW1
2017-10-11 05:40:00,166.1,hydro,MW,nem,NSW1
2017-10-11 05:45:00,165.6,hydro,MW,nem,NSW1
2017-10-11 05:50:00,165.2,hydro,MW,nem,NSW1
2017-10-11 05:55:00,166.4,hydro,MW,nem,NSW1
2017-10-11 06:00:00,166.4,hydro,MW,nem,NSW1
2017-10-11 06:05:00,165.8,hydro,MW,nem,NSW1
2017-10-11 06:10:00,166.2,hydro,MW,nem,NSW1
2017-10-11 06:15:00,165.6,hydro,MW,nem,NSW1
2017-10-11 06:20:00,165.1,hydro,MW,nem,NSW1
2017-10-11 06:25:00,165.9,hydro,MW,nem,NSW1
2017-10-11 06:30:00,166.0,hydro,MW,nem,NSW1
2017-10-11 06:35:00,165.5,hydro,MW,nem,NSW1
2017-10-11 06:40:00,165.8,hydro,MW,nem,NSW1
2017-10-11 06:45:00,165.8,hydro,MW,nem,NSW1
2017-10-11 06:50:00,166.1,hydro,MW,nem,NSW1
2017-10-11 06:55:00,192.1,hydro,MW,nem,NSW1
2017-10-11 07:00:00,281.6,hydro,MW,nem,NSW1
2017-10-11 07:05:00,269.1,hydro,MW,nem,NSW1
2017-10-11 07:10:00,189.8,hydro,MW,nem,NSW1
2017-10-11 07:15:00,165.7,hydro,MW,nem,NSW1
2017-10-11 07:20:00,165.8,hydro,MW,nem,NSW1
2017-10-11 07:25:00,165.5,hydro,MW,nem,NSW1
2017-10-11 07:30:00,165.5,hydro,MW,nem,NSW1
2017-10-11 07:35:00,166.0,hydro,MW,nem,NSW1
2017-10-11 07:40:00,166.2,hydro,MW,nem,NSW1
2017-10-11 07:45:00,165.6,hydro,MW,nem,NSW1
2017-10-11 07:50:00,165.3,hydro,MW,nem,NSW1
2017-10-11 07:55:00,165.8,hydro,MW,nem,NSW1
2017-10-11 08:00:00,165.7,hydro,MW,nem,NSW1
2017-10-11 08:05:00,165.8,hydro,MW,nem,NSW1
2017-10-11 08:10:00,165.8,hydro,MW,nem,NSW1
2017-10-11 08:15:00,166.2,hydro,MW,nem,NSW1
2017-10-11 08:20:00,165.6,hydro,MW,nem,NSW1
2017-10-11 08:25:00,165.9,hydro,MW,nem,NSW1
2017-10-11 08:30:00,165.7,hydro,MW,nem,NSW1
2017-10-11 08:35:00,165.9,hydro,MW,nem,NSW1
2017-10-11 08:40:00,166.3,hydro,MW,nem,NSW1
2017-10-11 08:45:00,165.2,hydro,MW,nem,NSW1
2017-10-11 08:50:00,166.1,hydro,MW,nem,NSW1
2017-10-11 08:55:00,165.9,hydro,MW,nem,NSW1
2017-10-11 09:00:00,165.8,hydro,MW,nem,NSW1
2017-10-11 09:05:00,165.9,hydro,MW,nem,NSW1
2017-10-11 09:10:00,166.4,hydro,MW,nem,NSW1
2017-10-11 09:15:00,165.0,hydro,MW,nem,NSW1
2017-10-11 09:20:00,165.3,hydro,MW,nem,NSW1
2017-10-11 09:25:00,164.6,hydro,MW,nem,NSW1
2017-10-11 09:30:00,165.9,hydro,MW,nem,NSW1
2017-10-11 09:35:00,165.9,hydro,MW,nem,NSW1
2017-10-11 09:40:00,166.5,hydro,MW,nem,NSW1
2017-10-11 09:45:00,166.1,hydro,MW,nem,NSW1
2017-10-11 09:50:00,165.6,hydro,MW,nem,NSW1
2017-10-11 09:55:00,166.4,hydro,MW,nem,NSW1
2017-10-11 10:00:00,166.3,hydro,MW,nem,NSW1
2017-10-11 10:05:00,166.1,hydro,MW,nem,NSW1
2017-10-11 10:10:00,165.8,hydro,MW,nem,NSW1
2017-10-11 10:15:00,165.7,hydro,MW,nem,NSW1
2017-10-11 10:20:00,165.9,hydro,MW,nem,NSW1
2017-10-11 10:25:00,166.4,hydro,MW,nem,NSW1
2017-10-11 10:30:00,165.6,hydro,MW,nem,NSW1
2017-10-11 10:35:00,166.6,hydro,MW,nem,NSW1
2017-10-11 10:40:00,165.6,hydro,MW,nem,NSW1
2017-10-11 10:45:00,166.1,hydro,MW,nem,NSW1
2017-10-11 10:50:00,166.3,hydro,MW,nem,NSW1
2017-10-11 10:55:00,165.7,hydro,MW,nem,NSW1
2017-10-11 11:00:00,165.6,hydro,MW,nem,NSW1
2017-10-11 11:05:00,165.5,hydro,MW,nem,NSW1
2017-10-11 11:10:00,165.2,hydro,MW,nem,NSW1
2017-10-11 11:15:00,166.2,hydro,MW,nem,NSW1
2017-10-11 11:20:00,165.3,hydro,MW,nem,NSW1
2017-10-11 11:25:00,166.8,hydro,MW,nem,NSW1
2017-10-11 11:30:00,166.3,hydro,MW,nem,NSW1
2017-10-11 11:35:00,165.8,hydro,MW,nem,NSW1
2017-10-11 11:40:00,166.6,hydro,MW,nem,NSW1
2017-10-11 11:45:00,165.7,hydro,MW,nem,NSW1
2017-10-11 11:50:00,165.8,hydro,MW,nem,NSW1
2017-10-11 11:55:00,165.2,hydro,MW,nem,NSW1
2017-10-11 12:00:00,166.1,hydro,MW,nem,NSW1
2017-10-11 12:05:00,166.0,hydro,MW,nem,NSW1
2017-10-11 12:10:00,166.1,hydro,MW,nem,NSW1
2017-10-11 12:15:00,166.1,hydro,MW,nem,NSW1
2017-10-11 12:20:00,165.5,hydro,MW,nem,NSW1
2017-10-11 12:25:00,166.6,hydro,MW,nem,NSW1
2017-10-11 12:30:00,165.9,hydro,MW,nem,NSW1
2017-10-11 12:35:00,166.3,hydro,MW,nem,NSW1
2017-10-11 12:40:00,166.2,hydro,MW,nem,NSW1
2017-10-11 12:45:00,165.8,hydro,MW,nem,NSW1
2017-10-11 12:50:00,165.9,hydro,MW,nem,NSW1
2017-10-11 12:55:00,166.3,hydro,MW,nem,NSW1
2017-10-11 13:00:00,166.3,hydro,MW,nem,NSW1
2017-10-11 13:05:00,165.8,hydro,MW,nem,NSW1
2017-10-11 13:10:00,166.3,hydro,MW,nem,NSW1
2017-10-11 13:15:00,165.7,hydro,MW,nem,NSW1
2017-10-11 13:20:00,165.8,hydro,MW,nem,NSW1
2017-10-11 13:25:00,166.4,hydro,MW,nem,NSW1
2017-10-11 13:30:00,165.1,hydro,MW,nem,NSW1
2017-10-11 13:35:00,165.9,hydro,MW,nem,NSW1
2017-10-11 13:40:00,165.6,hydro,MW,nem,NSW1
2017-10-11 13:45:00,166.5,hydro,MW,nem,NSW1
2017-10-11 13:50:00,165.9,hydro,MW,nem,NSW1
2017-10-11 13:55:00,165.5,hydro,MW,nem,NSW1
2017-10-11 14:00:00,165.9,hydro,MW,nem,NSW1
2017-10-11 14:05:00,166.2,hydro,MW,nem,NSW1
2017-10-11 14:10:00,166.0,hydro,MW,nem,NSW1
2017-10-11 14:15:00,165.6,hydro,MW,nem,NSW1
2017-10-11 14:20:00,165.3,hydro,MW,nem,NSW1
2017-10-11 14:25:00,166.7,hydro,MW,nem,NSW1
2017-10-11 14:30:00,165.3,hydro,MW,nem,NSW1
2017-10-11 14:35:00,165.2,hydro,MW,nem,NSW1
2017-10-11 14:40:00,165.5,hydro,MW,nem,NSW1
2017-10-11 14:45:00,166.1,hydro,MW,nem,NSW1
2017-10-11 14:50:00,165.5,hydro,MW,nem,NSW1
2017-10-11 14:55:00,168.2,hydro,MW,nem,NSW1
2017-10-11 15:00:00,308.3,hydro,MW,nem,NSW1
2017-10-11 15:05:00,275.2,hydro,MW,nem,NSW1
2017-10-11 15:10:00,285.9,hydro,MW,nem,NSW1
2017-10-11 15:15:00,193.0,hydro,MW,nem,NSW1
2017-10-11 15:20:00,217.4,hydro,MW,nem,NSW1
2017-10-11 15:25:00,309.6,hydro,MW,nem,NSW1
2017-10-11 15:30:00,397.1,hydro,MW,nem,NSW1
2017-10-11 15:35:00,389.5,hydro,MW,nem,NSW1
2017-10-11 15:40:00,368.3,hydro,MW,nem,NSW1
2017-10-11 15:45:00,313.7,hydro,MW,nem,NSW1
2017-10-11 15:50:00,285.3,hydro,MW,nem,NSW1
2017-10-11 15:55:00,358.0,hydro,MW,nem,NSW1
2017-10-11 16:00:00,456.5,hydro,MW,nem,NSW1
2017-10-11 16:05:00,493.6,hydro,MW,nem,NSW1
2017-10-11 16:10:00,437.8,hydro,MW,nem,NSW1
2017-10-11 16:15:00,335.1,hydro,MW,nem,NSW1
2017-10-11 16:20:00,402.7,hydro,MW,nem,NSW1
2017-10-11 16:25:00,442.6,hydro,MW,nem,NSW1
2017-10-11 16:30:00,454.2,hydro,MW,nem,NSW1
2017-10-11 16:35:00,482.4,hydro,MW,nem,NSW1
2017-10-11 16:40:00,517.9,hydro,MW,nem,NSW1
2017-10-11 16:45:00,562.2,hydro,MW,nem,NSW1
2017-10-11 16:50:00,621.5,hydro,MW,nem,NSW1
2017-10-11 16:55:00,606.7,hydro,MW,nem,NSW1
2017-10-11 17:00:00,562.2,hydro,MW,nem,NSW1
2017-10-11 17:05:00,484.6,hydro,MW,nem,NSW1
2017-10-11 17:10:00,436.5,hydro,MW,nem,NSW1
2017-10-11 17:15:00,395.7,hydro,MW,nem,NSW1
2017-10-11 17:20:00,368.4,hydro,MW,nem,NSW1
2017-10-11 17:25:00,392.6,hydro,MW,nem,NSW1
2017-10-11 17:30:00,366.2,hydro,MW,nem,NSW1
2017-10-11 17:35:00,315.7,hydro,MW,nem,NSW1
2017-10-11 17:40:00,406.3,hydro,MW,nem,NSW1
2017-10-11 17:45:00,457.4,hydro,MW,nem,NSW1
2017-10-11 17:50:00,449.6,hydro,MW,nem,NSW1
2017-10-11 17:55:00,459.4,hydro,MW,nem,NSW1
2017-10-11 18:00:00,472.8,hydro,MW,nem,NSW1
2017-10-11 18:05:00,509.5,hydro,MW,nem,NSW1
2017-10-11 18:10:00,480.7,hydro,MW,nem,NSW1
2017-10-11 18:15:00,506.9,hydro,MW,nem,NSW1
2017-10-11 18:20:00,528.7,hydro,MW,nem,NSW1
2017-10-11 18:25:00,516.6,hydro,MW,nem,NSW1
2017-10-11 18:30:00,447.6,hydro,MW,nem,NSW1
2017-10-11 18:35:00,423.2,hydro,MW,nem,NSW1
2017-10-11 18:40:00,413.4,hydro,MW,nem,NSW1
2017-10-11 18:45:00,426.6,hydro,MW,nem,NSW1
2017-10-11 18:50:00,399.4,hydro,MW,nem,NSW1
2017-10-11 18:55:00,327.3,hydro,MW,nem,NSW1
2017-10-11 19:00:00,275.2,hydro,MW,nem,NSW1
2017-10-11 19:05:00,225.2,hydro,MW,nem,NSW1
2017-10-11 19:10:00,168.7,hydro,MW,nem,NSW1
2017-10-11 19:15:00,166.2,hydro,MW,nem,NSW1
2017-10-11 19:20:00,166.3,hydro,MW,nem,NSW1
2017-10-11 19:25:00,166.1,hydro,MW,nem,NSW1
2017-10-11 19:30:00,165.6,hydro,MW,nem,NSW1
2017-10-11 19:35:00,166.2,hydro,MW,nem,NSW1
2017-10-11 19:40:00,310.6,hydro,MW,nem,NSW1
2017-10-11 19:45:00,306.7,hydro,MW,nem,NSW1
2017-10-11 19:50:00,311.2,hydro,MW,nem,NSW1
2017-10-11 19:55:00,278.9,hydro,MW,nem,NSW1
2017-10-11 20:00:00,270.9,hydro,MW,nem,NSW1
2017-10-11 20:05:00,278.3,hydro,MW,nem,NSW1
2017-10-11 20:10:00,271.2,hydro,MW,nem,NSW1
2017-10-11 20:15:00,274.1,hydro,MW,nem,NSW1
2017-10-11 20:20:00,261.3,hydro,MW,nem,NSW1
2017-10-11 20:25:00,241.8,hydro,MW,nem,NSW1
2017-10-11 20:30:00,193.6,hydro,MW,nem,NSW1
2017-10-11 20:35:00,166.3,hydro,MW,nem,NSW1
2017-10-11 20:40:00,166.2,hydro,MW,nem,NSW1
2017-10-11 20:45:00,165.4,hydro,MW,nem,NSW1
2017-10-11 20:50:00,165.3,hydro,MW,nem,NSW1
2017-10-11 20:55:00,164.6,hydro,MW,nem,NSW1
2017-10-11 21:00:00,166.2,hydro,MW,nem,NSW1
2017-10-11 21:05:00,165.5,hydro,MW,nem,NSW1
2017-10-11 21:10:00,165.4,hydro,MW,nem,NSW1
2017-10-11 21:15:00,165.0,hydro,MW,nem,NSW1
2017-10-11 21:20:00,164.8,hydro,MW,nem,NSW1
2017-10-11 21:25:00,164.7,hydro,MW,nem,NSW1
2017-10-11 21:30:00,165.4,hydro,MW,nem,NSW1
2017-10-11 21:35:00,165.2,hydro,MW,nem,NSW1
2017-10-11 21:40:00,164.6,hydro,MW,nem,NSW1
2017-10-11 21:45:00,165.7,hydro,MW,nem,NSW1
2017-10-11 21:50:00,165.6,hydro,MW,nem,NSW1
2017-10-11 21:55:00,165.8,hydro,MW,nem,NSW1
2017-10-11 22:00:00,165.2,hydro,MW,nem,NSW1
2017-10-11 22:05:00,165.8,hydro,MW,nem,NSW1
2017-10-11 22:10:00,165.6,hydro,MW,nem,NSW1
2017-10-11 22:15:00,164.2,hydro,MW,nem,NSW1
2017-10-11 22:20:00,165.3,hydro,MW,nem,NSW1
2017-10-11 22:25:00,164.9,hydro,MW,nem,NSW1
2017-10-11 22:30:00,166.4,hydro,MW,nem,NSW1
2017-10-11 22:35:00,165.6,hydro,MW,nem,NSW1
2017-10-11 22:40:00,164.4,hydro,MW,nem,NSW1
2017-10-11 22:45:00,165.0,hydro,MW,nem,NSW1
2017-10-11 22:50:00,165.9,hydro,MW,nem,NSW1
2017-10-11 22:55:00,164.9,hydro,MW,nem,NSW1
2017-10-11 23:00:00,164.9,hydro,MW,nem,NSW1
2017-10-11 23:05:00,165.9,hydro,MW,nem,NSW1
2017-10-11 23:10:00,165.7,hydro,MW,nem,NSW1
2017-10-11 23:15:00,165.2,hydro,MW,nem,NSW1
2017-10-11 23:20:00,165.4,hydro,MW,nem,NSW1
2017-10-11 23:25:00,165.8,hydro,MW,nem,NSW1
2017-10-11 23:30:00,165.2,hydro,MW,nem,NSW1
2017-10-11 23:35:00,165.6,hydro,MW,nem,NSW1
2017-10-11 23:40:00,165.7,hydro,MW,nem,NSW1
2017-10-11 23:45:00,249.8,hydro,MW,nem,NSW1
2017-10-11 23:50:00,276.6,hydro,MW,nem,NSW1
2017-10-11 23:55:00,164.8,hydro,MW,nem,NSW1
2017-10-12 00:00:00,164.6,hydro,MW,nem,NSW1
2017-10-12 00:05:00,165.3,hydro,MW,nem,NSW1
2017-10-12 00:10:00,165.7,hydro,MW,nem,NSW1
2017-10-12 00:15:00,164.8,hydro,MW,nem,NSW1
2017-10-12 00:20:00,165.7,hydro,MW,nem,NSW1
2017-10-12 00:25:00,164.7,hydro,MW,nem,NSW1
2017-10-12 00:30:00,164.5,hydro,MW,nem,NSW1
2017-10-12 00:35:00,165.2,hydro,MW,nem,NSW1
2017-10-12 00:40:00,165.5,hydro,MW,nem,NSW1
2017-10-12 00:45:00,165.4,hydro,MW,nem,NSW1
2017-10-12 00:50:00,165.5,hydro,MW,nem,NSW1
2017-10-12 00:55:00,165.5,hydro,MW,nem,NSW1
2017-10-12 01:00:00,165.0,hydro,MW,nem,NSW1
2017-10-12 01:05:00,166.1,hydro,MW,nem,NSW1
2017-10-12 01:10:00,165.6,hydro,MW,nem,NSW1
2017-10-12 01:15:00,165.8,hydro,MW,nem,NSW1
2017-10-12 01:20:00,166.0,hydro,MW,nem,NSW1
2017-10-12 01:25:00,165.1,hydro,MW,nem,NSW1
2017-10-12 01:30:00,165.7,hydro,MW,nem,NSW1
2017-10-12 01:35:00,165.4,hydro,MW,nem,NSW1
2017-10-12 01:40:00,165.5,hydro,MW,nem,NSW1
2017-10-12 01:45:00,165.8,hydro,MW,nem,NSW1
2017-10-12 01:50:00,165.5,hydro,MW,nem,NSW1
2017-10-12 01:55:00,165.5,hydro,MW,nem,NSW1
2017-10-12 02:00:00,165.8,hydro,MW,nem,NSW1
2017-10-12 02:05:00,166.1,hydro,MW,nem,NSW1
2017-10-12 02:10:00,165.5,hydro,MW,nem,NSW1
2017-10-12 02:15:00,165.9,hydro,MW,nem,NSW1
2017-10-12 02:20:00,165.0,hydro,MW,nem,NSW1
2017-10-12 02:25:00,165.0,hydro,MW,nem,NSW1
2017-10-12 02:30:00,165.7,hydro,MW,nem,NSW1
2017-10-12 02:35:00,165.8,hydro,MW,nem,NSW1
2017-10-12 02:40:00,166.1,hydro,MW,nem,NSW1
2017-10-12 02:45:00,165.7,hydro,MW,nem,NSW1
2017-10-12 02:50:00,165.7,hydro,MW,nem,NSW1
2017-10-12 02:55:00,165.5,hydro,MW,nem,NSW1
2017-10-12 03:00:00,165.7,hydro,MW,nem,NSW1
2017-10-12 03:05:00,166.1,hydro,MW,nem,NSW1
2017-10-12 03:10:00,165.2,hydro,MW,nem,NSW1
2017-10-12 03:15:00,166.1,hydro,MW,nem,NSW1
2017-10-12 03:20:00,164.5,hydro,MW,nem,NSW1
2017-10-12 03:25:00,165.5,hydro,MW,nem,NSW1
2017-10-12 03:30:00,165.1,hydro,MW,nem,NSW1
2017-10-12 03:35:00,165.6,hydro,MW,nem,NSW1
2017-10-12 03:40:00,165.8,hydro,MW,nem,NSW1
2017-10-12 03:45:00,166.4,hydro,MW,nem,NSW1
2017-10-12 03:50:00,166.4,hydro,MW,nem,NSW1
2017-10-12 03:55:00,165.2,hydro,MW,nem,NSW1
2017-10-12 04:00:00,165.1,hydro,MW,nem,NSW1
2017-10-12 04:05:00,165.4,hydro,MW,nem,NSW1
2017-10-12 04:10:00,165.7,hydro,MW,nem,NSW1
2017-10-12 04:15:00,166.3,hydro,MW,nem,NSW1
2017-10-12 04:20:00,165.6,hydro,MW,nem,NSW1
2017-10-12 04:25:00,166.0,hydro,MW,nem,NSW1
2017-10-12 04:30:00,165.5,hydro,MW,nem,NSW1
2017-10-12 04:35:00,165.6,hydro,MW,nem,NSW1
2017-10-12 04:40:00,165.9,hydro,MW,nem,NSW1
2017-10-12 04:45:00,165.3,hydro,MW,nem,NSW1
2017-10-12 04:50:00,165.1,hydro,MW,nem,NSW1
2017-10-12 04:55:00,165.2,hydro,MW,nem,NSW1
2017-10-12 05:00:00,165.7,hydro,MW,nem,NSW1
2017-10-12 05:05:00,165.6,hydro,MW,nem,NSW1
2017-10-12 05:10:00,166.4,hydro,MW,nem,NSW1
2017-10-12 05:15:00,165.4,hydro,MW,nem,NSW1
2017-10-12 05:20:00,165.8,hydro,MW,nem,NSW1
2017-10-12 05:25:00,165.5,hydro,MW,nem,NSW1
2017-10-12 05:30:00,165.6,hydro,MW,nem,NSW1
2017-10-12 05:35:00,165.0,hydro,MW,nem,NSW1
2017-10-12 05:40:00,166.0,hydro,MW,nem,NSW1
2017-10-12 05:45:00,165.9,hydro,MW,nem,NSW1
2017-10-12 05:50:00,166.1,hydro,MW,nem,NSW1
2017-10-12 05:55:00,165.8,hydro,MW,nem,NSW1
2017-10-12 06:00:00,132.5,hydro,MW,nem,NSW1
2017-10-12 06:05:00,132.1,hydro,MW,nem,NSW1
2017-10-12 06:10:00,132.5,hydro,MW,nem,NSW1
2017-10-12 06:15:00,132.6,hydro,MW,nem,NSW1
2017-10-12 06:20:00,131.9,hydro,MW,nem,NSW1
2017-10-12 06:25:00,131.9,hydro,MW,nem,NSW1
2017-10-12 06:30:00,132.3,hydro,MW,nem,NSW1
2017-10-12 06:35:00,132.2,hydro,MW,nem,NSW1
2017-10-12 06:40:00,132.1,hydro,MW,nem,NSW1
2017-10-12 06:45:00,132.5,hydro,MW,nem,NSW1
2017-10-12 06:50:00,132.1,hydro,MW,nem,NSW1
2017-10-12 06:55:00,132.0,hydro,MW,nem,NSW1
2017-10-12 07:00:00,132.4,hydro,MW,nem,NSW1
2017-10-12 07:05:00,131.8,hydro,MW,nem,NSW1
2017-10-12 07:10:00,132.4,hydro,MW,nem,NSW1
2017-10-12 07:15:00,132.0,hydro,MW,nem,NSW1
2017-10-12 07:20:00,132.3,hydro,MW,nem,NSW1
2017-10-12 07:25:00,132.6,hydro,MW,nem,NSW1
2017-10-12 07:30:00,131.7,hydro,MW,nem,NSW1
2017-10-12 07:35:00,131.9,hydro,MW,nem,NSW1
2017-10-12 07:40:00,132.5,hydro,MW,nem,NSW1
2017-10-12 07:45:00,140.9,hydro,MW,nem,NSW1
2017-10-12 07:50:00,151.2,hydro,MW,nem,NSW1
2017-10-12 07:55:00,159.4,hydro,MW,nem,NSW1
2017-10-12 08:00:00,133.3,hydro,MW,nem,NSW1
2017-10-12 08:05:00,132.7,hydro,MW,nem,NSW1
2017-10-12 08:10:00,132.9,hydro,MW,nem,NSW1
2017-10-12 08:15:00,132.6,hydro,MW,nem,NSW1
2017-10-12 08:20:00,132.1,hydro,MW,nem,NSW1
2017-10-12 08:25:00,132.8,hydro,MW,nem,NSW1
2017-10-12 08:30:00,132.9,hydro,MW,nem,NSW1
2017-10-12 08:35:00,132.8,hydro,MW,nem,NSW1
2017-10-12 08:40:00,132.5,hydro,MW,nem,NSW1
2017-10-12 08:45:00,132.6,hydro,MW,nem,NSW1
2017-10-12 08:50:00,133.3,hydro,MW,nem,NSW1
2017-10-12 08:55:00,133.0,hydro,MW,nem,NSW1
2017-10-12 09:00:00,132.8,hydro,MW,nem,NSW1
2017-10-12 09:05:00,132.6,hydro,MW,nem,NSW1
2017-10-12 09:10:00,133.0,hydro,MW,nem,NSW1
2017-10-12 09:15:00,132.9,hydro,MW,nem,NSW1
2017-10-12 09:20:00,132.5,hydro,MW,nem,NSW1
2017-10-12 09:25:00,132.6,hydro,MW,nem,NSW1
2017-10-12 09:30:00,133.0,hydro,MW,nem,NSW1
2017-10-12 09:35:00,132.9,hydro,MW,nem,NSW1
2017-10-12 09:40:00,132.5,hydro,MW,nem,NSW1
2017-10-12 09:45:00,132.7,hydro,MW,nem,NSW1
2017-10-12 09:50:00,132.6,hydro,MW,nem,NSW1
2017-10-12 09:55:00,132.8,hydro,MW,nem,NSW1
2017-10-12 10:00:00,132.9,hydro,MW,nem,NSW1
2017-10-12 10:05:00,132.7,hydro,MW,nem,NSW1
2017-10-12 10:10:00,132.7,hydro,MW,nem,NSW1
2017-10-12 10:15:00,132.7,hydro,MW,nem,NSW1
2017-10-12 10:20:00,132.7,hydro,MW,nem,NSW1
2017-10-12 10:25:00,132.4,hydro,MW,nem,NSW1
2017-10-12 10:30:00,132.3,hydro,MW,nem,NSW1
2017-10-12 10:35:00,132.9,hydro,MW,nem,NSW1
2017-10-12 10:40:00,133.0,hydro,MW,nem,NSW1
2017-10-12 10:45:00,132.8,hydro,MW,nem,NSW1
2017-10-12 10:50:00,132.4,hydro,MW,nem,NSW1
2017-10-12 10:55:00,132.8,hydro,MW,nem,NSW1
2017-10-12 11:00:00,132.6,hydro,MW,nem,NSW1
2017-10-12 11:05:00,132.7,hydro,MW,nem,NSW1
2017-10-12 11:10:00,133.0,hydro,MW,nem,NSW1
2017-10-12 11:15:00,132.0,hydro,MW,nem,NSW1
2017-10-12 11:20:00,132.3,hydro,MW,nem,NSW1
2017-10-12 11:25:00,132.8,hydro,MW,nem,NSW1
2017-10-12 11:30:00,132.8,hydro,MW,nem,NSW1
2017-10-12 11:35:00,132.8,hydro,MW,nem,NSW1
2017-10-12 11:40:00,127.9,hydro,MW,nem,NSW1
2017-10-12 11:45:00,128.2,hydro,MW,nem,NSW1
2017-10-12 11:50:00,128.3,hydro,MW,nem,NSW1
2017-10-12 11:55:00,129.0,hydro,MW,nem,NSW1
2017-10-12 12:00:00,128.2,hydro,MW,nem,NSW1
2017-10-12 12:05:00,128.0,hydro,MW,nem,NSW1
2017-10-12 12:10:00,128.0,hydro,MW,nem,NSW1
2017-10-12 12:15:00,128.5,hydro,MW,nem,NSW1
2017-10-12 12:20:00,128.8,hydro,MW,nem,NSW1
2017-10-12 12:25:00,128.8,hydro,MW,nem,NSW1
2017-10-12 12:30:00,128.3,hydro,MW,nem,NSW1
2017-10-12 12:35:00,128.4,hydro,MW,nem,NSW1
2017-10-12 12:40:00,128.3,hydro,MW,nem,NSW1
2017-10-12 12:45:00,124.3,hydro,MW,nem,NSW1
2017-10-12 12:50:00,123.2,hydro,MW,nem,NSW1
2017-10-12 12:55:00,124.0,hydro,MW,nem,NSW1
2017-10-12 13:00:00,124.0,hydro,MW,nem,NSW1
2017-10-12 13:05:00,123.9,hydro,MW,nem,NSW1
2017-10-12 13:10:00,124.4,hydro,MW,nem,NSW1
2017-10-12 13:15:00,123.4,hydro,MW,nem,NSW1
2017-10-12 13:20:00,123.3,hydro,MW,nem,NSW1
2017-10-12 13:25:00,123.1,hydro,MW,nem,NSW1
2017-10-12 13:30:00,115.4,hydro,MW,nem,NSW1
2017-10-12 13:35:00,115.8,hydro,MW,nem,NSW1
2017-10-12 13:40:00,110.6,hydro,MW,nem,NSW1
2017-10-12 13:45:00,110.9,hydro,MW,nem,NSW1
2017-10-12 13:50:00,110.8,hydro,MW,nem,NSW1
2017-10-12 13:55:00,111.3,hydro,MW,nem,NSW1
2017-10-12 14:00:00,111.1,hydro,MW,nem,NSW1
2017-10-12 14:05:00,111.7,hydro,MW,nem,NSW1
2017-10-12 14:10:00,110.9,hydro,MW,nem,NSW1
2017-10-12 14:15:00,111.0,hydro,MW,nem,NSW1
2017-10-12 14:20:00,111.2,hydro,MW,nem,NSW1
2017-10-12 14:25:00,111.0,hydro,MW,nem,NSW1
2017-10-12 14:30:00,110.6,hydro,MW,nem,NSW1
2017-10-12 14:35:00,110.9,hydro,MW,nem,NSW1
2017-10-12 14:40:00,111.1,hydro,MW,nem,NSW1
2017-10-12 14:45:00,111.1,hydro,MW,nem,NSW1
2017-10-12 14:50:00,111.2,hydro,MW,nem,NSW1
2017-10-12 14:55:00,111.8,hydro,MW,nem,NSW1
2017-10-12 15:00:00,111.2,hydro,MW,nem,NSW1
2017-10-12 15:05:00,111.5,hydro,MW,nem,NSW1
2017-10-12 15:10:00,110.7,hydro,MW,nem,NSW1
2017-10-12 15:15:00,111.7,hydro,MW,nem,NSW1
2017-10-12 15:20:00,122.3,hydro,MW,nem,NSW1
2017-10-12 15:25:00,132.7,hydro,MW,nem,NSW1
2017-10-12 15:30:00,141.8,hydro,MW,nem,NSW1
2017-10-12 15:35:00,143.7,hydro,MW,nem,NSW1
2017-10-12 15:40:00,144.8,hydro,MW,nem,NSW1
2017-10-12 15:45:00,143.6,hydro,MW,nem,NSW1
2017-10-12 15:50:00,144.2,hydro,MW,nem,NSW1
2017-10-12 15:55:00,144.6,hydro,MW,nem,NSW1
2017-10-12 16:00:00,144.4,hydro,MW,nem,NSW1
2017-10-12 16:05:00,143.1,hydro,MW,nem,NSW1
2017-10-12 16:10:00,144.1,hydro,MW,nem,NSW1
2017-10-12 16:15:00,143.7,hydro,MW,nem,NSW1
2017-10-12 16:20:00,144.2,hydro,MW,nem,NSW1
2017-10-12 16:25:00,142.7,hydro,MW,nem,NSW1
2017-10-12 16:30:00,143.2,hydro,MW,nem,NSW1
2017-10-12 16:35:00,144.1,hydro,MW,nem,NSW1
2017-10-12 16:40:00,143.9,hydro,MW,nem,NSW1
2017-10-12 16:45:00,143.0,hydro,MW,nem,NSW1
2017-10-12 16:50:00,143.4,hydro,MW,nem,NSW1
2017-10-12 16:55:00,144.4,hydro,MW,nem,NSW1
2017-10-12 17:00:00,144.0,hydro,MW,nem,NSW1
2017-10-12 17:05:00,143.3,hydro,MW,nem,NSW1
2017-10-12 17:10:00,144.6,hydro,MW,nem,NSW1
2017-10-12 17:15:00,143.0,hydro,MW,nem,NSW1
2017-10-12 17:20:00,144.4,hydro,MW,nem,NSW1
2017-10-12 17:25:00,143.6,hydro,MW,nem,NSW1
2017-10-12 17:30:00,144.4,hydro,MW,nem,NSW1
2017-10-12 17:35:00,143.9,hydro,MW,nem,NSW1
2017-10-12 17:40:00,144.4,hydro,MW,nem,NSW1
2017-10-12 17:45:00,144.2,hydro,MW,nem,NSW1
2017-10-12 17:50:00,143.0,hydro,MW,nem,NSW1
2017-10-12 17:55:00,144.5,hydro,MW,nem,NSW1
2017-10-12 18:00:00,144.2,hydro,MW,nem,NSW1
2017-10-12 18:05:00,142.6,hydro,MW,nem,NSW1
2017-10-12 18:10:00,143.6,hydro,MW,nem,NSW1
2017-10-12 18:15:00,143.8,hydro,MW,nem,NSW1
2017-10-12 18:20:00,144.5,hydro,MW,nem,NSW1
2017-10-12 18:25:00,159.6,hydro,MW,nem,NSW1
2017-10-12 18:30:00,143.1,hydro,MW,nem,NSW1
2017-10-12 18:35:00,143.1,hydro,MW,nem,NSW1
2017-10-12 18:40:00,143.9,hydro,MW,nem,NSW1
2017-10-12 18:45:00,143.3,hydro,MW,nem,NSW1
2017-10-12 18:50:00,143.9,hydro,MW,nem,NSW1
2017-10-12 18:55:00,142.8,hydro,MW,nem,NSW1
2017-10-12 19:00:00,143.9,hydro,MW,nem,NSW1
2017-10-12 19:05:00,144.0,hydro,MW,nem,NSW1
2017-10-12 19:10:00,143.3,hydro,MW,nem,NSW1
2017-10-12 19:15:00,143.3,hydro,MW,nem,NSW1
2017-10-12 19:20:00,144.7,hydro,MW,nem,NSW1
2017-10-12 19:25:00,144.3,hydro,MW,nem,NSW1
2017-10-12 19:30:00,143.3,hydro,MW,nem,NSW1
2017-10-12 19:35:00,144.0,hydro,MW,nem,NSW1
2017-10-12 19:40:00,143.4,hydro,MW,nem,NSW1
2017-10-12 19:45:00,144.0,hydro,MW,nem,NSW1
2017-10-12 19:50:00,144.0,hydro,MW,nem,NSW1
2017-10-12 19:55:00,144.3,hydro,MW,nem,NSW1
2017-10-12 20:00:00,143.1,hydro,MW,nem,NSW1
2017-10-12 20:05:00,143.5,hydro,MW,nem,NSW1
2017-10-12 20:10:00,143.1,hydro,MW,nem,NSW1
2017-10-12 20:15:00,143.3,hydro,MW,nem,NSW1
2017-10-12 20:20:00,142.8,hydro,MW,nem,NSW1
2017-10-12 20:25:00,143.3,hydro,MW,nem,NSW1
2017-10-12 20:30:00,143.9,hydro,MW,nem,NSW1
2017-10-12 20:35:00,144.0,hydro,MW,nem,NSW1
2017-10-12 20:40:00,144.0,hydro,MW,nem,NSW1
2017-10-12 20:45:00,144.2,hydro,MW,nem,NSW1
2017-10-12 20:50:00,144.1,hydro,MW,nem,NSW1
2017-10-12 20:55:00,144.0,hydro,MW,nem,NSW1
2017-10-12 21:00:00,144.6,hydro,MW,nem,NSW1
2017-10-12 21:05:00,143.6,hydro,MW,nem,NSW1
2017-10-12 21:10:00,144.1,hydro,MW,nem,NSW1
2017-10-12 21:15:00,143.9,hydro,MW,nem,NSW1
2017-10-12 21:20:00,143.2,hydro,MW,nem,NSW1
2017-10-12 21:25:00,144.1,hydro,MW,nem,NSW1
2017-10-12 21:30:00,144.5,hydro,MW,nem,NSW1
2017-10-12 21:35:00,144.2,hydro,MW,nem,NSW1
2017-10-12 21:40:00,144.1,hydro,MW,nem,NSW1
2017-10-12 21:45:00,143.6,hydro,MW,nem,NSW1
2017-10-12 21:50:00,144.2,hydro,MW,nem,NSW1
2017-10-12 21:55:00,143.7,hydro,MW,nem,NSW1
2017-10-12 22:00:00,142.9,hydro,MW,nem,NSW1
2017-10-12 22:05:00,143.3,hydro,MW,nem,NSW1
2017-10-12 22:10:00,143.4,hydro,MW,nem,NSW1
2017-10-12 22:15:00,142.5,hydro,MW,nem,NSW1
2017-10-12 22:20:00,143.8,hydro,MW,nem,NSW1
2017-10-12 22:25:00,144.0,hydro,MW,nem,NSW1
2017-10-12 22:30:00,143.3,hydro,MW,nem,NSW1
2017-10-12 22:35:00,143.2,hydro,MW,nem,NSW1
2017-10-12 22:40:00,143.5,hydro,MW,nem,NSW1
2017-10-12 22:45:00,144.5,hydro,MW,nem,NSW1
2017-10-12 22:50:00,144.4,hydro,MW,nem,NSW1
2017-10-12 22:55:00,142.7,hydro,MW,nem,NSW1
2017-10-12 23:00:00,143.9,hydro,MW,nem,NSW1
2017-10-12 23:05:00,143.5,hydro,MW,nem,NSW1
2017-10-12 23:10:00,143.2,hydro,MW,nem,NSW1
2017-10-12 23:15:00,143.7,hydro,MW,nem,NSW1
2017-10-12 23:20:00,143.3,hydro,MW,nem,NSW1
2017-10-12 23:25:00,143.8,hydro,MW,nem,NSW1
2017-10-12 23:30:00,144.3,hydro,MW,nem,NSW1
2017-10-12 23:35:00,143.0,hydro,MW,nem,NSW1
2017-10-12 23:40:00,143.9,hydro,MW,nem,NSW1
2017-10-12 23:45:00,143.5,hydro,MW,nem,NSW1
2017-10-12 23:50:00,142.6,hydro,MW,nem,NSW1
2017-10-12 23:55:00,144.7,hydro,MW,nem,NSW1
2017-10-13 00:00:00,143.1,hydro,MW,nem,NSW1
2017-10-13 00:05:00,142.8,hydro,MW,nem,NSW1
2017-10-13 00:10:00,144.5,hydro,MW,nem,NSW1
2017-10-13 00:15:00,143.0,hydro,MW,nem,NSW1
2017-10-13 00:20:00,143.4,hydro,MW,nem,NSW1
2017-10-13 00:25:00,143.6,hydro,MW,nem,NSW1
2017-10-13 00:30:00,143.5,hydro,MW,nem,NSW1
2017-10-13 00:35:00,143.3,hydro,MW,nem,NSW1
2017-10-13 00:40:00,144.2,hydro,MW,nem,NSW1
2017-10-13 00:45:00,143.5,hydro,MW,nem,NSW1
2017-10-13 00:50:00,144.1,hydro,MW,nem,NSW1
2017-10-13 00:55:00,144.3,hydro,MW,nem,NSW1
2017-10-13 01:00:00,143.0,hydro,MW,nem,NSW1
2017-10-13 01:05:00,144.3,hydro,MW,nem,NSW1
2017-10-13 01:10:00,144.0,hydro,MW,nem,NSW1
2017-10-13 01:15:00,143.6,hydro,MW,nem,NSW1
2017-10-13 01:20:00,144.2,hydro,MW,nem,NSW1
2017-10-13 01:25:00,143.8,hydro,MW,nem,NSW1
2017-10-13 01:30:00,144.4,hydro,MW,nem,NSW1
2017-10-13 01:35:00,144.1,hydro,MW,nem,NSW1
2017-10-13 01:40:00,143.5,hydro,MW,nem,NSW1
2017-10-13 01:45:00,144.4,hydro,MW,nem,NSW1
2017-10-13 01:50:00,143.3,hydro,MW,nem,NSW1
2017-10-13 01:55:00,144.2,hydro,MW,nem,NSW1
2017-10-13 02:00:00,144.0,hydro,MW,nem,NSW1
2017-10-13 02:05:00,143.1,hydro,MW,nem,NSW1
2017-10-13 02:10:00,143.6,hydro,MW,nem,NSW1
2017-10-13 02:15:00,143.4,hydro,MW,nem,NSW1
2017-10-13 02:20:00,143.8,hydro,MW,nem,NSW1
2017-10-13 02:25:00,143.3,hydro,MW,nem,NSW1
2017-10-13 02:30:00,143.3,hydro,MW,nem,NSW1
2017-10-13 02:35:00,144.3,hydro,MW,nem,NSW1
2017-10-13 02:40:00,143.9,hydro,MW,nem,NSW1
2017-10-13 02:45:00,144.2,hydro,MW,nem,NSW1
2017-10-13 02:50:00,143.9,hydro,MW,nem,NSW1
2017-10-13 02:55:00,144.5,hydro,MW,nem,NSW1
2017-10-13 03:00:00,143.9,hydro,MW,nem,NSW1
2017-10-13 03:05:00,144.6,hydro,MW,nem,NSW1
2017-10-13 03:10:00,143.9,hydro,MW,nem,NSW1
2017-10-13 03:15:00,143.5,hydro,MW,nem,NSW1
2017-10-13 03:20:00,144.6,hydro,MW,nem,NSW1
2017-10-13 03:25:00,143.7,hydro,MW,nem,NSW1
2017-10-13 03:30:00,143.9,hydro,MW,nem,NSW1
2017-10-13 03:35:00,144.5,hydro,MW,nem,NSW1
2017-10-13 03:40:00,143.4,hydro,MW,nem,NSW1
2017-10-13 03:45:00,143.8,hydro,MW,nem,NSW1
2017-10-13 03:50:00,144.3,hydro,MW,nem,NSW1
2017-10-13 03:55:00,144.0,hydro,MW,nem,NSW1
2017-10-13 04:00:00,144.2,hydro,MW,nem,NSW1
2017-10-13 04:05:00,144.2,hydro,MW,nem,NSW1
2017-10-13 04:10:00,143.8,hydro,MW,nem,NSW1
2017-10-13 04:15:00,144.1,hydro,MW,nem,NSW1
2017-10-13 04:20:00,143.4,hydro,MW,nem,NSW1
2017-10-13 04:25:00,143.9,hydro,MW,nem,NSW1
2017-10-13 04:30:00,144.2,hydro,MW,nem,NSW1
2017-10-13 04:35:00,143.6,hydro,MW,nem,NSW1
2017-10-13 04:40:00,144.4,hydro,MW,nem,NSW1
2017-10-13 04:45:00,143.7,hydro,MW,nem,NSW1
2017-10-13 04:50:00,143.6,hydro,MW,nem,NSW1
2017-10-13 04:55:00,143.9,hydro,MW,nem,NSW1
2017-10-13 05:00:00,144.5,hydro,MW,nem,NSW1
2017-10-13 05:05:00,143.4,hydro,MW,nem,NSW1
2017-10-13 05:10:00,144.4,hydro,MW,nem,NSW1
2017-10-13 05:15:00,143.9,hydro,MW,nem,NSW1
2017-10-13 05:20:00,144.2,hydro,MW,nem,NSW1
2017-10-13 05:25:00,144.1,hydro,MW,nem,NSW1
2017-10-13 05:30:00,143.2,hydro,MW,nem,NSW1
2017-10-13 05:35:00,143.7,hydro,MW,nem,NSW1
2017-10-13 05:40:00,144.1,hydro,MW,nem,NSW1
2017-10-13 05:45:00,144.2,hydro,MW,nem,NSW1
2017-10-13 05:50:00,143.9,hydro,MW,nem,NSW1
2017-10-13 05:55:00,144.0,hydro,MW,nem,NSW1
2017-10-13 06:00:00,143.0,hydro,MW,nem,NSW1
2017-10-13 06:05:00,144.0,hydro,MW,nem,NSW1
2017-10-13 06:10:00,144.0,hydro,MW,nem,NSW1
2017-10-13 06:15:00,143.8,hydro,MW,nem,NSW1
2017-10-13 06:20:00,143.7,hydro,MW,nem,NSW1
2017-10-13 06:25:00,142.4,hydro,MW,nem,NSW1
2017-10-13 06:30:00,143.8,hydro,MW,nem,NSW1
2017-10-13 06:35:00,143.6,hydro,MW,nem,NSW1
2017-10-13 06:40:00,142.2,hydro,MW,nem,NSW1
2017-10-13 06:45:00,144.1,hydro,MW,nem,NSW1
2017-10-13 06:50:00,144.1,hydro,MW,nem,NSW1
2017-10-13 06:55:00,143.6,hydro,MW,nem,NSW1
2017-10-13 07:00:00,144.3,hydro,MW,nem,NSW1
2017-10-13 07:05:00,144.2,hydro,MW,nem,NSW1
2017-10-13 07:10:00,282.7,hydro,MW,nem,NSW1
2017-10-13 07:15:00,278.1,hydro,MW,nem,NSW1
2017-10-13 07:20:00,281.4,hydro,MW,nem,NSW1
2017-10-13 07:25:00,281.8,hydro,MW,nem,NSW1
2017-10-13 07:30:00,271.2,hydro,MW,nem,NSW1
2017-10-13 07:35:00,279.9,hydro,MW,nem,NSW1
2017-10-13 07:40:00,276.1,hydro,MW,nem,NSW1
2017-10-13 07:45:00,283.9,hydro,MW,nem,NSW1
2017-10-13 07:50:00,290.4,hydro,MW,nem,NSW1
2017-10-13 07:55:00,290.5,hydro,MW,nem,NSW1
2017-10-13 08:00:00,275.7,hydro,MW,nem,NSW1
2017-10-13 08:05:00,276.8,hydro,MW,nem,NSW1
2017-10-13 08:10:00,302.6,hydro,MW,nem,NSW1
2017-10-13 08:15:00,308.6,hydro,MW,nem,NSW1
2017-10-13 08:20:00,280.5,hydro,MW,nem,NSW1
2017-10-13 08:25:00,279.8,hydro,MW,nem,NSW1
2017-10-13 08:30:00,298.7,hydro,MW,nem,NSW1
2017-10-13 08:35:00,297.1,hydro,MW,nem,NSW1
2017-10-13 08:40:00,295.4,hydro,MW,nem,NSW1
2017-10-13 08:45:00,289.0,hydro,MW,nem,NSW1
2017-10-13 08:50:00,292.0,hydro,MW,nem,NSW1
2017-10-13 08:55:00,290.8,hydro,MW,nem,NSW1
2017-10-13 09:00:00,299.0,hydro,MW,nem,NSW1
2017-10-13 09:05:00,296.3,hydro,MW,nem,NSW1
2017-10-13 09:10:00,298.4,hydro,MW,nem,NSW1
2017-10-13 09:15:00,297.6,hydro,MW,nem,NSW1
2017-10-13 09:20:00,292.1,hydro,MW,nem,NSW1
2017-10-13 09:25:00,289.5,hydro,MW,nem,NSW1
2017-10-13 09:30:00,302.9,hydro,MW,nem,NSW1
2017-10-13 09:35:00,300.1,hydro,MW,nem,NSW1
2017-10-13 09:40:00,296.9,hydro,MW,nem,NSW1
2017-10-13 09:45:00,296.1,hydro,MW,nem,NSW1
2017-10-13 09:50:00,302.9,hydro,MW,nem,NSW1
2017-10-13 09:55:00,301.2,hydro,MW,nem,NSW1
2017-10-13 10:00:00,285.7,hydro,MW,nem,NSW1
2017-10-13 10:05:00,303.4,hydro,MW,nem,NSW1
2017-10-13 10:10:00,307.4,hydro,MW,nem,NSW1
2017-10-13 10:15:00,303.9,hydro,MW,nem,NSW1
2017-10-13 10:20:00,307.4,hydro,MW,nem,NSW1
2017-10-13 10:25:00,304.9,hydro,MW,nem,NSW1
2017-10-13 10:30:00,307.3,hydro,MW,nem,NSW1
2017-10-13 10:35:00,296.4,hydro,MW,nem,NSW1
2017-10-13 10:40:00,408.8,hydro,MW,nem,NSW1
2017-10-13 10:45:00,522.9,hydro,MW,nem,NSW1
2017-10-13 10:50:00,614.7,hydro,MW,nem,NSW1
2017-10-13 10:55:00,691.9,hydro,MW,nem,NSW1
2017-10-13 11:00:00,705.4,hydro,MW,nem,NSW1
2017-10-13 11:05:00,720.0,hydro,MW,nem,NSW1
2017-10-13 11:10:00,704.3,hydro,MW,nem,NSW1
2017-10-13 11:15:00,725.9,hydro,MW,nem,NSW1
2017-10-13 11:20:00,699.5,hydro,MW,nem,NSW1
2017-10-13 11:25:00,699.2,hydro,MW,nem,NSW1
2017-10-13 11:30:00,712.5,hydro,MW,nem,NSW1
2017-10-13 11:35:00,707.9,hydro,MW,nem,NSW1
2017-10-13 11:40:00,714.3,hydro,MW,nem,NSW1
2017-10-13 11:45:00,715.0,hydro,MW,nem,NSW1
2017-10-13 11:50:00,700.7,hydro,MW,nem,NSW1
2017-10-13 11:55:00,711.6,hydro,MW,nem,NSW1
2017-10-13 12:00:00,714.8,hydro,MW,nem,NSW1
2017-10-13 12:05:00,700.1,hydro,MW,nem,NSW1
2017-10-13 12:10:00,682.3,hydro,MW,nem,NSW1
2017-10-13 12:15:00,710.2,hydro,MW,nem,NSW1
2017-10-13 12:20:00,724.1,hydro,MW,nem,NSW1
2017-10-13 12:25:00,704.8,hydro,MW,nem,NSW1
2017-10-13 12:30:00,711.1,hydro,MW,nem,NSW1
2017-10-13 12:35:00,702.8,hydro,MW,nem,NSW1
2017-10-13 12:40:00,680.9,hydro,MW,nem,NSW1
2017-10-13 12:45:00,713.5,hydro,MW,nem,NSW1
2017-10-13 12:50:00,709.6,hydro,MW,nem,NSW1
2017-10-13 12:55:00,707.0,hydro,MW,nem,NSW1
2017-10-13 13:00:00,700.6,hydro,MW,nem,NSW1
2017-10-13 13:05:00,701.5,hydro,MW,nem,NSW1
2017-10-13 13:10:00,702.2,hydro,MW,nem,NSW1
2017-10-13 13:15:00,700.7,hydro,MW,nem,NSW1
2017-10-13 13:20:00,726.8,hydro,MW,nem,NSW1
2017-10-13 13:25:00,715.4,hydro,MW,nem,NSW1
2017-10-13 13:30:00,708.6,hydro,MW,nem,NSW1
2017-10-13 13:35:00,705.6,hydro,MW,nem,NSW1
2017-10-13 13:40:00,605.2,hydro,MW,nem,NSW1
2017-10-13 13:45:00,505.7,hydro,MW,nem,NSW1
2017-10-13 13:50:00,413.5,hydro,MW,nem,NSW1
2017-10-13 13:55:00,323.1,hydro,MW,nem,NSW1
2017-10-13 14:00:00,238.1,hydro,MW,nem,NSW1
2017-10-13 14:05:00,144.8,hydro,MW,nem,NSW1
2017-10-13 14:10:00,145.2,hydro,MW,nem,NSW1
2017-10-13 14:15:00,145.4,hydro,MW,nem,NSW1
2017-10-13 14:20:00,145.1,hydro,MW,nem,NSW1
2017-10-13 14:25:00,146.0,hydro,MW,nem,NSW1
2017-10-13 14:30:00,145.9,hydro,MW,nem,NSW1
2017-10-13 14:35:00,144.4,hydro,MW,nem,NSW1
2017-10-13 14:40:00,145.6,hydro,MW,nem,NSW1
2017-10-13 14:45:00,146.0,hydro,MW,nem,NSW1
2017-10-13 14:50:00,146.0,hydro,MW,nem,NSW1
2017-10-13 14:55:00,143.8,hydro,MW,nem,NSW1
2017-10-13 15:00:00,144.7,hydro,MW,nem,NSW1
2017-10-13 15:05:00,145.8,hydro,MW,nem,NSW1
2017-10-13 15:10:00,144.8,hydro,MW,nem,NSW1
2017-10-13 15:15:00,145.0,hydro,MW,nem,NSW1
2017-10-13 15:20:00,146.3,hydro,MW,nem,NSW1
2017-10-13 15:25:00,146.0,hydro,MW,nem,NSW1
2017-10-13 15:30:00,146.4,hydro,MW,nem,NSW1
2017-10-13 15:35:00,146.0,hydro,MW,nem,NSW1
2017-10-13 15:40:00,144.8,hydro,MW,nem,NSW1
2017-10-13 15:45:00,145.4,hydro,MW,nem,NSW1
2017-10-13 15:50:00,145.1,hydro,MW,nem,NSW1
2017-10-13 15:55:00,146.1,hydro,MW,nem,NSW1
2017-10-13 16:00:00,145.9,hydro,MW,nem,NSW1
2017-10-13 16:05:00,145.6,hydro,MW,nem,NSW1
2017-10-13 16:10:00,145.1,hydro,MW,nem,NSW1
2017-10-13 16:15:00,146.0,hydro,MW,nem,NSW1
2017-10-13 16:20:00,145.9,hydro,MW,nem,NSW1
2017-10-13 16:25:00,145.8,hydro,MW,nem,NSW1
2017-10-13 16:30:00,145.6,hydro,MW,nem,NSW1
2017-10-13 16:35:00,145.2,hydro,MW,nem,NSW1
2017-10-13 16:40:00,145.9,hydro,MW,nem,NSW1
2017-10-13 16:45:00,146.2,hydro,MW,nem,NSW1
2017-10-13 16:50:00,145.2,hydro,MW,nem,NSW1
2017-10-13 16:55:00,145.7,hydro,MW,nem,NSW1
2017-10-13 17:00:00,145.2,hydro,MW,nem,NSW1
2017-10-13 17:05:00,145.4,hydro,MW,nem,NSW1
2017-10-13 17:10:00,145.3,hydro,MW,nem,NSW1
2017-10-13 17:15:00,145.8,hydro,MW,nem,NSW1
2017-10-13 17:20:00,144.3,hydro,MW,nem,NSW1
2017-10-13 17:25:00,145.4,hydro,MW,nem,NSW1
2017-10-13 17:30:00,144.8,hydro,MW,nem,NSW1
2017-10-13 17:35:00,145.6,hydro,MW,nem,NSW1
2017-10-13 17:40:00,145.6,hydro,MW,nem,NSW1
2017-10-13 17:45:00,145.1,hydro,MW,nem,NSW1
2017-10-13 17:50:00,145.2,hydro,MW,nem,NSW1
2017-10-13 17:55:00,145.9,hydro,MW,nem,NSW1
2017-10-13 18:00:00,146.7,hydro,MW,nem,NSW1
2017-10-13 18:05:00,145.4,hydro,MW,nem,NSW1
2017-10-13 18:10:00,146.7,hydro,MW,nem,NSW1
2017-10-13 18:15:00,145.4,hydro,MW,nem,NSW1
2017-10-13 18:20:00,146.5,hydro,MW,nem,NSW1
2017-10-13 18:25:00,145.7,hydro,MW,nem,NSW1
2017-10-13 18:30:00,145.4,hydro,MW,nem,NSW1
2017-10-13 18:35:00,145.3,hydro,MW,nem,NSW1
2017-10-13 18:40:00,146.2,hydro,MW,nem,NSW1
2017-10-13 18:45:00,146.1,hydro,MW,nem,NSW1
2017-10-13 18:50:00,225.6,hydro,MW,nem,NSW1
2017-10-13 18:55:00,226.2,hydro,MW,nem,NSW1
2017-10-13 19:00:00,224.5,hydro,MW,nem,NSW1
2017-10-13 19:05:00,222.5,hydro,MW,nem,NSW1
2017-10-13 19:10:00,223.7,hydro,MW,nem,NSW1
2017-10-13 19:15:00,226.2,hydro,MW,nem,NSW1
2017-10-13 19:20:00,225.6,hydro,MW,nem,NSW1
2017-10-13 19:25:00,226.3,hydro,MW,nem,NSW1
2017-10-13 19:30:00,227.1,hydro,MW,nem,NSW1
2017-10-13 19:35:00,225.9,hydro,MW,nem,NSW1
2017-10-13 19:40:00,228.5,hydro,MW,nem,NSW1
2017-10-13 19:45:00,227.6,hydro,MW,nem,NSW1
2017-10-13 19:50:00,223.7,hydro,MW,nem,NSW1
2017-10-13 19:55:00,224.7,hydro,MW,nem,NSW1
2017-10-13 20:00:00,224.0,hydro,MW,nem,NSW1
2017-10-13 20:05:00,223.7,hydro,MW,nem,NSW1
2017-10-13 20:10:00,191.0,hydro,MW,nem,NSW1
2017-10-13 20:15:00,145.0,hydro,MW,nem,NSW1
2017-10-13 20:20:00,145.9,hydro,MW,nem,NSW1
2017-10-13 20:25:00,146.0,hydro,MW,nem,NSW1
2017-10-13 20:30:00,144.9,hydro,MW,nem,NSW1
2017-10-13 20:35:00,146.2,hydro,MW,nem,NSW1
2017-10-13 20:40:00,145.2,hydro,MW,nem,NSW1
2017-10-13 20:45:00,145.4,hydro,MW,nem,NSW1
2017-10-13 20:50:00,146.2,hydro,MW,nem,NSW1
2017-10-13 20:55:00,145.8,hydro,MW,nem,NSW1
2017-10-13 21:00:00,145.4,hydro,MW,nem,NSW1
2017-10-13 21:05:00,145.1,hydro,MW,nem,NSW1
2017-10-13 21:10:00,145.5,hydro,MW,nem,NSW1
2017-10-13 21:15:00,145.5,hydro,MW,nem,NSW1
2017-10-13 21:20:00,145.9,hydro,MW,nem,NSW1
2017-10-13 21:25:00,144.8,hydro,MW,nem,NSW1
2017-10-13 21:30:00,146.0,hydro,MW,nem,NSW1
2017-10-13 21:35:00,145.0,hydro,MW,nem,NSW1
2017-10-13 21:40:00,145.7,hydro,MW,nem,NSW1
2017-10-13 21:45:00,145.2,hydro,MW,nem,NSW1
2017-10-13 21:50:00,145.3,hydro,MW,nem,NSW1
2017-10-13 21:55:00,145.2,hydro,MW,nem,NSW1
2017-10-13 22:00:00,144.1,hydro,MW,nem,NSW1
2017-10-13 22:05:00,145.6,hydro,MW,nem,NSW1
2017-10-13 22:10:00,145.4,hydro,MW,nem,NSW1
2017-10-13 22:15:00,145.0,hydro,MW,nem,NSW1
2017-10-13 22:20:00,146.0,hydro,MW,nem,NSW1
2017-10-13 22:25:00,144.6,hydro,MW,nem,NSW1
2017-10-13 22:30:00,145.9,hydro,MW,nem,NSW1
2017-10-13 22:35:00,144.9,hydro,MW,nem,NSW1
2017-10-13 22:40:00,146.0,hydro,MW,nem,NSW1
2017-10-13 22:45:00,144.1,hydro,MW,nem,NSW1
2017-10-13 22:50:00,146.0,hydro,MW,nem,NSW1
2017-10-13 22:55:00,144.6,hydro,MW,nem,NSW1
2017-10-13 23:00:00,145.2,hydro,MW,nem,NSW1
2017-10-13 23:05:00,144.6,hydro,MW,nem,NSW1
2017-10-13 23:10:00,144.8,hydro,MW,nem,NSW1
2017-10-13 23:15:00,145.7,hydro,MW,nem,NSW1
2017-10-13 23:20:00,145.0,hydro,MW,nem,NSW1
2017-10-13 23:25:00,144.9,hydro,MW,nem,NSW1
2017-10-13 23:30:00,145.6,hydro,MW,nem,NSW1
2017-10-13 23:35:00,145.8,hydro,MW,nem,NSW1
2017-10-13 23:40:00,145.8,hydro,MW,nem,NSW1
2017-10-13 23:45:00,145.2,hydro,MW,nem,NSW1
2017-10-13 23:50:00,144.5,hydro,MW,nem,NSW1
2017-10-13 23:55:00,145.2,hydro,MW,nem,NSW1
2017-10-14 00:00:00,144.8,hydro,MW,nem,NSW1
2017-10-14 00:05:00,145.3,hydro,MW,nem,NSW1
2017-10-14 00:10:00,145.4,hydro,MW,nem,NSW1
2017-10-14 00:15:00,145.6,hydro,MW,nem,NSW1
2017-10-14 00:20:00,144.7,hydro,MW,nem,NSW1
2017-10-14 00:25:00,145.5,hydro,MW,nem,NSW1
2017-10-14 00:30:00,145.0,hydro,MW,nem,NSW1
2017-10-14 00:35:00,145.2,hydro,MW,nem,NSW1
2017-10-14 00:40:00,145.8,hydro,MW,nem,NSW1
2017-10-14 00:45:00,144.4,hydro,MW,nem,NSW1
2017-10-14 00:50:00,145.1,hydro,MW,nem,NSW1
2017-10-14 00:55:00,144.6,hydro,MW,nem,NSW1
2017-10-14 01:00:00,144.9,hydro,MW,nem,NSW1
2017-10-14 01:05:00,145.8,hydro,MW,nem,NSW1
2017-10-14 01:10:00,145.1,hydro,MW,nem,NSW1
2017-10-14 01:15:00,145.9,hydro,MW,nem,NSW1
2017-10-14 01:20:00,145.0,hydro,MW,nem,NSW1
2017-10-14 01:25:00,146.0,hydro,MW,nem,NSW1
2017-10-14 01:30:00,144.3,hydro,MW,nem,NSW1
2017-10-14 01:35:00,145.7,hydro,MW,nem,NSW1
2017-10-14 01:40:00,145.3,hydro,MW,nem,NSW1
2017-10-14 01:45:00,145.7,hydro,MW,nem,NSW1
2017-10-14 01:50:00,145.7,hydro,MW,nem,NSW1
2017-10-14 01:55:00,145.8,hydro,MW,nem,NSW1
2017-10-14 02:00:00,145.0,hydro,MW,nem,NSW1
2017-10-14 02:05:00,145.2,hydro,MW,nem,NSW1
2017-10-14 02:10:00,145.2,hydro,MW,nem,NSW1
2017-10-14 02:15:00,145.7,hydro,MW,nem,NSW1
2017-10-14 02:20:00,145.6,hydro,MW,nem,NSW1
2017-10-14 02:25:00,143.9,hydro,MW,nem,NSW1
2017-10-14 02:30:00,144.9,hydro,MW,nem,NSW1
2017-10-14 02:35:00,146.0,hydro,MW,nem,NSW1
2017-10-14 02:40:00,145.0,hydro,MW,nem,NSW1
2017-10-14 02:45:00,145.4,hydro,MW,nem,NSW1
2017-10-14 02:50:00,145.5,hydro,MW,nem,NSW1
2017-10-14 02:55:00,145.2,hydro,MW,nem,NSW1
2017-10-14 03:00:00,146.2,hydro,MW,nem,NSW1
2017-10-14 03:05:00,146.4,hydro,MW,nem,NSW1
2017-10-14 03:10:00,145.8,hydro,MW,nem,NSW1
2017-10-14 03:15:00,145.3,hydro,MW,nem,NSW1
2017-10-14 03:20:00,145.8,hydro,MW,nem,NSW1
2017-10-14 03:25:00,145.8,hydro,MW,nem,NSW1
2017-10-14 03:30:00,144.8,hydro,MW,nem,NSW1
2017-10-14 03:35:00,146.3,hydro,MW,nem,NSW1
2017-10-14 03:40:00,145.8,hydro,MW,nem,NSW1
2017-10-14 03:45:00,145.9,hydro,MW,nem,NSW1
2017-10-14 03:50:00,145.7,hydro,MW,nem,NSW1
2017-10-14 03:55:00,145.4,hydro,MW,nem,NSW1
2017-10-14 04:00:00,146.2,hydro,MW,nem,NSW1
2017-10-14 04:05:00,145.3,hydro,MW,nem,NSW1
2017-10-14 04:10:00,145.9,hydro,MW,nem,NSW1
2017-10-14 04:15:00,145.0,hydro,MW,nem,NSW1
2017-10-14 04:20:00,146.2,hydro,MW,nem,NSW1
2017-10-14 04:25:00,145.0,hydro,MW,nem,NSW1
2017-10-14 04:30:00,145.7,hydro,MW,nem,NSW1
2017-10-14 04:35:00,145.3,hydro,MW,nem,NSW1
2017-10-14 04:40:00,145.7,hydro,MW,nem,NSW1
2017-10-14 04:45:00,145.9,hydro,MW,nem,NSW1
2017-10-14 04:50:00,145.7,hydro,MW,nem,NSW1
2017-10-14 04:55:00,146.1,hydro,MW,nem,NSW1
2017-10-14 05:00:00,144.6,hydro,MW,nem,NSW1
2017-10-14 05:05:00,145.0,hydro,MW,nem,NSW1
2017-10-14 05:10:00,146.0,hydro,MW,nem,NSW1
2017-10-14 05:15:00,145.0,hydro,MW,nem,NSW1
2017-10-14 05:20:00,145.3,hydro,MW,nem,NSW1
2017-10-14 05:25:00,146.2,hydro,MW,nem,NSW1
2017-10-14 05:30:00,144.9,hydro,MW,nem,NSW1
2017-10-14 05:35:00,145.5,hydro,MW,nem,NSW1
2017-10-14 05:40:00,145.3,hydro,MW,nem,NSW1
2017-10-14 05:45:00,146.0,hydro,MW,nem,NSW1
2017-10-14 05:50:00,144.8,hydro,MW,nem,NSW1
2017-10-14 05:55:00,145.3,hydro,MW,nem,NSW1
2017-10-14 06:00:00,145.6,hydro,MW,nem,NSW1
2017-10-14 06:05:00,145.5,hydro,MW,nem,NSW1
2017-10-14 06:10:00,145.4,hydro,MW,nem,NSW1
2017-10-14 06:15:00,145.8,hydro,MW,nem,NSW1
2017-10-14 06:20:00,146.4,hydro,MW,nem,NSW1
2017-10-14 06:25:00,145.6,hydro,MW,nem,NSW1
2017-10-14 06:30:00,145.2,hydro,MW,nem,NSW1
2017-10-14 06:35:00,145.8,hydro,MW,nem,NSW1
2017-10-14 06:40:00,145.4,hydro,MW,nem,NSW1
2017-10-14 06:45:00,146.3,hydro,MW,nem,NSW1
2017-10-14 06:50:00,144.7,hydro,MW,nem,NSW1
2017-10-14 06:55:00,145.1,hydro,MW,nem,NSW1
2017-10-14 07:00:00,145.7,hydro,MW,nem,NSW1
2017-10-14 07:05:00,145.5,hydro,MW,nem,NSW1
2017-10-14 07:10:00,144.8,hydro,MW,nem,NSW1
2017-10-14 07:15:00,144.9,hydro,MW,nem,NSW1
2017-10-14 07:20:00,144.4,hydro,MW,nem,NSW1
2017-10-14 07:25:00,145.4,hydro,MW,nem,NSW1
2017-10-14 07:30:00,146.3,hydro,MW,nem,NSW1
2017-10-14 07:35:00,145.3,hydro,MW,nem,NSW1
2017-10-14 07:40:00,145.5,hydro,MW,nem,NSW1
2017-10-14 07:45:00,145.2,hydro,MW,nem,NSW1
2017-10-14 07:50:00,145.7,hydro,MW,nem,NSW1
2017-10-14 07:55:00,145.5,hydro,MW,nem,NSW1
2017-10-14 08:00:00,145.0,hydro,MW,nem,NSW1
2017-10-14 08:05:00,145.7,hydro,MW,nem,NSW1
2017-10-14 08:10:00,145.0,hydro,MW,nem,NSW1
2017-10-14 08:15:00,145.9,hydro,MW,nem,NSW1
2017-10-14 08:20:00,146.3,hydro,MW,nem,NSW1
2017-10-14 08:25:00,145.7,hydro,MW,nem,NSW1
2017-10-14 08:30:00,145.6,hydro,MW,nem,NSW1
2017-10-14 08:35:00,145.1,hydro,MW,nem,NSW1
2017-10-14 08:40:00,145.7,hydro,MW,nem,NSW1
2017-10-14 08:45:00,145.8,hydro,MW,nem,NSW1
2017-10-14 08:50:00,145.0,hydro,MW,nem,NSW1
2017-10-14 08:55:00,145.7,hydro,MW,nem,NSW1
2017-10-14 09:00:00,145.3,hydro,MW,nem,NSW1
2017-10-14 09:05:00,145.1,hydro,MW,nem,NSW1
2017-10-14 09:10:00,146.2,hydro,MW,nem,NSW1
2017-10-14 09:15:00,146.2,hydro,MW,nem,NSW1
2017-10-14 09:20:00,145.4,hydro,MW,nem,NSW1
2017-10-14 09:25:00,145.4,hydro,MW,nem,NSW1
2017-10-14 09:30:00,146.2,hydro,MW,nem,NSW1
2017-10-14 09:35:00,146.3,hydro,MW,nem,NSW1
2017-10-14 09:40:00,145.7,hydro,MW,nem,NSW1
2017-10-14 09:45:00,145.4,hydro,MW,nem,NSW1
2017-10-14 09:50:00,149.3,hydro,MW,nem,NSW1
2017-10-14 09:55:00,148.4,hydro,MW,nem,NSW1
2017-10-14 10:00:00,148.9,hydro,MW,nem,NSW1
2017-10-14 10:05:00,148.0,hydro,MW,nem,NSW1
2017-10-14 10:10:00,148.5,hydro,MW,nem,NSW1
2017-10-14 10:15:00,148.7,hydro,MW,nem,NSW1
2017-10-14 10:20:00,149.0,hydro,MW,nem,NSW1
2017-10-14 10:25:00,148.4,hydro,MW,nem,NSW1
2017-10-14 10:30:00,149.2,hydro,MW,nem,NSW1
2017-10-14 10:35:00,148.8,hydro,MW,nem,NSW1
2017-10-14 10:40:00,148.7,hydro,MW,nem,NSW1
2017-10-14 10:45:00,149.0,hydro,MW,nem,NSW1
2017-10-14 10:50:00,148.5,hydro,MW,nem,NSW1
2017-10-14 10:55:00,147.9,hydro,MW,nem,NSW1
2017-10-14 11:00:00,147.9,hydro,MW,nem,NSW1
2017-10-14 11:05:00,149.1,hydro,MW,nem,NSW1
2017-10-14 11:10:00,148.0,hydro,MW,nem,NSW1
2017-10-14 11:15:00,148.2,hydro,MW,nem,NSW1
2017-10-14 11:20:00,148.8,hydro,MW,nem,NSW1
2017-10-14 11:25:00,148.2,hydro,MW,nem,NSW1
2017-10-14 11:30:00,149.2,hydro,MW,nem,NSW1
2017-10-14 11:35:00,148.5,hydro,MW,nem,NSW1
2017-10-14 11:40:00,148.3,hydro,MW,nem,NSW1
2017-10-14 11:45:00,148.9,hydro,MW,nem,NSW1
2017-10-14 11:50:00,148.0,hydro,MW,nem,NSW1
2017-10-14 11:55:00,148.4,hydro,MW,nem,NSW1
2017-10-14 12:00:00,148.1,hydro,MW,nem,NSW1
2017-10-14 12:05:00,149.2,hydro,MW,nem,NSW1
2017-10-14 12:10:00,148.8,hydro,MW,nem,NSW1
2017-10-14 12:15:00,147.7,hydro,MW,nem,NSW1
2017-10-14 12:20:00,147.5,hydro,MW,nem,NSW1
2017-10-14 12:25:00,148.5,hydro,MW,nem,NSW1
2017-10-14 12:30:00,148.6,hydro,MW,nem,NSW1
2017-10-14 12:35:00,148.8,hydro,MW,nem,NSW1
2017-10-14 12:40:00,147.4,hydro,MW,nem,NSW1
2017-10-14 12:45:00,148.5,hydro,MW,nem,NSW1
2017-10-14 12:50:00,148.6,hydro,MW,nem,NSW1
2017-10-14 12:55:00,147.5,hydro,MW,nem,NSW1
2017-10-14 13:00:00,149.4,hydro,MW,nem,NSW1
2017-10-14 13:05:00,148.6,hydro,MW,nem,NSW1
2017-10-14 13:10:00,147.6,hydro,MW,nem,NSW1
2017-10-14 13:15:00,148.3,hydro,MW,nem,NSW1
2017-10-14 13:20:00,148.4,hydro,MW,nem,NSW1
2017-10-14 13:25:00,147.6,hydro,MW,nem,NSW1
2017-10-14 13:30:00,148.9,hydro,MW,nem,NSW1
2017-10-14 13:35:00,147.7,hydro,MW,nem,NSW1
2017-10-14 13:40:00,149.3,hydro,MW,nem,NSW1
2017-10-14 13:45:00,148.8,hydro,MW,nem,NSW1
2017-10-14 13:50:00,147.2,hydro,MW,nem,NSW1
2017-10-14 13:55:00,148.1,hydro,MW,nem,NSW1
2017-10-14 14:00:00,148.6,hydro,MW,nem,NSW1
2017-10-14 14:05:00,148.4,hydro,MW,nem,NSW1
2017-10-14 14:10:00,149.1,hydro,MW,nem,NSW1
2017-10-14 14:15:00,148.4,hydro,MW,nem,NSW1
2017-10-14 14:20:00,148.5,hydro,MW,nem,NSW1
2017-10-14 14:25:00,148.1,hydro,MW,nem,NSW1
2017-10-14 14:30:00,148.3,hydro,MW,nem,NSW1
2017-10-14 14:35:00,149.1,hydro,MW,nem,NSW1
2017-10-14 14:40:00,148.0,hydro,MW,nem,NSW1
2017-10-14 14:45:00,148.7,hydro,MW,nem,NSW1
2017-10-14 14:50:00,147.8,hydro,MW,nem,NSW1
2017-10-14 14:55:00,148.4,hydro,MW,nem,NSW1
2017-10-14 15:00:00,148.5,hydro,MW,nem,NSW1
2017-10-14 15:05:00,148.6,hydro,MW,nem,NSW1
2017-10-14 15:10:00,148.4,hydro,MW,nem,NSW1
2017-10-14 15:15:00,148.7,hydro,MW,nem,NSW1
2017-10-14 15:20:00,148.2,hydro,MW,nem,NSW1
2017-10-14 15:25:00,148.6,hydro,MW,nem,NSW1
2017-10-14 15:30:00,148.8,hydro,MW,nem,NSW1
2017-10-14 15:35:00,149.0,hydro,MW,nem,NSW1
2017-10-14 15:40:00,148.2,hydro,MW,nem,NSW1
2017-10-14 15:45:00,148.3,hydro,MW,nem,NSW1
2017-10-14 15:50:00,148.3,hydro,MW,nem,NSW1
2017-10-14 15:55:00,148.5,hydro,MW,nem,NSW1
2017-10-14 16:00:00,148.5,hydro,MW,nem,NSW1
2017-10-14 16:05:00,148.4,hydro,MW,nem,NSW1
2017-10-14 16:10:00,260.4,hydro,MW,nem,NSW1
2017-10-14 16:15:00,147.6,hydro,MW,nem,NSW1
2017-10-14 16:20:00,148.2,hydro,MW,nem,NSW1
2017-10-14 16:25:00,149.0,hydro,MW,nem,NSW1
2017-10-14 16:30:00,147.7,hydro,MW,nem,NSW1
2017-10-14 16:35:00,148.2,hydro,MW,nem,NSW1
2017-10-14 16:40:00,148.8,hydro,MW,nem,NSW1
2017-10-14 16:45:00,148.8,hydro,MW,nem,NSW1
2017-10-14 16:50:00,149.0,hydro,MW,nem,NSW1
2017-10-14 16:55:00,148.2,hydro,MW,nem,NSW1
2017-10-14 17:00:00,148.5,hydro,MW,nem,NSW1
2017-10-14 17:05:00,147.7,hydro,MW,nem,NSW1
2017-10-14 17:10:00,147.8,hydro,MW,nem,NSW1
2017-10-14 17:15:00,147.7,hydro,MW,nem,NSW1
2017-10-14 17:20:00,148.5,hydro,MW,nem,NSW1
2017-10-14 17:25:00,148.6,hydro,MW,nem,NSW1
2017-10-14 17:30:00,147.9,hydro,MW,nem,NSW1
2017-10-14 17:35:00,148.4,hydro,MW,nem,NSW1
2017-10-14 17:40:00,148.4,hydro,MW,nem,NSW1
2017-10-14 17:45:00,147.9,hydro,MW,nem,NSW1
2017-10-14 17:50:00,148.2,hydro,MW,nem,NSW1
2017-10-14 17:55:00,148.6,hydro,MW,nem,NSW1
2017-10-14 18:00:00,147.7,hydro,MW,nem,NSW1
2017-10-14 18:05:00,148.3,hydro,MW,nem,NSW1
2017-10-14 18:10:00,148.6,hydro,MW,nem,NSW1
2017-10-14 18:15:00,147.5,hydro,MW,nem,NSW1
2017-10-14 18:20:00,148.2,hydro,MW,nem,NSW1
2017-10-14 18:25:00,147.8,hydro,MW,nem,NSW1
2017-10-14 18:30:00,148.5,hydro,MW,nem,NSW1
2017-10-14 18:35:00,149.7,hydro,MW,nem,NSW1
2017-10-14 18:40:00,148.4,hydro,MW,nem,NSW1
2017-10-14 18:45:00,147.6,hydro,MW,nem,NSW1
2017-10-14 18:50:00,147.3,hydro,MW,nem,NSW1
2017-10-14 18:55:00,148.3,hydro,MW,nem,NSW1
2017-10-14 19:00:00,148.8,hydro,MW,nem,NSW1
2017-10-14 19:05:00,147.5,hydro,MW,nem,NSW1
2017-10-14 19:10:00,148.6,hydro,MW,nem,NSW1
2017-10-14 19:15:00,148.7,hydro,MW,nem,NSW1
2017-10-14 19:20:00,147.4,hydro,MW,nem,NSW1
2017-10-14 19:25:00,148.8,hydro,MW,nem,NSW1
2017-10-14 19:30:00,148.1,hydro,MW,nem,NSW1
2017-10-14 19:35:00,148.3,hydro,MW,nem,NSW1
2017-10-14 19:40:00,148.6,hydro,MW,nem,NSW1
2017-10-14 19:45:00,148.4,hydro,MW,nem,NSW1
2017-10-14 19:50:00,148.2,hydro,MW,nem,NSW1
2017-10-14 19:55:00,148.0,hydro,MW,nem,NSW1
2017-10-14 20:00:00,148.4,hydro,MW,nem,NSW1
2017-10-14 20:05:00,147.3,hydro,MW,nem,NSW1
2017-10-14 20:10:00,148.2,hydro,MW,nem,NSW1
2017-10-14 20:15:00,147.7,hydro,MW,nem,NSW1
2017-10-14 20:20:00,148.5,hydro,MW,nem,NSW1
2017-10-14 20:25:00,148.4,hydro,MW,nem,NSW1
2017-10-14 20:30:00,147.1,hydro,MW,nem,NSW1
2017-10-14 20:35:00,148.3,hydro,MW,nem,NSW1
2017-10-14 20:40:00,147.8,hydro,MW,nem,NSW1
2017-10-14 20:45:00,148.3,hydro,MW,nem,NSW1
2017-10-14 20:50:00,148.3,hydro,MW,nem,NSW1
2017-10-14 20:55:00,146.4,hydro,MW,nem,NSW1
2017-10-14 21:00:00,148.8,hydro,MW,nem,NSW1
2017-10-14 21:05:00,148.4,hydro,MW,nem,NSW1
2017-10-14 21:10:00,147.1,hydro,MW,nem,NSW1
2017-10-14 21:15:00,147.6,hydro,MW,nem,NSW1
2017-10-14 21:20:00,148.7,hydro,MW,nem,NSW1
2017-10-14 21:25:00,147.7,hydro,MW,nem,NSW1
2017-10-14 21:30:00,148.4,hydro,MW,nem,NSW1
2017-10-14 21:35:00,148.6,hydro,MW,nem,NSW1
2017-10-14 21:40:00,148.7,hydro,MW,nem,NSW1
2017-10-14 21:45:00,148.8,hydro,MW,nem,NSW1
2017-10-14 21:50:00,147.7,hydro,MW,nem,NSW1
2017-10-14 21:55:00,147.9,hydro,MW,nem,NSW1
2017-10-14 22:00:00,148.4,hydro,MW,nem,NSW1
2017-10-14 22:05:00,148.3,hydro,MW,nem,NSW1
2017-10-14 22:10:00,147.9,hydro,MW,nem,NSW1
2017-10-14 22:15:00,148.5,hydro,MW,nem,NSW1
2017-10-14 22:20:00,148.5,hydro,MW,nem,NSW1
2017-10-14 22:25:00,148.0,hydro,MW,nem,NSW1
2017-10-14 22:30:00,148.4,hydro,MW,nem,NSW1
2017-10-14 22:35:00,148.0,hydro,MW,nem,NSW1
2017-10-14 22:40:00,148.2,hydro,MW,nem,NSW1
2017-10-14 22:45:00,147.7,hydro,MW,nem,NSW1
2017-10-14 22:50:00,147.7,hydro,MW,nem,NSW1
2017-10-14 22:55:00,148.6,hydro,MW,nem,NSW1
2017-10-14 23:00:00,148.0,hydro,MW,nem,NSW1
2017-10-14 23:05:00,147.5,hydro,MW,nem,NSW1
2017-10-14 23:10:00,146.5,hydro,MW,nem,NSW1
2017-10-14 23:15:00,147.2,hydro,MW,nem,NSW1
2017-10-14 23:20:00,147.9,hydro,MW,nem,NSW1
2017-10-14 23:25:00,148.2,hydro,MW,nem,NSW1
2017-10-14 23:30:00,147.8,hydro,MW,nem,NSW1
2017-10-14 23:35:00,148.8,hydro,MW,nem,NSW1
2017-10-14 23:40:00,148.4,hydro,MW,nem,NSW1
2017-10-14 23:45:00,148.4,hydro,MW,nem,NSW1
2017-10-14 23:50:00,147.9,hydro,MW,nem,NSW1
2017-10-14 23:55:00,147.6,hydro,MW,nem,NSW1
2017-10-15 00:00:00,148.5,hydro,MW,nem,NSW1
2017-10-15 00:05:00,147.6,hydro,MW,nem,NSW1
2017-10-15 00:10:00,148.3,hydro,MW,nem,NSW1
2017-10-15 00:15:00,147.4,hydro,MW,nem,NSW1
2017-10-15 00:20:00,147.7,hydro,MW,nem,NSW1
2017-10-15 00:25:00,148.2,hydro,MW,nem,NSW1
2017-10-15 00:30:00,148.8,hydro,MW,nem,NSW1
2017-10-15 00:35:00,147.2,hydro,MW,nem,NSW1
2017-10-15 00:40:00,148.3,hydro,MW,nem,NSW1
2017-10-15 00:45:00,149.2,hydro,MW,nem,NSW1
2017-10-15 00:50:00,147.3,hydro,MW,nem,NSW1
2017-10-15 00:55:00,148.8,hydro,MW,nem,NSW1
2017-10-15 01:00:00,147.5,hydro,MW,nem,NSW1
2017-10-15 01:05:00,148.3,hydro,MW,nem,NSW1
2017-10-15 01:10:00,148.3,hydro,MW,nem,NSW1
2017-10-15 01:15:00,147.7,hydro,MW,nem,NSW1
2017-10-15 01:20:00,148.6,hydro,MW,nem,NSW1
2017-10-15 01:25:00,148.9,hydro,MW,nem,NSW1
2017-10-15 01:30:00,149.2,hydro,MW,nem,NSW1
2017-10-15 01:35:00,148.5,hydro,MW,nem,NSW1
2017-10-15 01:40:00,147.6,hydro,MW,nem,NSW1
2017-10-15 01:45:00,148.2,hydro,MW,nem,NSW1
2017-10-15 01:50:00,148.1,hydro,MW,nem,NSW1
2017-10-15 01:55:00,148.6,hydro,MW,nem,NSW1
2017-10-15 02:00:00,148.5,hydro,MW,nem,NSW1
2017-10-15 02:05:00,148.6,hydro,MW,nem,NSW1
2017-10-15 02:10:00,147.6,hydro,MW,nem,NSW1
2017-10-15 02:15:00,147.7,hydro,MW,nem,NSW1
2017-10-15 02:20:00,147.9,hydro,MW,nem,NSW1
2017-10-15 02:25:00,148.2,hydro,MW,nem,NSW1
2017-10-15 02:30:00,147.5,hydro,MW,nem,NSW1
2017-10-15 02:35:00,148.8,hydro,MW,nem,NSW1
2017-10-15 02:40:00,148.8,hydro,MW,nem,NSW1
2017-10-15 02:45:00,147.6,hydro,MW,nem,NSW1
2017-10-15 02:50:00,147.7,hydro,MW,nem,NSW1
2017-10-15 02:55:00,148.5,hydro,MW,nem,NSW1
2017-10-15 03:00:00,148.3,hydro,MW,nem,NSW1
2017-10-15 03:05:00,148.4,hydro,MW,nem,NSW1
2017-10-15 03:10:00,148.1,hydro,MW,nem,NSW1
2017-10-15 03:15:00,148.9,hydro,MW,nem,NSW1
2017-10-15 03:20:00,148.5,hydro,MW,nem,NSW1
2017-10-15 03:25:00,148.3,hydro,MW,nem,NSW1
2017-10-15 03:30:00,147.8,hydro,MW,nem,NSW1
2017-10-15 03:35:00,148.3,hydro,MW,nem,NSW1
2017-10-15 03:40:00,147.7,hydro,MW,nem,NSW1
2017-10-15 03:45:00,147.3,hydro,MW,nem,NSW1
2017-10-15 03:50:00,147.8,hydro,MW,nem,NSW1
2017-10-15 03:55:00,148.7,hydro,MW,nem,NSW1
2017-10-15 04:00:00,148.6,hydro,MW,nem,NSW1
2017-10-15 04:05:00,148.4,hydro,MW,nem,NSW1
2017-10-15 04:10:00,148.3,hydro,MW,nem,NSW1
2017-10-15 04:15:00,148.3,hydro,MW,nem,NSW1
2017-10-15 04:20:00,148.3,hydro,MW,nem,NSW1
2017-10-15 04:25:00,148.8,hydro,MW,nem,NSW1
2017-10-15 04:30:00,148.8,hydro,MW,nem,NSW1
2017-10-15 04:35:00,147.7,hydro,MW,nem,NSW1
2017-10-15 04:40:00,148.6,hydro,MW,nem,NSW1
2017-10-15 04:45:00,148.3,hydro,MW,nem,NSW1
2017-10-15 04:50:00,148.6,hydro,MW,nem,NSW1
2017-10-15 04:55:00,147.5,hydro,MW,nem,NSW1
2017-10-15 05:00:00,147.8,hydro,MW,nem,NSW1
2017-10-15 05:05:00,148.6,hydro,MW,nem,NSW1
2017-10-15 05:10:00,147.7,hydro,MW,nem,NSW1
2017-10-15 05:15:00,148.0,hydro,MW,nem,NSW1
2017-10-15 05:20:00,147.7,hydro,MW,nem,NSW1
2017-10-15 05:25:00,148.5,hydro,MW,nem,NSW1
2017-10-15 05:30:00,148.5,hydro,MW,nem,NSW1
2017-10-15 05:35:00,147.7,hydro,MW,nem,NSW1
2017-10-15 05:40:00,147.7,hydro,MW,nem,NSW1
2017-10-15 05:45:00,148.2,hydro,MW,nem,NSW1
2017-10-15 05:50:00,148.3,hydro,MW,nem,NSW1
2017-10-15 05:55:00,148.1,hydro,MW,nem,NSW1
2017-10-15 06:00:00,147.7,hydro,MW,nem,NSW1
2017-10-15 06:05:00,147.9,hydro,MW,nem,NSW1
2017-10-15 06:10:00,147.5,hydro,MW,nem,NSW1
2017-10-15 06:15:00,148.9,hydro,MW,nem,NSW1
2017-10-15 06:20:00,148.0,hydro,MW,nem,NSW1
2017-10-15 06:25:00,148.1,hydro,MW,nem,NSW1
2017-10-15 06:30:00,148.7,hydro,MW,nem,NSW1
2017-10-15 06:35:00,148.4,hydro,MW,nem,NSW1
2017-10-15 06:40:00,148.4,hydro,MW,nem,NSW1
2017-10-15 06:45:00,148.3,hydro,MW,nem,NSW1
2017-10-15 06:50:00,148.3,hydro,MW,nem,NSW1
2017-10-15 06:55:00,148.2,hydro,MW,nem,NSW1
2017-10-15 07:00:00,148.3,hydro,MW,nem,NSW1
2017-10-15 07:05:00,148.1,hydro,MW,nem,NSW1
2017-10-15 07:10:00,148.1,hydro,MW,nem,NSW1
2017-10-15 07:15:00,148.2,hydro,MW,nem,NSW1
2017-10-15 07:20:00,147.7,hydro,MW,nem,NSW1
2017-10-15 07:25:00,147.4,hydro,MW,nem,NSW1
2017-10-15 07:30:00,147.9,hydro,MW,nem,NSW1
2017-10-15 07:35:00,148.5,hydro,MW,nem,NSW1
2017-10-15 07:40:00,148.7,hydro,MW,nem,NSW1
2017-10-15 07:45:00,148.4,hydro,MW,nem,NSW1
2017-10-15 07:50:00,147.6,hydro,MW,nem,NSW1
2017-10-15 07:55:00,148.4,hydro,MW,nem,NSW1
2017-10-15 08:00:00,148.0,hydro,MW,nem,NSW1
2017-10-15 08:05:00,148.7,hydro,MW,nem,NSW1
2017-10-15 08:10:00,148.1,hydro,MW,nem,NSW1
2017-10-15 08:15:00,148.3,hydro,MW,nem,NSW1
2017-10-15 08:20:00,147.1,hydro,MW,nem,NSW1
2017-10-15 08:25:00,148.5,hydro,MW,nem,NSW1
2017-10-15 08:30:00,147.0,hydro,MW,nem,NSW1
2017-10-15 08:35:00,148.3,hydro,MW,nem,NSW1
2017-10-15 08:40:00,148.6,hydro,MW,nem,NSW1
2017-10-15 08:45:00,148.0,hydro,MW,nem,NSW1
2017-10-15 08:50:00,148.0,hydro,MW,nem,NSW1
2017-10-15 08:55:00,147.0,hydro,MW,nem,NSW1
2017-10-15 09:00:00,148.3,hydro,MW,nem,NSW1
2017-10-15 09:05:00,148.0,hydro,MW,nem,NSW1
2017-10-15 09:10:00,148.2,hydro,MW,nem,NSW1
2017-10-15 09:15:00,147.7,hydro,MW,nem,NSW1
2017-10-15 09:20:00,148.0,hydro,MW,nem,NSW1
2017-10-15 09:25:00,146.2,hydro,MW,nem,NSW1
2017-10-15 09:30:00,148.1,hydro,MW,nem,NSW1
2017-10-15 09:35:00,147.4,hydro,MW,nem,NSW1
2017-10-15 09:40:00,148.4,hydro,MW,nem,NSW1
2017-10-15 09:45:00,148.2,hydro,MW,nem,NSW1
2017-10-15 09:50:00,148.1,hydro,MW,nem,NSW1
2017-10-15 09:55:00,148.0,hydro,MW,nem,NSW1
2017-10-15 10:00:00,148.0,hydro,MW,nem,NSW1
2017-10-15 10:05:00,148.3,hydro,MW,nem,NSW1
2017-10-15 10:10:00,148.4,hydro,MW,nem,NSW1
2017-10-15 10:15:00,147.6,hydro,MW,nem,NSW1
2017-10-15 10:20:00,148.4,hydro,MW,nem,NSW1
2017-10-15 10:25:00,147.3,hydro,MW,nem,NSW1
2017-10-15 10:30:00,148.9,hydro,MW,nem,NSW1
2017-10-15 10:35:00,147.1,hydro,MW,nem,NSW1
2017-10-15 10:40:00,148.3,hydro,MW,nem,NSW1
2017-10-15 10:45:00,149.1,hydro,MW,nem,NSW1
2017-10-15 10:50:00,149.4,hydro,MW,nem,NSW1
2017-10-15 10:55:00,149.3,hydro,MW,nem,NSW1
2017-10-15 11:00:00,154.5,hydro,MW,nem,NSW1
2017-10-15 11:05:00,155.3,hydro,MW,nem,NSW1
2017-10-15 11:10:00,154.7,hydro,MW,nem,NSW1
2017-10-15 11:15:00,154.1,hydro,MW,nem,NSW1
2017-10-15 11:20:00,155.0,hydro,MW,nem,NSW1
2017-10-15 11:25:00,154.0,hydro,MW,nem,NSW1
2017-10-15 11:30:00,154.5,hydro,MW,nem,NSW1
2017-10-15 11:35:00,155.2,hydro,MW,nem,NSW1
2017-10-15 11:40:00,155.1,hydro,MW,nem,NSW1
2017-10-15 11:45:00,154.4,hydro,MW,nem,NSW1
2017-10-15 11:50:00,154.3,hydro,MW,nem,NSW1
2017-10-15 11:55:00,155.1,hydro,MW,nem,NSW1
2017-10-15 12:00:00,154.4,hydro,MW,nem,NSW1
2017-10-15 12:05:00,154.4,hydro,MW,nem,NSW1
2017-10-15 12:10:00,155.4,hydro,MW,nem,NSW1
2017-10-15 12:15:00,155.1,hydro,MW,nem,NSW1
2017-10-15 12:20:00,154.7,hydro,MW,nem,NSW1
2017-10-15 12:25:00,153.9,hydro,MW,nem,NSW1
2017-10-15 12:30:00,154.9,hydro,MW,nem,NSW1
2017-10-15 12:35:00,154.5,hydro,MW,nem,NSW1
2017-10-15 12:40:00,154.8,hydro,MW,nem,NSW1
2017-10-15 12:45:00,154.2,hydro,MW,nem,NSW1
2017-10-15 12:50:00,154.7,hydro,MW,nem,NSW1
2017-10-15 12:55:00,154.0,hydro,MW,nem,NSW1
2017-10-15 13:00:00,154.9,hydro,MW,nem,NSW1
2017-10-15 13:05:00,154.9,hydro,MW,nem,NSW1
2017-10-15 13:10:00,154.0,hydro,MW,nem,NSW1
2017-10-15 13:15:00,154.1,hydro,MW,nem,NSW1
2017-10-15 13:20:00,154.2,hydro,MW,nem,NSW1
2017-10-15 13:25:00,154.3,hydro,MW,nem,NSW1
2017-10-15 13:30:00,154.1,hydro,MW,nem,NSW1
2017-10-15 13:35:00,154.7,hydro,MW,nem,NSW1
2017-10-15 13:40:00,154.1,hydro,MW,nem,NSW1
2017-10-15 13:45:00,154.8,hydro,MW,nem,NSW1
2017-10-15 13:50:00,154.9,hydro,MW,nem,NSW1
2017-10-15 13:55:00,155.1,hydro,MW,nem,NSW1
2017-10-15 14:00:00,153.8,hydro,MW,nem,NSW1
2017-10-15 14:05:00,154.1,hydro,MW,nem,NSW1
2017-10-15 14:10:00,154.9,hydro,MW,nem,NSW1
2017-10-15 14:15:00,153.9,hydro,MW,nem,NSW1
2017-10-15 14:20:00,154.6,hydro,MW,nem,NSW1
2017-10-15 14:25:00,154.7,hydro,MW,nem,NSW1
2017-10-15 14:30:00,154.5,hydro,MW,nem,NSW1
2017-10-15 14:35:00,155.0,hydro,MW,nem,NSW1
2017-10-15 14:40:00,154.7,hydro,MW,nem,NSW1
2017-10-15 14:45:00,154.5,hydro,MW,nem,NSW1
2017-10-15 14:50:00,154.6,hydro,MW,nem,NSW1
2017-10-15 14:55:00,154.8,hydro,MW,nem,NSW1
2017-10-15 15:00:00,154.2,hydro,MW,nem,NSW1
2017-10-15 15:05:00,153.2,hydro,MW,nem,NSW1
2017-10-15 15:10:00,154.7,hydro,MW,nem,NSW1
2017-10-15 15:15:00,154.5,hydro,MW,nem,NSW1
2017-10-15 15:20:00,154.3,hydro,MW,nem,NSW1
2017-10-15 15:25:00,154.1,hydro,MW,nem,NSW1
2017-10-15 15:30:00,154.0,hydro,MW,nem,NSW1
2017-10-15 15:35:00,154.7,hydro,MW,nem,NSW1
2017-10-15 15:40:00,153.2,hydro,MW,nem,NSW1
2017-10-15 15:45:00,154.3,hydro,MW,nem,NSW1
2017-10-15 15:50:00,154.6,hydro,MW,nem,NSW1
2017-10-15 15:55:00,153.6,hydro,MW,nem,NSW1
2017-10-15 16:00:00,154.5,hydro,MW,nem,NSW1
2017-10-15 16:05:00,155.0,hydro,MW,nem,NSW1
2017-10-15 16:10:00,154.6,hydro,MW,nem,NSW1
2017-10-15 16:15:00,154.7,hydro,MW,nem,NSW1
2017-10-15 16:20:00,155.1,hydro,MW,nem,NSW1
2017-10-15 16:25:00,153.5,hydro,MW,nem,NSW1
2017-10-15 16:30:00,155.0,hydro,MW,nem,NSW1
2017-10-15 16:35:00,153.8,hydro,MW,nem,NSW1
2017-10-15 16:40:00,154.2,hydro,MW,nem,NSW1
2017-10-15 16:45:00,154.7,hydro,MW,nem,NSW1
2017-10-15 16:50:00,154.0,hydro,MW,nem,NSW1
2017-10-15 16:55:00,153.7,hydro,MW,nem,NSW1
2017-10-15 17:00:00,154.3,hydro,MW,nem,NSW1
2017-10-15 17:05:00,154.7,hydro,MW,nem,NSW1
2017-10-15 17:10:00,153.8,hydro,MW,nem,NSW1
2017-10-15 17:15:00,154.4,hydro,MW,nem,NSW1
2017-10-15 17:20:00,154.3,hydro,MW,nem,NSW1
2017-10-15 17:25:00,154.6,hydro,MW,nem,NSW1
2017-10-15 17:30:00,154.4,hydro,MW,nem,NSW1
2017-10-15 17:35:00,153.5,hydro,MW,nem,NSW1
2017-10-15 17:40:00,154.1,hydro,MW,nem,NSW1
2017-10-15 17:45:00,153.9,hydro,MW,nem,NSW1
2017-10-15 17:50:00,154.7,hydro,MW,nem,NSW1
2017-10-15 17:55:00,154.2,hydro,MW,nem,NSW1
2017-10-15 18:00:00,155.4,hydro,MW,nem,NSW1
2017-10-15 18:05:00,154.2,hydro,MW,nem,NSW1
2017-10-15 18:10:00,153.9,hydro,MW,nem,NSW1
2017-10-15 18:15:00,155.1,hydro,MW,nem,NSW1
2017-10-15 18:20:00,153.9,hydro,MW,nem,NSW1
2017-10-15 18:25:00,154.5,hydro,MW,nem,NSW1
2017-10-15 18:30:00,154.1,hydro,MW,nem,NSW1
2017-10-15 18:35:00,155.4,hydro,MW,nem,NSW1
2017-10-15 18:40:00,257.6,hydro,MW,nem,NSW1
2017-10-15 18:45:00,263.8,hydro,MW,nem,NSW1
2017-10-15 18:50:00,259.5,hydro,MW,nem,NSW1
2017-10-15 18:55:00,268.1,hydro,MW,nem,NSW1
2017-10-15 19:00:00,265.4,hydro,MW,nem,NSW1
2017-10-15 19:05:00,254.9,hydro,MW,nem,NSW1
2017-10-15 19:10:00,267.2,hydro,MW,nem,NSW1
2017-10-15 19:15:00,274.3,hydro,MW,nem,NSW1
2017-10-15 19:20:00,265.6,hydro,MW,nem,NSW1
2017-10-15 19:25:00,262.5,hydro,MW,nem,NSW1
2017-10-15 19:30:00,256.3,hydro,MW,nem,NSW1
2017-10-15 19:35:00,264.9,hydro,MW,nem,NSW1
2017-10-15 19:40:00,266.0,hydro,MW,nem,NSW1
2017-10-15 19:45:00,248.2,hydro,MW,nem,NSW1
2017-10-15 19:50:00,248.2,hydro,MW,nem,NSW1
2017-10-15 19:55:00,258.1,hydro,MW,nem,NSW1
2017-10-15 20:00:00,260.3,hydro,MW,nem,NSW1
2017-10-15 20:05:00,250.7,hydro,MW,nem,NSW1
2017-10-15 20:10:00,264.1,hydro,MW,nem,NSW1
2017-10-15 20:15:00,269.2,hydro,MW,nem,NSW1
2017-10-15 20:20:00,263.7,hydro,MW,nem,NSW1
2017-10-15 20:25:00,247.5,hydro,MW,nem,NSW1
2017-10-15 20:30:00,256.2,hydro,MW,nem,NSW1
2017-10-15 20:35:00,264.8,hydro,MW,nem,NSW1
2017-10-15 20:40:00,258.3,hydro,MW,nem,NSW1
2017-10-15 20:45:00,265.3,hydro,MW,nem,NSW1
2017-10-15 20:50:00,259.0,hydro,MW,nem,NSW1
2017-10-15 20:55:00,253.6,hydro,MW,nem,NSW1
2017-10-15 21:00:00,265.3,hydro,MW,nem,NSW1
2017-10-15 21:05:00,265.7,hydro,MW,nem,NSW1
2017-10-15 21:10:00,249.2,hydro,MW,nem,NSW1
2017-10-15 21:15:00,248.8,hydro,MW,nem,NSW1
2017-10-15 21:20:00,248.2,hydro,MW,nem,NSW1
2017-10-15 21:25:00,217.2,hydro,MW,nem,NSW1
2017-10-15 21:30:00,155.2,hydro,MW,nem,NSW1
2017-10-15 21:35:00,154.7,hydro,MW,nem,NSW1
2017-10-15 21:40:00,154.9,hydro,MW,nem,NSW1
2017-10-15 21:45:00,151.2,hydro,MW,nem,NSW1
2017-10-15 21:50:00,155.2,hydro,MW,nem,NSW1
2017-10-15 21:55:00,154.4,hydro,MW,nem,NSW1
2017-10-15 22:00:00,154.4,hydro,MW,nem,NSW1
2017-10-15 22:05:00,154.1,hydro,MW,nem,NSW1
2017-10-15 22:10:00,154.1,hydro,MW,nem,NSW1
2017-10-15 22:15:00,154.9,hydro,MW,nem,NSW1
2017-10-15 22:20:00,154.1,hydro,MW,nem,NSW1
2017-10-15 22:25:00,154.3,hydro,MW,nem,NSW1
2017-10-15 22:30:00,154.1,hydro,MW,nem,NSW1
2017-10-15 22:35:00,153.7,hydro,MW,nem,NSW1
2017-10-15 22:40:00,154.6,hydro,MW,nem,NSW1
2017-10-15 22:45:00,154.3,hydro,MW,nem,NSW1
2017-10-15 22:50:00,154.7,hydro,MW,nem,NSW1
2017-10-15 22:55:00,153.6,hydro,MW,nem,NSW1
2017-10-15 23:00:00,154.4,hydro,MW,nem,NSW1
2017-10-15 23:05:00,154.4,hydro,MW,nem,NSW1
2017-10-15 23:10:00,154.6,hydro,MW,nem,NSW1
2017-10-15 23:15:00,155.0,hydro,MW,nem,NSW1
2017-10-15 23:20:00,153.6,hydro,MW,nem,NSW1
2017-10-15 23:25:00,154.3,hydro,MW,nem,NSW1
2017-10-15 23:30:00,154.3,hydro,MW,nem,NSW1
2017-10-15 23:35:00,154.0,hydro,MW,nem,NSW1
2017-10-15 23:40:00,154.8,hydro,MW,nem,NSW1
2017-10-15 23:45:00,154.0,hydro,MW,nem,NSW1
2017-10-15 23:50:00,154.3,hydro,MW,nem,NSW1
2017-10-15 23:55:00,155.0,hydro,MW,nem,NSW1
2017-10-16 00:00:00,154.4,hydro,MW,nem,NSW1
2017-10-16 00:05:00,153.9,hydro,MW,nem,NSW1
2017-10-16 00:10:00,155.0,hydro,MW,nem,NSW1
2017-10-16 00:15:00,154.4,hydro,MW,nem,NSW1
2017-10-16 00:20:00,155.3,hydro,MW,nem,NSW1
2017-10-16 00:25:00,154.1,hydro,MW,nem,NSW1
2017-10-16 00:30:00,154.1,hydro,MW,nem,NSW1
2017-10-16 00:35:00,154.0,hydro,MW,nem,NSW1
2017-10-16 00:40:00,154.8,hydro,MW,nem,NSW1
2017-10-16 00:45:00,154.3,hydro,MW,nem,NSW1
2017-10-16 00:50:00,154.0,hydro,MW,nem,NSW1
2017-10-16 00:55:00,154.7,hydro,MW,nem,NSW1
2017-10-16 01:00:00,154.2,hydro,MW,nem,NSW1
2017-10-16 01:05:00,155.2,hydro,MW,nem,NSW1
2017-10-16 01:10:00,153.7,hydro,MW,nem,NSW1
2017-10-16 01:15:00,154.0,hydro,MW,nem,NSW1
2017-10-16 01:20:00,154.5,hydro,MW,nem,NSW1
2017-10-16 01:25:00,153.2,hydro,MW,nem,NSW1
2017-10-16 01:30:00,154.1,hydro,MW,nem,NSW1
2017-10-16 01:35:00,153.4,hydro,MW,nem,NSW1
2017-10-16 01:40:00,154.6,hydro,MW,nem,NSW1
2017-10-16 01:45:00,154.1,hydro,MW,nem,NSW1
2017-10-16 01:50:00,154.7,hydro,MW,nem,NSW1
2017-10-16 01:55:00,154.4,hydro,MW,nem,NSW1
2017-10-16 02:00:00,153.6,hydro,MW,nem,NSW1
2017-10-16 02:05:00,155.3,hydro,MW,nem,NSW1
2017-10-16 02:10:00,154.2,hydro,MW,nem,NSW1
2017-10-16 02:15:00,154.4,hydro,MW,nem,NSW1
2017-10-16 02:20:00,153.7,hydro,MW,nem,NSW1
2017-10-16 02:25:00,154.2,hydro,MW,nem,NSW1
2017-10-16 02:30:00,153.1,hydro,MW,nem,NSW1
2017-10-16 02:35:00,154.7,hydro,MW,nem,NSW1
2017-10-16 02:40:00,153.7,hydro,MW,nem,NSW1
2017-10-16 02:45:00,154.3,hydro,MW,nem,NSW1
2017-10-16 02:50:00,153.9,hydro,MW,nem,NSW1
2017-10-16 02:55:00,154.3,hydro,MW,nem,NSW1
2017-10-16 03:00:00,154.1,hydro,MW,nem,NSW1
2017-10-16 03:05:00,155.1,hydro,MW,nem,NSW1
2017-10-16 03:10:00,153.4,hydro,MW,nem,NSW1
2017-10-16 03:15:00,154.7,hydro,MW,nem,NSW1
2017-10-16 03:20:00,152.9,hydro,MW,nem,NSW1
2017-10-16 03:25:00,154.2,hydro,MW,nem,NSW1
2017-10-16 03:30:00,154.3,hydro,MW,nem,NSW1
2017-10-16 03:35:00,154.5,hydro,MW,nem,NSW1
2017-10-16 03:40:00,154.9,hydro,MW,nem,NSW1
2017-10-16 03:45:00,153.7,hydro,MW,nem,NSW1
2017-10-16 03:50:00,154.2,hydro,MW,nem,NSW1
2017-10-16 03:55:00,154.4,hydro,MW,nem,NSW1
2017-10-16 04:00:00,154.0,hydro,MW,nem,NSW1
2017-10-16 04:05:00,154.4,hydro,MW,nem,NSW1
2017-10-16 04:10:00,154.8,hydro,MW,nem,NSW1
2017-10-16 04:15:00,154.5,hydro,MW,nem,NSW1
2017-10-16 04:20:00,154.2,hydro,MW,nem,NSW1
2017-10-16 04:25:00,153.3,hydro,MW,nem,NSW1
2017-10-16 04:30:00,153.6,hydro,MW,nem,NSW1
2017-10-16 04:35:00,154.5,hydro,MW,nem,NSW1
2017-10-16 04:40:00,153.7,hydro,MW,nem,NSW1
2017-10-16 04:45:00,153.3,hydro,MW,nem,NSW1
2017-10-16 04:50:00,154.4,hydro,MW,nem,NSW1
2017-10-16 04:55:00,155.2,hydro,MW,nem,NSW1
2017-10-16 05:00:00,154.8,hydro,MW,nem,NSW1
2017-10-16 05:05:00,154.1,hydro,MW,nem,NSW1
2017-10-16 05:10:00,154.4,hydro,MW,nem,NSW1
2017-10-16 05:15:00,153.5,hydro,MW,nem,NSW1
2017-10-16 05:20:00,154.0,hydro,MW,nem,NSW1
2017-10-16 05:25:00,154.8,hydro,MW,nem,NSW1
2017-10-16 05:30:00,153.6,hydro,MW,nem,NSW1
2017-10-16 05:35:00,152.9,hydro,MW,nem,NSW1
2017-10-16 05:40:00,154.3,hydro,MW,nem,NSW1
2017-10-16 05:45:00,154.5,hydro,MW,nem,NSW1
2017-10-16 05:50:00,153.5,hydro,MW,nem,NSW1
2017-10-16 05:55:00,153.5,hydro,MW,nem,NSW1
2017-10-16 06:00:00,153.3,hydro,MW,nem,NSW1
2017-10-16 06:05:00,154.4,hydro,MW,nem,NSW1
2017-10-16 06:10:00,154.4,hydro,MW,nem,NSW1
2017-10-16 06:15:00,154.5,hydro,MW,nem,NSW1
2017-10-16 06:20:00,153.7,hydro,MW,nem,NSW1
2017-10-16 06:25:00,154.0,hydro,MW,nem,NSW1
2017-10-16 06:30:00,154.5,hydro,MW,nem,NSW1
2017-10-16 06:35:00,155.0,hydro,MW,nem,NSW1
2017-10-16 06:40:00,154.1,hydro,MW,nem,NSW1
2017-10-16 06:45:00,154.1,hydro,MW,nem,NSW1
2017-10-16 06:50:00,153.8,hydro,MW,nem,NSW1
2017-10-16 06:55:00,153.8,hydro,MW,nem,NSW1
2017-10-16 07:00:00,155.1,hydro,MW,nem,NSW1
2017-10-16 07:05:00,154.7,hydro,MW,nem,NSW1
2017-10-16 07:10:00,153.3,hydro,MW,nem,NSW1
2017-10-16 07:15:00,154.6,hydro,MW,nem,NSW1
2017-10-16 07:20:00,155.4,hydro,MW,nem,NSW1
2017-10-16 07:25:00,153.6,hydro,MW,nem,NSW1
2017-10-16 07:30:00,154.3,hydro,MW,nem,NSW1
2017-10-16 07:35:00,154.3,hydro,MW,nem,NSW1
2017-10-16 07:40:00,154.7,hydro,MW,nem,NSW1
2017-10-16 07:45:00,153.3,hydro,MW,nem,NSW1
2017-10-16 07:50:00,153.8,hydro,MW,nem,NSW1
2017-10-16 07:55:00,153.8,hydro,MW,nem,NSW1
2017-10-16 08:00:00,154.4,hydro,MW,nem,NSW1
2017-10-16 08:05:00,154.6,hydro,MW,nem,NSW1
2017-10-16 08:10:00,154.0,hydro,MW,nem,NSW1
2017-10-16 08:15:00,154.7,hydro,MW,nem,NSW1
2017-10-16 08:20:00,153.7,hydro,MW,nem,NSW1
2017-10-16 08:25:00,153.7,hydro,MW,nem,NSW1
2017-10-16 08:30:00,154.1,hydro,MW,nem,NSW1
2017-10-16 08:35:00,155.5,hydro,MW,nem,NSW1
2017-10-16 08:40:00,154.5,hydro,MW,nem,NSW1
2017-10-16 08:45:00,156.1,hydro,MW,nem,NSW1
2017-10-16 08:50:00,154.7,hydro,MW,nem,NSW1
2017-10-16 08:55:00,154.5,hydro,MW,nem,NSW1
2017-10-16 09:00:00,154.8,hydro,MW,nem,NSW1
2017-10-16 09:05:00,157.3,hydro,MW,nem,NSW1
2017-10-16 09:10:00,289.2,hydro,MW,nem,NSW1
2017-10-16 09:15:00,288.5,hydro,MW,nem,NSW1
2017-10-16 09:20:00,288.4,hydro,MW,nem,NSW1
2017-10-16 09:25:00,296.5,hydro,MW,nem,NSW1
2017-10-16 09:30:00,294.0,hydro,MW,nem,NSW1
2017-10-16 09:35:00,309.2,hydro,MW,nem,NSW1
2017-10-16 09:40:00,300.6,hydro,MW,nem,NSW1
2017-10-16 09:45:00,294.9,hydro,MW,nem,NSW1
2017-10-16 09:50:00,294.0,hydro,MW,nem,NSW1
2017-10-16 09:55:00,297.1,hydro,MW,nem,NSW1
2017-10-16 10:00:00,292.1,hydro,MW,nem,NSW1
2017-10-16 10:05:00,286.8,hydro,MW,nem,NSW1
2017-10-16 10:10:00,294.8,hydro,MW,nem,NSW1
2017-10-16 10:15:00,289.1,hydro,MW,nem,NSW1
2017-10-16 10:20:00,287.0,hydro,MW,nem,NSW1
2017-10-16 10:25:00,281.8,hydro,MW,nem,NSW1
2017-10-16 10:30:00,263.1,hydro,MW,nem,NSW1
2017-10-16 10:35:00,262.9,hydro,MW,nem,NSW1
2017-10-16 10:40:00,263.2,hydro,MW,nem,NSW1
2017-10-16 10:45:00,274.5,hydro,MW,nem,NSW1
2017-10-16 10:50:00,275.5,hydro,MW,nem,NSW1
2017-10-16 10:55:00,272.2,hydro,MW,nem,NSW1
2017-10-16 11:00:00,275.1,hydro,MW,nem,NSW1
2017-10-16 11:05:00,270.2,hydro,MW,nem,NSW1
2017-10-16 11:10:00,270.3,hydro,MW,nem,NSW1
2017-10-16 11:15:00,284.5,hydro,MW,nem,NSW1
2017-10-16 11:20:00,285.4,hydro,MW,nem,NSW1
2017-10-16 11:25:00,286.3,hydro,MW,nem,NSW1
2017-10-16 11:30:00,289.9,hydro,MW,nem,NSW1
2017-10-16 11:35:00,405.1,hydro,MW,nem,NSW1
2017-10-16 11:40:00,605.6,hydro,MW,nem,NSW1
2017-10-16 11:45:00,535.5,hydro,MW,nem,NSW1
2017-10-16 11:50:00,545.4,hydro,MW,nem,NSW1
2017-10-16 11:55:00,540.5,hydro,MW,nem,NSW1
2017-10-16 12:00:00,551.8,hydro,MW,nem,NSW1
2017-10-16 12:05:00,565.4,hydro,MW,nem,NSW1
2017-10-16 12:10:00,577.5,hydro,MW,nem,NSW1
2017-10-16 12:15:00,567.5,hydro,MW,nem,NSW1
2017-10-16 12:20:00,559.6,hydro,MW,nem,NSW1
2017-10-16 12:25:00,670.9,hydro,MW,nem,NSW1
2017-10-16 12:30:00,671.7,hydro,MW,nem,NSW1
2017-10-16 12:35:00,678.0,hydro,MW,nem,NSW1
2017-10-16 12:40:00,691.3,hydro,MW,nem,NSW1
2017-10-16 12:45:00,678.5,hydro,MW,nem,NSW1
2017-10-16 12:50:00,685.6,hydro,MW,nem,NSW1
2017-10-16 12:55:00,675.2,hydro,MW,nem,NSW1
2017-10-16 13:00:00,566.6,hydro,MW,nem,NSW1
2017-10-16 13:05:00,563.7,hydro,MW,nem,NSW1
2017-10-16 13:10:00,570.1,hydro,MW,nem,NSW1
2017-10-16 13:15:00,561.3,hydro,MW,nem,NSW1
2017-10-16 13:20:00,560.4,hydro,MW,nem,NSW1
2017-10-16 13:25:00,574.2,hydro,MW,nem,NSW1
2017-10-16 13:30:00,578.9,hydro,MW,nem,NSW1
2017-10-16 13:35:00,568.6,hydro,MW,nem,NSW1
2017-10-16 13:40:00,702.8,hydro,MW,nem,NSW1
2017-10-16 13:45:00,787.4,hydro,MW,nem,NSW1
2017-10-16 13:50:00,695.4,hydro,MW,nem,NSW1
2017-10-16 13:55:00,689.6,hydro,MW,nem,NSW1
2017-10-16 14:00:00,690.6,hydro,MW,nem,NSW1
2017-10-16 14:05:00,698.3,hydro,MW,nem,NSW1
2017-10-16 14:10:00,679.6,hydro,MW,nem,NSW1
2017-10-16 14:15:00,690.9,hydro,MW,nem,NSW1
2017-10-16 14:20:00,702.8,hydro,MW,nem,NSW1
2017-10-16 14:25:00,692.8,hydro,MW,nem,NSW1
2017-10-16 14:30:00,702.8,hydro,MW,nem,NSW1
2017-10-16 14:35:00,702.8,hydro,MW,nem,NSW1
2017-10-16 14:40:00,701.1,hydro,MW,nem,NSW1
2017-10-16 14:45:00,701.1,hydro,MW,nem,NSW1
2017-10-16 14:50:00,707.0,hydro,MW,nem,NSW1
2017-10-16 14:55:00,711.2,hydro,MW,nem,NSW1
2017-10-16 15:00:00,683.4,hydro,MW,nem,NSW1
2017-10-16 15:05:00,693.1,hydro,MW,nem,NSW1
2017-10-16 15:10:00,449.9,hydro,MW,nem,NSW1
2017-10-16 15:15:00,328.4,hydro,MW,nem,NSW1
2017-10-16 15:20:00,317.7,hydro,MW,nem,NSW1
2017-10-16 15:25:00,320.1,hydro,MW,nem,NSW1
2017-10-16 15:30:00,314.8,hydro,MW,nem,NSW1
2017-10-16 15:35:00,325.4,hydro,MW,nem,NSW1
2017-10-16 15:40:00,310.0,hydro,MW,nem,NSW1
2017-10-16 15:45:00,282.0,hydro,MW,nem,NSW1
2017-10-16 15:50:00,286.6,hydro,MW,nem,NSW1
2017-10-16 15:55:00,288.3,hydro,MW,nem,NSW1
2017-10-16 16:00:00,167.9,hydro,MW,nem,NSW1
2017-10-16 16:05:00,164.3,hydro,MW,nem,NSW1
2017-10-16 16:10:00,164.7,hydro,MW,nem,NSW1
2017-10-16 16:15:00,162.9,hydro,MW,nem,NSW1
2017-10-16 16:20:00,164.5,hydro,MW,nem,NSW1
2017-10-16 16:25:00,164.4,hydro,MW,nem,NSW1
2017-10-16 16:30:00,164.6,hydro,MW,nem,NSW1
2017-10-16 16:35:00,164.8,hydro,MW,nem,NSW1
2017-10-16 16:40:00,163.9,hydro,MW,nem,NSW1
2017-10-16 16:45:00,163.8,hydro,MW,nem,NSW1
2017-10-16 16:50:00,163.4,hydro,MW,nem,NSW1
2017-10-16 16:55:00,162.4,hydro,MW,nem,NSW1
2017-10-16 17:00:00,164.8,hydro,MW,nem,NSW1
2017-10-16 17:05:00,163.3,hydro,MW,nem,NSW1
2017-10-16 17:10:00,162.5,hydro,MW,nem,NSW1
2017-10-16 17:15:00,165.4,hydro,MW,nem,NSW1
2017-10-16 17:20:00,163.3,hydro,MW,nem,NSW1
2017-10-16 17:25:00,164.7,hydro,MW,nem,NSW1
2017-10-16 17:30:00,163.1,hydro,MW,nem,NSW1
2017-10-16 17:35:00,163.7,hydro,MW,nem,NSW1
2017-10-16 17:40:00,164.3,hydro,MW,nem,NSW1
2017-10-16 17:45:00,165.4,hydro,MW,nem,NSW1
2017-10-16 17:50:00,164.0,hydro,MW,nem,NSW1
2017-10-16 17:55:00,164.9,hydro,MW,nem,NSW1
2017-10-16 18:00:00,164.4,hydro,MW,nem,NSW1
2017-10-16 18:05:00,163.6,hydro,MW,nem,NSW1
2017-10-16 18:10:00,163.4,hydro,MW,nem,NSW1
2017-10-16 18:15:00,164.7,hydro,MW,nem,NSW1
2017-10-16 18:20:00,162.9,hydro,MW,nem,NSW1
2017-10-16 18:25:00,163.2,hydro,MW,nem,NSW1
2017-10-16 18:30:00,163.0,hydro,MW,nem,NSW1
2017-10-16 18:35:00,164.7,hydro,MW,nem,NSW1
2017-10-16 18:40:00,164.1,hydro,MW,nem,NSW1
2017-10-16 18:45:00,164.3,hydro,MW,nem,NSW1
2017-10-16 18:50:00,164.1,hydro,MW,nem,NSW1
2017-10-16 18:55:00,163.2,hydro,MW,nem,NSW1
2017-10-16 19:00:00,165.1,hydro,MW,nem,NSW1
2017-10-16 19:05:00,163.9,hydro,MW,nem,NSW1
2017-10-16 19:10:00,164.6,hydro,MW,nem,NSW1
2017-10-16 19:15:00,162.8,hydro,MW,nem,NSW1
2017-10-16 19:20:00,163.9,hydro,MW,nem,NSW1
2017-10-16 19:25:00,164.0,hydro,MW,nem,NSW1
2017-10-16 19:30:00,164.3,hydro,MW,nem,NSW1
2017-10-16 19:35:00,164.1,hydro,MW,nem,NSW1
2017-10-16 19:40:00,164.5,hydro,MW,nem,NSW1
2017-10-16 19:45:00,162.6,hydro,MW,nem,NSW1
2017-10-16 19:50:00,164.6,hydro,MW,nem,NSW1
2017-10-16 19:55:00,163.9,hydro,MW,nem,NSW1
2017-10-16 20:00:00,164.2,hydro,MW,nem,NSW1
2017-10-16 20:05:00,163.8,hydro,MW,nem,NSW1
2017-10-16 20:10:00,164.0,hydro,MW,nem,NSW1
2017-10-16 20:15:00,163.5,hydro,MW,nem,NSW1
2017-10-16 20:20:00,164.9,hydro,MW,nem,NSW1
2017-10-16 20:25:00,164.0,hydro,MW,nem,NSW1
2017-10-16 20:30:00,163.8,hydro,MW,nem,NSW1
2017-10-16 20:35:00,164.8,hydro,MW,nem,NSW1
2017-10-16 20:40:00,164.1,hydro,MW,nem,NSW1
2017-10-16 20:45:00,163.3,hydro,MW,nem,NSW1
2017-10-16 20:50:00,164.0,hydro,MW,nem,NSW1
2017-10-16 20:55:00,162.5,hydro,MW,nem,NSW1
2017-10-16 21:00:00,163.7,hydro,MW,nem,NSW1
2017-10-16 21:05:00,164.9,hydro,MW,nem,NSW1
2017-10-16 21:10:00,162.6,hydro,MW,nem,NSW1
2017-10-16 21:15:00,164.8,hydro,MW,nem,NSW1
2017-10-16 21:20:00,163.9,hydro,MW,nem,NSW1
2017-10-16 21:25:00,163.4,hydro,MW,nem,NSW1
2017-10-16 21:30:00,164.0,hydro,MW,nem,NSW1
2017-10-16 21:35:00,163.3,hydro,MW,nem,NSW1
2017-10-16 21:40:00,163.7,hydro,MW,nem,NSW1
2017-10-16 21:45:00,163.1,hydro,MW,nem,NSW1
2017-10-16 21:50:00,164.1,hydro,MW,nem,NSW1
2017-10-16 21:55:00,163.7,hydro,MW,nem,NSW1
2017-10-16 22:00:00,163.5,hydro,MW,nem,NSW1
2017-10-16 22:05:00,164.2,hydro,MW,nem,NSW1
2017-10-16 22:10:00,164.7,hydro,MW,nem,NSW1
2017-10-16 22:15:00,163.9,hydro,MW,nem,NSW1
2017-10-16 22:20:00,164.8,hydro,MW,nem,NSW1
2017-10-16 22:25:00,164.3,hydro,MW,nem,NSW1
2017-10-16 22:30:00,165.1,hydro,MW,nem,NSW1
2017-10-16 22:35:00,164.6,hydro,MW,nem,NSW1
2017-10-16 22:40:00,163.2,hydro,MW,nem,NSW1
2017-10-16 22:45:00,163.7,hydro,MW,nem,NSW1
2017-10-16 22:50:00,163.7,hydro,MW,nem,NSW1
2017-10-16 22:55:00,164.1,hydro,MW,nem,NSW1
2017-10-16 23:00:00,163.6,hydro,MW,nem,NSW1
2017-10-16 23:05:00,162.3,hydro,MW,nem,NSW1
2017-10-16 23:10:00,163.3,hydro,MW,nem,NSW1
2017-10-16 23:15:00,164.6,hydro,MW,nem,NSW1
2017-10-16 23:20:00,163.1,hydro,MW,nem,NSW1
2017-10-16 23:25:00,163.3,hydro,MW,nem,NSW1
2017-10-16 23:30:00,163.4,hydro,MW,nem,NSW1
2017-10-16 23:35:00,164.3,hydro,MW,nem,NSW1
2017-10-16 23:40:00,163.7,hydro,MW,nem,NSW1
2017-10-16 23:45:00,163.7,hydro,MW,nem,NSW1
2017-10-16 23:50:00,163.8,hydro,MW,nem,NSW1
2017-10-16 23:55:00,163.8,hydro,MW,nem,NSW1
2017-10-17 00:00:00,163.7,hydro,MW,nem,NSW1
2017-10-17 00:05:00,163.9,hydro,MW,nem,NSW1
2017-10-17 00:10:00,163.2,hydro,MW,nem,NSW1
2017-10-17 00:15:00,163.9,hydro,MW,nem,NSW1
2017-10-17 00:20:00,164.0,hydro,MW,nem,NSW1
2017-10-17 00:25:00,164.6,hydro,MW,nem,NSW1
2017-10-17 00:30:00,160.0,hydro,MW,nem,NSW1
2017-10-17 00:35:00,158.3,hydro,MW,nem,NSW1
2017-10-17 00:40:00,159.1,hydro,MW,nem,NSW1
2017-10-17 00:45:00,160.0,hydro,MW,nem,NSW1
2017-10-17 00:50:00,159.1,hydro,MW,nem,NSW1
2017-10-17 00:55:00,158.3,hydro,MW,nem,NSW1
2017-10-17 01:00:00,159.6,hydro,MW,nem,NSW1
2017-10-17 01:05:00,158.4,hydro,MW,nem,NSW1
2017-10-17 01:10:00,159.8,hydro,MW,nem,NSW1
2017-10-17 01:15:00,159.3,hydro,MW,nem,NSW1
2017-10-17 01:20:00,158.1,hydro,MW,nem,NSW1
2017-10-17 01:25:00,158.5,hydro,MW,nem,NSW1
2017-10-17 01:30:00,159.6,hydro,MW,nem,NSW1
2017-10-17 01:35:00,159.6,hydro,MW,nem,NSW1
2017-10-17 01:40:00,158.3,hydro,MW,nem,NSW1
2017-10-17 01:45:00,158.8,hydro,MW,nem,NSW1
2017-10-17 01:50:00,158.0,hydro,MW,nem,NSW1
2017-10-17 01:55:00,158.0,hydro,MW,nem,NSW1
2017-10-17 02:00:00,158.6,hydro,MW,nem,NSW1
2017-10-17 02:05:00,159.8,hydro,MW,nem,NSW1
2017-10-17 02:10:00,159.1,hydro,MW,nem,NSW1
2017-10-17 02:15:00,157.8,hydro,MW,nem,NSW1
2017-10-17 02:20:00,160.0,hydro,MW,nem,NSW1
2017-10-17 02:25:00,159.3,hydro,MW,nem,NSW1
2017-10-17 02:30:00,158.9,hydro,MW,nem,NSW1
2017-10-17 02:35:00,158.2,hydro,MW,nem,NSW1
2017-10-17 02:40:00,159.6,hydro,MW,nem,NSW1
2017-10-17 02:45:00,160.4,hydro,MW,nem,NSW1
2017-10-17 02:50:00,160.0,hydro,MW,nem,NSW1
2017-10-17 02:55:00,159.7,hydro,MW,nem,NSW1
2017-10-17 03:00:00,159.3,hydro,MW,nem,NSW1
2017-10-17 03:05:00,159.3,hydro,MW,nem,NSW1
2017-10-17 03:10:00,158.9,hydro,MW,nem,NSW1
2017-10-17 03:15:00,158.8,hydro,MW,nem,NSW1
2017-10-17 03:20:00,160.1,hydro,MW,nem,NSW1
2017-10-17 03:25:00,158.8,hydro,MW,nem,NSW1
2017-10-17 03:30:00,157.2,hydro,MW,nem,NSW1
2017-10-17 03:35:00,158.7,hydro,MW,nem,NSW1
2017-10-17 03:40:00,158.6,hydro,MW,nem,NSW1
2017-10-17 03:45:00,158.1,hydro,MW,nem,NSW1
2017-10-17 03:50:00,157.9,hydro,MW,nem,NSW1
2017-10-17 03:55:00,159.7,hydro,MW,nem,NSW1
2017-10-17 04:00:00,158.4,hydro,MW,nem,NSW1
2017-10-17 04:05:00,158.1,hydro,MW,nem,NSW1
2017-10-17 04:10:00,158.6,hydro,MW,nem,NSW1
2017-10-17 04:15:00,157.8,hydro,MW,nem,NSW1
2017-10-17 04:20:00,158.0,hydro,MW,nem,NSW1
2017-10-17 04:25:00,159.0,hydro,MW,nem,NSW1
2017-10-17 04:30:00,158.7,hydro,MW,nem,NSW1
2017-10-17 04:35:00,158.7,hydro,MW,nem,NSW1
2017-10-17 04:40:00,157.5,hydro,MW,nem,NSW1
2017-10-17 04:45:00,157.6,hydro,MW,nem,NSW1
2017-10-17 04:50:00,158.9,hydro,MW,nem,NSW1
2017-10-17 04:55:00,159.5,hydro,MW,nem,NSW1
2017-10-17 05:00:00,158.7,hydro,MW,nem,NSW1
2017-10-17 05:05:00,159.4,hydro,MW,nem,NSW1
2017-10-17 05:10:00,159.0,hydro,MW,nem,NSW1
2017-10-17 05:15:00,158.4,hydro,MW,nem,NSW1
2017-10-17 05:20:00,160.6,hydro,MW,nem,NSW1
2017-10-17 05:25:00,159.4,hydro,MW,nem,NSW1
2017-10-17 05:30:00,160.1,hydro,MW,nem,NSW1
2017-10-17 05:35:00,158.3,hydro,MW,nem,NSW1
2017-10-17 05:40:00,158.3,hydro,MW,nem,NSW1
2017-10-17 05:45:00,158.0,hydro,MW,nem,NSW1
2017-10-17 05:50:00,159.2,hydro,MW,nem,NSW1
2017-10-17 05:55:00,158.6,hydro,MW,nem,NSW1
2017-10-17 06:00:00,163.2,hydro,MW,nem,NSW1
2017-10-17 06:05:00,160.0,hydro,MW,nem,NSW1
2017-10-17 06:10:00,158.4,hydro,MW,nem,NSW1
2017-10-17 06:15:00,160.8,hydro,MW,nem,NSW1
2017-10-17 06:20:00,159.2,hydro,MW,nem,NSW1
2017-10-17 06:25:00,158.1,hydro,MW,nem,NSW1
2017-10-17 06:30:00,158.7,hydro,MW,nem,NSW1
2017-10-17 06:35:00,158.8,hydro,MW,nem,NSW1
2017-10-17 06:40:00,159.2,hydro,MW,nem,NSW1
2017-10-17 06:45:00,159.6,hydro,MW,nem,NSW1
2017-10-17 06:50:00,159.1,hydro,MW,nem,NSW1
2017-10-17 06:55:00,159.5,hydro,MW,nem,NSW1
2017-10-17 07:00:00,158.0,hydro,MW,nem,NSW1
2017-10-17 07:05:00,158.7,hydro,MW,nem,NSW1
2017-10-17 07:10:00,159.4,hydro,MW,nem,NSW1
2017-10-17 07:15:00,159.6,hydro,MW,nem,NSW1
2017-10-17 07:20:00,159.9,hydro,MW,nem,NSW1
2017-10-17 07:25:00,164.0,hydro,MW,nem,NSW1
2017-10-17 07:30:00,164.3,hydro,MW,nem,NSW1
2017-10-17 07:35:00,164.3,hydro,MW,nem,NSW1
2017-10-17 07:40:00,163.8,hydro,MW,nem,NSW1
2017-10-17 07:45:00,163.4,hydro,MW,nem,NSW1
2017-10-17 07:50:00,164.7,hydro,MW,nem,NSW1
2017-10-17 07:55:00,163.8,hydro,MW,nem,NSW1
2017-10-17 08:00:00,163.2,hydro,MW,nem,NSW1
2017-10-17 08:05:00,163.9,hydro,MW,nem,NSW1
2017-10-17 08:10:00,164.0,hydro,MW,nem,NSW1
2017-10-17 08:15:00,163.7,hydro,MW,nem,NSW1
2017-10-17 08:20:00,163.9,hydro,MW,nem,NSW1
2017-10-17 08:25:00,164.1,hydro,MW,nem,NSW1
2017-10-17 08:30:00,163.9,hydro,MW,nem,NSW1
2017-10-17 08:35:00,164.1,hydro,MW,nem,NSW1
2017-10-17 08:40:00,418.9,hydro,MW,nem,NSW1
2017-10-17 08:45:00,422.9,hydro,MW,nem,NSW1
2017-10-17 08:50:00,415.6,hydro,MW,nem,NSW1
2017-10-17 08:55:00,404.3,hydro,MW,nem,NSW1
2017-10-17 09:00:00,398.7,hydro,MW,nem,NSW1
2017-10-17 09:05:00,404.2,hydro,MW,nem,NSW1
2017-10-17 09:10:00,517.7,hydro,MW,nem,NSW1
2017-10-17 09:15:00,518.8,hydro,MW,nem,NSW1
2017-10-17 09:20:00,507.9,hydro,MW,nem,NSW1
2017-10-17 09:25:00,509.8,hydro,MW,nem,NSW1
2017-10-17 09:30:00,502.3,hydro,MW,nem,NSW1
2017-10-17 09:35:00,493.8,hydro,MW,nem,NSW1
2017-10-17 09:40:00,493.2,hydro,MW,nem,NSW1
2017-10-17 09:45:00,495.2,hydro,MW,nem,NSW1
2017-10-17 09:50:00,496.8,hydro,MW,nem,NSW1
2017-10-17 09:55:00,486.3,hydro,MW,nem,NSW1
2017-10-17 10:00:00,501.9,hydro,MW,nem,NSW1
2017-10-17 10:05:00,493.1,hydro,MW,nem,NSW1
2017-10-17 10:10:00,494.6,hydro,MW,nem,NSW1
2017-10-17 10:15:00,506.5,hydro,MW,nem,NSW1
2017-10-17 10:20:00,531.3,hydro,MW,nem,NSW1
2017-10-17 10:25:00,546.2,hydro,MW,nem,NSW1
2017-10-17 10:30:00,546.1,hydro,MW,nem,NSW1
2017-10-17 10:35:00,544.7,hydro,MW,nem,NSW1
2017-10-17 10:40:00,290.0,hydro,MW,nem,NSW1
2017-10-17 10:45:00,164.5,hydro,MW,nem,NSW1
2017-10-17 10:50:00,164.1,hydro,MW,nem,NSW1
2017-10-17 10:55:00,163.1,hydro,MW,nem,NSW1
2017-10-17 11:00:00,163.9,hydro,MW,nem,NSW1
2017-10-17 11:05:00,163.6,hydro,MW,nem,NSW1
2017-10-17 11:10:00,164.1,hydro,MW,nem,NSW1
2017-10-17 11:15:00,164.1,hydro,MW,nem,NSW1
2017-10-17 11:20:00,165.4,hydro,MW,nem,NSW1
2017-10-17 11:25:00,164.1,hydro,MW,nem,NSW1
2017-10-17 11:30:00,165.0,hydro,MW,nem,NSW1
2017-10-17 11:35:00,164.1,hydro,MW,nem,NSW1
2017-10-17 11:40:00,163.8,hydro,MW,nem,NSW1
2017-10-17 11:45:00,164.4,hydro,MW,nem,NSW1
2017-10-17 11:50:00,164.6,hydro,MW,nem,NSW1
2017-10-17 11:55:00,163.7,hydro,MW,nem,NSW1
2017-10-17 12:00:00,163.2,hydro,MW,nem,NSW1
2017-10-17 12:05:00,163.4,hydro,MW,nem,NSW1
2017-10-17 12:10:00,164.2,hydro,MW,nem,NSW1
2017-10-17 12:15:00,209.5,hydro,MW,nem,NSW1
2017-10-17 12:20:00,235.3,hydro,MW,nem,NSW1
2017-10-17 12:25:00,164.2,hydro,MW,nem,NSW1
2017-10-17 12:30:00,163.6,hydro,MW,nem,NSW1
2017-10-17 12:35:00,163.8,hydro,MW,nem,NSW1
2017-10-17 12:40:00,164.2,hydro,MW,nem,NSW1
2017-10-17 12:45:00,164.8,hydro,MW,nem,NSW1
2017-10-17 12:50:00,165.8,hydro,MW,nem,NSW1
2017-10-17 12:55:00,169.5,hydro,MW,nem,NSW1
2017-10-17 13:00:00,167.8,hydro,MW,nem,NSW1
2017-10-17 13:05:00,168.7,hydro,MW,nem,NSW1
2017-10-17 13:10:00,169.5,hydro,MW,nem,NSW1
2017-10-17 13:15:00,167.8,hydro,MW,nem,NSW1
2017-10-17 13:20:00,169.4,hydro,MW,nem,NSW1
2017-10-17 13:25:00,169.5,hydro,MW,nem,NSW1
2017-10-17 13:30:00,169.3,hydro,MW,nem,NSW1
2017-10-17 13:35:00,175.6,hydro,MW,nem,NSW1
2017-10-17 13:40:00,420.9,hydro,MW,nem,NSW1
2017-10-17 13:45:00,429.7,hydro,MW,nem,NSW1
2017-10-17 13:50:00,432.6,hydro,MW,nem,NSW1
2017-10-17 13:55:00,434.9,hydro,MW,nem,NSW1
2017-10-17 14:00:00,423.3,hydro,MW,nem,NSW1
2017-10-17 14:05:00,429.9,hydro,MW,nem,NSW1
2017-10-17 14:10:00,547.5,hydro,MW,nem,NSW1
2017-10-17 14:15:00,549.3,hydro,MW,nem,NSW1
2017-10-17 14:20:00,552.1,hydro,MW,nem,NSW1
2017-10-17 14:25:00,552.1,hydro,MW,nem,NSW1
2017-10-17 14:30:00,549.6,hydro,MW,nem,NSW1
2017-10-17 14:35:00,545.3,hydro,MW,nem,NSW1
2017-10-17 14:40:00,549.2,hydro,MW,nem,NSW1
2017-10-17 14:45:00,553.9,hydro,MW,nem,NSW1
2017-10-17 14:50:00,540.5,hydro,MW,nem,NSW1
2017-10-17 14:55:00,554.2,hydro,MW,nem,NSW1
2017-10-17 15:00:00,547.3,hydro,MW,nem,NSW1
2017-10-17 15:05:00,541.2,hydro,MW,nem,NSW1
2017-10-17 15:10:00,536.5,hydro,MW,nem,NSW1
2017-10-17 15:15:00,563.8,hydro,MW,nem,NSW1
2017-10-17 15:20:00,557.2,hydro,MW,nem,NSW1
2017-10-17 15:25:00,302.2,hydro,MW,nem,NSW1
2017-10-17 15:30:00,169.2,hydro,MW,nem,NSW1
2017-10-17 15:35:00,167.8,hydro,MW,nem,NSW1
2017-10-17 15:40:00,167.7,hydro,MW,nem,NSW1
2017-10-17 15:45:00,168.5,hydro,MW,nem,NSW1
2017-10-17 15:50:00,169.2,hydro,MW,nem,NSW1
2017-10-17 15:55:00,168.1,hydro,MW,nem,NSW1
2017-10-17 16:00:00,205.2,hydro,MW,nem,NSW1
2017-10-17 16:05:00,168.7,hydro,MW,nem,NSW1
2017-10-17 16:10:00,168.8,hydro,MW,nem,NSW1
2017-10-17 16:15:00,169.2,hydro,MW,nem,NSW1
2017-10-17 16:20:00,168.4,hydro,MW,nem,NSW1
2017-10-17 16:25:00,168.2,hydro,MW,nem,NSW1
2017-10-17 16:30:00,169.8,hydro,MW,nem,NSW1
2017-10-17 16:35:00,168.5,hydro,MW,nem,NSW1
2017-10-17 16:40:00,168.4,hydro,MW,nem,NSW1
2017-10-17 16:45:00,169.5,hydro,MW,nem,NSW1
2017-10-17 16:50:00,167.5,hydro,MW,nem,NSW1
2017-10-17 16:55:00,168.6,hydro,MW,nem,NSW1
2017-10-17 17:00:00,168.7,hydro,MW,nem,NSW1
2017-10-17 17:05:00,168.7,hydro,MW,nem,NSW1
2017-10-17 17:10:00,168.4,hydro,MW,nem,NSW1
2017-10-17 17:15:00,169.2,hydro,MW,nem,NSW1
2017-10-17 17:20:00,169.3,hydro,MW,nem,NSW1
2017-10-17 17:25:00,168.3,hydro,MW,nem,NSW1
2017-10-17 17:30:00,169.3,hydro,MW,nem,NSW1
2017-10-17 17:35:00,169.2,hydro,MW,nem,NSW1
2017-10-17 17:40:00,168.6,hydro,MW,nem,NSW1
2017-10-17 17:45:00,168.4,hydro,MW,nem,NSW1
2017-10-17 17:50:00,168.5,hydro,MW,nem,NSW1
2017-10-17 17:55:00,168.5,hydro,MW,nem,NSW1
2017-10-17 18:00:00,169.8,hydro,MW,nem,NSW1
2017-10-17 18:05:00,168.4,hydro,MW,nem,NSW1
2017-10-17 18:10:00,168.4,hydro,MW,nem,NSW1
2017-10-17 18:15:00,168.0,hydro,MW,nem,NSW1
2017-10-17 18:20:00,169.0,hydro,MW,nem,NSW1
2017-10-17 18:25:00,170.1,hydro,MW,nem,NSW1
2017-10-17 18:30:00,168.2,hydro,MW,nem,NSW1
2017-10-17 18:35:00,169.9,hydro,MW,nem,NSW1
2017-10-17 18:40:00,168.3,hydro,MW,nem,NSW1
2017-10-17 18:45:00,168.2,hydro,MW,nem,NSW1
2017-10-17 18:50:00,168.9,hydro,MW,nem,NSW1
2017-10-17 18:55:00,168.1,hydro,MW,nem,NSW1
2017-10-17 19:00:00,168.9,hydro,MW,nem,NSW1
2017-10-17 19:05:00,168.5,hydro,MW,nem,NSW1
2017-10-17 19:10:00,170.0,hydro,MW,nem,NSW1
2017-10-17 19:15:00,168.8,hydro,MW,nem,NSW1
2017-10-17 19:20:00,169.4,hydro,MW,nem,NSW1
2017-10-17 19:25:00,168.6,hydro,MW,nem,NSW1
2017-10-17 19:30:00,169.4,hydro,MW,nem,NSW1
2017-10-17 19:35:00,169.4,hydro,MW,nem,NSW1
2017-10-17 19:40:00,168.0,hydro,MW,nem,NSW1
2017-10-17 19:45:00,168.2,hydro,MW,nem,NSW1
2017-10-17 19:50:00,169.2,hydro,MW,nem,NSW1
2017-10-17 19:55:00,168.9,hydro,MW,nem,NSW1
2017-10-17 20:00:00,168.0,hydro,MW,nem,NSW1
2017-10-17 20:05:00,168.0,hydro,MW,nem,NSW1
2017-10-17 20:10:00,168.8,hydro,MW,nem,NSW1
2017-10-17 20:15:00,168.8,hydro,MW,nem,NSW1
2017-10-17 20:20:00,168.5,hydro,MW,nem,NSW1
2017-10-17 20:25:00,167.8,hydro,MW,nem,NSW1
2017-10-17 20:30:00,168.4,hydro,MW,nem,NSW1
2017-10-17 20:35:00,167.9,hydro,MW,nem,NSW1
2017-10-17 20:40:00,169.1,hydro,MW,nem,NSW1
2017-10-17 20:45:00,172.2,hydro,MW,nem,NSW1
2017-10-17 20:50:00,235.3,hydro,MW,nem,NSW1
2017-10-17 20:55:00,168.6,hydro,MW,nem,NSW1
2017-10-17 21:00:00,167.0,hydro,MW,nem,NSW1
2017-10-17 21:05:00,168.3,hydro,MW,nem,NSW1
2017-10-17 21:10:00,168.8,hydro,MW,nem,NSW1
2017-10-17 21:15:00,168.8,hydro,MW,nem,NSW1
2017-10-17 21:20:00,168.2,hydro,MW,nem,NSW1
2017-10-17 21:25:00,168.2,hydro,MW,nem,NSW1
2017-10-17 21:30:00,167.9,hydro,MW,nem,NSW1
2017-10-17 21:35:00,169.8,hydro,MW,nem,NSW1
2017-10-17 21:40:00,220.0,hydro,MW,nem,NSW1
2017-10-17 21:45:00,219.8,hydro,MW,nem,NSW1
2017-10-17 21:50:00,224.7,hydro,MW,nem,NSW1
2017-10-17 21:55:00,224.0,hydro,MW,nem,NSW1
2017-10-17 22:00:00,222.1,hydro,MW,nem,NSW1
2017-10-17 22:05:00,225.4,hydro,MW,nem,NSW1
2017-10-17 22:10:00,220.8,hydro,MW,nem,NSW1
2017-10-17 22:15:00,225.0,hydro,MW,nem,NSW1
2017-10-17 22:20:00,224.6,hydro,MW,nem,NSW1
2017-10-17 22:25:00,221.9,hydro,MW,nem,NSW1
2017-10-17 22:30:00,225.8,hydro,MW,nem,NSW1
2017-10-17 22:35:00,224.7,hydro,MW,nem,NSW1
2017-10-17 22:40:00,223.6,hydro,MW,nem,NSW1
2017-10-17 22:45:00,225.2,hydro,MW,nem,NSW1
2017-10-17 22:50:00,222.9,hydro,MW,nem,NSW1
2017-10-17 22:55:00,221.7,hydro,MW,nem,NSW1
2017-10-17 23:00:00,222.2,hydro,MW,nem,NSW1
2017-10-17 23:05:00,223.9,hydro,MW,nem,NSW1
2017-10-17 23:10:00,222.1,hydro,MW,nem,NSW1
2017-10-17 23:15:00,220.6,hydro,MW,nem,NSW1
2017-10-17 23:20:00,223.5,hydro,MW,nem,NSW1
2017-10-17 23:25:00,223.8,hydro,MW,nem,NSW1
2017-10-17 23:30:00,224.5,hydro,MW,nem,NSW1
2017-10-17 23:35:00,223.1,hydro,MW,nem,NSW1
2017-10-17 23:40:00,221.9,hydro,MW,nem,NSW1
2017-10-17 23:45:00,223.5,hydro,MW,nem,NSW1
2017-10-17 23:50:00,224.2,hydro,MW,nem,NSW1
2017-10-17 23:55:00,221.9,hydro,MW,nem,NSW1
2017-10-18 00:00:00,223.0,hydro,MW,nem,NSW1
2017-10-18 00:05:00,225.2,hydro,MW,nem,NSW1
2017-10-18 00:10:00,168.8,hydro,MW,nem,NSW1
2017-10-18 00:15:00,168.1,hydro,MW,nem,NSW1
2017-10-18 00:20:00,167.8,hydro,MW,nem,NSW1
2017-10-18 00:25:00,167.9,hydro,MW,nem,NSW1
2017-10-18 00:30:00,169.2,hydro,MW,nem,NSW1
2017-10-18 00:35:00,168.6,hydro,MW,nem,NSW1
2017-10-18 00:40:00,168.5,hydro,MW,nem,NSW1
2017-10-18 00:45:00,167.8,hydro,MW,nem,NSW1
2017-10-18 00:50:00,168.3,hydro,MW,nem,NSW1
2017-10-18 00:55:00,167.3,hydro,MW,nem,NSW1
2017-10-18 01:00:00,168.8,hydro,MW,nem,NSW1
2017-10-18 01:05:00,167.3,hydro,MW,nem,NSW1
2017-10-18 01:10:00,169.9,hydro,MW,nem,NSW1
2017-10-18 01:15:00,169.1,hydro,MW,nem,NSW1
2017-10-18 01:20:00,168.6,hydro,MW,nem,NSW1
2017-10-18 01:25:00,168.3,hydro,MW,nem,NSW1
2017-10-18 01:30:00,168.9,hydro,MW,nem,NSW1
2017-10-18 01:35:00,168.0,hydro,MW,nem,NSW1
2017-10-18 01:40:00,167.5,hydro,MW,nem,NSW1
2017-10-18 01:45:00,168.9,hydro,MW,nem,NSW1
2017-10-18 01:50:00,168.1,hydro,MW,nem,NSW1
2017-10-18 01:55:00,167.6,hydro,MW,nem,NSW1
2017-10-18 02:00:00,169.0,hydro,MW,nem,NSW1
2017-10-18 02:05:00,167.8,hydro,MW,nem,NSW1
2017-10-18 02:10:00,167.3,hydro,MW,nem,NSW1
2017-10-18 02:15:00,169.0,hydro,MW,nem,NSW1
2017-10-18 02:20:00,169.3,hydro,MW,nem,NSW1
2017-10-18 02:25:00,167.2,hydro,MW,nem,NSW1
2017-10-18 02:30:00,168.8,hydro,MW,nem,NSW1
2017-10-18 02:35:00,166.8,hydro,MW,nem,NSW1
2017-10-18 02:40:00,168.2,hydro,MW,nem,NSW1
2017-10-18 02:45:00,167.4,hydro,MW,nem,NSW1
2017-10-18 02:50:00,169.7,hydro,MW,nem,NSW1
2017-10-18 02:55:00,168.3,hydro,MW,nem,NSW1
2017-10-18 03:00:00,168.2,hydro,MW,nem,NSW1
2017-10-18 03:05:00,168.7,hydro,MW,nem,NSW1
2017-10-18 03:10:00,167.0,hydro,MW,nem,NSW1
2017-10-18 03:15:00,169.0,hydro,MW,nem,NSW1
2017-10-18 03:20:00,168.4,hydro,MW,nem,NSW1
2017-10-18 03:25:00,167.8,hydro,MW,nem,NSW1
2017-10-18 03:30:00,168.5,hydro,MW,nem,NSW1
2017-10-18 03:35:00,167.9,hydro,MW,nem,NSW1
2017-10-18 03:40:00,169.2,hydro,MW,nem,NSW1
2017-10-18 03:45:00,168.6,hydro,MW,nem,NSW1
2017-10-18 03:50:00,168.9,hydro,MW,nem,NSW1
2017-10-18 03:55:00,168.0,hydro,MW,nem,NSW1
2017-10-18 04:00:00,167.6,hydro,MW,nem,NSW1
2017-10-18 04:05:00,166.4,hydro,MW,nem,NSW1
2017-10-18 04:10:00,167.6,hydro,MW,nem,NSW1
2017-10-18 04:15:00,167.5,hydro,MW,nem,NSW1
2017-10-18 04:20:00,168.3,hydro,MW,nem,NSW1
2017-10-18 04:25:00,168.2,hydro,MW,nem,NSW1
2017-10-18 04:30:00,168.3,hydro,MW,nem,NSW1
2017-10-18 04:35:00,169.1,hydro,MW,nem,NSW1
2017-10-18 04:40:00,169.1,hydro,MW,nem,NSW1
2017-10-18 04:45:00,167.0,hydro,MW,nem,NSW1
2017-10-18 04:50:00,168.8,hydro,MW,nem,NSW1
2017-10-18 04:55:00,167.1,hydro,MW,nem,NSW1
2017-10-18 05:00:00,167.0,hydro,MW,nem,NSW1
2017-10-18 05:05:00,167.9,hydro,MW,nem,NSW1
2017-10-18 05:10:00,169.3,hydro,MW,nem,NSW1
2017-10-18 05:15:00,168.3,hydro,MW,nem,NSW1
2017-10-18 05:20:00,167.9,hydro,MW,nem,NSW1
2017-10-18 05:25:00,169.2,hydro,MW,nem,NSW1
2017-10-18 05:30:00,168.2,hydro,MW,nem,NSW1
2017-10-18 05:35:00,169.3,hydro,MW,nem,NSW1
2017-10-18 05:40:00,167.9,hydro,MW,nem,NSW1
2017-10-18 05:45:00,169.2,hydro,MW,nem,NSW1
2017-10-18 05:50:00,168.3,hydro,MW,nem,NSW1
2017-10-18 05:55:00,169.1,hydro,MW,nem,NSW1
2017-10-18 06:00:00,169.6,hydro,MW,nem,NSW1
2017-10-18 06:05:00,168.5,hydro,MW,nem,NSW1
2017-10-18 06:10:00,167.3,hydro,MW,nem,NSW1
2017-10-18 06:15:00,169.5,hydro,MW,nem,NSW1
2017-10-18 06:20:00,167.9,hydro,MW,nem,NSW1
2017-10-18 06:25:00,167.9,hydro,MW,nem,NSW1
2017-10-18 06:30:00,167.7,hydro,MW,nem,NSW1
2017-10-18 06:35:00,168.3,hydro,MW,nem,NSW1
2017-10-18 06:40:00,167.5,hydro,MW,nem,NSW1
2017-10-18 06:45:00,168.8,hydro,MW,nem,NSW1
2017-10-18 06:50:00,168.5,hydro,MW,nem,NSW1
2017-10-18 06:55:00,168.8,hydro,MW,nem,NSW1
2017-10-18 07:00:00,167.4,hydro,MW,nem,NSW1
2017-10-18 07:05:00,168.9,hydro,MW,nem,NSW1
2017-10-18 07:10:00,168.7,hydro,MW,nem,NSW1
2017-10-18 07:15:00,168.1,hydro,MW,nem,NSW1
2017-10-18 07:20:00,167.9,hydro,MW,nem,NSW1
2017-10-18 07:25:00,169.0,hydro,MW,nem,NSW1
2017-10-18 07:30:00,168.9,hydro,MW,nem,NSW1
2017-10-18 07:35:00,169.3,hydro,MW,nem,NSW1
2017-10-18 07:40:00,168.7,hydro,MW,nem,NSW1
2017-10-18 07:45:00,168.0,hydro,MW,nem,NSW1
2017-10-18 07:50:00,167.4,hydro,MW,nem,NSW1
2017-10-18 07:55:00,166.3,hydro,MW,nem,NSW1
2017-10-18 08:00:00,167.5,hydro,MW,nem,NSW1
2017-10-18 08:05:00,167.9,hydro,MW,nem,NSW1
2017-10-18 08:10:00,168.3,hydro,MW,nem,NSW1
2017-10-18 08:15:00,168.4,hydro,MW,nem,NSW1
2017-10-18 08:20:00,167.8,hydro,MW,nem,NSW1
2017-10-18 08:25:00,170.0,hydro,MW,nem,NSW1
2017-10-18 08:30:00,168.7,hydro,MW,nem,NSW1
2017-10-18 08:35:00,169.6,hydro,MW,nem,NSW1
2017-10-18 08:40:00,167.6,hydro,MW,nem,NSW1
2017-10-18 08:45:00,168.2,hydro,MW,nem,NSW1
2017-10-18 08:50:00,168.3,hydro,MW,nem,NSW1
2017-10-18 08:55:00,167.5,hydro,MW,nem,NSW1
2017-10-18 09:00:00,168.5,hydro,MW,nem,NSW1
2017-10-18 09:05:00,168.6,hydro,MW,nem,NSW1
2017-10-18 09:10:00,167.2,hydro,MW,nem,NSW1
2017-10-18 09:15:00,168.0,hydro,MW,nem,NSW1
2017-10-18 09:20:00,169.2,hydro,MW,nem,NSW1
2017-10-18 09:25:00,168.3,hydro,MW,nem,NSW1
2017-10-18 09:30:00,168.5,hydro,MW,nem,NSW1
2017-10-18 09:35:00,169.3,hydro,MW,nem,NSW1
2017-10-18 09:40:00,168.7,hydro,MW,nem,NSW1
2017-10-18 09:45:00,168.2,hydro,MW,nem,NSW1
2017-10-18 09:50:00,168.1,hydro,MW,nem,NSW1
2017-10-18 09:55:00,167.7,hydro,MW,nem,NSW1
2017-10-18 10:00:00,168.4,hydro,MW,nem,NSW1
2017-10-18 10:05:00,169.8,hydro,MW,nem,NSW1
2017-10-18 10:10:00,167.9,hydro,MW,nem,NSW1
2017-10-18 10:15:00,172.0,hydro,MW,nem,NSW1
2017-10-18 10:20:00,171.3,hydro,MW,nem,NSW1
2017-10-18 10:25:00,171.5,hydro,MW,nem,NSW1
2017-10-18 10:30:00,171.5,hydro,MW,nem,NSW1
2017-10-18 10:35:00,171.5,hydro,MW,nem,NSW1
2017-10-18 10:40:00,205.4,hydro,MW,nem,NSW1
2017-10-18 10:45:00,256.5,hydro,MW,nem,NSW1
2017-10-18 10:50:00,170.3,hydro,MW,nem,NSW1
2017-10-18 10:55:00,170.8,hydro,MW,nem,NSW1
2017-10-18 11:00:00,170.2,hydro,MW,nem,NSW1
2017-10-18 11:05:00,171.9,hydro,MW,nem,NSW1
2017-10-18 11:10:00,170.5,hydro,MW,nem,NSW1
2017-10-18 11:15:00,171.6,hydro,MW,nem,NSW1
2017-10-18 11:20:00,172.0,hydro,MW,nem,NSW1
2017-10-18 11:25:00,171.7,hydro,MW,nem,NSW1
2017-10-18 11:30:00,172.1,hydro,MW,nem,NSW1
2017-10-18 11:35:00,171.8,hydro,MW,nem,NSW1
2017-10-18 11:40:00,171.3,hydro,MW,nem,NSW1
2017-10-18 11:45:00,171.3,hydro,MW,nem,NSW1
2017-10-18 11:50:00,171.4,hydro,MW,nem,NSW1
2017-10-18 11:55:00,171.0,hydro,MW,nem,NSW1
2017-10-18 12:00:00,171.4,hydro,MW,nem,NSW1
2017-10-18 12:05:00,172.4,hydro,MW,nem,NSW1
2017-10-18 12:10:00,172.4,hydro,MW,nem,NSW1
2017-10-18 12:15:00,171.6,hydro,MW,nem,NSW1
2017-10-18 12:20:00,172.6,hydro,MW,nem,NSW1
2017-10-18 12:25:00,169.4,hydro,MW,nem,NSW1
2017-10-18 12:30:00,170.6,hydro,MW,nem,NSW1
2017-10-18 12:35:00,171.1,hydro,MW,nem,NSW1
2017-10-18 12:40:00,170.4,hydro,MW,nem,NSW1
2017-10-18 12:45:00,170.6,hydro,MW,nem,NSW1
2017-10-18 12:50:00,170.0,hydro,MW,nem,NSW1
2017-10-18 12:55:00,171.8,hydro,MW,nem,NSW1
2017-10-18 13:00:00,170.7,hydro,MW,nem,NSW1
2017-10-18 13:05:00,169.2,hydro,MW,nem,NSW1
2017-10-18 13:10:00,169.0,hydro,MW,nem,NSW1
2017-10-18 13:15:00,166.8,hydro,MW,nem,NSW1
2017-10-18 13:20:00,166.7,hydro,MW,nem,NSW1
2017-10-18 13:25:00,166.7,hydro,MW,nem,NSW1
2017-10-18 13:30:00,167.5,hydro,MW,nem,NSW1
2017-10-18 13:35:00,167.7,hydro,MW,nem,NSW1
2017-10-18 13:40:00,279.9,hydro,MW,nem,NSW1
2017-10-18 13:45:00,253.5,hydro,MW,nem,NSW1
2017-10-18 13:50:00,267.6,hydro,MW,nem,NSW1
2017-10-18 13:55:00,280.6,hydro,MW,nem,NSW1
2017-10-18 14:00:00,271.9,hydro,MW,nem,NSW1
2017-10-18 14:05:00,264.7,hydro,MW,nem,NSW1
2017-10-18 14:10:00,252.6,hydro,MW,nem,NSW1
2017-10-18 14:15:00,248.5,hydro,MW,nem,NSW1
2017-10-18 14:20:00,253.3,hydro,MW,nem,NSW1
2017-10-18 14:25:00,250.4,hydro,MW,nem,NSW1
2017-10-18 14:30:00,177.3,hydro,MW,nem,NSW1
2017-10-18 14:35:00,167.1,hydro,MW,nem,NSW1
2017-10-18 14:40:00,168.1,hydro,MW,nem,NSW1
2017-10-18 14:45:00,167.8,hydro,MW,nem,NSW1
2017-10-18 14:50:00,167.4,hydro,MW,nem,NSW1
2017-10-18 14:55:00,168.1,hydro,MW,nem,NSW1
2017-10-18 15:00:00,167.9,hydro,MW,nem,NSW1
2017-10-18 15:05:00,168.0,hydro,MW,nem,NSW1
2017-10-18 15:10:00,168.1,hydro,MW,nem,NSW1
2017-10-18 15:15:00,169.0,hydro,MW,nem,NSW1
2017-10-18 15:20:00,168.2,hydro,MW,nem,NSW1
2017-10-18 15:25:00,168.6,hydro,MW,nem,NSW1
2017-10-18 15:30:00,166.8,hydro,MW,nem,NSW1
2017-10-18 15:35:00,167.0,hydro,MW,nem,NSW1
2017-10-18 15:40:00,165.4,hydro,MW,nem,NSW1
2017-10-18 15:45:00,166.0,hydro,MW,nem,NSW1
2017-10-18 15:50:00,166.5,hydro,MW,nem,NSW1
2017-10-18 15:55:00,165.8,hydro,MW,nem,NSW1
2017-10-18 16:00:00,165.1,hydro,MW,nem,NSW1
2017-10-18 16:05:00,167.4,hydro,MW,nem,NSW1
2017-10-18 16:10:00,166.8,hydro,MW,nem,NSW1
2017-10-18 16:15:00,167.1,hydro,MW,nem,NSW1
2017-10-18 16:20:00,166.6,hydro,MW,nem,NSW1
2017-10-18 16:25:00,165.9,hydro,MW,nem,NSW1
2017-10-18 16:30:00,166.6,hydro,MW,nem,NSW1
2017-10-18 16:35:00,166.6,hydro,MW,nem,NSW1
2017-10-18 16:40:00,166.6,hydro,MW,nem,NSW1
2017-10-18 16:45:00,165.9,hydro,MW,nem,NSW1
2017-10-18 16:50:00,166.9,hydro,MW,nem,NSW1
2017-10-18 16:55:00,166.6,hydro,MW,nem,NSW1
2017-10-18 17:00:00,269.4,hydro,MW,nem,NSW1
2017-10-18 17:05:00,362.8,hydro,MW,nem,NSW1
2017-10-18 17:10:00,317.2,hydro,MW,nem,NSW1
2017-10-18 17:15:00,278.2,hydro,MW,nem,NSW1
2017-10-18 17:20:00,341.6,hydro,MW,nem,NSW1
2017-10-18 17:25:00,361.1,hydro,MW,nem,NSW1
2017-10-18 17:30:00,373.8,hydro,MW,nem,NSW1
2017-10-18 17:35:00,357.6,hydro,MW,nem,NSW1
2017-10-18 17:40:00,355.5,hydro,MW,nem,NSW1
2017-10-18 17:45:00,376.0,hydro,MW,nem,NSW1
2017-10-18 17:50:00,387.0,hydro,MW,nem,NSW1
2017-10-18 17:55:00,382.6,hydro,MW,nem,NSW1
2017-10-18 18:00:00,377.9,hydro,MW,nem,NSW1
2017-10-18 18:05:00,360.8,hydro,MW,nem,NSW1
2017-10-18 18:10:00,362.3,hydro,MW,nem,NSW1
2017-10-18 18:15:00,348.6,hydro,MW,nem,NSW1
2017-10-18 18:20:00,335.3,hydro,MW,nem,NSW1
2017-10-18 18:25:00,342.8,hydro,MW,nem,NSW1
2017-10-18 18:30:00,352.7,hydro,MW,nem,NSW1
2017-10-18 18:35:00,344.7,hydro,MW,nem,NSW1
2017-10-18 18:40:00,287.1,hydro,MW,nem,NSW1
2017-10-18 18:45:00,265.6,hydro,MW,nem,NSW1
2017-10-18 18:50:00,269.8,hydro,MW,nem,NSW1
2017-10-18 18:55:00,255.2,hydro,MW,nem,NSW1
2017-10-18 19:00:00,270.0,hydro,MW,nem,NSW1
2017-10-18 19:05:00,273.9,hydro,MW,nem,NSW1
2017-10-18 19:10:00,181.8,hydro,MW,nem,NSW1
2017-10-18 19:15:00,165.9,hydro,MW,nem,NSW1
2017-10-18 19:20:00,166.1,hydro,MW,nem,NSW1
2017-10-18 19:25:00,166.5,hydro,MW,nem,NSW1
2017-10-18 19:30:00,165.5,hydro,MW,nem,NSW1
2017-10-18 19:35:00,166.4,hydro,MW,nem,NSW1
2017-10-18 19:40:00,165.2,hydro,MW,nem,NSW1
2017-10-18 19:45:00,165.9,hydro,MW,nem,NSW1
2017-10-18 19:50:00,166.5,hydro,MW,nem,NSW1
2017-10-18 19:55:00,166.4,hydro,MW,nem,NSW1
2017-10-18 20:00:00,166.4,hydro,MW,nem,NSW1
2017-10-18 20:05:00,165.8,hydro,MW,nem,NSW1
2017-10-18 20:10:00,165.5,hydro,MW,nem,NSW1
2017-10-18 20:15:00,166.1,hydro,MW,nem,NSW1
2017-10-18 20:20:00,166.2,hydro,MW,nem,NSW1
2017-10-18 20:25:00,166.4,hydro,MW,nem,NSW1
2017-10-18 20:30:00,165.3,hydro,MW,nem,NSW1
2017-10-18 20:35:00,165.6,hydro,MW,nem,NSW1
2017-10-18 20:40:00,166.0,hydro,MW,nem,NSW1
2017-10-18 20:45:00,165.9,hydro,MW,nem,NSW1
2017-10-18 20:50:00,166.2,hydro,MW,nem,NSW1
2017-10-18 20:55:00,165.2,hydro,MW,nem,NSW1
2017-10-18 21:00:00,166.1,hydro,MW,nem,NSW1
2017-10-18 21:05:00,165.8,hydro,MW,nem,NSW1
2017-10-18 21:10:00,165.9,hydro,MW,nem,NSW1
2017-10-18 21:15:00,165.9,hydro,MW,nem,NSW1
2017-10-18 21:20:00,165.2,hydro,MW,nem,NSW1
2017-10-18 21:25:00,166.1,hydro,MW,nem,NSW1
2017-10-18 21:30:00,166.0,hydro,MW,nem,NSW1
2017-10-18 21:35:00,166.3,hydro,MW,nem,NSW1
2017-10-18 21:40:00,165.4,hydro,MW,nem,NSW1
2017-10-18 21:45:00,165.9,hydro,MW,nem,NSW1
2017-10-18 21:50:00,165.8,hydro,MW,nem,NSW1
2017-10-18 21:55:00,167.3,hydro,MW,nem,NSW1
2017-10-18 22:00:00,165.8,hydro,MW,nem,NSW1
2017-10-18 22:05:00,166.0,hydro,MW,nem,NSW1
2017-10-18 22:10:00,165.9,hydro,MW,nem,NSW1
2017-10-18 22:15:00,165.8,hydro,MW,nem,NSW1
2017-10-18 22:20:00,165.5,hydro,MW,nem,NSW1
2017-10-18 22:25:00,165.4,hydro,MW,nem,NSW1
2017-10-18 22:30:00,165.6,hydro,MW,nem,NSW1
2017-10-18 22:35:00,166.3,hydro,MW,nem,NSW1
2017-10-18 22:40:00,166.6,hydro,MW,nem,NSW1
2017-10-18 22:45:00,166.0,hydro,MW,nem,NSW1
2017-10-18 22:50:00,165.5,hydro,MW,nem,NSW1
2017-10-18 22:55:00,165.3,hydro,MW,nem,NSW1
2017-10-18 23:00:00,166.1,hydro,MW,nem,NSW1
2017-10-18 23:05:00,165.9,hydro,MW,nem,NSW1
2017-10-18 23:10:00,166.5,hydro,MW,nem,NSW1
2017-10-18 23:15:00,164.9,hydro,MW,nem,NSW1
2017-10-18 23:20:00,165.7,hydro,MW,nem,NSW1
2017-10-18 23:25:00,165.5,hydro,MW,nem,NSW1
2017-10-18 23:30:00,164.8,hydro,MW,nem,NSW1
2017-10-18 23:35:00,165.5,hydro,MW,nem,NSW1
2017-10-18 23:40:00,165.5,hydro,MW,nem,NSW1
2017-10-18 23:45:00,166.5,hydro,MW,nem,NSW1
2017-10-18 23:50:00,165.3,hydro,MW,nem,NSW1
2017-10-18 23:55:00,165.4,hydro,MW,nem,NSW1
2017-10-19 00:00:00,164.9,hydro,MW,nem,NSW1
2017-10-19 00:05:00,165.9,hydro,MW,nem,NSW1
2017-10-19 00:10:00,166.4,hydro,MW,nem,NSW1
2017-10-19 00:15:00,165.8,hydro,MW,nem,NSW1
2017-10-19 00:20:00,166.1,hydro,MW,nem,NSW1
2017-10-19 00:25:00,167.1,hydro,MW,nem,NSW1
2017-10-19 00:30:00,166.6,hydro,MW,nem,NSW1
2017-10-19 00:35:00,165.2,hydro,MW,nem,NSW1
2017-10-19 00:40:00,165.7,hydro,MW,nem,NSW1
2017-10-19 00:45:00,166.6,hydro,MW,nem,NSW1
2017-10-19 00:50:00,166.0,hydro,MW,nem,NSW1
2017-10-19 00:55:00,164.9,hydro,MW,nem,NSW1
2017-10-19 01:00:00,166.1,hydro,MW,nem,NSW1
2017-10-19 01:05:00,166.4,hydro,MW,nem,NSW1
2017-10-19 01:10:00,166.5,hydro,MW,nem,NSW1
2017-10-19 01:15:00,164.6,hydro,MW,nem,NSW1
2017-10-19 01:20:00,166.2,hydro,MW,nem,NSW1
2017-10-19 01:25:00,165.9,hydro,MW,nem,NSW1
2017-10-19 01:30:00,166.1,hydro,MW,nem,NSW1
2017-10-19 01:35:00,166.6,hydro,MW,nem,NSW1
2017-10-19 01:40:00,165.6,hydro,MW,nem,NSW1
2017-10-19 01:45:00,166.3,hydro,MW,nem,NSW1
2017-10-19 01:50:00,166.4,hydro,MW,nem,NSW1
2017-10-19 01:55:00,165.3,hydro,MW,nem,NSW1
2017-10-19 02:00:00,166.2,hydro,MW,nem,NSW1
2017-10-19 02:05:00,165.1,hydro,MW,nem,NSW1
2017-10-19 02:10:00,166.1,hydro,MW,nem,NSW1
2017-10-19 02:15:00,167.0,hydro,MW,nem,NSW1
2017-10-19 02:20:00,165.0,hydro,MW,nem,NSW1
2017-10-19 02:25:00,166.4,hydro,MW,nem,NSW1
2017-10-19 02:30:00,166.2,hydro,MW,nem,NSW1
2017-10-19 02:35:00,165.3,hydro,MW,nem,NSW1
2017-10-19 02:40:00,166.7,hydro,MW,nem,NSW1
2017-10-19 02:45:00,165.7,hydro,MW,nem,NSW1
2017-10-19 02:50:00,165.6,hydro,MW,nem,NSW1
2017-10-19 02:55:00,165.9,hydro,MW,nem,NSW1
2017-10-19 03:00:00,166.9,hydro,MW,nem,NSW1
2017-10-19 03:05:00,165.8,hydro,MW,nem,NSW1
2017-10-19 03:10:00,165.2,hydro,MW,nem,NSW1
2017-10-19 03:15:00,166.2,hydro,MW,nem,NSW1
2017-10-19 03:20:00,165.8,hydro,MW,nem,NSW1
2017-10-19 03:25:00,165.8,hydro,MW,nem,NSW1
2017-10-19 03:30:00,165.8,hydro,MW,nem,NSW1
2017-10-19 03:35:00,167.1,hydro,MW,nem,NSW1
2017-10-19 03:40:00,165.3,hydro,MW,nem,NSW1
2017-10-19 03:45:00,166.1,hydro,MW,nem,NSW1
2017-10-19 03:50:00,165.4,hydro,MW,nem,NSW1
2017-10-19 03:55:00,165.6,hydro,MW,nem,NSW1
2017-10-19 04:00:00,165.5,hydro,MW,nem,NSW1
2017-10-19 04:05:00,166.7,hydro,MW,nem,NSW1
2017-10-19 04:10:00,166.0,hydro,MW,nem,NSW1
2017-10-19 04:15:00,165.9,hydro,MW,nem,NSW1
2017-10-19 04:20:00,166.1,hydro,MW,nem,NSW1
2017-10-19 04:25:00,165.7,hydro,MW,nem,NSW1
2017-10-19 04:30:00,166.5,hydro,MW,nem,NSW1
2017-10-19 04:35:00,165.7,hydro,MW,nem,NSW1
2017-10-19 04:40:00,165.9,hydro,MW,nem,NSW1
2017-10-19 04:45:00,166.4,hydro,MW,nem,NSW1
2017-10-19 04:50:00,166.4,hydro,MW,nem,NSW1
2017-10-19 04:55:00,166.5,hydro,MW,nem,NSW1
2017-10-19 05:00:00,165.6,hydro,MW,nem,NSW1
2017-10-19 05:05:00,165.1,hydro,MW,nem,NSW1
2017-10-19 05:10:00,166.4,hydro,MW,nem,NSW1
2017-10-19 05:15:00,165.4,hydro,MW,nem,NSW1
2017-10-19 05:20:00,165.9,hydro,MW,nem,NSW1
2017-10-19 05:25:00,166.0,hydro,MW,nem,NSW1
2017-10-19 05:30:00,166.0,hydro,MW,nem,NSW1
2017-10-19 05:35:00,165.2,hydro,MW,nem,NSW1
2017-10-19 05:40:00,166.5,hydro,MW,nem,NSW1
2017-10-19 05:45:00,165.4,hydro,MW,nem,NSW1
2017-10-19 05:50:00,165.0,hydro,MW,nem,NSW1
2017-10-19 05:55:00,166.6,hydro,MW,nem,NSW1
2017-10-19 06:00:00,166.3,hydro,MW,nem,NSW1
2017-10-19 06:05:00,166.2,hydro,MW,nem,NSW1
2017-10-19 06:10:00,165.9,hydro,MW,nem,NSW1
2017-10-19 06:15:00,165.9,hydro,MW,nem,NSW1
2017-10-19 06:20:00,165.9,hydro,MW,nem,NSW1
2017-10-19 06:25:00,165.6,hydro,MW,nem,NSW1
2017-10-19 06:30:00,165.7,hydro,MW,nem,NSW1
2017-10-19 06:35:00,166.3,hydro,MW,nem,NSW1
2017-10-19 06:40:00,150.3,hydro,MW,nem,NSW1
2017-10-19 06:45:00,141.5,hydro,MW,nem,NSW1
2017-10-19 06:50:00,132.9,hydro,MW,nem,NSW1
2017-10-19 06:55:00,121.0,hydro,MW,nem,NSW1
2017-10-19 07:00:00,114.6,hydro,MW,nem,NSW1
2017-10-19 07:05:00,114.9,hydro,MW,nem,NSW1
2017-10-19 07:10:00,115.3,hydro,MW,nem,NSW1
2017-10-19 07:15:00,113.9,hydro,MW,nem,NSW1
2017-10-19 07:20:00,113.9,hydro,MW,nem,NSW1
2017-10-19 07:25:00,115.8,hydro,MW,nem,NSW1
2017-10-19 07:30:00,114.9,hydro,MW,nem,NSW1
2017-10-19 07:35:00,114.7,hydro,MW,nem,NSW1
2017-10-19 07:40:00,114.4,hydro,MW,nem,NSW1
2017-10-19 07:45:00,114.5,hydro,MW,nem,NSW1
2017-10-19 07:50:00,115.3,hydro,MW,nem,NSW1
2017-10-19 07:55:00,115.4,hydro,MW,nem,NSW1
2017-10-19 08:00:00,114.7,hydro,MW,nem,NSW1
2017-10-19 08:05:00,115.2,hydro,MW,nem,NSW1
2017-10-19 08:10:00,115.1,hydro,MW,nem,NSW1
2017-10-19 08:15:00,114.2,hydro,MW,nem,NSW1
2017-10-19 08:20:00,114.2,hydro,MW,nem,NSW1
2017-10-19 08:25:00,115.6,hydro,MW,nem,NSW1
2017-10-19 08:30:00,114.9,hydro,MW,nem,NSW1
2017-10-19 08:35:00,115.0,hydro,MW,nem,NSW1
2017-10-19 08:40:00,114.4,hydro,MW,nem,NSW1
2017-10-19 08:45:00,115.2,hydro,MW,nem,NSW1
2017-10-19 08:50:00,114.5,hydro,MW,nem,NSW1
2017-10-19 08:55:00,114.8,hydro,MW,nem,NSW1
2017-10-19 09:00:00,115.2,hydro,MW,nem,NSW1
2017-10-19 09:05:00,113.6,hydro,MW,nem,NSW1
2017-10-19 09:10:00,115.3,hydro,MW,nem,NSW1
2017-10-19 09:15:00,114.5,hydro,MW,nem,NSW1
2017-10-19 09:20:00,115.2,hydro,MW,nem,NSW1
2017-10-19 09:25:00,114.6,hydro,MW,nem,NSW1
2017-10-19 09:30:00,114.9,hydro,MW,nem,NSW1
2017-10-19 09:35:00,115.1,hydro,MW,nem,NSW1
2017-10-19 09:40:00,126.5,hydro,MW,nem,NSW1
2017-10-19 09:45:00,135.1,hydro,MW,nem,NSW1
2017-10-19 09:50:00,134.7,hydro,MW,nem,NSW1
2017-10-19 09:55:00,135.0,hydro,MW,nem,NSW1
2017-10-19 10:00:00,135.3,hydro,MW,nem,NSW1
2017-10-19 10:05:00,129.9,hydro,MW,nem,NSW1
2017-10-19 10:10:00,140.8,hydro,MW,nem,NSW1
2017-10-19 10:15:00,154.0,hydro,MW,nem,NSW1
2017-10-19 10:20:00,165.3,hydro,MW,nem,NSW1
2017-10-19 10:25:00,165.1,hydro,MW,nem,NSW1
2017-10-19 10:30:00,166.1,hydro,MW,nem,NSW1
2017-10-19 10:35:00,166.2,hydro,MW,nem,NSW1
2017-10-19 10:40:00,155.2,hydro,MW,nem,NSW1
2017-10-19 10:45:00,145.5,hydro,MW,nem,NSW1
2017-10-19 10:50:00,134.4,hydro,MW,nem,NSW1
2017-10-19 10:55:00,134.9,hydro,MW,nem,NSW1
2017-10-19 11:00:00,134.1,hydro,MW,nem,NSW1
2017-10-19 11:05:00,134.0,hydro,MW,nem,NSW1
2017-10-19 11:10:00,144.6,hydro,MW,nem,NSW1
2017-10-19 11:15:00,154.3,hydro,MW,nem,NSW1
2017-10-19 11:20:00,166.2,hydro,MW,nem,NSW1
2017-10-19 11:25:00,165.8,hydro,MW,nem,NSW1
2017-10-19 11:30:00,167.0,hydro,MW,nem,NSW1
2017-10-19 11:35:00,153.1,hydro,MW,nem,NSW1
2017-10-19 11:40:00,138.7,hydro,MW,nem,NSW1
2017-10-19 11:45:00,125.0,hydro,MW,nem,NSW1
2017-10-19 11:50:00,114.6,hydro,MW,nem,NSW1
2017-10-19 11:55:00,115.3,hydro,MW,nem,NSW1
2017-10-19 12:00:00,113.9,hydro,MW,nem,NSW1
2017-10-19 12:05:00,113.2,hydro,MW,nem,NSW1
2017-10-19 12:10:00,124.1,hydro,MW,nem,NSW1
2017-10-19 12:15:00,131.7,hydro,MW,nem,NSW1
2017-10-19 12:20:00,140.0,hydro,MW,nem,NSW1
2017-10-19 12:25:00,154.1,hydro,MW,nem,NSW1
2017-10-19 12:30:00,161.0,hydro,MW,nem,NSW1
2017-10-19 12:35:00,159.8,hydro,MW,nem,NSW1
2017-10-19 12:40:00,159.6,hydro,MW,nem,NSW1
2017-10-19 12:45:00,161.2,hydro,MW,nem,NSW1
2017-10-19 12:50:00,273.7,hydro,MW,nem,NSW1
2017-10-19 12:55:00,280.8,hydro,MW,nem,NSW1
2017-10-19 13:00:00,277.7,hydro,MW,nem,NSW1
2017-10-19 13:05:00,266.1,hydro,MW,nem,NSW1
2017-10-19 13:10:00,156.8,hydro,MW,nem,NSW1
2017-10-19 13:15:00,155.1,hydro,MW,nem,NSW1
2017-10-19 13:20:00,155.3,hydro,MW,nem,NSW1
2017-10-19 13:25:00,154.9,hydro,MW,nem,NSW1
2017-10-19 13:30:00,156.1,hydro,MW,nem,NSW1
2017-10-19 13:35:00,156.2,hydro,MW,nem,NSW1
2017-10-19 13:40:00,156.3,hydro,MW,nem,NSW1
2017-10-19 13:45:00,155.1,hydro,MW,nem,NSW1
2017-10-19 13:50:00,155.8,hydro,MW,nem,NSW1
2017-10-19 13:55:00,156.4,hydro,MW,nem,NSW1
2017-10-19 14:00:00,155.1,hydro,MW,nem,NSW1
2017-10-19 14:05:00,155.2,hydro,MW,nem,NSW1
2017-10-19 14:10:00,152.5,hydro,MW,nem,NSW1
2017-10-19 14:15:00,152.8,hydro,MW,nem,NSW1
2017-10-19 14:20:00,153.1,hydro,MW,nem,NSW1
2017-10-19 14:25:00,152.7,hydro,MW,nem,NSW1
2017-10-19 14:30:00,152.1,hydro,MW,nem,NSW1
2017-10-19 14:35:00,153.1,hydro,MW,nem,NSW1
2017-10-19 14:40:00,150.7,hydro,MW,nem,NSW1
2017-10-19 14:45:00,151.4,hydro,MW,nem,NSW1
2017-10-19 14:50:00,151.2,hydro,MW,nem,NSW1
2017-10-19 14:55:00,151.7,hydro,MW,nem,NSW1
2017-10-19 15:00:00,149.2,hydro,MW,nem,NSW1
2017-10-19 15:05:00,149.3,hydro,MW,nem,NSW1
2017-10-19 15:10:00,148.8,hydro,MW,nem,NSW1
2017-10-19 15:15:00,149.1,hydro,MW,nem,NSW1
2017-10-19 15:20:00,185.5,hydro,MW,nem,NSW1
2017-10-19 15:25:00,191.1,hydro,MW,nem,NSW1
2017-10-19 15:30:00,187.8,hydro,MW,nem,NSW1
2017-10-19 15:35:00,189.3,hydro,MW,nem,NSW1
2017-10-19 15:40:00,189.2,hydro,MW,nem,NSW1
2017-10-19 15:45:00,189.8,hydro,MW,nem,NSW1
2017-10-19 15:50:00,150.0,hydro,MW,nem,NSW1
2017-10-19 15:55:00,148.6,hydro,MW,nem,NSW1
2017-10-19 16:00:00,149.2,hydro,MW,nem,NSW1
2017-10-19 16:05:00,148.5,hydro,MW,nem,NSW1
2017-10-19 16:10:00,148.0,hydro,MW,nem,NSW1
2017-10-19 16:15:00,149.3,hydro,MW,nem,NSW1
2017-10-19 16:20:00,149.2,hydro,MW,nem,NSW1
2017-10-19 16:25:00,149.1,hydro,MW,nem,NSW1
2017-10-19 16:30:00,149.4,hydro,MW,nem,NSW1
2017-10-19 16:35:00,149.4,hydro,MW,nem,NSW1
2017-10-19 16:40:00,149.1,hydro,MW,nem,NSW1
2017-10-19 16:45:00,149.1,hydro,MW,nem,NSW1
2017-10-19 16:50:00,148.5,hydro,MW,nem,NSW1
2017-10-19 16:55:00,148.2,hydro,MW,nem,NSW1
2017-10-19 17:00:00,148.6,hydro,MW,nem,NSW1
2017-10-19 17:05:00,148.6,hydro,MW,nem,NSW1
2017-10-19 17:10:00,149.5,hydro,MW,nem,NSW1
2017-10-19 17:15:00,149.2,hydro,MW,nem,NSW1
2017-10-19 17:20:00,149.1,hydro,MW,nem,NSW1
2017-10-19 17:25:00,148.9,hydro,MW,nem,NSW1
2017-10-19 17:30:00,149.3,hydro,MW,nem,NSW1
2017-10-19 17:35:00,148.2,hydro,MW,nem,NSW1
2017-10-19 17:40:00,149.1,hydro,MW,nem,NSW1
2017-10-19 17:45:00,149.1,hydro,MW,nem,NSW1
2017-10-19 17:50:00,148.5,hydro,MW,nem,NSW1
2017-10-19 17:55:00,148.6,hydro,MW,nem,NSW1
2017-10-19 18:00:00,149.0,hydro,MW,nem,NSW1
2017-10-19 18:05:00,149.2,hydro,MW,nem,NSW1
2017-10-19 18:10:00,148.5,hydro,MW,nem,NSW1
2017-10-19 18:15:00,149.6,hydro,MW,nem,NSW1
2017-10-19 18:20:00,148.7,hydro,MW,nem,NSW1
2017-10-19 18:25:00,149.1,hydro,MW,nem,NSW1
2017-10-19 18:30:00,148.9,hydro,MW,nem,NSW1
2017-10-19 18:35:00,149.3,hydro,MW,nem,NSW1
2017-10-19 18:40:00,148.5,hydro,MW,nem,NSW1
2017-10-19 18:45:00,149.3,hydro,MW,nem,NSW1
2017-10-19 18:50:00,148.2,hydro,MW,nem,NSW1
2017-10-19 18:55:00,148.7,hydro,MW,nem,NSW1
2017-10-19 19:00:00,149.0,hydro,MW,nem,NSW1
2017-10-19 19:05:00,148.6,hydro,MW,nem,NSW1
2017-10-19 19:10:00,148.7,hydro,MW,nem,NSW1
2017-10-19 19:15:00,149.3,hydro,MW,nem,NSW1
2017-10-19 19:20:00,149.0,hydro,MW,nem,NSW1
2017-10-19 19:25:00,148.3,hydro,MW,nem,NSW1
2017-10-19 19:30:00,148.8,hydro,MW,nem,NSW1
2017-10-19 19:35:00,149.3,hydro,MW,nem,NSW1
2017-10-19 19:40:00,148.7,hydro,MW,nem,NSW1
2017-10-19 19:45:00,149.5,hydro,MW,nem,NSW1
2017-10-19 19:50:00,149.5,hydro,MW,nem,NSW1
2017-10-19 19:55:00,148.5,hydro,MW,nem,NSW1
2017-10-19 20:00:00,147.7,hydro,MW,nem,NSW1
2017-10-19 20:05:00,148.4,hydro,MW,nem,NSW1
2017-10-19 20:10:00,149.6,hydro,MW,nem,NSW1
2017-10-19 20:15:00,147.7,hydro,MW,nem,NSW1
2017-10-19 20:20:00,149.0,hydro,MW,nem,NSW1
2017-10-19 20:25:00,149.6,hydro,MW,nem,NSW1
2017-10-19 20:30:00,148.9,hydro,MW,nem,NSW1
2017-10-19 20:35:00,149.2,hydro,MW,nem,NSW1
2017-10-19 20:40:00,148.8,hydro,MW,nem,NSW1
2017-10-19 20:45:00,149.1,hydro,MW,nem,NSW1
2017-10-19 20:50:00,149.2,hydro,MW,nem,NSW1
2017-10-19 20:55:00,148.7,hydro,MW,nem,NSW1
2017-10-19 21:00:00,148.9,hydro,MW,nem,NSW1
2017-10-19 21:05:00,148.6,hydro,MW,nem,NSW1
2017-10-19 21:10:00,147.5,hydro,MW,nem,NSW1
2017-10-19 21:15:00,148.2,hydro,MW,nem,NSW1
2017-10-19 21:20:00,149.3,hydro,MW,nem,NSW1
2017-10-19 21:25:00,148.8,hydro,MW,nem,NSW1
2017-10-19 21:30:00,148.4,hydro,MW,nem,NSW1
2017-10-19 21:35:00,148.8,hydro,MW,nem,NSW1
2017-10-19 21:40:00,149.5,hydro,MW,nem,NSW1
2017-10-19 21:45:00,149.0,hydro,MW,nem,NSW1
2017-10-19 21:50:00,149.0,hydro,MW,nem,NSW1
2017-10-19 21:55:00,149.3,hydro,MW,nem,NSW1
2017-10-19 22:00:00,148.8,hydro,MW,nem,NSW1
2017-10-19 22:05:00,148.7,hydro,MW,nem,NSW1
2017-10-19 22:10:00,194.4,hydro,MW,nem,NSW1
2017-10-19 22:15:00,152.1,hydro,MW,nem,NSW1
2017-10-19 22:20:00,147.6,hydro,MW,nem,NSW1
2017-10-19 22:25:00,149.1,hydro,MW,nem,NSW1
2017-10-19 22:30:00,149.2,hydro,MW,nem,NSW1
2017-10-19 22:35:00,148.4,hydro,MW,nem,NSW1
2017-10-19 22:40:00,162.9,hydro,MW,nem,NSW1
2017-10-19 22:45:00,148.5,hydro,MW,nem,NSW1
2017-10-19 22:50:00,148.1,hydro,MW,nem,NSW1
2017-10-19 22:55:00,148.9,hydro,MW,nem,NSW1
2017-10-19 23:00:00,149.2,hydro,MW,nem,NSW1
2017-10-19 23:05:00,148.7,hydro,MW,nem,NSW1
2017-10-19 23:10:00,149.0,hydro,MW,nem,NSW1
2017-10-19 23:15:00,148.7,hydro,MW,nem,NSW1
2017-10-19 23:20:00,148.2,hydro,MW,nem,NSW1
2017-10-19 23:25:00,148.5,hydro,MW,nem,NSW1
2017-10-19 23:30:00,148.2,hydro,MW,nem,NSW1
2017-10-19 23:35:00,148.9,hydro,MW,nem,NSW1
2017-10-19 23:40:00,149.5,hydro,MW,nem,NSW1
2017-10-19 23:45:00,148.6,hydro,MW,nem,NSW1
2017-10-19 23:50:00,148.9,hydro,MW,nem,NSW1
2017-10-19 23:55:00,148.9,hydro,MW,nem,NSW1
2017-10-20 00:00:00,149.6,hydro,MW,nem,NSW1
2017-10-20 00:05:00,149.3,hydro,MW,nem,NSW1
2017-10-20 00:10:00,148.2,hydro,MW,nem,NSW1
2017-10-20 00:15:00,149.0,hydro,MW,nem,NSW1
2017-10-20 00:20:00,148.8,hydro,MW,nem,NSW1
2017-10-20 00:25:00,149.1,hydro,MW,nem,NSW1
2017-10-20 00:30:00,149.7,hydro,MW,nem,NSW1
2017-10-20 00:35:00,148.2,hydro,MW,nem,NSW1
2017-10-20 00:40:00,148.3,hydro,MW,nem,NSW1
2017-10-20 00:45:00,148.7,hydro,MW,nem,NSW1
2017-10-20 00:50:00,148.4,hydro,MW,nem,NSW1
2017-10-20 00:55:00,147.8,hydro,MW,nem,NSW1
2017-10-20 01:00:00,149.4,hydro,MW,nem,NSW1
2017-10-20 01:05:00,149.0,hydro,MW,nem,NSW1
2017-10-20 01:10:00,148.8,hydro,MW,nem,NSW1
2017-10-20 01:15:00,148.9,hydro,MW,nem,NSW1
2017-10-20 01:20:00,148.7,hydro,MW,nem,NSW1
2017-10-20 01:25:00,148.4,hydro,MW,nem,NSW1
2017-10-20 01:30:00,149.3,hydro,MW,nem,NSW1
2017-10-20 01:35:00,148.1,hydro,MW,nem,NSW1
2017-10-20 01:40:00,148.2,hydro,MW,nem,NSW1
2017-10-20 01:45:00,148.8,hydro,MW,nem,NSW1
2017-10-20 01:50:00,149.1,hydro,MW,nem,NSW1
2017-10-20 01:55:00,148.8,hydro,MW,nem,NSW1
2017-10-20 02:00:00,147.9,hydro,MW,nem,NSW1
2017-10-20 02:05:00,149.0,hydro,MW,nem,NSW1
2017-10-20 02:10:00,149.1,hydro,MW,nem,NSW1
2017-10-20 02:15:00,149.1,hydro,MW,nem,NSW1
2017-10-20 02:20:00,148.7,hydro,MW,nem,NSW1
2017-10-20 02:25:00,148.7,hydro,MW,nem,NSW1
2017-10-20 02:30:00,149.3,hydro,MW,nem,NSW1
2017-10-20 02:35:00,149.2,hydro,MW,nem,NSW1
2017-10-20 02:40:00,148.8,hydro,MW,nem,NSW1
2017-10-20 02:45:00,148.7,hydro,MW,nem,NSW1
2017-10-20 02:50:00,148.9,hydro,MW,nem,NSW1
2017-10-20 02:55:00,148.6,hydro,MW,nem,NSW1
2017-10-20 03:00:00,148.3,hydro,MW,nem,NSW1
2017-10-20 03:05:00,148.8,hydro,MW,nem,NSW1
2017-10-20 03:10:00,149.2,hydro,MW,nem,NSW1
2017-10-20 03:15:00,148.6,hydro,MW,nem,NSW1
2017-10-20 03:20:00,148.1,hydro,MW,nem,NSW1
2017-10-20 03:25:00,149.4,hydro,MW,nem,NSW1
2017-10-20 03:30:00,148.8,hydro,MW,nem,NSW1
2017-10-20 03:35:00,148.5,hydro,MW,nem,NSW1
2017-10-20 03:40:00,148.9,hydro,MW,nem,NSW1
2017-10-20 03:45:00,148.2,hydro,MW,nem,NSW1
2017-10-20 03:50:00,148.2,hydro,MW,nem,NSW1
2017-10-20 03:55:00,148.9,hydro,MW,nem,NSW1
2017-10-20 04:00:00,148.8,hydro,MW,nem,NSW1
2017-10-20 04:05:00,149.4,hydro,MW,nem,NSW1
2017-10-20 04:10:00,148.0,hydro,MW,nem,NSW1
2017-10-20 04:15:00,148.5,hydro,MW,nem,NSW1
2017-10-20 04:20:00,148.6,hydro,MW,nem,NSW1
2017-10-20 04:25:00,148.3,hydro,MW,nem,NSW1
2017-10-20 04:30:00,149.2,hydro,MW,nem,NSW1
2017-10-20 04:35:00,148.2,hydro,MW,nem,NSW1
2017-10-20 04:40:00,149.1,hydro,MW,nem,NSW1
2017-10-20 04:45:00,148.9,hydro,MW,nem,NSW1
2017-10-20 04:50:00,149.1,hydro,MW,nem,NSW1
2017-10-20 04:55:00,148.4,hydro,MW,nem,NSW1
2017-10-20 05:00:00,149.4,hydro,MW,nem,NSW1
2017-10-20 05:05:00,149.4,hydro,MW,nem,NSW1
2017-10-20 05:10:00,148.7,hydro,MW,nem,NSW1
2017-10-20 05:15:00,149.0,hydro,MW,nem,NSW1
2017-10-20 05:20:00,147.9,hydro,MW,nem,NSW1
2017-10-20 05:25:00,148.6,hydro,MW,nem,NSW1
2017-10-20 05:30:00,148.7,hydro,MW,nem,NSW1
2017-10-20 05:35:00,148.9,hydro,MW,nem,NSW1
2017-10-20 05:40:00,149.1,hydro,MW,nem,NSW1
2017-10-20 05:45:00,148.4,hydro,MW,nem,NSW1
2017-10-20 05:50:00,149.1,hydro,MW,nem,NSW1
2017-10-20 05:55:00,148.2,hydro,MW,nem,NSW1
2017-10-20 06:00:00,147.6,hydro,MW,nem,NSW1
2017-10-20 06:05:00,149.2,hydro,MW,nem,NSW1
2017-10-20 06:10:00,148.4,hydro,MW,nem,NSW1
2017-10-20 06:15:00,148.6,hydro,MW,nem,NSW1
2017-10-20 06:20:00,147.6,hydro,MW,nem,NSW1
2017-10-20 06:25:00,148.8,hydro,MW,nem,NSW1
2017-10-20 06:30:00,148.6,hydro,MW,nem,NSW1
2017-10-20 06:35:00,148.5,hydro,MW,nem,NSW1
2017-10-20 06:40:00,148.9,hydro,MW,nem,NSW1
2017-10-20 06:45:00,149.3,hydro,MW,nem,NSW1
2017-10-20 06:50:00,148.0,hydro,MW,nem,NSW1
2017-10-20 06:55:00,228.8,hydro,MW,nem,NSW1
2017-10-20 07:00:00,229.9,hydro,MW,nem,NSW1
2017-10-20 07:05:00,230.7,hydro,MW,nem,NSW1
2017-10-20 07:10:00,232.1,hydro,MW,nem,NSW1
2017-10-20 07:15:00,228.7,hydro,MW,nem,NSW1
2017-10-20 07:20:00,227.6,hydro,MW,nem,NSW1
2017-10-20 07:25:00,226.6,hydro,MW,nem,NSW1
2017-10-20 07:30:00,229.4,hydro,MW,nem,NSW1
2017-10-20 07:35:00,231.0,hydro,MW,nem,NSW1
2017-10-20 07:40:00,229.4,hydro,MW,nem,NSW1
2017-10-20 07:45:00,228.9,hydro,MW,nem,NSW1
2017-10-20 07:50:00,227.6,hydro,MW,nem,NSW1
2017-10-20 07:55:00,227.2,hydro,MW,nem,NSW1
2017-10-20 08:00:00,229.7,hydro,MW,nem,NSW1
2017-10-20 08:05:00,231.0,hydro,MW,nem,NSW1
2017-10-20 08:10:00,230.4,hydro,MW,nem,NSW1
2017-10-20 08:15:00,228.6,hydro,MW,nem,NSW1
2017-10-20 08:20:00,227.1,hydro,MW,nem,NSW1
2017-10-20 08:25:00,225.6,hydro,MW,nem,NSW1
2017-10-20 08:30:00,225.5,hydro,MW,nem,NSW1
2017-10-20 08:35:00,229.0,hydro,MW,nem,NSW1
2017-10-20 08:40:00,447.9,hydro,MW,nem,NSW1
2017-10-20 08:45:00,419.6,hydro,MW,nem,NSW1
2017-10-20 08:50:00,410.3,hydro,MW,nem,NSW1
2017-10-20 08:55:00,403.2,hydro,MW,nem,NSW1
2017-10-20 09:00:00,411.6,hydro,MW,nem,NSW1
2017-10-20 09:05:00,407.9,hydro,MW,nem,NSW1
2017-10-20 09:10:00,525.2,hydro,MW,nem,NSW1
2017-10-20 09:15:00,528.8,hydro,MW,nem,NSW1
2017-10-20 09:20:00,530.5,hydro,MW,nem,NSW1
2017-10-20 09:25:00,529.2,hydro,MW,nem,NSW1
2017-10-20 09:30:00,528.9,hydro,MW,nem,NSW1
2017-10-20 09:35:00,531.9,hydro,MW,nem,NSW1
2017-10-20 09:40:00,531.1,hydro,MW,nem,NSW1
2017-10-20 09:45:00,526.1,hydro,MW,nem,NSW1
2017-10-20 09:50:00,535.4,hydro,MW,nem,NSW1
2017-10-20 09:55:00,527.7,hydro,MW,nem,NSW1
2017-10-20 10:00:00,261.4,hydro,MW,nem,NSW1
2017-10-20 10:05:00,148.9,hydro,MW,nem,NSW1
2017-10-20 10:10:00,148.6,hydro,MW,nem,NSW1
2017-10-20 10:15:00,148.8,hydro,MW,nem,NSW1
2017-10-20 10:20:00,149.3,hydro,MW,nem,NSW1
2017-10-20 10:25:00,148.7,hydro,MW,nem,NSW1
2017-10-20 10:30:00,148.3,hydro,MW,nem,NSW1
2017-10-20 10:35:00,155.4,hydro,MW,nem,NSW1
2017-10-20 10:40:00,262.1,hydro,MW,nem,NSW1
2017-10-20 10:45:00,260.8,hydro,MW,nem,NSW1
2017-10-20 10:50:00,264.9,hydro,MW,nem,NSW1
2017-10-20 10:55:00,260.5,hydro,MW,nem,NSW1
2017-10-20 11:00:00,265.2,hydro,MW,nem,NSW1
2017-10-20 11:05:00,143.9,hydro,MW,nem,NSW1
2017-10-20 11:10:00,142.6,hydro,MW,nem,NSW1
2017-10-20 11:15:00,145.7,hydro,MW,nem,NSW1
2017-10-20 11:20:00,141.6,hydro,MW,nem,NSW1
2017-10-20 11:25:00,141.6,hydro,MW,nem,NSW1
2017-10-20 11:30:00,141.3,hydro,MW,nem,NSW1
2017-10-20 11:35:00,141.1,hydro,MW,nem,NSW1
2017-10-20 11:40:00,141.0,hydro,MW,nem,NSW1
2017-10-20 11:45:00,140.6,hydro,MW,nem,NSW1
2017-10-20 11:50:00,140.7,hydro,MW,nem,NSW1
2017-10-20 11:55:00,140.7,hydro,MW,nem,NSW1
2017-10-20 12:00:00,140.5,hydro,MW,nem,NSW1
2017-10-20 12:05:00,141.3,hydro,MW,nem,NSW1
2017-10-20 12:10:00,137.1,hydro,MW,nem,NSW1
2017-10-20 12:15:00,137.5,hydro,MW,nem,NSW1
2017-10-20 12:20:00,137.5,hydro,MW,nem,NSW1
2017-10-20 12:25:00,137.8,hydro,MW,nem,NSW1
2017-10-20 12:30:00,137.3,hydro,MW,nem,NSW1
2017-10-20 12:35:00,137.4,hydro,MW,nem,NSW1
2017-10-20 12:40:00,138.5,hydro,MW,nem,NSW1
2017-10-20 12:45:00,137.8,hydro,MW,nem,NSW1
2017-10-20 12:50:00,137.8,hydro,MW,nem,NSW1
2017-10-20 12:55:00,137.4,hydro,MW,nem,NSW1
2017-10-20 13:00:00,136.9,hydro,MW,nem,NSW1
2017-10-20 13:05:00,136.7,hydro,MW,nem,NSW1
2017-10-20 13:10:00,137.5,hydro,MW,nem,NSW1
2017-10-20 13:15:00,137.5,hydro,MW,nem,NSW1
2017-10-20 13:20:00,137.0,hydro,MW,nem,NSW1
2017-10-20 13:25:00,136.8,hydro,MW,nem,NSW1
2017-10-20 13:30:00,137.2,hydro,MW,nem,NSW1
2017-10-20 13:35:00,136.5,hydro,MW,nem,NSW1
2017-10-20 13:40:00,136.3,hydro,MW,nem,NSW1
2017-10-20 13:45:00,135.8,hydro,MW,nem,NSW1
2017-10-20 13:50:00,136.1,hydro,MW,nem,NSW1
2017-10-20 13:55:00,135.5,hydro,MW,nem,NSW1
2017-10-20 14:00:00,135.6,hydro,MW,nem,NSW1
2017-10-20 14:05:00,137.0,hydro,MW,nem,NSW1
2017-10-20 14:10:00,136.6,hydro,MW,nem,NSW1
2017-10-20 14:15:00,136.6,hydro,MW,nem,NSW1
2017-10-20 14:20:00,144.8,hydro,MW,nem,NSW1
2017-10-20 14:25:00,177.5,hydro,MW,nem,NSW1
2017-10-20 14:30:00,175.1,hydro,MW,nem,NSW1
2017-10-20 14:35:00,176.4,hydro,MW,nem,NSW1
2017-10-20 14:40:00,173.5,hydro,MW,nem,NSW1
2017-10-20 14:45:00,174.7,hydro,MW,nem,NSW1
2017-10-20 14:50:00,178.4,hydro,MW,nem,NSW1
2017-10-20 14:55:00,177.9,hydro,MW,nem,NSW1
2017-10-20 15:00:00,176.3,hydro,MW,nem,NSW1
2017-10-20 15:05:00,174.0,hydro,MW,nem,NSW1
2017-10-20 15:10:00,136.1,hydro,MW,nem,NSW1
2017-10-20 15:15:00,136.6,hydro,MW,nem,NSW1
2017-10-20 15:20:00,136.9,hydro,MW,nem,NSW1
2017-10-20 15:25:00,136.6,hydro,MW,nem,NSW1
2017-10-20 15:30:00,136.9,hydro,MW,nem,NSW1
2017-10-20 15:35:00,138.0,hydro,MW,nem,NSW1
2017-10-20 15:40:00,177.8,hydro,MW,nem,NSW1
2017-10-20 15:45:00,181.2,hydro,MW,nem,NSW1
2017-10-20 15:50:00,177.5,hydro,MW,nem,NSW1
2017-10-20 15:55:00,177.0,hydro,MW,nem,NSW1
2017-10-20 16:00:00,176.1,hydro,MW,nem,NSW1
2017-10-20 16:05:00,176.3,hydro,MW,nem,NSW1
2017-10-20 16:10:00,136.7,hydro,MW,nem,NSW1
2017-10-20 16:15:00,136.8,hydro,MW,nem,NSW1
2017-10-20 16:20:00,136.7,hydro,MW,nem,NSW1
2017-10-20 16:25:00,136.4,hydro,MW,nem,NSW1
2017-10-20 16:30:00,136.8,hydro,MW,nem,NSW1
2017-10-20 16:35:00,136.3,hydro,MW,nem,NSW1
2017-10-20 16:40:00,187.6,hydro,MW,nem,NSW1
2017-10-20 16:45:00,190.7,hydro,MW,nem,NSW1
2017-10-20 16:50:00,192.7,hydro,MW,nem,NSW1
2017-10-20 16:55:00,190.4,hydro,MW,nem,NSW1
2017-10-20 17:00:00,191.4,hydro,MW,nem,NSW1
2017-10-20 17:05:00,192.7,hydro,MW,nem,NSW1
2017-10-20 17:10:00,191.3,hydro,MW,nem,NSW1
2017-10-20 17:15:00,190.6,hydro,MW,nem,NSW1
2017-10-20 17:20:00,191.1,hydro,MW,nem,NSW1
2017-10-20 17:25:00,191.5,hydro,MW,nem,NSW1
2017-10-20 17:30:00,193.9,hydro,MW,nem,NSW1
2017-10-20 17:35:00,191.9,hydro,MW,nem,NSW1
2017-10-20 17:40:00,190.4,hydro,MW,nem,NSW1
2017-10-20 17:45:00,192.2,hydro,MW,nem,NSW1
2017-10-20 17:50:00,190.7,hydro,MW,nem,NSW1
2017-10-20 17:55:00,190.1,hydro,MW,nem,NSW1
2017-10-20 18:00:00,190.9,hydro,MW,nem,NSW1
2017-10-20 18:05:00,190.5,hydro,MW,nem,NSW1
2017-10-20 18:10:00,191.8,hydro,MW,nem,NSW1
2017-10-20 18:15:00,191.2,hydro,MW,nem,NSW1
2017-10-20 18:20:00,190.3,hydro,MW,nem,NSW1
2017-10-20 18:25:00,191.2,hydro,MW,nem,NSW1
2017-10-20 18:30:00,192.4,hydro,MW,nem,NSW1
2017-10-20 18:35:00,188.3,hydro,MW,nem,NSW1
2017-10-20 18:40:00,190.7,hydro,MW,nem,NSW1
2017-10-20 18:45:00,191.6,hydro,MW,nem,NSW1
2017-10-20 18:50:00,191.2,hydro,MW,nem,NSW1
2017-10-20 18:55:00,190.5,hydro,MW,nem,NSW1
2017-10-20 19:00:00,193.2,hydro,MW,nem,NSW1
2017-10-20 19:05:00,191.8,hydro,MW,nem,NSW1
2017-10-20 19:10:00,189.6,hydro,MW,nem,NSW1
2017-10-20 19:15:00,191.3,hydro,MW,nem,NSW1
2017-10-20 19:20:00,190.7,hydro,MW,nem,NSW1
2017-10-20 19:25:00,192.3,hydro,MW,nem,NSW1
2017-10-20 19:30:00,192.3,hydro,MW,nem,NSW1
2017-10-20 19:35:00,192.2,hydro,MW,nem,NSW1
2017-10-20 19:40:00,193.2,hydro,MW,nem,NSW1
2017-10-20 19:45:00,190.5,hydro,MW,nem,NSW1
2017-10-20 19:50:00,193.7,hydro,MW,nem,NSW1
2017-10-20 19:55:00,191.3,hydro,MW,nem,NSW1
2017-10-20 20:00:00,190.8,hydro,MW,nem,NSW1
2017-10-20 20:05:00,192.1,hydro,MW,nem,NSW1
2017-10-20 20:10:00,191.2,hydro,MW,nem,NSW1
2017-10-20 20:15:00,187.8,hydro,MW,nem,NSW1
2017-10-20 20:20:00,191.3,hydro,MW,nem,NSW1
2017-10-20 20:25:00,189.9,hydro,MW,nem,NSW1
2017-10-20 20:30:00,190.7,hydro,MW,nem,NSW1
2017-10-20 20:35:00,193.8,hydro,MW,nem,NSW1
2017-10-20 20:40:00,192.7,hydro,MW,nem,NSW1
2017-10-20 20:45:00,192.3,hydro,MW,nem,NSW1
2017-10-20 20:50:00,189.0,hydro,MW,nem,NSW1
2017-10-20 20:55:00,192.0,hydro,MW,nem,NSW1
2017-10-20 21:00:00,192.9,hydro,MW,nem,NSW1
2017-10-20 21:05:00,190.1,hydro,MW,nem,NSW1
2017-10-20 21:10:00,136.1,hydro,MW,nem,NSW1
2017-10-20 21:15:00,136.2,hydro,MW,nem,NSW1
2017-10-20 21:20:00,136.0,hydro,MW,nem,NSW1
2017-10-20 21:25:00,136.5,hydro,MW,nem,NSW1
2017-10-20 21:30:00,136.7,hydro,MW,nem,NSW1
2017-10-20 21:35:00,137.2,hydro,MW,nem,NSW1
2017-10-20 21:40:00,137.0,hydro,MW,nem,NSW1
2017-10-20 21:45:00,135.5,hydro,MW,nem,NSW1
2017-10-20 21:50:00,135.9,hydro,MW,nem,NSW1
2017-10-20 21:55:00,136.5,hydro,MW,nem,NSW1
2017-10-20 22:00:00,136.5,hydro,MW,nem,NSW1
2017-10-20 22:05:00,137.0,hydro,MW,nem,NSW1
2017-10-20 22:10:00,136.4,hydro,MW,nem,NSW1
2017-10-20 22:15:00,136.6,hydro,MW,nem,NSW1
2017-10-20 22:20:00,137.3,hydro,MW,nem,NSW1
2017-10-20 22:25:00,135.7,hydro,MW,nem,NSW1
2017-10-20 22:30:00,137.2,hydro,MW,nem,NSW1
2017-10-20 22:35:00,136.8,hydro,MW,nem,NSW1
2017-10-20 22:40:00,137.0,hydro,MW,nem,NSW1
2017-10-20 22:45:00,136.1,hydro,MW,nem,NSW1
2017-10-20 22:50:00,137.5,hydro,MW,nem,NSW1
2017-10-20 22:55:00,129.6,hydro,MW,nem,NSW1
2017-10-20 23:00:00,136.4,hydro,MW,nem,NSW1
2017-10-20 23:05:00,136.3,hydro,MW,nem,NSW1
2017-10-20 23:10:00,136.7,hydro,MW,nem,NSW1
2017-10-20 23:15:00,136.6,hydro,MW,nem,NSW1
2017-10-20 23:20:00,135.5,hydro,MW,nem,NSW1
2017-10-20 23:25:00,135.3,hydro,MW,nem,NSW1
2017-10-20 23:30:00,136.3,hydro,MW,nem,NSW1
2017-10-20 23:35:00,136.9,hydro,MW,nem,NSW1
2017-10-20 23:40:00,135.9,hydro,MW,nem,NSW1
2017-10-20 23:45:00,135.7,hydro,MW,nem,NSW1
2017-10-20 23:50:00,136.6,hydro,MW,nem,NSW1
2017-10-20 23:55:00,136.9,hydro,MW,nem,NSW1
2017-10-21 00:00:00,136.4,hydro,MW,nem,NSW1
2017-10-21 00:05:00,137.1,hydro,MW,nem,NSW1
2017-10-21 00:10:00,137.2,hydro,MW,nem,NSW1
2017-10-21 00:15:00,135.4,hydro,MW,nem,NSW1
2017-10-21 00:20:00,136.6,hydro,MW,nem,NSW1
2017-10-21 00:25:00,136.6,hydro,MW,nem,NSW1
2017-10-21 00:30:00,136.3,hydro,MW,nem,NSW1
2017-10-21 00:35:00,136.9,hydro,MW,nem,NSW1
2017-10-21 00:40:00,136.7,hydro,MW,nem,NSW1
2017-10-21 00:45:00,136.6,hydro,MW,nem,NSW1
2017-10-21 00:50:00,136.5,hydro,MW,nem,NSW1
2017-10-21 00:55:00,136.9,hydro,MW,nem,NSW1
2017-10-21 01:00:00,136.8,hydro,MW,nem,NSW1
2017-10-21 01:05:00,135.7,hydro,MW,nem,NSW1
2017-10-21 01:10:00,136.8,hydro,MW,nem,NSW1
2017-10-21 01:15:00,136.4,hydro,MW,nem,NSW1
2017-10-21 01:20:00,136.9,hydro,MW,nem,NSW1
2017-10-21 01:25:00,137.1,hydro,MW,nem,NSW1
2017-10-21 01:30:00,135.9,hydro,MW,nem,NSW1
2017-10-21 01:35:00,136.9,hydro,MW,nem,NSW1
2017-10-21 01:40:00,136.5,hydro,MW,nem,NSW1
2017-10-21 01:45:00,136.2,hydro,MW,nem,NSW1
2017-10-21 01:50:00,135.5,hydro,MW,nem,NSW1
2017-10-21 01:55:00,136.8,hydro,MW,nem,NSW1
2017-10-21 02:00:00,136.0,hydro,MW,nem,NSW1
2017-10-21 02:05:00,135.9,hydro,MW,nem,NSW1
2017-10-21 02:10:00,136.7,hydro,MW,nem,NSW1
2017-10-21 02:15:00,136.9,hydro,MW,nem,NSW1
2017-10-21 02:20:00,136.1,hydro,MW,nem,NSW1
2017-10-21 02:25:00,136.9,hydro,MW,nem,NSW1
2017-10-21 02:30:00,137.0,hydro,MW,nem,NSW1
2017-10-21 02:35:00,136.9,hydro,MW,nem,NSW1
2017-10-21 02:40:00,137.2,hydro,MW,nem,NSW1
2017-10-21 02:45:00,135.7,hydro,MW,nem,NSW1
2017-10-21 02:50:00,137.1,hydro,MW,nem,NSW1
2017-10-21 02:55:00,136.1,hydro,MW,nem,NSW1
2017-10-21 03:00:00,136.6,hydro,MW,nem,NSW1
2017-10-21 03:05:00,135.5,hydro,MW,nem,NSW1
2017-10-21 03:10:00,136.5,hydro,MW,nem,NSW1
2017-10-21 03:15:00,136.6,hydro,MW,nem,NSW1
2017-10-21 03:20:00,136.8,hydro,MW,nem,NSW1
2017-10-21 03:25:00,136.9,hydro,MW,nem,NSW1
2017-10-21 03:30:00,136.0,hydro,MW,nem,NSW1
2017-10-21 03:35:00,136.3,hydro,MW,nem,NSW1
2017-10-21 03:40:00,136.3,hydro,MW,nem,NSW1
2017-10-21 03:45:00,136.5,hydro,MW,nem,NSW1
2017-10-21 03:50:00,136.7,hydro,MW,nem,NSW1
2017-10-21 03:55:00,136.7,hydro,MW,nem,NSW1
2017-10-21 04:00:00,136.4,hydro,MW,nem,NSW1
2017-10-21 04:05:00,135.6,hydro,MW,nem,NSW1
2017-10-21 04:10:00,137.3,hydro,MW,nem,NSW1
2017-10-21 04:15:00,135.8,hydro,MW,nem,NSW1
2017-10-21 04:20:00,136.7,hydro,MW,nem,NSW1
2017-10-21 04:25:00,136.0,hydro,MW,nem,NSW1
2017-10-21 04:30:00,136.7,hydro,MW,nem,NSW1
2017-10-21 04:35:00,135.7,hydro,MW,nem,NSW1
2017-10-21 04:40:00,135.5,hydro,MW,nem,NSW1
2017-10-21 04:45:00,136.3,hydro,MW,nem,NSW1
2017-10-21 04:50:00,137.2,hydro,MW,nem,NSW1
2017-10-21 04:55:00,136.6,hydro,MW,nem,NSW1
2017-10-21 05:00:00,136.4,hydro,MW,nem,NSW1
2017-10-21 05:05:00,136.6,hydro,MW,nem,NSW1
2017-10-21 05:10:00,135.4,hydro,MW,nem,NSW1
2017-10-21 05:15:00,136.3,hydro,MW,nem,NSW1
2017-10-21 05:20:00,134.9,hydro,MW,nem,NSW1
2017-10-21 05:25:00,136.6,hydro,MW,nem,NSW1
2017-10-21 05:30:00,136.9,hydro,MW,nem,NSW1
2017-10-21 05:35:00,136.6,hydro,MW,nem,NSW1
2017-10-21 05:40:00,136.7,hydro,MW,nem,NSW1
2017-10-21 05:45:00,136.5,hydro,MW,nem,NSW1
2017-10-21 05:50:00,136.9,hydro,MW,nem,NSW1
2017-10-21 05:55:00,136.4,hydro,MW,nem,NSW1
2017-10-21 06:00:00,136.5,hydro,MW,nem,NSW1
2017-10-21 06:05:00,136.1,hydro,MW,nem,NSW1
2017-10-21 06:10:00,136.4,hydro,MW,nem,NSW1
2017-10-21 06:15:00,136.8,hydro,MW,nem,NSW1
2017-10-21 06:20:00,136.3,hydro,MW,nem,NSW1
2017-10-21 06:25:00,134.8,hydro,MW,nem,NSW1
2017-10-21 06:30:00,136.5,hydro,MW,nem,NSW1
2017-10-21 06:35:00,136.1,hydro,MW,nem,NSW1
2017-10-21 06:40:00,136.5,hydro,MW,nem,NSW1
2017-10-21 06:45:00,136.1,hydro,MW,nem,NSW1
2017-10-21 06:50:00,135.7,hydro,MW,nem,NSW1
2017-10-21 06:55:00,137.1,hydro,MW,nem,NSW1
2017-10-21 07:00:00,136.0,hydro,MW,nem,NSW1
2017-10-21 07:05:00,137.2,hydro,MW,nem,NSW1
2017-10-21 07:10:00,137.0,hydro,MW,nem,NSW1
2017-10-21 07:15:00,136.3,hydro,MW,nem,NSW1
2017-10-21 07:20:00,136.8,hydro,MW,nem,NSW1
2017-10-21 07:25:00,136.1,hydro,MW,nem,NSW1
2017-10-21 07:30:00,136.3,hydro,MW,nem,NSW1
2017-10-21 07:35:00,136.4,hydro,MW,nem,NSW1
2017-10-21 07:40:00,137.0,hydro,MW,nem,NSW1
2017-10-21 07:45:00,135.4,hydro,MW,nem,NSW1
2017-10-21 07:50:00,136.8,hydro,MW,nem,NSW1
2017-10-21 07:55:00,135.9,hydro,MW,nem,NSW1
2017-10-21 08:00:00,136.8,hydro,MW,nem,NSW1
2017-10-21 08:05:00,135.9,hydro,MW,nem,NSW1
2017-10-21 08:10:00,136.5,hydro,MW,nem,NSW1
2017-10-21 08:15:00,135.8,hydro,MW,nem,NSW1
2017-10-21 08:20:00,136.9,hydro,MW,nem,NSW1
2017-10-21 08:25:00,136.0,hydro,MW,nem,NSW1
2017-10-21 08:30:00,136.2,hydro,MW,nem,NSW1
2017-10-21 08:35:00,136.7,hydro,MW,nem,NSW1
2017-10-21 08:40:00,136.5,hydro,MW,nem,NSW1
2017-10-21 08:45:00,136.2,hydro,MW,nem,NSW1
2017-10-21 08:50:00,135.7,hydro,MW,nem,NSW1
2017-10-21 08:55:00,136.0,hydro,MW,nem,NSW1
2017-10-21 09:00:00,136.8,hydro,MW,nem,NSW1
2017-10-21 09:05:00,135.9,hydro,MW,nem,NSW1
2017-10-21 09:10:00,136.5,hydro,MW,nem,NSW1
2017-10-21 09:15:00,137.1,hydro,MW,nem,NSW1
2017-10-21 09:20:00,136.7,hydro,MW,nem,NSW1
2017-10-21 09:25:00,136.8,hydro,MW,nem,NSW1
2017-10-21 09:30:00,136.6,hydro,MW,nem,NSW1
2017-10-21 09:35:00,136.3,hydro,MW,nem,NSW1
2017-10-21 09:40:00,136.6,hydro,MW,nem,NSW1
2017-10-21 09:45:00,136.7,hydro,MW,nem,NSW1
2017-10-21 09:50:00,136.5,hydro,MW,nem,NSW1
2017-10-21 09:55:00,136.2,hydro,MW,nem,NSW1
2017-10-21 10:00:00,136.2,hydro,MW,nem,NSW1
2017-10-21 10:05:00,137.0,hydro,MW,nem,NSW1
2017-10-21 10:10:00,136.0,hydro,MW,nem,NSW1
2017-10-21 10:15:00,136.6,hydro,MW,nem,NSW1
2017-10-21 10:20:00,136.1,hydro,MW,nem,NSW1
2017-10-21 10:25:00,136.6,hydro,MW,nem,NSW1
2017-10-21 10:30:00,136.2,hydro,MW,nem,NSW1
2017-10-21 10:35:00,136.5,hydro,MW,nem,NSW1
2017-10-21 10:40:00,136.5,hydro,MW,nem,NSW1
2017-10-21 10:45:00,136.3,hydro,MW,nem,NSW1
2017-10-21 10:50:00,136.6,hydro,MW,nem,NSW1
2017-10-21 10:55:00,136.9,hydro,MW,nem,NSW1
2017-10-21 11:00:00,136.4,hydro,MW,nem,NSW1
2017-10-21 11:05:00,136.8,hydro,MW,nem,NSW1
2017-10-21 11:10:00,136.2,hydro,MW,nem,NSW1
2017-10-21 11:15:00,136.9,hydro,MW,nem,NSW1
2017-10-21 11:20:00,134.9,hydro,MW,nem,NSW1
2017-10-21 11:25:00,135.3,hydro,MW,nem,NSW1
2017-10-21 11:30:00,136.1,hydro,MW,nem,NSW1
2017-10-21 11:35:00,136.2,hydro,MW,nem,NSW1
2017-10-21 11:40:00,135.9,hydro,MW,nem,NSW1
2017-10-21 11:45:00,136.9,hydro,MW,nem,NSW1
2017-10-21 11:50:00,136.1,hydro,MW,nem,NSW1
2017-10-21 11:55:00,137.0,hydro,MW,nem,NSW1
2017-10-21 12:00:00,136.8,hydro,MW,nem,NSW1
2017-10-21 12:05:00,135.2,hydro,MW,nem,NSW1
2017-10-21 12:10:00,136.7,hydro,MW,nem,NSW1
2017-10-21 12:15:00,136.7,hydro,MW,nem,NSW1
2017-10-21 12:20:00,136.9,hydro,MW,nem,NSW1
2017-10-21 12:25:00,136.5,hydro,MW,nem,NSW1
2017-10-21 12:30:00,136.7,hydro,MW,nem,NSW1
2017-10-21 12:35:00,136.3,hydro,MW,nem,NSW1
2017-10-21 12:40:00,136.6,hydro,MW,nem,NSW1
2017-10-21 12:45:00,136.4,hydro,MW,nem,NSW1
2017-10-21 12:50:00,135.9,hydro,MW,nem,NSW1
2017-10-21 12:55:00,136.1,hydro,MW,nem,NSW1
2017-10-21 13:00:00,135.5,hydro,MW,nem,NSW1
2017-10-21 13:05:00,135.6,hydro,MW,nem,NSW1
2017-10-21 13:10:00,136.3,hydro,MW,nem,NSW1
2017-10-21 13:15:00,135.3,hydro,MW,nem,NSW1
2017-10-21 13:20:00,136.4,hydro,MW,nem,NSW1
2017-10-21 13:25:00,135.1,hydro,MW,nem,NSW1
2017-10-21 13:30:00,136.8,hydro,MW,nem,NSW1
2017-10-21 13:35:00,136.8,hydro,MW,nem,NSW1
2017-10-21 13:40:00,136.3,hydro,MW,nem,NSW1
2017-10-21 13:45:00,136.8,hydro,MW,nem,NSW1
2017-10-21 13:50:00,135.5,hydro,MW,nem,NSW1
2017-10-21 13:55:00,136.2,hydro,MW,nem,NSW1
2017-10-21 14:00:00,136.2,hydro,MW,nem,NSW1
2017-10-21 14:05:00,135.2,hydro,MW,nem,NSW1
2017-10-21 14:10:00,136.3,hydro,MW,nem,NSW1
2017-10-21 14:15:00,136.7,hydro,MW,nem,NSW1
2017-10-21 14:20:00,136.1,hydro,MW,nem,NSW1
2017-10-21 14:25:00,135.5,hydro,MW,nem,NSW1
2017-10-21 14:30:00,136.5,hydro,MW,nem,NSW1
2017-10-21 14:35:00,136.4,hydro,MW,nem,NSW1
2017-10-21 14:40:00,135.8,hydro,MW,nem,NSW1
2017-10-21 14:45:00,135.9,hydro,MW,nem,NSW1
2017-10-21 14:50:00,135.3,hydro,MW,nem,NSW1
2017-10-21 14:55:00,134.8,hydro,MW,nem,NSW1
2017-10-21 15:00:00,136.8,hydro,MW,nem,NSW1
2017-10-21 15:05:00,136.4,hydro,MW,nem,NSW1
2017-10-21 15:10:00,136.0,hydro,MW,nem,NSW1
2017-10-21 15:15:00,136.4,hydro,MW,nem,NSW1
2017-10-21 15:20:00,136.5,hydro,MW,nem,NSW1
2017-10-21 15:25:00,137.0,hydro,MW,nem,NSW1
2017-10-21 15:30:00,136.5,hydro,MW,nem,NSW1
2017-10-21 15:35:00,136.8,hydro,MW,nem,NSW1
2017-10-21 15:40:00,136.3,hydro,MW,nem,NSW1
2017-10-21 15:45:00,136.5,hydro,MW,nem,NSW1
2017-10-21 15:50:00,135.7,hydro,MW,nem,NSW1
2017-10-21 15:55:00,136.2,hydro,MW,nem,NSW1
2017-10-21 16:00:00,136.4,hydro,MW,nem,NSW1
2017-10-21 16:05:00,135.5,hydro,MW,nem,NSW1
2017-10-21 16:10:00,136.6,hydro,MW,nem,NSW1
2017-10-21 16:15:00,136.0,hydro,MW,nem,NSW1
2017-10-21 16:20:00,136.8,hydro,MW,nem,NSW1
2017-10-21 16:25:00,136.1,hydro,MW,nem,NSW1
2017-10-21 16:30:00,136.2,hydro,MW,nem,NSW1
2017-10-21 16:35:00,135.1,hydro,MW,nem,NSW1
2017-10-21 16:40:00,136.5,hydro,MW,nem,NSW1
2017-10-21 16:45:00,136.0,hydro,MW,nem,NSW1
2017-10-21 16:50:00,135.5,hydro,MW,nem,NSW1
2017-10-21 16:55:00,136.2,hydro,MW,nem,NSW1
2017-10-21 17:00:00,135.9,hydro,MW,nem,NSW1
2017-10-21 17:05:00,136.0,hydro,MW,nem,NSW1
2017-10-21 17:10:00,136.2,hydro,MW,nem,NSW1
2017-10-21 17:15:00,137.0,hydro,MW,nem,NSW1
2017-10-21 17:20:00,136.7,hydro,MW,nem,NSW1
2017-10-21 17:25:00,136.4,hydro,MW,nem,NSW1
2017-10-21 17:30:00,135.2,hydro,MW,nem,NSW1
2017-10-21 17:35:00,135.9,hydro,MW,nem,NSW1
2017-10-21 17:40:00,136.6,hydro,MW,nem,NSW1
2017-10-21 17:45:00,135.4,hydro,MW,nem,NSW1
2017-10-21 17:50:00,136.1,hydro,MW,nem,NSW1
2017-10-21 17:55:00,135.9,hydro,MW,nem,NSW1
2017-10-21 18:00:00,136.9,hydro,MW,nem,NSW1
2017-10-21 18:05:00,135.9,hydro,MW,nem,NSW1
2017-10-21 18:10:00,136.8,hydro,MW,nem,NSW1
2017-10-21 18:15:00,136.3,hydro,MW,nem,NSW1
2017-10-21 18:20:00,135.8,hydro,MW,nem,NSW1
2017-10-21 18:25:00,136.2,hydro,MW,nem,NSW1
2017-10-21 18:30:00,136.5,hydro,MW,nem,NSW1
2017-10-21 18:35:00,136.4,hydro,MW,nem,NSW1
2017-10-21 18:40:00,136.5,hydro,MW,nem,NSW1
2017-10-21 18:45:00,135.8,hydro,MW,nem,NSW1
2017-10-21 18:50:00,136.3,hydro,MW,nem,NSW1
2017-10-21 18:55:00,135.5,hydro,MW,nem,NSW1
2017-10-21 19:00:00,136.7,hydro,MW,nem,NSW1
2017-10-21 19:05:00,136.5,hydro,MW,nem,NSW1
2017-10-21 19:10:00,135.9,hydro,MW,nem,NSW1
2017-10-21 19:15:00,135.7,hydro,MW,nem,NSW1
2017-10-21 19:20:00,136.1,hydro,MW,nem,NSW1
2017-10-21 19:25:00,136.2,hydro,MW,nem,NSW1
2017-10-21 19:30:00,136.4,hydro,MW,nem,NSW1
2017-10-21 19:35:00,136.3,hydro,MW,nem,NSW1
2017-10-21 19:40:00,135.9,hydro,MW,nem,NSW1
2017-10-21 19:45:00,136.3,hydro,MW,nem,NSW1
2017-10-21 19:50:00,135.1,hydro,MW,nem,NSW1
2017-10-21 19:55:00,136.3,hydro,MW,nem,NSW1
2017-10-21 20:00:00,136.7,hydro,MW,nem,NSW1
2017-10-21 20:05:00,135.9,hydro,MW,nem,NSW1
2017-10-21 20:10:00,136.2,hydro,MW,nem,NSW1
2017-10-21 20:15:00,135.6,hydro,MW,nem,NSW1
2017-10-21 20:20:00,135.9,hydro,MW,nem,NSW1
2017-10-21 20:25:00,135.5,hydro,MW,nem,NSW1
2017-10-21 20:30:00,136.2,hydro,MW,nem,NSW1
2017-10-21 20:35:00,135.7,hydro,MW,nem,NSW1
2017-10-21 20:40:00,135.9,hydro,MW,nem,NSW1
2017-10-21 20:45:00,135.3,hydro,MW,nem,NSW1
2017-10-21 20:50:00,136.1,hydro,MW,nem,NSW1
2017-10-21 20:55:00,136.3,hydro,MW,nem,NSW1
2017-10-21 21:00:00,136.0,hydro,MW,nem,NSW1
2017-10-21 21:05:00,135.8,hydro,MW,nem,NSW1
2017-10-21 21:10:00,136.0,hydro,MW,nem,NSW1
2017-10-21 21:15:00,135.9,hydro,MW,nem,NSW1
2017-10-21 21:20:00,136.2,hydro,MW,nem,NSW1
2017-10-21 21:25:00,136.4,hydro,MW,nem,NSW1
2017-10-21 21:30:00,136.1,hydro,MW,nem,NSW1
2017-10-21 21:35:00,135.6,hydro,MW,nem,NSW1
2017-10-21 21:40:00,136.1,hydro,MW,nem,NSW1
2017-10-21 21:45:00,136.1,hydro,MW,nem,NSW1
2017-10-21 21:50:00,136.4,hydro,MW,nem,NSW1
2017-10-21 21:55:00,135.8,hydro,MW,nem,NSW1
2017-10-21 22:00:00,136.6,hydro,MW,nem,NSW1
2017-10-21 22:05:00,136.1,hydro,MW,nem,NSW1
2017-10-21 22:10:00,135.5,hydro,MW,nem,NSW1
2017-10-21 22:15:00,135.9,hydro,MW,nem,NSW1
2017-10-21 22:20:00,136.0,hydro,MW,nem,NSW1
2017-10-21 22:25:00,135.2,hydro,MW,nem,NSW1
2017-10-21 22:30:00,136.3,hydro,MW,nem,NSW1
2017-10-21 22:35:00,136.5,hydro,MW,nem,NSW1
2017-10-21 22:40:00,135.5,hydro,MW,nem,NSW1
2017-10-21 22:45:00,135.0,hydro,MW,nem,NSW1
2017-10-21 22:50:00,135.9,hydro,MW,nem,NSW1
2017-10-21 22:55:00,136.3,hydro,MW,nem,NSW1
2017-10-21 23:00:00,136.2,hydro,MW,nem,NSW1
2017-10-21 23:05:00,137.0,hydro,MW,nem,NSW1
2017-10-21 23:10:00,135.4,hydro,MW,nem,NSW1
2017-10-21 23:15:00,135.8,hydro,MW,nem,NSW1
2017-10-21 23:20:00,136.5,hydro,MW,nem,NSW1
2017-10-21 23:25:00,135.7,hydro,MW,nem,NSW1
2017-10-21 23:30:00,135.7,hydro,MW,nem,NSW1
2017-10-21 23:35:00,136.0,hydro,MW,nem,NSW1
2017-10-21 23:40:00,136.4,hydro,MW,nem,NSW1
2017-10-21 23:45:00,135.4,hydro,MW,nem,NSW1
2017-10-21 23:50:00,136.5,hydro,MW,nem,NSW1
2017-10-21 23:55:00,135.5,hydro,MW,nem,NSW1
2017-10-22 00:00:00,135.4,hydro,MW,nem,NSW1
2017-10-22 00:05:00,136.6,hydro,MW,nem,NSW1
2017-10-22 00:10:00,135.9,hydro,MW,nem,NSW1
2017-10-22 00:15:00,135.8,hydro,MW,nem,NSW1
2017-10-22 00:20:00,136.5,hydro,MW,nem,NSW1
2017-10-22 00:25:00,136.6,hydro,MW,nem,NSW1
2017-10-22 00:30:00,136.7,hydro,MW,nem,NSW1
2017-10-22 00:35:00,135.8,hydro,MW,nem,NSW1
2017-10-22 00:40:00,136.1,hydro,MW,nem,NSW1
2017-10-22 00:45:00,135.7,hydro,MW,nem,NSW1
2017-10-22 00:50:00,135.7,hydro,MW,nem,NSW1
2017-10-22 00:55:00,136.4,hydro,MW,nem,NSW1
2017-10-22 01:00:00,136.1,hydro,MW,nem,NSW1
2017-10-22 01:05:00,136.4,hydro,MW,nem,NSW1
2017-10-22 01:10:00,137.1,hydro,MW,nem,NSW1
2017-10-22 01:15:00,136.4,hydro,MW,nem,NSW1
2017-10-22 01:20:00,136.1,hydro,MW,nem,NSW1
2017-10-22 01:25:00,136.5,hydro,MW,nem,NSW1
2017-10-22 01:30:00,136.8,hydro,MW,nem,NSW1
2017-10-22 01:35:00,136.2,hydro,MW,nem,NSW1
2017-10-22 01:40:00,136.3,hydro,MW,nem,NSW1
2017-10-22 01:45:00,137.1,hydro,MW,nem,NSW1
2017-10-22 01:50:00,136.1,hydro,MW,nem,NSW1
2017-10-22 01:55:00,136.3,hydro,MW,nem,NSW1
2017-10-22 02:00:00,137.0,hydro,MW,nem,NSW1
2017-10-22 02:05:00,135.5,hydro,MW,nem,NSW1
2017-10-22 02:10:00,136.7,hydro,MW,nem,NSW1
2017-10-22 02:15:00,136.2,hydro,MW,nem,NSW1
2017-10-22 02:20:00,136.1,hydro,MW,nem,NSW1
2017-10-22 02:25:00,136.8,hydro,MW,nem,NSW1
2017-10-22 02:30:00,136.7,hydro,MW,nem,NSW1
2017-10-22 02:35:00,136.7,hydro,MW,nem,NSW1
2017-10-22 02:40:00,136.4,hydro,MW,nem,NSW1
2017-10-22 02:45:00,136.6,hydro,MW,nem,NSW1
2017-10-22 02:50:00,135.5,hydro,MW,nem,NSW1
2017-10-22 02:55:00,136.5,hydro,MW,nem,NSW1
2017-10-22 03:00:00,135.7,hydro,MW,nem,NSW1
2017-10-22 03:05:00,135.9,hydro,MW,nem,NSW1
2017-10-22 03:10:00,136.9,hydro,MW,nem,NSW1
2017-10-22 03:15:00,135.7,hydro,MW,nem,NSW1
2017-10-22 03:20:00,136.6,hydro,MW,nem,NSW1
2017-10-22 03:25:00,136.1,hydro,MW,nem,NSW1
2017-10-22 03:30:00,136.2,hydro,MW,nem,NSW1
2017-10-22 03:35:00,136.0,hydro,MW,nem,NSW1
2017-10-22 03:40:00,135.1,hydro,MW,nem,NSW1
2017-10-22 03:45:00,135.6,hydro,MW,nem,NSW1
2017-10-22 03:50:00,136.0,hydro,MW,nem,NSW1
2017-10-22 03:55:00,136.1,hydro,MW,nem,NSW1
2017-10-22 04:00:00,135.9,hydro,MW,nem,NSW1
2017-10-22 04:05:00,136.5,hydro,MW,nem,NSW1
2017-10-22 04:10:00,135.4,hydro,MW,nem,NSW1
2017-10-22 04:15:00,136.3,hydro,MW,nem,NSW1
2017-10-22 04:20:00,136.5,hydro,MW,nem,NSW1
2017-10-22 04:25:00,135.0,hydro,MW,nem,NSW1
2017-10-22 04:30:00,136.6,hydro,MW,nem,NSW1
2017-10-22 04:35:00,135.5,hydro,MW,nem,NSW1
2017-10-22 04:40:00,136.0,hydro,MW,nem,NSW1
2017-10-22 04:45:00,135.9,hydro,MW,nem,NSW1
2017-10-22 04:50:00,136.1,hydro,MW,nem,NSW1
2017-10-22 04:55:00,135.7,hydro,MW,nem,NSW1
2017-10-22 05:00:00,136.9,hydro,MW,nem,NSW1
2017-10-22 05:05:00,135.9,hydro,MW,nem,NSW1
2017-10-22 05:10:00,135.7,hydro,MW,nem,NSW1
2017-10-22 05:15:00,135.9,hydro,MW,nem,NSW1
2017-10-22 05:20:00,136.3,hydro,MW,nem,NSW1
2017-10-22 05:25:00,136.3,hydro,MW,nem,NSW1
2017-10-22 05:30:00,136.2,hydro,MW,nem,NSW1
2017-10-22 05:35:00,136.1,hydro,MW,nem,NSW1
2017-10-22 05:40:00,136.9,hydro,MW,nem,NSW1
2017-10-22 05:45:00,137.2,hydro,MW,nem,NSW1
2017-10-22 05:50:00,136.8,hydro,MW,nem,NSW1
2017-10-22 05:55:00,135.9,hydro,MW,nem,NSW1
2017-10-22 06:00:00,137.7,hydro,MW,nem,NSW1
2017-10-22 06:05:00,135.5,hydro,MW,nem,NSW1
2017-10-22 06:10:00,135.8,hydro,MW,nem,NSW1
2017-10-22 06:15:00,136.4,hydro,MW,nem,NSW1
2017-10-22 06:20:00,136.4,hydro,MW,nem,NSW1
2017-10-22 06:25:00,136.6,hydro,MW,nem,NSW1
2017-10-22 06:30:00,136.3,hydro,MW,nem,NSW1
2017-10-22 06:35:00,135.6,hydro,MW,nem,NSW1
2017-10-22 06:40:00,136.5,hydro,MW,nem,NSW1
2017-10-22 06:45:00,136.1,hydro,MW,nem,NSW1
2017-10-22 06:50:00,136.0,hydro,MW,nem,NSW1
2017-10-22 06:55:00,130.9,hydro,MW,nem,NSW1
2017-10-22 07:00:00,131.4,hydro,MW,nem,NSW1
2017-10-22 07:05:00,130.7,hydro,MW,nem,NSW1
2017-10-22 07:10:00,131.3,hydro,MW,nem,NSW1
2017-10-22 07:15:00,131.0,hydro,MW,nem,NSW1
2017-10-22 07:20:00,130.4,hydro,MW,nem,NSW1
2017-10-22 07:25:00,132.3,hydro,MW,nem,NSW1
2017-10-22 07:30:00,131.7,hydro,MW,nem,NSW1
2017-10-22 07:35:00,131.2,hydro,MW,nem,NSW1
2017-10-22 07:40:00,132.2,hydro,MW,nem,NSW1
2017-10-22 07:45:00,132.0,hydro,MW,nem,NSW1
2017-10-22 07:50:00,130.7,hydro,MW,nem,NSW1
2017-10-22 07:55:00,130.9,hydro,MW,nem,NSW1
2017-10-22 08:00:00,131.3,hydro,MW,nem,NSW1
2017-10-22 08:05:00,131.6,hydro,MW,nem,NSW1
2017-10-22 08:10:00,227.4,hydro,MW,nem,NSW1
2017-10-22 08:15:00,131.9,hydro,MW,nem,NSW1
2017-10-22 08:20:00,129.7,hydro,MW,nem,NSW1
2017-10-22 08:25:00,131.7,hydro,MW,nem,NSW1
2017-10-22 08:30:00,132.1,hydro,MW,nem,NSW1
2017-10-22 08:35:00,131.8,hydro,MW,nem,NSW1
2017-10-22 08:40:00,131.3,hydro,MW,nem,NSW1
2017-10-22 08:45:00,131.5,hydro,MW,nem,NSW1
2017-10-22 08:50:00,130.1,hydro,MW,nem,NSW1
2017-10-22 08:55:00,131.4,hydro,MW,nem,NSW1
2017-10-22 09:00:00,130.9,hydro,MW,nem,NSW1
2017-10-22 09:05:00,131.9,hydro,MW,nem,NSW1
2017-10-22 09:10:00,131.2,hydro,MW,nem,NSW1
2017-10-22 09:15:00,131.1,hydro,MW,nem,NSW1
2017-10-22 09:20:00,131.4,hydro,MW,nem,NSW1
2017-10-22 09:25:00,130.8,hydro,MW,nem,NSW1
2017-10-22 09:30:00,131.1,hydro,MW,nem,NSW1
2017-10-22 09:35:00,131.9,hydro,MW,nem,NSW1
2017-10-22 09:40:00,130.7,hydro,MW,nem,NSW1
2017-10-22 09:45:00,132.1,hydro,MW,nem,NSW1
2017-10-22 09:50:00,130.9,hydro,MW,nem,NSW1
2017-10-22 09:55:00,131.1,hydro,MW,nem,NSW1
2017-10-22 10:00:00,130.5,hydro,MW,nem,NSW1
2017-10-22 10:05:00,131.5,hydro,MW,nem,NSW1
2017-10-22 10:10:00,131.0,hydro,MW,nem,NSW1
2017-10-22 10:15:00,131.1,hydro,MW,nem,NSW1
2017-10-22 10:20:00,131.4,hydro,MW,nem,NSW1
2017-10-22 10:25:00,131.6,hydro,MW,nem,NSW1
2017-10-22 10:30:00,130.9,hydro,MW,nem,NSW1
2017-10-22 10:35:00,131.5,hydro,MW,nem,NSW1
2017-10-22 10:40:00,132.1,hydro,MW,nem,NSW1
2017-10-22 10:45:00,130.9,hydro,MW,nem,NSW1
2017-10-22 10:50:00,131.0,hydro,MW,nem,NSW1
2017-10-22 10:55:00,132.3,hydro,MW,nem,NSW1
2017-10-22 11:00:00,131.1,hydro,MW,nem,NSW1
2017-10-22 11:05:00,131.4,hydro,MW,nem,NSW1
2017-10-22 11:10:00,131.0,hydro,MW,nem,NSW1
2017-10-22 11:15:00,131.0,hydro,MW,nem,NSW1
2017-10-22 11:20:00,131.6,hydro,MW,nem,NSW1
2017-10-22 11:25:00,131.0,hydro,MW,nem,NSW1
2017-10-22 11:30:00,130.5,hydro,MW,nem,NSW1
2017-10-22 11:35:00,130.5,hydro,MW,nem,NSW1
2017-10-22 11:40:00,131.6,hydro,MW,nem,NSW1
2017-10-22 11:45:00,131.1,hydro,MW,nem,NSW1
2017-10-22 11:50:00,132.6,hydro,MW,nem,NSW1
2017-10-22 11:55:00,131.7,hydro,MW,nem,NSW1
2017-10-22 12:00:00,132.0,hydro,MW,nem,NSW1
2017-10-22 12:05:00,131.3,hydro,MW,nem,NSW1
2017-10-22 12:10:00,131.3,hydro,MW,nem,NSW1
2017-10-22 12:15:00,131.5,hydro,MW,nem,NSW1
2017-10-22 12:20:00,130.7,hydro,MW,nem,NSW1
2017-10-22 12:25:00,130.6,hydro,MW,nem,NSW1
2017-10-22 12:30:00,131.0,hydro,MW,nem,NSW1
2017-10-22 12:35:00,131.5,hydro,MW,nem,NSW1
2017-10-22 12:40:00,132.3,hydro,MW,nem,NSW1
2017-10-22 12:45:00,131.3,hydro,MW,nem,NSW1
2017-10-22 12:50:00,131.1,hydro,MW,nem,NSW1
2017-10-22 12:55:00,130.8,hydro,MW,nem,NSW1
2017-10-22 13:00:00,130.6,hydro,MW,nem,NSW1
2017-10-22 13:05:00,131.7,hydro,MW,nem,NSW1
2017-10-22 13:10:00,131.0,hydro,MW,nem,NSW1
2017-10-22 13:15:00,131.6,hydro,MW,nem,NSW1
2017-10-22 13:20:00,131.0,hydro,MW,nem,NSW1
2017-10-22 13:25:00,131.3,hydro,MW,nem,NSW1
2017-10-22 13:30:00,131.9,hydro,MW,nem,NSW1
2017-10-22 13:35:00,131.3,hydro,MW,nem,NSW1
2017-10-22 13:40:00,131.6,hydro,MW,nem,NSW1
2017-10-22 13:45:00,130.5,hydro,MW,nem,NSW1
2017-10-22 13:50:00,131.2,hydro,MW,nem,NSW1
2017-10-22 13:55:00,131.2,hydro,MW,nem,NSW1
2017-10-22 14:00:00,131.6,hydro,MW,nem,NSW1
2017-10-22 14:05:00,131.4,hydro,MW,nem,NSW1
2017-10-22 14:10:00,132.0,hydro,MW,nem,NSW1
2017-10-22 14:15:00,132.2,hydro,MW,nem,NSW1
2017-10-22 14:20:00,130.7,hydro,MW,nem,NSW1
2017-10-22 14:25:00,132.8,hydro,MW,nem,NSW1
2017-10-22 14:30:00,130.8,hydro,MW,nem,NSW1
2017-10-22 14:35:00,131.8,hydro,MW,nem,NSW1
2017-10-22 14:40:00,130.6,hydro,MW,nem,NSW1
2017-10-22 14:45:00,131.9,hydro,MW,nem,NSW1
2017-10-22 14:50:00,130.9,hydro,MW,nem,NSW1
2017-10-22 14:55:00,130.5,hydro,MW,nem,NSW1
2017-10-22 15:00:00,131.3,hydro,MW,nem,NSW1
2017-10-22 15:05:00,130.4,hydro,MW,nem,NSW1
2017-10-22 15:10:00,131.1,hydro,MW,nem,NSW1
2017-10-22 15:15:00,131.3,hydro,MW,nem,NSW1
2017-10-22 15:20:00,131.2,hydro,MW,nem,NSW1
2017-10-22 15:25:00,130.9,hydro,MW,nem,NSW1
2017-10-22 15:30:00,132.1,hydro,MW,nem,NSW1
2017-10-22 15:35:00,131.2,hydro,MW,nem,NSW1
2017-10-22 15:40:00,131.2,hydro,MW,nem,NSW1
2017-10-22 15:45:00,131.0,hydro,MW,nem,NSW1
2017-10-22 15:50:00,131.7,hydro,MW,nem,NSW1
2017-10-22 15:55:00,131.0,hydro,MW,nem,NSW1
2017-10-22 16:00:00,131.3,hydro,MW,nem,NSW1
2017-10-22 16:05:00,132.2,hydro,MW,nem,NSW1
2017-10-22 16:10:00,131.0,hydro,MW,nem,NSW1
2017-10-22 16:15:00,131.3,hydro,MW,nem,NSW1
2017-10-22 16:20:00,132.0,hydro,MW,nem,NSW1
2017-10-22 16:25:00,130.3,hydro,MW,nem,NSW1
2017-10-22 16:30:00,131.3,hydro,MW,nem,NSW1
2017-10-22 16:35:00,131.6,hydro,MW,nem,NSW1
2017-10-22 16:40:00,130.8,hydro,MW,nem,NSW1
2017-10-22 16:45:00,131.5,hydro,MW,nem,NSW1
2017-10-22 16:50:00,130.6,hydro,MW,nem,NSW1
2017-10-22 16:55:00,130.6,hydro,MW,nem,NSW1
2017-10-22 17:00:00,132.2,hydro,MW,nem,NSW1
2017-10-22 17:05:00,131.1,hydro,MW,nem,NSW1
2017-10-22 17:10:00,131.6,hydro,MW,nem,NSW1
2017-10-22 17:15:00,130.7,hydro,MW,nem,NSW1
2017-10-22 17:20:00,133.1,hydro,MW,nem,NSW1
2017-10-22 17:25:00,131.8,hydro,MW,nem,NSW1
2017-10-22 17:30:00,130.5,hydro,MW,nem,NSW1
2017-10-22 17:35:00,131.1,hydro,MW,nem,NSW1
2017-10-22 17:40:00,135.2,hydro,MW,nem,NSW1
2017-10-22 17:45:00,136.4,hydro,MW,nem,NSW1
2017-10-22 17:50:00,136.1,hydro,MW,nem,NSW1
2017-10-22 17:55:00,136.4,hydro,MW,nem,NSW1
2017-10-22 18:00:00,135.7,hydro,MW,nem,NSW1
2017-10-22 18:05:00,135.7,hydro,MW,nem,NSW1
2017-10-22 18:10:00,135.7,hydro,MW,nem,NSW1
2017-10-22 18:15:00,136.5,hydro,MW,nem,NSW1
2017-10-22 18:20:00,136.2,hydro,MW,nem,NSW1
2017-10-22 18:25:00,136.0,hydro,MW,nem,NSW1
2017-10-22 18:30:00,135.0,hydro,MW,nem,NSW1
2017-10-22 18:35:00,135.1,hydro,MW,nem,NSW1
2017-10-22 18:40:00,136.7,hydro,MW,nem,NSW1
2017-10-22 18:45:00,136.3,hydro,MW,nem,NSW1
2017-10-22 18:50:00,135.2,hydro,MW,nem,NSW1
2017-10-22 18:55:00,135.7,hydro,MW,nem,NSW1
2017-10-22 19:00:00,136.5,hydro,MW,nem,NSW1
2017-10-22 19:05:00,136.2,hydro,MW,nem,NSW1
2017-10-22 19:10:00,136.2,hydro,MW,nem,NSW1
2017-10-22 19:15:00,136.1,hydro,MW,nem,NSW1
2017-10-22 19:20:00,135.0,hydro,MW,nem,NSW1
2017-10-22 19:25:00,136.2,hydro,MW,nem,NSW1
2017-10-22 19:30:00,136.2,hydro,MW,nem,NSW1
2017-10-22 19:35:00,136.2,hydro,MW,nem,NSW1
2017-10-22 19:40:00,135.6,hydro,MW,nem,NSW1
2017-10-22 19:45:00,135.3,hydro,MW,nem,NSW1
2017-10-22 19:50:00,135.6,hydro,MW,nem,NSW1
2017-10-22 19:55:00,135.1,hydro,MW,nem,NSW1
2017-10-22 20:00:00,136.4,hydro,MW,nem,NSW1
2017-10-22 20:05:00,136.2,hydro,MW,nem,NSW1
2017-10-22 20:10:00,135.9,hydro,MW,nem,NSW1
2017-10-22 20:15:00,136.0,hydro,MW,nem,NSW1
2017-10-22 20:20:00,136.2,hydro,MW,nem,NSW1
2017-10-22 20:25:00,136.8,hydro,MW,nem,NSW1
2017-10-22 20:30:00,136.3,hydro,MW,nem,NSW1
2017-10-22 20:35:00,136.3,hydro,MW,nem,NSW1
2017-10-22 20:40:00,135.8,hydro,MW,nem,NSW1
2017-10-22 20:45:00,136.0,hydro,MW,nem,NSW1
2017-10-22 20:50:00,135.1,hydro,MW,nem,NSW1
2017-10-22 20:55:00,135.9,hydro,MW,nem,NSW1
2017-10-22 21:00:00,136.3,hydro,MW,nem,NSW1
2017-10-22 21:05:00,136.5,hydro,MW,nem,NSW1
2017-10-22 21:10:00,136.3,hydro,MW,nem,NSW1
2017-10-22 21:15:00,136.0,hydro,MW,nem,NSW1
2017-10-22 21:20:00,135.8,hydro,MW,nem,NSW1
2017-10-22 21:25:00,135.5,hydro,MW,nem,NSW1
2017-10-22 21:30:00,136.2,hydro,MW,nem,NSW1
2017-10-22 21:35:00,136.0,hydro,MW,nem,NSW1
2017-10-22 21:40:00,136.2,hydro,MW,nem,NSW1
2017-10-22 21:45:00,135.2,hydro,MW,nem,NSW1
2017-10-22 21:50:00,136.1,hydro,MW,nem,NSW1
2017-10-22 21:55:00,136.1,hydro,MW,nem,NSW1
2017-10-22 22:00:00,135.8,hydro,MW,nem,NSW1
2017-10-22 22:05:00,136.0,hydro,MW,nem,NSW1
2017-10-22 22:10:00,131.1,hydro,MW,nem,NSW1
2017-10-22 22:15:00,131.3,hydro,MW,nem,NSW1
2017-10-22 22:20:00,130.2,hydro,MW,nem,NSW1
2017-10-22 22:25:00,130.8,hydro,MW,nem,NSW1
2017-10-22 22:30:00,131.3,hydro,MW,nem,NSW1
2017-10-22 22:35:00,130.1,hydro,MW,nem,NSW1
2017-10-22 22:40:00,132.5,hydro,MW,nem,NSW1
2017-10-22 22:45:00,131.2,hydro,MW,nem,NSW1
2017-10-22 22:50:00,131.0,hydro,MW,nem,NSW1
2017-10-22 22:55:00,131.5,hydro,MW,nem,NSW1
2017-10-22 23:00:00,130.4,hydro,MW,nem,NSW1
2017-10-22 23:05:00,131.1,hydro,MW,nem,NSW1
2017-10-22 23:10:00,131.2,hydro,MW,nem,NSW1
2017-10-22 23:15:00,132.0,hydro,MW,nem,NSW1
2017-10-22 23:20:00,131.8,hydro,MW,nem,NSW1
2017-10-22 23:25:00,130.8,hydro,MW,nem,NSW1
2017-10-22 23:30:00,131.4,hydro,MW,nem,NSW1
2017-10-22 23:35:00,132.5,hydro,MW,nem,NSW1
2017-10-22 23:40:00,131.1,hydro,MW,nem,NSW1
2017-10-22 23:45:00,131.4,hydro,MW,nem,NSW1
2017-10-22 23:50:00,131.8,hydro,MW,nem,NSW1
2017-10-22 23:55:00,131.2,hydro,MW,nem,NSW1
2017-10-23 00:00:00,130.7,hydro,MW,nem,NSW1
2017-10-23 00:05:00,131.5,hydro,MW,nem,NSW1
2017-10-23 00:10:00,100.7,hydro,MW,nem,NSW1
2017-10-23 00:15:00,99.96,hydro,MW,nem,NSW1
2017-10-23 00:20:00,99.81,hydro,MW,nem,NSW1
2017-10-23 00:25:00,100.4,hydro,MW,nem,NSW1
2017-10-23 00:30:00,100.7,hydro,MW,nem,NSW1
2017-10-23 00:35:00,100.6,hydro,MW,nem,NSW1
2017-10-23 00:40:00,100.5,hydro,MW,nem,NSW1
2017-10-23 00:45:00,100.5,hydro,MW,nem,NSW1
2017-10-23 00:50:00,100.4,hydro,MW,nem,NSW1
2017-10-23 00:55:00,99.66,hydro,MW,nem,NSW1
2017-10-23 01:00:00,99.82,hydro,MW,nem,NSW1
2017-10-23 01:05:00,100.7,hydro,MW,nem,NSW1
2017-10-23 01:10:00,100.9,hydro,MW,nem,NSW1
2017-10-23 01:15:00,100.7,hydro,MW,nem,NSW1
2017-10-23 01:20:00,100.3,hydro,MW,nem,NSW1
2017-10-23 01:25:00,100.1,hydro,MW,nem,NSW1
2017-10-23 01:30:00,100.3,hydro,MW,nem,NSW1
2017-10-23 01:35:00,100.1,hydro,MW,nem,NSW1
2017-10-23 01:40:00,100.5,hydro,MW,nem,NSW1
2017-10-23 01:45:00,100.0,hydro,MW,nem,NSW1
2017-10-23 01:50:00,100.6,hydro,MW,nem,NSW1
2017-10-23 01:55:00,100.0,hydro,MW,nem,NSW1
2017-10-23 02:00:00,100.1,hydro,MW,nem,NSW1
2017-10-23 02:05:00,100.6,hydro,MW,nem,NSW1
2017-10-23 02:10:00,100.4,hydro,MW,nem,NSW1
2017-10-23 02:15:00,100.6,hydro,MW,nem,NSW1
2017-10-23 02:20:00,100.0,hydro,MW,nem,NSW1
2017-10-23 02:25:00,100.4,hydro,MW,nem,NSW1
2017-10-23 02:30:00,100.2,hydro,MW,nem,NSW1
2017-10-23 02:35:00,100.3,hydro,MW,nem,NSW1
2017-10-23 02:40:00,99.99,hydro,MW,nem,NSW1
2017-10-23 02:45:00,100.6,hydro,MW,nem,NSW1
2017-10-23 02:50:00,100.4,hydro,MW,nem,NSW1
2017-10-23 02:55:00,100.6,hydro,MW,nem,NSW1
2017-10-23 03:00:00,99.95,hydro,MW,nem,NSW1
2017-10-23 03:05:00,100.4,hydro,MW,nem,NSW1
2017-10-23 03:10:00,99.93,hydro,MW,nem,NSW1
2017-10-23 03:15:00,99.6,hydro,MW,nem,NSW1
2017-10-23 03:20:00,99.75,hydro,MW,nem,NSW1
2017-10-23 03:25:00,100.3,hydro,MW,nem,NSW1
2017-10-23 03:30:00,100.2,hydro,MW,nem,NSW1
2017-10-23 03:35:00,100.4,hydro,MW,nem,NSW1
2017-10-23 03:40:00,100.3,hydro,MW,nem,NSW1
2017-10-23 03:45:00,99.83,hydro,MW,nem,NSW1
2017-10-23 03:50:00,100.1,hydro,MW,nem,NSW1
2017-10-23 03:55:00,99.73,hydro,MW,nem,NSW1
2017-10-23 04:00:00,100.3,hydro,MW,nem,NSW1
2017-10-23 04:05:00,100.1,hydro,MW,nem,NSW1
2017-10-23 04:10:00,100.2,hydro,MW,nem,NSW1
2017-10-23 04:15:00,100.2,hydro,MW,nem,NSW1
2017-10-23 04:20:00,99.93,hydro,MW,nem,NSW1
2017-10-23 04:25:00,100.1,hydro,MW,nem,NSW1
2017-10-23 04:30:00,100.5,hydro,MW,nem,NSW1
2017-10-23 04:35:00,100.1,hydro,MW,nem,NSW1
2017-10-23 04:40:00,100.2,hydro,MW,nem,NSW1
2017-10-23 04:45:00,99.97,hydro,MW,nem,NSW1
2017-10-23 04:50:00,100.6,hydro,MW,nem,NSW1
2017-10-23 04:55:00,99.91,hydro,MW,nem,NSW1
2017-10-23 05:00:00,100.2,hydro,MW,nem,NSW1
2017-10-23 05:05:00,100.1,hydro,MW,nem,NSW1
2017-10-23 05:10:00,99.77,hydro,MW,nem,NSW1
2017-10-23 05:15:00,99.85,hydro,MW,nem,NSW1
2017-10-23 05:20:00,99.97,hydro,MW,nem,NSW1
2017-10-23 05:25:00,100.8,hydro,MW,nem,NSW1
2017-10-23 05:30:00,100.1,hydro,MW,nem,NSW1
2017-10-23 05:35:00,99.52,hydro,MW,nem,NSW1
2017-10-23 05:40:00,100.1,hydro,MW,nem,NSW1
2017-10-23 05:45:00,100.5,hydro,MW,nem,NSW1
2017-10-23 05:50:00,215.2,hydro,MW,nem,NSW1
2017-10-23 05:55:00,225.7,hydro,MW,nem,NSW1
2017-10-23 06:00:00,226.2,hydro,MW,nem,NSW1
2017-10-23 06:05:00,221.9,hydro,MW,nem,NSW1
2017-10-23 06:10:00,360.6,hydro,MW,nem,NSW1
2017-10-23 06:15:00,433.1,hydro,MW,nem,NSW1
2017-10-23 06:20:00,552.0,hydro,MW,nem,NSW1
2017-10-23 06:25:00,581.8,hydro,MW,nem,NSW1
2017-10-23 06:30:00,624.7,hydro,MW,nem,NSW1
2017-10-23 06:35:00,617.0,hydro,MW,nem,NSW1
2017-10-23 06:40:00,634.2,hydro,MW,nem,NSW1
2017-10-23 06:45:00,619.8,hydro,MW,nem,NSW1
2017-10-23 06:50:00,639.1,hydro,MW,nem,NSW1
2017-10-23 06:55:00,627.1,hydro,MW,nem,NSW1
2017-10-23 07:00:00,632.6,hydro,MW,nem,NSW1
2017-10-23 07:05:00,651.5,hydro,MW,nem,NSW1
2017-10-23 07:10:00,692.7,hydro,MW,nem,NSW1
2017-10-23 07:15:00,704.4,hydro,MW,nem,NSW1
2017-10-23 07:20:00,701.8,hydro,MW,nem,NSW1
2017-10-23 07:25:00,673.2,hydro,MW,nem,NSW1
2017-10-23 07:30:00,682.1,hydro,MW,nem,NSW1
2017-10-23 07:35:00,672.8,hydro,MW,nem,NSW1
2017-10-23 07:40:00,610.8,hydro,MW,nem,NSW1
2017-10-23 07:45:00,580.5,hydro,MW,nem,NSW1
2017-10-23 07:50:00,516.7,hydro,MW,nem,NSW1
2017-10-23 07:55:00,478.0,hydro,MW,nem,NSW1
2017-10-23 08:00:00,471.4,hydro,MW,nem,NSW1
2017-10-23 08:05:00,435.8,hydro,MW,nem,NSW1
2017-10-23 08:10:00,382.0,hydro,MW,nem,NSW1
2017-10-23 08:15:00,349.4,hydro,MW,nem,NSW1
2017-10-23 08:20:00,346.7,hydro,MW,nem,NSW1
2017-10-23 08:25:00,340.1,hydro,MW,nem,NSW1
2017-10-23 08:30:00,354.5,hydro,MW,nem,NSW1
2017-10-23 08:35:00,362.7,hydro,MW,nem,NSW1
2017-10-23 08:40:00,250.5,hydro,MW,nem,NSW1
2017-10-23 08:45:00,153.9,hydro,MW,nem,NSW1
2017-10-23 08:50:00,130.2,hydro,MW,nem,NSW1
2017-10-23 08:55:00,131.4,hydro,MW,nem,NSW1
2017-10-23 09:00:00,131.9,hydro,MW,nem,NSW1
2017-10-23 09:05:00,129.0,hydro,MW,nem,NSW1
2017-10-23 09:10:00,130.8,hydro,MW,nem,NSW1
2017-10-23 09:15:00,130.9,hydro,MW,nem,NSW1
2017-10-23 09:20:00,130.7,hydro,MW,nem,NSW1
2017-10-23 09:25:00,131.0,hydro,MW,nem,NSW1
2017-10-23 09:30:00,132.2,hydro,MW,nem,NSW1
2017-10-23 09:35:00,131.7,hydro,MW,nem,NSW1
2017-10-23 09:40:00,131.4,hydro,MW,nem,NSW1
2017-10-23 09:45:00,131.1,hydro,MW,nem,NSW1
2017-10-23 09:50:00,131.5,hydro,MW,nem,NSW1
2017-10-23 09:55:00,130.2,hydro,MW,nem,NSW1
2017-10-23 10:00:00,131.1,hydro,MW,nem,NSW1
2017-10-23 10:05:00,130.7,hydro,MW,nem,NSW1
2017-10-23 10:10:00,131.6,hydro,MW,nem,NSW1
2017-10-23 10:15:00,130.9,hydro,MW,nem,NSW1
2017-10-23 10:20:00,131.0,hydro,MW,nem,NSW1
2017-10-23 10:25:00,132.2,hydro,MW,nem,NSW1
2017-10-23 10:30:00,132.5,hydro,MW,nem,NSW1
2017-10-23 10:35:00,131.1,hydro,MW,nem,NSW1
2017-10-23 10:40:00,131.6,hydro,MW,nem,NSW1
2017-10-23 10:45:00,130.5,hydro,MW,nem,NSW1
2017-10-23 10:50:00,131.5,hydro,MW,nem,NSW1
2017-10-23 10:55:00,131.7,hydro,MW,nem,NSW1
2017-10-23 11:00:00,130.9,hydro,MW,nem,NSW1
2017-10-23 11:05:00,131.3,hydro,MW,nem,NSW1
2017-10-23 11:10:00,130.1,hydro,MW,nem,NSW1
2017-10-23 11:15:00,131.7,hydro,MW,nem,NSW1
2017-10-23 11:20:00,130.8,hydro,MW,nem,NSW1
2017-10-23 11:25:00,131.2,hydro,MW,nem,NSW1
2017-10-23 11:30:00,131.3,hydro,MW,nem,NSW1
2017-10-23 11:35:00,130.5,hydro,MW,nem,NSW1
2017-10-23 11:40:00,254.6,hydro,MW,nem,NSW1
2017-10-23 11:45:00,262.9,hydro,MW,nem,NSW1
2017-10-23 11:50:00,273.8,hydro,MW,nem,NSW1
2017-10-23 11:55:00,276.0,hydro,MW,nem,NSW1
2017-10-23 12:00:00,276.0,hydro,MW,nem,NSW1
2017-10-23 12:05:00,271.3,hydro,MW,nem,NSW1
2017-10-23 12:10:00,272.6,hydro,MW,nem,NSW1
2017-10-23 12:15:00,262.1,hydro,MW,nem,NSW1
2017-10-23 12:20:00,270.4,hydro,MW,nem,NSW1
2017-10-23 12:25:00,272.3,hydro,MW,nem,NSW1
2017-10-23 12:30:00,271.6,hydro,MW,nem,NSW1
2017-10-23 12:35:00,272.4,hydro,MW,nem,NSW1
2017-10-23 12:40:00,266.9,hydro,MW,nem,NSW1
2017-10-23 12:45:00,268.0,hydro,MW,nem,NSW1
2017-10-23 12:50:00,269.5,hydro,MW,nem,NSW1
2017-10-23 12:55:00,270.4,hydro,MW,nem,NSW1
2017-10-23 13:00:00,270.6,hydro,MW,nem,NSW1
2017-10-23 13:05:00,271.2,hydro,MW,nem,NSW1
2017-10-23 13:10:00,269.8,hydro,MW,nem,NSW1
2017-10-23 13:15:00,275.7,hydro,MW,nem,NSW1
2017-10-23 13:20:00,275.2,hydro,MW,nem,NSW1
2017-10-23 13:25:00,252.6,hydro,MW,nem,NSW1
2017-10-23 13:30:00,273.8,hydro,MW,nem,NSW1
2017-10-23 13:35:00,271.3,hydro,MW,nem,NSW1
2017-10-23 13:40:00,252.3,hydro,MW,nem,NSW1
2017-10-23 13:45:00,273.0,hydro,MW,nem,NSW1
2017-10-23 13:50:00,271.0,hydro,MW,nem,NSW1
2017-10-23 13:55:00,265.7,hydro,MW,nem,NSW1
2017-10-23 14:00:00,273.0,hydro,MW,nem,NSW1
2017-10-23 14:05:00,263.1,hydro,MW,nem,NSW1
2017-10-23 14:10:00,278.2,hydro,MW,nem,NSW1
2017-10-23 14:15:00,271.9,hydro,MW,nem,NSW1
2017-10-23 14:20:00,175.0,hydro,MW,nem,NSW1
2017-10-23 14:25:00,136.0,hydro,MW,nem,NSW1
2017-10-23 14:30:00,136.8,hydro,MW,nem,NSW1
2017-10-23 14:35:00,136.5,hydro,MW,nem,NSW1
2017-10-23 14:40:00,136.7,hydro,MW,nem,NSW1
2017-10-23 14:45:00,136.4,hydro,MW,nem,NSW1
2017-10-23 14:50:00,136.9,hydro,MW,nem,NSW1
2017-10-23 14:55:00,135.8,hydro,MW,nem,NSW1
2017-10-23 15:00:00,137.0,hydro,MW,nem,NSW1
2017-10-23 15:05:00,141.0,hydro,MW,nem,NSW1
2017-10-23 15:10:00,140.1,hydro,MW,nem,NSW1
2017-10-23 15:15:00,140.1,hydro,MW,nem,NSW1
2017-10-23 15:20:00,140.4,hydro,MW,nem,NSW1
2017-10-23 15:25:00,140.1,hydro,MW,nem,NSW1
2017-10-23 15:30:00,141.3,hydro,MW,nem,NSW1
2017-10-23 15:35:00,140.4,hydro,MW,nem,NSW1
2017-10-23 15:40:00,140.6,hydro,MW,nem,NSW1
2017-10-23 15:45:00,140.4,hydro,MW,nem,NSW1
2017-10-23 15:50:00,140.1,hydro,MW,nem,NSW1
2017-10-23 15:55:00,139.0,hydro,MW,nem,NSW1
2017-10-23 16:00:00,141.7,hydro,MW,nem,NSW1
2017-10-23 16:05:00,259.7,hydro,MW,nem,NSW1
2017-10-23 16:10:00,263.3,hydro,MW,nem,NSW1
2017-10-23 16:15:00,268.1,hydro,MW,nem,NSW1
2017-10-23 16:20:00,265.5,hydro,MW,nem,NSW1
2017-10-23 16:25:00,265.3,hydro,MW,nem,NSW1
2017-10-23 16:30:00,266.3,hydro,MW,nem,NSW1
2017-10-23 16:35:00,263.5,hydro,MW,nem,NSW1
2017-10-23 16:40:00,264.8,hydro,MW,nem,NSW1
2017-10-23 16:45:00,262.0,hydro,MW,nem,NSW1
2017-10-23 16:50:00,263.9,hydro,MW,nem,NSW1
2017-10-23 16:55:00,266.2,hydro,MW,nem,NSW1
2017-10-23 17:00:00,266.7,hydro,MW,nem,NSW1
2017-10-23 17:05:00,269.9,hydro,MW,nem,NSW1
2017-10-23 17:10:00,264.9,hydro,MW,nem,NSW1
2017-10-23 17:15:00,268.9,hydro,MW,nem,NSW1
2017-10-23 17:20:00,269.1,hydro,MW,nem,NSW1
2017-10-23 17:25:00,270.6,hydro,MW,nem,NSW1
2017-10-23 17:30:00,414.0,hydro,MW,nem,NSW1
2017-10-23 17:35:00,442.9,hydro,MW,nem,NSW1
2017-10-23 17:40:00,446.6,hydro,MW,nem,NSW1
2017-10-23 17:45:00,446.0,hydro,MW,nem,NSW1
2017-10-23 17:50:00,454.2,hydro,MW,nem,NSW1
2017-10-23 17:55:00,450.2,hydro,MW,nem,NSW1
2017-10-23 18:00:00,448.2,hydro,MW,nem,NSW1
2017-10-23 18:05:00,460.4,hydro,MW,nem,NSW1
2017-10-23 18:10:00,448.5,hydro,MW,nem,NSW1
2017-10-23 18:15:00,456.8,hydro,MW,nem,NSW1
2017-10-23 18:20:00,452.5,hydro,MW,nem,NSW1
2017-10-23 18:25:00,446.0,hydro,MW,nem,NSW1
2017-10-23 18:30:00,454.6,hydro,MW,nem,NSW1
2017-10-23 18:35:00,448.0,hydro,MW,nem,NSW1
2017-10-23 18:40:00,467.0,hydro,MW,nem,NSW1
2017-10-23 18:45:00,464.0,hydro,MW,nem,NSW1
2017-10-23 18:50:00,466.2,hydro,MW,nem,NSW1
2017-10-23 18:55:00,450.4,hydro,MW,nem,NSW1
2017-10-23 19:00:00,457.5,hydro,MW,nem,NSW1
2017-10-23 19:05:00,452.0,hydro,MW,nem,NSW1
2017-10-23 19:10:00,368.1,hydro,MW,nem,NSW1
2017-10-23 19:15:00,274.7,hydro,MW,nem,NSW1
2017-10-23 19:20:00,269.0,hydro,MW,nem,NSW1
2017-10-23 19:25:00,269.2,hydro,MW,nem,NSW1
2017-10-23 19:30:00,274.0,hydro,MW,nem,NSW1
2017-10-23 19:35:00,276.1,hydro,MW,nem,NSW1
2017-10-23 19:40:00,193.5,hydro,MW,nem,NSW1
2017-10-23 19:45:00,153.7,hydro,MW,nem,NSW1
2017-10-23 19:50:00,150.9,hydro,MW,nem,NSW1
2017-10-23 19:55:00,150.7,hydro,MW,nem,NSW1
2017-10-23 20:00:00,151.2,hydro,MW,nem,NSW1
2017-10-23 20:05:00,151.5,hydro,MW,nem,NSW1
2017-10-23 20:10:00,152.1,hydro,MW,nem,NSW1
2017-10-23 20:15:00,151.8,hydro,MW,nem,NSW1
2017-10-23 20:20:00,152.2,hydro,MW,nem,NSW1
2017-10-23 20:25:00,152.1,hydro,MW,nem,NSW1
2017-10-23 20:30:00,152.1,hydro,MW,nem,NSW1
2017-10-23 20:35:00,151.8,hydro,MW,nem,NSW1
2017-10-23 20:40:00,151.1,hydro,MW,nem,NSW1
2017-10-23 20:45:00,152.1,hydro,MW,nem,NSW1
2017-10-23 20:50:00,151.2,hydro,MW,nem,NSW1
2017-10-23 20:55:00,151.1,hydro,MW,nem,NSW1
2017-10-23 21:00:00,152.0,hydro,MW,nem,NSW1
2017-10-23 21:05:00,152.0,hydro,MW,nem,NSW1
2017-10-23 21:10:00,151.5,hydro,MW,nem,NSW1
2017-10-23 21:15:00,152.0,hydro,MW,nem,NSW1
2017-10-23 21:20:00,152.3,hydro,MW,nem,NSW1
2017-10-23 21:25:00,152.7,hydro,MW,nem,NSW1
2017-10-23 21:30:00,152.4,hydro,MW,nem,NSW1
2017-10-23 21:35:00,151.9,hydro,MW,nem,NSW1
2017-10-23 21:40:00,152.5,hydro,MW,nem,NSW1
2017-10-23 21:45:00,152.1,hydro,MW,nem,NSW1
2017-10-23 21:50:00,151.8,hydro,MW,nem,NSW1
2017-10-23 21:55:00,152.4,hydro,MW,nem,NSW1
2017-10-23 22:00:00,152.0,hydro,MW,nem,NSW1
2017-10-23 22:05:00,151.9,hydro,MW,nem,NSW1
2017-10-23 22:10:00,151.2,hydro,MW,nem,NSW1
2017-10-23 22:15:00,151.0,hydro,MW,nem,NSW1
2017-10-23 22:20:00,152.1,hydro,MW,nem,NSW1
2017-10-23 22:25:00,150.7,hydro,MW,nem,NSW1
2017-10-23 22:30:00,152.3,hydro,MW,nem,NSW1
2017-10-23 22:35:00,149.9,hydro,MW,nem,NSW1
2017-10-23 22:40:00,152.2,hydro,MW,nem,NSW1
2017-10-23 22:45:00,151.4,hydro,MW,nem,NSW1
2017-10-23 22:50:00,151.3,hydro,MW,nem,NSW1
2017-10-23 22:55:00,151.7,hydro,MW,nem,NSW1
2017-10-23 23:00:00,151.6,hydro,MW,nem,NSW1
2017-10-23 23:05:00,152.1,hydro,MW,nem,NSW1
2017-10-23 23:10:00,152.8,hydro,MW,nem,NSW1
2017-10-23 23:15:00,152.5,hydro,MW,nem,NSW1
2017-10-23 23:20:00,151.2,hydro,MW,nem,NSW1
2017-10-23 23:25:00,152.8,hydro,MW,nem,NSW1
2017-10-23 23:30:00,151.7,hydro,MW,nem,NSW1
2017-10-23 23:35:00,152.5,hydro,MW,nem,NSW1
2017-10-23 23:40:00,152.3,hydro,MW,nem,NSW1
2017-10-23 23:45:00,152.2,hydro,MW,nem,NSW1
2017-10-23 23:50:00,152.4,hydro,MW,nem,NSW1
2017-10-23 23:55:00,152.6,hydro,MW,nem,NSW1
2017-10-24 00:00:00,152.5,hydro,MW,nem,NSW1
2017-10-24 00:05:00,151.9,hydro,MW,nem,NSW1
2017-10-24 00:10:00,150.8,hydro,MW,nem,NSW1
2017-10-24 00:15:00,152.5,hydro,MW,nem,NSW1
2017-10-24 00:20:00,151.5,hydro,MW,nem,NSW1
2017-10-24 00:25:00,151.4,hydro,MW,nem,NSW1
2017-10-24 00:30:00,152.6,hydro,MW,nem,NSW1
2017-10-24 00:35:00,152.3,hydro,MW,nem,NSW1
2017-10-24 00:40:00,152.0,hydro,MW,nem,NSW1
2017-10-24 00:45:00,150.8,hydro,MW,nem,NSW1
2017-10-24 00:50:00,152.3,hydro,MW,nem,NSW1
2017-10-24 00:55:00,152.6,hydro,MW,nem,NSW1
2017-10-24 01:00:00,151.7,hydro,MW,nem,NSW1
2017-10-24 01:05:00,152.9,hydro,MW,nem,NSW1
2017-10-24 01:10:00,152.3,hydro,MW,nem,NSW1
2017-10-24 01:15:00,151.6,hydro,MW,nem,NSW1
2017-10-24 01:20:00,151.6,hydro,MW,nem,NSW1
2017-10-24 01:25:00,153.0,hydro,MW,nem,NSW1
2017-10-24 01:30:00,151.9,hydro,MW,nem,NSW1
2017-10-24 01:35:00,152.7,hydro,MW,nem,NSW1
2017-10-24 01:40:00,151.1,hydro,MW,nem,NSW1
2017-10-24 01:45:00,152.4,hydro,MW,nem,NSW1
2017-10-24 01:50:00,151.3,hydro,MW,nem,NSW1
2017-10-24 01:55:00,153.6,hydro,MW,nem,NSW1
2017-10-24 02:00:00,151.7,hydro,MW,nem,NSW1
2017-10-24 02:05:00,151.6,hydro,MW,nem,NSW1
2017-10-24 02:10:00,152.3,hydro,MW,nem,NSW1
2017-10-24 02:15:00,152.1,hydro,MW,nem,NSW1
2017-10-24 02:20:00,151.6,hydro,MW,nem,NSW1
2017-10-24 02:25:00,151.7,hydro,MW,nem,NSW1
2017-10-24 02:30:00,151.4,hydro,MW,nem,NSW1
2017-10-24 02:35:00,151.7,hydro,MW,nem,NSW1
2017-10-24 02:40:00,151.7,hydro,MW,nem,NSW1
2017-10-24 02:45:00,151.7,hydro,MW,nem,NSW1
2017-10-24 02:50:00,151.6,hydro,MW,nem,NSW1
2017-10-24 02:55:00,152.0,hydro,MW,nem,NSW1
2017-10-24 03:00:00,150.2,hydro,MW,nem,NSW1
2017-10-24 03:05:00,150.8,hydro,MW,nem,NSW1
2017-10-24 03:10:00,153.0,hydro,MW,nem,NSW1
2017-10-24 03:15:00,151.8,hydro,MW,nem,NSW1
2017-10-24 03:20:00,151.6,hydro,MW,nem,NSW1
2017-10-24 03:25:00,152.6,hydro,MW,nem,NSW1
2017-10-24 03:30:00,152.4,hydro,MW,nem,NSW1
2017-10-24 03:35:00,152.3,hydro,MW,nem,NSW1
2017-10-24 03:40:00,151.3,hydro,MW,nem,NSW1
2017-10-24 03:45:00,152.4,hydro,MW,nem,NSW1
2017-10-24 03:50:00,151.7,hydro,MW,nem,NSW1
2017-10-24 03:55:00,152.4,hydro,MW,nem,NSW1
2017-10-24 04:00:00,151.4,hydro,MW,nem,NSW1
2017-10-24 04:05:00,152.1,hydro,MW,nem,NSW1
2017-10-24 04:10:00,152.0,hydro,MW,nem,NSW1
2017-10-24 04:15:00,151.2,hydro,MW,nem,NSW1
2017-10-24 04:20:00,152.5,hydro,MW,nem,NSW1
2017-10-24 04:25:00,152.1,hydro,MW,nem,NSW1
2017-10-24 04:30:00,150.4,hydro,MW,nem,NSW1
2017-10-24 04:35:00,152.5,hydro,MW,nem,NSW1
2017-10-24 04:40:00,152.4,hydro,MW,nem,NSW1
2017-10-24 04:45:00,152.3,hydro,MW,nem,NSW1
2017-10-24 04:50:00,151.6,hydro,MW,nem,NSW1
2017-10-24 04:55:00,152.0,hydro,MW,nem,NSW1
2017-10-24 05:00:00,151.7,hydro,MW,nem,NSW1
2017-10-24 05:05:00,151.0,hydro,MW,nem,NSW1
2017-10-24 05:10:00,151.0,hydro,MW,nem,NSW1
2017-10-24 05:15:00,245.6,hydro,MW,nem,NSW1
2017-10-24 05:20:00,185.3,hydro,MW,nem,NSW1
2017-10-24 05:25:00,185.0,hydro,MW,nem,NSW1
2017-10-24 05:30:00,248.1,hydro,MW,nem,NSW1
2017-10-24 05:35:00,241.4,hydro,MW,nem,NSW1
2017-10-24 05:40:00,216.8,hydro,MW,nem,NSW1
2017-10-24 05:45:00,213.8,hydro,MW,nem,NSW1
2017-10-24 05:50:00,286.0,hydro,MW,nem,NSW1
2017-10-24 05:55:00,328.1,hydro,MW,nem,NSW1
2017-10-24 06:00:00,330.4,hydro,MW,nem,NSW1
2017-10-24 06:05:00,321.8,hydro,MW,nem,NSW1
2017-10-24 06:10:00,344.9,hydro,MW,nem,NSW1
2017-10-24 06:15:00,460.0,hydro,MW,nem,NSW1
2017-10-24 06:20:00,478.5,hydro,MW,nem,NSW1
2017-10-24 06:25:00,472.1,hydro,MW,nem,NSW1
2017-10-24 06:30:00,488.8,hydro,MW,nem,NSW1
2017-10-24 06:35:00,500.9,hydro,MW,nem,NSW1
2017-10-24 06:40:00,471.8,hydro,MW,nem,NSW1
2017-10-24 06:45:00,470.4,hydro,MW,nem,NSW1
2017-10-24 06:50:00,473.4,hydro,MW,nem,NSW1
2017-10-24 06:55:00,487.1,hydro,MW,nem,NSW1
2017-10-24 07:00:00,502.8,hydro,MW,nem,NSW1
2017-10-24 07:05:00,500.5,hydro,MW,nem,NSW1
2017-10-24 07:10:00,401.8,hydro,MW,nem,NSW1
2017-10-24 07:15:00,309.7,hydro,MW,nem,NSW1
2017-10-24 07:20:00,271.6,hydro,MW,nem,NSW1
2017-10-24 07:25:00,268.5,hydro,MW,nem,NSW1
2017-10-24 07:30:00,269.5,hydro,MW,nem,NSW1
2017-10-24 07:35:00,270.7,hydro,MW,nem,NSW1
2017-10-24 07:40:00,271.8,hydro,MW,nem,NSW1
2017-10-24 07:45:00,273.5,hydro,MW,nem,NSW1
2017-10-24 07:50:00,274.5,hydro,MW,nem,NSW1
2017-10-24 07:55:00,273.0,hydro,MW,nem,NSW1
2017-10-24 08:00:00,272.1,hydro,MW,nem,NSW1
2017-10-24 08:05:00,273.5,hydro,MW,nem,NSW1
2017-10-24 08:10:00,165.3,hydro,MW,nem,NSW1
2017-10-24 08:15:00,121.0,hydro,MW,nem,NSW1
2017-10-24 08:20:00,121.2,hydro,MW,nem,NSW1
2017-10-24 08:25:00,120.6,hydro,MW,nem,NSW1
2017-10-24 08:30:00,121.0,hydro,MW,nem,NSW1
2017-10-24 08:35:00,120.5,hydro,MW,nem,NSW1
2017-10-24 08:40:00,120.6,hydro,MW,nem,NSW1
2017-10-24 08:45:00,120.4,hydro,MW,nem,NSW1
2017-10-24 08:50:00,120.8,hydro,MW,nem,NSW1
2017-10-24 08:55:00,120.8,hydro,MW,nem,NSW1
2017-10-24 09:00:00,121.3,hydro,MW,nem,NSW1
2017-10-24 09:05:00,121.2,hydro,MW,nem,NSW1
2017-10-24 09:10:00,120.3,hydro,MW,nem,NSW1
2017-10-24 09:15:00,120.8,hydro,MW,nem,NSW1
2017-10-24 09:20:00,121.1,hydro,MW,nem,NSW1
2017-10-24 09:25:00,121.2,hydro,MW,nem,NSW1
2017-10-24 09:30:00,120.6,hydro,MW,nem,NSW1
2017-10-24 09:35:00,120.7,hydro,MW,nem,NSW1
2017-10-24 09:40:00,120.1,hydro,MW,nem,NSW1
2017-10-24 09:45:00,121.3,hydro,MW,nem,NSW1
2017-10-24 09:50:00,120.6,hydro,MW,nem,NSW1
2017-10-24 09:55:00,120.1,hydro,MW,nem,NSW1
2017-10-24 10:00:00,121.0,hydro,MW,nem,NSW1
2017-10-24 10:05:00,120.3,hydro,MW,nem,NSW1
2017-10-24 10:10:00,121.0,hydro,MW,nem,NSW1
2017-10-24 10:15:00,120.6,hydro,MW,nem,NSW1
2017-10-24 10:20:00,120.6,hydro,MW,nem,NSW1
2017-10-24 10:25:00,120.2,hydro,MW,nem,NSW1
2017-10-24 10:30:00,122.3,hydro,MW,nem,NSW1
2017-10-24 10:35:00,120.9,hydro,MW,nem,NSW1
2017-10-24 10:40:00,120.8,hydro,MW,nem,NSW1
2017-10-24 10:45:00,121.3,hydro,MW,nem,NSW1
2017-10-24 10:50:00,121.0,hydro,MW,nem,NSW1
2017-10-24 10:55:00,121.1,hydro,MW,nem,NSW1
2017-10-24 11:00:00,120.7,hydro,MW,nem,NSW1
2017-10-24 11:05:00,121.0,hydro,MW,nem,NSW1
2017-10-24 11:10:00,120.8,hydro,MW,nem,NSW1
2017-10-24 11:15:00,120.7,hydro,MW,nem,NSW1
2017-10-24 11:20:00,121.0,hydro,MW,nem,NSW1
2017-10-24 11:25:00,121.1,hydro,MW,nem,NSW1
2017-10-24 11:30:00,121.2,hydro,MW,nem,NSW1
2017-10-24 11:35:00,121.0,hydro,MW,nem,NSW1
2017-10-24 11:40:00,121.2,hydro,MW,nem,NSW1
2017-10-24 11:45:00,120.9,hydro,MW,nem,NSW1
2017-10-24 11:50:00,120.5,hydro,MW,nem,NSW1
2017-10-24 11:55:00,120.9,hydro,MW,nem,NSW1
2017-10-24 12:00:00,120.8,hydro,MW,nem,NSW1
2017-10-24 12:05:00,120.7,hydro,MW,nem,NSW1
2017-10-24 12:10:00,120.7,hydro,MW,nem,NSW1
2017-10-24 12:15:00,120.5,hydro,MW,nem,NSW1
2017-10-24 12:20:00,120.3,hydro,MW,nem,NSW1
2017-10-24 12:25:00,121.0,hydro,MW,nem,NSW1
2017-10-24 12:30:00,120.6,hydro,MW,nem,NSW1
2017-10-24 12:35:00,121.6,hydro,MW,nem,NSW1
2017-10-24 12:40:00,236.4,hydro,MW,nem,NSW1
2017-10-24 12:45:00,270.9,hydro,MW,nem,NSW1
2017-10-24 12:50:00,266.9,hydro,MW,nem,NSW1
2017-10-24 12:55:00,270.5,hydro,MW,nem,NSW1
2017-10-24 13:00:00,269.6,hydro,MW,nem,NSW1
2017-10-24 13:05:00,273.2,hydro,MW,nem,NSW1
2017-10-24 13:10:00,269.6,hydro,MW,nem,NSW1
2017-10-24 13:15:00,269.6,hydro,MW,nem,NSW1
2017-10-24 13:20:00,271.5,hydro,MW,nem,NSW1
2017-10-24 13:25:00,266.8,hydro,MW,nem,NSW1
2017-10-24 13:30:00,264.2,hydro,MW,nem,NSW1
2017-10-24 13:35:00,267.5,hydro,MW,nem,NSW1
2017-10-24 13:40:00,272.7,hydro,MW,nem,NSW1
2017-10-24 13:45:00,277.9,hydro,MW,nem,NSW1
2017-10-24 13:50:00,280.1,hydro,MW,nem,NSW1
2017-10-24 13:55:00,278.0,hydro,MW,nem,NSW1
2017-10-24 14:00:00,262.9,hydro,MW,nem,NSW1
2017-10-24 14:05:00,270.6,hydro,MW,nem,NSW1
2017-10-24 14:10:00,267.5,hydro,MW,nem,NSW1
2017-10-24 14:15:00,266.9,hydro,MW,nem,NSW1
2017-10-24 14:20:00,264.8,hydro,MW,nem,NSW1
2017-10-24 14:25:00,346.9,hydro,MW,nem,NSW1
2017-10-24 14:30:00,352.9,hydro,MW,nem,NSW1
2017-10-24 14:35:00,343.4,hydro,MW,nem,NSW1
2017-10-24 14:40:00,353.6,hydro,MW,nem,NSW1
2017-10-24 14:45:00,343.8,hydro,MW,nem,NSW1
2017-10-24 14:50:00,341.8,hydro,MW,nem,NSW1
2017-10-24 14:55:00,341.3,hydro,MW,nem,NSW1
2017-10-24 15:00:00,352.1,hydro,MW,nem,NSW1
2017-10-24 15:05:00,353.6,hydro,MW,nem,NSW1
2017-10-24 15:10:00,353.8,hydro,MW,nem,NSW1
2017-10-24 15:15:00,350.4,hydro,MW,nem,NSW1
2017-10-24 15:20:00,344.3,hydro,MW,nem,NSW1
2017-10-24 15:25:00,345.2,hydro,MW,nem,NSW1
2017-10-24 15:30:00,350.5,hydro,MW,nem,NSW1
2017-10-24 15:35:00,346.9,hydro,MW,nem,NSW1
2017-10-24 15:40:00,247.2,hydro,MW,nem,NSW1
2017-10-24 15:45:00,245.8,hydro,MW,nem,NSW1
2017-10-24 15:50:00,245.1,hydro,MW,nem,NSW1
2017-10-24 15:55:00,340.1,hydro,MW,nem,NSW1
2017-10-24 16:00:00,351.4,hydro,MW,nem,NSW1
2017-10-24 16:05:00,429.5,hydro,MW,nem,NSW1
2017-10-24 16:10:00,427.3,hydro,MW,nem,NSW1
2017-10-24 16:15:00,411.9,hydro,MW,nem,NSW1
2017-10-24 16:20:00,395.8,hydro,MW,nem,NSW1
2017-10-24 16:25:00,397.2,hydro,MW,nem,NSW1
2017-10-24 16:30:00,398.4,hydro,MW,nem,NSW1
2017-10-24 16:35:00,396.9,hydro,MW,nem,NSW1
2017-10-24 16:40:00,395.0,hydro,MW,nem,NSW1
2017-10-24 16:45:00,406.8,hydro,MW,nem,NSW1
2017-10-24 16:50:00,433.9,hydro,MW,nem,NSW1
2017-10-24 16:55:00,421.3,hydro,MW,nem,NSW1
2017-10-24 17:00:00,428.5,hydro,MW,nem,NSW1
2017-10-24 17:05:00,433.3,hydro,MW,nem,NSW1
2017-10-24 17:10:00,415.2,hydro,MW,nem,NSW1
2017-10-24 17:15:00,419.2,hydro,MW,nem,NSW1
2017-10-24 17:20:00,428.3,hydro,MW,nem,NSW1
2017-10-24 17:25:00,423.5,hydro,MW,nem,NSW1
2017-10-24 17:30:00,415.3,hydro,MW,nem,NSW1
2017-10-24 17:35:00,429.4,hydro,MW,nem,NSW1
2017-10-24 17:40:00,411.8,hydro,MW,nem,NSW1
2017-10-24 17:45:00,401.9,hydro,MW,nem,NSW1
2017-10-24 17:50:00,415.6,hydro,MW,nem,NSW1
2017-10-24 17:55:00,425.1,hydro,MW,nem,NSW1
2017-10-24 18:00:00,431.4,hydro,MW,nem,NSW1
2017-10-24 18:05:00,433.7,hydro,MW,nem,NSW1
2017-10-24 18:10:00,419.9,hydro,MW,nem,NSW1
2017-10-24 18:15:00,417.2,hydro,MW,nem,NSW1
2017-10-24 18:20:00,421.5,hydro,MW,nem,NSW1
2017-10-24 18:25:00,422.1,hydro,MW,nem,NSW1
2017-10-24 18:30:00,712.5,hydro,MW,nem,NSW1
2017-10-24 18:35:00,658.2,hydro,MW,nem,NSW1
2017-10-24 18:40:00,559.8,hydro,MW,nem,NSW1
2017-10-24 18:45:00,444.7,hydro,MW,nem,NSW1
2017-10-24 18:50:00,369.0,hydro,MW,nem,NSW1
2017-10-24 18:55:00,390.3,hydro,MW,nem,NSW1
2017-10-24 19:00:00,358.3,hydro,MW,nem,NSW1
2017-10-24 19:05:00,340.6,hydro,MW,nem,NSW1
2017-10-24 19:10:00,278.5,hydro,MW,nem,NSW1
2017-10-24 19:15:00,260.3,hydro,MW,nem,NSW1
2017-10-24 19:20:00,256.5,hydro,MW,nem,NSW1
2017-10-24 19:25:00,161.7,hydro,MW,nem,NSW1
2017-10-24 19:30:00,162.2,hydro,MW,nem,NSW1
2017-10-24 19:35:00,161.5,hydro,MW,nem,NSW1
2017-10-24 19:40:00,161.5,hydro,MW,nem,NSW1
2017-10-24 19:45:00,161.9,hydro,MW,nem,NSW1
2017-10-24 19:50:00,161.4,hydro,MW,nem,NSW1
2017-10-24 19:55:00,162.3,hydro,MW,nem,NSW1
2017-10-24 20:00:00,161.4,hydro,MW,nem,NSW1
2017-10-24 20:05:00,160.5,hydro,MW,nem,NSW1
2017-10-24 20:10:00,162.2,hydro,MW,nem,NSW1
2017-10-24 20:15:00,160.9,hydro,MW,nem,NSW1
2017-10-24 20:20:00,161.2,hydro,MW,nem,NSW1
2017-10-24 20:25:00,162.3,hydro,MW,nem,NSW1
2017-10-24 20:30:00,161.3,hydro,MW,nem,NSW1
2017-10-24 20:35:00,162.5,hydro,MW,nem,NSW1
2017-10-24 20:40:00,161.7,hydro,MW,nem,NSW1
2017-10-24 20:45:00,161.7,hydro,MW,nem,NSW1
2017-10-24 20:50:00,161.5,hydro,MW,nem,NSW1
2017-10-24 20:55:00,161.9,hydro,MW,nem,NSW1
2017-10-24 21:00:00,161.7,hydro,MW,nem,NSW1
2017-10-24 21:05:00,161.9,hydro,MW,nem,NSW1
2017-10-24 21:10:00,160.9,hydro,MW,nem,NSW1
2017-10-24 21:15:00,160.9,hydro,MW,nem,NSW1
2017-10-24 21:20:00,161.8,hydro,MW,nem,NSW1
2017-10-24 21:25:00,161.8,hydro,MW,nem,NSW1
2017-10-24 21:30:00,162.5,hydro,MW,nem,NSW1
2017-10-24 21:35:00,162.3,hydro,MW,nem,NSW1
2017-10-24 21:40:00,161.6,hydro,MW,nem,NSW1
2017-10-24 21:45:00,162.3,hydro,MW,nem,NSW1
2017-10-24 21:50:00,161.6,hydro,MW,nem,NSW1
2017-10-24 21:55:00,161.3,hydro,MW,nem,NSW1
2017-10-24 22:00:00,161.3,hydro,MW,nem,NSW1
2017-10-24 22:05:00,161.7,hydro,MW,nem,NSW1
2017-10-24 22:10:00,149.9,hydro,MW,nem,NSW1
2017-10-24 22:15:00,149.9,hydro,MW,nem,NSW1
2017-10-24 22:20:00,148.5,hydro,MW,nem,NSW1
2017-10-24 22:25:00,148.4,hydro,MW,nem,NSW1
2017-10-24 22:30:00,151.2,hydro,MW,nem,NSW1
2017-10-24 22:35:00,150.2,hydro,MW,nem,NSW1
2017-10-24 22:40:00,149.4,hydro,MW,nem,NSW1
2017-10-24 22:45:00,149.7,hydro,MW,nem,NSW1
2017-10-24 22:50:00,150.2,hydro,MW,nem,NSW1
2017-10-24 22:55:00,149.6,hydro,MW,nem,NSW1
2017-10-24 23:00:00,149.2,hydro,MW,nem,NSW1
2017-10-24 23:05:00,150.2,hydro,MW,nem,NSW1
2017-10-24 23:10:00,149.5,hydro,MW,nem,NSW1
2017-10-24 23:15:00,149.9,hydro,MW,nem,NSW1
2017-10-24 23:20:00,149.4,hydro,MW,nem,NSW1
2017-10-24 23:25:00,149.8,hydro,MW,nem,NSW1
2017-10-24 23:30:00,151.7,hydro,MW,nem,NSW1
2017-10-24 23:35:00,149.8,hydro,MW,nem,NSW1
2017-10-24 23:40:00,141.7,hydro,MW,nem,NSW1
2017-10-24 23:45:00,140.5,hydro,MW,nem,NSW1
2017-10-24 23:50:00,140.8,hydro,MW,nem,NSW1
2017-10-24 23:55:00,141.4,hydro,MW,nem,NSW1
2017-10-25 00:00:00,141.5,hydro,MW,nem,NSW1
2017-10-25 00:05:00,142.1,hydro,MW,nem,NSW1
2017-10-25 00:10:00,141.3,hydro,MW,nem,NSW1
2017-10-25 00:15:00,141.7,hydro,MW,nem,NSW1
2017-10-25 00:20:00,142.1,hydro,MW,nem,NSW1
2017-10-25 00:25:00,140.9,hydro,MW,nem,NSW1
2017-10-25 00:30:00,141.4,hydro,MW,nem,NSW1
2017-10-25 00:35:00,142.4,hydro,MW,nem,NSW1
2017-10-25 00:40:00,142.3,hydro,MW,nem,NSW1
2017-10-25 00:45:00,142.5,hydro,MW,nem,NSW1
2017-10-25 00:50:00,141.4,hydro,MW,nem,NSW1
2017-10-25 00:55:00,141.1,hydro,MW,nem,NSW1
2017-10-25 01:00:00,141.5,hydro,MW,nem,NSW1
2017-10-25 01:05:00,142.1,hydro,MW,nem,NSW1
2017-10-25 01:10:00,140.4,hydro,MW,nem,NSW1
2017-10-25 01:15:00,141.9,hydro,MW,nem,NSW1
2017-10-25 01:20:00,141.8,hydro,MW,nem,NSW1
2017-10-25 01:25:00,141.0,hydro,MW,nem,NSW1
2017-10-25 01:30:00,141.5,hydro,MW,nem,NSW1
2017-10-25 01:35:00,141.4,hydro,MW,nem,NSW1
2017-10-25 01:40:00,143.5,hydro,MW,nem,NSW1
2017-10-25 01:45:00,141.8,hydro,MW,nem,NSW1
2017-10-25 01:50:00,142.0,hydro,MW,nem,NSW1
2017-10-25 01:55:00,141.6,hydro,MW,nem,NSW1
2017-10-25 02:00:00,140.9,hydro,MW,nem,NSW1
2017-10-25 02:05:00,141.8,hydro,MW,nem,NSW1
2017-10-25 02:10:00,141.2,hydro,MW,nem,NSW1
2017-10-25 02:15:00,141.2,hydro,MW,nem,NSW1
2017-10-25 02:20:00,141.7,hydro,MW,nem,NSW1
2017-10-25 02:25:00,141.9,hydro,MW,nem,NSW1
2017-10-25 02:30:00,142.5,hydro,MW,nem,NSW1
2017-10-25 02:35:00,141.5,hydro,MW,nem,NSW1
2017-10-25 02:40:00,141.4,hydro,MW,nem,NSW1
2017-10-25 02:45:00,141.9,hydro,MW,nem,NSW1
2017-10-25 02:50:00,141.8,hydro,MW,nem,NSW1
2017-10-25 02:55:00,141.5,hydro,MW,nem,NSW1
2017-10-25 03:00:00,142.6,hydro,MW,nem,NSW1
2017-10-25 03:05:00,141.3,hydro,MW,nem,NSW1
2017-10-25 03:10:00,141.6,hydro,MW,nem,NSW1
2017-10-25 03:15:00,141.2,hydro,MW,nem,NSW1
2017-10-25 03:20:00,142.1,hydro,MW,nem,NSW1
2017-10-25 03:25:00,139.9,hydro,MW,nem,NSW1
2017-10-25 03:30:00,142.2,hydro,MW,nem,NSW1
2017-10-25 03:35:00,141.9,hydro,MW,nem,NSW1
2017-10-25 03:40:00,137.5,hydro,MW,nem,NSW1
2017-10-25 03:45:00,138.0,hydro,MW,nem,NSW1
2017-10-25 03:50:00,137.0,hydro,MW,nem,NSW1
2017-10-25 03:55:00,138.5,hydro,MW,nem,NSW1
2017-10-25 04:00:00,137.9,hydro,MW,nem,NSW1
2017-10-25 04:05:00,137.3,hydro,MW,nem,NSW1
2017-10-25 04:10:00,137.9,hydro,MW,nem,NSW1
2017-10-25 04:15:00,136.8,hydro,MW,nem,NSW1
2017-10-25 04:20:00,137.0,hydro,MW,nem,NSW1
2017-10-25 04:25:00,137.4,hydro,MW,nem,NSW1
2017-10-25 04:30:00,136.3,hydro,MW,nem,NSW1
2017-10-25 04:35:00,138.2,hydro,MW,nem,NSW1
2017-10-25 04:40:00,137.6,hydro,MW,nem,NSW1
2017-10-25 04:45:00,137.6,hydro,MW,nem,NSW1
2017-10-25 04:50:00,137.7,hydro,MW,nem,NSW1
2017-10-25 04:55:00,138.4,hydro,MW,nem,NSW1
2017-10-25 05:00:00,138.3,hydro,MW,nem,NSW1
2017-10-25 05:05:00,137.0,hydro,MW,nem,NSW1
2017-10-25 05:10:00,138.4,hydro,MW,nem,NSW1
2017-10-25 05:15:00,137.4,hydro,MW,nem,NSW1
2017-10-25 05:20:00,137.5,hydro,MW,nem,NSW1
2017-10-25 05:25:00,136.7,hydro,MW,nem,NSW1
2017-10-25 05:30:00,138.1,hydro,MW,nem,NSW1
2017-10-25 05:35:00,137.8,hydro,MW,nem,NSW1
2017-10-25 05:40:00,137.2,hydro,MW,nem,NSW1
2017-10-25 05:45:00,137.1,hydro,MW,nem,NSW1
2017-10-25 05:50:00,137.7,hydro,MW,nem,NSW1
2017-10-25 05:55:00,137.4,hydro,MW,nem,NSW1
2017-10-25 06:00:00,138.1,hydro,MW,nem,NSW1
2017-10-25 06:05:00,137.7,hydro,MW,nem,NSW1
2017-10-25 06:10:00,137.7,hydro,MW,nem,NSW1
2017-10-25 06:15:00,137.3,hydro,MW,nem,NSW1
2017-10-25 06:20:00,137.2,hydro,MW,nem,NSW1
2017-10-25 06:25:00,138.4,hydro,MW,nem,NSW1
2017-10-25 06:30:00,137.7,hydro,MW,nem,NSW1
2017-10-25 06:35:00,184.6,hydro,MW,nem,NSW1
2017-10-25 06:40:00,260.9,hydro,MW,nem,NSW1
2017-10-25 06:45:00,260.6,hydro,MW,nem,NSW1
2017-10-25 06:50:00,261.6,hydro,MW,nem,NSW1
2017-10-25 06:55:00,263.2,hydro,MW,nem,NSW1
2017-10-25 07:00:00,262.0,hydro,MW,nem,NSW1
2017-10-25 07:05:00,262.7,hydro,MW,nem,NSW1
2017-10-25 07:10:00,271.0,hydro,MW,nem,NSW1
2017-10-25 07:15:00,274.9,hydro,MW,nem,NSW1
2017-10-25 07:20:00,279.9,hydro,MW,nem,NSW1
2017-10-25 07:25:00,279.3,hydro,MW,nem,NSW1
2017-10-25 07:30:00,280.5,hydro,MW,nem,NSW1
2017-10-25 07:35:00,280.5,hydro,MW,nem,NSW1
2017-10-25 07:40:00,255.2,hydro,MW,nem,NSW1
2017-10-25 07:45:00,255.4,hydro,MW,nem,NSW1
2017-10-25 07:50:00,258.6,hydro,MW,nem,NSW1
2017-10-25 07:55:00,259.8,hydro,MW,nem,NSW1
2017-10-25 08:00:00,261.8,hydro,MW,nem,NSW1
2017-10-25 08:05:00,259.4,hydro,MW,nem,NSW1
2017-10-25 08:10:00,260.2,hydro,MW,nem,NSW1
2017-10-25 08:15:00,257.9,hydro,MW,nem,NSW1
2017-10-25 08:20:00,251.2,hydro,MW,nem,NSW1
2017-10-25 08:25:00,252.6,hydro,MW,nem,NSW1
2017-10-25 08:30:00,260.4,hydro,MW,nem,NSW1
2017-10-25 08:35:00,258.7,hydro,MW,nem,NSW1
2017-10-25 08:40:00,253.0,hydro,MW,nem,NSW1
2017-10-25 08:45:00,149.7,hydro,MW,nem,NSW1
2017-10-25 08:50:00,137.3,hydro,MW,nem,NSW1
2017-10-25 08:55:00,136.8,hydro,MW,nem,NSW1
2017-10-25 09:00:00,137.8,hydro,MW,nem,NSW1
2017-10-25 09:05:00,138.2,hydro,MW,nem,NSW1
2017-10-25 09:10:00,137.4,hydro,MW,nem,NSW1
2017-10-25 09:15:00,137.9,hydro,MW,nem,NSW1
2017-10-25 09:20:00,137.5,hydro,MW,nem,NSW1
2017-10-25 09:25:00,139.3,hydro,MW,nem,NSW1
2017-10-25 09:30:00,140.5,hydro,MW,nem,NSW1
2017-10-25 09:35:00,140.4,hydro,MW,nem,NSW1
2017-10-25 09:40:00,143.4,hydro,MW,nem,NSW1
2017-10-25 09:45:00,143.9,hydro,MW,nem,NSW1
2017-10-25 09:50:00,144.7,hydro,MW,nem,NSW1
2017-10-25 09:55:00,144.3,hydro,MW,nem,NSW1
2017-10-25 10:00:00,144.0,hydro,MW,nem,NSW1
2017-10-25 10:05:00,144.5,hydro,MW,nem,NSW1
2017-10-25 10:10:00,279.0,hydro,MW,nem,NSW1
2017-10-25 10:15:00,277.7,hydro,MW,nem,NSW1
2017-10-25 10:20:00,275.3,hydro,MW,nem,NSW1
2017-10-25 10:25:00,275.6,hydro,MW,nem,NSW1
2017-10-25 10:30:00,273.9,hydro,MW,nem,NSW1
2017-10-25 10:35:00,287.7,hydro,MW,nem,NSW1
2017-10-25 10:40:00,279.5,hydro,MW,nem,NSW1
2017-10-25 10:45:00,285.7,hydro,MW,nem,NSW1
2017-10-25 10:50:00,281.0,hydro,MW,nem,NSW1
2017-10-25 10:55:00,286.8,hydro,MW,nem,NSW1
2017-10-25 11:00:00,289.7,hydro,MW,nem,NSW1
2017-10-25 11:05:00,282.6,hydro,MW,nem,NSW1
2017-10-25 11:10:00,274.6,hydro,MW,nem,NSW1
2017-10-25 11:15:00,286.1,hydro,MW,nem,NSW1
2017-10-25 11:20:00,284.7,hydro,MW,nem,NSW1
2017-10-25 11:25:00,277.7,hydro,MW,nem,NSW1
2017-10-25 11:30:00,279.0,hydro,MW,nem,NSW1
2017-10-25 11:35:00,272.9,hydro,MW,nem,NSW1
2017-10-25 11:40:00,275.9,hydro,MW,nem,NSW1
2017-10-25 11:45:00,297.3,hydro,MW,nem,NSW1
2017-10-25 11:50:00,287.2,hydro,MW,nem,NSW1
2017-10-25 11:55:00,277.8,hydro,MW,nem,NSW1
2017-10-25 12:00:00,285.6,hydro,MW,nem,NSW1
2017-10-25 12:05:00,278.4,hydro,MW,nem,NSW1
2017-10-25 12:10:00,190.9,hydro,MW,nem,NSW1
2017-10-25 12:15:00,143.8,hydro,MW,nem,NSW1
2017-10-25 12:20:00,143.3,hydro,MW,nem,NSW1
2017-10-25 12:25:00,143.6,hydro,MW,nem,NSW1
2017-10-25 12:30:00,143.0,hydro,MW,nem,NSW1
2017-10-25 12:35:00,143.4,hydro,MW,nem,NSW1
2017-10-25 12:40:00,142.5,hydro,MW,nem,NSW1
2017-10-25 12:45:00,142.8,hydro,MW,nem,NSW1
2017-10-25 12:50:00,144.4,hydro,MW,nem,NSW1
2017-10-25 12:55:00,143.2,hydro,MW,nem,NSW1
2017-10-25 13:00:00,143.9,hydro,MW,nem,NSW1
2017-10-25 13:05:00,142.4,hydro,MW,nem,NSW1
2017-10-25 13:10:00,150.5,hydro,MW,nem,NSW1
2017-10-25 13:15:00,150.7,hydro,MW,nem,NSW1
2017-10-25 13:20:00,150.1,hydro,MW,nem,NSW1
2017-10-25 13:25:00,150.3,hydro,MW,nem,NSW1
2017-10-25 13:30:00,151.3,hydro,MW,nem,NSW1
2017-10-25 13:35:00,151.6,hydro,MW,nem,NSW1
2017-10-25 13:40:00,151.3,hydro,MW,nem,NSW1
2017-10-25 13:45:00,152.0,hydro,MW,nem,NSW1
2017-10-25 13:50:00,151.3,hydro,MW,nem,NSW1
2017-10-25 13:55:00,151.4,hydro,MW,nem,NSW1
2017-10-25 14:00:00,152.0,hydro,MW,nem,NSW1
2017-10-25 14:05:00,152.9,hydro,MW,nem,NSW1
2017-10-25 14:10:00,151.7,hydro,MW,nem,NSW1
2017-10-25 14:15:00,152.4,hydro,MW,nem,NSW1
2017-10-25 14:20:00,152.2,hydro,MW,nem,NSW1
2017-10-25 14:25:00,152.0,hydro,MW,nem,NSW1
2017-10-25 14:30:00,151.9,hydro,MW,nem,NSW1
2017-10-25 14:35:00,151.7,hydro,MW,nem,NSW1
2017-10-25 14:40:00,152.2,hydro,MW,nem,NSW1
2017-10-25 14:45:00,151.2,hydro,MW,nem,NSW1
2017-10-25 14:50:00,151.7,hydro,MW,nem,NSW1
2017-10-25 14:55:00,152.9,hydro,MW,nem,NSW1
2017-10-25 15:00:00,152.3,hydro,MW,nem,NSW1
2017-10-25 15:05:00,223.7,hydro,MW,nem,NSW1
2017-10-25 15:10:00,291.8,hydro,MW,nem,NSW1
2017-10-25 15:15:00,291.4,hydro,MW,nem,NSW1
2017-10-25 15:20:00,307.2,hydro,MW,nem,NSW1
2017-10-25 15:25:00,350.8,hydro,MW,nem,NSW1
2017-10-25 15:30:00,335.5,hydro,MW,nem,NSW1
2017-10-25 15:35:00,298.5,hydro,MW,nem,NSW1
2017-10-25 15:40:00,307.2,hydro,MW,nem,NSW1
2017-10-25 15:45:00,318.0,hydro,MW,nem,NSW1
2017-10-25 15:50:00,319.8,hydro,MW,nem,NSW1
2017-10-25 15:55:00,312.3,hydro,MW,nem,NSW1
2017-10-25 16:00:00,365.2,hydro,MW,nem,NSW1
2017-10-25 16:05:00,345.9,hydro,MW,nem,NSW1
2017-10-25 16:10:00,321.9,hydro,MW,nem,NSW1
2017-10-25 16:15:00,328.1,hydro,MW,nem,NSW1
2017-10-25 16:20:00,347.2,hydro,MW,nem,NSW1
2017-10-25 16:25:00,329.5,hydro,MW,nem,NSW1
2017-10-25 16:30:00,433.3,hydro,MW,nem,NSW1
2017-10-25 16:35:00,430.1,hydro,MW,nem,NSW1
2017-10-25 16:40:00,430.3,hydro,MW,nem,NSW1
2017-10-25 16:45:00,448.9,hydro,MW,nem,NSW1
2017-10-25 16:50:00,445.4,hydro,MW,nem,NSW1
2017-10-25 16:55:00,445.0,hydro,MW,nem,NSW1
2017-10-25 17:00:00,484.7,hydro,MW,nem,NSW1
2017-10-25 17:05:00,456.3,hydro,MW,nem,NSW1
2017-10-25 17:10:00,432.1,hydro,MW,nem,NSW1
2017-10-25 17:15:00,428.1,hydro,MW,nem,NSW1
2017-10-25 17:20:00,426.4,hydro,MW,nem,NSW1
2017-10-25 17:25:00,433.4,hydro,MW,nem,NSW1
2017-10-25 17:30:00,438.9,hydro,MW,nem,NSW1
2017-10-25 17:35:00,428.3,hydro,MW,nem,NSW1
2017-10-25 17:40:00,444.6,hydro,MW,nem,NSW1
2017-10-25 17:45:00,483.3,hydro,MW,nem,NSW1
2017-10-25 17:50:00,556.8,hydro,MW,nem,NSW1
2017-10-25 17:55:00,541.6,hydro,MW,nem,NSW1
2017-10-25 18:00:00,533.7,hydro,MW,nem,NSW1
2017-10-25 18:05:00,535.4,hydro,MW,nem,NSW1
2017-10-25 18:10:00,574.6,hydro,MW,nem,NSW1
2017-10-25 18:15:00,494.9,hydro,MW,nem,NSW1
2017-10-25 18:20:00,439.4,hydro,MW,nem,NSW1
2017-10-25 18:25:00,452.5,hydro,MW,nem,NSW1
2017-10-25 18:30:00,434.9,hydro,MW,nem,NSW1
2017-10-25 18:35:00,464.2,hydro,MW,nem,NSW1
2017-10-25 18:40:00,687.2,hydro,MW,nem,NSW1
2017-10-25 18:45:00,688.3,hydro,MW,nem,NSW1
2017-10-25 18:50:00,733.9,hydro,MW,nem,NSW1
2017-10-25 18:55:00,768.5,hydro,MW,nem,NSW1
2017-10-25 19:00:00,769.9,hydro,MW,nem,NSW1
2017-10-25 19:05:00,776.5,hydro,MW,nem,NSW1
2017-10-25 19:10:00,783.7,hydro,MW,nem,NSW1
2017-10-25 19:15:00,832.6,hydro,MW,nem,NSW1
2017-10-25 19:20:00,763.3,hydro,MW,nem,NSW1
2017-10-25 19:25:00,689.4,hydro,MW,nem,NSW1
2017-10-25 19:30:00,675.7,hydro,MW,nem,NSW1
2017-10-25 19:35:00,680.4,hydro,MW,nem,NSW1
2017-10-25 19:40:00,442.6,hydro,MW,nem,NSW1
2017-10-25 19:45:00,436.9,hydro,MW,nem,NSW1
2017-10-25 19:50:00,429.6,hydro,MW,nem,NSW1
2017-10-25 19:55:00,426.4,hydro,MW,nem,NSW1
2017-10-25 20:00:00,427.2,hydro,MW,nem,NSW1
2017-10-25 20:05:00,431.9,hydro,MW,nem,NSW1
2017-10-25 20:10:00,260.2,hydro,MW,nem,NSW1
2017-10-25 20:15:00,186.8,hydro,MW,nem,NSW1
2017-10-25 20:20:00,168.5,hydro,MW,nem,NSW1
2017-10-25 20:25:00,168.6,hydro,MW,nem,NSW1
2017-10-25 20:30:00,167.0,hydro,MW,nem,NSW1
2017-10-25 20:35:00,167.9,hydro,MW,nem,NSW1
2017-10-25 20:40:00,167.5,hydro,MW,nem,NSW1
2017-10-25 20:45:00,168.6,hydro,MW,nem,NSW1
2017-10-25 20:50:00,169.0,hydro,MW,nem,NSW1
2017-10-25 20:55:00,167.6,hydro,MW,nem,NSW1
2017-10-25 21:00:00,166.6,hydro,MW,nem,NSW1
2017-10-25 21:05:00,168.1,hydro,MW,nem,NSW1
2017-10-25 21:10:00,167.5,hydro,MW,nem,NSW1
2017-10-25 21:15:00,167.4,hydro,MW,nem,NSW1
2017-10-25 21:20:00,168.6,hydro,MW,nem,NSW1
2017-10-25 21:25:00,168.1,hydro,MW,nem,NSW1
2017-10-25 21:30:00,168.1,hydro,MW,nem,NSW1
2017-10-25 21:35:00,168.0,hydro,MW,nem,NSW1
2017-10-25 21:40:00,168.5,hydro,MW,nem,NSW1
2017-10-25 21:45:00,168.7,hydro,MW,nem,NSW1
2017-10-25 21:50:00,167.0,hydro,MW,nem,NSW1
2017-10-25 21:55:00,169.0,hydro,MW,nem,NSW1
2017-10-25 22:00:00,168.6,hydro,MW,nem,NSW1
2017-10-25 22:05:00,169.3,hydro,MW,nem,NSW1
2017-10-25 22:10:00,168.5,hydro,MW,nem,NSW1
2017-10-25 22:15:00,168.8,hydro,MW,nem,NSW1
2017-10-25 22:20:00,168.5,hydro,MW,nem,NSW1
2017-10-25 22:25:00,168.6,hydro,MW,nem,NSW1
2017-10-25 22:30:00,167.9,hydro,MW,nem,NSW1
2017-10-25 22:35:00,169.1,hydro,MW,nem,NSW1
2017-10-25 22:40:00,167.6,hydro,MW,nem,NSW1
2017-10-25 22:45:00,169.4,hydro,MW,nem,NSW1
2017-10-25 22:50:00,168.8,hydro,MW,nem,NSW1
2017-10-25 22:55:00,167.8,hydro,MW,nem,NSW1
2017-10-25 23:00:00,167.8,hydro,MW,nem,NSW1
2017-10-25 23:05:00,167.5,hydro,MW,nem,NSW1
2017-10-25 23:10:00,167.9,hydro,MW,nem,NSW1
2017-10-25 23:15:00,170.0,hydro,MW,nem,NSW1
2017-10-25 23:20:00,167.3,hydro,MW,nem,NSW1
2017-10-25 23:25:00,168.6,hydro,MW,nem,NSW1
2017-10-25 23:30:00,168.4,hydro,MW,nem,NSW1
2017-10-25 23:35:00,169.0,hydro,MW,nem,NSW1
2017-10-25 23:40:00,167.5,hydro,MW,nem,NSW1
2017-10-25 23:45:00,168.6,hydro,MW,nem,NSW1
2017-10-25 23:50:00,168.7,hydro,MW,nem,NSW1
2017-10-25 23:55:00,168.0,hydro,MW,nem,NSW1
2017-10-26 00:00:00,168.9,hydro,MW,nem,NSW1
2017-10-26 00:05:00,168.3,hydro,MW,nem,NSW1
2017-10-26 00:10:00,167.8,hydro,MW,nem,NSW1
2017-10-26 00:15:00,168.3,hydro,MW,nem,NSW1
2017-10-26 00:20:00,168.1,hydro,MW,nem,NSW1
2017-10-26 00:25:00,168.6,hydro,MW,nem,NSW1
2017-10-26 00:30:00,167.6,hydro,MW,nem,NSW1
2017-10-26 00:35:00,169.0,hydro,MW,nem,NSW1
2017-10-26 00:40:00,168.9,hydro,MW,nem,NSW1
2017-10-26 00:45:00,167.9,hydro,MW,nem,NSW1
2017-10-26 00:50:00,168.3,hydro,MW,nem,NSW1
2017-10-26 00:55:00,171.2,hydro,MW,nem,NSW1
2017-10-26 01:00:00,168.0,hydro,MW,nem,NSW1
2017-10-26 01:05:00,169.0,hydro,MW,nem,NSW1
2017-10-26 01:10:00,168.3,hydro,MW,nem,NSW1
2017-10-26 01:15:00,167.9,hydro,MW,nem,NSW1
2017-10-26 01:20:00,168.0,hydro,MW,nem,NSW1
2017-10-26 01:25:00,168.4,hydro,MW,nem,NSW1
2017-10-26 01:30:00,168.8,hydro,MW,nem,NSW1
2017-10-26 01:35:00,170.2,hydro,MW,nem,NSW1
2017-10-26 01:40:00,168.4,hydro,MW,nem,NSW1
2017-10-26 01:45:00,167.8,hydro,MW,nem,NSW1
2017-10-26 01:50:00,168.1,hydro,MW,nem,NSW1
2017-10-26 01:55:00,168.2,hydro,MW,nem,NSW1
2017-10-26 02:00:00,169.2,hydro,MW,nem,NSW1
2017-10-26 02:05:00,168.7,hydro,MW,nem,NSW1
2017-10-26 02:10:00,168.6,hydro,MW,nem,NSW1
2017-10-26 02:15:00,169.2,hydro,MW,nem,NSW1
2017-10-26 02:20:00,168.2,hydro,MW,nem,NSW1
2017-10-26 02:25:00,168.3,hydro,MW,nem,NSW1
2017-10-26 02:30:00,168.5,hydro,MW,nem,NSW1
2017-10-26 02:35:00,167.9,hydro,MW,nem,NSW1
2017-10-26 02:40:00,167.7,hydro,MW,nem,NSW1
2017-10-26 02:45:00,168.2,hydro,MW,nem,NSW1
2017-10-26 02:50:00,168.5,hydro,MW,nem,NSW1
2017-10-26 02:55:00,167.6,hydro,MW,nem,NSW1
2017-10-26 03:00:00,168.1,hydro,MW,nem,NSW1
2017-10-26 03:05:00,167.8,hydro,MW,nem,NSW1
2017-10-26 03:10:00,168.2,hydro,MW,nem,NSW1
2017-10-26 03:15:00,168.7,hydro,MW,nem,NSW1
2017-10-26 03:20:00,167.3,hydro,MW,nem,NSW1
2017-10-26 03:25:00,168.4,hydro,MW,nem,NSW1
2017-10-26 03:30:00,168.8,hydro,MW,nem,NSW1
2017-10-26 03:35:00,168.5,hydro,MW,nem,NSW1
2017-10-26 03:40:00,168.5,hydro,MW,nem,NSW1
2017-10-26 03:45:00,169.1,hydro,MW,nem,NSW1
2017-10-26 03:50:00,167.9,hydro,MW,nem,NSW1
2017-10-26 03:55:00,168.6,hydro,MW,nem,NSW1
2017-10-26 04:00:00,169.4,hydro,MW,nem,NSW1
2017-10-26 04:05:00,167.9,hydro,MW,nem,NSW1
2017-10-26 04:10:00,169.1,hydro,MW,nem,NSW1
2017-10-26 04:15:00,167.6,hydro,MW,nem,NSW1
2017-10-26 04:20:00,169.0,hydro,MW,nem,NSW1
2017-10-26 04:25:00,168.5,hydro,MW,nem,NSW1
2017-10-26 04:30:00,168.3,hydro,MW,nem,NSW1
2017-10-26 04:35:00,168.6,hydro,MW,nem,NSW1
2017-10-26 04:40:00,168.1,hydro,MW,nem,NSW1
2017-10-26 04:45:00,168.0,hydro,MW,nem,NSW1
2017-10-26 04:50:00,168.2,hydro,MW,nem,NSW1
2017-10-26 04:55:00,168.8,hydro,MW,nem,NSW1
2017-10-26 05:00:00,168.0,hydro,MW,nem,NSW1
2017-10-26 05:05:00,167.4,hydro,MW,nem,NSW1
2017-10-26 05:10:00,169.2,hydro,MW,nem,NSW1
2017-10-26 05:15:00,167.8,hydro,MW,nem,NSW1
2017-10-26 05:20:00,169.1,hydro,MW,nem,NSW1
2017-10-26 05:25:00,168.6,hydro,MW,nem,NSW1
2017-10-26 05:30:00,168.1,hydro,MW,nem,NSW1
2017-10-26 05:35:00,167.8,hydro,MW,nem,NSW1
2017-10-26 05:40:00,168.0,hydro,MW,nem,NSW1
2017-10-26 05:45:00,168.9,hydro,MW,nem,NSW1
2017-10-26 05:50:00,168.3,hydro,MW,nem,NSW1
2017-10-26 05:55:00,167.7,hydro,MW,nem,NSW1
2017-10-26 06:00:00,168.9,hydro,MW,nem,NSW1
2017-10-26 06:05:00,168.6,hydro,MW,nem,NSW1
2017-10-26 06:10:00,168.8,hydro,MW,nem,NSW1
2017-10-26 06:15:00,168.1,hydro,MW,nem,NSW1
2017-10-26 06:20:00,167.6,hydro,MW,nem,NSW1
2017-10-26 06:25:00,168.3,hydro,MW,nem,NSW1
2017-10-26 06:30:00,169.0,hydro,MW,nem,NSW1
2017-10-26 06:35:00,169.4,hydro,MW,nem,NSW1
2017-10-26 06:40:00,168.5,hydro,MW,nem,NSW1
2017-10-26 06:45:00,168.9,hydro,MW,nem,NSW1
2017-10-26 06:50:00,169.4,hydro,MW,nem,NSW1
2017-10-26 06:55:00,288.9,hydro,MW,nem,NSW1
2017-10-26 07:00:00,290.3,hydro,MW,nem,NSW1
2017-10-26 07:05:00,293.8,hydro,MW,nem,NSW1
2017-10-26 07:10:00,284.2,hydro,MW,nem,NSW1
2017-10-26 07:15:00,285.2,hydro,MW,nem,NSW1
2017-10-26 07:20:00,204.6,hydro,MW,nem,NSW1
2017-10-26 07:25:00,167.0,hydro,MW,nem,NSW1
2017-10-26 07:30:00,165.1,hydro,MW,nem,NSW1
2017-10-26 07:35:00,164.3,hydro,MW,nem,NSW1
2017-10-26 07:40:00,163.9,hydro,MW,nem,NSW1
2017-10-26 07:45:00,164.8,hydro,MW,nem,NSW1
2017-10-26 07:50:00,164.0,hydro,MW,nem,NSW1
2017-10-26 07:55:00,164.2,hydro,MW,nem,NSW1
2017-10-26 08:00:00,164.6,hydro,MW,nem,NSW1
2017-10-26 08:05:00,164.6,hydro,MW,nem,NSW1
2017-10-26 08:10:00,257.2,hydro,MW,nem,NSW1
2017-10-26 08:15:00,164.2,hydro,MW,nem,NSW1
2017-10-26 08:20:00,163.9,hydro,MW,nem,NSW1
2017-10-26 08:25:00,164.7,hydro,MW,nem,NSW1
2017-10-26 08:30:00,164.9,hydro,MW,nem,NSW1
2017-10-26 08:35:00,164.4,hydro,MW,nem,NSW1
2017-10-26 08:40:00,164.2,hydro,MW,nem,NSW1
2017-10-26 08:45:00,165.1,hydro,MW,nem,NSW1
2017-10-26 08:50:00,164.0,hydro,MW,nem,NSW1
2017-10-26 08:55:00,164.2,hydro,MW,nem,NSW1
2017-10-26 09:00:00,163.4,hydro,MW,nem,NSW1
2017-10-26 09:05:00,163.3,hydro,MW,nem,NSW1
2017-10-26 09:10:00,152.0,hydro,MW,nem,NSW1
2017-10-26 09:15:00,150.3,hydro,MW,nem,NSW1
2017-10-26 09:20:00,152.5,hydro,MW,nem,NSW1
2017-10-26 09:25:00,150.3,hydro,MW,nem,NSW1
2017-10-26 09:30:00,150.9,hydro,MW,nem,NSW1
2017-10-26 09:35:00,152.0,hydro,MW,nem,NSW1
2017-10-26 09:40:00,150.8,hydro,MW,nem,NSW1
2017-10-26 09:45:00,151.6,hydro,MW,nem,NSW1
2017-10-26 09:50:00,151.6,hydro,MW,nem,NSW1
2017-10-26 09:55:00,151.7,hydro,MW,nem,NSW1
2017-10-26 10:00:00,149.9,hydro,MW,nem,NSW1
2017-10-26 10:05:00,151.2,hydro,MW,nem,NSW1
2017-10-26 10:10:00,151.4,hydro,MW,nem,NSW1
2017-10-26 10:15:00,150.5,hydro,MW,nem,NSW1
2017-10-26 10:20:00,150.7,hydro,MW,nem,NSW1
2017-10-26 10:25:00,151.1,hydro,MW,nem,NSW1
2017-10-26 10:30:00,150.8,hydro,MW,nem,NSW1
2017-10-26 10:35:00,151.4,hydro,MW,nem,NSW1
2017-10-26 10:40:00,151.8,hydro,MW,nem,NSW1
2017-10-26 10:45:00,207.6,hydro,MW,nem,NSW1
2017-10-26 10:50:00,150.8,hydro,MW,nem,NSW1
2017-10-26 10:55:00,151.9,hydro,MW,nem,NSW1
2017-10-26 11:00:00,152.1,hydro,MW,nem,NSW1
2017-10-26 11:05:00,151.2,hydro,MW,nem,NSW1
2017-10-26 11:10:00,152.9,hydro,MW,nem,NSW1
2017-10-26 11:15:00,150.2,hydro,MW,nem,NSW1
2017-10-26 11:20:00,151.0,hydro,MW,nem,NSW1
2017-10-26 11:25:00,151.5,hydro,MW,nem,NSW1
2017-10-26 11:30:00,150.6,hydro,MW,nem,NSW1
2017-10-26 11:35:00,151.5,hydro,MW,nem,NSW1
2017-10-26 11:40:00,283.6,hydro,MW,nem,NSW1
2017-10-26 11:45:00,305.2,hydro,MW,nem,NSW1
2017-10-26 11:50:00,299.5,hydro,MW,nem,NSW1
2017-10-26 11:55:00,289.9,hydro,MW,nem,NSW1
2017-10-26 12:00:00,297.6,hydro,MW,nem,NSW1
2017-10-26 12:05:00,295.4,hydro,MW,nem,NSW1
2017-10-26 12:10:00,290.2,hydro,MW,nem,NSW1
2017-10-26 12:15:00,287.7,hydro,MW,nem,NSW1
2017-10-26 12:20:00,286.4,hydro,MW,nem,NSW1
2017-10-26 12:25:00,300.1,hydro,MW,nem,NSW1
2017-10-26 12:30:00,293.0,hydro,MW,nem,NSW1
2017-10-26 12:35:00,298.4,hydro,MW,nem,NSW1
2017-10-26 12:40:00,288.9,hydro,MW,nem,NSW1
2017-10-26 12:45:00,286.1,hydro,MW,nem,NSW1
2017-10-26 12:50:00,283.8,hydro,MW,nem,NSW1
2017-10-26 12:55:00,282.5,hydro,MW,nem,NSW1
2017-10-26 13:00:00,286.5,hydro,MW,nem,NSW1
2017-10-26 13:05:00,300.9,hydro,MW,nem,NSW1
2017-10-26 13:10:00,290.2,hydro,MW,nem,NSW1
2017-10-26 13:15:00,288.9,hydro,MW,nem,NSW1
2017-10-26 13:20:00,296.9,hydro,MW,nem,NSW1
2017-10-26 13:25:00,295.3,hydro,MW,nem,NSW1
2017-10-26 13:30:00,339.4,hydro,MW,nem,NSW1
2017-10-26 13:35:00,288.8,hydro,MW,nem,NSW1
2017-10-26 13:40:00,276.7,hydro,MW,nem,NSW1
2017-10-26 13:45:00,285.4,hydro,MW,nem,NSW1
2017-10-26 13:50:00,293.0,hydro,MW,nem,NSW1
2017-10-26 13:55:00,285.4,hydro,MW,nem,NSW1
2017-10-26 14:00:00,297.9,hydro,MW,nem,NSW1
2017-10-26 14:05:00,243.4,hydro,MW,nem,NSW1
2017-10-26 14:10:00,288.7,hydro,MW,nem,NSW1
2017-10-26 14:15:00,290.1,hydro,MW,nem,NSW1
2017-10-26 14:20:00,193.8,hydro,MW,nem,NSW1
2017-10-26 14:25:00,151.2,hydro,MW,nem,NSW1
2017-10-26 14:30:00,151.0,hydro,MW,nem,NSW1
2017-10-26 14:35:00,152.0,hydro,MW,nem,NSW1
2017-10-26 14:40:00,151.6,hydro,MW,nem,NSW1
2017-10-26 14:45:00,150.7,hydro,MW,nem,NSW1
2017-10-26 14:50:00,151.0,hydro,MW,nem,NSW1
2017-10-26 14:55:00,150.9,hydro,MW,nem,NSW1
2017-10-26 15:00:00,150.3,hydro,MW,nem,NSW1
2017-10-26 15:05:00,148.6,hydro,MW,nem,NSW1
2017-10-26 15:10:00,414.9,hydro,MW,nem,NSW1
2017-10-26 15:15:00,440.2,hydro,MW,nem,NSW1
2017-10-26 15:20:00,441.0,hydro,MW,nem,NSW1
2017-10-26 15:25:00,182.4,hydro,MW,nem,NSW1
2017-10-26 15:30:00,150.7,hydro,MW,nem,NSW1
2017-10-26 15:35:00,150.6,hydro,MW,nem,NSW1
2017-10-26 15:40:00,153.2,hydro,MW,nem,NSW1
2017-10-26 15:45:00,153.7,hydro,MW,nem,NSW1
2017-10-26 15:50:00,153.3,hydro,MW,nem,NSW1
2017-10-26 15:55:00,153.6,hydro,MW,nem,NSW1
2017-10-26 16:00:00,153.8,hydro,MW,nem,NSW1
2017-10-26 16:05:00,153.3,hydro,MW,nem,NSW1
2017-10-26 16:10:00,154.1,hydro,MW,nem,NSW1
2017-10-26 16:15:00,154.5,hydro,MW,nem,NSW1
2017-10-26 16:20:00,154.0,hydro,MW,nem,NSW1
2017-10-26 16:25:00,154.9,hydro,MW,nem,NSW1
2017-10-26 16:30:00,153.6,hydro,MW,nem,NSW1
2017-10-26 16:35:00,153.7,hydro,MW,nem,NSW1
2017-10-26 16:40:00,157.9,hydro,MW,nem,NSW1
2017-10-26 16:45:00,159.4,hydro,MW,nem,NSW1
2017-10-26 16:50:00,158.2,hydro,MW,nem,NSW1
2017-10-26 16:55:00,157.8,hydro,MW,nem,NSW1
2017-10-26 17:00:00,158.1,hydro,MW,nem,NSW1
2017-10-26 17:05:00,158.0,hydro,MW,nem,NSW1
2017-10-26 17:10:00,158.5,hydro,MW,nem,NSW1
2017-10-26 17:15:00,157.3,hydro,MW,nem,NSW1
2017-10-26 17:20:00,157.5,hydro,MW,nem,NSW1
2017-10-26 17:25:00,158.2,hydro,MW,nem,NSW1
2017-10-26 17:30:00,158.7,hydro,MW,nem,NSW1
2017-10-26 17:35:00,158.0,hydro,MW,nem,NSW1
2017-10-26 17:40:00,167.3,hydro,MW,nem,NSW1
2017-10-26 17:45:00,246.8,hydro,MW,nem,NSW1
2017-10-26 17:50:00,249.3,hydro,MW,nem,NSW1
2017-10-26 17:55:00,245.6,hydro,MW,nem,NSW1
2017-10-26 18:00:00,246.0,hydro,MW,nem,NSW1
2017-10-26 18:05:00,245.9,hydro,MW,nem,NSW1
2017-10-26 18:10:00,289.8,hydro,MW,nem,NSW1
2017-10-26 18:15:00,289.6,hydro,MW,nem,NSW1
2017-10-26 18:20:00,289.2,hydro,MW,nem,NSW1
2017-10-26 18:25:00,286.6,hydro,MW,nem,NSW1
2017-10-26 18:30:00,288.9,hydro,MW,nem,NSW1
2017-10-26 18:35:00,292.1,hydro,MW,nem,NSW1
2017-10-26 18:40:00,292.6,hydro,MW,nem,NSW1
2017-10-26 18:45:00,285.7,hydro,MW,nem,NSW1
2017-10-26 18:50:00,281.4,hydro,MW,nem,NSW1
2017-10-26 18:55:00,281.8,hydro,MW,nem,NSW1
2017-10-26 19:00:00,288.4,hydro,MW,nem,NSW1
2017-10-26 19:05:00,287.9,hydro,MW,nem,NSW1
2017-10-26 19:10:00,290.9,hydro,MW,nem,NSW1
2017-10-26 19:15:00,291.4,hydro,MW,nem,NSW1
2017-10-26 19:20:00,289.6,hydro,MW,nem,NSW1
2017-10-26 19:25:00,287.0,hydro,MW,nem,NSW1
2017-10-26 19:30:00,287.5,hydro,MW,nem,NSW1
2017-10-26 19:35:00,288.3,hydro,MW,nem,NSW1
2017-10-26 19:40:00,290.3,hydro,MW,nem,NSW1
2017-10-26 19:45:00,250.3,hydro,MW,nem,NSW1
2017-10-26 19:50:00,247.9,hydro,MW,nem,NSW1
2017-10-26 19:55:00,247.5,hydro,MW,nem,NSW1
2017-10-26 20:00:00,249.0,hydro,MW,nem,NSW1
2017-10-26 20:05:00,247.7,hydro,MW,nem,NSW1
2017-10-26 20:10:00,204.4,hydro,MW,nem,NSW1
2017-10-26 20:15:00,167.8,hydro,MW,nem,NSW1
2017-10-26 20:20:00,168.7,hydro,MW,nem,NSW1
2017-10-26 20:25:00,168.1,hydro,MW,nem,NSW1
2017-10-26 20:30:00,167.7,hydro,MW,nem,NSW1
2017-10-26 20:35:00,168.0,hydro,MW,nem,NSW1
2017-10-26 20:40:00,168.7,hydro,MW,nem,NSW1
2017-10-26 20:45:00,167.9,hydro,MW,nem,NSW1
2017-10-26 20:50:00,168.7,hydro,MW,nem,NSW1
2017-10-26 20:55:00,168.3,hydro,MW,nem,NSW1
2017-10-26 21:00:00,166.8,hydro,MW,nem,NSW1
2017-10-26 21:05:00,168.6,hydro,MW,nem,NSW1
2017-10-26 21:10:00,168.1,hydro,MW,nem,NSW1
2017-10-26 21:15:00,167.8,hydro,MW,nem,NSW1
2017-10-26 21:20:00,168.6,hydro,MW,nem,NSW1
2017-10-26 21:25:00,168.4,hydro,MW,nem,NSW1
2017-10-26 21:30:00,167.6,hydro,MW,nem,NSW1
2017-10-26 21:35:00,168.4,hydro,MW,nem,NSW1
2017-10-26 21:40:00,168.1,hydro,MW,nem,NSW1
2017-10-26 21:45:00,167.5,hydro,MW,nem,NSW1
2017-10-26 21:50:00,167.6,hydro,MW,nem,NSW1
2017-10-26 21:55:00,167.7,hydro,MW,nem,NSW1
2017-10-26 22:00:00,168.6,hydro,MW,nem,NSW1
2017-10-26 22:05:00,169.8,hydro,MW,nem,NSW1
2017-10-26 22:10:00,166.8,hydro,MW,nem,NSW1
2017-10-26 22:15:00,167.0,hydro,MW,nem,NSW1
2017-10-26 22:20:00,168.7,hydro,MW,nem,NSW1
2017-10-26 22:25:00,167.4,hydro,MW,nem,NSW1
2017-10-26 22:30:00,167.3,hydro,MW,nem,NSW1
2017-10-26 22:35:00,167.3,hydro,MW,nem,NSW1
2017-10-26 22:40:00,167.1,hydro,MW,nem,NSW1
2017-10-26 22:45:00,169.3,hydro,MW,nem,NSW1
2017-10-26 22:50:00,168.3,hydro,MW,nem,NSW1
2017-10-26 22:55:00,168.2,hydro,MW,nem,NSW1
2017-10-26 23:00:00,167.5,hydro,MW,nem,NSW1
2017-10-26 23:05:00,169.0,hydro,MW,nem,NSW1
2017-10-26 23:10:00,168.2,hydro,MW,nem,NSW1
2017-10-26 23:15:00,167.6,hydro,MW,nem,NSW1
2017-10-26 23:20:00,167.9,hydro,MW,nem,NSW1
2017-10-26 23:25:00,167.9,hydro,MW,nem,NSW1
2017-10-26 23:30:00,168.0,hydro,MW,nem,NSW1
2017-10-26 23:35:00,167.2,hydro,MW,nem,NSW1
2017-10-26 23:40:00,166.4,hydro,MW,nem,NSW1
2017-10-26 23:45:00,167.1,hydro,MW,nem,NSW1
2017-10-26 23:50:00,168.8,hydro,MW,nem,NSW1
2017-10-26 23:55:00,167.9,hydro,MW,nem,NSW1
2017-10-27 00:00:00,168.6,hydro,MW,nem,NSW1
2017-10-27 00:05:00,167.4,hydro,MW,nem,NSW1
2017-10-27 00:10:00,167.7,hydro,MW,nem,NSW1
2017-10-27 00:15:00,168.1,hydro,MW,nem,NSW1
2017-10-27 00:20:00,168.1,hydro,MW,nem,NSW1
2017-10-27 00:25:00,167.7,hydro,MW,nem,NSW1
2017-10-27 00:30:00,168.4,hydro,MW,nem,NSW1
2017-10-27 00:35:00,168.2,hydro,MW,nem,NSW1
2017-10-27 00:40:00,137.4,hydro,MW,nem,NSW1
2017-10-27 00:45:00,137.1,hydro,MW,nem,NSW1
2017-10-27 00:50:00,137.1,hydro,MW,nem,NSW1
2017-10-27 00:55:00,137.3,hydro,MW,nem,NSW1
2017-10-27 01:00:00,136.9,hydro,MW,nem,NSW1
2017-10-27 01:05:00,136.8,hydro,MW,nem,NSW1
2017-10-27 01:10:00,137.2,hydro,MW,nem,NSW1
2017-10-27 01:15:00,136.8,hydro,MW,nem,NSW1
2017-10-27 01:20:00,137.1,hydro,MW,nem,NSW1
2017-10-27 01:25:00,137.3,hydro,MW,nem,NSW1
2017-10-27 01:30:00,137.0,hydro,MW,nem,NSW1
2017-10-27 01:35:00,136.7,hydro,MW,nem,NSW1
2017-10-27 01:40:00,137.2,hydro,MW,nem,NSW1
2017-10-27 01:45:00,136.4,hydro,MW,nem,NSW1
2017-10-27 01:50:00,136.6,hydro,MW,nem,NSW1
2017-10-27 01:55:00,137.4,hydro,MW,nem,NSW1
2017-10-27 02:00:00,136.9,hydro,MW,nem,NSW1
2017-10-27 02:05:00,136.7,hydro,MW,nem,NSW1
2017-10-27 02:10:00,137.0,hydro,MW,nem,NSW1
2017-10-27 02:15:00,136.8,hydro,MW,nem,NSW1
2017-10-27 02:20:00,137.3,hydro,MW,nem,NSW1
2017-10-27 02:25:00,137.3,hydro,MW,nem,NSW1
2017-10-27 02:30:00,137.0,hydro,MW,nem,NSW1
2017-10-27 02:35:00,136.6,hydro,MW,nem,NSW1
2017-10-27 02:40:00,136.5,hydro,MW,nem,NSW1
2017-10-27 02:45:00,136.6,hydro,MW,nem,NSW1
2017-10-27 02:50:00,137.0,hydro,MW,nem,NSW1
2017-10-27 02:55:00,137.4,hydro,MW,nem,NSW1
2017-10-27 03:00:00,137.4,hydro,MW,nem,NSW1
2017-10-27 03:05:00,137.4,hydro,MW,nem,NSW1
2017-10-27 03:10:00,137.6,hydro,MW,nem,NSW1
2017-10-27 03:15:00,136.9,hydro,MW,nem,NSW1
2017-10-27 03:20:00,136.9,hydro,MW,nem,NSW1
2017-10-27 03:25:00,136.4,hydro,MW,nem,NSW1
2017-10-27 03:30:00,136.4,hydro,MW,nem,NSW1
2017-10-27 03:35:00,137.0,hydro,MW,nem,NSW1
2017-10-27 03:40:00,136.8,hydro,MW,nem,NSW1
2017-10-27 03:45:00,136.6,hydro,MW,nem,NSW1
2017-10-27 03:50:00,137.5,hydro,MW,nem,NSW1
2017-10-27 03:55:00,137.0,hydro,MW,nem,NSW1
2017-10-27 04:00:00,136.8,hydro,MW,nem,NSW1
2017-10-27 04:05:00,137.2,hydro,MW,nem,NSW1
2017-10-27 04:10:00,137.1,hydro,MW,nem,NSW1
2017-10-27 04:15:00,136.9,hydro,MW,nem,NSW1
2017-10-27 04:20:00,137.0,hydro,MW,nem,NSW1
2017-10-27 04:25:00,137.2,hydro,MW,nem,NSW1
2017-10-27 04:30:00,136.6,hydro,MW,nem,NSW1
2017-10-27 04:35:00,137.3,hydro,MW,nem,NSW1
2017-10-27 04:40:00,137.1,hydro,MW,nem,NSW1
2017-10-27 04:45:00,136.8,hydro,MW,nem,NSW1
2017-10-27 04:50:00,137.1,hydro,MW,nem,NSW1
2017-10-27 04:55:00,137.2,hydro,MW,nem,NSW1
2017-10-27 05:00:00,136.3,hydro,MW,nem,NSW1
2017-10-27 05:05:00,136.2,hydro,MW,nem,NSW1
2017-10-27 05:10:00,137.1,hydro,MW,nem,NSW1
2017-10-27 05:15:00,136.9,hydro,MW,nem,NSW1
2017-10-27 05:20:00,136.7,hydro,MW,nem,NSW1
2017-10-27 05:25:00,136.7,hydro,MW,nem,NSW1
2017-10-27 05:30:00,137.1,hydro,MW,nem,NSW1
2017-10-27 05:35:00,136.8,hydro,MW,nem,NSW1
2017-10-27 05:40:00,136.8,hydro,MW,nem,NSW1
2017-10-27 05:45:00,137.1,hydro,MW,nem,NSW1
2017-10-27 05:50:00,176.4,hydro,MW,nem,NSW1
2017-10-27 05:55:00,273.7,hydro,MW,nem,NSW1
2017-10-27 06:00:00,260.6,hydro,MW,nem,NSW1
2017-10-27 06:05:00,263.3,hydro,MW,nem,NSW1
2017-10-27 06:10:00,271.0,hydro,MW,nem,NSW1
2017-10-27 06:15:00,280.2,hydro,MW,nem,NSW1
2017-10-27 06:20:00,284.4,hydro,MW,nem,NSW1
2017-10-27 06:25:00,287.3,hydro,MW,nem,NSW1
2017-10-27 06:30:00,287.6,hydro,MW,nem,NSW1
2017-10-27 06:35:00,286.3,hydro,MW,nem,NSW1
2017-10-27 06:40:00,284.0,hydro,MW,nem,NSW1
2017-10-27 06:45:00,287.2,hydro,MW,nem,NSW1
2017-10-27 06:50:00,287.1,hydro,MW,nem,NSW1
2017-10-27 06:55:00,287.8,hydro,MW,nem,NSW1
2017-10-27 07:00:00,286.0,hydro,MW,nem,NSW1
2017-10-27 07:05:00,284.1,hydro,MW,nem,NSW1
2017-10-27 07:10:00,288.6,hydro,MW,nem,NSW1
2017-10-27 07:15:00,290.7,hydro,MW,nem,NSW1
2017-10-27 07:20:00,289.6,hydro,MW,nem,NSW1
2017-10-27 07:25:00,287.9,hydro,MW,nem,NSW1
2017-10-27 07:30:00,290.6,hydro,MW,nem,NSW1
2017-10-27 07:35:00,289.0,hydro,MW,nem,NSW1
2017-10-27 07:40:00,288.2,hydro,MW,nem,NSW1
2017-10-27 07:45:00,290.0,hydro,MW,nem,NSW1
2017-10-27 07:50:00,291.4,hydro,MW,nem,NSW1
2017-10-27 07:55:00,288.1,hydro,MW,nem,NSW1
2017-10-27 08:00:00,287.2,hydro,MW,nem,NSW1
2017-10-27 08:05:00,284.9,hydro,MW,nem,NSW1
2017-10-27 08:10:00,427.6,hydro,MW,nem,NSW1
2017-10-27 08:15:00,430.6,hydro,MW,nem,NSW1
2017-10-27 08:20:00,439.9,hydro,MW,nem,NSW1
2017-10-27 08:25:00,435.5,hydro,MW,nem,NSW1
2017-10-27 08:30:00,432.7,hydro,MW,nem,NSW1
2017-10-27 08:35:00,294.4,hydro,MW,nem,NSW1
2017-10-27 08:40:00,203.4,hydro,MW,nem,NSW1
2017-10-27 08:45:00,166.6,hydro,MW,nem,NSW1
2017-10-27 08:50:00,166.7,hydro,MW,nem,NSW1
2017-10-27 08:55:00,166.4,hydro,MW,nem,NSW1
2017-10-27 09:00:00,164.6,hydro,MW,nem,NSW1
2017-10-27 09:05:00,167.1,hydro,MW,nem,NSW1
2017-10-27 09:10:00,303.7,hydro,MW,nem,NSW1
2017-10-27 09:15:00,287.9,hydro,MW,nem,NSW1
2017-10-27 09:20:00,302.2,hydro,MW,nem,NSW1
2017-10-27 09:25:00,306.2,hydro,MW,nem,NSW1
2017-10-27 09:30:00,310.4,hydro,MW,nem,NSW1
2017-10-27 09:35:00,309.4,hydro,MW,nem,NSW1
2017-10-27 09:40:00,315.3,hydro,MW,nem,NSW1
2017-10-27 09:45:00,309.7,hydro,MW,nem,NSW1
2017-10-27 09:50:00,300.2,hydro,MW,nem,NSW1
2017-10-27 09:55:00,307.3,hydro,MW,nem,NSW1
2017-10-27 10:00:00,299.7,hydro,MW,nem,NSW1
2017-10-27 10:05:00,294.6,hydro,MW,nem,NSW1
2017-10-27 10:10:00,318.4,hydro,MW,nem,NSW1
2017-10-27 10:15:00,307.2,hydro,MW,nem,NSW1
2017-10-27 10:20:00,291.5,hydro,MW,nem,NSW1
2017-10-27 10:25:00,281.1,hydro,MW,nem,NSW1
2017-10-27 10:30:00,288.7,hydro,MW,nem,NSW1
2017-10-27 10:35:00,280.8,hydro,MW,nem,NSW1
2017-10-27 10:40:00,412.3,hydro,MW,nem,NSW1
2017-10-27 10:45:00,419.7,hydro,MW,nem,NSW1
2017-10-27 10:50:00,417.0,hydro,MW,nem,NSW1
2017-10-27 10:55:00,433.0,hydro,MW,nem,NSW1
2017-10-27 11:00:00,430.7,hydro,MW,nem,NSW1
2017-10-27 11:05:00,287.2,hydro,MW,nem,NSW1
2017-10-27 11:10:00,198.1,hydro,MW,nem,NSW1
2017-10-27 11:15:00,139.0,hydro,MW,nem,NSW1
2017-10-27 11:20:00,139.1,hydro,MW,nem,NSW1
2017-10-27 11:25:00,138.9,hydro,MW,nem,NSW1
2017-10-27 11:30:00,139.4,hydro,MW,nem,NSW1
2017-10-27 11:35:00,140.1,hydro,MW,nem,NSW1
2017-10-27 11:40:00,138.9,hydro,MW,nem,NSW1
2017-10-27 11:45:00,138.2,hydro,MW,nem,NSW1
2017-10-27 11:50:00,138.7,hydro,MW,nem,NSW1
2017-10-27 11:55:00,139.4,hydro,MW,nem,NSW1
2017-10-27 12:00:00,138.5,hydro,MW,nem,NSW1
2017-10-27 12:05:00,140.8,hydro,MW,nem,NSW1
2017-10-27 12:10:00,139.1,hydro,MW,nem,NSW1
2017-10-27 12:15:00,138.8,hydro,MW,nem,NSW1
2017-10-27 12:20:00,138.8,hydro,MW,nem,NSW1
2017-10-27 12:25:00,138.7,hydro,MW,nem,NSW1
2017-10-27 12:30:00,139.0,hydro,MW,nem,NSW1
2017-10-27 12:35:00,138.5,hydro,MW,nem,NSW1
2017-10-27 12:40:00,139.3,hydro,MW,nem,NSW1
2017-10-27 12:45:00,138.8,hydro,MW,nem,NSW1
2017-10-27 12:50:00,138.7,hydro,MW,nem,NSW1
2017-10-27 12:55:00,138.1,hydro,MW,nem,NSW1
2017-10-27 13:00:00,138.5,hydro,MW,nem,NSW1
2017-10-27 13:05:00,138.9,hydro,MW,nem,NSW1
2017-10-27 13:10:00,278.1,hydro,MW,nem,NSW1
2017-10-27 13:15:00,280.2,hydro,MW,nem,NSW1
2017-10-27 13:20:00,290.3,hydro,MW,nem,NSW1
2017-10-27 13:25:00,286.1,hydro,MW,nem,NSW1
2017-10-27 13:30:00,277.1,hydro,MW,nem,NSW1
2017-10-27 13:35:00,282.9,hydro,MW,nem,NSW1
2017-10-27 13:40:00,292.0,hydro,MW,nem,NSW1
2017-10-27 13:45:00,291.3,hydro,MW,nem,NSW1
2017-10-27 13:50:00,283.0,hydro,MW,nem,NSW1
2017-10-27 13:55:00,278.4,hydro,MW,nem,NSW1
2017-10-27 14:00:00,294.8,hydro,MW,nem,NSW1
2017-10-27 14:05:00,291.1,hydro,MW,nem,NSW1
2017-10-27 14:10:00,240.4,hydro,MW,nem,NSW1
2017-10-27 14:15:00,154.2,hydro,MW,nem,NSW1
2017-10-27 14:20:00,153.5,hydro,MW,nem,NSW1
2017-10-27 14:25:00,138.5,hydro,MW,nem,NSW1
2017-10-27 14:30:00,138.8,hydro,MW,nem,NSW1
2017-10-27 14:35:00,138.8,hydro,MW,nem,NSW1
2017-10-27 14:40:00,138.4,hydro,MW,nem,NSW1
2017-10-27 14:45:00,139.0,hydro,MW,nem,NSW1
2017-10-27 14:50:00,138.8,hydro,MW,nem,NSW1
2017-10-27 14:55:00,139.3,hydro,MW,nem,NSW1
2017-10-27 15:00:00,138.6,hydro,MW,nem,NSW1
2017-10-27 15:05:00,139.5,hydro,MW,nem,NSW1
2017-10-27 15:10:00,150.3,hydro,MW,nem,NSW1
2017-10-27 15:15:00,160.7,hydro,MW,nem,NSW1
2017-10-27 15:20:00,169.7,hydro,MW,nem,NSW1
2017-10-27 15:25:00,170.6,hydro,MW,nem,NSW1
2017-10-27 15:30:00,170.4,hydro,MW,nem,NSW1
2017-10-27 15:35:00,169.3,hydro,MW,nem,NSW1
2017-10-27 15:40:00,169.4,hydro,MW,nem,NSW1
2017-10-27 15:45:00,169.3,hydro,MW,nem,NSW1
2017-10-27 15:50:00,169.2,hydro,MW,nem,NSW1
2017-10-27 15:55:00,169.9,hydro,MW,nem,NSW1
2017-10-27 16:00:00,169.5,hydro,MW,nem,NSW1
2017-10-27 16:05:00,169.7,hydro,MW,nem,NSW1
2017-10-27 16:10:00,169.1,hydro,MW,nem,NSW1
2017-10-27 16:15:00,169.8,hydro,MW,nem,NSW1
2017-10-27 16:20:00,170.3,hydro,MW,nem,NSW1
2017-10-27 16:25:00,169.3,hydro,MW,nem,NSW1
2017-10-27 16:30:00,169.9,hydro,MW,nem,NSW1
2017-10-27 16:35:00,170.8,hydro,MW,nem,NSW1
2017-10-27 16:40:00,168.1,hydro,MW,nem,NSW1
2017-10-27 16:45:00,169.5,hydro,MW,nem,NSW1
2017-10-27 16:50:00,170.2,hydro,MW,nem,NSW1
2017-10-27 16:55:00,170.2,hydro,MW,nem,NSW1
2017-10-27 17:00:00,169.9,hydro,MW,nem,NSW1
2017-10-27 17:05:00,169.3,hydro,MW,nem,NSW1
2017-10-27 17:10:00,169.1,hydro,MW,nem,NSW1
2017-10-27 17:15:00,170.1,hydro,MW,nem,NSW1
2017-10-27 17:20:00,168.2,hydro,MW,nem,NSW1
2017-10-27 17:25:00,167.8,hydro,MW,nem,NSW1
2017-10-27 17:30:00,168.5,hydro,MW,nem,NSW1
2017-10-27 17:35:00,170.6,hydro,MW,nem,NSW1
2017-10-27 17:40:00,169.6,hydro,MW,nem,NSW1
2017-10-27 17:45:00,168.9,hydro,MW,nem,NSW1
2017-10-27 17:50:00,167.4,hydro,MW,nem,NSW1
2017-10-27 17:55:00,168.7,hydro,MW,nem,NSW1
2017-10-27 18:00:00,169.6,hydro,MW,nem,NSW1
2017-10-27 18:05:00,168.5,hydro,MW,nem,NSW1
2017-10-27 18:10:00,170.9,hydro,MW,nem,NSW1
2017-10-27 18:15:00,169.5,hydro,MW,nem,NSW1
2017-10-27 18:20:00,169.8,hydro,MW,nem,NSW1
2017-10-27 18:25:00,170.2,hydro,MW,nem,NSW1
2017-10-27 18:30:00,169.7,hydro,MW,nem,NSW1
2017-10-27 18:35:00,170.9,hydro,MW,nem,NSW1
2017-10-27 18:40:00,169.5,hydro,MW,nem,NSW1
2017-10-27 18:45:00,169.9,hydro,MW,nem,NSW1
2017-10-27 18:50:00,169.5,hydro,MW,nem,NSW1
2017-10-27 18:55:00,169.6,hydro,MW,nem,NSW1
2017-10-27 19:00:00,170.5,hydro,MW,nem,NSW1
2017-10-27 19:05:00,170.4,hydro,MW,nem,NSW1
2017-10-27 19:10:00,170.2,hydro,MW,nem,NSW1
2017-10-27 19:15:00,168.7,hydro,MW,nem,NSW1
2017-10-27 19:20:00,168.8,hydro,MW,nem,NSW1
2017-10-27 19:25:00,169.5,hydro,MW,nem,NSW1
2017-10-27 19:30:00,169.4,hydro,MW,nem,NSW1
2017-10-27 19:35:00,169.6,hydro,MW,nem,NSW1
2017-10-27 19:40:00,169.7,hydro,MW,nem,NSW1
2017-10-27 19:45:00,169.4,hydro,MW,nem,NSW1
2017-10-27 19:50:00,169.5,hydro,MW,nem,NSW1
2017-10-27 19:55:00,168.9,hydro,MW,nem,NSW1
2017-10-27 20:00:00,168.5,hydro,MW,nem,NSW1
2017-10-27 20:05:00,169.0,hydro,MW,nem,NSW1
2017-10-27 20:10:00,169.4,hydro,MW,nem,NSW1
2017-10-27 20:15:00,169.1,hydro,MW,nem,NSW1
2017-10-27 20:20:00,169.0,hydro,MW,nem,NSW1
2017-10-27 20:25:00,169.6,hydro,MW,nem,NSW1
2017-10-27 20:30:00,169.0,hydro,MW,nem,NSW1
2017-10-27 20:35:00,169.3,hydro,MW,nem,NSW1
2017-10-27 20:40:00,168.9,hydro,MW,nem,NSW1
2017-10-27 20:45:00,169.0,hydro,MW,nem,NSW1
2017-10-27 20:50:00,168.9,hydro,MW,nem,NSW1
2017-10-27 20:55:00,170.1,hydro,MW,nem,NSW1
2017-10-27 21:00:00,169.3,hydro,MW,nem,NSW1
2017-10-27 21:05:00,169.4,hydro,MW,nem,NSW1
2017-10-27 21:10:00,168.1,hydro,MW,nem,NSW1
2017-10-27 21:15:00,169.2,hydro,MW,nem,NSW1
2017-10-27 21:20:00,168.8,hydro,MW,nem,NSW1
2017-10-27 21:25:00,170.1,hydro,MW,nem,NSW1
2017-10-27 21:30:00,169.8,hydro,MW,nem,NSW1
2017-10-27 21:35:00,169.2,hydro,MW,nem,NSW1
2017-10-27 21:40:00,168.9,hydro,MW,nem,NSW1
2017-10-27 21:45:00,170.4,hydro,MW,nem,NSW1
2017-10-27 21:50:00,170.3,hydro,MW,nem,NSW1
2017-10-27 21:55:00,169.3,hydro,MW,nem,NSW1
2017-10-27 22:00:00,169.3,hydro,MW,nem,NSW1
2017-10-27 22:05:00,170.4,hydro,MW,nem,NSW1
2017-10-27 22:10:00,169.5,hydro,MW,nem,NSW1
2017-10-27 22:15:00,169.0,hydro,MW,nem,NSW1
2017-10-27 22:20:00,169.1,hydro,MW,nem,NSW1
2017-10-27 22:25:00,168.8,hydro,MW,nem,NSW1
2017-10-27 22:30:00,169.9,hydro,MW,nem,NSW1
2017-10-27 22:35:00,169.5,hydro,MW,nem,NSW1
2017-10-27 22:40:00,169.4,hydro,MW,nem,NSW1
2017-10-27 22:45:00,168.8,hydro,MW,nem,NSW1
2017-10-27 22:50:00,169.6,hydro,MW,nem,NSW1
2017-10-27 22:55:00,169.9,hydro,MW,nem,NSW1
2017-10-27 23:00:00,168.9,hydro,MW,nem,NSW1
2017-10-27 23:05:00,170.4,hydro,MW,nem,NSW1
2017-10-27 23:10:00,169.2,hydro,MW,nem,NSW1
2017-10-27 23:15:00,169.4,hydro,MW,nem,NSW1
2017-10-27 23:20:00,170.0,hydro,MW,nem,NSW1
2017-10-27 23:25:00,169.6,hydro,MW,nem,NSW1
2017-10-27 23:30:00,168.9,hydro,MW,nem,NSW1
2017-10-27 23:35:00,169.8,hydro,MW,nem,NSW1
2017-10-27 23:40:00,168.1,hydro,MW,nem,NSW1
2017-10-27 23:45:00,168.9,hydro,MW,nem,NSW1
2017-10-27 23:50:00,169.6,hydro,MW,nem,NSW1
2017-10-27 23:55:00,168.4,hydro,MW,nem,NSW1
2017-10-28 00:00:00,170.3,hydro,MW,nem,NSW1
2017-10-28 00:05:00,168.0,hydro,MW,nem,NSW1
2017-10-28 00:10:00,168.9,hydro,MW,nem,NSW1
2017-10-28 00:15:00,168.3,hydro,MW,nem,NSW1
2017-10-28 00:20:00,169.2,hydro,MW,nem,NSW1
2017-10-28 00:25:00,169.4,hydro,MW,nem,NSW1
2017-10-28 00:30:00,169.0,hydro,MW,nem,NSW1
2017-10-28 00:35:00,169.4,hydro,MW,nem,NSW1
2017-10-28 00:40:00,168.4,hydro,MW,nem,NSW1
2017-10-28 00:45:00,170.5,hydro,MW,nem,NSW1
2017-10-28 00:50:00,169.4,hydro,MW,nem,NSW1
2017-10-28 00:55:00,171.5,hydro,MW,nem,NSW1
2017-10-28 01:00:00,168.9,hydro,MW,nem,NSW1
2017-10-28 01:05:00,169.6,hydro,MW,nem,NSW1
2017-10-28 01:10:00,167.8,hydro,MW,nem,NSW1
2017-10-28 01:15:00,169.9,hydro,MW,nem,NSW1
2017-10-28 01:20:00,170.0,hydro,MW,nem,NSW1
2017-10-28 01:25:00,168.7,hydro,MW,nem,NSW1
2017-10-28 01:30:00,169.6,hydro,MW,nem,NSW1
2017-10-28 01:35:00,169.5,hydro,MW,nem,NSW1
2017-10-28 01:40:00,168.3,hydro,MW,nem,NSW1
2017-10-28 01:45:00,171.3,hydro,MW,nem,NSW1
2017-10-28 01:50:00,170.1,hydro,MW,nem,NSW1
2017-10-28 01:55:00,169.1,hydro,MW,nem,NSW1
2017-10-28 02:00:00,170.0,hydro,MW,nem,NSW1
2017-10-28 02:05:00,168.7,hydro,MW,nem,NSW1
2017-10-28 02:10:00,169.9,hydro,MW,nem,NSW1
2017-10-28 02:15:00,169.7,hydro,MW,nem,NSW1
2017-10-28 02:20:00,169.6,hydro,MW,nem,NSW1
2017-10-28 02:25:00,169.7,hydro,MW,nem,NSW1
2017-10-28 02:30:00,169.8,hydro,MW,nem,NSW1
2017-10-28 02:35:00,169.8,hydro,MW,nem,NSW1
2017-10-28 02:40:00,171.9,hydro,MW,nem,NSW1
2017-10-28 02:45:00,169.6,hydro,MW,nem,NSW1
2017-10-28 02:50:00,169.2,hydro,MW,nem,NSW1
2017-10-28 02:55:00,169.6,hydro,MW,nem,NSW1
2017-10-28 03:00:00,169.1,hydro,MW,nem,NSW1
2017-10-28 03:05:00,169.2,hydro,MW,nem,NSW1
2017-10-28 03:10:00,168.6,hydro,MW,nem,NSW1
2017-10-28 03:15:00,169.5,hydro,MW,nem,NSW1
2017-10-28 03:20:00,170.0,hydro,MW,nem,NSW1
2017-10-28 03:25:00,169.7,hydro,MW,nem,NSW1
2017-10-28 03:30:00,170.4,hydro,MW,nem,NSW1
2017-10-28 03:35:00,169.8,hydro,MW,nem,NSW1
2017-10-28 03:40:00,169.8,hydro,MW,nem,NSW1
2017-10-28 03:45:00,169.4,hydro,MW,nem,NSW1
2017-10-28 03:50:00,168.5,hydro,MW,nem,NSW1
2017-10-28 03:55:00,169.2,hydro,MW,nem,NSW1
2017-10-28 04:00:00,169.9,hydro,MW,nem,NSW1
2017-10-28 04:05:00,169.9,hydro,MW,nem,NSW1
2017-10-28 04:10:00,169.5,hydro,MW,nem,NSW1
2017-10-28 04:15:00,168.4,hydro,MW,nem,NSW1
2017-10-28 04:20:00,169.3,hydro,MW,nem,NSW1
2017-10-28 04:25:00,169.2,hydro,MW,nem,NSW1
2017-10-28 04:30:00,169.4,hydro,MW,nem,NSW1
2017-10-28 04:35:00,170.5,hydro,MW,nem,NSW1
2017-10-28 04:40:00,168.7,hydro,MW,nem,NSW1
2017-10-28 04:45:00,168.9,hydro,MW,nem,NSW1
2017-10-28 04:50:00,169.3,hydro,MW,nem,NSW1
2017-10-28 04:55:00,169.6,hydro,MW,nem,NSW1
2017-10-28 05:00:00,170.7,hydro,MW,nem,NSW1
2017-10-28 05:05:00,170.5,hydro,MW,nem,NSW1
2017-10-28 05:10:00,169.2,hydro,MW,nem,NSW1
2017-10-28 05:15:00,170.2,hydro,MW,nem,NSW1
2017-10-28 05:20:00,168.8,hydro,MW,nem,NSW1
2017-10-28 05:25:00,169.6,hydro,MW,nem,NSW1
2017-10-28 05:30:00,170.2,hydro,MW,nem,NSW1
2017-10-28 05:35:00,168.0,hydro,MW,nem,NSW1
2017-10-28 05:40:00,168.2,hydro,MW,nem,NSW1
2017-10-28 05:45:00,169.1,hydro,MW,nem,NSW1
2017-10-28 05:50:00,169.1,hydro,MW,nem,NSW1
2017-10-28 05:55:00,169.1,hydro,MW,nem,NSW1
2017-10-28 06:00:00,170.0,hydro,MW,nem,NSW1
2017-10-28 06:05:00,169.4,hydro,MW,nem,NSW1
2017-10-28 06:10:00,169.1,hydro,MW,nem,NSW1
2017-10-28 06:15:00,170.1,hydro,MW,nem,NSW1
2017-10-28 06:20:00,167.8,hydro,MW,nem,NSW1
2017-10-28 06:25:00,170.3,hydro,MW,nem,NSW1
2017-10-28 06:30:00,169.5,hydro,MW,nem,NSW1
2017-10-28 06:35:00,170.9,hydro,MW,nem,NSW1
2017-10-28 06:40:00,169.5,hydro,MW,nem,NSW1
2017-10-28 06:45:00,168.2,hydro,MW,nem,NSW1
2017-10-28 06:50:00,169.3,hydro,MW,nem,NSW1
2017-10-28 06:55:00,168.8,hydro,MW,nem,NSW1
2017-10-28 07:00:00,171.7,hydro,MW,nem,NSW1
2017-10-28 07:05:00,168.9,hydro,MW,nem,NSW1
2017-10-28 07:10:00,168.7,hydro,MW,nem,NSW1
2017-10-28 07:15:00,170.0,hydro,MW,nem,NSW1
2017-10-28 07:20:00,168.4,hydro,MW,nem,NSW1
2017-10-28 07:25:00,168.9,hydro,MW,nem,NSW1
2017-10-28 07:30:00,170.8,hydro,MW,nem,NSW1
2017-10-28 07:35:00,168.6,hydro,MW,nem,NSW1
2017-10-28 07:40:00,170.2,hydro,MW,nem,NSW1
2017-10-28 07:45:00,169.2,hydro,MW,nem,NSW1
2017-10-28 07:50:00,168.7,hydro,MW,nem,NSW1
2017-10-28 07:55:00,170.1,hydro,MW,nem,NSW1
2017-10-28 08:00:00,169.2,hydro,MW,nem,NSW1
2017-10-28 08:05:00,169.3,hydro,MW,nem,NSW1
2017-10-28 08:10:00,168.9,hydro,MW,nem,NSW1
2017-10-28 08:15:00,170.3,hydro,MW,nem,NSW1
2017-10-28 08:20:00,169.0,hydro,MW,nem,NSW1
2017-10-28 08:25:00,169.0,hydro,MW,nem,NSW1
2017-10-28 08:30:00,170.1,hydro,MW,nem,NSW1
2017-10-28 08:35:00,168.1,hydro,MW,nem,NSW1
2017-10-28 08:40:00,168.4,hydro,MW,nem,NSW1
2017-10-28 08:45:00,169.9,hydro,MW,nem,NSW1
2017-10-28 08:50:00,170.0,hydro,MW,nem,NSW1
2017-10-28 08:55:00,169.4,hydro,MW,nem,NSW1
2017-10-28 09:00:00,168.9,hydro,MW,nem,NSW1
2017-10-28 09:05:00,169.8,hydro,MW,nem,NSW1
2017-10-28 09:10:00,168.9,hydro,MW,nem,NSW1
2017-10-28 09:15:00,170.8,hydro,MW,nem,NSW1
2017-10-28 09:20:00,170.5,hydro,MW,nem,NSW1
2017-10-28 09:25:00,168.3,hydro,MW,nem,NSW1
2017-10-28 09:30:00,169.8,hydro,MW,nem,NSW1
2017-10-28 09:35:00,169.4,hydro,MW,nem,NSW1
2017-10-28 09:40:00,170.1,hydro,MW,nem,NSW1
2017-10-28 09:45:00,166.8,hydro,MW,nem,NSW1
2017-10-28 09:50:00,167.2,hydro,MW,nem,NSW1
2017-10-28 09:55:00,165.8,hydro,MW,nem,NSW1
2017-10-28 10:00:00,165.3,hydro,MW,nem,NSW1
2017-10-28 10:05:00,166.0,hydro,MW,nem,NSW1
2017-10-28 10:10:00,166.7,hydro,MW,nem,NSW1
2017-10-28 10:15:00,166.4,hydro,MW,nem,NSW1
2017-10-28 10:20:00,165.0,hydro,MW,nem,NSW1
2017-10-28 10:25:00,166.5,hydro,MW,nem,NSW1
2017-10-28 10:30:00,166.6,hydro,MW,nem,NSW1
2017-10-28 10:35:00,167.3,hydro,MW,nem,NSW1
2017-10-28 10:40:00,167.4,hydro,MW,nem,NSW1
2017-10-28 10:45:00,160.6,hydro,MW,nem,NSW1
2017-10-28 10:50:00,161.6,hydro,MW,nem,NSW1
2017-10-28 10:55:00,161.0,hydro,MW,nem,NSW1
2017-10-28 11:00:00,160.4,hydro,MW,nem,NSW1
2017-10-28 11:05:00,161.1,hydro,MW,nem,NSW1
2017-10-28 11:10:00,130.0,hydro,MW,nem,NSW1
2017-10-28 11:15:00,129.7,hydro,MW,nem,NSW1
2017-10-28 11:20:00,130.3,hydro,MW,nem,NSW1
2017-10-28 11:25:00,131.0,hydro,MW,nem,NSW1
2017-10-28 11:30:00,130.2,hydro,MW,nem,NSW1
2017-10-28 11:35:00,131.4,hydro,MW,nem,NSW1
2017-10-28 11:40:00,131.3,hydro,MW,nem,NSW1
2017-10-28 11:45:00,127.9,hydro,MW,nem,NSW1
2017-10-28 11:50:00,128.3,hydro,MW,nem,NSW1
2017-10-28 11:55:00,127.7,hydro,MW,nem,NSW1
2017-10-28 12:00:00,128.3,hydro,MW,nem,NSW1
2017-10-28 12:05:00,127.8,hydro,MW,nem,NSW1
2017-10-28 12:10:00,128.6,hydro,MW,nem,NSW1
2017-10-28 12:15:00,127.8,hydro,MW,nem,NSW1
2017-10-28 12:20:00,127.2,hydro,MW,nem,NSW1
2017-10-28 12:25:00,127.6,hydro,MW,nem,NSW1
2017-10-28 12:30:00,127.6,hydro,MW,nem,NSW1
2017-10-28 12:35:00,127.6,hydro,MW,nem,NSW1
2017-10-28 12:40:00,126.9,hydro,MW,nem,NSW1
2017-10-28 12:45:00,124.9,hydro,MW,nem,NSW1
2017-10-28 12:50:00,124.0,hydro,MW,nem,NSW1
2017-10-28 12:55:00,124.2,hydro,MW,nem,NSW1
2017-10-28 13:00:00,124.0,hydro,MW,nem,NSW1
2017-10-28 13:05:00,124.8,hydro,MW,nem,NSW1
2017-10-28 13:10:00,125.5,hydro,MW,nem,NSW1
2017-10-28 13:15:00,124.7,hydro,MW,nem,NSW1
2017-10-28 13:20:00,124.8,hydro,MW,nem,NSW1
2017-10-28 13:25:00,124.2,hydro,MW,nem,NSW1
2017-10-28 13:30:00,124.9,hydro,MW,nem,NSW1
2017-10-28 13:35:00,125.0,hydro,MW,nem,NSW1
2017-10-28 13:40:00,124.3,hydro,MW,nem,NSW1
2017-10-28 13:45:00,125.2,hydro,MW,nem,NSW1
2017-10-28 13:50:00,124.9,hydro,MW,nem,NSW1
2017-10-28 13:55:00,124.3,hydro,MW,nem,NSW1
2017-10-28 14:00:00,124.8,hydro,MW,nem,NSW1
2017-10-28 14:05:00,124.4,hydro,MW,nem,NSW1
2017-10-28 14:10:00,125.0,hydro,MW,nem,NSW1
2017-10-28 14:15:00,124.2,hydro,MW,nem,NSW1
2017-10-28 14:20:00,124.1,hydro,MW,nem,NSW1
2017-10-28 14:25:00,124.3,hydro,MW,nem,NSW1
2017-10-28 14:30:00,124.2,hydro,MW,nem,NSW1
2017-10-28 14:35:00,124.5,hydro,MW,nem,NSW1
2017-10-28 14:40:00,134.0,hydro,MW,nem,NSW1
2017-10-28 14:45:00,144.0,hydro,MW,nem,NSW1
2017-10-28 14:50:00,151.7,hydro,MW,nem,NSW1
2017-10-28 14:55:00,155.1,hydro,MW,nem,NSW1
2017-10-28 15:00:00,155.4,hydro,MW,nem,NSW1
2017-10-28 15:05:00,156.6,hydro,MW,nem,NSW1
2017-10-28 15:10:00,156.0,hydro,MW,nem,NSW1
2017-10-28 15:15:00,155.7,hydro,MW,nem,NSW1
2017-10-28 15:20:00,155.3,hydro,MW,nem,NSW1
2017-10-28 15:25:00,154.9,hydro,MW,nem,NSW1
2017-10-28 15:30:00,155.8,hydro,MW,nem,NSW1
2017-10-28 15:35:00,156.2,hydro,MW,nem,NSW1
2017-10-28 15:40:00,156.0,hydro,MW,nem,NSW1
2017-10-28 15:45:00,155.2,hydro,MW,nem,NSW1
2017-10-28 15:50:00,156.7,hydro,MW,nem,NSW1
2017-10-28 15:55:00,155.1,hydro,MW,nem,NSW1
2017-10-28 16:00:00,156.1,hydro,MW,nem,NSW1
2017-10-28 16:05:00,155.7,hydro,MW,nem,NSW1
2017-10-28 16:10:00,153.9,hydro,MW,nem,NSW1
2017-10-28 16:15:00,156.2,hydro,MW,nem,NSW1
2017-10-28 16:20:00,153.5,hydro,MW,nem,NSW1
2017-10-28 16:25:00,154.8,hydro,MW,nem,NSW1
2017-10-28 16:30:00,156.0,hydro,MW,nem,NSW1
2017-10-28 16:35:00,156.0,hydro,MW,nem,NSW1
2017-10-28 16:40:00,155.8,hydro,MW,nem,NSW1
2017-10-28 16:45:00,155.8,hydro,MW,nem,NSW1
2017-10-28 16:50:00,157.7,hydro,MW,nem,NSW1
2017-10-28 16:55:00,155.4,hydro,MW,nem,NSW1
2017-10-28 17:00:00,154.7,hydro,MW,nem,NSW1
2017-10-28 17:05:00,154.9,hydro,MW,nem,NSW1
2017-10-28 17:10:00,155.5,hydro,MW,nem,NSW1
2017-10-28 17:15:00,155.5,hydro,MW,nem,NSW1
2017-10-28 17:20:00,154.2,hydro,MW,nem,NSW1
2017-10-28 17:25:00,155.1,hydro,MW,nem,NSW1
2017-10-28 17:30:00,156.2,hydro,MW,nem,NSW1
2017-10-28 17:35:00,156.3,hydro,MW,nem,NSW1
2017-10-28 17:40:00,156.1,hydro,MW,nem,NSW1
2017-10-28 17:45:00,155.7,hydro,MW,nem,NSW1
2017-10-28 17:50:00,159.6,hydro,MW,nem,NSW1
2017-10-28 17:55:00,160.8,hydro,MW,nem,NSW1
2017-10-28 18:00:00,160.8,hydro,MW,nem,NSW1
2017-10-28 18:05:00,160.7,hydro,MW,nem,NSW1
2017-10-28 18:10:00,159.2,hydro,MW,nem,NSW1
2017-10-28 18:15:00,160.8,hydro,MW,nem,NSW1
2017-10-28 18:20:00,161.2,hydro,MW,nem,NSW1
2017-10-28 18:25:00,159.7,hydro,MW,nem,NSW1
2017-10-28 18:30:00,160.5,hydro,MW,nem,NSW1
2017-10-28 18:35:00,160.6,hydro,MW,nem,NSW1
2017-10-28 18:40:00,161.4,hydro,MW,nem,NSW1
2017-10-28 18:45:00,159.9,hydro,MW,nem,NSW1
2017-10-28 18:50:00,159.9,hydro,MW,nem,NSW1
2017-10-28 18:55:00,160.2,hydro,MW,nem,NSW1
2017-10-28 19:00:00,161.2,hydro,MW,nem,NSW1
2017-10-28 19:05:00,160.7,hydro,MW,nem,NSW1
2017-10-28 19:10:00,160.6,hydro,MW,nem,NSW1
2017-10-28 19:15:00,161.0,hydro,MW,nem,NSW1
2017-10-28 19:20:00,160.9,hydro,MW,nem,NSW1
2017-10-28 19:25:00,160.5,hydro,MW,nem,NSW1
2017-10-28 19:30:00,160.5,hydro,MW,nem,NSW1
2017-10-28 19:35:00,161.3,hydro,MW,nem,NSW1
2017-10-28 19:40:00,160.2,hydro,MW,nem,NSW1
2017-10-28 19:45:00,159.9,hydro,MW,nem,NSW1
2017-10-28 19:50:00,159.4,hydro,MW,nem,NSW1
2017-10-28 19:55:00,160.7,hydro,MW,nem,NSW1
2017-10-28 20:00:00,160.3,hydro,MW,nem,NSW1
2017-10-28 20:05:00,160.6,hydro,MW,nem,NSW1
2017-10-28 20:10:00,160.4,hydro,MW,nem,NSW1
2017-10-28 20:15:00,159.7,hydro,MW,nem,NSW1
2017-10-28 20:20:00,159.5,hydro,MW,nem,NSW1
2017-10-28 20:25:00,160.2,hydro,MW,nem,NSW1
2017-10-28 20:30:00,160.0,hydro,MW,nem,NSW1
2017-10-28 20:35:00,161.0,hydro,MW,nem,NSW1
2017-10-28 20:40:00,159.2,hydro,MW,nem,NSW1
2017-10-28 20:45:00,160.7,hydro,MW,nem,NSW1
2017-10-28 20:50:00,160.3,hydro,MW,nem,NSW1
2017-10-28 20:55:00,161.2,hydro,MW,nem,NSW1
2017-10-28 21:00:00,161.2,hydro,MW,nem,NSW1
2017-10-28 21:05:00,160.6,hydro,MW,nem,NSW1
2017-10-28 21:10:00,160.8,hydro,MW,nem,NSW1
2017-10-28 21:15:00,160.9,hydro,MW,nem,NSW1
2017-10-28 21:20:00,160.2,hydro,MW,nem,NSW1
2017-10-28 21:25:00,160.7,hydro,MW,nem,NSW1
2017-10-28 21:30:00,160.7,hydro,MW,nem,NSW1
2017-10-28 21:35:00,160.4,hydro,MW,nem,NSW1
2017-10-28 21:40:00,160.8,hydro,MW,nem,NSW1
2017-10-28 21:45:00,159.8,hydro,MW,nem,NSW1
2017-10-28 21:50:00,160.5,hydro,MW,nem,NSW1
2017-10-28 21:55:00,161.0,hydro,MW,nem,NSW1
2017-10-28 22:00:00,160.6,hydro,MW,nem,NSW1
2017-10-28 22:05:00,160.3,hydro,MW,nem,NSW1
2017-10-28 22:10:00,160.5,hydro,MW,nem,NSW1
2017-10-28 22:15:00,161.0,hydro,MW,nem,NSW1
2017-10-28 22:20:00,160.2,hydro,MW,nem,NSW1
2017-10-28 22:25:00,160.6,hydro,MW,nem,NSW1
2017-10-28 22:30:00,160.4,hydro,MW,nem,NSW1
2017-10-28 22:35:00,161.0,hydro,MW,nem,NSW1
2017-10-28 22:40:00,160.3,hydro,MW,nem,NSW1
2017-10-28 22:45:00,159.9,hydro,MW,nem,NSW1
2017-10-28 22:50:00,159.5,hydro,MW,nem,NSW1
2017-10-28 22:55:00,160.6,hydro,MW,nem,NSW1
2017-10-28 23:00:00,160.3,hydro,MW,nem,NSW1
2017-10-28 23:05:00,158.9,hydro,MW,nem,NSW1
2017-10-28 23:10:00,161.5,hydro,MW,nem,NSW1
2017-10-28 23:15:00,159.6,hydro,MW,nem,NSW1
2017-10-28 23:20:00,159.9,hydro,MW,nem,NSW1
2017-10-28 23:25:00,160.5,hydro,MW,nem,NSW1
2017-10-28 23:30:00,159.9,hydro,MW,nem,NSW1
2017-10-28 23:35:00,160.9,hydro,MW,nem,NSW1
2017-10-28 23:40:00,160.4,hydro,MW,nem,NSW1
2017-10-28 23:45:00,161.1,hydro,MW,nem,NSW1
2017-10-28 23:50:00,159.5,hydro,MW,nem,NSW1
2017-10-28 23:55:00,161.0,hydro,MW,nem,NSW1
2017-10-29 00:00:00,160.5,hydro,MW,nem,NSW1
2017-10-29 00:05:00,161.1,hydro,MW,nem,NSW1
2017-10-29 00:10:00,161.0,hydro,MW,nem,NSW1
2017-10-29 00:15:00,161.6,hydro,MW,nem,NSW1
2017-10-29 00:20:00,160.2,hydro,MW,nem,NSW1
2017-10-29 00:25:00,160.3,hydro,MW,nem,NSW1
2017-10-29 00:30:00,160.3,hydro,MW,nem,NSW1
2017-10-29 00:35:00,160.0,hydro,MW,nem,NSW1
2017-10-29 00:40:00,161.3,hydro,MW,nem,NSW1
2017-10-29 00:45:00,160.5,hydro,MW,nem,NSW1
2017-10-29 00:50:00,160.0,hydro,MW,nem,NSW1
2017-10-29 00:55:00,160.2,hydro,MW,nem,NSW1
2017-10-29 01:00:00,160.8,hydro,MW,nem,NSW1
2017-10-29 01:05:00,160.1,hydro,MW,nem,NSW1
2017-10-29 01:10:00,160.8,hydro,MW,nem,NSW1
2017-10-29 01:15:00,160.8,hydro,MW,nem,NSW1
2017-10-29 01:20:00,160.6,hydro,MW,nem,NSW1
2017-10-29 01:25:00,161.0,hydro,MW,nem,NSW1
2017-10-29 01:30:00,161.3,hydro,MW,nem,NSW1
2017-10-29 01:35:00,160.8,hydro,MW,nem,NSW1
2017-10-29 01:40:00,160.5,hydro,MW,nem,NSW1
2017-10-29 01:45:00,160.3,hydro,MW,nem,NSW1
2017-10-29 01:50:00,160.9,hydro,MW,nem,NSW1
2017-10-29 01:55:00,160.4,hydro,MW,nem,NSW1
2017-10-29 02:00:00,160.8,hydro,MW,nem,NSW1
2017-10-29 02:05:00,160.6,hydro,MW,nem,NSW1
2017-10-29 02:10:00,160.9,hydro,MW,nem,NSW1
2017-10-29 02:15:00,160.4,hydro,MW,nem,NSW1
2017-10-29 02:20:00,160.6,hydro,MW,nem,NSW1
2017-10-29 02:25:00,160.5,hydro,MW,nem,NSW1
2017-10-29 02:30:00,161.3,hydro,MW,nem,NSW1
2017-10-29 02:35:00,160.5,hydro,MW,nem,NSW1
2017-10-29 02:40:00,161.2,hydro,MW,nem,NSW1
2017-10-29 02:45:00,160.7,hydro,MW,nem,NSW1
2017-10-29 02:50:00,161.1,hydro,MW,nem,NSW1
2017-10-29 02:55:00,159.9,hydro,MW,nem,NSW1
2017-10-29 03:00:00,160.3,hydro,MW,nem,NSW1
2017-10-29 03:05:00,160.9,hydro,MW,nem,NSW1
2017-10-29 03:10:00,160.9,hydro,MW,nem,NSW1
2017-10-29 03:15:00,160.7,hydro,MW,nem,NSW1
2017-10-29 03:20:00,160.1,hydro,MW,nem,NSW1
2017-10-29 03:25:00,159.2,hydro,MW,nem,NSW1
2017-10-29 03:30:00,160.6,hydro,MW,nem,NSW1
2017-10-29 03:35:00,160.1,hydro,MW,nem,NSW1
2017-10-29 03:40:00,161.0,hydro,MW,nem,NSW1
2017-10-29 03:45:00,160.7,hydro,MW,nem,NSW1
2017-10-29 03:50:00,160.7,hydro,MW,nem,NSW1
2017-10-29 03:55:00,159.6,hydro,MW,nem,NSW1
2017-10-29 04:00:00,160.4,hydro,MW,nem,NSW1
2017-10-29 04:05:00,160.5,hydro,MW,nem,NSW1
2017-10-29 04:10:00,160.3,hydro,MW,nem,NSW1
2017-10-29 04:15:00,160.8,hydro,MW,nem,NSW1
2017-10-29 04:20:00,159.9,hydro,MW,nem,NSW1
2017-10-29 04:25:00,160.8,hydro,MW,nem,NSW1
2017-10-29 04:30:00,160.6,hydro,MW,nem,NSW1
2017-10-29 04:35:00,160.7,hydro,MW,nem,NSW1
2017-10-29 04:40:00,159.5,hydro,MW,nem,NSW1
2017-10-29 04:45:00,160.2,hydro,MW,nem,NSW1
2017-10-29 04:50:00,160.1,hydro,MW,nem,NSW1
2017-10-29 04:55:00,160.5,hydro,MW,nem,NSW1
2017-10-29 05:00:00,160.8,hydro,MW,nem,NSW1
2017-10-29 05:05:00,160.0,hydro,MW,nem,NSW1
2017-10-29 05:10:00,160.9,hydro,MW,nem,NSW1
2017-10-29 05:15:00,159.5,hydro,MW,nem,NSW1
2017-10-29 05:20:00,160.3,hydro,MW,nem,NSW1
2017-10-29 05:25:00,159.9,hydro,MW,nem,NSW1
2017-10-29 05:30:00,160.7,hydro,MW,nem,NSW1
2017-10-29 05:35:00,160.7,hydro,MW,nem,NSW1
2017-10-29 05:40:00,160.6,hydro,MW,nem,NSW1
2017-10-29 05:45:00,160.7,hydro,MW,nem,NSW1
2017-10-29 05:50:00,160.9,hydro,MW,nem,NSW1
2017-10-29 05:55:00,160.0,hydro,MW,nem,NSW1
2017-10-29 06:00:00,160.4,hydro,MW,nem,NSW1
2017-10-29 06:05:00,159.6,hydro,MW,nem,NSW1
2017-10-29 06:10:00,154.9,hydro,MW,nem,NSW1
2017-10-29 06:15:00,155.1,hydro,MW,nem,NSW1
2017-10-29 06:20:00,155.0,hydro,MW,nem,NSW1
2017-10-29 06:25:00,155.3,hydro,MW,nem,NSW1
2017-10-29 06:30:00,157.1,hydro,MW,nem,NSW1
2017-10-29 06:35:00,155.6,hydro,MW,nem,NSW1
2017-10-29 06:40:00,155.1,hydro,MW,nem,NSW1
2017-10-29 06:45:00,155.3,hydro,MW,nem,NSW1
2017-10-29 06:50:00,155.4,hydro,MW,nem,NSW1
2017-10-29 06:55:00,155.2,hydro,MW,nem,NSW1
2017-10-29 07:00:00,153.6,hydro,MW,nem,NSW1
2017-10-29 07:05:00,155.9,hydro,MW,nem,NSW1
2017-10-29 07:10:00,155.7,hydro,MW,nem,NSW1
2017-10-29 07:15:00,153.7,hydro,MW,nem,NSW1
2017-10-29 07:20:00,154.2,hydro,MW,nem,NSW1
2017-10-29 07:25:00,154.6,hydro,MW,nem,NSW1
2017-10-29 07:30:00,155.3,hydro,MW,nem,NSW1
2017-10-29 07:35:00,155.4,hydro,MW,nem,NSW1
2017-10-29 07:40:00,154.6,hydro,MW,nem,NSW1
2017-10-29 07:45:00,155.0,hydro,MW,nem,NSW1
2017-10-29 07:50:00,154.8,hydro,MW,nem,NSW1
2017-10-29 07:55:00,156.2,hydro,MW,nem,NSW1
2017-10-29 08:00:00,155.9,hydro,MW,nem,NSW1
2017-10-29 08:05:00,155.1,hydro,MW,nem,NSW1
2017-10-29 08:10:00,155.4,hydro,MW,nem,NSW1
2017-10-29 08:15:00,154.9,hydro,MW,nem,NSW1
2017-10-29 08:20:00,154.6,hydro,MW,nem,NSW1
2017-10-29 08:25:00,155.4,hydro,MW,nem,NSW1
2017-10-29 08:30:00,156.1,hydro,MW,nem,NSW1
2017-10-29 08:35:00,155.7,hydro,MW,nem,NSW1
2017-10-29 08:40:00,158.8,hydro,MW,nem,NSW1
2017-10-29 08:45:00,160.7,hydro,MW,nem,NSW1
2017-10-29 08:50:00,159.7,hydro,MW,nem,NSW1
2017-10-29 08:55:00,160.0,hydro,MW,nem,NSW1
2017-10-29 09:00:00,159.0,hydro,MW,nem,NSW1
2017-10-29 09:05:00,159.5,hydro,MW,nem,NSW1
2017-10-29 09:10:00,160.2,hydro,MW,nem,NSW1
2017-10-29 09:15:00,160.3,hydro,MW,nem,NSW1
2017-10-29 09:20:00,160.2,hydro,MW,nem,NSW1
2017-10-29 09:25:00,160.2,hydro,MW,nem,NSW1
2017-10-29 09:30:00,160.5,hydro,MW,nem,NSW1
2017-10-29 09:35:00,160.6,hydro,MW,nem,NSW1
2017-10-29 09:40:00,160.3,hydro,MW,nem,NSW1
2017-10-29 09:45:00,159.9,hydro,MW,nem,NSW1
2017-10-29 09:50:00,158.0,hydro,MW,nem,NSW1
2017-10-29 09:55:00,156.7,hydro,MW,nem,NSW1
2017-10-29 10:00:00,155.8,hydro,MW,nem,NSW1
2017-10-29 10:05:00,156.5,hydro,MW,nem,NSW1
2017-10-29 10:10:00,156.5,hydro,MW,nem,NSW1
2017-10-29 10:15:00,155.9,hydro,MW,nem,NSW1
2017-10-29 10:20:00,157.0,hydro,MW,nem,NSW1
2017-10-29 10:25:00,155.8,hydro,MW,nem,NSW1
2017-10-29 10:30:00,154.7,hydro,MW,nem,NSW1
2017-10-29 10:35:00,156.0,hydro,MW,nem,NSW1
2017-10-29 10:40:00,156.5,hydro,MW,nem,NSW1
2017-10-29 10:45:00,156.0,hydro,MW,nem,NSW1
2017-10-29 10:50:00,155.7,hydro,MW,nem,NSW1
2017-10-29 10:55:00,156.3,hydro,MW,nem,NSW1
2017-10-29 11:00:00,155.3,hydro,MW,nem,NSW1
2017-10-29 11:05:00,156.8,hydro,MW,nem,NSW1
2017-10-29 11:10:00,155.8,hydro,MW,nem,NSW1
2017-10-29 11:15:00,156.3,hydro,MW,nem,NSW1
2017-10-29 11:20:00,156.8,hydro,MW,nem,NSW1
2017-10-29 11:25:00,155.4,hydro,MW,nem,NSW1
2017-10-29 11:30:00,156.3,hydro,MW,nem,NSW1
2017-10-29 11:35:00,156.9,hydro,MW,nem,NSW1
2017-10-29 11:40:00,156.8,hydro,MW,nem,NSW1
2017-10-29 11:45:00,155.7,hydro,MW,nem,NSW1
2017-10-29 11:50:00,155.9,hydro,MW,nem,NSW1
2017-10-29 11:55:00,156.0,hydro,MW,nem,NSW1
2017-10-29 12:00:00,155.7,hydro,MW,nem,NSW1
2017-10-29 12:05:00,156.4,hydro,MW,nem,NSW1
2017-10-29 12:10:00,155.8,hydro,MW,nem,NSW1
2017-10-29 12:15:00,155.3,hydro,MW,nem,NSW1
2017-10-29 12:20:00,155.7,hydro,MW,nem,NSW1
2017-10-29 12:25:00,156.1,hydro,MW,nem,NSW1
2017-10-29 12:30:00,155.9,hydro,MW,nem,NSW1
2017-10-29 12:35:00,156.4,hydro,MW,nem,NSW1
2017-10-29 12:40:00,156.6,hydro,MW,nem,NSW1
2017-10-29 12:45:00,156.8,hydro,MW,nem,NSW1
2017-10-29 12:50:00,155.5,hydro,MW,nem,NSW1
2017-10-29 12:55:00,156.2,hydro,MW,nem,NSW1
2017-10-29 13:00:00,156.3,hydro,MW,nem,NSW1
2017-10-29 13:05:00,155.7,hydro,MW,nem,NSW1
2017-10-29 13:10:00,155.8,hydro,MW,nem,NSW1
2017-10-29 13:15:00,155.3,hydro,MW,nem,NSW1
2017-10-29 13:20:00,156.1,hydro,MW,nem,NSW1
2017-10-29 13:25:00,155.8,hydro,MW,nem,NSW1
2017-10-29 13:30:00,155.5,hydro,MW,nem,NSW1
2017-10-29 13:35:00,154.7,hydro,MW,nem,NSW1
2017-10-29 13:40:00,156.7,hydro,MW,nem,NSW1
2017-10-29 13:45:00,156.4,hydro,MW,nem,NSW1
2017-10-29 13:50:00,155.5,hydro,MW,nem,NSW1
2017-10-29 13:55:00,156.2,hydro,MW,nem,NSW1
2017-10-29 14:00:00,156.3,hydro,MW,nem,NSW1
2017-10-29 14:05:00,156.1,hydro,MW,nem,NSW1
2017-10-29 14:10:00,156.0,hydro,MW,nem,NSW1
2017-10-29 14:15:00,155.4,hydro,MW,nem,NSW1
2017-10-29 14:20:00,155.4,hydro,MW,nem,NSW1
2017-10-29 14:25:00,156.2,hydro,MW,nem,NSW1
2017-10-29 14:30:00,156.7,hydro,MW,nem,NSW1
2017-10-29 14:35:00,155.7,hydro,MW,nem,NSW1
2017-10-29 14:40:00,156.1,hydro,MW,nem,NSW1
2017-10-29 14:45:00,156.2,hydro,MW,nem,NSW1
2017-10-29 14:50:00,156.1,hydro,MW,nem,NSW1
2017-10-29 14:55:00,156.2,hydro,MW,nem,NSW1
2017-10-29 15:00:00,156.0,hydro,MW,nem,NSW1
2017-10-29 15:05:00,156.5,hydro,MW,nem,NSW1
2017-10-29 15:10:00,156.5,hydro,MW,nem,NSW1
2017-10-29 15:15:00,157.0,hydro,MW,nem,NSW1
2017-10-29 15:20:00,156.1,hydro,MW,nem,NSW1
2017-10-29 15:25:00,155.7,hydro,MW,nem,NSW1
2017-10-29 15:30:00,155.4,hydro,MW,nem,NSW1
2017-10-29 15:35:00,156.1,hydro,MW,nem,NSW1
2017-10-29 15:40:00,156.1,hydro,MW,nem,NSW1
2017-10-29 15:45:00,155.6,hydro,MW,nem,NSW1
2017-10-29 15:50:00,155.7,hydro,MW,nem,NSW1
2017-10-29 15:55:00,154.6,hydro,MW,nem,NSW1
2017-10-29 16:00:00,155.1,hydro,MW,nem,NSW1
2017-10-29 16:05:00,160.2,hydro,MW,nem,NSW1
2017-10-29 16:10:00,156.7,hydro,MW,nem,NSW1
2017-10-29 16:15:00,156.7,hydro,MW,nem,NSW1
2017-10-29 16:20:00,207.2,hydro,MW,nem,NSW1
2017-10-29 16:25:00,190.4,hydro,MW,nem,NSW1
2017-10-29 16:30:00,245.5,hydro,MW,nem,NSW1
2017-10-29 16:35:00,281.5,hydro,MW,nem,NSW1
2017-10-29 16:40:00,303.7,hydro,MW,nem,NSW1
2017-10-29 16:45:00,306.0,hydro,MW,nem,NSW1
2017-10-29 16:50:00,287.5,hydro,MW,nem,NSW1
2017-10-29 16:55:00,296.6,hydro,MW,nem,NSW1
2017-10-29 17:00:00,303.3,hydro,MW,nem,NSW1
2017-10-29 17:05:00,414.2,hydro,MW,nem,NSW1
2017-10-29 17:10:00,416.3,hydro,MW,nem,NSW1
2017-10-29 17:15:00,432.7,hydro,MW,nem,NSW1
2017-10-29 17:20:00,425.1,hydro,MW,nem,NSW1
2017-10-29 17:25:00,413.3,hydro,MW,nem,NSW1
2017-10-29 17:30:00,389.5,hydro,MW,nem,NSW1
2017-10-29 17:35:00,398.8,hydro,MW,nem,NSW1
2017-10-29 17:40:00,304.6,hydro,MW,nem,NSW1
2017-10-29 17:45:00,275.5,hydro,MW,nem,NSW1
2017-10-29 17:50:00,337.3,hydro,MW,nem,NSW1
2017-10-29 17:55:00,357.1,hydro,MW,nem,NSW1
2017-10-29 18:00:00,344.1,hydro,MW,nem,NSW1
2017-10-29 18:05:00,278.2,hydro,MW,nem,NSW1
2017-10-29 18:10:00,319.1,hydro,MW,nem,NSW1
2017-10-29 18:15:00,341.3,hydro,MW,nem,NSW1
2017-10-29 18:20:00,365.7,hydro,MW,nem,NSW1
2017-10-29 18:25:00,354.8,hydro,MW,nem,NSW1
2017-10-29 18:30:00,369.5,hydro,MW,nem,NSW1
2017-10-29 18:35:00,353.0,hydro,MW,nem,NSW1
2017-10-29 18:40:00,389.1,hydro,MW,nem,NSW1
2017-10-29 18:45:00,422.3,hydro,MW,nem,NSW1
2017-10-29 18:50:00,410.6,hydro,MW,nem,NSW1
2017-10-29 18:55:00,408.5,hydro,MW,nem,NSW1
2017-10-29 19:00:00,410.8,hydro,MW,nem,NSW1
2017-10-29 19:05:00,409.0,hydro,MW,nem,NSW1
2017-10-29 19:10:00,339.9,hydro,MW,nem,NSW1
2017-10-29 19:15:00,291.7,hydro,MW,nem,NSW1
2017-10-29 19:20:00,295.1,hydro,MW,nem,NSW1
2017-10-29 19:25:00,265.6,hydro,MW,nem,NSW1
2017-10-29 19:30:00,174.4,hydro,MW,nem,NSW1
2017-10-29 19:35:00,156.1,hydro,MW,nem,NSW1
2017-10-29 19:40:00,155.2,hydro,MW,nem,NSW1
2017-10-29 19:45:00,156.4,hydro,MW,nem,NSW1
2017-10-29 19:50:00,156.0,hydro,MW,nem,NSW1
2017-10-29 19:55:00,155.8,hydro,MW,nem,NSW1
2017-10-29 20:00:00,156.7,hydro,MW,nem,NSW1
2017-10-29 20:05:00,155.2,hydro,MW,nem,NSW1
2017-10-29 20:10:00,156.8,hydro,MW,nem,NSW1
2017-10-29 20:15:00,155.4,hydro,MW,nem,NSW1
2017-10-29 20:20:00,155.7,hydro,MW,nem,NSW1
2017-10-29 20:25:00,155.7,hydro,MW,nem,NSW1
2017-10-29 20:30:00,156.1,hydro,MW,nem,NSW1
2017-10-29 20:35:00,156.4,hydro,MW,nem,NSW1
2017-10-29 20:40:00,156.2,hydro,MW,nem,NSW1
2017-10-29 20:45:00,156.5,hydro,MW,nem,NSW1
2017-10-29 20:50:00,156.2,hydro,MW,nem,NSW1
2017-10-29 20:55:00,156.4,hydro,MW,nem,NSW1
2017-10-29 21:00:00,155.6,hydro,MW,nem,NSW1
2017-10-29 21:05:00,154.9,hydro,MW,nem,NSW1
2017-10-29 21:10:00,156.5,hydro,MW,nem,NSW1
2017-10-29 21:15:00,155.6,hydro,MW,nem,NSW1
2017-10-29 21:20:00,156.3,hydro,MW,nem,NSW1
2017-10-29 21:25:00,155.9,hydro,MW,nem,NSW1
2017-10-29 21:30:00,156.7,hydro,MW,nem,NSW1
2017-10-29 21:35:00,155.4,hydro,MW,nem,NSW1
2017-10-29 21:40:00,155.6,hydro,MW,nem,NSW1
2017-10-29 21:45:00,157.2,hydro,MW,nem,NSW1
2017-10-29 21:50:00,155.8,hydro,MW,nem,NSW1
2017-10-29 21:55:00,155.0,hydro,MW,nem,NSW1
2017-10-29 22:00:00,156.5,hydro,MW,nem,NSW1
2017-10-29 22:05:00,156.6,hydro,MW,nem,NSW1
2017-10-29 22:10:00,156.1,hydro,MW,nem,NSW1
2017-10-29 22:15:00,155.2,hydro,MW,nem,NSW1
2017-10-29 22:20:00,156.4,hydro,MW,nem,NSW1
2017-10-29 22:25:00,154.7,hydro,MW,nem,NSW1
2017-10-29 22:30:00,157.1,hydro,MW,nem,NSW1
2017-10-29 22:35:00,156.4,hydro,MW,nem,NSW1
2017-10-29 22:40:00,155.0,hydro,MW,nem,NSW1
2017-10-29 22:45:00,155.7,hydro,MW,nem,NSW1
2017-10-29 22:50:00,155.2,hydro,MW,nem,NSW1
2017-10-29 22:55:00,157.0,hydro,MW,nem,NSW1
2017-10-29 23:00:00,156.2,hydro,MW,nem,NSW1
2017-10-29 23:05:00,156.0,hydro,MW,nem,NSW1
2017-10-29 23:10:00,156.6,hydro,MW,nem,NSW1
2017-10-29 23:15:00,155.6,hydro,MW,nem,NSW1
2017-10-29 23:20:00,155.0,hydro,MW,nem,NSW1
2017-10-29 23:25:00,155.9,hydro,MW,nem,NSW1
2017-10-29 23:30:00,155.5,hydro,MW,nem,NSW1
2017-10-29 23:35:00,155.7,hydro,MW,nem,NSW1
2017-10-29 23:40:00,156.3,hydro,MW,nem,NSW1
2017-10-29 23:45:00,155.8,hydro,MW,nem,NSW1
2017-10-29 23:50:00,155.0,hydro,MW,nem,NSW1
2017-10-29 23:55:00,156.2,hydro,MW,nem,NSW1
2017-10-30 00:00:00,155.5,hydro,MW,nem,NSW1
2017-10-30 00:05:00,155.7,hydro,MW,nem,NSW1
2017-10-30 00:10:00,156.4,hydro,MW,nem,NSW1
2017-10-30 00:15:00,155.7,hydro,MW,nem,NSW1
2017-10-30 00:20:00,156.3,hydro,MW,nem,NSW1
2017-10-30 00:25:00,156.5,hydro,MW,nem,NSW1
2017-10-30 00:30:00,156.4,hydro,MW,nem,NSW1
2017-10-30 00:35:00,156.3,hydro,MW,nem,NSW1
2017-10-30 00:40:00,155.7,hydro,MW,nem,NSW1
2017-10-30 00:45:00,156.0,hydro,MW,nem,NSW1
2017-10-30 00:50:00,156.1,hydro,MW,nem,NSW1
2017-10-30 00:55:00,156.0,hydro,MW,nem,NSW1
2017-10-30 01:00:00,156.5,hydro,MW,nem,NSW1
2017-10-30 01:05:00,156.5,hydro,MW,nem,NSW1
2017-10-30 01:10:00,155.6,hydro,MW,nem,NSW1
2017-10-30 01:15:00,156.4,hydro,MW,nem,NSW1
2017-10-30 01:20:00,156.3,hydro,MW,nem,NSW1
2017-10-30 01:25:00,156.3,hydro,MW,nem,NSW1
2017-10-30 01:30:00,156.1,hydro,MW,nem,NSW1
2017-10-30 01:35:00,156.3,hydro,MW,nem,NSW1
2017-10-30 01:40:00,156.5,hydro,MW,nem,NSW1
2017-10-30 01:45:00,156.0,hydro,MW,nem,NSW1
2017-10-30 01:50:00,156.6,hydro,MW,nem,NSW1
2017-10-30 01:55:00,156.2,hydro,MW,nem,NSW1
2017-10-30 02:00:00,155.2,hydro,MW,nem,NSW1
2017-10-30 02:05:00,156.8,hydro,MW,nem,NSW1
2017-10-30 02:10:00,156.5,hydro,MW,nem,NSW1
2017-10-30 02:15:00,156.0,hydro,MW,nem,NSW1
2017-10-30 02:20:00,155.7,hydro,MW,nem,NSW1
2017-10-30 02:25:00,155.6,hydro,MW,nem,NSW1
2017-10-30 02:30:00,155.4,hydro,MW,nem,NSW1
2017-10-30 02:35:00,156.5,hydro,MW,nem,NSW1
2017-10-30 02:40:00,155.5,hydro,MW,nem,NSW1
2017-10-30 02:45:00,156.0,hydro,MW,nem,NSW1
2017-10-30 02:50:00,156.2,hydro,MW,nem,NSW1
2017-10-30 02:55:00,155.7,hydro,MW,nem,NSW1
2017-10-30 03:00:00,155.9,hydro,MW,nem,NSW1
2017-10-30 03:05:00,155.9,hydro,MW,nem,NSW1
2017-10-30 03:10:00,156.1,hydro,MW,nem,NSW1
2017-10-30 03:15:00,155.6,hydro,MW,nem,NSW1
2017-10-30 03:20:00,155.8,hydro,MW,nem,NSW1
2017-10-30 03:25:00,155.5,hydro,MW,nem,NSW1
2017-10-30 03:30:00,156.3,hydro,MW,nem,NSW1
2017-10-30 03:35:00,156.4,hydro,MW,nem,NSW1
2017-10-30 03:40:00,155.1,hydro,MW,nem,NSW1
2017-10-30 03:45:00,156.6,hydro,MW,nem,NSW1
2017-10-30 03:50:00,156.2,hydro,MW,nem,NSW1
2017-10-30 03:55:00,156.3,hydro,MW,nem,NSW1
2017-10-30 04:00:00,156.6,hydro,MW,nem,NSW1
2017-10-30 04:05:00,156.5,hydro,MW,nem,NSW1
2017-10-30 04:10:00,156.1,hydro,MW,nem,NSW1
2017-10-30 04:15:00,156.1,hydro,MW,nem,NSW1
2017-10-30 04:20:00,154.9,hydro,MW,nem,NSW1
2017-10-30 04:25:00,155.5,hydro,MW,nem,NSW1
2017-10-30 04:30:00,156.0,hydro,MW,nem,NSW1
2017-10-30 04:35:00,156.8,hydro,MW,nem,NSW1
2017-10-30 04:40:00,156.6,hydro,MW,nem,NSW1
2017-10-30 04:45:00,156.0,hydro,MW,nem,NSW1
2017-10-30 04:50:00,155.7,hydro,MW,nem,NSW1
2017-10-30 04:55:00,156.1,hydro,MW,nem,NSW1
2017-10-30 05:00:00,155.2,hydro,MW,nem,NSW1
2017-10-30 05:05:00,156.4,hydro,MW,nem,NSW1
2017-10-30 05:10:00,156.5,hydro,MW,nem,NSW1
2017-10-30 05:15:00,155.1,hydro,MW,nem,NSW1
2017-10-30 05:20:00,156.0,hydro,MW,nem,NSW1
2017-10-30 05:25:00,155.5,hydro,MW,nem,NSW1
2017-10-30 05:30:00,155.6,hydro,MW,nem,NSW1
2017-10-30 05:35:00,156.0,hydro,MW,nem,NSW1
2017-10-30 05:40:00,155.5,hydro,MW,nem,NSW1
2017-10-30 05:45:00,156.7,hydro,MW,nem,NSW1
2017-10-30 05:50:00,156.2,hydro,MW,nem,NSW1
2017-10-30 05:55:00,155.4,hydro,MW,nem,NSW1
2017-10-30 06:00:00,156.2,hydro,MW,nem,NSW1
2017-10-30 06:05:00,155.2,hydro,MW,nem,NSW1
2017-10-30 06:10:00,156.8,hydro,MW,nem,NSW1
2017-10-30 06:15:00,155.8,hydro,MW,nem,NSW1
2017-10-30 06:20:00,155.7,hydro,MW,nem,NSW1
2017-10-30 06:25:00,155.4,hydro,MW,nem,NSW1
2017-10-30 06:30:00,156.2,hydro,MW,nem,NSW1
2017-10-30 06:35:00,156.5,hydro,MW,nem,NSW1
2017-10-30 06:40:00,155.2,hydro,MW,nem,NSW1
2017-10-30 06:45:00,157.1,hydro,MW,nem,NSW1
2017-10-30 06:50:00,155.9,hydro,MW,nem,NSW1
2017-10-30 06:55:00,156.0,hydro,MW,nem,NSW1
2017-10-30 07:00:00,155.4,hydro,MW,nem,NSW1
2017-10-30 07:05:00,156.2,hydro,MW,nem,NSW1
2017-10-30 07:10:00,155.7,hydro,MW,nem,NSW1
2017-10-30 07:15:00,156.4,hydro,MW,nem,NSW1
2017-10-30 07:20:00,156.1,hydro,MW,nem,NSW1
2017-10-30 07:25:00,155.6,hydro,MW,nem,NSW1
2017-10-30 07:30:00,156.1,hydro,MW,nem,NSW1
2017-10-30 07:35:00,155.9,hydro,MW,nem,NSW1
2017-10-30 07:40:00,156.3,hydro,MW,nem,NSW1
2017-10-30 07:45:00,156.1,hydro,MW,nem,NSW1
2017-10-30 07:50:00,156.4,hydro,MW,nem,NSW1
2017-10-30 07:55:00,156.3,hydro,MW,nem,NSW1
2017-10-30 08:00:00,156.5,hydro,MW,nem,NSW1
2017-10-30 08:05:00,155.9,hydro,MW,nem,NSW1
2017-10-30 08:10:00,155.6,hydro,MW,nem,NSW1
2017-10-30 08:15:00,156.4,hydro,MW,nem,NSW1
2017-10-30 08:20:00,155.7,hydro,MW,nem,NSW1
2017-10-30 08:25:00,157.0,hydro,MW,nem,NSW1
2017-10-30 08:30:00,155.7,hydro,MW,nem,NSW1
2017-10-30 08:35:00,156.3,hydro,MW,nem,NSW1
2017-10-30 08:40:00,156.2,hydro,MW,nem,NSW1
2017-10-30 08:45:00,155.4,hydro,MW,nem,NSW1
2017-10-30 08:50:00,155.6,hydro,MW,nem,NSW1
2017-10-30 08:55:00,154.9,hydro,MW,nem,NSW1
2017-10-30 09:00:00,156.1,hydro,MW,nem,NSW1
2017-10-30 09:05:00,156.6,hydro,MW,nem,NSW1
2017-10-30 09:10:00,151.9,hydro,MW,nem,NSW1
2017-10-30 09:15:00,150.4,hydro,MW,nem,NSW1
2017-10-30 09:20:00,150.5,hydro,MW,nem,NSW1
2017-10-30 09:25:00,150.5,hydro,MW,nem,NSW1
2017-10-30 09:30:00,150.6,hydro,MW,nem,NSW1
2017-10-30 09:35:00,150.4,hydro,MW,nem,NSW1
2017-10-30 09:40:00,151.1,hydro,MW,nem,NSW1
2017-10-30 09:45:00,151.2,hydro,MW,nem,NSW1
2017-10-30 09:50:00,151.7,hydro,MW,nem,NSW1
2017-10-30 09:55:00,150.0,hydro,MW,nem,NSW1
2017-10-30 10:00:00,150.7,hydro,MW,nem,NSW1
2017-10-30 10:05:00,151.3,hydro,MW,nem,NSW1
2017-10-30 10:10:00,150.0,hydro,MW,nem,NSW1
2017-10-30 10:15:00,152.2,hydro,MW,nem,NSW1
2017-10-30 10:20:00,150.3,hydro,MW,nem,NSW1
2017-10-30 10:25:00,150.9,hydro,MW,nem,NSW1
2017-10-30 10:30:00,150.7,hydro,MW,nem,NSW1
2017-10-30 10:35:00,150.9,hydro,MW,nem,NSW1
2017-10-30 10:40:00,150.9,hydro,MW,nem,NSW1
2017-10-30 10:45:00,150.6,hydro,MW,nem,NSW1
2017-10-30 10:50:00,151.4,hydro,MW,nem,NSW1
2017-10-30 10:55:00,146.5,hydro,MW,nem,NSW1
2017-10-30 11:00:00,146.2,hydro,MW,nem,NSW1
2017-10-30 11:05:00,243.0,hydro,MW,nem,NSW1
2017-10-30 11:10:00,224.1,hydro,MW,nem,NSW1
2017-10-30 11:15:00,144.6,hydro,MW,nem,NSW1
2017-10-30 11:20:00,143.3,hydro,MW,nem,NSW1
2017-10-30 11:25:00,143.7,hydro,MW,nem,NSW1
2017-10-30 11:30:00,144.1,hydro,MW,nem,NSW1
2017-10-30 11:35:00,144.7,hydro,MW,nem,NSW1
2017-10-30 11:40:00,143.7,hydro,MW,nem,NSW1
2017-10-30 11:45:00,143.9,hydro,MW,nem,NSW1
2017-10-30 11:50:00,144.1,hydro,MW,nem,NSW1
2017-10-30 11:55:00,143.1,hydro,MW,nem,NSW1
2017-10-30 12:00:00,144.0,hydro,MW,nem,NSW1
2017-10-30 12:05:00,142.9,hydro,MW,nem,NSW1
2017-10-30 12:10:00,286.0,hydro,MW,nem,NSW1
2017-10-30 12:15:00,403.5,hydro,MW,nem,NSW1
2017-10-30 12:20:00,459.1,hydro,MW,nem,NSW1
2017-10-30 12:25:00,465.5,hydro,MW,nem,NSW1
2017-10-30 12:30:00,474.7,hydro,MW,nem,NSW1
2017-10-30 12:35:00,483.6,hydro,MW,nem,NSW1
2017-10-30 12:40:00,697.5,hydro,MW,nem,NSW1
2017-10-30 12:45:00,691.4,hydro,MW,nem,NSW1
2017-10-30 12:50:00,724.3,hydro,MW,nem,NSW1
2017-10-30 12:55:00,722.6,hydro,MW,nem,NSW1
2017-10-30 13:00:00,780.1,hydro,MW,nem,NSW1
2017-10-30 13:05:00,696.6,hydro,MW,nem,NSW1
2017-10-30 13:10:00,848.4,hydro,MW,nem,NSW1
2017-10-30 13:15:00,799.6,hydro,MW,nem,NSW1
2017-10-30 13:20:00,828.3,hydro,MW,nem,NSW1
2017-10-30 13:25:00,903.2,hydro,MW,nem,NSW1
2017-10-30 13:30:00,949.5,hydro,MW,nem,NSW1
2017-10-30 13:35:00,875.4,hydro,MW,nem,NSW1
2017-10-30 13:40:00,766.4,hydro,MW,nem,NSW1
2017-10-30 13:45:00,768.8,hydro,MW,nem,NSW1
2017-10-30 13:50:00,666.6,hydro,MW,nem,NSW1
2017-10-30 13:55:00,637.4,hydro,MW,nem,NSW1
2017-10-30 14:00:00,693.8,hydro,MW,nem,NSW1
2017-10-30 14:05:00,720.9,hydro,MW,nem,NSW1
2017-10-30 14:10:00,683.4,hydro,MW,nem,NSW1
2017-10-30 14:15:00,877.9,hydro,MW,nem,NSW1
2017-10-30 14:20:00,957.9,hydro,MW,nem,NSW1
2017-10-30 14:25:00,937.7,hydro,MW,nem,NSW1
2017-10-30 14:30:00,952.6,hydro,MW,nem,NSW1
2017-10-30 14:35:00,956.9,hydro,MW,nem,NSW1
2017-10-30 14:40:00,981.2,hydro,MW,nem,NSW1
2017-10-30 14:45:00,969.8,hydro,MW,nem,NSW1
2017-10-30 14:50:00,936.5,hydro,MW,nem,NSW1
2017-10-30 14:55:00,976.2,hydro,MW,nem,NSW1
2017-10-30 15:00:00,1090.0,hydro,MW,nem,NSW1
2017-10-30 15:05:00,1093.0,hydro,MW,nem,NSW1
2017-10-30 15:10:00,1114.0,hydro,MW,nem,NSW1
2017-10-30 15:15:00,1079.0,hydro,MW,nem,NSW1
2017-10-30 15:20:00,1073.0,hydro,MW,nem,NSW1
2017-10-30 15:25:00,1084.0,hydro,MW,nem,NSW1
2017-10-30 15:30:00,1088.0,hydro,MW,nem,NSW1
2017-10-30 15:35:00,1077.0,hydro,MW,nem,NSW1
2017-10-30 15:40:00,1085.0,hydro,MW,nem,NSW1
2017-10-30 15:45:00,1102.0,hydro,MW,nem,NSW1
2017-10-30 15:50:00,1095.0,hydro,MW,nem,NSW1
2017-10-30 15:55:00,1092.0,hydro,MW,nem,NSW1
2017-10-30 16:00:00,1077.0,hydro,MW,nem,NSW1
2017-10-30 16:05:00,1080.0,hydro,MW,nem,NSW1
2017-10-30 16:10:00,1048.0,hydro,MW,nem,NSW1
2017-10-30 16:15:00,1039.0,hydro,MW,nem,NSW1
2017-10-30 16:20:00,1012.0,hydro,MW,nem,NSW1
2017-10-30 16:25:00,1077.0,hydro,MW,nem,NSW1
2017-10-30 16:30:00,1070.0,hydro,MW,nem,NSW1
2017-10-30 16:35:00,1089.0,hydro,MW,nem,NSW1
2017-10-30 16:40:00,1059.0,hydro,MW,nem,NSW1
2017-10-30 16:45:00,1063.0,hydro,MW,nem,NSW1
2017-10-30 16:50:00,1063.0,hydro,MW,nem,NSW1
2017-10-30 16:55:00,996.9,hydro,MW,nem,NSW1
2017-10-30 17:00:00,980.9,hydro,MW,nem,NSW1
2017-10-30 17:05:00,966.8,hydro,MW,nem,NSW1
2017-10-30 17:10:00,718.7,hydro,MW,nem,NSW1
2017-10-30 17:15:00,691.8,hydro,MW,nem,NSW1
2017-10-30 17:20:00,660.0,hydro,MW,nem,NSW1
2017-10-30 17:25:00,694.1,hydro,MW,nem,NSW1
2017-10-30 17:30:00,629.7,hydro,MW,nem,NSW1
2017-10-30 17:35:00,595.5,hydro,MW,nem,NSW1
2017-10-30 17:40:00,442.1,hydro,MW,nem,NSW1
2017-10-30 17:45:00,431.7,hydro,MW,nem,NSW1
2017-10-30 17:50:00,463.1,hydro,MW,nem,NSW1
2017-10-30 17:55:00,446.4,hydro,MW,nem,NSW1
2017-10-30 18:00:00,414.1,hydro,MW,nem,NSW1
2017-10-30 18:05:00,367.4,hydro,MW,nem,NSW1
2017-10-30 18:10:00,326.7,hydro,MW,nem,NSW1
2017-10-30 18:15:00,269.7,hydro,MW,nem,NSW1
2017-10-30 18:20:00,232.9,hydro,MW,nem,NSW1
2017-10-30 18:25:00,339.0,hydro,MW,nem,NSW1
2017-10-30 18:30:00,393.9,hydro,MW,nem,NSW1
2017-10-30 18:35:00,421.7,hydro,MW,nem,NSW1
2017-10-30 18:40:00,441.4,hydro,MW,nem,NSW1
2017-10-30 18:45:00,435.2,hydro,MW,nem,NSW1
2017-10-30 18:50:00,446.2,hydro,MW,nem,NSW1
2017-10-30 18:55:00,442.9,hydro,MW,nem,NSW1
2017-10-30 19:00:00,420.1,hydro,MW,nem,NSW1
2017-10-30 19:05:00,450.2,hydro,MW,nem,NSW1
2017-10-30 19:10:00,445.2,hydro,MW,nem,NSW1
2017-10-30 19:15:00,445.4,hydro,MW,nem,NSW1
2017-10-30 19:20:00,429.7,hydro,MW,nem,NSW1
2017-10-30 19:25:00,446.9,hydro,MW,nem,NSW1
2017-10-30 19:30:00,441.8,hydro,MW,nem,NSW1
2017-10-30 19:35:00,439.3,hydro,MW,nem,NSW1
2017-10-30 19:40:00,433.5,hydro,MW,nem,NSW1
2017-10-30 19:45:00,435.4,hydro,MW,nem,NSW1
2017-10-30 19:50:00,435.9,hydro,MW,nem,NSW1
2017-10-30 19:55:00,442.5,hydro,MW,nem,NSW1
2017-10-30 20:00:00,434.7,hydro,MW,nem,NSW1
2017-10-30 20:05:00,435.3,hydro,MW,nem,NSW1
2017-10-30 20:10:00,430.8,hydro,MW,nem,NSW1
2017-10-30 20:15:00,394.0,hydro,MW,nem,NSW1
2017-10-30 20:20:00,422.8,hydro,MW,nem,NSW1
2017-10-30 20:25:00,375.9,hydro,MW,nem,NSW1
2017-10-30 20:30:00,401.3,hydro,MW,nem,NSW1
2017-10-30 20:35:00,413.2,hydro,MW,nem,NSW1
2017-10-30 20:40:00,306.8,hydro,MW,nem,NSW1
2017-10-30 20:45:00,306.9,hydro,MW,nem,NSW1
2017-10-30 20:50:00,282.7,hydro,MW,nem,NSW1
2017-10-30 20:55:00,310.3,hydro,MW,nem,NSW1
2017-10-30 21:00:00,294.2,hydro,MW,nem,NSW1
2017-10-30 21:05:00,294.9,hydro,MW,nem,NSW1
2017-10-30 21:10:00,298.8,hydro,MW,nem,NSW1
2017-10-30 21:15:00,297.2,hydro,MW,nem,NSW1
2017-10-30 21:20:00,298.1,hydro,MW,nem,NSW1
2017-10-30 21:25:00,299.6,hydro,MW,nem,NSW1
2017-10-30 21:30:00,293.8,hydro,MW,nem,NSW1
2017-10-30 21:35:00,298.9,hydro,MW,nem,NSW1
2017-10-30 21:40:00,203.4,hydro,MW,nem,NSW1
2017-10-30 21:45:00,116.5,hydro,MW,nem,NSW1
2017-10-30 21:50:00,113.2,hydro,MW,nem,NSW1
2017-10-30 21:55:00,112.8,hydro,MW,nem,NSW1
2017-10-30 22:00:00,113.2,hydro,MW,nem,NSW1
2017-10-30 22:05:00,113.2,hydro,MW,nem,NSW1
2017-10-30 22:10:00,112.9,hydro,MW,nem,NSW1
2017-10-30 22:15:00,113.2,hydro,MW,nem,NSW1
2017-10-30 22:20:00,112.9,hydro,MW,nem,NSW1
2017-10-30 22:25:00,113.3,hydro,MW,nem,NSW1
2017-10-30 22:30:00,113.3,hydro,MW,nem,NSW1
2017-10-30 22:35:00,112.6,hydro,MW,nem,NSW1
2017-10-30 22:40:00,113.6,hydro,MW,nem,NSW1
2017-10-30 22:45:00,112.9,hydro,MW,nem,NSW1
2017-10-30 22:50:00,113.2,hydro,MW,nem,NSW1
2017-10-30 22:55:00,113.1,hydro,MW,nem,NSW1
2017-10-30 23:00:00,112.7,hydro,MW,nem,NSW1
2017-10-30 23:05:00,113.2,hydro,MW,nem,NSW1
2017-10-30 23:10:00,113.4,hydro,MW,nem,NSW1
2017-10-30 23:15:00,113.1,hydro,MW,nem,NSW1
2017-10-30 23:20:00,112.8,hydro,MW,nem,NSW1
2017-10-30 23:25:00,113.2,hydro,MW,nem,NSW1
2017-10-30 23:30:00,112.7,hydro,MW,nem,NSW1
2017-10-30 23:35:00,112.9,hydro,MW,nem,NSW1
2017-10-30 23:40:00,112.8,hydro,MW,nem,NSW1
2017-10-30 23:45:00,113.0,hydro,MW,nem,NSW1
2017-10-30 23:50:00,113.1,hydro,MW,nem,NSW1
2017-10-30 23:55:00,112.8,hydro,MW,nem,NSW1
2017-10-31 00:00:00,113.0,hydro,MW,nem,NSW1
2017-10-31 00:05:00,112.5,hydro,MW,nem,NSW1
2017-10-31 00:10:00,113.8,hydro,MW,nem,NSW1
2017-10-31 00:15:00,113.0,hydro,MW,nem,NSW1
2017-10-31 00:20:00,113.7,hydro,MW,nem,NSW1
2017-10-31 00:25:00,113.0,hydro,MW,nem,NSW1
2017-10-31 00:30:00,112.2,hydro,MW,nem,NSW1
2017-10-31 00:35:00,113.2,hydro,MW,nem,NSW1
2017-10-31 00:40:00,113.2,hydro,MW,nem,NSW1
2017-10-31 00:45:00,113.2,hydro,MW,nem,NSW1
2017-10-31 00:50:00,112.7,hydro,MW,nem,NSW1
2017-10-31 00:55:00,113.1,hydro,MW,nem,NSW1
2017-10-31 01:00:00,113.3,hydro,MW,nem,NSW1
2017-10-31 01:05:00,113.4,hydro,MW,nem,NSW1
2017-10-31 01:10:00,113.1,hydro,MW,nem,NSW1
2017-10-31 01:15:00,113.6,hydro,MW,nem,NSW1
2017-10-31 01:20:00,113.0,hydro,MW,nem,NSW1
2017-10-31 01:25:00,112.7,hydro,MW,nem,NSW1
2017-10-31 01:30:00,112.7,hydro,MW,nem,NSW1
2017-10-31 01:35:00,112.8,hydro,MW,nem,NSW1
2017-10-31 01:40:00,112.9,hydro,MW,nem,NSW1
2017-10-31 01:45:00,113.0,hydro,MW,nem,NSW1
2017-10-31 01:50:00,112.6,hydro,MW,nem,NSW1
2017-10-31 01:55:00,112.9,hydro,MW,nem,NSW1
2017-10-31 02:00:00,113.2,hydro,MW,nem,NSW1
2017-10-31 02:05:00,113.2,hydro,MW,nem,NSW1
2017-10-31 02:10:00,113.1,hydro,MW,nem,NSW1
2017-10-31 02:15:00,112.6,hydro,MW,nem,NSW1
2017-10-31 02:20:00,113.8,hydro,MW,nem,NSW1
2017-10-31 02:25:00,113.4,hydro,MW,nem,NSW1
2017-10-31 02:30:00,113.3,hydro,MW,nem,NSW1
2017-10-31 02:35:00,113.1,hydro,MW,nem,NSW1
2017-10-31 02:40:00,113.1,hydro,MW,nem,NSW1
2017-10-31 02:45:00,112.8,hydro,MW,nem,NSW1
2017-10-31 02:50:00,113.0,hydro,MW,nem,NSW1
2017-10-31 02:55:00,112.9,hydro,MW,nem,NSW1
2017-10-31 03:00:00,113.3,hydro,MW,nem,NSW1
2017-10-31 03:05:00,113.3,hydro,MW,nem,NSW1
2017-10-31 03:10:00,112.9,hydro,MW,nem,NSW1
2017-10-31 03:15:00,113.7,hydro,MW,nem,NSW1
2017-10-31 03:20:00,113.2,hydro,MW,nem,NSW1
2017-10-31 03:25:00,113.5,hydro,MW,nem,NSW1
2017-10-31 03:30:00,113.0,hydro,MW,nem,NSW1
2017-10-31 03:35:00,112.9,hydro,MW,nem,NSW1
2017-10-31 03:40:00,113.2,hydro,MW,nem,NSW1
2017-10-31 03:45:00,112.6,hydro,MW,nem,NSW1
2017-10-31 03:50:00,112.9,hydro,MW,nem,NSW1
2017-10-31 03:55:00,113.4,hydro,MW,nem,NSW1
2017-10-31 04:00:00,113.3,hydro,MW,nem,NSW1
2017-10-31 04:05:00,113.3,hydro,MW,nem,NSW1
2017-10-31 04:10:00,113.1,hydro,MW,nem,NSW1
2017-10-31 04:15:00,113.0,hydro,MW,nem,NSW1
2017-10-31 04:20:00,112.6,hydro,MW,nem,NSW1
2017-10-31 04:25:00,113.4,hydro,MW,nem,NSW1
2017-10-31 04:30:00,112.7,hydro,MW,nem,NSW1
2017-10-31 04:35:00,113.4,hydro,MW,nem,NSW1
2017-10-31 04:40:00,113.1,hydro,MW,nem,NSW1
2017-10-31 04:45:00,112.9,hydro,MW,nem,NSW1
2017-10-31 04:50:00,113.1,hydro,MW,nem,NSW1
2017-10-31 04:55:00,113.3,hydro,MW,nem,NSW1
2017-10-31 05:00:00,113.4,hydro,MW,nem,NSW1
2017-10-31 05:05:00,112.5,hydro,MW,nem,NSW1
2017-10-31 05:10:00,112.4,hydro,MW,nem,NSW1
2017-10-31 05:15:00,113.0,hydro,MW,nem,NSW1
2017-10-31 05:20:00,112.8,hydro,MW,nem,NSW1
2017-10-31 05:25:00,112.8,hydro,MW,nem,NSW1
2017-10-31 05:30:00,113.2,hydro,MW,nem,NSW1
2017-10-31 05:35:00,112.8,hydro,MW,nem,NSW1
2017-10-31 05:40:00,112.5,hydro,MW,nem,NSW1
2017-10-31 05:45:00,112.7,hydro,MW,nem,NSW1
2017-10-31 05:50:00,112.9,hydro,MW,nem,NSW1
2017-10-31 05:55:00,112.7,hydro,MW,nem,NSW1
2017-10-31 06:00:00,113.1,hydro,MW,nem,NSW1
2017-10-31 06:05:00,141.2,hydro,MW,nem,NSW1
2017-10-31 06:10:00,235.1,hydro,MW,nem,NSW1
2017-10-31 06:15:00,236.2,hydro,MW,nem,NSW1
2017-10-31 06:20:00,236.7,hydro,MW,nem,NSW1
2017-10-31 06:25:00,237.4,hydro,MW,nem,NSW1
2017-10-31 06:30:00,235.9,hydro,MW,nem,NSW1
2017-10-31 06:35:00,231.2,hydro,MW,nem,NSW1
2017-10-31 06:40:00,231.0,hydro,MW,nem,NSW1
2017-10-31 06:45:00,230.0,hydro,MW,nem,NSW1
2017-10-31 06:50:00,230.7,hydro,MW,nem,NSW1
2017-10-31 06:55:00,235.8,hydro,MW,nem,NSW1
2017-10-31 07:00:00,235.3,hydro,MW,nem,NSW1
2017-10-31 07:05:00,233.1,hydro,MW,nem,NSW1
2017-10-31 07:10:00,234.8,hydro,MW,nem,NSW1
2017-10-31 07:15:00,232.7,hydro,MW,nem,NSW1
2017-10-31 07:20:00,232.3,hydro,MW,nem,NSW1
2017-10-31 07:25:00,231.2,hydro,MW,nem,NSW1
2017-10-31 07:30:00,233.3,hydro,MW,nem,NSW1
2017-10-31 07:35:00,232.1,hydro,MW,nem,NSW1
2017-10-31 07:40:00,193.7,hydro,MW,nem,NSW1
2017-10-31 07:45:00,121.2,hydro,MW,nem,NSW1
2017-10-31 07:50:00,113.4,hydro,MW,nem,NSW1
2017-10-31 07:55:00,113.2,hydro,MW,nem,NSW1
2017-10-31 08:00:00,113.0,hydro,MW,nem,NSW1
2017-10-31 08:05:00,113.3,hydro,MW,nem,NSW1
2017-10-31 08:10:00,112.9,hydro,MW,nem,NSW1
2017-10-31 08:15:00,113.1,hydro,MW,nem,NSW1
2017-10-31 08:20:00,112.5,hydro,MW,nem,NSW1
2017-10-31 08:25:00,113.0,hydro,MW,nem,NSW1
2017-10-31 08:30:00,112.6,hydro,MW,nem,NSW1
2017-10-31 08:35:00,112.8,hydro,MW,nem,NSW1
2017-10-31 08:40:00,113.8,hydro,MW,nem,NSW1
2017-10-31 08:45:00,113.4,hydro,MW,nem,NSW1
2017-10-31 08:50:00,113.0,hydro,MW,nem,NSW1
2017-10-31 08:55:00,112.5,hydro,MW,nem,NSW1
2017-10-31 09:00:00,112.5,hydro,MW,nem,NSW1
2017-10-31 09:05:00,112.7,hydro,MW,nem,NSW1
2017-10-31 09:10:00,112.7,hydro,MW,nem,NSW1
2017-10-31 09:15:00,113.2,hydro,MW,nem,NSW1
2017-10-31 09:20:00,112.7,hydro,MW,nem,NSW1
2017-10-31 09:25:00,112.8,hydro,MW,nem,NSW1
2017-10-31 09:30:00,113.5,hydro,MW,nem,NSW1
2017-10-31 09:35:00,113.4,hydro,MW,nem,NSW1
2017-10-31 09:40:00,113.7,hydro,MW,nem,NSW1
2017-10-31 09:45:00,112.3,hydro,MW,nem,NSW1
2017-10-31 09:50:00,113.2,hydro,MW,nem,NSW1
2017-10-31 09:55:00,113.1,hydro,MW,nem,NSW1
2017-10-31 10:00:00,113.1,hydro,MW,nem,NSW1
2017-10-31 10:05:00,113.2,hydro,MW,nem,NSW1
2017-10-31 10:10:00,112.8,hydro,MW,nem,NSW1
2017-10-31 10:15:00,113.3,hydro,MW,nem,NSW1
2017-10-31 10:20:00,113.0,hydro,MW,nem,NSW1
2017-10-31 10:25:00,113.0,hydro,MW,nem,NSW1
2017-10-31 10:30:00,113.3,hydro,MW,nem,NSW1
2017-10-31 10:35:00,113.2,hydro,MW,nem,NSW1
2017-10-31 10:40:00,112.9,hydro,MW,nem,NSW1
2017-10-31 10:45:00,113.5,hydro,MW,nem,NSW1
2017-10-31 10:50:00,114.0,hydro,MW,nem,NSW1
2017-10-31 10:55:00,113.0,hydro,MW,nem,NSW1
2017-10-31 11:00:00,82.18,hydro,MW,nem,NSW1
2017-10-31 11:05:00,81.99,hydro,MW,nem,NSW1
2017-10-31 11:10:00,81.92,hydro,MW,nem,NSW1
2017-10-31 11:15:00,82.27,hydro,MW,nem,NSW1
2017-10-31 11:20:00,82.02,hydro,MW,nem,NSW1
2017-10-31 11:25:00,81.86,hydro,MW,nem,NSW1
2017-10-31 11:30:00,82.16,hydro,MW,nem,NSW1
2017-10-31 11:35:00,82.32,hydro,MW,nem,NSW1
2017-10-31 11:40:00,82.14,hydro,MW,nem,NSW1
2017-10-31 11:45:00,82.11,hydro,MW,nem,NSW1
2017-10-31 11:50:00,81.94,hydro,MW,nem,NSW1
2017-10-31 11:55:00,81.86,hydro,MW,nem,NSW1
2017-10-31 12:00:00,82.01,hydro,MW,nem,NSW1
2017-10-31 12:05:00,81.96,hydro,MW,nem,NSW1
2017-10-31 12:10:00,82.25,hydro,MW,nem,NSW1
2017-10-31 12:15:00,82.5,hydro,MW,nem,NSW1
2017-10-31 12:20:00,81.67,hydro,MW,nem,NSW1
2017-10-31 12:25:00,82.14,hydro,MW,nem,NSW1
2017-10-31 12:30:00,82.13,hydro,MW,nem,NSW1
2017-10-31 12:35:00,82.13,hydro,MW,nem,NSW1
2017-10-31 12:40:00,82.36,hydro,MW,nem,NSW1
2017-10-31 12:45:00,82.07,hydro,MW,nem,NSW1
2017-10-31 12:50:00,82.45,hydro,MW,nem,NSW1
2017-10-31 12:55:00,82.2,hydro,MW,nem,NSW1
2017-10-31 13:00:00,82.01,hydro,MW,nem,NSW1
2017-10-31 13:05:00,82.17,hydro,MW,nem,NSW1
2017-10-31 13:10:00,82.14,hydro,MW,nem,NSW1
2017-10-31 13:15:00,82.31,hydro,MW,nem,NSW1
2017-10-31 13:20:00,82.28,hydro,MW,nem,NSW1
2017-10-31 13:25:00,82.19,hydro,MW,nem,NSW1
2017-10-31 13:30:00,82.05,hydro,MW,nem,NSW1
2017-10-31 13:35:00,82.28,hydro,MW,nem,NSW1
2017-10-31 13:40:00,81.98,hydro,MW,nem,NSW1
2017-10-31 13:45:00,82.52,hydro,MW,nem,NSW1
2017-10-31 13:50:00,82.31,hydro,MW,nem,NSW1
2017-10-31 13:55:00,81.35,hydro,MW,nem,NSW1
2017-10-31 14:00:00,81.02,hydro,MW,nem,NSW1
2017-10-31 14:05:00,81.18,hydro,MW,nem,NSW1
2017-10-31 14:10:00,80.8,hydro,MW,nem,NSW1
2017-10-31 14:15:00,80.83,hydro,MW,nem,NSW1
2017-10-31 14:20:00,80.77,hydro,MW,nem,NSW1
2017-10-31 14:25:00,81.1,hydro,MW,nem,NSW1
2017-10-31 14:30:00,81.09,hydro,MW,nem,NSW1
2017-10-31 14:35:00,81.02,hydro,MW,nem,NSW1
2017-10-31 14:40:00,80.84,hydro,MW,nem,NSW1
2017-10-31 14:45:00,80.95,hydro,MW,nem,NSW1
2017-10-31 14:50:00,80.68,hydro,MW,nem,NSW1
2017-10-31 14:55:00,80.72,hydro,MW,nem,NSW1
2017-10-31 15:00:00,80.55,hydro,MW,nem,NSW1
2017-10-31 15:05:00,81.09,hydro,MW,nem,NSW1
2017-10-31 15:10:00,80.83,hydro,MW,nem,NSW1
2017-10-31 15:15:00,81.01,hydro,MW,nem,NSW1
2017-10-31 15:20:00,80.94,hydro,MW,nem,NSW1
2017-10-31 15:25:00,80.93,hydro,MW,nem,NSW1
2017-10-31 15:30:00,80.8,hydro,MW,nem,NSW1
2017-10-31 15:35:00,80.95,hydro,MW,nem,NSW1
2017-10-31 15:40:00,80.76,hydro,MW,nem,NSW1
2017-10-31 15:45:00,81.04,hydro,MW,nem,NSW1
2017-10-31 15:50:00,80.96,hydro,MW,nem,NSW1
2017-10-31 15:55:00,80.95,hydro,MW,nem,NSW1
2017-10-31 16:00:00,81.21,hydro,MW,nem,NSW1
2017-10-31 16:05:00,80.9,hydro,MW,nem,NSW1
2017-10-31 16:10:00,81.13,hydro,MW,nem,NSW1
2017-10-31 16:15:00,80.89,hydro,MW,nem,NSW1
2017-10-31 16:20:00,80.85,hydro,MW,nem,NSW1
2017-10-31 16:25:00,81.16,hydro,MW,nem,NSW1
2017-10-31 16:30:00,81.09,hydro,MW,nem,NSW1
2017-10-31 16:35:00,80.83,hydro,MW,nem,NSW1
2017-10-31 16:40:00,80.84,hydro,MW,nem,NSW1
2017-10-31 16:45:00,111.1,hydro,MW,nem,NSW1
2017-10-31 16:50:00,122.1,hydro,MW,nem,NSW1
2017-10-31 16:55:00,130.7,hydro,MW,nem,NSW1
2017-10-31 17:00:00,140.5,hydro,MW,nem,NSW1
2017-10-31 17:05:00,141.3,hydro,MW,nem,NSW1
2017-10-31 17:10:00,142.8,hydro,MW,nem,NSW1
2017-10-31 17:15:00,143.0,hydro,MW,nem,NSW1
2017-10-31 17:20:00,143.1,hydro,MW,nem,NSW1
2017-10-31 17:25:00,143.4,hydro,MW,nem,NSW1
2017-10-31 17:30:00,143.0,hydro,MW,nem,NSW1
2017-10-31 17:35:00,143.1,hydro,MW,nem,NSW1
2017-10-31 17:40:00,142.4,hydro,MW,nem,NSW1
2017-10-31 17:45:00,143.0,hydro,MW,nem,NSW1
2017-10-31 17:50:00,142.4,hydro,MW,nem,NSW1
2017-10-31 17:55:00,142.2,hydro,MW,nem,NSW1
2017-10-31 18:00:00,143.0,hydro,MW,nem,NSW1
2017-10-31 18:05:00,142.4,hydro,MW,nem,NSW1
2017-10-31 18:10:00,141.8,hydro,MW,nem,NSW1
2017-10-31 18:15:00,143.8,hydro,MW,nem,NSW1
2017-10-31 18:20:00,143.8,hydro,MW,nem,NSW1
2017-10-31 18:25:00,142.3,hydro,MW,nem,NSW1
2017-10-31 18:30:00,142.7,hydro,MW,nem,NSW1
2017-10-31 18:35:00,142.6,hydro,MW,nem,NSW1
2017-10-31 18:40:00,143.4,hydro,MW,nem,NSW1
2017-10-31 18:45:00,144.4,hydro,MW,nem,NSW1
2017-10-31 18:50:00,142.1,hydro,MW,nem,NSW1
2017-10-31 18:55:00,142.9,hydro,MW,nem,NSW1
2017-10-31 19:00:00,142.5,hydro,MW,nem,NSW1
2017-10-31 19:05:00,143.9,hydro,MW,nem,NSW1
2017-10-31 19:10:00,143.1,hydro,MW,nem,NSW1
2017-10-31 19:15:00,142.8,hydro,MW,nem,NSW1
2017-10-31 19:20:00,142.7,hydro,MW,nem,NSW1
2017-10-31 19:25:00,142.2,hydro,MW,nem,NSW1
2017-10-31 19:30:00,143.5,hydro,MW,nem,NSW1
2017-10-31 19:35:00,144.1,hydro,MW,nem,NSW1
2017-10-31 19:40:00,141.2,hydro,MW,nem,NSW1
2017-10-31 19:45:00,143.2,hydro,MW,nem,NSW1
2017-10-31 19:50:00,142.1,hydro,MW,nem,NSW1
2017-10-31 19:55:00,143.2,hydro,MW,nem,NSW1
2017-10-31 20:00:00,143.4,hydro,MW,nem,NSW1
2017-10-31 20:05:00,143.0,hydro,MW,nem,NSW1
2017-10-31 20:10:00,142.4,hydro,MW,nem,NSW1
2017-10-31 20:15:00,143.0,hydro,MW,nem,NSW1
2017-10-31 20:20:00,143.3,hydro,MW,nem,NSW1
2017-10-31 20:25:00,143.5,hydro,MW,nem,NSW1
2017-10-31 20:30:00,143.8,hydro,MW,nem,NSW1
2017-10-31 20:35:00,142.8,hydro,MW,nem,NSW1
2017-10-31 20:40:00,142.5,hydro,MW,nem,NSW1
2017-10-31 20:45:00,141.8,hydro,MW,nem,NSW1
2017-10-31 20:50:00,142.3,hydro,MW,nem,NSW1
2017-10-31 20:55:00,142.5,hydro,MW,nem,NSW1
2017-10-31 21:00:00,142.9,hydro,MW,nem,NSW1
2017-10-31 21:05:00,142.6,hydro,MW,nem,NSW1
2017-10-31 21:10:00,141.7,hydro,MW,nem,NSW1
2017-10-31 21:15:00,142.9,hydro,MW,nem,NSW1
2017-10-31 21:20:00,142.6,hydro,MW,nem,NSW1
2017-10-31 21:25:00,143.0,hydro,MW,nem,NSW1
2017-10-31 21:30:00,143.2,hydro,MW,nem,NSW1
2017-10-31 21:35:00,142.7,hydro,MW,nem,NSW1
2017-10-31 21:40:00,142.3,hydro,MW,nem,NSW1
2017-10-31 21:45:00,142.8,hydro,MW,nem,NSW1
2017-10-31 21:50:00,143.0,hydro,MW,nem,NSW1
2017-10-31 21:55:00,142.6,hydro,MW,nem,NSW1
2017-10-31 22:00:00,143.2,hydro,MW,nem,NSW1
2017-10-31 22:05:00,142.9,hydro,MW,nem,NSW1
2017-10-31 22:10:00,95.76,hydro,MW,nem,NSW1
2017-10-31 22:15:00,80.86,hydro,MW,nem,NSW1
2017-10-31 22:20:00,80.7,hydro,MW,nem,NSW1
2017-10-31 22:25:00,80.72,hydro,MW,nem,NSW1
2017-10-31 22:30:00,80.62,hydro,MW,nem,NSW1
2017-10-31 22:35:00,80.89,hydro,MW,nem,NSW1
2017-10-31 22:40:00,80.92,hydro,MW,nem,NSW1
2017-10-31 22:45:00,80.8,hydro,MW,nem,NSW1
2017-10-31 22:50:00,81.03,hydro,MW,nem,NSW1
2017-10-31 22:55:00,80.77,hydro,MW,nem,NSW1
2017-10-31 23:00:00,80.66,hydro,MW,nem,NSW1
2017-10-31 23:05:00,81.21,hydro,MW,nem,NSW1
2017-10-31 23:10:00,81.08,hydro,MW,nem,NSW1
2017-10-31 23:15:00,81.04,hydro,MW,nem,NSW1
2017-10-31 23:20:00,80.98,hydro,MW,nem,NSW1
2017-10-31 23:25:00,80.77,hydro,MW,nem,NSW1
2017-10-31 23:30:00,81.11,hydro,MW,nem,NSW1
2017-10-31 23:35:00,80.95,hydro,MW,nem,NSW1
2017-10-31 23:40:00,80.94,hydro,MW,nem,NSW1
2017-10-31 23:45:00,80.92,hydro,MW,nem,NSW1
2017-10-31 23:50:00,80.92,hydro,MW,nem,NSW1
2017-10-31 23:55:00,81.12,hydro,MW,nem,NSW1
2017-10-01 00:00:00,0.197,solar_utility,MW,nem,NSW1
2017-10-01 00:05:00,0.197,solar_utility,MW,nem,NSW1
2017-10-01 00:10:00,0.197,solar_utility,MW,nem,NSW1
2017-10-01 00:15:00,0.197,solar_utility,MW,nem,NSW1
2017-10-01 00:20:00,0.197,solar_utility,MW,nem,NSW1
2017-10-01 00:25:00,0.197,solar_utility,MW,nem,NSW1
2017-10-01 00:30:00,0.197,solar_utility,MW,nem,NSW1
2017-10-01 00:35:00,0.197,solar_utility,MW,nem,NSW1
2017-10-01 00:40:00,0.197,solar_utility,MW,nem,NSW1
2017-10-01 00:45:00,0.197,solar_utility,MW,nem,NSW1
2017-10-01 00:50:00,0.197,solar_utility,MW,nem,NSW1
2017-10-01 00:55:00,0.197,solar_utility,MW,nem,NSW1
2017-10-01 01:00:00,0.197,solar_utility,MW,nem,NSW1
2017-10-01 01:05:00,0.197,solar_utility,MW,nem,NSW1
2017-10-01 01:10:00,0.197,solar_utility,MW,nem,NSW1
2017-10-01 01:15:00,0.197,solar_utility,MW,nem,NSW1
2017-10-01 01:20:00,0.197,solar_utility,MW,nem,NSW1
2017-10-01 01:25:00,0.197,solar_utility,MW,nem,NSW1
2017-10-01 01:30:00,0.197,solar_utility,MW,nem,NSW1
2017-10-01 01:35:00,0.197,solar_utility,MW,nem,NSW1
2017-10-01 01:40:00,0.197,solar_utility,MW,nem,NSW1
2017-10-01 01:45:00,0.197,solar_utility,MW,nem,NSW1
2017-10-01 01:50:00,0.197,solar_utility,MW,nem,NSW1
2017-10-01 01:55:00,0.197,solar_utility,MW,nem,NSW1
2017-10-01 02:00:00,0.197,solar_utility,MW,nem,NSW1
2017-10-01 02:05:00,0.197,solar_utility,MW,nem,NSW1
2017-10-01 02:10:00,0.197,solar_utility,MW,nem,NSW1
2017-10-01 02:15:00,0.197,solar_utility,MW,nem,NSW1
2017-10-01 02:20:00,0.197,solar_utility,MW,nem,NSW1
2017-10-01 02:25:00,0.197,solar_utility,MW,nem,NSW1
2017-10-01 02:30:00,0.197,solar_utility,MW,nem,NSW1
2017-10-01 02:35:00,0.197,solar_utility,MW,nem,NSW1
2017-10-01 02:40:00,0.197,solar_utility,MW,nem,NSW1
2017-10-01 02:45:00,0.197,solar_utility,MW,nem,NSW1
2017-10-01 02:50:00,0.197,solar_utility,MW,nem,NSW1
2017-10-01 02:55:00,0.197,solar_utility,MW,nem,NSW1
2017-10-01 03:00:00,0.197,solar_utility,MW,nem,NSW1
2017-10-01 03:05:00,0.197,solar_utility,MW,nem,NSW1
2017-10-01 03:10:00,0.197,solar_utility,MW,nem,NSW1
2017-10-01 03:15:00,0.197,solar_utility,MW,nem,NSW1
2017-10-01 03:20:00,0.197,solar_utility,MW,nem,NSW1
2017-10-01 03:25:00,0.197,solar_utility,MW,nem,NSW1
2017-10-01 03:30:00,0.197,solar_utility,MW,nem,NSW1
2017-10-01 03:35:00,0.197,solar_utility,MW,nem,NSW1
2017-10-01 03:40:00,0.197,solar_utility,MW,nem,NSW1
2017-10-01 03:45:00,0.197,solar_utility,MW,nem,NSW1
2017-10-01 03:50:00,0.197,solar_utility,MW,nem,NSW1
2017-10-01 03:55:00,0.197,solar_utility,MW,nem,NSW1
2017-10-01 04:00:00,0.197,solar_utility,MW,nem,NSW1
2017-10-01 04:05:00,0.197,solar_utility,MW,nem,NSW1
2017-10-01 04:10:00,0.197,solar_utility,MW,nem,NSW1
2017-10-01 04:15:00,0.197,solar_utility,MW,nem,NSW1
2017-10-01 04:20:00,0.197,solar_utility,MW,nem,NSW1
2017-10-01 04:25:00,0.197,solar_utility,MW,nem,NSW1
2017-10-01 04:30:00,0.197,solar_utility,MW,nem,NSW1
2017-10-01 04:35:00,0.197,solar_utility,MW,nem,NSW1
2017-10-01 04:40:00,0.197,solar_utility,MW,nem,NSW1
2017-10-01 04:45:00,0.197,solar_utility,MW,nem,NSW1
2017-10-01 04:50:00,0.197,solar_utility,MW,nem,NSW1
2017-10-01 04:55:00,0.197,solar_utility,MW,nem,NSW1
2017-10-01 05:00:00,0.197,solar_utility,MW,nem,NSW1
2017-10-01 05:05:00,0.197,solar_utility,MW,nem,NSW1
2017-10-01 05:10:00,0.197,solar_utility,MW,nem,NSW1
2017-10-01 05:15:00,0.197,solar_utility,MW,nem,NSW1
2017-10-01 05:20:00,0.197,solar_utility,MW,nem,NSW1
2017-10-01 05:25:00,0.197,solar_utility,MW,nem,NSW1
2017-10-01 05:30:00,0.197,solar_utility,MW,nem,NSW1
2017-10-01 05:35:00,0.197,solar_utility,MW,nem,NSW1
2017-10-01 05:40:00,0.197,solar_utility,MW,nem,NSW1
2017-10-01 05:45:00,0.197,solar_utility,MW,nem,NSW1
2017-10-01 05:50:00,0.197,solar_utility,MW,nem,NSW1
2017-10-01 05:55:00,0.197,solar_utility,MW,nem,NSW1
2017-10-01 06:00:00,0.7509,solar_utility,MW,nem,NSW1
2017-10-01 06:05:00,1.114,solar_utility,MW,nem,NSW1
2017-10-01 06:10:00,3.103,solar_utility,MW,nem,NSW1
2017-10-01 06:15:00,4.735,solar_utility,MW,nem,NSW1
2017-10-01 06:20:00,6.335,solar_utility,MW,nem,NSW1
2017-10-01 06:25:00,8.652,solar_utility,MW,nem,NSW1
2017-10-01 06:30:00,10.31,solar_utility,MW,nem,NSW1
2017-10-01 06:35:00,12.95,solar_utility,MW,nem,NSW1
2017-10-01 06:40:00,17.47,solar_utility,MW,nem,NSW1
2017-10-01 06:45:00,21.6,solar_utility,MW,nem,NSW1
2017-10-01 06:50:00,26.6,solar_utility,MW,nem,NSW1
2017-10-01 06:55:00,32.99,solar_utility,MW,nem,NSW1
2017-10-01 07:00:00,38.12,solar_utility,MW,nem,NSW1
2017-10-01 07:05:00,46.03,solar_utility,MW,nem,NSW1
2017-10-01 07:10:00,47.89,solar_utility,MW,nem,NSW1
2017-10-01 07:15:00,57.76,solar_utility,MW,nem,NSW1
2017-10-01 07:20:00,64.36,solar_utility,MW,nem,NSW1
2017-10-01 07:25:00,70.72,solar_utility,MW,nem,NSW1
2017-10-01 07:30:00,77.8,solar_utility,MW,nem,NSW1
2017-10-01 07:35:00,81.71,solar_utility,MW,nem,NSW1
2017-10-01 07:40:00,81.08,solar_utility,MW,nem,NSW1
2017-10-01 07:45:00,82.2,solar_utility,MW,nem,NSW1
2017-10-01 07:50:00,88.85,solar_utility,MW,nem,NSW1
2017-10-01 07:55:00,99.67,solar_utility,MW,nem,NSW1
2017-10-01 08:00:00,108.3,solar_utility,MW,nem,NSW1
2017-10-01 08:05:00,112.7,solar_utility,MW,nem,NSW1
2017-10-01 08:10:00,122.8,solar_utility,MW,nem,NSW1
2017-10-01 08:15:00,126.7,solar_utility,MW,nem,NSW1
2017-10-01 08:20:00,133.4,solar_utility,MW,nem,NSW1
2017-10-01 08:25:00,140.9,solar_utility,MW,nem,NSW1
2017-10-01 08:30:00,144.4,solar_utility,MW,nem,NSW1
2017-10-01 08:35:00,146.5,solar_utility,MW,nem,NSW1
2017-10-01 08:40:00,145.3,solar_utility,MW,nem,NSW1
2017-10-01 08:45:00,137.1,solar_utility,MW,nem,NSW1
2017-10-01 08:50:00,139.0,solar_utility,MW,nem,NSW1
2017-10-01 08:55:00,141.7,solar_utility,MW,nem,NSW1
2017-10-01 09:00:00,144.7,solar_utility,MW,nem,NSW1
2017-10-01 09:05:00,148.5,solar_utility,MW,nem,NSW1
2017-10-01 09:10:00,151.3,solar_utility,MW,nem,NSW1
2017-10-01 09:15:00,145.6,solar_utility,MW,nem,NSW1
2017-10-01 09:20:00,153.6,solar_utility,MW,nem,NSW1
2017-10-01 09:25:00,153.1,solar_utility,MW,nem,NSW1
2017-10-01 09:30:00,188.2,solar_utility,MW,nem,NSW1
2017-10-01 09:35:00,194.8,solar_utility,MW,nem,NSW1
2017-10-01 09:40:00,174.9,solar_utility,MW,nem,NSW1
2017-10-01 09:45:00,201.1,solar_utility,MW,nem,NSW1
2017-10-01 09:50:00,200.5,solar_utility,MW,nem,NSW1
2017-10-01 09:55:00,202.9,solar_utility,MW,nem,NSW1
2017-10-01 10:00:00,189.0,solar_utility,MW,nem,NSW1
2017-10-01 10:05:00,208.1,solar_utility,MW,nem,NSW1
2017-10-01 10:10:00,208.9,solar_utility,MW,nem,NSW1
2017-10-01 10:15:00,209.5,solar_utility,MW,nem,NSW1
2017-10-01 10:20:00,206.5,solar_utility,MW,nem,NSW1
2017-10-01 10:25:00,203.5,solar_utility,MW,nem,NSW1
2017-10-01 10:30:00,202.2,solar_utility,MW,nem,NSW1
2017-10-01 10:35:00,204.8,solar_utility,MW,nem,NSW1
2017-10-01 10:40:00,207.6,solar_utility,MW,nem,NSW1
2017-10-01 10:45:00,210.2,solar_utility,MW,nem,NSW1
2017-10-01 10:50:00,210.4,solar_utility,MW,nem,NSW1
2017-10-01 10:55:00,211.1,solar_utility,MW,nem,NSW1
2017-10-01 11:00:00,211.6,solar_utility,MW,nem,NSW1
2017-10-01 11:05:00,212.0,solar_utility,MW,nem,NSW1
2017-10-01 11:10:00,212.2,solar_utility,MW,nem,NSW1
2017-10-01 11:15:00,212.0,solar_utility,MW,nem,NSW1
2017-10-01 11:20:00,212.1,solar_utility,MW,nem,NSW1
2017-10-01 11:25:00,212.9,solar_utility,MW,nem,NSW1
2017-10-01 11:30:00,210.8,solar_utility,MW,nem,NSW1
2017-10-01 11:35:00,211.9,solar_utility,MW,nem,NSW1
2017-10-01 11:40:00,215.4,solar_utility,MW,nem,NSW1
2017-10-01 11:45:00,213.4,solar_utility,MW,nem,NSW1
2017-10-01 11:50:00,217.2,solar_utility,MW,nem,NSW1
2017-10-01 11:55:00,216.5,solar_utility,MW,nem,NSW1
2017-10-01 12:00:00,216.3,solar_utility,MW,nem,NSW1
2017-10-01 12:05:00,216.4,solar_utility,MW,nem,NSW1
2017-10-01 12:10:00,215.8,solar_utility,MW,nem,NSW1
2017-10-01 12:15:00,211.5,solar_utility,MW,nem,NSW1
2017-10-01 12:20:00,211.0,solar_utility,MW,nem,NSW1
2017-10-01 12:25:00,212.6,solar_utility,MW,nem,NSW1
2017-10-01 12:30:00,212.2,solar_utility,MW,nem,NSW1
2017-10-01 12:35:00,212.9,solar_utility,MW,nem,NSW1
2017-10-01 12:40:00,209.5,solar_utility,MW,nem,NSW1
2017-10-01 12:45:00,218.8,solar_utility,MW,nem,NSW1
2017-10-01 12:50:00,221.1,solar_utility,MW,nem,NSW1
2017-10-01 12:55:00,227.5,solar_utility,MW,nem,NSW1
2017-10-01 13:00:00,218.4,solar_utility,MW,nem,NSW1
2017-10-01 13:05:00,216.1,solar_utility,MW,nem,NSW1
2017-10-01 13:10:00,220.0,solar_utility,MW,nem,NSW1
2017-10-01 13:15:00,227.8,solar_utility,MW,nem,NSW1
2017-10-01 13:20:00,230.1,solar_utility,MW,nem,NSW1
2017-10-01 13:25:00,227.3,solar_utility,MW,nem,NSW1
2017-10-01 13:30:00,228.6,solar_utility,MW,nem,NSW1
2017-10-01 13:35:00,234.9,solar_utility,MW,nem,NSW1
2017-10-01 13:40:00,241.4,solar_utility,MW,nem,NSW1
2017-10-01 13:45:00,234.0,solar_utility,MW,nem,NSW1
2017-10-01 13:50:00,227.1,solar_utility,MW,nem,NSW1
2017-10-01 13:55:00,214.6,solar_utility,MW,nem,NSW1
2017-10-01 14:00:00,219.8,solar_utility,MW,nem,NSW1
2017-10-01 14:05:00,218.7,solar_utility,MW,nem,NSW1
2017-10-01 14:10:00,219.7,solar_utility,MW,nem,NSW1
2017-10-01 14:15:00,199.4,solar_utility,MW,nem,NSW1
2017-10-01 14:20:00,202.4,solar_utility,MW,nem,NSW1
2017-10-01 14:25:00,214.5,solar_utility,MW,nem,NSW1
2017-10-01 14:30:00,202.0,solar_utility,MW,nem,NSW1
2017-10-01 14:35:00,195.0,solar_utility,MW,nem,NSW1
2017-10-01 14:40:00,184.1,solar_utility,MW,nem,NSW1
2017-10-01 14:45:00,180.3,solar_utility,MW,nem,NSW1
2017-10-01 14:50:00,181.1,solar_utility,MW,nem,NSW1
2017-10-01 14:55:00,168.4,solar_utility,MW,nem,NSW1
2017-10-01 15:00:00,167.7,solar_utility,MW,nem,NSW1
2017-10-01 15:05:00,167.4,solar_utility,MW,nem,NSW1
2017-10-01 15:10:00,172.3,solar_utility,MW,nem,NSW1
2017-10-01 15:15:00,170.1,solar_utility,MW,nem,NSW1
2017-10-01 15:20:00,163.8,solar_utility,MW,nem,NSW1
2017-10-01 15:25:00,158.3,solar_utility,MW,nem,NSW1
2017-10-01 15:30:00,153.9,solar_utility,MW,nem,NSW1
2017-10-01 15:35:00,148.2,solar_utility,MW,nem,NSW1
2017-10-01 15:40:00,143.2,solar_utility,MW,nem,NSW1
2017-10-01 15:45:00,139.3,solar_utility,MW,nem,NSW1
2017-10-01 15:50:00,134.0,solar_utility,MW,nem,NSW1
2017-10-01 15:55:00,128.6,solar_utility,MW,nem,NSW1
2017-10-01 16:00:00,123.5,solar_utility,MW,nem,NSW1
2017-10-01 16:05:00,118.3,solar_utility,MW,nem,NSW1
2017-10-01 16:10:00,113.0,solar_utility,MW,nem,NSW1
2017-10-01 16:15:00,107.3,solar_utility,MW,nem,NSW1
2017-10-01 16:20:00,102.1,solar_utility,MW,nem,NSW1
2017-10-01 16:25:00,96.52,solar_utility,MW,nem,NSW1
2017-10-01 16:30:00,90.96,solar_utility,MW,nem,NSW1
2017-10-01 16:35:00,85.14,solar_utility,MW,nem,NSW1
2017-10-01 16:40:00,79.72,solar_utility,MW,nem,NSW1
2017-10-01 16:45:00,74.07,solar_utility,MW,nem,NSW1
2017-10-01 16:50:00,68.51,solar_utility,MW,nem,NSW1
2017-10-01 16:55:00,62.96,solar_utility,MW,nem,NSW1
2017-10-01 17:00:00,57.51,solar_utility,MW,nem,NSW1
2017-10-01 17:05:00,52.24,solar_utility,MW,nem,NSW1
2017-10-01 17:10:00,46.72,solar_utility,MW,nem,NSW1
2017-10-01 17:15:00,41.24,solar_utility,MW,nem,NSW1
2017-10-01 17:20:00,35.6,solar_utility,MW,nem,NSW1
2017-10-01 17:25:00,28.04,solar_utility,MW,nem,NSW1
2017-10-01 17:30:00,21.05,solar_utility,MW,nem,NSW1
2017-10-01 17:35:00,17.24,solar_utility,MW,nem,NSW1
2017-10-01 17:40:00,14.46,solar_utility,MW,nem,NSW1
2017-10-01 17:45:00,12.51,solar_utility,MW,nem,NSW1
2017-10-01 17:50:00,10.02,solar_utility,MW,nem,NSW1
2017-10-01 17:55:00,7.96,solar_utility,MW,nem,NSW1
2017-10-01 18:00:00,6.1,solar_utility,MW,nem,NSW1
2017-10-01 18:05:00,4.576,solar_utility,MW,nem,NSW1
2017-10-01 18:10:00,2.655,solar_utility,MW,nem,NSW1
2017-10-01 18:15:00,1.937,solar_utility,MW,nem,NSW1
2017-10-01 18:20:00,1.426,solar_utility,MW,nem,NSW1
2017-10-01 18:25:00,0.197,solar_utility,MW,nem,NSW1
2017-10-01 18:30:00,0.197,solar_utility,MW,nem,NSW1
2017-10-01 18:35:00,0.197,solar_utility,MW,nem,NSW1
2017-10-01 18:40:00,0.197,solar_utility,MW,nem,NSW1
2017-10-01 18:45:00,0.197,solar_utility,MW,nem,NSW1
2017-10-01 18:50:00,0.197,solar_utility,MW,nem,NSW1
2017-10-01 18:55:00,0.197,solar_utility,MW,nem,NSW1
2017-10-01 19:00:00,0.197,solar_utility,MW,nem,NSW1
2017-10-01 19:05:00,0.197,solar_utility,MW,nem,NSW1
2017-10-01 19:10:00,0.197,solar_utility,MW,nem,NSW1
2017-10-01 19:15:00,0.197,solar_utility,MW,nem,NSW1
2017-10-01 19:20:00,0.197,solar_utility,MW,nem,NSW1
2017-10-01 19:25:00,0.197,solar_utility,MW,nem,NSW1
2017-10-01 19:30:00,0.197,solar_utility,MW,nem,NSW1
2017-10-01 19:35:00,0.197,solar_utility,MW,nem,NSW1
2017-10-01 19:40:00,0.197,solar_utility,MW,nem,NSW1
2017-10-01 19:45:00,0.197,solar_utility,MW,nem,NSW1
2017-10-01 19:50:00,0.197,solar_utility,MW,nem,NSW1
2017-10-01 19:55:00,0.197,solar_utility,MW,nem,NSW1
2017-10-01 20:00:00,0.197,solar_utility,MW,nem,NSW1
2017-10-01 20:05:00,0.197,solar_utility,MW,nem,NSW1
2017-10-01 20:10:00,0.197,solar_utility,MW,nem,NSW1
2017-10-01 20:15:00,0.197,solar_utility,MW,nem,NSW1
2017-10-01 20:20:00,0.197,solar_utility,MW,nem,NSW1
2017-10-01 20:25:00,0.197,solar_utility,MW,nem,NSW1
2017-10-01 20:30:00,0.197,solar_utility,MW,nem,NSW1
2017-10-01 20:35:00,0.197,solar_utility,MW,nem,NSW1
2017-10-01 20:40:00,0.197,solar_utility,MW,nem,NSW1
2017-10-01 20:45:00,0.197,solar_utility,MW,nem,NSW1
2017-10-01 20:50:00,0.197,solar_utility,MW,nem,NSW1
2017-10-01 20:55:00,0.197,solar_utility,MW,nem,NSW1
2017-10-01 21:00:00,0.197,solar_utility,MW,nem,NSW1
2017-10-01 21:05:00,0.197,solar_utility,MW,nem,NSW1
2017-10-01 21:10:00,0.197,solar_utility,MW,nem,NSW1
2017-10-01 21:15:00,0.197,solar_utility,MW,nem,NSW1
2017-10-01 21:20:00,0.197,solar_utility,MW,nem,NSW1
2017-10-01 21:25:00,0.197,solar_utility,MW,nem,NSW1
2017-10-01 21:30:00,0.197,solar_utility,MW,nem,NSW1
2017-10-01 21:35:00,0.197,solar_utility,MW,nem,NSW1
2017-10-01 21:40:00,0.197,solar_utility,MW,nem,NSW1
2017-10-01 21:45:00,0.197,solar_utility,MW,nem,NSW1
2017-10-01 21:50:00,0.197,solar_utility,MW,nem,NSW1
2017-10-01 21:55:00,0.197,solar_utility,MW,nem,NSW1
2017-10-01 22:00:00,0.197,solar_utility,MW,nem,NSW1
2017-10-01 22:05:00,0.197,solar_utility,MW,nem,NSW1
2017-10-01 22:10:00,0.197,solar_utility,MW,nem,NSW1
2017-10-01 22:15:00,0.197,solar_utility,MW,nem,NSW1
2017-10-01 22:20:00,0.197,solar_utility,MW,nem,NSW1
2017-10-01 22:25:00,0.197,solar_utility,MW,nem,NSW1
2017-10-01 22:30:00,0.197,solar_utility,MW,nem,NSW1
2017-10-01 22:35:00,0.197,solar_utility,MW,nem,NSW1
2017-10-01 22:40:00,0.197,solar_utility,MW,nem,NSW1
2017-10-01 22:45:00,0.197,solar_utility,MW,nem,NSW1
2017-10-01 22:50:00,0.197,solar_utility,MW,nem,NSW1
2017-10-01 22:55:00,0.197,solar_utility,MW,nem,NSW1
2017-10-01 23:00:00,0.197,solar_utility,MW,nem,NSW1
2017-10-01 23:05:00,0.197,solar_utility,MW,nem,NSW1
2017-10-01 23:10:00,0.197,solar_utility,MW,nem,NSW1
2017-10-01 23:15:00,0.197,solar_utility,MW,nem,NSW1
2017-10-01 23:20:00,0.197,solar_utility,MW,nem,NSW1
2017-10-01 23:25:00,0.197,solar_utility,MW,nem,NSW1
2017-10-01 23:30:00,0.197,solar_utility,MW,nem,NSW1
2017-10-01 23:35:00,0.197,solar_utility,MW,nem,NSW1
2017-10-01 23:40:00,0.197,solar_utility,MW,nem,NSW1
2017-10-01 23:45:00,0.197,solar_utility,MW,nem,NSW1
2017-10-01 23:50:00,0.197,solar_utility,MW,nem,NSW1
2017-10-01 23:55:00,0.197,solar_utility,MW,nem,NSW1
2017-10-02 00:00:00,0.197,solar_utility,MW,nem,NSW1
2017-10-02 00:05:00,0.197,solar_utility,MW,nem,NSW1
2017-10-02 00:10:00,0.197,solar_utility,MW,nem,NSW1
2017-10-02 00:15:00,0.197,solar_utility,MW,nem,NSW1
2017-10-02 00:20:00,0.197,solar_utility,MW,nem,NSW1
2017-10-02 00:25:00,0.197,solar_utility,MW,nem,NSW1
2017-10-02 00:30:00,0.197,solar_utility,MW,nem,NSW1
2017-10-02 00:35:00,0.197,solar_utility,MW,nem,NSW1
2017-10-02 00:40:00,0.197,solar_utility,MW,nem,NSW1
2017-10-02 00:45:00,0.197,solar_utility,MW,nem,NSW1
2017-10-02 00:50:00,0.197,solar_utility,MW,nem,NSW1
2017-10-02 00:55:00,0.197,solar_utility,MW,nem,NSW1
2017-10-02 01:00:00,0.197,solar_utility,MW,nem,NSW1
2017-10-02 01:05:00,0.197,solar_utility,MW,nem,NSW1
2017-10-02 01:10:00,0.197,solar_utility,MW,nem,NSW1
2017-10-02 01:15:00,0.197,solar_utility,MW,nem,NSW1
2017-10-02 01:20:00,0.197,solar_utility,MW,nem,NSW1
2017-10-02 01:25:00,0.197,solar_utility,MW,nem,NSW1
2017-10-02 01:30:00,0.197,solar_utility,MW,nem,NSW1
2017-10-02 01:35:00,0.197,solar_utility,MW,nem,NSW1
2017-10-02 01:40:00,0.197,solar_utility,MW,nem,NSW1
2017-10-02 01:45:00,0.197,solar_utility,MW,nem,NSW1
2017-10-02 01:50:00,0.197,solar_utility,MW,nem,NSW1
2017-10-02 01:55:00,0.197,solar_utility,MW,nem,NSW1
2017-10-02 02:00:00,0.197,solar_utility,MW,nem,NSW1
2017-10-02 02:05:00,0.197,solar_utility,MW,nem,NSW1
2017-10-02 02:10:00,0.197,solar_utility,MW,nem,NSW1
2017-10-02 02:15:00,0.197,solar_utility,MW,nem,NSW1
2017-10-02 02:20:00,0.197,solar_utility,MW,nem,NSW1
2017-10-02 02:25:00,0.197,solar_utility,MW,nem,NSW1
2017-10-02 02:30:00,0.197,solar_utility,MW,nem,NSW1
2017-10-02 02:35:00,0.197,solar_utility,MW,nem,NSW1
2017-10-02 02:40:00,0.197,solar_utility,MW,nem,NSW1
2017-10-02 02:45:00,0.197,solar_utility,MW,nem,NSW1
2017-10-02 02:50:00,0.197,solar_utility,MW,nem,NSW1
2017-10-02 02:55:00,0.197,solar_utility,MW,nem,NSW1
2017-10-02 03:00:00,0.197,solar_utility,MW,nem,NSW1
2017-10-02 03:05:00,0.197,solar_utility,MW,nem,NSW1
2017-10-02 03:10:00,0.197,solar_utility,MW,nem,NSW1
2017-10-02 03:15:00,0.197,solar_utility,MW,nem,NSW1
2017-10-02 03:20:00,0.197,solar_utility,MW,nem,NSW1
2017-10-02 03:25:00,0.197,solar_utility,MW,nem,NSW1
2017-10-02 03:30:00,0.197,solar_utility,MW,nem,NSW1
2017-10-02 03:35:00,0.197,solar_utility,MW,nem,NSW1
2017-10-02 03:40:00,0.197,solar_utility,MW,nem,NSW1
2017-10-02 03:45:00,0.197,solar_utility,MW,nem,NSW1
2017-10-02 03:50:00,0.197,solar_utility,MW,nem,NSW1
2017-10-02 03:55:00,0.197,solar_utility,MW,nem,NSW1
2017-10-02 04:00:00,0.197,solar_utility,MW,nem,NSW1
2017-10-02 04:05:00,0.197,solar_utility,MW,nem,NSW1
2017-10-02 04:10:00,0.197,solar_utility,MW,nem,NSW1
2017-10-02 04:15:00,0.197,solar_utility,MW,nem,NSW1
2017-10-02 04:20:00,0.197,solar_utility,MW,nem,NSW1
2017-10-02 04:25:00,0.197,solar_utility,MW,nem,NSW1
2017-10-02 04:30:00,0.197,solar_utility,MW,nem,NSW1
2017-10-02 04:35:00,0.197,solar_utility,MW,nem,NSW1
2017-10-02 04:40:00,0.197,solar_utility,MW,nem,NSW1
2017-10-02 04:45:00,0.197,solar_utility,MW,nem,NSW1
2017-10-02 04:50:00,0.197,solar_utility,MW,nem,NSW1
2017-10-02 04:55:00,0.197,solar_utility,MW,nem,NSW1
2017-10-02 05:00:00,0.197,solar_utility,MW,nem,NSW1
2017-10-02 05:05:00,0.197,solar_utility,MW,nem,NSW1
2017-10-02 05:10:00,0.197,solar_utility,MW,nem,NSW1
2017-10-02 05:15:00,0.197,solar_utility,MW,nem,NSW1
2017-10-02 05:20:00,0.197,solar_utility,MW,nem,NSW1
2017-10-02 05:25:00,0.197,solar_utility,MW,nem,NSW1
2017-10-02 05:30:00,0.197,solar_utility,MW,nem,NSW1
2017-10-02 05:35:00,0.197,solar_utility,MW,nem,NSW1
2017-10-02 05:40:00,0.197,solar_utility,MW,nem,NSW1
2017-10-02 05:45:00,0.197,solar_utility,MW,nem,NSW1
2017-10-02 05:50:00,0.197,solar_utility,MW,nem,NSW1
2017-10-02 05:55:00,0.554,solar_utility,MW,nem,NSW1
2017-10-02 06:00:00,0.8624,solar_utility,MW,nem,NSW1
2017-10-02 06:05:00,1.192,solar_utility,MW,nem,NSW1
2017-10-02 06:10:00,1.677,solar_utility,MW,nem,NSW1
2017-10-02 06:15:00,2.385,solar_utility,MW,nem,NSW1
2017-10-02 06:20:00,3.845,solar_utility,MW,nem,NSW1
2017-10-02 06:25:00,5.245,solar_utility,MW,nem,NSW1
2017-10-02 06:30:00,7.32,solar_utility,MW,nem,NSW1
2017-10-02 06:35:00,9.672,solar_utility,MW,nem,NSW1
2017-10-02 06:40:00,13.48,solar_utility,MW,nem,NSW1
2017-10-02 06:45:00,16.03,solar_utility,MW,nem,NSW1
2017-10-02 06:50:00,19.56,solar_utility,MW,nem,NSW1
2017-10-02 06:55:00,22.54,solar_utility,MW,nem,NSW1
2017-10-02 07:00:00,25.93,solar_utility,MW,nem,NSW1
2017-10-02 07:05:00,29.51,solar_utility,MW,nem,NSW1
2017-10-02 07:10:00,33.36,solar_utility,MW,nem,NSW1
2017-10-02 07:15:00,35.83,solar_utility,MW,nem,NSW1
2017-10-02 07:20:00,37.77,solar_utility,MW,nem,NSW1
2017-10-02 07:25:00,40.58,solar_utility,MW,nem,NSW1
2017-10-02 07:30:00,42.27,solar_utility,MW,nem,NSW1
2017-10-02 07:35:00,45.25,solar_utility,MW,nem,NSW1
2017-10-02 07:40:00,47.87,solar_utility,MW,nem,NSW1
2017-10-02 07:45:00,51.59,solar_utility,MW,nem,NSW1
2017-10-02 07:50:00,55.88,solar_utility,MW,nem,NSW1
2017-10-02 07:55:00,60.84,solar_utility,MW,nem,NSW1
2017-10-02 08:00:00,68.29,solar_utility,MW,nem,NSW1
2017-10-02 08:05:00,78.12,solar_utility,MW,nem,NSW1
2017-10-02 08:10:00,86.98,solar_utility,MW,nem,NSW1
2017-10-02 08:15:00,95.75,solar_utility,MW,nem,NSW1
2017-10-02 08:20:00,125.9,solar_utility,MW,nem,NSW1
2017-10-02 08:25:00,129.7,solar_utility,MW,nem,NSW1
2017-10-02 08:30:00,122.8,solar_utility,MW,nem,NSW1
2017-10-02 08:35:00,118.1,solar_utility,MW,nem,NSW1
2017-10-02 08:40:00,121.4,solar_utility,MW,nem,NSW1
2017-10-02 08:45:00,128.5,solar_utility,MW,nem,NSW1
2017-10-02 08:50:00,141.9,solar_utility,MW,nem,NSW1
2017-10-02 08:55:00,135.3,solar_utility,MW,nem,NSW1
2017-10-02 09:00:00,125.9,solar_utility,MW,nem,NSW1
2017-10-02 09:05:00,117.4,solar_utility,MW,nem,NSW1
2017-10-02 09:10:00,126.2,solar_utility,MW,nem,NSW1
2017-10-02 09:15:00,153.8,solar_utility,MW,nem,NSW1
2017-10-02 09:20:00,158.8,solar_utility,MW,nem,NSW1
2017-10-02 09:25:00,153.7,solar_utility,MW,nem,NSW1
2017-10-02 09:30:00,155.4,solar_utility,MW,nem,NSW1
2017-10-02 09:35:00,149.3,solar_utility,MW,nem,NSW1
2017-10-02 09:40:00,156.3,solar_utility,MW,nem,NSW1
2017-10-02 09:45:00,158.0,solar_utility,MW,nem,NSW1
2017-10-02 09:50:00,174.8,solar_utility,MW,nem,NSW1
2017-10-02 09:55:00,168.6,solar_utility,MW,nem,NSW1
2017-10-02 10:00:00,174.1,solar_utility,MW,nem,NSW1
2017-10-02 10:05:00,183.3,solar_utility,MW,nem,NSW1
2017-10-02 10:10:00,179.8,solar_utility,MW,nem,NSW1
2017-10-02 10:15:00,155.8,solar_utility,MW,nem,NSW1
2017-10-02 10:20:00,166.7,solar_utility,MW,nem,NSW1
2017-10-02 10:25:00,155.7,solar_utility,MW,nem,NSW1
2017-10-02 10:30:00,151.5,solar_utility,MW,nem,NSW1
2017-10-02 10:35:00,160.2,solar_utility,MW,nem,NSW1
2017-10-02 10:40:00,168.3,solar_utility,MW,nem,NSW1
2017-10-02 10:45:00,187.1,solar_utility,MW,nem,NSW1
2017-10-02 10:50:00,192.0,solar_utility,MW,nem,NSW1
2017-10-02 10:55:00,199.8,solar_utility,MW,nem,NSW1
2017-10-02 11:00:00,200.4,solar_utility,MW,nem,NSW1
2017-10-02 11:05:00,195.6,solar_utility,MW,nem,NSW1
2017-10-02 11:10:00,186.1,solar_utility,MW,nem,NSW1
2017-10-02 11:15:00,182.0,solar_utility,MW,nem,NSW1
2017-10-02 11:20:00,172.6,solar_utility,MW,nem,NSW1
2017-10-02 11:25:00,182.7,solar_utility,MW,nem,NSW1
2017-10-02 11:30:00,197.1,solar_utility,MW,nem,NSW1
2017-10-02 11:35:00,197.3,solar_utility,MW,nem,NSW1
2017-10-02 11:40:00,198.9,solar_utility,MW,nem,NSW1
2017-10-02 11:45:00,199.5,solar_utility,MW,nem,NSW1
2017-10-02 11:50:00,199.3,solar_utility,MW,nem,NSW1
2017-10-02 11:55:00,199.8,solar_utility,MW,nem,NSW1
2017-10-02 12:00:00,200.7,solar_utility,MW,nem,NSW1
2017-10-02 12:05:00,190.8,solar_utility,MW,nem,NSW1
2017-10-02 12:10:00,180.5,solar_utility,MW,nem,NSW1
2017-10-02 12:15:00,194.2,solar_utility,MW,nem,NSW1
2017-10-02 12:20:00,178.0,solar_utility,MW,nem,NSW1
2017-10-02 12:25:00,145.6,solar_utility,MW,nem,NSW1
2017-10-02 12:30:00,175.6,solar_utility,MW,nem,NSW1
2017-10-02 12:35:00,199.6,solar_utility,MW,nem,NSW1
2017-10-02 12:40:00,199.7,solar_utility,MW,nem,NSW1
2017-10-02 12:45:00,199.8,solar_utility,MW,nem,NSW1
2017-10-02 12:50:00,201.4,solar_utility,MW,nem,NSW1
2017-10-02 12:55:00,204.1,solar_utility,MW,nem,NSW1
2017-10-02 13:00:00,211.3,solar_utility,MW,nem,NSW1
2017-10-02 13:05:00,205.6,solar_utility,MW,nem,NSW1
2017-10-02 13:10:00,199.7,solar_utility,MW,nem,NSW1
2017-10-02 13:15:00,198.8,solar_utility,MW,nem,NSW1
2017-10-02 13:20:00,200.2,solar_utility,MW,nem,NSW1
2017-10-02 13:25:00,200.8,solar_utility,MW,nem,NSW1
2017-10-02 13:30:00,201.2,solar_utility,MW,nem,NSW1
2017-10-02 13:35:00,200.0,solar_utility,MW,nem,NSW1
2017-10-02 13:40:00,191.7,solar_utility,MW,nem,NSW1
2017-10-02 13:45:00,199.1,solar_utility,MW,nem,NSW1
2017-10-02 13:50:00,198.5,solar_utility,MW,nem,NSW1
2017-10-02 13:55:00,197.7,solar_utility,MW,nem,NSW1
2017-10-02 14:00:00,197.2,solar_utility,MW,nem,NSW1
2017-10-02 14:05:00,196.3,solar_utility,MW,nem,NSW1
2017-10-02 14:10:00,195.0,solar_utility,MW,nem,NSW1
2017-10-02 14:15:00,193.7,solar_utility,MW,nem,NSW1
2017-10-02 14:20:00,189.3,solar_utility,MW,nem,NSW1
2017-10-02 14:25:00,188.0,solar_utility,MW,nem,NSW1
2017-10-02 14:30:00,179.2,solar_utility,MW,nem,NSW1
2017-10-02 14:35:00,172.0,solar_utility,MW,nem,NSW1
2017-10-02 14:40:00,171.9,solar_utility,MW,nem,NSW1
2017-10-02 14:45:00,158.7,solar_utility,MW,nem,NSW1
2017-10-02 14:50:00,145.0,solar_utility,MW,nem,NSW1
2017-10-02 14:55:00,140.8,solar_utility,MW,nem,NSW1
2017-10-02 15:00:00,135.4,solar_utility,MW,nem,NSW1
2017-10-02 15:05:00,144.2,solar_utility,MW,nem,NSW1
2017-10-02 15:10:00,155.1,solar_utility,MW,nem,NSW1
2017-10-02 15:15:00,159.6,solar_utility,MW,nem,NSW1
2017-10-02 15:20:00,139.8,solar_utility,MW,nem,NSW1
2017-10-02 15:25:00,148.0,solar_utility,MW,nem,NSW1
2017-10-02 15:30:00,143.1,solar_utility,MW,nem,NSW1
2017-10-02 15:35:00,139.8,solar_utility,MW,nem,NSW1
2017-10-02 15:40:00,135.5,solar_utility,MW,nem,NSW1
2017-10-02 15:45:00,129.3,solar_utility,MW,nem,NSW1
2017-10-02 15:50:00,125.6,solar_utility,MW,nem,NSW1
2017-10-02 15:55:00,117.4,solar_utility,MW,nem,NSW1
2017-10-02 16:00:00,114.1,solar_utility,MW,nem,NSW1
2017-10-02 16:05:00,113.6,solar_utility,MW,nem,NSW1
2017-10-02 16:10:00,113.3,solar_utility,MW,nem,NSW1
2017-10-02 16:15:00,108.0,solar_utility,MW,nem,NSW1
2017-10-02 16:20:00,98.09,solar_utility,MW,nem,NSW1
2017-10-02 16:25:00,98.2,solar_utility,MW,nem,NSW1
2017-10-02 16:30:00,94.32,solar_utility,MW,nem,NSW1
2017-10-02 16:35:00,90.2,solar_utility,MW,nem,NSW1
2017-10-02 16:40:00,83.31,solar_utility,MW,nem,NSW1
2017-10-02 16:45:00,75.68,solar_utility,MW,nem,NSW1
2017-10-02 16:50:00,68.48,solar_utility,MW,nem,NSW1
2017-10-02 16:55:00,60.24,solar_utility,MW,nem,NSW1
2017-10-02 17:00:00,58.27,solar_utility,MW,nem,NSW1
2017-10-02 17:05:00,52.64,solar_utility,MW,nem,NSW1
2017-10-02 17:10:00,47.7,solar_utility,MW,nem,NSW1
2017-10-02 17:15:00,39.27,solar_utility,MW,nem,NSW1
2017-10-02 17:20:00,32.43,solar_utility,MW,nem,NSW1
2017-10-02 17:25:00,29.51,solar_utility,MW,nem,NSW1
2017-10-02 17:30:00,27.62,solar_utility,MW,nem,NSW1
2017-10-02 17:35:00,23.28,solar_utility,MW,nem,NSW1
2017-10-02 17:40:00,19.99,solar_utility,MW,nem,NSW1
2017-10-02 17:45:00,16.89,solar_utility,MW,nem,NSW1
2017-10-02 17:50:00,13.17,solar_utility,MW,nem,NSW1
2017-10-02 17:55:00,9.914,solar_utility,MW,nem,NSW1
2017-10-02 18:00:00,7.0,solar_utility,MW,nem,NSW1
2017-10-02 18:05:00,5.078,solar_utility,MW,nem,NSW1
2017-10-02 18:10:00,3.407,solar_utility,MW,nem,NSW1
2017-10-02 18:15:00,2.042,solar_utility,MW,nem,NSW1
2017-10-02 18:20:00,1.428,solar_utility,MW,nem,NSW1
2017-10-02 18:25:00,0.199,solar_utility,MW,nem,NSW1
2017-10-02 18:30:00,0.199,solar_utility,MW,nem,NSW1
2017-10-02 18:35:00,0.199,solar_utility,MW,nem,NSW1
2017-10-02 18:40:00,0.199,solar_utility,MW,nem,NSW1
2017-10-02 18:45:00,0.199,solar_utility,MW,nem,NSW1
2017-10-02 18:50:00,0.199,solar_utility,MW,nem,NSW1
2017-10-02 18:55:00,0.199,solar_utility,MW,nem,NSW1
2017-10-02 19:00:00,0.199,solar_utility,MW,nem,NSW1
2017-10-02 19:05:00,0.199,solar_utility,MW,nem,NSW1
2017-10-02 19:10:00,0.199,solar_utility,MW,nem,NSW1
2017-10-02 19:15:00,0.199,solar_utility,MW,nem,NSW1
2017-10-02 19:20:00,0.199,solar_utility,MW,nem,NSW1
2017-10-02 19:25:00,0.199,solar_utility,MW,nem,NSW1
2017-10-02 19:30:00,0.199,solar_utility,MW,nem,NSW1
2017-10-02 19:35:00,0.199,solar_utility,MW,nem,NSW1
2017-10-02 19:40:00,0.199,solar_utility,MW,nem,NSW1
2017-10-02 19:45:00,0.199,solar_utility,MW,nem,NSW1
2017-10-02 19:50:00,0.199,solar_utility,MW,nem,NSW1
2017-10-02 19:55:00,0.199,solar_utility,MW,nem,NSW1
2017-10-02 20:00:00,0.199,solar_utility,MW,nem,NSW1
2017-10-02 20:05:00,0.199,solar_utility,MW,nem,NSW1
2017-10-02 20:10:00,0.199,solar_utility,MW,nem,NSW1
2017-10-02 20:15:00,0.199,solar_utility,MW,nem,NSW1
2017-10-02 20:20:00,0.199,solar_utility,MW,nem,NSW1
2017-10-02 20:25:00,0.199,solar_utility,MW,nem,NSW1
2017-10-02 20:30:00,0.199,solar_utility,MW,nem,NSW1
2017-10-02 20:35:00,0.199,solar_utility,MW,nem,NSW1
2017-10-02 20:40:00,0.199,solar_utility,MW,nem,NSW1
2017-10-02 20:45:00,0.199,solar_utility,MW,nem,NSW1
2017-10-02 20:50:00,0.199,solar_utility,MW,nem,NSW1
2017-10-02 20:55:00,0.199,solar_utility,MW,nem,NSW1
2017-10-02 21:00:00,0.199,solar_utility,MW,nem,NSW1
2017-10-02 21:05:00,0.199,solar_utility,MW,nem,NSW1
2017-10-02 21:10:00,0.199,solar_utility,MW,nem,NSW1
2017-10-02 21:15:00,0.199,solar_utility,MW,nem,NSW1
2017-10-02 21:20:00,0.199,solar_utility,MW,nem,NSW1
2017-10-02 21:25:00,0.199,solar_utility,MW,nem,NSW1
2017-10-02 21:30:00,0.199,solar_utility,MW,nem,NSW1
2017-10-02 21:35:00,0.199,solar_utility,MW,nem,NSW1
2017-10-02 21:40:00,0.199,solar_utility,MW,nem,NSW1
2017-10-02 21:45:00,0.199,solar_utility,MW,nem,NSW1
2017-10-02 21:50:00,0.199,solar_utility,MW,nem,NSW1
2017-10-02 21:55:00,0.199,solar_utility,MW,nem,NSW1
2017-10-02 22:00:00,0.199,solar_utility,MW,nem,NSW1
2017-10-02 22:05:00,0.199,solar_utility,MW,nem,NSW1
2017-10-02 22:10:00,0.199,solar_utility,MW,nem,NSW1
2017-10-02 22:15:00,0.199,solar_utility,MW,nem,NSW1
2017-10-02 22:20:00,0.199,solar_utility,MW,nem,NSW1
2017-10-02 22:25:00,0.199,solar_utility,MW,nem,NSW1
2017-10-02 22:30:00,0.199,solar_utility,MW,nem,NSW1
2017-10-02 22:35:00,0.199,solar_utility,MW,nem,NSW1
2017-10-02 22:40:00,0.199,solar_utility,MW,nem,NSW1
2017-10-02 22:45:00,0.199,solar_utility,MW,nem,NSW1
2017-10-02 22:50:00,0.199,solar_utility,MW,nem,NSW1
2017-10-02 22:55:00,0.199,solar_utility,MW,nem,NSW1
2017-10-02 23:00:00,0.199,solar_utility,MW,nem,NSW1
2017-10-02 23:05:00,0.199,solar_utility,MW,nem,NSW1
2017-10-02 23:10:00,0.199,solar_utility,MW,nem,NSW1
2017-10-02 23:15:00,0.199,solar_utility,MW,nem,NSW1
2017-10-02 23:20:00,0.199,solar_utility,MW,nem,NSW1
2017-10-02 23:25:00,0.199,solar_utility,MW,nem,NSW1
2017-10-02 23:30:00,0.199,solar_utility,MW,nem,NSW1
2017-10-02 23:35:00,0.199,solar_utility,MW,nem,NSW1
2017-10-02 23:40:00,0.199,solar_utility,MW,nem,NSW1
2017-10-02 23:45:00,0.199,solar_utility,MW,nem,NSW1
2017-10-02 23:50:00,0.199,solar_utility,MW,nem,NSW1
2017-10-02 23:55:00,0.199,solar_utility,MW,nem,NSW1
2017-10-03 00:00:00,0.199,solar_utility,MW,nem,NSW1
2017-10-03 00:05:00,0.199,solar_utility,MW,nem,NSW1
2017-10-03 00:10:00,0.199,solar_utility,MW,nem,NSW1
2017-10-03 00:15:00,0.199,solar_utility,MW,nem,NSW1
2017-10-03 00:20:00,0.199,solar_utility,MW,nem,NSW1
2017-10-03 00:25:00,0.199,solar_utility,MW,nem,NSW1
2017-10-03 00:30:00,0.199,solar_utility,MW,nem,NSW1
2017-10-03 00:35:00,0.199,solar_utility,MW,nem,NSW1
2017-10-03 00:40:00,0.199,solar_utility,MW,nem,NSW1
2017-10-03 00:45:00,0.199,solar_utility,MW,nem,NSW1
2017-10-03 00:50:00,0.199,solar_utility,MW,nem,NSW1
2017-10-03 00:55:00,0.199,solar_utility,MW,nem,NSW1
2017-10-03 01:00:00,0.199,solar_utility,MW,nem,NSW1
2017-10-03 01:05:00,0.199,solar_utility,MW,nem,NSW1
2017-10-03 01:10:00,0.199,solar_utility,MW,nem,NSW1
2017-10-03 01:15:00,0.199,solar_utility,MW,nem,NSW1
2017-10-03 01:20:00,0.199,solar_utility,MW,nem,NSW1
2017-10-03 01:25:00,0.199,solar_utility,MW,nem,NSW1
2017-10-03 01:30:00,0.199,solar_utility,MW,nem,NSW1
2017-10-03 01:35:00,0.199,solar_utility,MW,nem,NSW1
2017-10-03 01:40:00,0.199,solar_utility,MW,nem,NSW1
2017-10-03 01:45:00,0.199,solar_utility,MW,nem,NSW1
2017-10-03 01:50:00,0.199,solar_utility,MW,nem,NSW1
2017-10-03 01:55:00,0.199,solar_utility,MW,nem,NSW1
2017-10-03 02:00:00,0.199,solar_utility,MW,nem,NSW1
2017-10-03 02:05:00,0.199,solar_utility,MW,nem,NSW1
2017-10-03 02:10:00,0.199,solar_utility,MW,nem,NSW1
2017-10-03 02:15:00,0.199,solar_utility,MW,nem,NSW1
2017-10-03 02:20:00,0.199,solar_utility,MW,nem,NSW1
2017-10-03 02:25:00,0.199,solar_utility,MW,nem,NSW1
2017-10-03 02:30:00,0.199,solar_utility,MW,nem,NSW1
2017-10-03 02:35:00,0.199,solar_utility,MW,nem,NSW1
2017-10-03 02:40:00,0.199,solar_utility,MW,nem,NSW1
2017-10-03 02:45:00,0.199,solar_utility,MW,nem,NSW1
2017-10-03 02:50:00,0.199,solar_utility,MW,nem,NSW1
2017-10-03 02:55:00,0.199,solar_utility,MW,nem,NSW1
2017-10-03 03:00:00,0.199,solar_utility,MW,nem,NSW1
2017-10-03 03:05:00,0.199,solar_utility,MW,nem,NSW1
2017-10-03 03:10:00,0.199,solar_utility,MW,nem,NSW1
2017-10-03 03:15:00,0.199,solar_utility,MW,nem,NSW1
2017-10-03 03:20:00,0.199,solar_utility,MW,nem,NSW1
2017-10-03 03:25:00,0.199,solar_utility,MW,nem,NSW1
2017-10-03 03:30:00,0.199,solar_utility,MW,nem,NSW1
2017-10-03 03:35:00,0.199,solar_utility,MW,nem,NSW1
2017-10-03 03:40:00,0.199,solar_utility,MW,nem,NSW1
2017-10-03 03:45:00,0.199,solar_utility,MW,nem,NSW1
2017-10-03 03:50:00,0.199,solar_utility,MW,nem,NSW1
2017-10-03 03:55:00,0.199,solar_utility,MW,nem,NSW1
2017-10-03 04:00:00,0.199,solar_utility,MW,nem,NSW1
2017-10-03 04:05:00,0.199,solar_utility,MW,nem,NSW1
2017-10-03 04:10:00,0.199,solar_utility,MW,nem,NSW1
2017-10-03 04:15:00,0.199,solar_utility,MW,nem,NSW1
2017-10-03 04:20:00,0.199,solar_utility,MW,nem,NSW1
2017-10-03 04:25:00,0.199,solar_utility,MW,nem,NSW1
2017-10-03 04:30:00,0.199,solar_utility,MW,nem,NSW1
2017-10-03 04:35:00,0.199,solar_utility,MW,nem,NSW1
2017-10-03 04:40:00,0.199,solar_utility,MW,nem,NSW1
2017-10-03 04:45:00,0.199,solar_utility,MW,nem,NSW1
2017-10-03 04:50:00,0.199,solar_utility,MW,nem,NSW1
2017-10-03 04:55:00,0.199,solar_utility,MW,nem,NSW1
2017-10-03 05:00:00,0.199,solar_utility,MW,nem,NSW1
2017-10-03 05:05:00,0.199,solar_utility,MW,nem,NSW1
2017-10-03 05:10:00,0.199,solar_utility,MW,nem,NSW1
2017-10-03 05:15:00,0.199,solar_utility,MW,nem,NSW1
2017-10-03 05:20:00,0.199,solar_utility,MW,nem,NSW1
2017-10-03 05:25:00,0.199,solar_utility,MW,nem,NSW1
2017-10-03 05:30:00,0.199,solar_utility,MW,nem,NSW1
2017-10-03 05:35:00,0.199,solar_utility,MW,nem,NSW1
2017-10-03 05:40:00,0.199,solar_utility,MW,nem,NSW1
2017-10-03 05:45:00,0.199,solar_utility,MW,nem,NSW1
2017-10-03 05:50:00,0.199,solar_utility,MW,nem,NSW1
2017-10-03 05:55:00,0.199,solar_utility,MW,nem,NSW1
2017-10-03 06:00:00,0.5574,solar_utility,MW,nem,NSW1
2017-10-03 06:05:00,1.693,solar_utility,MW,nem,NSW1
2017-10-03 06:10:00,2.813,solar_utility,MW,nem,NSW1
2017-10-03 06:15:00,4.195,solar_utility,MW,nem,NSW1
2017-10-03 06:20:00,5.386,solar_utility,MW,nem,NSW1
2017-10-03 06:25:00,7.936,solar_utility,MW,nem,NSW1
2017-10-03 06:30:00,9.92,solar_utility,MW,nem,NSW1
2017-10-03 06:35:00,14.06,solar_utility,MW,nem,NSW1
2017-10-03 06:40:00,24.5,solar_utility,MW,nem,NSW1
2017-10-03 06:45:00,23.94,solar_utility,MW,nem,NSW1
2017-10-03 06:50:00,34.73,solar_utility,MW,nem,NSW1
2017-10-03 06:55:00,26.91,solar_utility,MW,nem,NSW1
2017-10-03 07:00:00,28.39,solar_utility,MW,nem,NSW1
2017-10-03 07:05:00,30.04,solar_utility,MW,nem,NSW1
2017-10-03 07:10:00,33.22,solar_utility,MW,nem,NSW1
2017-10-03 07:15:00,37.28,solar_utility,MW,nem,NSW1
2017-10-03 07:20:00,45.09,solar_utility,MW,nem,NSW1
2017-10-03 07:25:00,61.26,solar_utility,MW,nem,NSW1
2017-10-03 07:30:00,77.37,solar_utility,MW,nem,NSW1
2017-10-03 07:35:00,81.38,solar_utility,MW,nem,NSW1
2017-10-03 07:40:00,85.48,solar_utility,MW,nem,NSW1
2017-10-03 07:45:00,90.96,solar_utility,MW,nem,NSW1
2017-10-03 07:50:00,93.43,solar_utility,MW,nem,NSW1
2017-10-03 07:55:00,92.38,solar_utility,MW,nem,NSW1
2017-10-03 08:00:00,105.1,solar_utility,MW,nem,NSW1
2017-10-03 08:05:00,113.3,solar_utility,MW,nem,NSW1
2017-10-03 08:10:00,143.1,solar_utility,MW,nem,NSW1
2017-10-03 08:15:00,154.3,solar_utility,MW,nem,NSW1
2017-10-03 08:20:00,150.8,solar_utility,MW,nem,NSW1
2017-10-03 08:25:00,148.3,solar_utility,MW,nem,NSW1
2017-10-03 08:30:00,159.7,solar_utility,MW,nem,NSW1
2017-10-03 08:35:00,175.4,solar_utility,MW,nem,NSW1
2017-10-03 08:40:00,175.0,solar_utility,MW,nem,NSW1
2017-10-03 08:45:00,184.2,solar_utility,MW,nem,NSW1
2017-10-03 08:50:00,196.8,solar_utility,MW,nem,NSW1
2017-10-03 08:55:00,201.7,solar_utility,MW,nem,NSW1
2017-10-03 09:00:00,199.6,solar_utility,MW,nem,NSW1
2017-10-03 09:05:00,179.5,solar_utility,MW,nem,NSW1
2017-10-03 09:10:00,205.0,solar_utility,MW,nem,NSW1
2017-10-03 09:15:00,203.5,solar_utility,MW,nem,NSW1
2017-10-03 09:20:00,204.6,solar_utility,MW,nem,NSW1
2017-10-03 09:25:00,212.5,solar_utility,MW,nem,NSW1
2017-10-03 09:30:00,214.0,solar_utility,MW,nem,NSW1
2017-10-03 09:35:00,228.8,solar_utility,MW,nem,NSW1
2017-10-03 09:40:00,227.7,solar_utility,MW,nem,NSW1
2017-10-03 09:45:00,231.4,solar_utility,MW,nem,NSW1
2017-10-03 09:50:00,218.3,solar_utility,MW,nem,NSW1
2017-10-03 09:55:00,201.0,solar_utility,MW,nem,NSW1
2017-10-03 10:00:00,209.4,solar_utility,MW,nem,NSW1
2017-10-03 10:05:00,217.8,solar_utility,MW,nem,NSW1
2017-10-03 10:10:00,221.2,solar_utility,MW,nem,NSW1
2017-10-03 10:15:00,225.9,solar_utility,MW,nem,NSW1
2017-10-03 10:20:00,223.9,solar_utility,MW,nem,NSW1
2017-10-03 10:25:00,208.7,solar_utility,MW,nem,NSW1
2017-10-03 10:30:00,224.9,solar_utility,MW,nem,NSW1
2017-10-03 10:35:00,205.2,solar_utility,MW,nem,NSW1
2017-10-03 10:40:00,203.9,solar_utility,MW,nem,NSW1
2017-10-03 10:45:00,193.3,solar_utility,MW,nem,NSW1
2017-10-03 10:50:00,202.2,solar_utility,MW,nem,NSW1
2017-10-03 10:55:00,190.8,solar_utility,MW,nem,NSW1
2017-10-03 11:00:00,187.5,solar_utility,MW,nem,NSW1
2017-10-03 11:05:00,174.7,solar_utility,MW,nem,NSW1
2017-10-03 11:10:00,161.4,solar_utility,MW,nem,NSW1
2017-10-03 11:15:00,168.8,solar_utility,MW,nem,NSW1
2017-10-03 11:20:00,196.8,solar_utility,MW,nem,NSW1
2017-10-03 11:25:00,185.7,solar_utility,MW,nem,NSW1
2017-10-03 11:30:00,197.0,solar_utility,MW,nem,NSW1
2017-10-03 11:35:00,218.1,solar_utility,MW,nem,NSW1
2017-10-03 11:40:00,204.5,solar_utility,MW,nem,NSW1
2017-10-03 11:45:00,201.6,solar_utility,MW,nem,NSW1
2017-10-03 11:50:00,226.2,solar_utility,MW,nem,NSW1
2017-10-03 11:55:00,215.2,solar_utility,MW,nem,NSW1
2017-10-03 12:00:00,206.2,solar_utility,MW,nem,NSW1
2017-10-03 12:05:00,198.2,solar_utility,MW,nem,NSW1
2017-10-03 12:10:00,185.4,solar_utility,MW,nem,NSW1
2017-10-03 12:15:00,193.4,solar_utility,MW,nem,NSW1
2017-10-03 12:20:00,198.7,solar_utility,MW,nem,NSW1
2017-10-03 12:25:00,203.8,solar_utility,MW,nem,NSW1
2017-10-03 12:30:00,197.4,solar_utility,MW,nem,NSW1
2017-10-03 12:35:00,194.6,solar_utility,MW,nem,NSW1
2017-10-03 12:40:00,193.8,solar_utility,MW,nem,NSW1
2017-10-03 12:45:00,188.5,solar_utility,MW,nem,NSW1
2017-10-03 12:50:00,162.9,solar_utility,MW,nem,NSW1
2017-10-03 12:55:00,134.8,solar_utility,MW,nem,NSW1
2017-10-03 13:00:00,145.6,solar_utility,MW,nem,NSW1
2017-10-03 13:05:00,159.8,solar_utility,MW,nem,NSW1
2017-10-03 13:10:00,184.5,solar_utility,MW,nem,NSW1
2017-10-03 13:15:00,193.3,solar_utility,MW,nem,NSW1
2017-10-03 13:20:00,201.9,solar_utility,MW,nem,NSW1
2017-10-03 13:25:00,195.7,solar_utility,MW,nem,NSW1
2017-10-03 13:30:00,218.1,solar_utility,MW,nem,NSW1
2017-10-03 13:35:00,237.6,solar_utility,MW,nem,NSW1
2017-10-03 13:40:00,234.7,solar_utility,MW,nem,NSW1
2017-10-03 13:45:00,232.8,solar_utility,MW,nem,NSW1
2017-10-03 13:50:00,242.3,solar_utility,MW,nem,NSW1
2017-10-03 13:55:00,231.3,solar_utility,MW,nem,NSW1
2017-10-03 14:00:00,227.3,solar_utility,MW,nem,NSW1
2017-10-03 14:05:00,181.3,solar_utility,MW,nem,NSW1
2017-10-03 14:10:00,146.7,solar_utility,MW,nem,NSW1
2017-10-03 14:15:00,138.2,solar_utility,MW,nem,NSW1
2017-10-03 14:20:00,144.0,solar_utility,MW,nem,NSW1
2017-10-03 14:25:00,176.2,solar_utility,MW,nem,NSW1
2017-10-03 14:30:00,188.7,solar_utility,MW,nem,NSW1
2017-10-03 14:35:00,163.6,solar_utility,MW,nem,NSW1
2017-10-03 14:40:00,161.2,solar_utility,MW,nem,NSW1
2017-10-03 14:45:00,159.1,solar_utility,MW,nem,NSW1
2017-10-03 14:50:00,156.8,solar_utility,MW,nem,NSW1
2017-10-03 14:55:00,153.8,solar_utility,MW,nem,NSW1
2017-10-03 15:00:00,145.1,solar_utility,MW,nem,NSW1
2017-10-03 15:05:00,145.4,solar_utility,MW,nem,NSW1
2017-10-03 15:10:00,142.4,solar_utility,MW,nem,NSW1
2017-10-03 15:15:00,140.1,solar_utility,MW,nem,NSW1
2017-10-03 15:20:00,137.8,solar_utility,MW,nem,NSW1
2017-10-03 15:25:00,135.8,solar_utility,MW,nem,NSW1
2017-10-03 15:30:00,134.7,solar_utility,MW,nem,NSW1
2017-10-03 15:35:00,133.5,solar_utility,MW,nem,NSW1
2017-10-03 15:40:00,132.3,solar_utility,MW,nem,NSW1
2017-10-03 15:45:00,130.8,solar_utility,MW,nem,NSW1
2017-10-03 15:50:00,129.3,solar_utility,MW,nem,NSW1
2017-10-03 15:55:00,128.8,solar_utility,MW,nem,NSW1
2017-10-03 16:00:00,126.9,solar_utility,MW,nem,NSW1
2017-10-03 16:05:00,124.3,solar_utility,MW,nem,NSW1
2017-10-03 16:10:00,122.1,solar_utility,MW,nem,NSW1
2017-10-03 16:15:00,120.6,solar_utility,MW,nem,NSW1
2017-10-03 16:20:00,116.6,solar_utility,MW,nem,NSW1
2017-10-03 16:25:00,114.1,solar_utility,MW,nem,NSW1
2017-10-03 16:30:00,109.0,solar_utility,MW,nem,NSW1
2017-10-03 16:35:00,104.3,solar_utility,MW,nem,NSW1
2017-10-03 16:40:00,100.1,solar_utility,MW,nem,NSW1
2017-10-03 16:45:00,94.0,solar_utility,MW,nem,NSW1
2017-10-03 16:50:00,88.96,solar_utility,MW,nem,NSW1
2017-10-03 16:55:00,79.02,solar_utility,MW,nem,NSW1
2017-10-03 17:00:00,64.65,solar_utility,MW,nem,NSW1
2017-10-03 17:05:00,54.09,solar_utility,MW,nem,NSW1
2017-10-03 17:10:00,51.41,solar_utility,MW,nem,NSW1
2017-10-03 17:15:00,32.53,solar_utility,MW,nem,NSW1
2017-10-03 17:20:00,27.2,solar_utility,MW,nem,NSW1
2017-10-03 17:25:00,24.22,solar_utility,MW,nem,NSW1
2017-10-03 17:30:00,19.83,solar_utility,MW,nem,NSW1
2017-10-03 17:35:00,17.01,solar_utility,MW,nem,NSW1
2017-10-03 17:40:00,14.43,solar_utility,MW,nem,NSW1
2017-10-03 17:45:00,12.29,solar_utility,MW,nem,NSW1
2017-10-03 17:50:00,10.06,solar_utility,MW,nem,NSW1
2017-10-03 17:55:00,7.457,solar_utility,MW,nem,NSW1
2017-10-03 18:00:00,5.759,solar_utility,MW,nem,NSW1
2017-10-03 18:05:00,4.234,solar_utility,MW,nem,NSW1
2017-10-03 18:10:00,2.666,solar_utility,MW,nem,NSW1
2017-10-03 18:15:00,2.051,solar_utility,MW,nem,NSW1
2017-10-03 18:20:00,1.437,solar_utility,MW,nem,NSW1
2017-10-03 18:25:00,0.208,solar_utility,MW,nem,NSW1
2017-10-03 18:30:00,0.208,solar_utility,MW,nem,NSW1
2017-10-03 18:35:00,0.208,solar_utility,MW,nem,NSW1
2017-10-03 18:40:00,0.208,solar_utility,MW,nem,NSW1
2017-10-03 18:45:00,0.208,solar_utility,MW,nem,NSW1
2017-10-03 18:50:00,0.208,solar_utility,MW,nem,NSW1
2017-10-03 18:55:00,0.208,solar_utility,MW,nem,NSW1
2017-10-03 19:00:00,0.208,solar_utility,MW,nem,NSW1
2017-10-03 19:05:00,0.208,solar_utility,MW,nem,NSW1
2017-10-03 19:10:00,0.208,solar_utility,MW,nem,NSW1
2017-10-03 19:15:00,0.208,solar_utility,MW,nem,NSW1
2017-10-03 19:20:00,0.208,solar_utility,MW,nem,NSW1
2017-10-03 19:25:00,0.208,solar_utility,MW,nem,NSW1
2017-10-03 19:30:00,0.208,solar_utility,MW,nem,NSW1
2017-10-03 19:35:00,0.208,solar_utility,MW,nem,NSW1
2017-10-03 19:40:00,0.208,solar_utility,MW,nem,NSW1
2017-10-03 19:45:00,0.208,solar_utility,MW,nem,NSW1
2017-10-03 19:50:00,0.208,solar_utility,MW,nem,NSW1
2017-10-03 19:55:00,0.208,solar_utility,MW,nem,NSW1
2017-10-03 20:00:00,0.208,solar_utility,MW,nem,NSW1
2017-10-03 20:05:00,0.208,solar_utility,MW,nem,NSW1
2017-10-03 20:10:00,0.208,solar_utility,MW,nem,NSW1
2017-10-03 20:15:00,0.208,solar_utility,MW,nem,NSW1
2017-10-03 20:20:00,0.208,solar_utility,MW,nem,NSW1
2017-10-03 20:25:00,0.208,solar_utility,MW,nem,NSW1
2017-10-03 20:30:00,0.208,solar_utility,MW,nem,NSW1
2017-10-03 20:35:00,0.208,solar_utility,MW,nem,NSW1
2017-10-03 20:40:00,0.208,solar_utility,MW,nem,NSW1
2017-10-03 20:45:00,0.208,solar_utility,MW,nem,NSW1
2017-10-03 20:50:00,0.208,solar_utility,MW,nem,NSW1
2017-10-03 20:55:00,0.208,solar_utility,MW,nem,NSW1
2017-10-03 21:00:00,0.208,solar_utility,MW,nem,NSW1
2017-10-03 21:05:00,0.208,solar_utility,MW,nem,NSW1
2017-10-03 21:10:00,0.208,solar_utility,MW,nem,NSW1
2017-10-03 21:15:00,0.208,solar_utility,MW,nem,NSW1
2017-10-03 21:20:00,0.208,solar_utility,MW,nem,NSW1
2017-10-03 21:25:00,0.208,solar_utility,MW,nem,NSW1
2017-10-03 21:30:00,0.208,solar_utility,MW,nem,NSW1
2017-10-03 21:35:00,0.208,solar_utility,MW,nem,NSW1
2017-10-03 21:40:00,0.208,solar_utility,MW,nem,NSW1
2017-10-03 21:45:00,0.208,solar_utility,MW,nem,NSW1
2017-10-03 21:50:00,0.208,solar_utility,MW,nem,NSW1
2017-10-03 21:55:00,0.208,solar_utility,MW,nem,NSW1
2017-10-03 22:00:00,0.208,solar_utility,MW,nem,NSW1
2017-10-03 22:05:00,0.208,solar_utility,MW,nem,NSW1
2017-10-03 22:10:00,0.208,solar_utility,MW,nem,NSW1
2017-10-03 22:15:00,0.208,solar_utility,MW,nem,NSW1
2017-10-03 22:20:00,0.208,solar_utility,MW,nem,NSW1
2017-10-03 22:25:00,0.208,solar_utility,MW,nem,NSW1
2017-10-03 22:30:00,0.208,solar_utility,MW,nem,NSW1
2017-10-03 22:35:00,0.208,solar_utility,MW,nem,NSW1
2017-10-03 22:40:00,0.208,solar_utility,MW,nem,NSW1
2017-10-03 22:45:00,0.208,solar_utility,MW,nem,NSW1
2017-10-03 22:50:00,0.208,solar_utility,MW,nem,NSW1
2017-10-03 22:55:00,0.208,solar_utility,MW,nem,NSW1
2017-10-03 23:00:00,0.208,solar_utility,MW,nem,NSW1
2017-10-03 23:05:00,0.208,solar_utility,MW,nem,NSW1
2017-10-03 23:10:00,0.208,solar_utility,MW,nem,NSW1
2017-10-03 23:15:00,0.208,solar_utility,MW,nem,NSW1
2017-10-03 23:20:00,0.208,solar_utility,MW,nem,NSW1
2017-10-03 23:25:00,0.208,solar_utility,MW,nem,NSW1
2017-10-03 23:30:00,0.208,solar_utility,MW,nem,NSW1
2017-10-03 23:35:00,0.208,solar_utility,MW,nem,NSW1
2017-10-03 23:40:00,0.208,solar_utility,MW,nem,NSW1
2017-10-03 23:45:00,0.208,solar_utility,MW,nem,NSW1
2017-10-03 23:50:00,0.208,solar_utility,MW,nem,NSW1
2017-10-03 23:55:00,0.208,solar_utility,MW,nem,NSW1
2017-10-04 00:00:00,0.208,solar_utility,MW,nem,NSW1
2017-10-04 00:05:00,0.208,solar_utility,MW,nem,NSW1
2017-10-04 00:10:00,0.208,solar_utility,MW,nem,NSW1
2017-10-04 00:15:00,0.208,solar_utility,MW,nem,NSW1
2017-10-04 00:20:00,0.208,solar_utility,MW,nem,NSW1
2017-10-04 00:25:00,0.208,solar_utility,MW,nem,NSW1
2017-10-04 00:30:00,0.208,solar_utility,MW,nem,NSW1
2017-10-04 00:35:00,0.208,solar_utility,MW,nem,NSW1
2017-10-04 00:40:00,0.208,solar_utility,MW,nem,NSW1
2017-10-04 00:45:00,0.208,solar_utility,MW,nem,NSW1
2017-10-04 00:50:00,0.208,solar_utility,MW,nem,NSW1
2017-10-04 00:55:00,0.208,solar_utility,MW,nem,NSW1
2017-10-04 01:00:00,0.208,solar_utility,MW,nem,NSW1
2017-10-04 01:05:00,0.208,solar_utility,MW,nem,NSW1
2017-10-04 01:10:00,0.208,solar_utility,MW,nem,NSW1
2017-10-04 01:15:00,0.208,solar_utility,MW,nem,NSW1
2017-10-04 01:20:00,0.208,solar_utility,MW,nem,NSW1
2017-10-04 01:25:00,0.208,solar_utility,MW,nem,NSW1
2017-10-04 01:30:00,0.208,solar_utility,MW,nem,NSW1
2017-10-04 01:35:00,0.208,solar_utility,MW,nem,NSW1
2017-10-04 01:40:00,0.208,solar_utility,MW,nem,NSW1
2017-10-04 01:45:00,0.208,solar_utility,MW,nem,NSW1
2017-10-04 01:50:00,0.208,solar_utility,MW,nem,NSW1
2017-10-04 01:55:00,0.208,solar_utility,MW,nem,NSW1
2017-10-04 02:00:00,0.208,solar_utility,MW,nem,NSW1
2017-10-04 02:05:00,0.208,solar_utility,MW,nem,NSW1
2017-10-04 02:10:00,0.208,solar_utility,MW,nem,NSW1
2017-10-04 02:15:00,0.208,solar_utility,MW,nem,NSW1
2017-10-04 02:20:00,0.208,solar_utility,MW,nem,NSW1
2017-10-04 02:25:00,0.208,solar_utility,MW,nem,NSW1
2017-10-04 02:30:00,0.208,solar_utility,MW,nem,NSW1
2017-10-04 02:35:00,0.208,solar_utility,MW,nem,NSW1
2017-10-04 02:40:00,0.208,solar_utility,MW,nem,NSW1
2017-10-04 02:45:00,0.208,solar_utility,MW,nem,NSW1
2017-10-04 02:50:00,0.208,solar_utility,MW,nem,NSW1
2017-10-04 02:55:00,0.208,solar_utility,MW,nem,NSW1
2017-10-04 03:00:00,0.208,solar_utility,MW,nem,NSW1
2017-10-04 03:05:00,0.208,solar_utility,MW,nem,NSW1
2017-10-04 03:10:00,0.208,solar_utility,MW,nem,NSW1
2017-10-04 03:15:00,0.208,solar_utility,MW,nem,NSW1
2017-10-04 03:20:00,0.208,solar_utility,MW,nem,NSW1
2017-10-04 03:25:00,0.208,solar_utility,MW,nem,NSW1
2017-10-04 03:30:00,0.208,solar_utility,MW,nem,NSW1
2017-10-04 03:35:00,0.208,solar_utility,MW,nem,NSW1
2017-10-04 03:40:00,0.208,solar_utility,MW,nem,NSW1
2017-10-04 03:45:00,0.208,solar_utility,MW,nem,NSW1
2017-10-04 03:50:00,0.208,solar_utility,MW,nem,NSW1
2017-10-04 03:55:00,0.208,solar_utility,MW,nem,NSW1
2017-10-04 04:00:00,0.208,solar_utility,MW,nem,NSW1
2017-10-04 04:05:00,0.208,solar_utility,MW,nem,NSW1
2017-10-04 04:10:00,0.208,solar_utility,MW,nem,NSW1
2017-10-04 04:15:00,0.208,solar_utility,MW,nem,NSW1
2017-10-04 04:20:00,0.208,solar_utility,MW,nem,NSW1
2017-10-04 04:25:00,0.208,solar_utility,MW,nem,NSW1
2017-10-04 04:30:00,0.208,solar_utility,MW,nem,NSW1
2017-10-04 04:35:00,0.208,solar_utility,MW,nem,NSW1
2017-10-04 04:40:00,0.208,solar_utility,MW,nem,NSW1
2017-10-04 04:45:00,0.208,solar_utility,MW,nem,NSW1
2017-10-04 04:50:00,0.208,solar_utility,MW,nem,NSW1
2017-10-04 04:55:00,0.208,solar_utility,MW,nem,NSW1
2017-10-04 05:00:00,0.208,solar_utility,MW,nem,NSW1
2017-10-04 05:05:00,0.208,solar_utility,MW,nem,NSW1
2017-10-04 05:10:00,0.208,solar_utility,MW,nem,NSW1
2017-10-04 05:15:00,0.208,solar_utility,MW,nem,NSW1
2017-10-04 05:20:00,0.208,solar_utility,MW,nem,NSW1
2017-10-04 05:25:00,0.208,solar_utility,MW,nem,NSW1
2017-10-04 05:30:00,0.208,solar_utility,MW,nem,NSW1
2017-10-04 05:35:00,0.208,solar_utility,MW,nem,NSW1
2017-10-04 05:40:00,0.208,solar_utility,MW,nem,NSW1
2017-10-04 05:45:00,0.208,solar_utility,MW,nem,NSW1
2017-10-04 05:50:00,0.336,solar_utility,MW,nem,NSW1
2017-10-04 05:55:00,1.215,solar_utility,MW,nem,NSW1
2017-10-04 06:00:00,1.921,solar_utility,MW,nem,NSW1
2017-10-04 06:05:00,3.129,solar_utility,MW,nem,NSW1
2017-10-04 06:10:00,8.855,solar_utility,MW,nem,NSW1
2017-10-04 06:15:00,12.96,solar_utility,MW,nem,NSW1
2017-10-04 06:20:00,17.42,solar_utility,MW,nem,NSW1
2017-10-04 06:25:00,23.22,solar_utility,MW,nem,NSW1
2017-10-04 06:30:00,29.85,solar_utility,MW,nem,NSW1
2017-10-04 06:35:00,35.84,solar_utility,MW,nem,NSW1
2017-10-04 06:40:00,42.73,solar_utility,MW,nem,NSW1
2017-10-04 06:45:00,50.04,solar_utility,MW,nem,NSW1
2017-10-04 06:50:00,58.03,solar_utility,MW,nem,NSW1
2017-10-04 06:55:00,65.86,solar_utility,MW,nem,NSW1
2017-10-04 07:00:00,74.33,solar_utility,MW,nem,NSW1
2017-10-04 07:05:00,82.29,solar_utility,MW,nem,NSW1
2017-10-04 07:10:00,86.29,solar_utility,MW,nem,NSW1
2017-10-04 07:15:00,94.16,solar_utility,MW,nem,NSW1
2017-10-04 07:20:00,99.96,solar_utility,MW,nem,NSW1
2017-10-04 07:25:00,102.5,solar_utility,MW,nem,NSW1
2017-10-04 07:30:00,110.7,solar_utility,MW,nem,NSW1
2017-10-04 07:35:00,115.4,solar_utility,MW,nem,NSW1
2017-10-04 07:40:00,123.6,solar_utility,MW,nem,NSW1
2017-10-04 07:45:00,131.4,solar_utility,MW,nem,NSW1
2017-10-04 07:50:00,136.3,solar_utility,MW,nem,NSW1
2017-10-04 07:55:00,128.4,solar_utility,MW,nem,NSW1
2017-10-04 08:00:00,134.5,solar_utility,MW,nem,NSW1
2017-10-04 08:05:00,151.6,solar_utility,MW,nem,NSW1
2017-10-04 08:10:00,140.2,solar_utility,MW,nem,NSW1
2017-10-04 08:15:00,158.8,solar_utility,MW,nem,NSW1
2017-10-04 08:20:00,159.3,solar_utility,MW,nem,NSW1
2017-10-04 08:25:00,169.8,solar_utility,MW,nem,NSW1
2017-10-04 08:30:00,154.0,solar_utility,MW,nem,NSW1
2017-10-04 08:35:00,171.4,solar_utility,MW,nem,NSW1
2017-10-04 08:40:00,166.4,solar_utility,MW,nem,NSW1
2017-10-04 08:45:00,170.1,solar_utility,MW,nem,NSW1
2017-10-04 08:50:00,188.5,solar_utility,MW,nem,NSW1
2017-10-04 08:55:00,186.4,solar_utility,MW,nem,NSW1
2017-10-04 09:00:00,199.9,solar_utility,MW,nem,NSW1
2017-10-04 09:05:00,185.1,solar_utility,MW,nem,NSW1
2017-10-04 09:10:00,211.3,solar_utility,MW,nem,NSW1
2017-10-04 09:15:00,212.0,solar_utility,MW,nem,NSW1
2017-10-04 09:20:00,217.3,solar_utility,MW,nem,NSW1
2017-10-04 09:25:00,210.7,solar_utility,MW,nem,NSW1
2017-10-04 09:30:00,221.4,solar_utility,MW,nem,NSW1
2017-10-04 09:35:00,223.5,solar_utility,MW,nem,NSW1
2017-10-04 09:40:00,228.8,solar_utility,MW,nem,NSW1
2017-10-04 09:45:00,226.4,solar_utility,MW,nem,NSW1
2017-10-04 09:50:00,236.0,solar_utility,MW,nem,NSW1
2017-10-04 09:55:00,227.2,solar_utility,MW,nem,NSW1
2017-10-04 10:00:00,225.2,solar_utility,MW,nem,NSW1
2017-10-04 10:05:00,235.0,solar_utility,MW,nem,NSW1
2017-10-04 10:10:00,241.5,solar_utility,MW,nem,NSW1
2017-10-04 10:15:00,227.4,solar_utility,MW,nem,NSW1
2017-10-04 10:20:00,224.5,solar_utility,MW,nem,NSW1
2017-10-04 10:25:00,228.5,solar_utility,MW,nem,NSW1
2017-10-04 10:30:00,227.5,solar_utility,MW,nem,NSW1
2017-10-04 10:35:00,238.6,solar_utility,MW,nem,NSW1
2017-10-04 10:40:00,243.9,solar_utility,MW,nem,NSW1
2017-10-04 10:45:00,230.9,solar_utility,MW,nem,NSW1
2017-10-04 10:50:00,245.2,solar_utility,MW,nem,NSW1
2017-10-04 10:55:00,242.7,solar_utility,MW,nem,NSW1
2017-10-04 11:00:00,230.5,solar_utility,MW,nem,NSW1
2017-10-04 11:05:00,237.6,solar_utility,MW,nem,NSW1
2017-10-04 11:10:00,239.6,solar_utility,MW,nem,NSW1
2017-10-04 11:15:00,220.2,solar_utility,MW,nem,NSW1
2017-10-04 11:20:00,227.2,solar_utility,MW,nem,NSW1
2017-10-04 11:25:00,236.5,solar_utility,MW,nem,NSW1
2017-10-04 11:30:00,219.0,solar_utility,MW,nem,NSW1
2017-10-04 11:35:00,220.8,solar_utility,MW,nem,NSW1
2017-10-04 11:40:00,222.5,solar_utility,MW,nem,NSW1
2017-10-04 11:45:00,218.7,solar_utility,MW,nem,NSW1
2017-10-04 11:50:00,229.6,solar_utility,MW,nem,NSW1
2017-10-04 11:55:00,215.4,solar_utility,MW,nem,NSW1
2017-10-04 12:00:00,175.7,solar_utility,MW,nem,NSW1
2017-10-04 12:05:00,185.1,solar_utility,MW,nem,NSW1
2017-10-04 12:10:00,197.5,solar_utility,MW,nem,NSW1
2017-10-04 12:15:00,197.1,solar_utility,MW,nem,NSW1
2017-10-04 12:20:00,179.2,solar_utility,MW,nem,NSW1
2017-10-04 12:25:00,192.0,solar_utility,MW,nem,NSW1
2017-10-04 12:30:00,213.6,solar_utility,MW,nem,NSW1
2017-10-04 12:35:00,205.3,solar_utility,MW,nem,NSW1
2017-10-04 12:40:00,201.0,solar_utility,MW,nem,NSW1
2017-10-04 12:45:00,214.7,solar_utility,MW,nem,NSW1
2017-10-04 12:50:00,213.7,solar_utility,MW,nem,NSW1
2017-10-04 12:55:00,193.9,solar_utility,MW,nem,NSW1
2017-10-04 13:00:00,210.1,solar_utility,MW,nem,NSW1
2017-10-04 13:05:00,218.3,solar_utility,MW,nem,NSW1
2017-10-04 13:10:00,211.9,solar_utility,MW,nem,NSW1
2017-10-04 13:15:00,203.1,solar_utility,MW,nem,NSW1
2017-10-04 13:20:00,193.3,solar_utility,MW,nem,NSW1
2017-10-04 13:25:00,204.0,solar_utility,MW,nem,NSW1
2017-10-04 13:30:00,200.3,solar_utility,MW,nem,NSW1
2017-10-04 13:35:00,206.3,solar_utility,MW,nem,NSW1
2017-10-04 13:40:00,201.5,solar_utility,MW,nem,NSW1
2017-10-04 13:45:00,202.4,solar_utility,MW,nem,NSW1
2017-10-04 13:50:00,227.2,solar_utility,MW,nem,NSW1
2017-10-04 13:55:00,229.4,solar_utility,MW,nem,NSW1
2017-10-04 14:00:00,219.9,solar_utility,MW,nem,NSW1
2017-10-04 14:05:00,228.6,solar_utility,MW,nem,NSW1
2017-10-04 14:10:00,239.0,solar_utility,MW,nem,NSW1
2017-10-04 14:15:00,209.0,solar_utility,MW,nem,NSW1
2017-10-04 14:20:00,203.3,solar_utility,MW,nem,NSW1
2017-10-04 14:25:00,185.5,solar_utility,MW,nem,NSW1
2017-10-04 14:30:00,192.0,solar_utility,MW,nem,NSW1
2017-10-04 14:35:00,187.5,solar_utility,MW,nem,NSW1
2017-10-04 14:40:00,168.8,solar_utility,MW,nem,NSW1
2017-10-04 14:45:00,156.8,solar_utility,MW,nem,NSW1
2017-10-04 14:50:00,142.9,solar_utility,MW,nem,NSW1
2017-10-04 14:55:00,186.7,solar_utility,MW,nem,NSW1
2017-10-04 15:00:00,185.5,solar_utility,MW,nem,NSW1
2017-10-04 15:05:00,196.9,solar_utility,MW,nem,NSW1
2017-10-04 15:10:00,199.5,solar_utility,MW,nem,NSW1
2017-10-04 15:15:00,185.9,solar_utility,MW,nem,NSW1
2017-10-04 15:20:00,183.7,solar_utility,MW,nem,NSW1
2017-10-04 15:25:00,184.6,solar_utility,MW,nem,NSW1
2017-10-04 15:30:00,179.7,solar_utility,MW,nem,NSW1
2017-10-04 15:35:00,173.2,solar_utility,MW,nem,NSW1
2017-10-04 15:40:00,170.7,solar_utility,MW,nem,NSW1
2017-10-04 15:45:00,168.7,solar_utility,MW,nem,NSW1
2017-10-04 15:50:00,166.5,solar_utility,MW,nem,NSW1
2017-10-04 15:55:00,159.4,solar_utility,MW,nem,NSW1
2017-10-04 16:00:00,150.3,solar_utility,MW,nem,NSW1
2017-10-04 16:05:00,150.3,solar_utility,MW,nem,NSW1
2017-10-04 16:10:00,150.0,solar_utility,MW,nem,NSW1
2017-10-04 16:15:00,143.3,solar_utility,MW,nem,NSW1
2017-10-04 16:20:00,111.7,solar_utility,MW,nem,NSW1
2017-10-04 16:25:00,131.9,solar_utility,MW,nem,NSW1
2017-10-04 16:30:00,114.8,solar_utility,MW,nem,NSW1
2017-10-04 16:35:00,124.9,solar_utility,MW,nem,NSW1
2017-10-04 16:40:00,117.6,solar_utility,MW,nem,NSW1
2017-10-04 16:45:00,108.7,solar_utility,MW,nem,NSW1
2017-10-04 16:50:00,101.1,solar_utility,MW,nem,NSW1
2017-10-04 16:55:00,89.49,solar_utility,MW,nem,NSW1
2017-10-04 17:00:00,83.1,solar_utility,MW,nem,NSW1
2017-10-04 17:05:00,74.07,solar_utility,MW,nem,NSW1
2017-10-04 17:10:00,64.62,solar_utility,MW,nem,NSW1
2017-10-04 17:15:00,52.25,solar_utility,MW,nem,NSW1
2017-10-04 17:20:00,39.27,solar_utility,MW,nem,NSW1
2017-10-04 17:25:00,37.58,solar_utility,MW,nem,NSW1
2017-10-04 17:30:00,33.02,solar_utility,MW,nem,NSW1
2017-10-04 17:35:00,28.2,solar_utility,MW,nem,NSW1
2017-10-04 17:40:00,23.31,solar_utility,MW,nem,NSW1
2017-10-04 17:45:00,16.71,solar_utility,MW,nem,NSW1
2017-10-04 17:50:00,13.95,solar_utility,MW,nem,NSW1
2017-10-04 17:55:00,10.26,solar_utility,MW,nem,NSW1
2017-10-04 18:00:00,6.667,solar_utility,MW,nem,NSW1
2017-10-04 18:05:00,4.243,solar_utility,MW,nem,NSW1
2017-10-04 18:10:00,2.674,solar_utility,MW,nem,NSW1
2017-10-04 18:15:00,1.957,solar_utility,MW,nem,NSW1
2017-10-04 18:20:00,1.343,solar_utility,MW,nem,NSW1
2017-10-04 18:25:00,0.114,solar_utility,MW,nem,NSW1
2017-10-04 18:30:00,0.114,solar_utility,MW,nem,NSW1
2017-10-04 18:35:00,0.114,solar_utility,MW,nem,NSW1
2017-10-04 18:40:00,0.114,solar_utility,MW,nem,NSW1
2017-10-04 18:45:00,0.114,solar_utility,MW,nem,NSW1
2017-10-04 18:50:00,0.114,solar_utility,MW,nem,NSW1
2017-10-04 18:55:00,0.114,solar_utility,MW,nem,NSW1
2017-10-04 19:00:00,0.114,solar_utility,MW,nem,NSW1
2017-10-04 19:05:00,0.114,solar_utility,MW,nem,NSW1
2017-10-04 19:10:00,0.114,solar_utility,MW,nem,NSW1
2017-10-04 19:15:00,0.114,solar_utility,MW,nem,NSW1
2017-10-04 19:20:00,0.114,solar_utility,MW,nem,NSW1
2017-10-04 19:25:00,0.114,solar_utility,MW,nem,NSW1
2017-10-04 19:30:00,0.114,solar_utility,MW,nem,NSW1
2017-10-04 19:35:00,0.114,solar_utility,MW,nem,NSW1
2017-10-04 19:40:00,0.114,solar_utility,MW,nem,NSW1
2017-10-04 19:45:00,0.114,solar_utility,MW,nem,NSW1
2017-10-04 19:50:00,0.114,solar_utility,MW,nem,NSW1
2017-10-04 19:55:00,0.114,solar_utility,MW,nem,NSW1
2017-10-04 20:00:00,0.114,solar_utility,MW,nem,NSW1
2017-10-04 20:05:00,0.114,solar_utility,MW,nem,NSW1
2017-10-04 20:10:00,0.114,solar_utility,MW,nem,NSW1
2017-10-04 20:15:00,0.114,solar_utility,MW,nem,NSW1
2017-10-04 20:20:00,0.114,solar_utility,MW,nem,NSW1
2017-10-04 20:25:00,0.114,solar_utility,MW,nem,NSW1
2017-10-04 20:30:00,0.114,solar_utility,MW,nem,NSW1
2017-10-04 20:35:00,0.114,solar_utility,MW,nem,NSW1
2017-10-04 20:40:00,0.114,solar_utility,MW,nem,NSW1
2017-10-04 20:45:00,0.114,solar_utility,MW,nem,NSW1
2017-10-04 20:50:00,0.114,solar_utility,MW,nem,NSW1
2017-10-04 20:55:00,0.114,solar_utility,MW,nem,NSW1
2017-10-04 21:00:00,0.114,solar_utility,MW,nem,NSW1
2017-10-04 21:05:00,0.114,solar_utility,MW,nem,NSW1
2017-10-04 21:10:00,0.114,solar_utility,MW,nem,NSW1
2017-10-04 21:15:00,0.114,solar_utility,MW,nem,NSW1
2017-10-04 21:20:00,0.114,solar_utility,MW,nem,NSW1
2017-10-04 21:25:00,0.114,solar_utility,MW,nem,NSW1
2017-10-04 21:30:00,0.114,solar_utility,MW,nem,NSW1
2017-10-04 21:35:00,0.114,solar_utility,MW,nem,NSW1
2017-10-04 21:40:00,0.114,solar_utility,MW,nem,NSW1
2017-10-04 21:45:00,0.114,solar_utility,MW,nem,NSW1
2017-10-04 21:50:00,0.114,solar_utility,MW,nem,NSW1
2017-10-04 21:55:00,0.114,solar_utility,MW,nem,NSW1
2017-10-04 22:00:00,0.114,solar_utility,MW,nem,NSW1
2017-10-04 22:05:00,0.114,solar_utility,MW,nem,NSW1
2017-10-04 22:10:00,0.114,solar_utility,MW,nem,NSW1
2017-10-04 22:15:00,0.114,solar_utility,MW,nem,NSW1
2017-10-04 22:20:00,0.114,solar_utility,MW,nem,NSW1
2017-10-04 22:25:00,0.114,solar_utility,MW,nem,NSW1
2017-10-04 22:30:00,0.114,solar_utility,MW,nem,NSW1
2017-10-04 22:35:00,0.114,solar_utility,MW,nem,NSW1
2017-10-04 22:40:00,0.114,solar_utility,MW,nem,NSW1
2017-10-04 22:45:00,0.114,solar_utility,MW,nem,NSW1
2017-10-04 22:50:00,0.114,solar_utility,MW,nem,NSW1
2017-10-04 22:55:00,0.114,solar_utility,MW,nem,NSW1
2017-10-04 23:00:00,0.114,solar_utility,MW,nem,NSW1
2017-10-04 23:05:00,0.114,solar_utility,MW,nem,NSW1
2017-10-04 23:10:00,0.114,solar_utility,MW,nem,NSW1
2017-10-04 23:15:00,0.114,solar_utility,MW,nem,NSW1
2017-10-04 23:20:00,0.114,solar_utility,MW,nem,NSW1
2017-10-04 23:25:00,0.114,solar_utility,MW,nem,NSW1
2017-10-04 23:30:00,0.114,solar_utility,MW,nem,NSW1
2017-10-04 23:35:00,0.114,solar_utility,MW,nem,NSW1
2017-10-04 23:40:00,0.114,solar_utility,MW,nem,NSW1
2017-10-04 23:45:00,0.114,solar_utility,MW,nem,NSW1
2017-10-04 23:50:00,0.114,solar_utility,MW,nem,NSW1
2017-10-04 23:55:00,0.114,solar_utility,MW,nem,NSW1
2017-10-05 00:00:00,0.114,solar_utility,MW,nem,NSW1
2017-10-05 00:05:00,0.114,solar_utility,MW,nem,NSW1
2017-10-05 00:10:00,0.114,solar_utility,MW,nem,NSW1
2017-10-05 00:15:00,0.114,solar_utility,MW,nem,NSW1
2017-10-05 00:20:00,0.114,solar_utility,MW,nem,NSW1
2017-10-05 00:25:00,0.114,solar_utility,MW,nem,NSW1
2017-10-05 00:30:00,0.114,solar_utility,MW,nem,NSW1
2017-10-05 00:35:00,0.114,solar_utility,MW,nem,NSW1
2017-10-05 00:40:00,0.114,solar_utility,MW,nem,NSW1
2017-10-05 00:45:00,0.114,solar_utility,MW,nem,NSW1
2017-10-05 00:50:00,0.114,solar_utility,MW,nem,NSW1
2017-10-05 00:55:00,0.114,solar_utility,MW,nem,NSW1
2017-10-05 01:00:00,0.114,solar_utility,MW,nem,NSW1
2017-10-05 01:05:00,0.114,solar_utility,MW,nem,NSW1
2017-10-05 01:10:00,0.114,solar_utility,MW,nem,NSW1
2017-10-05 01:15:00,0.114,solar_utility,MW,nem,NSW1
2017-10-05 01:20:00,0.114,solar_utility,MW,nem,NSW1
2017-10-05 01:25:00,0.114,solar_utility,MW,nem,NSW1
2017-10-05 01:30:00,0.114,solar_utility,MW,nem,NSW1
2017-10-05 01:35:00,0.114,solar_utility,MW,nem,NSW1
2017-10-05 01:40:00,0.114,solar_utility,MW,nem,NSW1
2017-10-05 01:45:00,0.114,solar_utility,MW,nem,NSW1
2017-10-05 01:50:00,0.114,solar_utility,MW,nem,NSW1
2017-10-05 01:55:00,0.114,solar_utility,MW,nem,NSW1
2017-10-05 02:00:00,0.114,solar_utility,MW,nem,NSW1
2017-10-05 02:05:00,0.114,solar_utility,MW,nem,NSW1
2017-10-05 02:10:00,0.114,solar_utility,MW,nem,NSW1
2017-10-05 02:15:00,0.114,solar_utility,MW,nem,NSW1
2017-10-05 02:20:00,0.114,solar_utility,MW,nem,NSW1
2017-10-05 02:25:00,0.114,solar_utility,MW,nem,NSW1
2017-10-05 02:30:00,0.114,solar_utility,MW,nem,NSW1
2017-10-05 02:35:00,0.114,solar_utility,MW,nem,NSW1
2017-10-05 02:40:00,0.114,solar_utility,MW,nem,NSW1
2017-10-05 02:45:00,0.114,solar_utility,MW,nem,NSW1
2017-10-05 02:50:00,0.114,solar_utility,MW,nem,NSW1
2017-10-05 02:55:00,0.114,solar_utility,MW,nem,NSW1
2017-10-05 03:00:00,0.114,solar_utility,MW,nem,NSW1
2017-10-05 03:05:00,0.114,solar_utility,MW,nem,NSW1
2017-10-05 03:10:00,0.114,solar_utility,MW,nem,NSW1
2017-10-05 03:15:00,0.114,solar_utility,MW,nem,NSW1
2017-10-05 03:20:00,0.114,solar_utility,MW,nem,NSW1
2017-10-05 03:25:00,0.114,solar_utility,MW,nem,NSW1
2017-10-05 03:30:00,0.114,solar_utility,MW,nem,NSW1
2017-10-05 03:35:00,0.114,solar_utility,MW,nem,NSW1
2017-10-05 03:40:00,0.114,solar_utility,MW,nem,NSW1
2017-10-05 03:45:00,0.114,solar_utility,MW,nem,NSW1
2017-10-05 03:50:00,0.114,solar_utility,MW,nem,NSW1
2017-10-05 03:55:00,0.114,solar_utility,MW,nem,NSW1
2017-10-05 04:00:00,0.114,solar_utility,MW,nem,NSW1
2017-10-05 04:05:00,0.114,solar_utility,MW,nem,NSW1
2017-10-05 04:10:00,0.114,solar_utility,MW,nem,NSW1
2017-10-05 04:15:00,0.114,solar_utility,MW,nem,NSW1
2017-10-05 04:20:00,0.114,solar_utility,MW,nem,NSW1
2017-10-05 04:25:00,0.114,solar_utility,MW,nem,NSW1
2017-10-05 04:30:00,0.114,solar_utility,MW,nem,NSW1
2017-10-05 04:35:00,0.114,solar_utility,MW,nem,NSW1
2017-10-05 04:40:00,0.114,solar_utility,MW,nem,NSW1
2017-10-05 04:45:00,0.114,solar_utility,MW,nem,NSW1
2017-10-05 04:50:00,0.114,solar_utility,MW,nem,NSW1
2017-10-05 04:55:00,0.114,solar_utility,MW,nem,NSW1
2017-10-05 05:00:00,0.114,solar_utility,MW,nem,NSW1
2017-10-05 05:05:00,0.114,solar_utility,MW,nem,NSW1
2017-10-05 05:10:00,0.114,solar_utility,MW,nem,NSW1
2017-10-05 05:15:00,0.114,solar_utility,MW,nem,NSW1
2017-10-05 05:20:00,0.114,solar_utility,MW,nem,NSW1
2017-10-05 05:25:00,0.114,solar_utility,MW,nem,NSW1
2017-10-05 05:30:00,0.114,solar_utility,MW,nem,NSW1
2017-10-05 05:35:00,0.114,solar_utility,MW,nem,NSW1
2017-10-05 05:40:00,0.114,solar_utility,MW,nem,NSW1
2017-10-05 05:45:00,0.218,solar_utility,MW,nem,NSW1
2017-10-05 05:50:00,0.188,solar_utility,MW,nem,NSW1
2017-10-05 05:55:00,0.9,solar_utility,MW,nem,NSW1
2017-10-05 06:00:00,1.352,solar_utility,MW,nem,NSW1
2017-10-05 06:05:00,4.41,solar_utility,MW,nem,NSW1
2017-10-05 06:10:00,9.716,solar_utility,MW,nem,NSW1
2017-10-05 06:15:00,13.15,solar_utility,MW,nem,NSW1
2017-10-05 06:20:00,12.63,solar_utility,MW,nem,NSW1
2017-10-05 06:25:00,17.03,solar_utility,MW,nem,NSW1
2017-10-05 06:30:00,20.4,solar_utility,MW,nem,NSW1
2017-10-05 06:35:00,26.28,solar_utility,MW,nem,NSW1
2017-10-05 06:40:00,33.71,solar_utility,MW,nem,NSW1
2017-10-05 06:45:00,23.26,solar_utility,MW,nem,NSW1
2017-10-05 06:50:00,26.5,solar_utility,MW,nem,NSW1
2017-10-05 06:55:00,58.45,solar_utility,MW,nem,NSW1
2017-10-05 07:00:00,66.93,solar_utility,MW,nem,NSW1
2017-10-05 07:05:00,73.93,solar_utility,MW,nem,NSW1
2017-10-05 07:10:00,43.41,solar_utility,MW,nem,NSW1
2017-10-05 07:15:00,52.41,solar_utility,MW,nem,NSW1
2017-10-05 07:20:00,60.53,solar_utility,MW,nem,NSW1
2017-10-05 07:25:00,63.32,solar_utility,MW,nem,NSW1
2017-10-05 07:30:00,76.85,solar_utility,MW,nem,NSW1
2017-10-05 07:35:00,91.13,solar_utility,MW,nem,NSW1
2017-10-05 07:40:00,117.2,solar_utility,MW,nem,NSW1
2017-10-05 07:45:00,122.8,solar_utility,MW,nem,NSW1
2017-10-05 07:50:00,120.0,solar_utility,MW,nem,NSW1
2017-10-05 07:55:00,130.4,solar_utility,MW,nem,NSW1
2017-10-05 08:00:00,114.3,solar_utility,MW,nem,NSW1
2017-10-05 08:05:00,147.8,solar_utility,MW,nem,NSW1
2017-10-05 08:10:00,155.3,solar_utility,MW,nem,NSW1
2017-10-05 08:15:00,161.3,solar_utility,MW,nem,NSW1
2017-10-05 08:20:00,168.3,solar_utility,MW,nem,NSW1
2017-10-05 08:25:00,173.4,solar_utility,MW,nem,NSW1
2017-10-05 08:30:00,176.7,solar_utility,MW,nem,NSW1
2017-10-05 08:35:00,183.1,solar_utility,MW,nem,NSW1
2017-10-05 08:40:00,185.6,solar_utility,MW,nem,NSW1
2017-10-05 08:45:00,191.0,solar_utility,MW,nem,NSW1
2017-10-05 08:50:00,190.8,solar_utility,MW,nem,NSW1
2017-10-05 08:55:00,197.6,solar_utility,MW,nem,NSW1
2017-10-05 09:00:00,196.8,solar_utility,MW,nem,NSW1
2017-10-05 09:05:00,199.7,solar_utility,MW,nem,NSW1
2017-10-05 09:10:00,201.3,solar_utility,MW,nem,NSW1
2017-10-05 09:15:00,209.7,solar_utility,MW,nem,NSW1
2017-10-05 09:20:00,205.6,solar_utility,MW,nem,NSW1
2017-10-05 09:25:00,210.3,solar_utility,MW,nem,NSW1
2017-10-05 09:30:00,204.9,solar_utility,MW,nem,NSW1
2017-10-05 09:35:00,206.0,solar_utility,MW,nem,NSW1
2017-10-05 09:40:00,207.7,solar_utility,MW,nem,NSW1
2017-10-05 09:45:00,234.6,solar_utility,MW,nem,NSW1
2017-10-05 09:50:00,233.5,solar_utility,MW,nem,NSW1
2017-10-05 09:55:00,226.5,solar_utility,MW,nem,NSW1
2017-10-05 10:00:00,222.9,solar_utility,MW,nem,NSW1
2017-10-05 10:05:00,222.2,solar_utility,MW,nem,NSW1
2017-10-05 10:10:00,222.2,solar_utility,MW,nem,NSW1
2017-10-05 10:15:00,226.2,solar_utility,MW,nem,NSW1
2017-10-05 10:20:00,243.5,solar_utility,MW,nem,NSW1
2017-10-05 10:25:00,247.4,solar_utility,MW,nem,NSW1
2017-10-05 10:30:00,210.5,solar_utility,MW,nem,NSW1
2017-10-05 10:35:00,227.6,solar_utility,MW,nem,NSW1
2017-10-05 10:40:00,228.1,solar_utility,MW,nem,NSW1
2017-10-05 10:45:00,210.7,solar_utility,MW,nem,NSW1
2017-10-05 10:50:00,210.9,solar_utility,MW,nem,NSW1
2017-10-05 10:55:00,238.0,solar_utility,MW,nem,NSW1
2017-10-05 11:00:00,242.3,solar_utility,MW,nem,NSW1
2017-10-05 11:05:00,202.3,solar_utility,MW,nem,NSW1
2017-10-05 11:10:00,234.5,solar_utility,MW,nem,NSW1
2017-10-05 11:15:00,234.2,solar_utility,MW,nem,NSW1
2017-10-05 11:20:00,171.2,solar_utility,MW,nem,NSW1
2017-10-05 11:25:00,210.5,solar_utility,MW,nem,NSW1
2017-10-05 11:30:00,211.6,solar_utility,MW,nem,NSW1
2017-10-05 11:35:00,236.4,solar_utility,MW,nem,NSW1
2017-10-05 11:40:00,209.2,solar_utility,MW,nem,NSW1
2017-10-05 11:45:00,232.0,solar_utility,MW,nem,NSW1
2017-10-05 11:50:00,236.2,solar_utility,MW,nem,NSW1
2017-10-05 11:55:00,244.4,solar_utility,MW,nem,NSW1
2017-10-05 12:00:00,237.7,solar_utility,MW,nem,NSW1
2017-10-05 12:05:00,241.6,solar_utility,MW,nem,NSW1
2017-10-05 12:10:00,227.9,solar_utility,MW,nem,NSW1
2017-10-05 12:15:00,234.8,solar_utility,MW,nem,NSW1
2017-10-05 12:20:00,221.3,solar_utility,MW,nem,NSW1
2017-10-05 12:25:00,233.7,solar_utility,MW,nem,NSW1
2017-10-05 12:30:00,232.5,solar_utility,MW,nem,NSW1
2017-10-05 12:35:00,226.8,solar_utility,MW,nem,NSW1
2017-10-05 12:40:00,224.1,solar_utility,MW,nem,NSW1
2017-10-05 12:45:00,217.9,solar_utility,MW,nem,NSW1
2017-10-05 12:50:00,162.5,solar_utility,MW,nem,NSW1
2017-10-05 12:55:00,200.2,solar_utility,MW,nem,NSW1
2017-10-05 13:00:00,219.4,solar_utility,MW,nem,NSW1
2017-10-05 13:05:00,144.6,solar_utility,MW,nem,NSW1
2017-10-05 13:10:00,158.4,solar_utility,MW,nem,NSW1
2017-10-05 13:15:00,175.3,solar_utility,MW,nem,NSW1
2017-10-05 13:20:00,199.6,solar_utility,MW,nem,NSW1
2017-10-05 13:25:00,211.3,solar_utility,MW,nem,NSW1
2017-10-05 13:30:00,191.4,solar_utility,MW,nem,NSW1
2017-10-05 13:35:00,139.7,solar_utility,MW,nem,NSW1
2017-10-05 13:40:00,186.3,solar_utility,MW,nem,NSW1
2017-10-05 13:45:00,181.9,solar_utility,MW,nem,NSW1
2017-10-05 13:50:00,197.0,solar_utility,MW,nem,NSW1
2017-10-05 13:55:00,193.8,solar_utility,MW,nem,NSW1
2017-10-05 14:00:00,189.4,solar_utility,MW,nem,NSW1
2017-10-05 14:05:00,109.3,solar_utility,MW,nem,NSW1
2017-10-05 14:10:00,169.0,solar_utility,MW,nem,NSW1
2017-10-05 14:15:00,199.5,solar_utility,MW,nem,NSW1
2017-10-05 14:20:00,151.0,solar_utility,MW,nem,NSW1
2017-10-05 14:25:00,107.4,solar_utility,MW,nem,NSW1
2017-10-05 14:30:00,186.8,solar_utility,MW,nem,NSW1
2017-10-05 14:35:00,170.7,solar_utility,MW,nem,NSW1
2017-10-05 14:40:00,198.2,solar_utility,MW,nem,NSW1
2017-10-05 14:45:00,170.8,solar_utility,MW,nem,NSW1
2017-10-05 14:50:00,158.5,solar_utility,MW,nem,NSW1
2017-10-05 14:55:00,187.5,solar_utility,MW,nem,NSW1
2017-10-05 15:00:00,194.0,solar_utility,MW,nem,NSW1
2017-10-05 15:05:00,138.4,solar_utility,MW,nem,NSW1
2017-10-05 15:10:00,144.2,solar_utility,MW,nem,NSW1
2017-10-05 15:15:00,126.7,solar_utility,MW,nem,NSW1
2017-10-05 15:20:00,166.0,solar_utility,MW,nem,NSW1
2017-10-05 15:25:00,170.3,solar_utility,MW,nem,NSW1
2017-10-05 15:30:00,175.3,solar_utility,MW,nem,NSW1
2017-10-05 15:35:00,163.4,solar_utility,MW,nem,NSW1
2017-10-05 15:40:00,113.2,solar_utility,MW,nem,NSW1
2017-10-05 15:45:00,82.78,solar_utility,MW,nem,NSW1
2017-10-05 15:50:00,123.2,solar_utility,MW,nem,NSW1
2017-10-05 15:55:00,160.1,solar_utility,MW,nem,NSW1
2017-10-05 16:00:00,145.5,solar_utility,MW,nem,NSW1
2017-10-05 16:05:00,148.6,solar_utility,MW,nem,NSW1
2017-10-05 16:10:00,101.3,solar_utility,MW,nem,NSW1
2017-10-05 16:15:00,66.27,solar_utility,MW,nem,NSW1
2017-10-05 16:20:00,50.75,solar_utility,MW,nem,NSW1
2017-10-05 16:25:00,89.1,solar_utility,MW,nem,NSW1
2017-10-05 16:30:00,125.9,solar_utility,MW,nem,NSW1
2017-10-05 16:35:00,96.0,solar_utility,MW,nem,NSW1
2017-10-05 16:40:00,109.0,solar_utility,MW,nem,NSW1
2017-10-05 16:45:00,91.03,solar_utility,MW,nem,NSW1
2017-10-05 16:50:00,80.36,solar_utility,MW,nem,NSW1
2017-10-05 16:55:00,72.14,solar_utility,MW,nem,NSW1
2017-10-05 17:00:00,42.09,solar_utility,MW,nem,NSW1
2017-10-05 17:05:00,38.94,solar_utility,MW,nem,NSW1
2017-10-05 17:10:00,35.0,solar_utility,MW,nem,NSW1
2017-10-05 17:15:00,29.13,solar_utility,MW,nem,NSW1
2017-10-05 17:20:00,14.25,solar_utility,MW,nem,NSW1
2017-10-05 17:25:00,14.76,solar_utility,MW,nem,NSW1
2017-10-05 17:30:00,20.4,solar_utility,MW,nem,NSW1
2017-10-05 17:35:00,13.06,solar_utility,MW,nem,NSW1
2017-10-05 17:40:00,13.51,solar_utility,MW,nem,NSW1
2017-10-05 17:45:00,12.42,solar_utility,MW,nem,NSW1
2017-10-05 17:50:00,9.826,solar_utility,MW,nem,NSW1
2017-10-05 17:55:00,7.163,solar_utility,MW,nem,NSW1
2017-10-05 18:00:00,5.045,solar_utility,MW,nem,NSW1
2017-10-05 18:05:00,2.886,solar_utility,MW,nem,NSW1
2017-10-05 18:10:00,1.17,solar_utility,MW,nem,NSW1
2017-10-05 18:15:00,0.146,solar_utility,MW,nem,NSW1
2017-10-05 18:20:00,0.146,solar_utility,MW,nem,NSW1
2017-10-05 18:25:00,0.146,solar_utility,MW,nem,NSW1
2017-10-05 18:30:00,0.146,solar_utility,MW,nem,NSW1
2017-10-05 18:35:00,0.146,solar_utility,MW,nem,NSW1
2017-10-05 18:40:00,0.146,solar_utility,MW,nem,NSW1
2017-10-05 18:45:00,0.146,solar_utility,MW,nem,NSW1
2017-10-05 18:50:00,0.146,solar_utility,MW,nem,NSW1
2017-10-05 18:55:00,0.146,solar_utility,MW,nem,NSW1
2017-10-05 19:00:00,0.146,solar_utility,MW,nem,NSW1
2017-10-05 19:05:00,0.146,solar_utility,MW,nem,NSW1
2017-10-05 19:10:00,0.146,solar_utility,MW,nem,NSW1
2017-10-05 19:15:00,0.146,solar_utility,MW,nem,NSW1
2017-10-05 19:20:00,0.146,solar_utility,MW,nem,NSW1
2017-10-05 19:25:00,0.146,solar_utility,MW,nem,NSW1
2017-10-05 19:30:00,0.146,solar_utility,MW,nem,NSW1
2017-10-05 19:35:00,0.146,solar_utility,MW,nem,NSW1
2017-10-05 19:40:00,0.146,solar_utility,MW,nem,NSW1
2017-10-05 19:45:00,0.146,solar_utility,MW,nem,NSW1
2017-10-05 19:50:00,0.146,solar_utility,MW,nem,NSW1
2017-10-05 19:55:00,0.146,solar_utility,MW,nem,NSW1
2017-10-05 20:00:00,0.146,solar_utility,MW,nem,NSW1
2017-10-05 20:05:00,0.146,solar_utility,MW,nem,NSW1
2017-10-05 20:10:00,0.146,solar_utility,MW,nem,NSW1
2017-10-05 20:15:00,0.146,solar_utility,MW,nem,NSW1
2017-10-05 20:20:00,0.146,solar_utility,MW,nem,NSW1
2017-10-05 20:25:00,0.146,solar_utility,MW,nem,NSW1
2017-10-05 20:30:00,0.146,solar_utility,MW,nem,NSW1
2017-10-05 20:35:00,0.146,solar_utility,MW,nem,NSW1
2017-10-05 20:40:00,0.146,solar_utility,MW,nem,NSW1
2017-10-05 20:45:00,0.146,solar_utility,MW,nem,NSW1
2017-10-05 20:50:00,0.146,solar_utility,MW,nem,NSW1
2017-10-05 20:55:00,0.146,solar_utility,MW,nem,NSW1
2017-10-05 21:00:00,0.146,solar_utility,MW,nem,NSW1
2017-10-05 21:05:00,0.146,solar_utility,MW,nem,NSW1
2017-10-05 21:10:00,0.146,solar_utility,MW,nem,NSW1
2017-10-05 21:15:00,0.146,solar_utility,MW,nem,NSW1
2017-10-05 21:20:00,0.146,solar_utility,MW,nem,NSW1
2017-10-05 21:25:00,0.146,solar_utility,MW,nem,NSW1
2017-10-05 21:30:00,0.146,solar_utility,MW,nem,NSW1
2017-10-05 21:35:00,0.146,solar_utility,MW,nem,NSW1
2017-10-05 21:40:00,0.146,solar_utility,MW,nem,NSW1
2017-10-05 21:45:00,0.146,solar_utility,MW,nem,NSW1
2017-10-05 21:50:00,0.146,solar_utility,MW,nem,NSW1
2017-10-05 21:55:00,0.146,solar_utility,MW,nem,NSW1
2017-10-05 22:00:00,0.146,solar_utility,MW,nem,NSW1
2017-10-05 22:05:00,0.146,solar_utility,MW,nem,NSW1
2017-10-05 22:10:00,0.146,solar_utility,MW,nem,NSW1
2017-10-05 22:15:00,0.146,solar_utility,MW,nem,NSW1
2017-10-05 22:20:00,0.146,solar_utility,MW,nem,NSW1
2017-10-05 22:25:00,0.146,solar_utility,MW,nem,NSW1
2017-10-05 22:30:00,0.146,solar_utility,MW,nem,NSW1
2017-10-05 22:35:00,0.146,solar_utility,MW,nem,NSW1
2017-10-05 22:40:00,0.146,solar_utility,MW,nem,NSW1
2017-10-05 22:45:00,0.146,solar_utility,MW,nem,NSW1
2017-10-05 22:50:00,0.146,solar_utility,MW,nem,NSW1
2017-10-05 22:55:00,0.146,solar_utility,MW,nem,NSW1
2017-10-05 23:00:00,0.146,solar_utility,MW,nem,NSW1
2017-10-05 23:05:00,0.146,solar_utility,MW,nem,NSW1
2017-10-05 23:10:00,0.146,solar_utility,MW,nem,NSW1
2017-10-05 23:15:00,0.146,solar_utility,MW,nem,NSW1
2017-10-05 23:20:00,0.146,solar_utility,MW,nem,NSW1
2017-10-05 23:25:00,0.146,solar_utility,MW,nem,NSW1
2017-10-05 23:30:00,0.146,solar_utility,MW,nem,NSW1
2017-10-05 23:35:00,0.146,solar_utility,MW,nem,NSW1
2017-10-05 23:40:00,0.146,solar_utility,MW,nem,NSW1
2017-10-05 23:45:00,0.146,solar_utility,MW,nem,NSW1
2017-10-05 23:50:00,0.146,solar_utility,MW,nem,NSW1
2017-10-05 23:55:00,0.146,solar_utility,MW,nem,NSW1
2017-10-06 00:00:00,0.146,solar_utility,MW,nem,NSW1
2017-10-06 00:05:00,0.146,solar_utility,MW,nem,NSW1
2017-10-06 00:10:00,0.146,solar_utility,MW,nem,NSW1
2017-10-06 00:15:00,0.146,solar_utility,MW,nem,NSW1
2017-10-06 00:20:00,0.146,solar_utility,MW,nem,NSW1
2017-10-06 00:25:00,0.146,solar_utility,MW,nem,NSW1
2017-10-06 00:30:00,0.146,solar_utility,MW,nem,NSW1
2017-10-06 00:35:00,0.146,solar_utility,MW,nem,NSW1
2017-10-06 00:40:00,0.146,solar_utility,MW,nem,NSW1
2017-10-06 00:45:00,0.146,solar_utility,MW,nem,NSW1
2017-10-06 00:50:00,0.146,solar_utility,MW,nem,NSW1
2017-10-06 00:55:00,0.146,solar_utility,MW,nem,NSW1
2017-10-06 01:00:00,0.146,solar_utility,MW,nem,NSW1
2017-10-06 01:05:00,0.146,solar_utility,MW,nem,NSW1
2017-10-06 01:10:00,0.146,solar_utility,MW,nem,NSW1
2017-10-06 01:15:00,0.146,solar_utility,MW,nem,NSW1
2017-10-06 01:20:00,0.146,solar_utility,MW,nem,NSW1
2017-10-06 01:25:00,0.146,solar_utility,MW,nem,NSW1
2017-10-06 01:30:00,0.146,solar_utility,MW,nem,NSW1
2017-10-06 01:35:00,0.146,solar_utility,MW,nem,NSW1
2017-10-06 01:40:00,0.146,solar_utility,MW,nem,NSW1
2017-10-06 01:45:00,0.146,solar_utility,MW,nem,NSW1
2017-10-06 01:50:00,0.146,solar_utility,MW,nem,NSW1
2017-10-06 01:55:00,0.146,solar_utility,MW,nem,NSW1
2017-10-06 02:00:00,0.146,solar_utility,MW,nem,NSW1
2017-10-06 02:05:00,0.146,solar_utility,MW,nem,NSW1
2017-10-06 02:10:00,0.146,solar_utility,MW,nem,NSW1
2017-10-06 02:15:00,0.146,solar_utility,MW,nem,NSW1
2017-10-06 02:20:00,0.146,solar_utility,MW,nem,NSW1
2017-10-06 02:25:00,0.146,solar_utility,MW,nem,NSW1
2017-10-06 02:30:00,0.146,solar_utility,MW,nem,NSW1
2017-10-06 02:35:00,0.146,solar_utility,MW,nem,NSW1
2017-10-06 02:40:00,0.146,solar_utility,MW,nem,NSW1
2017-10-06 02:45:00,0.146,solar_utility,MW,nem,NSW1
2017-10-06 02:50:00,0.146,solar_utility,MW,nem,NSW1
2017-10-06 02:55:00,0.146,solar_utility,MW,nem,NSW1
2017-10-06 03:00:00,0.146,solar_utility,MW,nem,NSW1
2017-10-06 03:05:00,0.146,solar_utility,MW,nem,NSW1
2017-10-06 03:10:00,0.146,solar_utility,MW,nem,NSW1
2017-10-06 03:15:00,0.146,solar_utility,MW,nem,NSW1
2017-10-06 03:20:00,0.146,solar_utility,MW,nem,NSW1
2017-10-06 03:25:00,0.146,solar_utility,MW,nem,NSW1
2017-10-06 03:30:00,0.146,solar_utility,MW,nem,NSW1
2017-10-06 03:35:00,0.146,solar_utility,MW,nem,NSW1
2017-10-06 03:40:00,0.146,solar_utility,MW,nem,NSW1
2017-10-06 03:45:00,0.146,solar_utility,MW,nem,NSW1
2017-10-06 03:50:00,0.146,solar_utility,MW,nem,NSW1
2017-10-06 03:55:00,0.146,solar_utility,MW,nem,NSW1
2017-10-06 04:00:00,0.146,solar_utility,MW,nem,NSW1
2017-10-06 04:05:00,0.146,solar_utility,MW,nem,NSW1
2017-10-06 04:10:00,0.146,solar_utility,MW,nem,NSW1
2017-10-06 04:15:00,0.146,solar_utility,MW,nem,NSW1
2017-10-06 04:20:00,0.146,solar_utility,MW,nem,NSW1
2017-10-06 04:25:00,0.146,solar_utility,MW,nem,NSW1
2017-10-06 04:30:00,0.146,solar_utility,MW,nem,NSW1
2017-10-06 04:35:00,0.146,solar_utility,MW,nem,NSW1
2017-10-06 04:40:00,0.146,solar_utility,MW,nem,NSW1
2017-10-06 04:45:00,0.146,solar_utility,MW,nem,NSW1
2017-10-06 04:50:00,0.146,solar_utility,MW,nem,NSW1
2017-10-06 04:55:00,0.146,solar_utility,MW,nem,NSW1
2017-10-06 05:00:00,0.146,solar_utility,MW,nem,NSW1
2017-10-06 05:05:00,0.146,solar_utility,MW,nem,NSW1
2017-10-06 05:10:00,0.146,solar_utility,MW,nem,NSW1
2017-10-06 05:15:00,0.146,solar_utility,MW,nem,NSW1
2017-10-06 05:20:00,0.146,solar_utility,MW,nem,NSW1
2017-10-06 05:25:00,0.146,solar_utility,MW,nem,NSW1
2017-10-06 05:30:00,0.146,solar_utility,MW,nem,NSW1
2017-10-06 05:35:00,0.146,solar_utility,MW,nem,NSW1
2017-10-06 05:40:00,0.146,solar_utility,MW,nem,NSW1
2017-10-06 05:45:00,0.176,solar_utility,MW,nem,NSW1
2017-10-06 05:50:00,0.146,solar_utility,MW,nem,NSW1
2017-10-06 05:55:00,0.784,solar_utility,MW,nem,NSW1
2017-10-06 06:00:00,1.3,solar_utility,MW,nem,NSW1
2017-10-06 06:05:00,3.056,solar_utility,MW,nem,NSW1
2017-10-06 06:10:00,5.06,solar_utility,MW,nem,NSW1
2017-10-06 06:15:00,7.771,solar_utility,MW,nem,NSW1
2017-10-06 06:20:00,10.92,solar_utility,MW,nem,NSW1
2017-10-06 06:25:00,14.51,solar_utility,MW,nem,NSW1
2017-10-06 06:30:00,18.91,solar_utility,MW,nem,NSW1
2017-10-06 06:35:00,22.99,solar_utility,MW,nem,NSW1
2017-10-06 06:40:00,28.66,solar_utility,MW,nem,NSW1
2017-10-06 06:45:00,34.98,solar_utility,MW,nem,NSW1
2017-10-06 06:50:00,40.45,solar_utility,MW,nem,NSW1
2017-10-06 06:55:00,41.97,solar_utility,MW,nem,NSW1
2017-10-06 07:00:00,44.78,solar_utility,MW,nem,NSW1
2017-10-06 07:05:00,48.7,solar_utility,MW,nem,NSW1
2017-10-06 07:10:00,52.05,solar_utility,MW,nem,NSW1
2017-10-06 07:15:00,55.18,solar_utility,MW,nem,NSW1
2017-10-06 07:20:00,55.92,solar_utility,MW,nem,NSW1
2017-10-06 07:25:00,59.45,solar_utility,MW,nem,NSW1
2017-10-06 07:30:00,66.4,solar_utility,MW,nem,NSW1
2017-10-06 07:35:00,64.86,solar_utility,MW,nem,NSW1
2017-10-06 07:40:00,71.38,solar_utility,MW,nem,NSW1
2017-10-06 07:45:00,70.93,solar_utility,MW,nem,NSW1
2017-10-06 07:50:00,75.07,solar_utility,MW,nem,NSW1
2017-10-06 07:55:00,78.35,solar_utility,MW,nem,NSW1
2017-10-06 08:00:00,91.86,solar_utility,MW,nem,NSW1
2017-10-06 08:05:00,103.3,solar_utility,MW,nem,NSW1
2017-10-06 08:10:00,103.8,solar_utility,MW,nem,NSW1
2017-10-06 08:15:00,101.6,solar_utility,MW,nem,NSW1
2017-10-06 08:20:00,103.6,solar_utility,MW,nem,NSW1
2017-10-06 08:25:00,106.5,solar_utility,MW,nem,NSW1
2017-10-06 08:30:00,107.7,solar_utility,MW,nem,NSW1
2017-10-06 08:35:00,113.5,solar_utility,MW,nem,NSW1
2017-10-06 08:40:00,119.3,solar_utility,MW,nem,NSW1
2017-10-06 08:45:00,122.6,solar_utility,MW,nem,NSW1
2017-10-06 08:50:00,121.7,solar_utility,MW,nem,NSW1
2017-10-06 08:55:00,132.0,solar_utility,MW,nem,NSW1
2017-10-06 09:00:00,139.0,solar_utility,MW,nem,NSW1
2017-10-06 09:05:00,142.0,solar_utility,MW,nem,NSW1
2017-10-06 09:10:00,137.5,solar_utility,MW,nem,NSW1
2017-10-06 09:15:00,139.8,solar_utility,MW,nem,NSW1
2017-10-06 09:20:00,137.8,solar_utility,MW,nem,NSW1
2017-10-06 09:25:00,143.3,solar_utility,MW,nem,NSW1
2017-10-06 09:30:00,142.8,solar_utility,MW,nem,NSW1
2017-10-06 09:35:00,133.3,solar_utility,MW,nem,NSW1
2017-10-06 09:40:00,138.1,solar_utility,MW,nem,NSW1
2017-10-06 09:45:00,135.6,solar_utility,MW,nem,NSW1
2017-10-06 09:50:00,125.1,solar_utility,MW,nem,NSW1
2017-10-06 09:55:00,148.2,solar_utility,MW,nem,NSW1
2017-10-06 10:00:00,141.4,solar_utility,MW,nem,NSW1
2017-10-06 10:05:00,152.4,solar_utility,MW,nem,NSW1
2017-10-06 10:10:00,131.9,solar_utility,MW,nem,NSW1
2017-10-06 10:15:00,142.1,solar_utility,MW,nem,NSW1
2017-10-06 10:20:00,152.0,solar_utility,MW,nem,NSW1
2017-10-06 10:25:00,173.5,solar_utility,MW,nem,NSW1
2017-10-06 10:30:00,188.8,solar_utility,MW,nem,NSW1
2017-10-06 10:35:00,189.0,solar_utility,MW,nem,NSW1
2017-10-06 10:40:00,185.7,solar_utility,MW,nem,NSW1
2017-10-06 10:45:00,173.5,solar_utility,MW,nem,NSW1
2017-10-06 10:50:00,199.0,solar_utility,MW,nem,NSW1
2017-10-06 10:55:00,189.8,solar_utility,MW,nem,NSW1
2017-10-06 11:00:00,187.4,solar_utility,MW,nem,NSW1
2017-10-06 11:05:00,189.6,solar_utility,MW,nem,NSW1
2017-10-06 11:10:00,185.6,solar_utility,MW,nem,NSW1
2017-10-06 11:15:00,222.9,solar_utility,MW,nem,NSW1
2017-10-06 11:20:00,197.0,solar_utility,MW,nem,NSW1
2017-10-06 11:25:00,212.2,solar_utility,MW,nem,NSW1
2017-10-06 11:30:00,225.7,solar_utility,MW,nem,NSW1
2017-10-06 11:35:00,200.4,solar_utility,MW,nem,NSW1
2017-10-06 11:40:00,238.7,solar_utility,MW,nem,NSW1
2017-10-06 11:45:00,190.2,solar_utility,MW,nem,NSW1
2017-10-06 11:50:00,187.7,solar_utility,MW,nem,NSW1
2017-10-06 11:55:00,195.0,solar_utility,MW,nem,NSW1
2017-10-06 12:00:00,180.2,solar_utility,MW,nem,NSW1
2017-10-06 12:05:00,168.6,solar_utility,MW,nem,NSW1
2017-10-06 12:10:00,178.7,solar_utility,MW,nem,NSW1
2017-10-06 12:15:00,168.6,solar_utility,MW,nem,NSW1
2017-10-06 12:20:00,181.3,solar_utility,MW,nem,NSW1
2017-10-06 12:25:00,191.4,solar_utility,MW,nem,NSW1
2017-10-06 12:30:00,189.1,solar_utility,MW,nem,NSW1
2017-10-06 12:35:00,187.2,solar_utility,MW,nem,NSW1
2017-10-06 12:40:00,201.0,solar_utility,MW,nem,NSW1
2017-10-06 12:45:00,209.6,solar_utility,MW,nem,NSW1
2017-10-06 12:50:00,207.2,solar_utility,MW,nem,NSW1
2017-10-06 12:55:00,177.9,solar_utility,MW,nem,NSW1
2017-10-06 13:00:00,201.0,solar_utility,MW,nem,NSW1
2017-10-06 13:05:00,203.2,solar_utility,MW,nem,NSW1
2017-10-06 13:10:00,202.5,solar_utility,MW,nem,NSW1
2017-10-06 13:15:00,183.5,solar_utility,MW,nem,NSW1
2017-10-06 13:20:00,168.9,solar_utility,MW,nem,NSW1
2017-10-06 13:25:00,203.5,solar_utility,MW,nem,NSW1
2017-10-06 13:30:00,205.4,solar_utility,MW,nem,NSW1
2017-10-06 13:35:00,173.7,solar_utility,MW,nem,NSW1
2017-10-06 13:40:00,182.2,solar_utility,MW,nem,NSW1
2017-10-06 13:45:00,187.5,solar_utility,MW,nem,NSW1
2017-10-06 13:50:00,177.3,solar_utility,MW,nem,NSW1
2017-10-06 13:55:00,202.8,solar_utility,MW,nem,NSW1
2017-10-06 14:00:00,159.4,solar_utility,MW,nem,NSW1
2017-10-06 14:05:00,158.4,solar_utility,MW,nem,NSW1
2017-10-06 14:10:00,193.3,solar_utility,MW,nem,NSW1
2017-10-06 14:15:00,202.5,solar_utility,MW,nem,NSW1
2017-10-06 14:20:00,157.4,solar_utility,MW,nem,NSW1
2017-10-06 14:25:00,148.1,solar_utility,MW,nem,NSW1
2017-10-06 14:30:00,138.8,solar_utility,MW,nem,NSW1
2017-10-06 14:35:00,161.1,solar_utility,MW,nem,NSW1
2017-10-06 14:40:00,158.1,solar_utility,MW,nem,NSW1
2017-10-06 14:45:00,153.7,solar_utility,MW,nem,NSW1
2017-10-06 14:50:00,142.6,solar_utility,MW,nem,NSW1
2017-10-06 14:55:00,141.4,solar_utility,MW,nem,NSW1
2017-10-06 15:00:00,148.4,solar_utility,MW,nem,NSW1
2017-10-06 15:05:00,134.6,solar_utility,MW,nem,NSW1
2017-10-06 15:10:00,131.2,solar_utility,MW,nem,NSW1
2017-10-06 15:15:00,134.2,solar_utility,MW,nem,NSW1
2017-10-06 15:20:00,127.9,solar_utility,MW,nem,NSW1
2017-10-06 15:25:00,122.2,solar_utility,MW,nem,NSW1
2017-10-06 15:30:00,126.2,solar_utility,MW,nem,NSW1
2017-10-06 15:35:00,114.7,solar_utility,MW,nem,NSW1
2017-10-06 15:40:00,105.1,solar_utility,MW,nem,NSW1
2017-10-06 15:45:00,101.8,solar_utility,MW,nem,NSW1
2017-10-06 15:50:00,86.59,solar_utility,MW,nem,NSW1
2017-10-06 15:55:00,88.43,solar_utility,MW,nem,NSW1
2017-10-06 16:00:00,88.92,solar_utility,MW,nem,NSW1
2017-10-06 16:05:00,77.58,solar_utility,MW,nem,NSW1
2017-10-06 16:10:00,84.25,solar_utility,MW,nem,NSW1
2017-10-06 16:15:00,75.74,solar_utility,MW,nem,NSW1
2017-10-06 16:20:00,80.9,solar_utility,MW,nem,NSW1
2017-10-06 16:25:00,80.5,solar_utility,MW,nem,NSW1
2017-10-06 16:30:00,78.87,solar_utility,MW,nem,NSW1
2017-10-06 16:35:00,77.45,solar_utility,MW,nem,NSW1
2017-10-06 16:40:00,75.66,solar_utility,MW,nem,NSW1
2017-10-06 16:45:00,68.88,solar_utility,MW,nem,NSW1
2017-10-06 16:50:00,58.07,solar_utility,MW,nem,NSW1
2017-10-06 16:55:00,54.82,solar_utility,MW,nem,NSW1
2017-10-06 17:00:00,51.99,solar_utility,MW,nem,NSW1
2017-10-06 17:05:00,57.55,solar_utility,MW,nem,NSW1
2017-10-06 17:10:00,62.68,solar_utility,MW,nem,NSW1
2017-10-06 17:15:00,48.51,solar_utility,MW,nem,NSW1
2017-10-06 17:20:00,32.15,solar_utility,MW,nem,NSW1
2017-10-06 17:25:00,23.41,solar_utility,MW,nem,NSW1
2017-10-06 17:30:00,21.51,solar_utility,MW,nem,NSW1
2017-10-06 17:35:00,18.62,solar_utility,MW,nem,NSW1
2017-10-06 17:40:00,16.73,solar_utility,MW,nem,NSW1
2017-10-06 17:45:00,8.356,solar_utility,MW,nem,NSW1
2017-10-06 17:50:00,5.423,solar_utility,MW,nem,NSW1
2017-10-06 17:55:00,3.631,solar_utility,MW,nem,NSW1
2017-10-06 18:00:00,1.174,solar_utility,MW,nem,NSW1
2017-10-06 18:05:00,0.188,solar_utility,MW,nem,NSW1
2017-10-06 18:10:00,0.188,solar_utility,MW,nem,NSW1
2017-10-06 18:15:00,0.188,solar_utility,MW,nem,NSW1
2017-10-06 18:20:00,0.188,solar_utility,MW,nem,NSW1
2017-10-06 18:25:00,0.188,solar_utility,MW,nem,NSW1
2017-10-06 18:30:00,0.188,solar_utility,MW,nem,NSW1
2017-10-06 18:35:00,0.188,solar_utility,MW,nem,NSW1
2017-10-06 18:40:00,0.188,solar_utility,MW,nem,NSW1
2017-10-06 18:45:00,0.188,solar_utility,MW,nem,NSW1
2017-10-06 18:50:00,0.188,solar_utility,MW,nem,NSW1
2017-10-06 18:55:00,0.188,solar_utility,MW,nem,NSW1
2017-10-06 19:00:00,0.188,solar_utility,MW,nem,NSW1
2017-10-06 19:05:00,0.188,solar_utility,MW,nem,NSW1
2017-10-06 19:10:00,0.188,solar_utility,MW,nem,NSW1
2017-10-06 19:15:00,0.188,solar_utility,MW,nem,NSW1
2017-10-06 19:20:00,0.188,solar_utility,MW,nem,NSW1
2017-10-06 19:25:00,0.188,solar_utility,MW,nem,NSW1
2017-10-06 19:30:00,0.188,solar_utility,MW,nem,NSW1
2017-10-06 19:35:00,0.188,solar_utility,MW,nem,NSW1
2017-10-06 19:40:00,0.188,solar_utility,MW,nem,NSW1
2017-10-06 19:45:00,0.188,solar_utility,MW,nem,NSW1
2017-10-06 19:50:00,0.188,solar_utility,MW,nem,NSW1
2017-10-06 19:55:00,0.188,solar_utility,MW,nem,NSW1
2017-10-06 20:00:00,0.188,solar_utility,MW,nem,NSW1
2017-10-06 20:05:00,0.188,solar_utility,MW,nem,NSW1
2017-10-06 20:10:00,0.188,solar_utility,MW,nem,NSW1
2017-10-06 20:15:00,0.188,solar_utility,MW,nem,NSW1
2017-10-06 20:20:00,0.188,solar_utility,MW,nem,NSW1
2017-10-06 20:25:00,0.188,solar_utility,MW,nem,NSW1
2017-10-06 20:30:00,0.188,solar_utility,MW,nem,NSW1
2017-10-06 20:35:00,0.188,solar_utility,MW,nem,NSW1
2017-10-06 20:40:00,0.188,solar_utility,MW,nem,NSW1
2017-10-06 20:45:00,0.188,solar_utility,MW,nem,NSW1
2017-10-06 20:50:00,0.188,solar_utility,MW,nem,NSW1
2017-10-06 20:55:00,0.188,solar_utility,MW,nem,NSW1
2017-10-06 21:00:00,0.188,solar_utility,MW,nem,NSW1
2017-10-06 21:05:00,0.188,solar_utility,MW,nem,NSW1
2017-10-06 21:10:00,0.188,solar_utility,MW,nem,NSW1
2017-10-06 21:15:00,0.188,solar_utility,MW,nem,NSW1
2017-10-06 21:20:00,0.188,solar_utility,MW,nem,NSW1
2017-10-06 21:25:00,0.188,solar_utility,MW,nem,NSW1
2017-10-06 21:30:00,0.188,solar_utility,MW,nem,NSW1
2017-10-06 21:35:00,0.188,solar_utility,MW,nem,NSW1
2017-10-06 21:40:00,0.188,solar_utility,MW,nem,NSW1
2017-10-06 21:45:00,0.188,solar_utility,MW,nem,NSW1
2017-10-06 21:50:00,0.188,solar_utility,MW,nem,NSW1
2017-10-06 21:55:00,0.188,solar_utility,MW,nem,NSW1
2017-10-06 22:00:00,0.188,solar_utility,MW,nem,NSW1
2017-10-06 22:05:00,0.188,solar_utility,MW,nem,NSW1
2017-10-06 22:10:00,0.188,solar_utility,MW,nem,NSW1
2017-10-06 22:15:00,0.188,solar_utility,MW,nem,NSW1
2017-10-06 22:20:00,0.188,solar_utility,MW,nem,NSW1
2017-10-06 22:25:00,0.188,solar_utility,MW,nem,NSW1
2017-10-06 22:30:00,0.188,solar_utility,MW,nem,NSW1
2017-10-06 22:35:00,0.188,solar_utility,MW,nem,NSW1
2017-10-06 22:40:00,0.188,solar_utility,MW,nem,NSW1
2017-10-06 22:45:00,0.188,solar_utility,MW,nem,NSW1
2017-10-06 22:50:00,0.188,solar_utility,MW,nem,NSW1
2017-10-06 22:55:00,0.188,solar_utility,MW,nem,NSW1
2017-10-06 23:00:00,0.188,solar_utility,MW,nem,NSW1
2017-10-06 23:05:00,0.188,solar_utility,MW,nem,NSW1
2017-10-06 23:10:00,0.188,solar_utility,MW,nem,NSW1
2017-10-06 23:15:00,0.188,solar_utility,MW,nem,NSW1
2017-10-06 23:20:00,0.188,solar_utility,MW,nem,NSW1
2017-10-06 23:25:00,0.188,solar_utility,MW,nem,NSW1
2017-10-06 23:30:00,0.188,solar_utility,MW,nem,NSW1
2017-10-06 23:35:00,0.188,solar_utility,MW,nem,NSW1
2017-10-06 23:40:00,0.188,solar_utility,MW,nem,NSW1
2017-10-06 23:45:00,0.188,solar_utility,MW,nem,NSW1
2017-10-06 23:50:00,0.188,solar_utility,MW,nem,NSW1
2017-10-06 23:55:00,0.188,solar_utility,MW,nem,NSW1
2017-10-07 00:00:00,0.188,solar_utility,MW,nem,NSW1
2017-10-07 00:05:00,0.188,solar_utility,MW,nem,NSW1
2017-10-07 00:10:00,0.188,solar_utility,MW,nem,NSW1
2017-10-07 00:15:00,0.188,solar_utility,MW,nem,NSW1
2017-10-07 00:20:00,0.188,solar_utility,MW,nem,NSW1
2017-10-07 00:25:00,0.188,solar_utility,MW,nem,NSW1
2017-10-07 00:30:00,0.188,solar_utility,MW,nem,NSW1
2017-10-07 00:35:00,0.188,solar_utility,MW,nem,NSW1
2017-10-07 00:40:00,0.188,solar_utility,MW,nem,NSW1
2017-10-07 00:45:00,0.188,solar_utility,MW,nem,NSW1
2017-10-07 00:50:00,0.188,solar_utility,MW,nem,NSW1
2017-10-07 00:55:00,0.188,solar_utility,MW,nem,NSW1
2017-10-07 01:00:00,0.188,solar_utility,MW,nem,NSW1
2017-10-07 01:05:00,0.188,solar_utility,MW,nem,NSW1
2017-10-07 01:10:00,0.188,solar_utility,MW,nem,NSW1
2017-10-07 01:15:00,0.188,solar_utility,MW,nem,NSW1
2017-10-07 01:20:00,0.188,solar_utility,MW,nem,NSW1
2017-10-07 01:25:00,0.188,solar_utility,MW,nem,NSW1
2017-10-07 01:30:00,0.188,solar_utility,MW,nem,NSW1
2017-10-07 01:35:00,0.188,solar_utility,MW,nem,NSW1
2017-10-07 01:40:00,0.188,solar_utility,MW,nem,NSW1
2017-10-07 01:45:00,0.188,solar_utility,MW,nem,NSW1
2017-10-07 01:50:00,0.188,solar_utility,MW,nem,NSW1
2017-10-07 01:55:00,0.188,solar_utility,MW,nem,NSW1
2017-10-07 02:00:00,0.188,solar_utility,MW,nem,NSW1
2017-10-07 02:05:00,0.188,solar_utility,MW,nem,NSW1
2017-10-07 02:10:00,0.188,solar_utility,MW,nem,NSW1
2017-10-07 02:15:00,0.188,solar_utility,MW,nem,NSW1
2017-10-07 02:20:00,0.188,solar_utility,MW,nem,NSW1
2017-10-07 02:25:00,0.188,solar_utility,MW,nem,NSW1
2017-10-07 02:30:00,0.188,solar_utility,MW,nem,NSW1
2017-10-07 02:35:00,0.188,solar_utility,MW,nem,NSW1
2017-10-07 02:40:00,0.188,solar_utility,MW,nem,NSW1
2017-10-07 02:45:00,0.188,solar_utility,MW,nem,NSW1
2017-10-07 02:50:00,0.188,solar_utility,MW,nem,NSW1
2017-10-07 02:55:00,0.188,solar_utility,MW,nem,NSW1
2017-10-07 03:00:00,0.188,solar_utility,MW,nem,NSW1
2017-10-07 03:05:00,0.188,solar_utility,MW,nem,NSW1
2017-10-07 03:10:00,0.188,solar_utility,MW,nem,NSW1
2017-10-07 03:15:00,0.188,solar_utility,MW,nem,NSW1
2017-10-07 03:20:00,0.188,solar_utility,MW,nem,NSW1
2017-10-07 03:25:00,0.188,solar_utility,MW,nem,NSW1
2017-10-07 03:30:00,0.188,solar_utility,MW,nem,NSW1
2017-10-07 03:35:00,0.188,solar_utility,MW,nem,NSW1
2017-10-07 03:40:00,0.188,solar_utility,MW,nem,NSW1
2017-10-07 03:45:00,0.188,solar_utility,MW,nem,NSW1
2017-10-07 03:50:00,0.188,solar_utility,MW,nem,NSW1
2017-10-07 03:55:00,0.188,solar_utility,MW,nem,NSW1
2017-10-07 04:00:00,0.188,solar_utility,MW,nem,NSW1
2017-10-07 04:05:00,0.188,solar_utility,MW,nem,NSW1
2017-10-07 04:10:00,0.188,solar_utility,MW,nem,NSW1
2017-10-07 04:15:00,0.188,solar_utility,MW,nem,NSW1
2017-10-07 04:20:00,0.188,solar_utility,MW,nem,NSW1
2017-10-07 04:25:00,0.188,solar_utility,MW,nem,NSW1
2017-10-07 04:30:00,0.188,solar_utility,MW,nem,NSW1
2017-10-07 04:35:00,0.188,solar_utility,MW,nem,NSW1
2017-10-07 04:40:00,0.188,solar_utility,MW,nem,NSW1
2017-10-07 04:45:00,0.188,solar_utility,MW,nem,NSW1
2017-10-07 04:50:00,0.188,solar_utility,MW,nem,NSW1
2017-10-07 04:55:00,0.188,solar_utility,MW,nem,NSW1
2017-10-07 05:00:00,0.188,solar_utility,MW,nem,NSW1
2017-10-07 05:05:00,0.188,solar_utility,MW,nem,NSW1
2017-10-07 05:10:00,0.188,solar_utility,MW,nem,NSW1
2017-10-07 05:15:00,0.188,solar_utility,MW,nem,NSW1
2017-10-07 05:20:00,0.188,solar_utility,MW,nem,NSW1
2017-10-07 05:25:00,0.188,solar_utility,MW,nem,NSW1
2017-10-07 05:30:00,0.188,solar_utility,MW,nem,NSW1
2017-10-07 05:35:00,0.188,solar_utility,MW,nem,NSW1
2017-10-07 05:40:00,0.188,solar_utility,MW,nem,NSW1
2017-10-07 05:45:00,0.432,solar_utility,MW,nem,NSW1
2017-10-07 05:50:00,1.017,solar_utility,MW,nem,NSW1
2017-10-07 05:55:00,2.659,solar_utility,MW,nem,NSW1
2017-10-07 06:00:00,3.998,solar_utility,MW,nem,NSW1
2017-10-07 06:05:00,5.463,solar_utility,MW,nem,NSW1
2017-10-07 06:10:00,7.992,solar_utility,MW,nem,NSW1
2017-10-07 06:15:00,12.24,solar_utility,MW,nem,NSW1
2017-10-07 06:20:00,12.69,solar_utility,MW,nem,NSW1
2017-10-07 06:25:00,20.26,solar_utility,MW,nem,NSW1
2017-10-07 06:30:00,17.37,solar_utility,MW,nem,NSW1
2017-10-07 06:35:00,20.2,solar_utility,MW,nem,NSW1
2017-10-07 06:40:00,25.04,solar_utility,MW,nem,NSW1
2017-10-07 06:45:00,22.47,solar_utility,MW,nem,NSW1
2017-10-07 06:50:00,35.53,solar_utility,MW,nem,NSW1
2017-10-07 06:55:00,39.96,solar_utility,MW,nem,NSW1
2017-10-07 07:00:00,34.73,solar_utility,MW,nem,NSW1
2017-10-07 07:05:00,45.35,solar_utility,MW,nem,NSW1
2017-10-07 07:10:00,32.94,solar_utility,MW,nem,NSW1
2017-10-07 07:15:00,50.53,solar_utility,MW,nem,NSW1
2017-10-07 07:20:00,68.93,solar_utility,MW,nem,NSW1
2017-10-07 07:25:00,58.39,solar_utility,MW,nem,NSW1
2017-10-07 07:30:00,53.96,solar_utility,MW,nem,NSW1
2017-10-07 07:35:00,83.84,solar_utility,MW,nem,NSW1
2017-10-07 07:40:00,103.9,solar_utility,MW,nem,NSW1
2017-10-07 07:45:00,108.3,solar_utility,MW,nem,NSW1
2017-10-07 07:50:00,92.2,solar_utility,MW,nem,NSW1
2017-10-07 07:55:00,95.99,solar_utility,MW,nem,NSW1
2017-10-07 08:00:00,116.0,solar_utility,MW,nem,NSW1
2017-10-07 08:05:00,117.2,solar_utility,MW,nem,NSW1
2017-10-07 08:10:00,149.9,solar_utility,MW,nem,NSW1
2017-10-07 08:15:00,153.8,solar_utility,MW,nem,NSW1
2017-10-07 08:20:00,147.4,solar_utility,MW,nem,NSW1
2017-10-07 08:25:00,142.3,solar_utility,MW,nem,NSW1
2017-10-07 08:30:00,139.0,solar_utility,MW,nem,NSW1
2017-10-07 08:35:00,146.4,solar_utility,MW,nem,NSW1
2017-10-07 08:40:00,111.5,solar_utility,MW,nem,NSW1
2017-10-07 08:45:00,167.7,solar_utility,MW,nem,NSW1
2017-10-07 08:50:00,143.2,solar_utility,MW,nem,NSW1
2017-10-07 08:55:00,102.4,solar_utility,MW,nem,NSW1
2017-10-07 09:00:00,135.3,solar_utility,MW,nem,NSW1
2017-10-07 09:05:00,137.2,solar_utility,MW,nem,NSW1
2017-10-07 09:10:00,137.0,solar_utility,MW,nem,NSW1
2017-10-07 09:15:00,149.8,solar_utility,MW,nem,NSW1
2017-10-07 09:20:00,155.7,solar_utility,MW,nem,NSW1
2017-10-07 09:25:00,168.3,solar_utility,MW,nem,NSW1
2017-10-07 09:30:00,171.6,solar_utility,MW,nem,NSW1
2017-10-07 09:35:00,203.1,solar_utility,MW,nem,NSW1
2017-10-07 09:40:00,209.8,solar_utility,MW,nem,NSW1
2017-10-07 09:45:00,213.0,solar_utility,MW,nem,NSW1
2017-10-07 09:50:00,172.8,solar_utility,MW,nem,NSW1
2017-10-07 09:55:00,153.0,solar_utility,MW,nem,NSW1
2017-10-07 10:00:00,131.4,solar_utility,MW,nem,NSW1
2017-10-07 10:05:00,182.4,solar_utility,MW,nem,NSW1
2017-10-07 10:10:00,195.6,solar_utility,MW,nem,NSW1
2017-10-07 10:15:00,171.3,solar_utility,MW,nem,NSW1
2017-10-07 10:20:00,198.5,solar_utility,MW,nem,NSW1
2017-10-07 10:25:00,189.6,solar_utility,MW,nem,NSW1
2017-10-07 10:30:00,178.5,solar_utility,MW,nem,NSW1
2017-10-07 10:35:00,222.0,solar_utility,MW,nem,NSW1
2017-10-07 10:40:00,189.7,solar_utility,MW,nem,NSW1
2017-10-07 10:45:00,232.4,solar_utility,MW,nem,NSW1
2017-10-07 10:50:00,223.8,solar_utility,MW,nem,NSW1
2017-10-07 10:55:00,212.8,solar_utility,MW,nem,NSW1
2017-10-07 11:00:00,238.2,solar_utility,MW,nem,NSW1
2017-10-07 11:05:00,225.4,solar_utility,MW,nem,NSW1
2017-10-07 11:10:00,239.4,solar_utility,MW,nem,NSW1
2017-10-07 11:15:00,226.3,solar_utility,MW,nem,NSW1
2017-10-07 11:20:00,234.5,solar_utility,MW,nem,NSW1
2017-10-07 11:25:00,215.8,solar_utility,MW,nem,NSW1
2017-10-07 11:30:00,177.3,solar_utility,MW,nem,NSW1
2017-10-07 11:35:00,188.9,solar_utility,MW,nem,NSW1
2017-10-07 11:40:00,210.8,solar_utility,MW,nem,NSW1
2017-10-07 11:45:00,190.8,solar_utility,MW,nem,NSW1
2017-10-07 11:50:00,198.3,solar_utility,MW,nem,NSW1
2017-10-07 11:55:00,206.1,solar_utility,MW,nem,NSW1
2017-10-07 12:00:00,210.4,solar_utility,MW,nem,NSW1
2017-10-07 12:05:00,208.8,solar_utility,MW,nem,NSW1
2017-10-07 12:10:00,198.0,solar_utility,MW,nem,NSW1
2017-10-07 12:15:00,190.8,solar_utility,MW,nem,NSW1
2017-10-07 12:20:00,217.0,solar_utility,MW,nem,NSW1
2017-10-07 12:25:00,222.7,solar_utility,MW,nem,NSW1
2017-10-07 12:30:00,222.3,solar_utility,MW,nem,NSW1
2017-10-07 12:35:00,211.4,solar_utility,MW,nem,NSW1
2017-10-07 12:40:00,217.8,solar_utility,MW,nem,NSW1
2017-10-07 12:45:00,183.9,solar_utility,MW,nem,NSW1
2017-10-07 12:50:00,203.9,solar_utility,MW,nem,NSW1
2017-10-07 12:55:00,206.0,solar_utility,MW,nem,NSW1
2017-10-07 13:00:00,212.4,solar_utility,MW,nem,NSW1
2017-10-07 13:05:00,188.9,solar_utility,MW,nem,NSW1
2017-10-07 13:10:00,243.4,solar_utility,MW,nem,NSW1
2017-10-07 13:15:00,230.1,solar_utility,MW,nem,NSW1
2017-10-07 13:20:00,246.2,solar_utility,MW,nem,NSW1
2017-10-07 13:25:00,244.4,solar_utility,MW,nem,NSW1
2017-10-07 13:30:00,238.5,solar_utility,MW,nem,NSW1
2017-10-07 13:35:00,238.6,solar_utility,MW,nem,NSW1
2017-10-07 13:40:00,220.2,solar_utility,MW,nem,NSW1
2017-10-07 13:45:00,235.6,solar_utility,MW,nem,NSW1
2017-10-07 13:50:00,241.3,solar_utility,MW,nem,NSW1
2017-10-07 13:55:00,242.4,solar_utility,MW,nem,NSW1
2017-10-07 14:00:00,203.0,solar_utility,MW,nem,NSW1
2017-10-07 14:05:00,242.8,solar_utility,MW,nem,NSW1
2017-10-07 14:10:00,239.5,solar_utility,MW,nem,NSW1
2017-10-07 14:15:00,233.2,solar_utility,MW,nem,NSW1
2017-10-07 14:20:00,237.0,solar_utility,MW,nem,NSW1
2017-10-07 14:25:00,233.4,solar_utility,MW,nem,NSW1
2017-10-07 14:30:00,214.8,solar_utility,MW,nem,NSW1
2017-10-07 14:35:00,223.1,solar_utility,MW,nem,NSW1
2017-10-07 14:40:00,226.8,solar_utility,MW,nem,NSW1
2017-10-07 14:45:00,211.8,solar_utility,MW,nem,NSW1
2017-10-07 14:50:00,205.8,solar_utility,MW,nem,NSW1
2017-10-07 14:55:00,203.7,solar_utility,MW,nem,NSW1
2017-10-07 15:00:00,215.2,solar_utility,MW,nem,NSW1
2017-10-07 15:05:00,208.3,solar_utility,MW,nem,NSW1
2017-10-07 15:10:00,184.7,solar_utility,MW,nem,NSW1
2017-10-07 15:15:00,179.9,solar_utility,MW,nem,NSW1
2017-10-07 15:20:00,163.7,solar_utility,MW,nem,NSW1
2017-10-07 15:25:00,88.78,solar_utility,MW,nem,NSW1
2017-10-07 15:30:00,107.2,solar_utility,MW,nem,NSW1
2017-10-07 15:35:00,127.2,solar_utility,MW,nem,NSW1
2017-10-07 15:40:00,153.5,solar_utility,MW,nem,NSW1
2017-10-07 15:45:00,150.4,solar_utility,MW,nem,NSW1
2017-10-07 15:50:00,166.0,solar_utility,MW,nem,NSW1
2017-10-07 15:55:00,162.1,solar_utility,MW,nem,NSW1
2017-10-07 16:00:00,167.3,solar_utility,MW,nem,NSW1
2017-10-07 16:05:00,138.7,solar_utility,MW,nem,NSW1
2017-10-07 16:10:00,113.1,solar_utility,MW,nem,NSW1
2017-10-07 16:15:00,115.7,solar_utility,MW,nem,NSW1
2017-10-07 16:20:00,95.31,solar_utility,MW,nem,NSW1
2017-10-07 16:25:00,100.9,solar_utility,MW,nem,NSW1
2017-10-07 16:30:00,93.26,solar_utility,MW,nem,NSW1
2017-10-07 16:35:00,100.5,solar_utility,MW,nem,NSW1
2017-10-07 16:40:00,90.08,solar_utility,MW,nem,NSW1
2017-10-07 16:45:00,99.19,solar_utility,MW,nem,NSW1
2017-10-07 16:50:00,88.71,solar_utility,MW,nem,NSW1
2017-10-07 16:55:00,70.61,solar_utility,MW,nem,NSW1
2017-10-07 17:00:00,55.01,solar_utility,MW,nem,NSW1
2017-10-07 17:05:00,41.68,solar_utility,MW,nem,NSW1
2017-10-07 17:10:00,48.01,solar_utility,MW,nem,NSW1
2017-10-07 17:15:00,35.56,solar_utility,MW,nem,NSW1
2017-10-07 17:20:00,41.49,solar_utility,MW,nem,NSW1
2017-10-07 17:25:00,33.96,solar_utility,MW,nem,NSW1
2017-10-07 17:30:00,27.75,solar_utility,MW,nem,NSW1
2017-10-07 17:35:00,21.85,solar_utility,MW,nem,NSW1
2017-10-07 17:40:00,16.3,solar_utility,MW,nem,NSW1
2017-10-07 17:45:00,8.696,solar_utility,MW,nem,NSW1
2017-10-07 17:50:00,6.801,solar_utility,MW,nem,NSW1
2017-10-07 17:55:00,6.06,solar_utility,MW,nem,NSW1
2017-10-07 18:00:00,3.634,solar_utility,MW,nem,NSW1
2017-10-07 18:05:00,2.166,solar_utility,MW,nem,NSW1
2017-10-07 18:10:00,1.619,solar_utility,MW,nem,NSW1
2017-10-07 18:15:00,0.14,solar_utility,MW,nem,NSW1
2017-10-07 18:20:00,0.14,solar_utility,MW,nem,NSW1
2017-10-07 18:25:00,0.14,solar_utility,MW,nem,NSW1
2017-10-07 18:30:00,0.14,solar_utility,MW,nem,NSW1
2017-10-07 18:35:00,0.14,solar_utility,MW,nem,NSW1
2017-10-07 18:40:00,0.14,solar_utility,MW,nem,NSW1
2017-10-07 18:45:00,0.14,solar_utility,MW,nem,NSW1
2017-10-07 18:50:00,0.14,solar_utility,MW,nem,NSW1
2017-10-07 18:55:00,0.14,solar_utility,MW,nem,NSW1
2017-10-07 19:00:00,0.14,solar_utility,MW,nem,NSW1
2017-10-07 19:05:00,0.14,solar_utility,MW,nem,NSW1
2017-10-07 19:10:00,0.14,solar_utility,MW,nem,NSW1
2017-10-07 19:15:00,0.14,solar_utility,MW,nem,NSW1
2017-10-07 19:20:00,0.14,solar_utility,MW,nem,NSW1
2017-10-07 19:25:00,0.14,solar_utility,MW,nem,NSW1
2017-10-07 19:30:00,0.14,solar_utility,MW,nem,NSW1
2017-10-07 19:35:00,0.14,solar_utility,MW,nem,NSW1
2017-10-07 19:40:00,0.14,solar_utility,MW,nem,NSW1
2017-10-07 19:45:00,0.14,solar_utility,MW,nem,NSW1
2017-10-07 19:50:00,0.14,solar_utility,MW,nem,NSW1
2017-10-07 19:55:00,0.14,solar_utility,MW,nem,NSW1
2017-10-07 20:00:00,0.14,solar_utility,MW,nem,NSW1
2017-10-07 20:05:00,0.14,solar_utility,MW,nem,NSW1
2017-10-07 20:10:00,0.14,solar_utility,MW,nem,NSW1
2017-10-07 20:15:00,0.14,solar_utility,MW,nem,NSW1
2017-10-07 20:20:00,0.14,solar_utility,MW,nem,NSW1
2017-10-07 20:25:00,0.14,solar_utility,MW,nem,NSW1
2017-10-07 20:30:00,0.14,solar_utility,MW,nem,NSW1
2017-10-07 20:35:00,0.14,solar_utility,MW,nem,NSW1
2017-10-07 20:40:00,0.14,solar_utility,MW,nem,NSW1
2017-10-07 20:45:00,0.14,solar_utility,MW,nem,NSW1
2017-10-07 20:50:00,0.14,solar_utility,MW,nem,NSW1
2017-10-07 20:55:00,0.14,solar_utility,MW,nem,NSW1
2017-10-07 21:00:00,0.14,solar_utility,MW,nem,NSW1
2017-10-07 21:05:00,0.14,solar_utility,MW,nem,NSW1
2017-10-07 21:10:00,0.14,solar_utility,MW,nem,NSW1
2017-10-07 21:15:00,0.14,solar_utility,MW,nem,NSW1
2017-10-07 21:20:00,0.14,solar_utility,MW,nem,NSW1
2017-10-07 21:25:00,0.14,solar_utility,MW,nem,NSW1
2017-10-07 21:30:00,0.14,solar_utility,MW,nem,NSW1
2017-10-07 21:35:00,0.14,solar_utility,MW,nem,NSW1
2017-10-07 21:40:00,0.14,solar_utility,MW,nem,NSW1
2017-10-07 21:45:00,0.14,solar_utility,MW,nem,NSW1
2017-10-07 21:50:00,0.14,solar_utility,MW,nem,NSW1
2017-10-07 21:55:00,0.14,solar_utility,MW,nem,NSW1
2017-10-07 22:00:00,0.14,solar_utility,MW,nem,NSW1
2017-10-07 22:05:00,0.14,solar_utility,MW,nem,NSW1
2017-10-07 22:10:00,0.14,solar_utility,MW,nem,NSW1
2017-10-07 22:15:00,0.14,solar_utility,MW,nem,NSW1
2017-10-07 22:20:00,0.14,solar_utility,MW,nem,NSW1
2017-10-07 22:25:00,0.14,solar_utility,MW,nem,NSW1
2017-10-07 22:30:00,0.14,solar_utility,MW,nem,NSW1
2017-10-07 22:35:00,0.14,solar_utility,MW,nem,NSW1
2017-10-07 22:40:00,0.14,solar_utility,MW,nem,NSW1
2017-10-07 22:45:00,0.14,solar_utility,MW,nem,NSW1
2017-10-07 22:50:00,0.14,solar_utility,MW,nem,NSW1
2017-10-07 22:55:00,0.14,solar_utility,MW,nem,NSW1
2017-10-07 23:00:00,0.14,solar_utility,MW,nem,NSW1
2017-10-07 23:05:00,0.14,solar_utility,MW,nem,NSW1
2017-10-07 23:10:00,0.14,solar_utility,MW,nem,NSW1
2017-10-07 23:15:00,0.14,solar_utility,MW,nem,NSW1
2017-10-07 23:20:00,0.14,solar_utility,MW,nem,NSW1
2017-10-07 23:25:00,0.14,solar_utility,MW,nem,NSW1
2017-10-07 23:30:00,0.14,solar_utility,MW,nem,NSW1
2017-10-07 23:35:00,0.14,solar_utility,MW,nem,NSW1
2017-10-07 23:40:00,0.14,solar_utility,MW,nem,NSW1
2017-10-07 23:45:00,0.14,solar_utility,MW,nem,NSW1
2017-10-07 23:50:00,0.14,solar_utility,MW,nem,NSW1
2017-10-07 23:55:00,0.14,solar_utility,MW,nem,NSW1
2017-10-08 00:00:00,0.14,solar_utility,MW,nem,NSW1
2017-10-08 00:05:00,0.14,solar_utility,MW,nem,NSW1
2017-10-08 00:10:00,0.14,solar_utility,MW,nem,NSW1
2017-10-08 00:15:00,0.14,solar_utility,MW,nem,NSW1
2017-10-08 00:20:00,0.14,solar_utility,MW,nem,NSW1
2017-10-08 00:25:00,0.14,solar_utility,MW,nem,NSW1
2017-10-08 00:30:00,0.14,solar_utility,MW,nem,NSW1
2017-10-08 00:35:00,0.14,solar_utility,MW,nem,NSW1
2017-10-08 00:40:00,0.14,solar_utility,MW,nem,NSW1
2017-10-08 00:45:00,0.14,solar_utility,MW,nem,NSW1
2017-10-08 00:50:00,0.14,solar_utility,MW,nem,NSW1
2017-10-08 00:55:00,0.14,solar_utility,MW,nem,NSW1
2017-10-08 01:00:00,0.14,solar_utility,MW,nem,NSW1
2017-10-08 01:05:00,0.14,solar_utility,MW,nem,NSW1
2017-10-08 01:10:00,0.14,solar_utility,MW,nem,NSW1
2017-10-08 01:15:00,0.14,solar_utility,MW,nem,NSW1
2017-10-08 01:20:00,0.14,solar_utility,MW,nem,NSW1
2017-10-08 01:25:00,0.14,solar_utility,MW,nem,NSW1
2017-10-08 01:30:00,0.14,solar_utility,MW,nem,NSW1
2017-10-08 01:35:00,0.14,solar_utility,MW,nem,NSW1
2017-10-08 01:40:00,0.14,solar_utility,MW,nem,NSW1
2017-10-08 01:45:00,0.14,solar_utility,MW,nem,NSW1
2017-10-08 01:50:00,0.14,solar_utility,MW,nem,NSW1
2017-10-08 01:55:00,0.14,solar_utility,MW,nem,NSW1
2017-10-08 02:00:00,0.14,solar_utility,MW,nem,NSW1
2017-10-08 02:05:00,0.14,solar_utility,MW,nem,NSW1
2017-10-08 02:10:00,0.14,solar_utility,MW,nem,NSW1
2017-10-08 02:15:00,0.14,solar_utility,MW,nem,NSW1
2017-10-08 02:20:00,0.14,solar_utility,MW,nem,NSW1
2017-10-08 02:25:00,0.14,solar_utility,MW,nem,NSW1
2017-10-08 02:30:00,0.14,solar_utility,MW,nem,NSW1
2017-10-08 02:35:00,0.14,solar_utility,MW,nem,NSW1
2017-10-08 02:40:00,0.14,solar_utility,MW,nem,NSW1
2017-10-08 02:45:00,0.14,solar_utility,MW,nem,NSW1
2017-10-08 02:50:00,0.14,solar_utility,MW,nem,NSW1
2017-10-08 02:55:00,0.14,solar_utility,MW,nem,NSW1
2017-10-08 03:00:00,0.14,solar_utility,MW,nem,NSW1
2017-10-08 03:05:00,0.14,solar_utility,MW,nem,NSW1
2017-10-08 03:10:00,0.14,solar_utility,MW,nem,NSW1
2017-10-08 03:15:00,0.14,solar_utility,MW,nem,NSW1
2017-10-08 03:20:00,0.14,solar_utility,MW,nem,NSW1
2017-10-08 03:25:00,0.14,solar_utility,MW,nem,NSW1
2017-10-08 03:30:00,0.14,solar_utility,MW,nem,NSW1
2017-10-08 03:35:00,0.14,solar_utility,MW,nem,NSW1
2017-10-08 03:40:00,0.14,solar_utility,MW,nem,NSW1
2017-10-08 03:45:00,0.14,solar_utility,MW,nem,NSW1
2017-10-08 03:50:00,0.14,solar_utility,MW,nem,NSW1
2017-10-08 03:55:00,0.14,solar_utility,MW,nem,NSW1
2017-10-08 04:00:00,0.14,solar_utility,MW,nem,NSW1
2017-10-08 04:05:00,0.14,solar_utility,MW,nem,NSW1
2017-10-08 04:10:00,0.14,solar_utility,MW,nem,NSW1
2017-10-08 04:15:00,0.14,solar_utility,MW,nem,NSW1
2017-10-08 04:20:00,0.14,solar_utility,MW,nem,NSW1
2017-10-08 04:25:00,0.14,solar_utility,MW,nem,NSW1
2017-10-08 04:30:00,0.14,solar_utility,MW,nem,NSW1
2017-10-08 04:35:00,0.14,solar_utility,MW,nem,NSW1
2017-10-08 04:40:00,0.14,solar_utility,MW,nem,NSW1
2017-10-08 04:45:00,0.14,solar_utility,MW,nem,NSW1
2017-10-08 04:50:00,0.14,solar_utility,MW,nem,NSW1
2017-10-08 04:55:00,0.14,solar_utility,MW,nem,NSW1
2017-10-08 05:00:00,0.14,solar_utility,MW,nem,NSW1
2017-10-08 05:05:00,0.14,solar_utility,MW,nem,NSW1
2017-10-08 05:10:00,0.14,solar_utility,MW,nem,NSW1
2017-10-08 05:15:00,0.14,solar_utility,MW,nem,NSW1
2017-10-08 05:20:00,0.14,solar_utility,MW,nem,NSW1
2017-10-08 05:25:00,0.14,solar_utility,MW,nem,NSW1
2017-10-08 05:30:00,0.14,solar_utility,MW,nem,NSW1
2017-10-08 05:35:00,0.14,solar_utility,MW,nem,NSW1
2017-10-08 05:40:00,0.14,solar_utility,MW,nem,NSW1
2017-10-08 05:45:00,0.14,solar_utility,MW,nem,NSW1
2017-10-08 05:50:00,0.14,solar_utility,MW,nem,NSW1
2017-10-08 05:55:00,0.27,solar_utility,MW,nem,NSW1
2017-10-08 06:00:00,0.274,solar_utility,MW,nem,NSW1
2017-10-08 06:05:00,1.213,solar_utility,MW,nem,NSW1
2017-10-08 06:10:00,1.17,solar_utility,MW,nem,NSW1
2017-10-08 06:15:00,1.51,solar_utility,MW,nem,NSW1
2017-10-08 06:20:00,2.62,solar_utility,MW,nem,NSW1
2017-10-08 06:25:00,3.242,solar_utility,MW,nem,NSW1
2017-10-08 06:30:00,3.878,solar_utility,MW,nem,NSW1
2017-10-08 06:35:00,3.884,solar_utility,MW,nem,NSW1
2017-10-08 06:40:00,4.745,solar_utility,MW,nem,NSW1
2017-10-08 06:45:00,8.8,solar_utility,MW,nem,NSW1
2017-10-08 06:50:00,12.11,solar_utility,MW,nem,NSW1
2017-10-08 06:55:00,15.75,solar_utility,MW,nem,NSW1
2017-10-08 07:00:00,18.34,solar_utility,MW,nem,NSW1
2017-10-08 07:05:00,23.26,solar_utility,MW,nem,NSW1
2017-10-08 07:10:00,25.11,solar_utility,MW,nem,NSW1
2017-10-08 07:15:00,27.18,solar_utility,MW,nem,NSW1
2017-10-08 07:20:00,30.92,solar_utility,MW,nem,NSW1
2017-10-08 07:25:00,32.95,solar_utility,MW,nem,NSW1
2017-10-08 07:30:00,26.32,solar_utility,MW,nem,NSW1
2017-10-08 07:35:00,24.57,solar_utility,MW,nem,NSW1
2017-10-08 07:40:00,29.27,solar_utility,MW,nem,NSW1
2017-10-08 07:45:00,27.74,solar_utility,MW,nem,NSW1
2017-10-08 07:50:00,36.87,solar_utility,MW,nem,NSW1
2017-10-08 07:55:00,30.09,solar_utility,MW,nem,NSW1
2017-10-08 08:00:00,32.01,solar_utility,MW,nem,NSW1
2017-10-08 08:05:00,34.99,solar_utility,MW,nem,NSW1
2017-10-08 08:10:00,40.12,solar_utility,MW,nem,NSW1
2017-10-08 08:15:00,45.33,solar_utility,MW,nem,NSW1
2017-10-08 08:20:00,49.46,solar_utility,MW,nem,NSW1
2017-10-08 08:25:00,45.19,solar_utility,MW,nem,NSW1
2017-10-08 08:30:00,48.27,solar_utility,MW,nem,NSW1
2017-10-08 08:35:00,47.63,solar_utility,MW,nem,NSW1
2017-10-08 08:40:00,61.62,solar_utility,MW,nem,NSW1
2017-10-08 08:45:00,50.45,solar_utility,MW,nem,NSW1
2017-10-08 08:50:00,55.69,solar_utility,MW,nem,NSW1
2017-10-08 08:55:00,55.49,solar_utility,MW,nem,NSW1
2017-10-08 09:00:00,50.58,solar_utility,MW,nem,NSW1
2017-10-08 09:05:00,65.58,solar_utility,MW,nem,NSW1
2017-10-08 09:10:00,60.2,solar_utility,MW,nem,NSW1
2017-10-08 09:15:00,50.83,solar_utility,MW,nem,NSW1
2017-10-08 09:20:00,58.16,solar_utility,MW,nem,NSW1
2017-10-08 09:25:00,60.93,solar_utility,MW,nem,NSW1
2017-10-08 09:30:00,56.62,solar_utility,MW,nem,NSW1
2017-10-08 09:35:00,45.3,solar_utility,MW,nem,NSW1
2017-10-08 09:40:00,50.37,solar_utility,MW,nem,NSW1
2017-10-08 09:45:00,61.16,solar_utility,MW,nem,NSW1
2017-10-08 09:50:00,61.46,solar_utility,MW,nem,NSW1
2017-10-08 09:55:00,83.12,solar_utility,MW,nem,NSW1
2017-10-08 10:00:00,110.7,solar_utility,MW,nem,NSW1
2017-10-08 10:05:00,102.2,solar_utility,MW,nem,NSW1
2017-10-08 10:10:00,84.85,solar_utility,MW,nem,NSW1
2017-10-08 10:15:00,76.24,solar_utility,MW,nem,NSW1
2017-10-08 10:20:00,68.93,solar_utility,MW,nem,NSW1
2017-10-08 10:25:00,103.4,solar_utility,MW,nem,NSW1
2017-10-08 10:30:00,105.8,solar_utility,MW,nem,NSW1
2017-10-08 10:35:00,68.92,solar_utility,MW,nem,NSW1
2017-10-08 10:40:00,105.0,solar_utility,MW,nem,NSW1
2017-10-08 10:45:00,105.3,solar_utility,MW,nem,NSW1
2017-10-08 10:50:00,109.5,solar_utility,MW,nem,NSW1
2017-10-08 10:55:00,110.9,solar_utility,MW,nem,NSW1
2017-10-08 11:00:00,101.9,solar_utility,MW,nem,NSW1
2017-10-08 11:05:00,100.5,solar_utility,MW,nem,NSW1
2017-10-08 11:10:00,110.3,solar_utility,MW,nem,NSW1
2017-10-08 11:15:00,111.7,solar_utility,MW,nem,NSW1
2017-10-08 11:20:00,118.0,solar_utility,MW,nem,NSW1
2017-10-08 11:25:00,109.9,solar_utility,MW,nem,NSW1
2017-10-08 11:30:00,112.0,solar_utility,MW,nem,NSW1
2017-10-08 11:35:00,110.4,solar_utility,MW,nem,NSW1
2017-10-08 11:40:00,114.5,solar_utility,MW,nem,NSW1
2017-10-08 11:45:00,117.5,solar_utility,MW,nem,NSW1
2017-10-08 11:50:00,114.9,solar_utility,MW,nem,NSW1
2017-10-08 11:55:00,110.5,solar_utility,MW,nem,NSW1
2017-10-08 12:00:00,105.5,solar_utility,MW,nem,NSW1
2017-10-08 12:05:00,111.0,solar_utility,MW,nem,NSW1
2017-10-08 12:10:00,115.2,solar_utility,MW,nem,NSW1
2017-10-08 12:15:00,114.0,solar_utility,MW,nem,NSW1
2017-10-08 12:20:00,107.8,solar_utility,MW,nem,NSW1
2017-10-08 12:25:00,104.1,solar_utility,MW,nem,NSW1
2017-10-08 12:30:00,103.1,solar_utility,MW,nem,NSW1
2017-10-08 12:35:00,105.2,solar_utility,MW,nem,NSW1
2017-10-08 12:40:00,113.2,solar_utility,MW,nem,NSW1
2017-10-08 12:45:00,112.4,solar_utility,MW,nem,NSW1
2017-10-08 12:50:00,106.6,solar_utility,MW,nem,NSW1
2017-10-08 12:55:00,104.5,solar_utility,MW,nem,NSW1
2017-10-08 13:00:00,89.9,solar_utility,MW,nem,NSW1
2017-10-08 13:05:00,94.43,solar_utility,MW,nem,NSW1
2017-10-08 13:10:00,104.1,solar_utility,MW,nem,NSW1
2017-10-08 13:15:00,91.43,solar_utility,MW,nem,NSW1
2017-10-08 13:20:00,67.71,solar_utility,MW,nem,NSW1
2017-10-08 13:25:00,82.78,solar_utility,MW,nem,NSW1
2017-10-08 13:30:00,78.21,solar_utility,MW,nem,NSW1
2017-10-08 13:35:00,61.13,solar_utility,MW,nem,NSW1
2017-10-08 13:40:00,63.66,solar_utility,MW,nem,NSW1
2017-10-08 13:45:00,76.56,solar_utility,MW,nem,NSW1
2017-10-08 13:50:00,75.35,solar_utility,MW,nem,NSW1
2017-10-08 13:55:00,71.3,solar_utility,MW,nem,NSW1
2017-10-08 14:00:00,75.62,solar_utility,MW,nem,NSW1
2017-10-08 14:05:00,93.95,solar_utility,MW,nem,NSW1
2017-10-08 14:10:00,60.24,solar_utility,MW,nem,NSW1
2017-10-08 14:15:00,54.71,solar_utility,MW,nem,NSW1
2017-10-08 14:20:00,49.4,solar_utility,MW,nem,NSW1
2017-10-08 14:25:00,54.98,solar_utility,MW,nem,NSW1
2017-10-08 14:30:00,78.44,solar_utility,MW,nem,NSW1
2017-10-08 14:35:00,94.76,solar_utility,MW,nem,NSW1
2017-10-08 14:40:00,84.8,solar_utility,MW,nem,NSW1
2017-10-08 14:45:00,94.27,solar_utility,MW,nem,NSW1
2017-10-08 14:50:00,65.44,solar_utility,MW,nem,NSW1
2017-10-08 14:55:00,86.37,solar_utility,MW,nem,NSW1
2017-10-08 15:00:00,81.76,solar_utility,MW,nem,NSW1
2017-10-08 15:05:00,115.3,solar_utility,MW,nem,NSW1
2017-10-08 15:10:00,94.14,solar_utility,MW,nem,NSW1
2017-10-08 15:15:00,68.28,solar_utility,MW,nem,NSW1
2017-10-08 15:20:00,89.75,solar_utility,MW,nem,NSW1
2017-10-08 15:25:00,71.05,solar_utility,MW,nem,NSW1
2017-10-08 15:30:00,69.23,solar_utility,MW,nem,NSW1
2017-10-08 15:35:00,63.28,solar_utility,MW,nem,NSW1
2017-10-08 15:40:00,86.65,solar_utility,MW,nem,NSW1
2017-10-08 15:45:00,81.99,solar_utility,MW,nem,NSW1
2017-10-08 15:50:00,89.38,solar_utility,MW,nem,NSW1
2017-10-08 15:55:00,81.11,solar_utility,MW,nem,NSW1
2017-10-08 16:00:00,68.02,solar_utility,MW,nem,NSW1
2017-10-08 16:05:00,65.99,solar_utility,MW,nem,NSW1
2017-10-08 16:10:00,61.94,solar_utility,MW,nem,NSW1
2017-10-08 16:15:00,54.95,solar_utility,MW,nem,NSW1
2017-10-08 16:20:00,50.6,solar_utility,MW,nem,NSW1
2017-10-08 16:25:00,45.41,solar_utility,MW,nem,NSW1
2017-10-08 16:30:00,36.6,solar_utility,MW,nem,NSW1
2017-10-08 16:35:00,34.01,solar_utility,MW,nem,NSW1
2017-10-08 16:40:00,45.47,solar_utility,MW,nem,NSW1
2017-10-08 16:45:00,34.39,solar_utility,MW,nem,NSW1
2017-10-08 16:50:00,28.34,solar_utility,MW,nem,NSW1
2017-10-08 16:55:00,32.85,solar_utility,MW,nem,NSW1
2017-10-08 17:00:00,15.13,solar_utility,MW,nem,NSW1
2017-10-08 17:05:00,13.55,solar_utility,MW,nem,NSW1
2017-10-08 17:10:00,13.32,solar_utility,MW,nem,NSW1
2017-10-08 17:15:00,13.29,solar_utility,MW,nem,NSW1
2017-10-08 17:20:00,12.22,solar_utility,MW,nem,NSW1
2017-10-08 17:25:00,6.794,solar_utility,MW,nem,NSW1
2017-10-08 17:30:00,5.996,solar_utility,MW,nem,NSW1
2017-10-08 17:35:00,9.354,solar_utility,MW,nem,NSW1
2017-10-08 17:40:00,11.78,solar_utility,MW,nem,NSW1
2017-10-08 17:45:00,8.139,solar_utility,MW,nem,NSW1
2017-10-08 17:50:00,3.954,solar_utility,MW,nem,NSW1
2017-10-08 17:55:00,2.604,solar_utility,MW,nem,NSW1
2017-10-08 18:00:00,1.594,solar_utility,MW,nem,NSW1
2017-10-08 18:05:00,2.038,solar_utility,MW,nem,NSW1
2017-10-08 18:10:00,4.505,solar_utility,MW,nem,NSW1
2017-10-08 18:15:00,3.481,solar_utility,MW,nem,NSW1
2017-10-08 18:20:00,1.229,solar_utility,MW,nem,NSW1
2017-10-08 18:25:00,0.0,solar_utility,MW,nem,NSW1
2017-10-08 18:30:00,0.0,solar_utility,MW,nem,NSW1
2017-10-08 18:35:00,0.0,solar_utility,MW,nem,NSW1
2017-10-08 18:40:00,0.0,solar_utility,MW,nem,NSW1
2017-10-08 18:45:00,0.0,solar_utility,MW,nem,NSW1
2017-10-08 18:50:00,0.0,solar_utility,MW,nem,NSW1
2017-10-08 18:55:00,0.0,solar_utility,MW,nem,NSW1
2017-10-08 19:00:00,0.0,solar_utility,MW,nem,NSW1
2017-10-08 19:05:00,0.0,solar_utility,MW,nem,NSW1
2017-10-08 19:10:00,0.0,solar_utility,MW,nem,NSW1
2017-10-08 19:15:00,0.0,solar_utility,MW,nem,NSW1
2017-10-08 19:20:00,0.0,solar_utility,MW,nem,NSW1
2017-10-08 19:25:00,0.0,solar_utility,MW,nem,NSW1
2017-10-08 19:30:00,0.0,solar_utility,MW,nem,NSW1
2017-10-08 19:35:00,0.0,solar_utility,MW,nem,NSW1
2017-10-08 19:40:00,0.0,solar_utility,MW,nem,NSW1
2017-10-08 19:45:00,0.0,solar_utility,MW,nem,NSW1
2017-10-08 19:50:00,0.0,solar_utility,MW,nem,NSW1
2017-10-08 19:55:00,0.0,solar_utility,MW,nem,NSW1
2017-10-08 20:00:00,0.0,solar_utility,MW,nem,NSW1
2017-10-08 20:05:00,0.0,solar_utility,MW,nem,NSW1
2017-10-08 20:10:00,0.0,solar_utility,MW,nem,NSW1
2017-10-08 20:15:00,0.0,solar_utility,MW,nem,NSW1
2017-10-08 20:20:00,0.0,solar_utility,MW,nem,NSW1
2017-10-08 20:25:00,0.0,solar_utility,MW,nem,NSW1
2017-10-08 20:30:00,0.0,solar_utility,MW,nem,NSW1
2017-10-08 20:35:00,0.0,solar_utility,MW,nem,NSW1
2017-10-08 20:40:00,0.0,solar_utility,MW,nem,NSW1
2017-10-08 20:45:00,0.0,solar_utility,MW,nem,NSW1
2017-10-08 20:50:00,0.0,solar_utility,MW,nem,NSW1
2017-10-08 20:55:00,0.0,solar_utility,MW,nem,NSW1
2017-10-08 21:00:00,0.0,solar_utility,MW,nem,NSW1
2017-10-08 21:05:00,0.0,solar_utility,MW,nem,NSW1
2017-10-08 21:10:00,0.0,solar_utility,MW,nem,NSW1
2017-10-08 21:15:00,0.0,solar_utility,MW,nem,NSW1
2017-10-08 21:20:00,0.0,solar_utility,MW,nem,NSW1
2017-10-08 21:25:00,0.0,solar_utility,MW,nem,NSW1
2017-10-08 21:30:00,0.0,solar_utility,MW,nem,NSW1
2017-10-08 21:35:00,0.0,solar_utility,MW,nem,NSW1
2017-10-08 21:40:00,0.0,solar_utility,MW,nem,NSW1
2017-10-08 21:45:00,0.0,solar_utility,MW,nem,NSW1
2017-10-08 21:50:00,0.0,solar_utility,MW,nem,NSW1
2017-10-08 21:55:00,0.0,solar_utility,MW,nem,NSW1
2017-10-08 22:00:00,0.0,solar_utility,MW,nem,NSW1
2017-10-08 22:05:00,0.0,solar_utility,MW,nem,NSW1
2017-10-08 22:10:00,0.0,solar_utility,MW,nem,NSW1
2017-10-08 22:15:00,0.0,solar_utility,MW,nem,NSW1
2017-10-08 22:20:00,0.0,solar_utility,MW,nem,NSW1
2017-10-08 22:25:00,0.0,solar_utility,MW,nem,NSW1
2017-10-08 22:30:00,0.0,solar_utility,MW,nem,NSW1
2017-10-08 22:35:00,0.0,solar_utility,MW,nem,NSW1
2017-10-08 22:40:00,0.0,solar_utility,MW,nem,NSW1
2017-10-08 22:45:00,0.0,solar_utility,MW,nem,NSW1
2017-10-08 22:50:00,0.0,solar_utility,MW,nem,NSW1
2017-10-08 22:55:00,0.0,solar_utility,MW,nem,NSW1
2017-10-08 23:00:00,0.0,solar_utility,MW,nem,NSW1
2017-10-08 23:05:00,0.0,solar_utility,MW,nem,NSW1
2017-10-08 23:10:00,0.0,solar_utility,MW,nem,NSW1
2017-10-08 23:15:00,0.0,solar_utility,MW,nem,NSW1
2017-10-08 23:20:00,0.0,solar_utility,MW,nem,NSW1
2017-10-08 23:25:00,0.0,solar_utility,MW,nem,NSW1
2017-10-08 23:30:00,0.0,solar_utility,MW,nem,NSW1
2017-10-08 23:35:00,0.0,solar_utility,MW,nem,NSW1
2017-10-08 23:40:00,0.0,solar_utility,MW,nem,NSW1
2017-10-08 23:45:00,0.0,solar_utility,MW,nem,NSW1
2017-10-08 23:50:00,0.0,solar_utility,MW,nem,NSW1
2017-10-08 23:55:00,0.0,solar_utility,MW,nem,NSW1
2017-10-09 00:00:00,0.0,solar_utility,MW,nem,NSW1
2017-10-09 00:05:00,0.0,solar_utility,MW,nem,NSW1
2017-10-09 00:10:00,0.0,solar_utility,MW,nem,NSW1
2017-10-09 00:15:00,0.0,solar_utility,MW,nem,NSW1
2017-10-09 00:20:00,0.0,solar_utility,MW,nem,NSW1
2017-10-09 00:25:00,0.0,solar_utility,MW,nem,NSW1
2017-10-09 00:30:00,0.0,solar_utility,MW,nem,NSW1
2017-10-09 00:35:00,0.0,solar_utility,MW,nem,NSW1
2017-10-09 00:40:00,0.0,solar_utility,MW,nem,NSW1
2017-10-09 00:45:00,0.0,solar_utility,MW,nem,NSW1
2017-10-09 00:50:00,0.0,solar_utility,MW,nem,NSW1
2017-10-09 00:55:00,0.0,solar_utility,MW,nem,NSW1
2017-10-09 01:00:00,0.0,solar_utility,MW,nem,NSW1
2017-10-09 01:05:00,0.0,solar_utility,MW,nem,NSW1
2017-10-09 01:10:00,0.0,solar_utility,MW,nem,NSW1
2017-10-09 01:15:00,0.0,solar_utility,MW,nem,NSW1
2017-10-09 01:20:00,0.0,solar_utility,MW,nem,NSW1
2017-10-09 01:25:00,0.0,solar_utility,MW,nem,NSW1
2017-10-09 01:30:00,0.0,solar_utility,MW,nem,NSW1
2017-10-09 01:35:00,0.0,solar_utility,MW,nem,NSW1
2017-10-09 01:40:00,0.0,solar_utility,MW,nem,NSW1
2017-10-09 01:45:00,0.0,solar_utility,MW,nem,NSW1
2017-10-09 01:50:00,0.0,solar_utility,MW,nem,NSW1
2017-10-09 01:55:00,0.0,solar_utility,MW,nem,NSW1
2017-10-09 02:00:00,0.0,solar_utility,MW,nem,NSW1
2017-10-09 02:05:00,0.0,solar_utility,MW,nem,NSW1
2017-10-09 02:10:00,0.0,solar_utility,MW,nem,NSW1
2017-10-09 02:15:00,0.0,solar_utility,MW,nem,NSW1
2017-10-09 02:20:00,0.0,solar_utility,MW,nem,NSW1
2017-10-09 02:25:00,0.0,solar_utility,MW,nem,NSW1
2017-10-09 02:30:00,0.0,solar_utility,MW,nem,NSW1
2017-10-09 02:35:00,0.0,solar_utility,MW,nem,NSW1
2017-10-09 02:40:00,0.0,solar_utility,MW,nem,NSW1
2017-10-09 02:45:00,0.0,solar_utility,MW,nem,NSW1
2017-10-09 02:50:00,0.0,solar_utility,MW,nem,NSW1
2017-10-09 02:55:00,0.0,solar_utility,MW,nem,NSW1
2017-10-09 03:00:00,0.0,solar_utility,MW,nem,NSW1
2017-10-09 03:05:00,0.0,solar_utility,MW,nem,NSW1
2017-10-09 03:10:00,0.0,solar_utility,MW,nem,NSW1
2017-10-09 03:15:00,0.0,solar_utility,MW,nem,NSW1
2017-10-09 03:20:00,0.0,solar_utility,MW,nem,NSW1
2017-10-09 03:25:00,0.0,solar_utility,MW,nem,NSW1
2017-10-09 03:30:00,0.0,solar_utility,MW,nem,NSW1
2017-10-09 03:35:00,0.0,solar_utility,MW,nem,NSW1
2017-10-09 03:40:00,0.0,solar_utility,MW,nem,NSW1
2017-10-09 03:45:00,0.0,solar_utility,MW,nem,NSW1
2017-10-09 03:50:00,0.0,solar_utility,MW,nem,NSW1
2017-10-09 03:55:00,0.0,solar_utility,MW,nem,NSW1
2017-10-09 04:00:00,0.0,solar_utility,MW,nem,NSW1
2017-10-09 04:05:00,0.0,solar_utility,MW,nem,NSW1
2017-10-09 04:10:00,0.0,solar_utility,MW,nem,NSW1
2017-10-09 04:15:00,0.0,solar_utility,MW,nem,NSW1
2017-10-09 04:20:00,0.0,solar_utility,MW,nem,NSW1
2017-10-09 04:25:00,0.0,solar_utility,MW,nem,NSW1
2017-10-09 04:30:00,0.0,solar_utility,MW,nem,NSW1
2017-10-09 04:35:00,0.0,solar_utility,MW,nem,NSW1
2017-10-09 04:40:00,0.0,solar_utility,MW,nem,NSW1
2017-10-09 04:45:00,0.0,solar_utility,MW,nem,NSW1
2017-10-09 04:50:00,0.0,solar_utility,MW,nem,NSW1
2017-10-09 04:55:00,0.0,solar_utility,MW,nem,NSW1
2017-10-09 05:00:00,0.0,solar_utility,MW,nem,NSW1
2017-10-09 05:05:00,0.0,solar_utility,MW,nem,NSW1
2017-10-09 05:10:00,0.0,solar_utility,MW,nem,NSW1
2017-10-09 05:15:00,0.0,solar_utility,MW,nem,NSW1
2017-10-09 05:20:00,0.0,solar_utility,MW,nem,NSW1
2017-10-09 05:25:00,0.0,solar_utility,MW,nem,NSW1
2017-10-09 05:30:00,0.0,solar_utility,MW,nem,NSW1
2017-10-09 05:35:00,0.0,solar_utility,MW,nem,NSW1
2017-10-09 05:40:00,0.0,solar_utility,MW,nem,NSW1
2017-10-09 05:45:00,0.0,solar_utility,MW,nem,NSW1
2017-10-09 05:50:00,0.468,solar_utility,MW,nem,NSW1
2017-10-09 05:55:00,1.192,solar_utility,MW,nem,NSW1
2017-10-09 06:00:00,2.856,solar_utility,MW,nem,NSW1
2017-10-09 06:05:00,5.417,solar_utility,MW,nem,NSW1
2017-10-09 06:10:00,8.462,solar_utility,MW,nem,NSW1
2017-10-09 06:15:00,11.21,solar_utility,MW,nem,NSW1
2017-10-09 06:20:00,15.58,solar_utility,MW,nem,NSW1
2017-10-09 06:25:00,21.49,solar_utility,MW,nem,NSW1
2017-10-09 06:30:00,27.39,solar_utility,MW,nem,NSW1
2017-10-09 06:35:00,35.17,solar_utility,MW,nem,NSW1
2017-10-09 06:40:00,40.56,solar_utility,MW,nem,NSW1
2017-10-09 06:45:00,46.98,solar_utility,MW,nem,NSW1
2017-10-09 06:50:00,47.46,solar_utility,MW,nem,NSW1
2017-10-09 06:55:00,54.81,solar_utility,MW,nem,NSW1
2017-10-09 07:00:00,62.02,solar_utility,MW,nem,NSW1
2017-10-09 07:05:00,68.82,solar_utility,MW,nem,NSW1
2017-10-09 07:10:00,75.19,solar_utility,MW,nem,NSW1
2017-10-09 07:15:00,85.11,solar_utility,MW,nem,NSW1
2017-10-09 07:20:00,82.15,solar_utility,MW,nem,NSW1
2017-10-09 07:25:00,83.19,solar_utility,MW,nem,NSW1
2017-10-09 07:30:00,84.6,solar_utility,MW,nem,NSW1
2017-10-09 07:35:00,87.71,solar_utility,MW,nem,NSW1
2017-10-09 07:40:00,89.94,solar_utility,MW,nem,NSW1
2017-10-09 07:45:00,92.88,solar_utility,MW,nem,NSW1
2017-10-09 07:50:00,101.4,solar_utility,MW,nem,NSW1
2017-10-09 07:55:00,105.8,solar_utility,MW,nem,NSW1
2017-10-09 08:00:00,104.5,solar_utility,MW,nem,NSW1
2017-10-09 08:05:00,111.1,solar_utility,MW,nem,NSW1
2017-10-09 08:10:00,115.8,solar_utility,MW,nem,NSW1
2017-10-09 08:15:00,117.5,solar_utility,MW,nem,NSW1
2017-10-09 08:20:00,123.1,solar_utility,MW,nem,NSW1
2017-10-09 08:25:00,120.5,solar_utility,MW,nem,NSW1
2017-10-09 08:30:00,120.0,solar_utility,MW,nem,NSW1
2017-10-09 08:35:00,122.0,solar_utility,MW,nem,NSW1
2017-10-09 08:40:00,124.3,solar_utility,MW,nem,NSW1
2017-10-09 08:45:00,128.1,solar_utility,MW,nem,NSW1
2017-10-09 08:50:00,123.5,solar_utility,MW,nem,NSW1
2017-10-09 08:55:00,133.4,solar_utility,MW,nem,NSW1
2017-10-09 09:00:00,133.0,solar_utility,MW,nem,NSW1
2017-10-09 09:05:00,137.8,solar_utility,MW,nem,NSW1
2017-10-09 09:10:00,136.8,solar_utility,MW,nem,NSW1
2017-10-09 09:15:00,138.7,solar_utility,MW,nem,NSW1
2017-10-09 09:20:00,146.2,solar_utility,MW,nem,NSW1
2017-10-09 09:25:00,142.0,solar_utility,MW,nem,NSW1
2017-10-09 09:30:00,149.0,solar_utility,MW,nem,NSW1
2017-10-09 09:35:00,153.2,solar_utility,MW,nem,NSW1
2017-10-09 09:40:00,168.2,solar_utility,MW,nem,NSW1
2017-10-09 09:45:00,168.3,solar_utility,MW,nem,NSW1
2017-10-09 09:50:00,162.2,solar_utility,MW,nem,NSW1
2017-10-09 09:55:00,190.1,solar_utility,MW,nem,NSW1
2017-10-09 10:00:00,184.9,solar_utility,MW,nem,NSW1
2017-10-09 10:05:00,188.5,solar_utility,MW,nem,NSW1
2017-10-09 10:10:00,206.2,solar_utility,MW,nem,NSW1
2017-10-09 10:15:00,189.9,solar_utility,MW,nem,NSW1
2017-10-09 10:20:00,225.4,solar_utility,MW,nem,NSW1
2017-10-09 10:25:00,228.6,solar_utility,MW,nem,NSW1
2017-10-09 10:30:00,212.5,solar_utility,MW,nem,NSW1
2017-10-09 10:35:00,212.2,solar_utility,MW,nem,NSW1
2017-10-09 10:40:00,207.6,solar_utility,MW,nem,NSW1
2017-10-09 10:45:00,221.4,solar_utility,MW,nem,NSW1
2017-10-09 10:50:00,231.4,solar_utility,MW,nem,NSW1
2017-10-09 10:55:00,241.1,solar_utility,MW,nem,NSW1
2017-10-09 11:00:00,220.9,solar_utility,MW,nem,NSW1
2017-10-09 11:05:00,199.3,solar_utility,MW,nem,NSW1
2017-10-09 11:10:00,228.7,solar_utility,MW,nem,NSW1
2017-10-09 11:15:00,215.4,solar_utility,MW,nem,NSW1
2017-10-09 11:20:00,230.0,solar_utility,MW,nem,NSW1
2017-10-09 11:25:00,219.2,solar_utility,MW,nem,NSW1
2017-10-09 11:30:00,215.8,solar_utility,MW,nem,NSW1
2017-10-09 11:35:00,222.1,solar_utility,MW,nem,NSW1
2017-10-09 11:40:00,218.0,solar_utility,MW,nem,NSW1
2017-10-09 11:45:00,220.3,solar_utility,MW,nem,NSW1
2017-10-09 11:50:00,239.0,solar_utility,MW,nem,NSW1
2017-10-09 11:55:00,246.7,solar_utility,MW,nem,NSW1
2017-10-09 12:00:00,236.9,solar_utility,MW,nem,NSW1
2017-10-09 12:05:00,228.4,solar_utility,MW,nem,NSW1
2017-10-09 12:10:00,238.2,solar_utility,MW,nem,NSW1
2017-10-09 12:15:00,229.7,solar_utility,MW,nem,NSW1
2017-10-09 12:20:00,228.2,solar_utility,MW,nem,NSW1
2017-10-09 12:25:00,228.0,solar_utility,MW,nem,NSW1
2017-10-09 12:30:00,221.3,solar_utility,MW,nem,NSW1
2017-10-09 12:35:00,219.5,solar_utility,MW,nem,NSW1
2017-10-09 12:40:00,209.0,solar_utility,MW,nem,NSW1
2017-10-09 12:45:00,221.1,solar_utility,MW,nem,NSW1
2017-10-09 12:50:00,238.6,solar_utility,MW,nem,NSW1
2017-10-09 12:55:00,245.7,solar_utility,MW,nem,NSW1
2017-10-09 13:00:00,238.4,solar_utility,MW,nem,NSW1
2017-10-09 13:05:00,198.1,solar_utility,MW,nem,NSW1
2017-10-09 13:10:00,214.2,solar_utility,MW,nem,NSW1
2017-10-09 13:15:00,192.3,solar_utility,MW,nem,NSW1
2017-10-09 13:20:00,206.1,solar_utility,MW,nem,NSW1
2017-10-09 13:25:00,207.5,solar_utility,MW,nem,NSW1
2017-10-09 13:30:00,177.6,solar_utility,MW,nem,NSW1
2017-10-09 13:35:00,207.3,solar_utility,MW,nem,NSW1
2017-10-09 13:40:00,147.4,solar_utility,MW,nem,NSW1
2017-10-09 13:45:00,193.7,solar_utility,MW,nem,NSW1
2017-10-09 13:50:00,222.2,solar_utility,MW,nem,NSW1
2017-10-09 13:55:00,185.7,solar_utility,MW,nem,NSW1
2017-10-09 14:00:00,146.5,solar_utility,MW,nem,NSW1
2017-10-09 14:05:00,172.8,solar_utility,MW,nem,NSW1
2017-10-09 14:10:00,120.1,solar_utility,MW,nem,NSW1
2017-10-09 14:15:00,175.2,solar_utility,MW,nem,NSW1
2017-10-09 14:20:00,133.6,solar_utility,MW,nem,NSW1
2017-10-09 14:25:00,158.3,solar_utility,MW,nem,NSW1
2017-10-09 14:30:00,152.9,solar_utility,MW,nem,NSW1
2017-10-09 14:35:00,165.2,solar_utility,MW,nem,NSW1
2017-10-09 14:40:00,185.2,solar_utility,MW,nem,NSW1
2017-10-09 14:45:00,206.8,solar_utility,MW,nem,NSW1
2017-10-09 14:50:00,183.0,solar_utility,MW,nem,NSW1
2017-10-09 14:55:00,201.1,solar_utility,MW,nem,NSW1
2017-10-09 15:00:00,163.2,solar_utility,MW,nem,NSW1
2017-10-09 15:05:00,144.1,solar_utility,MW,nem,NSW1
2017-10-09 15:10:00,137.8,solar_utility,MW,nem,NSW1
2017-10-09 15:15:00,123.9,solar_utility,MW,nem,NSW1
2017-10-09 15:20:00,177.9,solar_utility,MW,nem,NSW1
2017-10-09 15:25:00,179.1,solar_utility,MW,nem,NSW1
2017-10-09 15:30:00,165.8,solar_utility,MW,nem,NSW1
2017-10-09 15:35:00,172.0,solar_utility,MW,nem,NSW1
2017-10-09 15:40:00,130.5,solar_utility,MW,nem,NSW1
2017-10-09 15:45:00,117.5,solar_utility,MW,nem,NSW1
2017-10-09 15:50:00,120.7,solar_utility,MW,nem,NSW1
2017-10-09 15:55:00,145.7,solar_utility,MW,nem,NSW1
2017-10-09 16:00:00,104.8,solar_utility,MW,nem,NSW1
2017-10-09 16:05:00,112.9,solar_utility,MW,nem,NSW1
2017-10-09 16:10:00,149.5,solar_utility,MW,nem,NSW1
2017-10-09 16:15:00,123.6,solar_utility,MW,nem,NSW1
2017-10-09 16:20:00,121.9,solar_utility,MW,nem,NSW1
2017-10-09 16:25:00,98.95,solar_utility,MW,nem,NSW1
2017-10-09 16:30:00,88.7,solar_utility,MW,nem,NSW1
2017-10-09 16:35:00,79.7,solar_utility,MW,nem,NSW1
2017-10-09 16:40:00,70.58,solar_utility,MW,nem,NSW1
2017-10-09 16:45:00,68.14,solar_utility,MW,nem,NSW1
2017-10-09 16:50:00,63.72,solar_utility,MW,nem,NSW1
2017-10-09 16:55:00,55.99,solar_utility,MW,nem,NSW1
2017-10-09 17:00:00,53.18,solar_utility,MW,nem,NSW1
2017-10-09 17:05:00,53.26,solar_utility,MW,nem,NSW1
2017-10-09 17:10:00,48.0,solar_utility,MW,nem,NSW1
2017-10-09 17:15:00,56.93,solar_utility,MW,nem,NSW1
2017-10-09 17:20:00,40.68,solar_utility,MW,nem,NSW1
2017-10-09 17:25:00,43.3,solar_utility,MW,nem,NSW1
2017-10-09 17:30:00,34.16,solar_utility,MW,nem,NSW1
2017-10-09 17:35:00,29.97,solar_utility,MW,nem,NSW1
2017-10-09 17:40:00,24.4,solar_utility,MW,nem,NSW1
2017-10-09 17:45:00,16.42,solar_utility,MW,nem,NSW1
2017-10-09 17:50:00,13.04,solar_utility,MW,nem,NSW1
2017-10-09 17:55:00,9.679,solar_utility,MW,nem,NSW1
2017-10-09 18:00:00,6.95,solar_utility,MW,nem,NSW1
2017-10-09 18:05:00,4.41,solar_utility,MW,nem,NSW1
2017-10-09 18:10:00,2.903,solar_utility,MW,nem,NSW1
2017-10-09 18:15:00,2.185,solar_utility,MW,nem,NSW1
2017-10-09 18:20:00,1.572,solar_utility,MW,nem,NSW1
2017-10-09 18:25:00,1.162,solar_utility,MW,nem,NSW1
2017-10-09 18:30:00,0.138,solar_utility,MW,nem,NSW1
2017-10-09 18:35:00,0.138,solar_utility,MW,nem,NSW1
2017-10-09 18:40:00,0.138,solar_utility,MW,nem,NSW1
2017-10-09 18:45:00,0.138,solar_utility,MW,nem,NSW1
2017-10-09 18:50:00,0.138,solar_utility,MW,nem,NSW1
2017-10-09 18:55:00,0.138,solar_utility,MW,nem,NSW1
2017-10-09 19:00:00,0.138,solar_utility,MW,nem,NSW1
2017-10-09 19:05:00,0.138,solar_utility,MW,nem,NSW1
2017-10-09 19:10:00,0.138,solar_utility,MW,nem,NSW1
2017-10-09 19:15:00,0.138,solar_utility,MW,nem,NSW1
2017-10-09 19:20:00,0.138,solar_utility,MW,nem,NSW1
2017-10-09 19:25:00,0.138,solar_utility,MW,nem,NSW1
2017-10-09 19:30:00,0.138,solar_utility,MW,nem,NSW1
2017-10-09 19:35:00,0.138,solar_utility,MW,nem,NSW1
2017-10-09 19:40:00,0.138,solar_utility,MW,nem,NSW1
2017-10-09 19:45:00,0.138,solar_utility,MW,nem,NSW1
2017-10-09 19:50:00,0.138,solar_utility,MW,nem,NSW1
2017-10-09 19:55:00,0.138,solar_utility,MW,nem,NSW1
2017-10-09 20:00:00,0.138,solar_utility,MW,nem,NSW1
2017-10-09 20:05:00,0.138,solar_utility,MW,nem,NSW1
2017-10-09 20:10:00,0.138,solar_utility,MW,nem,NSW1
2017-10-09 20:15:00,0.138,solar_utility,MW,nem,NSW1
2017-10-09 20:20:00,0.138,solar_utility,MW,nem,NSW1
2017-10-09 20:25:00,0.138,solar_utility,MW,nem,NSW1
2017-10-09 20:30:00,0.138,solar_utility,MW,nem,NSW1
2017-10-09 20:35:00,0.138,solar_utility,MW,nem,NSW1
2017-10-09 20:40:00,0.138,solar_utility,MW,nem,NSW1
2017-10-09 20:45:00,0.138,solar_utility,MW,nem,NSW1
2017-10-09 20:50:00,0.138,solar_utility,MW,nem,NSW1
2017-10-09 20:55:00,0.138,solar_utility,MW,nem,NSW1
2017-10-09 21:00:00,0.138,solar_utility,MW,nem,NSW1
2017-10-09 21:05:00,0.138,solar_utility,MW,nem,NSW1
2017-10-09 21:10:00,0.138,solar_utility,MW,nem,NSW1
2017-10-09 21:15:00,0.138,solar_utility,MW,nem,NSW1
2017-10-09 21:20:00,0.138,solar_utility,MW,nem,NSW1
2017-10-09 21:25:00,0.138,solar_utility,MW,nem,NSW1
2017-10-09 21:30:00,0.138,solar_utility,MW,nem,NSW1
2017-10-09 21:35:00,0.138,solar_utility,MW,nem,NSW1
2017-10-09 21:40:00,0.138,solar_utility,MW,nem,NSW1
2017-10-09 21:45:00,0.138,solar_utility,MW,nem,NSW1
2017-10-09 21:50:00,0.138,solar_utility,MW,nem,NSW1
2017-10-09 21:55:00,0.138,solar_utility,MW,nem,NSW1
2017-10-09 22:00:00,0.138,solar_utility,MW,nem,NSW1
2017-10-09 22:05:00,0.138,solar_utility,MW,nem,NSW1
2017-10-09 22:10:00,0.138,solar_utility,MW,nem,NSW1
2017-10-09 22:15:00,0.138,solar_utility,MW,nem,NSW1
2017-10-09 22:20:00,0.138,solar_utility,MW,nem,NSW1
2017-10-09 22:25:00,0.138,solar_utility,MW,nem,NSW1
2017-10-09 22:30:00,0.138,solar_utility,MW,nem,NSW1
2017-10-09 22:35:00,0.138,solar_utility,MW,nem,NSW1
2017-10-09 22:40:00,0.138,solar_utility,MW,nem,NSW1
2017-10-09 22:45:00,0.138,solar_utility,MW,nem,NSW1
2017-10-09 22:50:00,0.138,solar_utility,MW,nem,NSW1
2017-10-09 22:55:00,0.138,solar_utility,MW,nem,NSW1
2017-10-09 23:00:00,0.138,solar_utility,MW,nem,NSW1
2017-10-09 23:05:00,0.138,solar_utility,MW,nem,NSW1
2017-10-09 23:10:00,0.138,solar_utility,MW,nem,NSW1
2017-10-09 23:15:00,0.138,solar_utility,MW,nem,NSW1
2017-10-09 23:20:00,0.138,solar_utility,MW,nem,NSW1
2017-10-09 23:25:00,0.138,solar_utility,MW,nem,NSW1
2017-10-09 23:30:00,0.138,solar_utility,MW,nem,NSW1
2017-10-09 23:35:00,0.138,solar_utility,MW,nem,NSW1
2017-10-09 23:40:00,0.138,solar_utility,MW,nem,NSW1
2017-10-09 23:45:00,0.138,solar_utility,MW,nem,NSW1
2017-10-09 23:50:00,0.138,solar_utility,MW,nem,NSW1
2017-10-09 23:55:00,0.138,solar_utility,MW,nem,NSW1
2017-10-10 00:00:00,0.138,solar_utility,MW,nem,NSW1
2017-10-10 00:05:00,0.138,solar_utility,MW,nem,NSW1
2017-10-10 00:10:00,0.138,solar_utility,MW,nem,NSW1
2017-10-10 00:15:00,0.138,solar_utility,MW,nem,NSW1
2017-10-10 00:20:00,0.138,solar_utility,MW,nem,NSW1
2017-10-10 00:25:00,0.138,solar_utility,MW,nem,NSW1
2017-10-10 00:30:00,0.138,solar_utility,MW,nem,NSW1
2017-10-10 00:35:00,0.138,solar_utility,MW,nem,NSW1
2017-10-10 00:40:00,0.138,solar_utility,MW,nem,NSW1
2017-10-10 00:45:00,0.138,solar_utility,MW,nem,NSW1
2017-10-10 00:50:00,0.138,solar_utility,MW,nem,NSW1
2017-10-10 00:55:00,0.138,solar_utility,MW,nem,NSW1
2017-10-10 01:00:00,0.138,solar_utility,MW,nem,NSW1
2017-10-10 01:05:00,0.138,solar_utility,MW,nem,NSW1
2017-10-10 01:10:00,0.138,solar_utility,MW,nem,NSW1
2017-10-10 01:15:00,0.138,solar_utility,MW,nem,NSW1
2017-10-10 01:20:00,0.138,solar_utility,MW,nem,NSW1
2017-10-10 01:25:00,0.138,solar_utility,MW,nem,NSW1
2017-10-10 01:30:00,0.138,solar_utility,MW,nem,NSW1
2017-10-10 01:35:00,0.138,solar_utility,MW,nem,NSW1
2017-10-10 01:40:00,0.138,solar_utility,MW,nem,NSW1
2017-10-10 01:45:00,0.138,solar_utility,MW,nem,NSW1
2017-10-10 01:50:00,0.138,solar_utility,MW,nem,NSW1
2017-10-10 01:55:00,0.138,solar_utility,MW,nem,NSW1
2017-10-10 02:00:00,0.138,solar_utility,MW,nem,NSW1
2017-10-10 02:05:00,0.138,solar_utility,MW,nem,NSW1
2017-10-10 02:10:00,0.138,solar_utility,MW,nem,NSW1
2017-10-10 02:15:00,0.138,solar_utility,MW,nem,NSW1
2017-10-10 02:20:00,0.138,solar_utility,MW,nem,NSW1
2017-10-10 02:25:00,0.138,solar_utility,MW,nem,NSW1
2017-10-10 02:30:00,0.138,solar_utility,MW,nem,NSW1
2017-10-10 02:35:00,0.138,solar_utility,MW,nem,NSW1
2017-10-10 02:40:00,0.138,solar_utility,MW,nem,NSW1
2017-10-10 02:45:00,0.138,solar_utility,MW,nem,NSW1
2017-10-10 02:50:00,0.138,solar_utility,MW,nem,NSW1
2017-10-10 02:55:00,0.138,solar_utility,MW,nem,NSW1
2017-10-10 03:00:00,0.138,solar_utility,MW,nem,NSW1
2017-10-10 03:05:00,0.138,solar_utility,MW,nem,NSW1
2017-10-10 03:10:00,0.138,solar_utility,MW,nem,NSW1
2017-10-10 03:15:00,0.138,solar_utility,MW,nem,NSW1
2017-10-10 03:20:00,0.138,solar_utility,MW,nem,NSW1
2017-10-10 03:25:00,0.138,solar_utility,MW,nem,NSW1
2017-10-10 03:30:00,0.138,solar_utility,MW,nem,NSW1
2017-10-10 03:35:00,0.138,solar_utility,MW,nem,NSW1
2017-10-10 03:40:00,0.138,solar_utility,MW,nem,NSW1
2017-10-10 03:45:00,0.138,solar_utility,MW,nem,NSW1
2017-10-10 03:50:00,0.138,solar_utility,MW,nem,NSW1
2017-10-10 03:55:00,0.138,solar_utility,MW,nem,NSW1
2017-10-10 04:00:00,0.138,solar_utility,MW,nem,NSW1
2017-10-10 04:05:00,0.138,solar_utility,MW,nem,NSW1
2017-10-10 04:10:00,0.138,solar_utility,MW,nem,NSW1
2017-10-10 04:15:00,0.138,solar_utility,MW,nem,NSW1
2017-10-10 04:20:00,0.138,solar_utility,MW,nem,NSW1
2017-10-10 04:25:00,0.138,solar_utility,MW,nem,NSW1
2017-10-10 04:30:00,0.138,solar_utility,MW,nem,NSW1
2017-10-10 04:35:00,0.138,solar_utility,MW,nem,NSW1
2017-10-10 04:40:00,0.138,solar_utility,MW,nem,NSW1
2017-10-10 04:45:00,0.138,solar_utility,MW,nem,NSW1
2017-10-10 04:50:00,0.138,solar_utility,MW,nem,NSW1
2017-10-10 04:55:00,0.138,solar_utility,MW,nem,NSW1
2017-10-10 05:00:00,0.138,solar_utility,MW,nem,NSW1
2017-10-10 05:05:00,0.138,solar_utility,MW,nem,NSW1
2017-10-10 05:10:00,0.138,solar_utility,MW,nem,NSW1
2017-10-10 05:15:00,0.138,solar_utility,MW,nem,NSW1
2017-10-10 05:20:00,0.138,solar_utility,MW,nem,NSW1
2017-10-10 05:25:00,0.138,solar_utility,MW,nem,NSW1
2017-10-10 05:30:00,0.138,solar_utility,MW,nem,NSW1
2017-10-10 05:35:00,0.138,solar_utility,MW,nem,NSW1
2017-10-10 05:40:00,0.146,solar_utility,MW,nem,NSW1
2017-10-10 05:45:00,0.354,solar_utility,MW,nem,NSW1
2017-10-10 05:50:00,1.34,solar_utility,MW,nem,NSW1
2017-10-10 05:55:00,2.021,solar_utility,MW,nem,NSW1
2017-10-10 06:00:00,5.541,solar_utility,MW,nem,NSW1
2017-10-10 06:05:00,9.71,solar_utility,MW,nem,NSW1
2017-10-10 06:10:00,13.68,solar_utility,MW,nem,NSW1
2017-10-10 06:15:00,18.07,solar_utility,MW,nem,NSW1
2017-10-10 06:20:00,23.35,solar_utility,MW,nem,NSW1
2017-10-10 06:25:00,29.68,solar_utility,MW,nem,NSW1
2017-10-10 06:30:00,36.54,solar_utility,MW,nem,NSW1
2017-10-10 06:35:00,42.23,solar_utility,MW,nem,NSW1
2017-10-10 06:40:00,48.36,solar_utility,MW,nem,NSW1
2017-10-10 06:45:00,55.41,solar_utility,MW,nem,NSW1
2017-10-10 06:50:00,63.12,solar_utility,MW,nem,NSW1
2017-10-10 06:55:00,69.68,solar_utility,MW,nem,NSW1
2017-10-10 07:00:00,77.47,solar_utility,MW,nem,NSW1
2017-10-10 07:05:00,85.19,solar_utility,MW,nem,NSW1
2017-10-10 07:10:00,90.71,solar_utility,MW,nem,NSW1
2017-10-10 07:15:00,95.59,solar_utility,MW,nem,NSW1
2017-10-10 07:20:00,100.3,solar_utility,MW,nem,NSW1
2017-10-10 07:25:00,105.0,solar_utility,MW,nem,NSW1
2017-10-10 07:30:00,110.0,solar_utility,MW,nem,NSW1
2017-10-10 07:35:00,116.1,solar_utility,MW,nem,NSW1
2017-10-10 07:40:00,121.9,solar_utility,MW,nem,NSW1
2017-10-10 07:45:00,127.0,solar_utility,MW,nem,NSW1
2017-10-10 07:50:00,132.5,solar_utility,MW,nem,NSW1
2017-10-10 07:55:00,137.9,solar_utility,MW,nem,NSW1
2017-10-10 08:00:00,142.8,solar_utility,MW,nem,NSW1
2017-10-10 08:05:00,147.7,solar_utility,MW,nem,NSW1
2017-10-10 08:10:00,152.3,solar_utility,MW,nem,NSW1
2017-10-10 08:15:00,157.5,solar_utility,MW,nem,NSW1
2017-10-10 08:20:00,162.6,solar_utility,MW,nem,NSW1
2017-10-10 08:25:00,170.2,solar_utility,MW,nem,NSW1
2017-10-10 08:30:00,174.4,solar_utility,MW,nem,NSW1
2017-10-10 08:35:00,181.9,solar_utility,MW,nem,NSW1
2017-10-10 08:40:00,190.3,solar_utility,MW,nem,NSW1
2017-10-10 08:45:00,192.0,solar_utility,MW,nem,NSW1
2017-10-10 08:50:00,196.2,solar_utility,MW,nem,NSW1
2017-10-10 08:55:00,204.5,solar_utility,MW,nem,NSW1
2017-10-10 09:00:00,210.4,solar_utility,MW,nem,NSW1
2017-10-10 09:05:00,214.0,solar_utility,MW,nem,NSW1
2017-10-10 09:10:00,209.6,solar_utility,MW,nem,NSW1
2017-10-10 09:15:00,217.4,solar_utility,MW,nem,NSW1
2017-10-10 09:20:00,220.9,solar_utility,MW,nem,NSW1
2017-10-10 09:25:00,225.3,solar_utility,MW,nem,NSW1
2017-10-10 09:30:00,233.0,solar_utility,MW,nem,NSW1
2017-10-10 09:35:00,235.2,solar_utility,MW,nem,NSW1
2017-10-10 09:40:00,236.2,solar_utility,MW,nem,NSW1
2017-10-10 09:45:00,235.8,solar_utility,MW,nem,NSW1
2017-10-10 09:50:00,239.2,solar_utility,MW,nem,NSW1
2017-10-10 09:55:00,245.0,solar_utility,MW,nem,NSW1
2017-10-10 10:00:00,243.7,solar_utility,MW,nem,NSW1
2017-10-10 10:05:00,248.5,solar_utility,MW,nem,NSW1
2017-10-10 10:10:00,241.8,solar_utility,MW,nem,NSW1
2017-10-10 10:15:00,244.6,solar_utility,MW,nem,NSW1
2017-10-10 10:20:00,247.3,solar_utility,MW,nem,NSW1
2017-10-10 10:25:00,246.8,solar_utility,MW,nem,NSW1
2017-10-10 10:30:00,249.5,solar_utility,MW,nem,NSW1
2017-10-10 10:35:00,246.6,solar_utility,MW,nem,NSW1
2017-10-10 10:40:00,248.9,solar_utility,MW,nem,NSW1
2017-10-10 10:45:00,246.2,solar_utility,MW,nem,NSW1
2017-10-10 10:50:00,246.5,solar_utility,MW,nem,NSW1
2017-10-10 10:55:00,250.9,solar_utility,MW,nem,NSW1
2017-10-10 11:00:00,251.1,solar_utility,MW,nem,NSW1
2017-10-10 11:05:00,251.1,solar_utility,MW,nem,NSW1
2017-10-10 11:10:00,250.9,solar_utility,MW,nem,NSW1
2017-10-10 11:15:00,250.4,solar_utility,MW,nem,NSW1
2017-10-10 11:20:00,250.5,solar_utility,MW,nem,NSW1
2017-10-10 11:25:00,250.5,solar_utility,MW,nem,NSW1
2017-10-10 11:30:00,242.6,solar_utility,MW,nem,NSW1
2017-10-10 11:35:00,250.5,solar_utility,MW,nem,NSW1
2017-10-10 11:40:00,251.1,solar_utility,MW,nem,NSW1
2017-10-10 11:45:00,250.5,solar_utility,MW,nem,NSW1
2017-10-10 11:50:00,250.5,solar_utility,MW,nem,NSW1
2017-10-10 11:55:00,250.9,solar_utility,MW,nem,NSW1
2017-10-10 12:00:00,250.8,solar_utility,MW,nem,NSW1
2017-10-10 12:05:00,250.4,solar_utility,MW,nem,NSW1
2017-10-10 12:10:00,246.8,solar_utility,MW,nem,NSW1
2017-10-10 12:15:00,246.6,solar_utility,MW,nem,NSW1
2017-10-10 12:20:00,246.1,solar_utility,MW,nem,NSW1
2017-10-10 12:25:00,246.2,solar_utility,MW,nem,NSW1
2017-10-10 12:30:00,249.3,solar_utility,MW,nem,NSW1
2017-10-10 12:35:00,244.2,solar_utility,MW,nem,NSW1
2017-10-10 12:40:00,233.3,solar_utility,MW,nem,NSW1
2017-10-10 12:45:00,213.4,solar_utility,MW,nem,NSW1
2017-10-10 12:50:00,250.3,solar_utility,MW,nem,NSW1
2017-10-10 12:55:00,234.3,solar_utility,MW,nem,NSW1
2017-10-10 13:00:00,247.9,solar_utility,MW,nem,NSW1
2017-10-10 13:05:00,249.7,solar_utility,MW,nem,NSW1
2017-10-10 13:10:00,244.9,solar_utility,MW,nem,NSW1
2017-10-10 13:15:00,232.0,solar_utility,MW,nem,NSW1
2017-10-10 13:20:00,224.0,solar_utility,MW,nem,NSW1
2017-10-10 13:25:00,236.7,solar_utility,MW,nem,NSW1
2017-10-10 13:30:00,229.4,solar_utility,MW,nem,NSW1
2017-10-10 13:35:00,248.8,solar_utility,MW,nem,NSW1
2017-10-10 13:40:00,249.9,solar_utility,MW,nem,NSW1
2017-10-10 13:45:00,243.5,solar_utility,MW,nem,NSW1
2017-10-10 13:50:00,222.3,solar_utility,MW,nem,NSW1
2017-10-10 13:55:00,237.2,solar_utility,MW,nem,NSW1
2017-10-10 14:00:00,229.5,solar_utility,MW,nem,NSW1
2017-10-10 14:05:00,222.9,solar_utility,MW,nem,NSW1
2017-10-10 14:10:00,232.2,solar_utility,MW,nem,NSW1
2017-10-10 14:15:00,218.4,solar_utility,MW,nem,NSW1
2017-10-10 14:20:00,214.6,solar_utility,MW,nem,NSW1
2017-10-10 14:25:00,211.9,solar_utility,MW,nem,NSW1
2017-10-10 14:30:00,209.4,solar_utility,MW,nem,NSW1
2017-10-10 14:35:00,209.0,solar_utility,MW,nem,NSW1
2017-10-10 14:40:00,163.8,solar_utility,MW,nem,NSW1
2017-10-10 14:45:00,195.8,solar_utility,MW,nem,NSW1
2017-10-10 14:50:00,190.2,solar_utility,MW,nem,NSW1
2017-10-10 14:55:00,198.0,solar_utility,MW,nem,NSW1
2017-10-10 15:00:00,196.5,solar_utility,MW,nem,NSW1
2017-10-10 15:05:00,180.2,solar_utility,MW,nem,NSW1
2017-10-10 15:10:00,210.3,solar_utility,MW,nem,NSW1
2017-10-10 15:15:00,204.3,solar_utility,MW,nem,NSW1
2017-10-10 15:20:00,187.8,solar_utility,MW,nem,NSW1
2017-10-10 15:25:00,185.6,solar_utility,MW,nem,NSW1
2017-10-10 15:30:00,168.0,solar_utility,MW,nem,NSW1
2017-10-10 15:35:00,175.6,solar_utility,MW,nem,NSW1
2017-10-10 15:40:00,140.7,solar_utility,MW,nem,NSW1
2017-10-10 15:45:00,140.8,solar_utility,MW,nem,NSW1
2017-10-10 15:50:00,149.6,solar_utility,MW,nem,NSW1
2017-10-10 15:55:00,149.0,solar_utility,MW,nem,NSW1
2017-10-10 16:00:00,133.8,solar_utility,MW,nem,NSW1
2017-10-10 16:05:00,125.8,solar_utility,MW,nem,NSW1
2017-10-10 16:10:00,135.8,solar_utility,MW,nem,NSW1
2017-10-10 16:15:00,122.2,solar_utility,MW,nem,NSW1
2017-10-10 16:20:00,115.6,solar_utility,MW,nem,NSW1
2017-10-10 16:25:00,92.89,solar_utility,MW,nem,NSW1
2017-10-10 16:30:00,150.0,solar_utility,MW,nem,NSW1
2017-10-10 16:35:00,128.3,solar_utility,MW,nem,NSW1
2017-10-10 16:40:00,93.7,solar_utility,MW,nem,NSW1
2017-10-10 16:45:00,71.33,solar_utility,MW,nem,NSW1
2017-10-10 16:50:00,84.43,solar_utility,MW,nem,NSW1
2017-10-10 16:55:00,72.95,solar_utility,MW,nem,NSW1
2017-10-10 17:00:00,62.8,solar_utility,MW,nem,NSW1
2017-10-10 17:05:00,60.63,solar_utility,MW,nem,NSW1
2017-10-10 17:10:00,53.95,solar_utility,MW,nem,NSW1
2017-10-10 17:15:00,45.64,solar_utility,MW,nem,NSW1
2017-10-10 17:20:00,26.97,solar_utility,MW,nem,NSW1
2017-10-10 17:25:00,19.52,solar_utility,MW,nem,NSW1
2017-10-10 17:30:00,16.96,solar_utility,MW,nem,NSW1
2017-10-10 17:35:00,15.17,solar_utility,MW,nem,NSW1
2017-10-10 17:40:00,14.44,solar_utility,MW,nem,NSW1
2017-10-10 17:45:00,11.48,solar_utility,MW,nem,NSW1
2017-10-10 17:50:00,8.556,solar_utility,MW,nem,NSW1
2017-10-10 17:55:00,6.938,solar_utility,MW,nem,NSW1
2017-10-10 18:00:00,5.09,solar_utility,MW,nem,NSW1
2017-10-10 18:05:00,2.381,solar_utility,MW,nem,NSW1
2017-10-10 18:10:00,0.313,solar_utility,MW,nem,NSW1
2017-10-10 18:15:00,0.313,solar_utility,MW,nem,NSW1
2017-10-10 18:20:00,0.313,solar_utility,MW,nem,NSW1
2017-10-10 18:25:00,0.313,solar_utility,MW,nem,NSW1
2017-10-10 18:30:00,0.313,solar_utility,MW,nem,NSW1
2017-10-10 18:35:00,0.313,solar_utility,MW,nem,NSW1
2017-10-10 18:40:00,0.313,solar_utility,MW,nem,NSW1
2017-10-10 18:45:00,0.313,solar_utility,MW,nem,NSW1
2017-10-10 18:50:00,0.313,solar_utility,MW,nem,NSW1
2017-10-10 18:55:00,0.313,solar_utility,MW,nem,NSW1
2017-10-10 19:00:00,0.313,solar_utility,MW,nem,NSW1
2017-10-10 19:05:00,0.313,solar_utility,MW,nem,NSW1
2017-10-10 19:10:00,0.313,solar_utility,MW,nem,NSW1
2017-10-10 19:15:00,0.313,solar_utility,MW,nem,NSW1
2017-10-10 19:20:00,0.313,solar_utility,MW,nem,NSW1
2017-10-10 19:25:00,0.313,solar_utility,MW,nem,NSW1
2017-10-10 19:30:00,0.313,solar_utility,MW,nem,NSW1
2017-10-10 19:35:00,0.313,solar_utility,MW,nem,NSW1
2017-10-10 19:40:00,0.313,solar_utility,MW,nem,NSW1
2017-10-10 19:45:00,0.313,solar_utility,MW,nem,NSW1
2017-10-10 19:50:00,0.313,solar_utility,MW,nem,NSW1
2017-10-10 19:55:00,0.313,solar_utility,MW,nem,NSW1
2017-10-10 20:00:00,0.313,solar_utility,MW,nem,NSW1
2017-10-10 20:05:00,0.313,solar_utility,MW,nem,NSW1
2017-10-10 20:10:00,0.313,solar_utility,MW,nem,NSW1
2017-10-10 20:15:00,0.313,solar_utility,MW,nem,NSW1
2017-10-10 20:20:00,0.313,solar_utility,MW,nem,NSW1
2017-10-10 20:25:00,0.313,solar_utility,MW,nem,NSW1
2017-10-10 20:30:00,0.313,solar_utility,MW,nem,NSW1
2017-10-10 20:35:00,0.313,solar_utility,MW,nem,NSW1
2017-10-10 20:40:00,0.313,solar_utility,MW,nem,NSW1
2017-10-10 20:45:00,0.313,solar_utility,MW,nem,NSW1
2017-10-10 20:50:00,0.313,solar_utility,MW,nem,NSW1
2017-10-10 20:55:00,0.313,solar_utility,MW,nem,NSW1
2017-10-10 21:00:00,0.313,solar_utility,MW,nem,NSW1
2017-10-10 21:05:00,0.313,solar_utility,MW,nem,NSW1
2017-10-10 21:10:00,0.313,solar_utility,MW,nem,NSW1
2017-10-10 21:15:00,0.313,solar_utility,MW,nem,NSW1
2017-10-10 21:20:00,0.313,solar_utility,MW,nem,NSW1
2017-10-10 21:25:00,0.313,solar_utility,MW,nem,NSW1
2017-10-10 21:30:00,0.313,solar_utility,MW,nem,NSW1
2017-10-10 21:35:00,0.313,solar_utility,MW,nem,NSW1
2017-10-10 21:40:00,0.313,solar_utility,MW,nem,NSW1
2017-10-10 21:45:00,0.313,solar_utility,MW,nem,NSW1
2017-10-10 21:50:00,0.313,solar_utility,MW,nem,NSW1
2017-10-10 21:55:00,0.313,solar_utility,MW,nem,NSW1
2017-10-10 22:00:00,0.313,solar_utility,MW,nem,NSW1
2017-10-10 22:05:00,0.313,solar_utility,MW,nem,NSW1
2017-10-10 22:10:00,0.313,solar_utility,MW,nem,NSW1
2017-10-10 22:15:00,0.313,solar_utility,MW,nem,NSW1
2017-10-10 22:20:00,0.313,solar_utility,MW,nem,NSW1
2017-10-10 22:25:00,0.313,solar_utility,MW,nem,NSW1
2017-10-10 22:30:00,0.313,solar_utility,MW,nem,NSW1
2017-10-10 22:35:00,0.313,solar_utility,MW,nem,NSW1
2017-10-10 22:40:00,0.313,solar_utility,MW,nem,NSW1
2017-10-10 22:45:00,0.313,solar_utility,MW,nem,NSW1
2017-10-10 22:50:00,0.313,solar_utility,MW,nem,NSW1
2017-10-10 22:55:00,0.313,solar_utility,MW,nem,NSW1
2017-10-10 23:00:00,0.313,solar_utility,MW,nem,NSW1
2017-10-10 23:05:00,0.313,solar_utility,MW,nem,NSW1
2017-10-10 23:10:00,0.313,solar_utility,MW,nem,NSW1
2017-10-10 23:15:00,0.313,solar_utility,MW,nem,NSW1
2017-10-10 23:20:00,0.313,solar_utility,MW,nem,NSW1
2017-10-10 23:25:00,0.313,solar_utility,MW,nem,NSW1
2017-10-10 23:30:00,0.313,solar_utility,MW,nem,NSW1
2017-10-10 23:35:00,0.313,solar_utility,MW,nem,NSW1
2017-10-10 23:40:00,0.313,solar_utility,MW,nem,NSW1
2017-10-10 23:45:00,0.313,solar_utility,MW,nem,NSW1
2017-10-10 23:50:00,0.313,solar_utility,MW,nem,NSW1
2017-10-10 23:55:00,0.313,solar_utility,MW,nem,NSW1
2017-10-11 00:00:00,0.313,solar_utility,MW,nem,NSW1
2017-10-11 00:05:00,0.313,solar_utility,MW,nem,NSW1
2017-10-11 00:10:00,0.313,solar_utility,MW,nem,NSW1
2017-10-11 00:15:00,0.313,solar_utility,MW,nem,NSW1
2017-10-11 00:20:00,0.313,solar_utility,MW,nem,NSW1
2017-10-11 00:25:00,0.313,solar_utility,MW,nem,NSW1
2017-10-11 00:30:00,0.313,solar_utility,MW,nem,NSW1
2017-10-11 00:35:00,0.313,solar_utility,MW,nem,NSW1
2017-10-11 00:40:00,0.313,solar_utility,MW,nem,NSW1
2017-10-11 00:45:00,0.313,solar_utility,MW,nem,NSW1
2017-10-11 00:50:00,0.313,solar_utility,MW,nem,NSW1
2017-10-11 00:55:00,0.313,solar_utility,MW,nem,NSW1
2017-10-11 01:00:00,0.313,solar_utility,MW,nem,NSW1
2017-10-11 01:05:00,0.313,solar_utility,MW,nem,NSW1
2017-10-11 01:10:00,0.313,solar_utility,MW,nem,NSW1
2017-10-11 01:15:00,0.313,solar_utility,MW,nem,NSW1
2017-10-11 01:20:00,0.313,solar_utility,MW,nem,NSW1
2017-10-11 01:25:00,0.313,solar_utility,MW,nem,NSW1
2017-10-11 01:30:00,0.313,solar_utility,MW,nem,NSW1
2017-10-11 01:35:00,0.313,solar_utility,MW,nem,NSW1
2017-10-11 01:40:00,0.313,solar_utility,MW,nem,NSW1
2017-10-11 01:45:00,0.313,solar_utility,MW,nem,NSW1
2017-10-11 01:50:00,0.313,solar_utility,MW,nem,NSW1
2017-10-11 01:55:00,0.313,solar_utility,MW,nem,NSW1
2017-10-11 02:00:00,0.313,solar_utility,MW,nem,NSW1
2017-10-11 02:05:00,0.313,solar_utility,MW,nem,NSW1
2017-10-11 02:10:00,0.313,solar_utility,MW,nem,NSW1
2017-10-11 02:15:00,0.313,solar_utility,MW,nem,NSW1
2017-10-11 02:20:00,0.313,solar_utility,MW,nem,NSW1
2017-10-11 02:25:00,0.313,solar_utility,MW,nem,NSW1
2017-10-11 02:30:00,0.313,solar_utility,MW,nem,NSW1
2017-10-11 02:35:00,0.313,solar_utility,MW,nem,NSW1
2017-10-11 02:40:00,0.313,solar_utility,MW,nem,NSW1
2017-10-11 02:45:00,0.313,solar_utility,MW,nem,NSW1
2017-10-11 02:50:00,0.313,solar_utility,MW,nem,NSW1
2017-10-11 02:55:00,0.313,solar_utility,MW,nem,NSW1
2017-10-11 03:00:00,0.313,solar_utility,MW,nem,NSW1
2017-10-11 03:05:00,0.313,solar_utility,MW,nem,NSW1
2017-10-11 03:10:00,0.313,solar_utility,MW,nem,NSW1
2017-10-11 03:15:00,0.313,solar_utility,MW,nem,NSW1
2017-10-11 03:20:00,0.313,solar_utility,MW,nem,NSW1
2017-10-11 03:25:00,0.313,solar_utility,MW,nem,NSW1
2017-10-11 03:30:00,0.313,solar_utility,MW,nem,NSW1
2017-10-11 03:35:00,0.313,solar_utility,MW,nem,NSW1
2017-10-11 03:40:00,0.313,solar_utility,MW,nem,NSW1
2017-10-11 03:45:00,0.313,solar_utility,MW,nem,NSW1
2017-10-11 03:50:00,0.313,solar_utility,MW,nem,NSW1
2017-10-11 03:55:00,0.313,solar_utility,MW,nem,NSW1
2017-10-11 04:00:00,0.313,solar_utility,MW,nem,NSW1
2017-10-11 04:05:00,0.313,solar_utility,MW,nem,NSW1
2017-10-11 04:10:00,0.313,solar_utility,MW,nem,NSW1
2017-10-11 04:15:00,0.313,solar_utility,MW,nem,NSW1
2017-10-11 04:20:00,0.313,solar_utility,MW,nem,NSW1
2017-10-11 04:25:00,0.313,solar_utility,MW,nem,NSW1
2017-10-11 04:30:00,0.313,solar_utility,MW,nem,NSW1
2017-10-11 04:35:00,0.313,solar_utility,MW,nem,NSW1
2017-10-11 04:40:00,0.313,solar_utility,MW,nem,NSW1
2017-10-11 04:45:00,0.313,solar_utility,MW,nem,NSW1
2017-10-11 04:50:00,0.313,solar_utility,MW,nem,NSW1
2017-10-11 04:55:00,0.313,solar_utility,MW,nem,NSW1
2017-10-11 05:00:00,0.313,solar_utility,MW,nem,NSW1
2017-10-11 05:05:00,0.313,solar_utility,MW,nem,NSW1
2017-10-11 05:10:00,0.313,solar_utility,MW,nem,NSW1
2017-10-11 05:15:00,0.313,solar_utility,MW,nem,NSW1
2017-10-11 05:20:00,0.313,solar_utility,MW,nem,NSW1
2017-10-11 05:25:00,0.313,solar_utility,MW,nem,NSW1
2017-10-11 05:30:00,0.313,solar_utility,MW,nem,NSW1
2017-10-11 05:35:00,0.313,solar_utility,MW,nem,NSW1
2017-10-11 05:40:00,0.533,solar_utility,MW,nem,NSW1
2017-10-11 05:45:00,0.413,solar_utility,MW,nem,NSW1
2017-10-11 05:50:00,1.42,solar_utility,MW,nem,NSW1
2017-10-11 05:55:00,2.264,solar_utility,MW,nem,NSW1
2017-10-11 06:00:00,3.488,solar_utility,MW,nem,NSW1
2017-10-11 06:05:00,7.46,solar_utility,MW,nem,NSW1
2017-10-11 06:10:00,12.63,solar_utility,MW,nem,NSW1
2017-10-11 06:15:00,16.03,solar_utility,MW,nem,NSW1
2017-10-11 06:20:00,20.3,solar_utility,MW,nem,NSW1
2017-10-11 06:25:00,25.38,solar_utility,MW,nem,NSW1
2017-10-11 06:30:00,31.13,solar_utility,MW,nem,NSW1
2017-10-11 06:35:00,23.39,solar_utility,MW,nem,NSW1
2017-10-11 06:40:00,42.08,solar_utility,MW,nem,NSW1
2017-10-11 06:45:00,55.36,solar_utility,MW,nem,NSW1
2017-10-11 06:50:00,63.68,solar_utility,MW,nem,NSW1
2017-10-11 06:55:00,56.38,solar_utility,MW,nem,NSW1
2017-10-11 07:00:00,80.2,solar_utility,MW,nem,NSW1
2017-10-11 07:05:00,85.11,solar_utility,MW,nem,NSW1
2017-10-11 07:10:00,64.12,solar_utility,MW,nem,NSW1
2017-10-11 07:15:00,85.38,solar_utility,MW,nem,NSW1
2017-10-11 07:20:00,76.57,solar_utility,MW,nem,NSW1
2017-10-11 07:25:00,94.54,solar_utility,MW,nem,NSW1
2017-10-11 07:30:00,86.52,solar_utility,MW,nem,NSW1
2017-10-11 07:35:00,95.01,solar_utility,MW,nem,NSW1
2017-10-11 07:40:00,92.23,solar_utility,MW,nem,NSW1
2017-10-11 07:45:00,96.81,solar_utility,MW,nem,NSW1
2017-10-11 07:50:00,116.6,solar_utility,MW,nem,NSW1
2017-10-11 07:55:00,126.1,solar_utility,MW,nem,NSW1
2017-10-11 08:00:00,129.4,solar_utility,MW,nem,NSW1
2017-10-11 08:05:00,130.5,solar_utility,MW,nem,NSW1
2017-10-11 08:10:00,135.4,solar_utility,MW,nem,NSW1
2017-10-11 08:15:00,136.7,solar_utility,MW,nem,NSW1
2017-10-11 08:20:00,140.5,solar_utility,MW,nem,NSW1
2017-10-11 08:25:00,146.3,solar_utility,MW,nem,NSW1
2017-10-11 08:30:00,143.8,solar_utility,MW,nem,NSW1
2017-10-11 08:35:00,145.1,solar_utility,MW,nem,NSW1
2017-10-11 08:40:00,149.4,solar_utility,MW,nem,NSW1
2017-10-11 08:45:00,149.2,solar_utility,MW,nem,NSW1
2017-10-11 08:50:00,149.5,solar_utility,MW,nem,NSW1
2017-10-11 08:55:00,150.8,solar_utility,MW,nem,NSW1
2017-10-11 09:00:00,163.1,solar_utility,MW,nem,NSW1
2017-10-11 09:05:00,166.8,solar_utility,MW,nem,NSW1
2017-10-11 09:10:00,168.6,solar_utility,MW,nem,NSW1
2017-10-11 09:15:00,171.9,solar_utility,MW,nem,NSW1
2017-10-11 09:20:00,186.2,solar_utility,MW,nem,NSW1
2017-10-11 09:25:00,183.8,solar_utility,MW,nem,NSW1
2017-10-11 09:30:00,189.3,solar_utility,MW,nem,NSW1
2017-10-11 09:35:00,193.6,solar_utility,MW,nem,NSW1
2017-10-11 09:40:00,200.1,solar_utility,MW,nem,NSW1
2017-10-11 09:45:00,202.3,solar_utility,MW,nem,NSW1
2017-10-11 09:50:00,200.0,solar_utility,MW,nem,NSW1
2017-10-11 09:55:00,207.6,solar_utility,MW,nem,NSW1
2017-10-11 10:00:00,200.9,solar_utility,MW,nem,NSW1
2017-10-11 10:05:00,213.8,solar_utility,MW,nem,NSW1
2017-10-11 10:10:00,213.4,solar_utility,MW,nem,NSW1
2017-10-11 10:15:00,209.0,solar_utility,MW,nem,NSW1
2017-10-11 10:20:00,213.3,solar_utility,MW,nem,NSW1
2017-10-11 10:25:00,206.5,solar_utility,MW,nem,NSW1
2017-10-11 10:30:00,200.3,solar_utility,MW,nem,NSW1
2017-10-11 10:35:00,204.6,solar_utility,MW,nem,NSW1
2017-10-11 10:40:00,198.5,solar_utility,MW,nem,NSW1
2017-10-11 10:45:00,204.9,solar_utility,MW,nem,NSW1
2017-10-11 10:50:00,206.6,solar_utility,MW,nem,NSW1
2017-10-11 10:55:00,198.5,solar_utility,MW,nem,NSW1
2017-10-11 11:00:00,198.6,solar_utility,MW,nem,NSW1
2017-10-11 11:05:00,205.0,solar_utility,MW,nem,NSW1
2017-10-11 11:10:00,211.1,solar_utility,MW,nem,NSW1
2017-10-11 11:15:00,201.3,solar_utility,MW,nem,NSW1
2017-10-11 11:20:00,209.1,solar_utility,MW,nem,NSW1
2017-10-11 11:25:00,210.0,solar_utility,MW,nem,NSW1
2017-10-11 11:30:00,207.5,solar_utility,MW,nem,NSW1
2017-10-11 11:35:00,210.1,solar_utility,MW,nem,NSW1
2017-10-11 11:40:00,209.2,solar_utility,MW,nem,NSW1
2017-10-11 11:45:00,210.8,solar_utility,MW,nem,NSW1
2017-10-11 11:50:00,210.4,solar_utility,MW,nem,NSW1
2017-10-11 11:55:00,208.6,solar_utility,MW,nem,NSW1
2017-10-11 12:00:00,184.9,solar_utility,MW,nem,NSW1
2017-10-11 12:05:00,202.7,solar_utility,MW,nem,NSW1
2017-10-11 12:10:00,204.8,solar_utility,MW,nem,NSW1
2017-10-11 12:15:00,213.7,solar_utility,MW,nem,NSW1
2017-10-11 12:20:00,212.9,solar_utility,MW,nem,NSW1
2017-10-11 12:25:00,214.1,solar_utility,MW,nem,NSW1
2017-10-11 12:30:00,216.2,solar_utility,MW,nem,NSW1
2017-10-11 12:35:00,216.0,solar_utility,MW,nem,NSW1
2017-10-11 12:40:00,235.6,solar_utility,MW,nem,NSW1
2017-10-11 12:45:00,229.7,solar_utility,MW,nem,NSW1
2017-10-11 12:50:00,246.9,solar_utility,MW,nem,NSW1
2017-10-11 12:55:00,248.3,solar_utility,MW,nem,NSW1
2017-10-11 13:00:00,238.6,solar_utility,MW,nem,NSW1
2017-10-11 13:05:00,228.8,solar_utility,MW,nem,NSW1
2017-10-11 13:10:00,219.2,solar_utility,MW,nem,NSW1
2017-10-11 13:15:00,222.0,solar_utility,MW,nem,NSW1
2017-10-11 13:20:00,213.8,solar_utility,MW,nem,NSW1
2017-10-11 13:25:00,216.2,solar_utility,MW,nem,NSW1
2017-10-11 13:30:00,182.6,solar_utility,MW,nem,NSW1
2017-10-11 13:35:00,153.5,solar_utility,MW,nem,NSW1
2017-10-11 13:40:00,165.4,solar_utility,MW,nem,NSW1
2017-10-11 13:45:00,185.3,solar_utility,MW,nem,NSW1
2017-10-11 13:50:00,198.7,solar_utility,MW,nem,NSW1
2017-10-11 13:55:00,192.3,solar_utility,MW,nem,NSW1
2017-10-11 14:00:00,177.2,solar_utility,MW,nem,NSW1
2017-10-11 14:05:00,155.2,solar_utility,MW,nem,NSW1
2017-10-11 14:10:00,146.0,solar_utility,MW,nem,NSW1
2017-10-11 14:15:00,150.9,solar_utility,MW,nem,NSW1
2017-10-11 14:20:00,157.8,solar_utility,MW,nem,NSW1
2017-10-11 14:25:00,162.9,solar_utility,MW,nem,NSW1
2017-10-11 14:30:00,150.1,solar_utility,MW,nem,NSW1
2017-10-11 14:35:00,124.6,solar_utility,MW,nem,NSW1
2017-10-11 14:40:00,108.4,solar_utility,MW,nem,NSW1
2017-10-11 14:45:00,110.3,solar_utility,MW,nem,NSW1
2017-10-11 14:50:00,94.59,solar_utility,MW,nem,NSW1
2017-10-11 14:55:00,88.93,solar_utility,MW,nem,NSW1
2017-10-11 15:00:00,88.44,solar_utility,MW,nem,NSW1
2017-10-11 15:05:00,92.79,solar_utility,MW,nem,NSW1
2017-10-11 15:10:00,98.09,solar_utility,MW,nem,NSW1
2017-10-11 15:15:00,83.64,solar_utility,MW,nem,NSW1
2017-10-11 15:20:00,90.27,solar_utility,MW,nem,NSW1
2017-10-11 15:25:00,77.89,solar_utility,MW,nem,NSW1
2017-10-11 15:30:00,66.34,solar_utility,MW,nem,NSW1
2017-10-11 15:35:00,61.04,solar_utility,MW,nem,NSW1
2017-10-11 15:40:00,55.15,solar_utility,MW,nem,NSW1
2017-10-11 15:45:00,64.63,solar_utility,MW,nem,NSW1
2017-10-11 15:50:00,62.52,solar_utility,MW,nem,NSW1
2017-10-11 15:55:00,51.75,solar_utility,MW,nem,NSW1
2017-10-11 16:00:00,42.06,solar_utility,MW,nem,NSW1
2017-10-11 16:05:00,44.37,solar_utility,MW,nem,NSW1
2017-10-11 16:10:00,44.57,solar_utility,MW,nem,NSW1
2017-10-11 16:15:00,38.52,solar_utility,MW,nem,NSW1
2017-10-11 16:20:00,49.72,solar_utility,MW,nem,NSW1
2017-10-11 16:25:00,59.63,solar_utility,MW,nem,NSW1
2017-10-11 16:30:00,56.83,solar_utility,MW,nem,NSW1
2017-10-11 16:35:00,54.75,solar_utility,MW,nem,NSW1
2017-10-11 16:40:00,32.93,solar_utility,MW,nem,NSW1
2017-10-11 16:45:00,23.08,solar_utility,MW,nem,NSW1
2017-10-11 16:50:00,33.36,solar_utility,MW,nem,NSW1
2017-10-11 16:55:00,41.09,solar_utility,MW,nem,NSW1
2017-10-11 17:00:00,41.92,solar_utility,MW,nem,NSW1
2017-10-11 17:05:00,28.6,solar_utility,MW,nem,NSW1
2017-10-11 17:10:00,26.43,solar_utility,MW,nem,NSW1
2017-10-11 17:15:00,38.43,solar_utility,MW,nem,NSW1
2017-10-11 17:20:00,30.03,solar_utility,MW,nem,NSW1
2017-10-11 17:25:00,26.28,solar_utility,MW,nem,NSW1
2017-10-11 17:30:00,19.4,solar_utility,MW,nem,NSW1
2017-10-11 17:35:00,16.32,solar_utility,MW,nem,NSW1
2017-10-11 17:40:00,6.31,solar_utility,MW,nem,NSW1
2017-10-11 17:45:00,2.978,solar_utility,MW,nem,NSW1
2017-10-11 17:50:00,3.015,solar_utility,MW,nem,NSW1
2017-10-11 17:55:00,2.207,solar_utility,MW,nem,NSW1
2017-10-11 18:00:00,0.988,solar_utility,MW,nem,NSW1
2017-10-11 18:05:00,0.536,solar_utility,MW,nem,NSW1
2017-10-11 18:10:00,0.411,solar_utility,MW,nem,NSW1
2017-10-11 18:15:00,0.0,solar_utility,MW,nem,NSW1
2017-10-11 18:20:00,0.0,solar_utility,MW,nem,NSW1
2017-10-11 18:25:00,0.0,solar_utility,MW,nem,NSW1
2017-10-11 18:30:00,0.0,solar_utility,MW,nem,NSW1
2017-10-11 18:35:00,0.0,solar_utility,MW,nem,NSW1
2017-10-11 18:40:00,0.0,solar_utility,MW,nem,NSW1
2017-10-11 18:45:00,0.0,solar_utility,MW,nem,NSW1
2017-10-11 18:50:00,0.0,solar_utility,MW,nem,NSW1
2017-10-11 18:55:00,0.0,solar_utility,MW,nem,NSW1
2017-10-11 19:00:00,0.0,solar_utility,MW,nem,NSW1
2017-10-11 19:05:00,0.0,solar_utility,MW,nem,NSW1
2017-10-11 19:10:00,0.0,solar_utility,MW,nem,NSW1
2017-10-11 19:15:00,0.0,solar_utility,MW,nem,NSW1
2017-10-11 19:20:00,0.0,solar_utility,MW,nem,NSW1
2017-10-11 19:25:00,0.0,solar_utility,MW,nem,NSW1
2017-10-11 19:30:00,0.0,solar_utility,MW,nem,NSW1
2017-10-11 19:35:00,0.0,solar_utility,MW,nem,NSW1
2017-10-11 19:40:00,0.0,solar_utility,MW,nem,NSW1
2017-10-11 19:45:00,0.0,solar_utility,MW,nem,NSW1
2017-10-11 19:50:00,0.0,solar_utility,MW,nem,NSW1
2017-10-11 19:55:00,0.0,solar_utility,MW,nem,NSW1
2017-10-11 20:00:00,0.0,solar_utility,MW,nem,NSW1
2017-10-11 20:05:00,0.0,solar_utility,MW,nem,NSW1
2017-10-11 20:10:00,0.0,solar_utility,MW,nem,NSW1
2017-10-11 20:15:00,0.0,solar_utility,MW,nem,NSW1
2017-10-11 20:20:00,0.0,solar_utility,MW,nem,NSW1
2017-10-11 20:25:00,0.0,solar_utility,MW,nem,NSW1
2017-10-11 20:30:00,0.0,solar_utility,MW,nem,NSW1
2017-10-11 20:35:00,0.0,solar_utility,MW,nem,NSW1
2017-10-11 20:40:00,0.0,solar_utility,MW,nem,NSW1
2017-10-11 20:45:00,0.0,solar_utility,MW,nem,NSW1
2017-10-11 20:50:00,0.0,solar_utility,MW,nem,NSW1
2017-10-11 20:55:00,0.0,solar_utility,MW,nem,NSW1
2017-10-11 21:00:00,0.0,solar_utility,MW,nem,NSW1
2017-10-11 21:05:00,0.0,solar_utility,MW,nem,NSW1
2017-10-11 21:10:00,0.0,solar_utility,MW,nem,NSW1
2017-10-11 21:15:00,0.0,solar_utility,MW,nem,NSW1
2017-10-11 21:20:00,0.0,solar_utility,MW,nem,NSW1
2017-10-11 21:25:00,0.0,solar_utility,MW,nem,NSW1
2017-10-11 21:30:00,0.0,solar_utility,MW,nem,NSW1
2017-10-11 21:35:00,0.0,solar_utility,MW,nem,NSW1
2017-10-11 21:40:00,0.0,solar_utility,MW,nem,NSW1
2017-10-11 21:45:00,0.0,solar_utility,MW,nem,NSW1
2017-10-11 21:50:00,0.0,solar_utility,MW,nem,NSW1
2017-10-11 21:55:00,0.0,solar_utility,MW,nem,NSW1
2017-10-11 22:00:00,0.0,solar_utility,MW,nem,NSW1
2017-10-11 22:05:00,0.0,solar_utility,MW,nem,NSW1
2017-10-11 22:10:00,0.0,solar_utility,MW,nem,NSW1
2017-10-11 22:15:00,0.0,solar_utility,MW,nem,NSW1
2017-10-11 22:20:00,0.0,solar_utility,MW,nem,NSW1
2017-10-11 22:25:00,0.0,solar_utility,MW,nem,NSW1
2017-10-11 22:30:00,0.0,solar_utility,MW,nem,NSW1
2017-10-11 22:35:00,0.0,solar_utility,MW,nem,NSW1
2017-10-11 22:40:00,0.0,solar_utility,MW,nem,NSW1
2017-10-11 22:45:00,0.0,solar_utility,MW,nem,NSW1
2017-10-11 22:50:00,0.0,solar_utility,MW,nem,NSW1
2017-10-11 22:55:00,0.0,solar_utility,MW,nem,NSW1
2017-10-11 23:00:00,0.0,solar_utility,MW,nem,NSW1
2017-10-11 23:05:00,0.0,solar_utility,MW,nem,NSW1
2017-10-11 23:10:00,0.0,solar_utility,MW,nem,NSW1
2017-10-11 23:15:00,0.0,solar_utility,MW,nem,NSW1
2017-10-11 23:20:00,0.0,solar_utility,MW,nem,NSW1
2017-10-11 23:25:00,0.0,solar_utility,MW,nem,NSW1
2017-10-11 23:30:00,0.0,solar_utility,MW,nem,NSW1
2017-10-11 23:35:00,0.0,solar_utility,MW,nem,NSW1
2017-10-11 23:40:00,0.0,solar_utility,MW,nem,NSW1
2017-10-11 23:45:00,0.0,solar_utility,MW,nem,NSW1
2017-10-11 23:50:00,0.0,solar_utility,MW,nem,NSW1
2017-10-11 23:55:00,0.0,solar_utility,MW,nem,NSW1
2017-10-12 00:00:00,0.0,solar_utility,MW,nem,NSW1
2017-10-12 00:05:00,0.0,solar_utility,MW,nem,NSW1
2017-10-12 00:10:00,0.0,solar_utility,MW,nem,NSW1
2017-10-12 00:15:00,0.0,solar_utility,MW,nem,NSW1
2017-10-12 00:20:00,0.0,solar_utility,MW,nem,NSW1
2017-10-12 00:25:00,0.0,solar_utility,MW,nem,NSW1
2017-10-12 00:30:00,0.0,solar_utility,MW,nem,NSW1
2017-10-12 00:35:00,0.0,solar_utility,MW,nem,NSW1
2017-10-12 00:40:00,0.0,solar_utility,MW,nem,NSW1
2017-10-12 00:45:00,0.0,solar_utility,MW,nem,NSW1
2017-10-12 00:50:00,0.0,solar_utility,MW,nem,NSW1
2017-10-12 00:55:00,0.0,solar_utility,MW,nem,NSW1
2017-10-12 01:00:00,0.0,solar_utility,MW,nem,NSW1
2017-10-12 01:05:00,0.0,solar_utility,MW,nem,NSW1
2017-10-12 01:10:00,0.0,solar_utility,MW,nem,NSW1
2017-10-12 01:15:00,0.0,solar_utility,MW,nem,NSW1
2017-10-12 01:20:00,0.0,solar_utility,MW,nem,NSW1
2017-10-12 01:25:00,0.0,solar_utility,MW,nem,NSW1
2017-10-12 01:30:00,0.0,solar_utility,MW,nem,NSW1
2017-10-12 01:35:00,0.0,solar_utility,MW,nem,NSW1
2017-10-12 01:40:00,0.0,solar_utility,MW,nem,NSW1
2017-10-12 01:45:00,0.0,solar_utility,MW,nem,NSW1
2017-10-12 01:50:00,0.0,solar_utility,MW,nem,NSW1
2017-10-12 01:55:00,0.0,solar_utility,MW,nem,NSW1
2017-10-12 02:00:00,0.0,solar_utility,MW,nem,NSW1
2017-10-12 02:05:00,0.0,solar_utility,MW,nem,NSW1
2017-10-12 02:10:00,0.0,solar_utility,MW,nem,NSW1
2017-10-12 02:15:00,0.0,solar_utility,MW,nem,NSW1
2017-10-12 02:20:00,0.0,solar_utility,MW,nem,NSW1
2017-10-12 02:25:00,0.0,solar_utility,MW,nem,NSW1
2017-10-12 02:30:00,0.0,solar_utility,MW,nem,NSW1
2017-10-12 02:35:00,0.0,solar_utility,MW,nem,NSW1
2017-10-12 02:40:00,0.0,solar_utility,MW,nem,NSW1
2017-10-12 02:45:00,0.0,solar_utility,MW,nem,NSW1
2017-10-12 02:50:00,0.0,solar_utility,MW,nem,NSW1
2017-10-12 02:55:00,0.0,solar_utility,MW,nem,NSW1
2017-10-12 03:00:00,0.0,solar_utility,MW,nem,NSW1
2017-10-12 03:05:00,0.0,solar_utility,MW,nem,NSW1
2017-10-12 03:10:00,0.0,solar_utility,MW,nem,NSW1
2017-10-12 03:15:00,0.0,solar_utility,MW,nem,NSW1
2017-10-12 03:20:00,0.0,solar_utility,MW,nem,NSW1
2017-10-12 03:25:00,0.0,solar_utility,MW,nem,NSW1
2017-10-12 03:30:00,0.0,solar_utility,MW,nem,NSW1
2017-10-12 03:35:00,0.0,solar_utility,MW,nem,NSW1
2017-10-12 03:40:00,0.0,solar_utility,MW,nem,NSW1
2017-10-12 03:45:00,0.0,solar_utility,MW,nem,NSW1
2017-10-12 03:50:00,0.0,solar_utility,MW,nem,NSW1
2017-10-12 03:55:00,0.0,solar_utility,MW,nem,NSW1
2017-10-12 04:00:00,0.0,solar_utility,MW,nem,NSW1
2017-10-12 04:05:00,0.0,solar_utility,MW,nem,NSW1
2017-10-12 04:10:00,0.0,solar_utility,MW,nem,NSW1
2017-10-12 04:15:00,0.0,solar_utility,MW,nem,NSW1
2017-10-12 04:20:00,0.0,solar_utility,MW,nem,NSW1
2017-10-12 04:25:00,0.0,solar_utility,MW,nem,NSW1
2017-10-12 04:30:00,0.0,solar_utility,MW,nem,NSW1
2017-10-12 04:35:00,0.0,solar_utility,MW,nem,NSW1
2017-10-12 04:40:00,0.0,solar_utility,MW,nem,NSW1
2017-10-12 04:45:00,0.0,solar_utility,MW,nem,NSW1
2017-10-12 04:50:00,0.0,solar_utility,MW,nem,NSW1
2017-10-12 04:55:00,0.0,solar_utility,MW,nem,NSW1
2017-10-12 05:00:00,0.0,solar_utility,MW,nem,NSW1
2017-10-12 05:05:00,0.0,solar_utility,MW,nem,NSW1
2017-10-12 05:10:00,0.0,solar_utility,MW,nem,NSW1
2017-10-12 05:15:00,0.0,solar_utility,MW,nem,NSW1
2017-10-12 05:20:00,0.0,solar_utility,MW,nem,NSW1
2017-10-12 05:25:00,0.0,solar_utility,MW,nem,NSW1
2017-10-12 05:30:00,0.0,solar_utility,MW,nem,NSW1
2017-10-12 05:35:00,0.0,solar_utility,MW,nem,NSW1
2017-10-12 05:40:00,0.0,solar_utility,MW,nem,NSW1
2017-10-12 05:45:00,0.0,solar_utility,MW,nem,NSW1
2017-10-12 05:50:00,0.0,solar_utility,MW,nem,NSW1
2017-10-12 05:55:00,0.326,solar_utility,MW,nem,NSW1
2017-10-12 06:00:00,0.519,solar_utility,MW,nem,NSW1
2017-10-12 06:05:00,3.7,solar_utility,MW,nem,NSW1
2017-10-12 06:10:00,4.746,solar_utility,MW,nem,NSW1
2017-10-12 06:15:00,5.483,solar_utility,MW,nem,NSW1
2017-10-12 06:20:00,7.11,solar_utility,MW,nem,NSW1
2017-10-12 06:25:00,9.757,solar_utility,MW,nem,NSW1
2017-10-12 06:30:00,11.47,solar_utility,MW,nem,NSW1
2017-10-12 06:35:00,12.62,solar_utility,MW,nem,NSW1
2017-10-12 06:40:00,21.29,solar_utility,MW,nem,NSW1
2017-10-12 06:45:00,35.63,solar_utility,MW,nem,NSW1
2017-10-12 06:50:00,35.1,solar_utility,MW,nem,NSW1
2017-10-12 06:55:00,43.44,solar_utility,MW,nem,NSW1
2017-10-12 07:00:00,47.35,solar_utility,MW,nem,NSW1
2017-10-12 07:05:00,49.63,solar_utility,MW,nem,NSW1
2017-10-12 07:10:00,53.34,solar_utility,MW,nem,NSW1
2017-10-12 07:15:00,48.38,solar_utility,MW,nem,NSW1
2017-10-12 07:20:00,51.43,solar_utility,MW,nem,NSW1
2017-10-12 07:25:00,50.16,solar_utility,MW,nem,NSW1
2017-10-12 07:30:00,48.53,solar_utility,MW,nem,NSW1
2017-10-12 07:35:00,62.7,solar_utility,MW,nem,NSW1
2017-10-12 07:40:00,89.45,solar_utility,MW,nem,NSW1
2017-10-12 07:45:00,107.8,solar_utility,MW,nem,NSW1
2017-10-12 07:50:00,116.6,solar_utility,MW,nem,NSW1
2017-10-12 07:55:00,95.35,solar_utility,MW,nem,NSW1
2017-10-12 08:00:00,87.95,solar_utility,MW,nem,NSW1
2017-10-12 08:05:00,95.22,solar_utility,MW,nem,NSW1
2017-10-12 08:10:00,96.34,solar_utility,MW,nem,NSW1
2017-10-12 08:15:00,130.7,solar_utility,MW,nem,NSW1
2017-10-12 08:20:00,146.0,solar_utility,MW,nem,NSW1
2017-10-12 08:25:00,158.6,solar_utility,MW,nem,NSW1
2017-10-12 08:30:00,156.5,solar_utility,MW,nem,NSW1
2017-10-12 08:35:00,152.0,solar_utility,MW,nem,NSW1
2017-10-12 08:40:00,179.8,solar_utility,MW,nem,NSW1
2017-10-12 08:45:00,172.2,solar_utility,MW,nem,NSW1
2017-10-12 08:50:00,178.0,solar_utility,MW,nem,NSW1
2017-10-12 08:55:00,208.8,solar_utility,MW,nem,NSW1
2017-10-12 09:00:00,205.2,solar_utility,MW,nem,NSW1
2017-10-12 09:05:00,212.0,solar_utility,MW,nem,NSW1
2017-10-12 09:10:00,185.9,solar_utility,MW,nem,NSW1
2017-10-12 09:15:00,212.8,solar_utility,MW,nem,NSW1
2017-10-12 09:20:00,215.3,solar_utility,MW,nem,NSW1
2017-10-12 09:25:00,221.8,solar_utility,MW,nem,NSW1
2017-10-12 09:30:00,190.3,solar_utility,MW,nem,NSW1
2017-10-12 09:35:00,179.1,solar_utility,MW,nem,NSW1
2017-10-12 09:40:00,239.0,solar_utility,MW,nem,NSW1
2017-10-12 09:45:00,214.2,solar_utility,MW,nem,NSW1
2017-10-12 09:50:00,234.7,solar_utility,MW,nem,NSW1
2017-10-12 09:55:00,201.6,solar_utility,MW,nem,NSW1
2017-10-12 10:00:00,219.1,solar_utility,MW,nem,NSW1
2017-10-12 10:05:00,245.1,solar_utility,MW,nem,NSW1
2017-10-12 10:10:00,223.9,solar_utility,MW,nem,NSW1
2017-10-12 10:15:00,200.7,solar_utility,MW,nem,NSW1
2017-10-12 10:20:00,247.3,solar_utility,MW,nem,NSW1
2017-10-12 10:25:00,242.8,solar_utility,MW,nem,NSW1
2017-10-12 10:30:00,225.9,solar_utility,MW,nem,NSW1
2017-10-12 10:35:00,222.6,solar_utility,MW,nem,NSW1
2017-10-12 10:40:00,219.9,solar_utility,MW,nem,NSW1
2017-10-12 10:45:00,215.7,solar_utility,MW,nem,NSW1
2017-10-12 10:50:00,211.0,solar_utility,MW,nem,NSW1
2017-10-12 10:55:00,216.1,solar_utility,MW,nem,NSW1
2017-10-12 11:00:00,217.6,solar_utility,MW,nem,NSW1
2017-10-12 11:05:00,222.8,solar_utility,MW,nem,NSW1
2017-10-12 11:10:00,231.1,solar_utility,MW,nem,NSW1
2017-10-12 11:15:00,213.3,solar_utility,MW,nem,NSW1
2017-10-12 11:20:00,209.3,solar_utility,MW,nem,NSW1
2017-10-12 11:25:00,209.9,solar_utility,MW,nem,NSW1
2017-10-12 11:30:00,218.5,solar_utility,MW,nem,NSW1
2017-10-12 11:35:00,216.3,solar_utility,MW,nem,NSW1
2017-10-12 11:40:00,220.0,solar_utility,MW,nem,NSW1
2017-10-12 11:45:00,229.0,solar_utility,MW,nem,NSW1
2017-10-12 11:50:00,226.5,solar_utility,MW,nem,NSW1
2017-10-12 11:55:00,216.8,solar_utility,MW,nem,NSW1
2017-10-12 12:00:00,221.0,solar_utility,MW,nem,NSW1
2017-10-12 12:05:00,228.7,solar_utility,MW,nem,NSW1
2017-10-12 12:10:00,228.9,solar_utility,MW,nem,NSW1
2017-10-12 12:15:00,232.4,solar_utility,MW,nem,NSW1
2017-10-12 12:20:00,225.2,solar_utility,MW,nem,NSW1
2017-10-12 12:25:00,244.3,solar_utility,MW,nem,NSW1
2017-10-12 12:30:00,221.6,solar_utility,MW,nem,NSW1
2017-10-12 12:35:00,218.8,solar_utility,MW,nem,NSW1
2017-10-12 12:40:00,226.0,solar_utility,MW,nem,NSW1
2017-10-12 12:45:00,226.6,solar_utility,MW,nem,NSW1
2017-10-12 12:50:00,221.7,solar_utility,MW,nem,NSW1
2017-10-12 12:55:00,223.3,solar_utility,MW,nem,NSW1
2017-10-12 13:00:00,226.3,solar_utility,MW,nem,NSW1
2017-10-12 13:05:00,226.1,solar_utility,MW,nem,NSW1
2017-10-12 13:10:00,240.8,solar_utility,MW,nem,NSW1
2017-10-12 13:15:00,251.0,solar_utility,MW,nem,NSW1
2017-10-12 13:20:00,251.0,solar_utility,MW,nem,NSW1
2017-10-12 13:25:00,248.5,solar_utility,MW,nem,NSW1
2017-10-12 13:30:00,249.4,solar_utility,MW,nem,NSW1
2017-10-12 13:35:00,250.8,solar_utility,MW,nem,NSW1
2017-10-12 13:40:00,232.5,solar_utility,MW,nem,NSW1
2017-10-12 13:45:00,233.5,solar_utility,MW,nem,NSW1
2017-10-12 13:50:00,244.4,solar_utility,MW,nem,NSW1
2017-10-12 13:55:00,244.1,solar_utility,MW,nem,NSW1
2017-10-12 14:00:00,243.5,solar_utility,MW,nem,NSW1
2017-10-12 14:05:00,244.9,solar_utility,MW,nem,NSW1
2017-10-12 14:10:00,238.4,solar_utility,MW,nem,NSW1
2017-10-12 14:15:00,237.2,solar_utility,MW,nem,NSW1
2017-10-12 14:20:00,245.6,solar_utility,MW,nem,NSW1
2017-10-12 14:25:00,244.6,solar_utility,MW,nem,NSW1
2017-10-12 14:30:00,242.6,solar_utility,MW,nem,NSW1
2017-10-12 14:35:00,223.7,solar_utility,MW,nem,NSW1
2017-10-12 14:40:00,237.1,solar_utility,MW,nem,NSW1
2017-10-12 14:45:00,234.7,solar_utility,MW,nem,NSW1
2017-10-12 14:50:00,217.7,solar_utility,MW,nem,NSW1
2017-10-12 14:55:00,204.7,solar_utility,MW,nem,NSW1
2017-10-12 15:00:00,223.1,solar_utility,MW,nem,NSW1
2017-10-12 15:05:00,209.3,solar_utility,MW,nem,NSW1
2017-10-12 15:10:00,217.0,solar_utility,MW,nem,NSW1
2017-10-12 15:15:00,202.6,solar_utility,MW,nem,NSW1
2017-10-12 15:20:00,188.3,solar_utility,MW,nem,NSW1
2017-10-12 15:25:00,181.8,solar_utility,MW,nem,NSW1
2017-10-12 15:30:00,177.2,solar_utility,MW,nem,NSW1
2017-10-12 15:35:00,152.9,solar_utility,MW,nem,NSW1
2017-10-12 15:40:00,145.3,solar_utility,MW,nem,NSW1
2017-10-12 15:45:00,143.6,solar_utility,MW,nem,NSW1
2017-10-12 15:50:00,139.6,solar_utility,MW,nem,NSW1
2017-10-12 15:55:00,141.7,solar_utility,MW,nem,NSW1
2017-10-12 16:00:00,158.5,solar_utility,MW,nem,NSW1
2017-10-12 16:05:00,153.8,solar_utility,MW,nem,NSW1
2017-10-12 16:10:00,148.1,solar_utility,MW,nem,NSW1
2017-10-12 16:15:00,140.6,solar_utility,MW,nem,NSW1
2017-10-12 16:20:00,108.6,solar_utility,MW,nem,NSW1
2017-10-12 16:25:00,127.9,solar_utility,MW,nem,NSW1
2017-10-12 16:30:00,115.4,solar_utility,MW,nem,NSW1
2017-10-12 16:35:00,121.7,solar_utility,MW,nem,NSW1
2017-10-12 16:40:00,124.1,solar_utility,MW,nem,NSW1
2017-10-12 16:45:00,117.3,solar_utility,MW,nem,NSW1
2017-10-12 16:50:00,110.9,solar_utility,MW,nem,NSW1
2017-10-12 16:55:00,102.2,solar_utility,MW,nem,NSW1
2017-10-12 17:00:00,90.14,solar_utility,MW,nem,NSW1
2017-10-12 17:05:00,80.11,solar_utility,MW,nem,NSW1
2017-10-12 17:10:00,76.62,solar_utility,MW,nem,NSW1
2017-10-12 17:15:00,63.56,solar_utility,MW,nem,NSW1
2017-10-12 17:20:00,46.9,solar_utility,MW,nem,NSW1
2017-10-12 17:25:00,43.3,solar_utility,MW,nem,NSW1
2017-10-12 17:30:00,38.5,solar_utility,MW,nem,NSW1
2017-10-12 17:35:00,30.3,solar_utility,MW,nem,NSW1
2017-10-12 17:40:00,24.97,solar_utility,MW,nem,NSW1
2017-10-12 17:45:00,16.83,solar_utility,MW,nem,NSW1
2017-10-12 17:50:00,12.6,solar_utility,MW,nem,NSW1
2017-10-12 17:55:00,9.145,solar_utility,MW,nem,NSW1
2017-10-12 18:00:00,7.645,solar_utility,MW,nem,NSW1
2017-10-12 18:05:00,5.783,solar_utility,MW,nem,NSW1
2017-10-12 18:10:00,4.132,solar_utility,MW,nem,NSW1
2017-10-12 18:15:00,2.813,solar_utility,MW,nem,NSW1
2017-10-12 18:20:00,1.949,solar_utility,MW,nem,NSW1
2017-10-12 18:25:00,1.024,solar_utility,MW,nem,NSW1
2017-10-12 18:30:00,0.0,solar_utility,MW,nem,NSW1
2017-10-12 18:35:00,0.0,solar_utility,MW,nem,NSW1
2017-10-12 18:40:00,0.0,solar_utility,MW,nem,NSW1
2017-10-12 18:45:00,0.0,solar_utility,MW,nem,NSW1
2017-10-12 18:50:00,0.0,solar_utility,MW,nem,NSW1
2017-10-12 18:55:00,0.0,solar_utility,MW,nem,NSW1
2017-10-12 19:00:00,0.0,solar_utility,MW,nem,NSW1
2017-10-12 19:05:00,0.0,solar_utility,MW,nem,NSW1
2017-10-12 19:10:00,0.0,solar_utility,MW,nem,NSW1
2017-10-12 19:15:00,0.0,solar_utility,MW,nem,NSW1
2017-10-12 19:20:00,0.0,solar_utility,MW,nem,NSW1
2017-10-12 19:25:00,0.0,solar_utility,MW,nem,NSW1
2017-10-12 19:30:00,0.0,solar_utility,MW,nem,NSW1
2017-10-12 19:35:00,0.0,solar_utility,MW,nem,NSW1
2017-10-12 19:40:00,0.0,solar_utility,MW,nem,NSW1
2017-10-12 19:45:00,0.0,solar_utility,MW,nem,NSW1
2017-10-12 19:50:00,0.0,solar_utility,MW,nem,NSW1
2017-10-12 19:55:00,0.0,solar_utility,MW,nem,NSW1
2017-10-12 20:00:00,0.0,solar_utility,MW,nem,NSW1
2017-10-12 20:05:00,0.0,solar_utility,MW,nem,NSW1
2017-10-12 20:10:00,0.0,solar_utility,MW,nem,NSW1
2017-10-12 20:15:00,0.0,solar_utility,MW,nem,NSW1
2017-10-12 20:20:00,0.0,solar_utility,MW,nem,NSW1
2017-10-12 20:25:00,0.0,solar_utility,MW,nem,NSW1
2017-10-12 20:30:00,0.0,solar_utility,MW,nem,NSW1
2017-10-12 20:35:00,0.0,solar_utility,MW,nem,NSW1
2017-10-12 20:40:00,0.0,solar_utility,MW,nem,NSW1
2017-10-12 20:45:00,0.0,solar_utility,MW,nem,NSW1
2017-10-12 20:50:00,0.0,solar_utility,MW,nem,NSW1
2017-10-12 20:55:00,0.0,solar_utility,MW,nem,NSW1
2017-10-12 21:00:00,0.0,solar_utility,MW,nem,NSW1
2017-10-12 21:05:00,0.0,solar_utility,MW,nem,NSW1
2017-10-12 21:10:00,0.0,solar_utility,MW,nem,NSW1
2017-10-12 21:15:00,0.0,solar_utility,MW,nem,NSW1
2017-10-12 21:20:00,0.0,solar_utility,MW,nem,NSW1
2017-10-12 21:25:00,0.0,solar_utility,MW,nem,NSW1
2017-10-12 21:30:00,0.0,solar_utility,MW,nem,NSW1
2017-10-12 21:35:00,0.0,solar_utility,MW,nem,NSW1
2017-10-12 21:40:00,0.0,solar_utility,MW,nem,NSW1
2017-10-12 21:45:00,0.0,solar_utility,MW,nem,NSW1
2017-10-12 21:50:00,0.0,solar_utility,MW,nem,NSW1
2017-10-12 21:55:00,0.0,solar_utility,MW,nem,NSW1
2017-10-12 22:00:00,0.0,solar_utility,MW,nem,NSW1
2017-10-12 22:05:00,0.0,solar_utility,MW,nem,NSW1
2017-10-12 22:10:00,0.0,solar_utility,MW,nem,NSW1
2017-10-12 22:15:00,0.0,solar_utility,MW,nem,NSW1
2017-10-12 22:20:00,0.0,solar_utility,MW,nem,NSW1
2017-10-12 22:25:00,0.0,solar_utility,MW,nem,NSW1
2017-10-12 22:30:00,0.0,solar_utility,MW,nem,NSW1
2017-10-12 22:35:00,0.0,solar_utility,MW,nem,NSW1
2017-10-12 22:40:00,0.0,solar_utility,MW,nem,NSW1
2017-10-12 22:45:00,0.0,solar_utility,MW,nem,NSW1
2017-10-12 22:50:00,0.0,solar_utility,MW,nem,NSW1
2017-10-12 22:55:00,0.0,solar_utility,MW,nem,NSW1
2017-10-12 23:00:00,0.0,solar_utility,MW,nem,NSW1
2017-10-12 23:05:00,0.0,solar_utility,MW,nem,NSW1
2017-10-12 23:10:00,0.0,solar_utility,MW,nem,NSW1
2017-10-12 23:15:00,0.0,solar_utility,MW,nem,NSW1
2017-10-12 23:20:00,0.0,solar_utility,MW,nem,NSW1
2017-10-12 23:25:00,0.0,solar_utility,MW,nem,NSW1
2017-10-12 23:30:00,0.0,solar_utility,MW,nem,NSW1
2017-10-12 23:35:00,0.0,solar_utility,MW,nem,NSW1
2017-10-12 23:40:00,0.0,solar_utility,MW,nem,NSW1
2017-10-12 23:45:00,0.0,solar_utility,MW,nem,NSW1
2017-10-12 23:50:00,0.0,solar_utility,MW,nem,NSW1
2017-10-12 23:55:00,0.0,solar_utility,MW,nem,NSW1
2017-10-13 00:00:00,0.0,solar_utility,MW,nem,NSW1
2017-10-13 00:05:00,0.0,solar_utility,MW,nem,NSW1
2017-10-13 00:10:00,0.0,solar_utility,MW,nem,NSW1
2017-10-13 00:15:00,0.0,solar_utility,MW,nem,NSW1
2017-10-13 00:20:00,0.0,solar_utility,MW,nem,NSW1
2017-10-13 00:25:00,0.0,solar_utility,MW,nem,NSW1
2017-10-13 00:30:00,0.0,solar_utility,MW,nem,NSW1
2017-10-13 00:35:00,0.0,solar_utility,MW,nem,NSW1
2017-10-13 00:40:00,0.0,solar_utility,MW,nem,NSW1
2017-10-13 00:45:00,0.0,solar_utility,MW,nem,NSW1
2017-10-13 00:50:00,0.0,solar_utility,MW,nem,NSW1
2017-10-13 00:55:00,0.0,solar_utility,MW,nem,NSW1
2017-10-13 01:00:00,0.0,solar_utility,MW,nem,NSW1
2017-10-13 01:05:00,0.0,solar_utility,MW,nem,NSW1
2017-10-13 01:10:00,0.0,solar_utility,MW,nem,NSW1
2017-10-13 01:15:00,0.0,solar_utility,MW,nem,NSW1
2017-10-13 01:20:00,0.0,solar_utility,MW,nem,NSW1
2017-10-13 01:25:00,0.0,solar_utility,MW,nem,NSW1
2017-10-13 01:30:00,0.0,solar_utility,MW,nem,NSW1
2017-10-13 01:35:00,0.0,solar_utility,MW,nem,NSW1
2017-10-13 01:40:00,0.0,solar_utility,MW,nem,NSW1
2017-10-13 01:45:00,0.0,solar_utility,MW,nem,NSW1
2017-10-13 01:50:00,0.0,solar_utility,MW,nem,NSW1
2017-10-13 01:55:00,0.0,solar_utility,MW,nem,NSW1
2017-10-13 02:00:00,0.0,solar_utility,MW,nem,NSW1
2017-10-13 02:05:00,0.0,solar_utility,MW,nem,NSW1
2017-10-13 02:10:00,0.0,solar_utility,MW,nem,NSW1
2017-10-13 02:15:00,0.0,solar_utility,MW,nem,NSW1
2017-10-13 02:20:00,0.0,solar_utility,MW,nem,NSW1
2017-10-13 02:25:00,0.0,solar_utility,MW,nem,NSW1
2017-10-13 02:30:00,0.0,solar_utility,MW,nem,NSW1
2017-10-13 02:35:00,0.0,solar_utility,MW,nem,NSW1
2017-10-13 02:40:00,0.0,solar_utility,MW,nem,NSW1
2017-10-13 02:45:00,0.0,solar_utility,MW,nem,NSW1
2017-10-13 02:50:00,0.0,solar_utility,MW,nem,NSW1
2017-10-13 02:55:00,0.0,solar_utility,MW,nem,NSW1
2017-10-13 03:00:00,0.0,solar_utility,MW,nem,NSW1
2017-10-13 03:05:00,0.0,solar_utility,MW,nem,NSW1
2017-10-13 03:10:00,0.0,solar_utility,MW,nem,NSW1
2017-10-13 03:15:00,0.0,solar_utility,MW,nem,NSW1
2017-10-13 03:20:00,0.0,solar_utility,MW,nem,NSW1
2017-10-13 03:25:00,0.0,solar_utility,MW,nem,NSW1
2017-10-13 03:30:00,0.0,solar_utility,MW,nem,NSW1
2017-10-13 03:35:00,0.0,solar_utility,MW,nem,NSW1
2017-10-13 03:40:00,0.0,solar_utility,MW,nem,NSW1
2017-10-13 03:45:00,0.0,solar_utility,MW,nem,NSW1
2017-10-13 03:50:00,0.0,solar_utility,MW,nem,NSW1
2017-10-13 03:55:00,0.0,solar_utility,MW,nem,NSW1
2017-10-13 04:00:00,0.0,solar_utility,MW,nem,NSW1
2017-10-13 04:05:00,0.0,solar_utility,MW,nem,NSW1
2017-10-13 04:10:00,0.0,solar_utility,MW,nem,NSW1
2017-10-13 04:15:00,0.0,solar_utility,MW,nem,NSW1
2017-10-13 04:20:00,0.0,solar_utility,MW,nem,NSW1
2017-10-13 04:25:00,0.0,solar_utility,MW,nem,NSW1
2017-10-13 04:30:00,0.0,solar_utility,MW,nem,NSW1
2017-10-13 04:35:00,0.0,solar_utility,MW,nem,NSW1
2017-10-13 04:40:00,0.0,solar_utility,MW,nem,NSW1
2017-10-13 04:45:00,0.0,solar_utility,MW,nem,NSW1
2017-10-13 04:50:00,0.0,solar_utility,MW,nem,NSW1
2017-10-13 04:55:00,0.0,solar_utility,MW,nem,NSW1
2017-10-13 05:00:00,0.0,solar_utility,MW,nem,NSW1
2017-10-13 05:05:00,0.0,solar_utility,MW,nem,NSW1
2017-10-13 05:10:00,0.0,solar_utility,MW,nem,NSW1
2017-10-13 05:15:00,0.0,solar_utility,MW,nem,NSW1
2017-10-13 05:20:00,0.0,solar_utility,MW,nem,NSW1
2017-10-13 05:25:00,0.0,solar_utility,MW,nem,NSW1
2017-10-13 05:30:00,0.0,solar_utility,MW,nem,NSW1
2017-10-13 05:35:00,0.0,solar_utility,MW,nem,NSW1
2017-10-13 05:40:00,0.244,solar_utility,MW,nem,NSW1
2017-10-13 05:45:00,1.097,solar_utility,MW,nem,NSW1
2017-10-13 05:50:00,1.794,solar_utility,MW,nem,NSW1
2017-10-13 05:55:00,4.828,solar_utility,MW,nem,NSW1
2017-10-13 06:00:00,9.704,solar_utility,MW,nem,NSW1
2017-10-13 06:05:00,12.59,solar_utility,MW,nem,NSW1
2017-10-13 06:10:00,17.6,solar_utility,MW,nem,NSW1
2017-10-13 06:15:00,23.51,solar_utility,MW,nem,NSW1
2017-10-13 06:20:00,29.34,solar_utility,MW,nem,NSW1
2017-10-13 06:25:00,36.93,solar_utility,MW,nem,NSW1
2017-10-13 06:30:00,44.36,solar_utility,MW,nem,NSW1
2017-10-13 06:35:00,52.21,solar_utility,MW,nem,NSW1
2017-10-13 06:40:00,59.88,solar_utility,MW,nem,NSW1
2017-10-13 06:45:00,67.73,solar_utility,MW,nem,NSW1
2017-10-13 06:50:00,75.52,solar_utility,MW,nem,NSW1
2017-10-13 06:55:00,83.71,solar_utility,MW,nem,NSW1
2017-10-13 07:00:00,91.46,solar_utility,MW,nem,NSW1
2017-10-13 07:05:00,98.27,solar_utility,MW,nem,NSW1
2017-10-13 07:10:00,104.2,solar_utility,MW,nem,NSW1
2017-10-13 07:15:00,109.8,solar_utility,MW,nem,NSW1
2017-10-13 07:20:00,116.1,solar_utility,MW,nem,NSW1
2017-10-13 07:25:00,121.8,solar_utility,MW,nem,NSW1
2017-10-13 07:30:00,127.6,solar_utility,MW,nem,NSW1
2017-10-13 07:35:00,133.6,solar_utility,MW,nem,NSW1
2017-10-13 07:40:00,139.2,solar_utility,MW,nem,NSW1
2017-10-13 07:45:00,144.6,solar_utility,MW,nem,NSW1
2017-10-13 07:50:00,150.0,solar_utility,MW,nem,NSW1
2017-10-13 07:55:00,155.3,solar_utility,MW,nem,NSW1
2017-10-13 08:00:00,160.5,solar_utility,MW,nem,NSW1
2017-10-13 08:05:00,165.3,solar_utility,MW,nem,NSW1
2017-10-13 08:10:00,170.6,solar_utility,MW,nem,NSW1
2017-10-13 08:15:00,175.9,solar_utility,MW,nem,NSW1
2017-10-13 08:20:00,180.8,solar_utility,MW,nem,NSW1
2017-10-13 08:25:00,185.5,solar_utility,MW,nem,NSW1
2017-10-13 08:30:00,190.5,solar_utility,MW,nem,NSW1
2017-10-13 08:35:00,195.5,solar_utility,MW,nem,NSW1
2017-10-13 08:40:00,199.6,solar_utility,MW,nem,NSW1
2017-10-13 08:45:00,203.4,solar_utility,MW,nem,NSW1
2017-10-13 08:50:00,207.8,solar_utility,MW,nem,NSW1
2017-10-13 08:55:00,211.5,solar_utility,MW,nem,NSW1
2017-10-13 09:00:00,215.7,solar_utility,MW,nem,NSW1
2017-10-13 09:05:00,219.3,solar_utility,MW,nem,NSW1
2017-10-13 09:10:00,222.9,solar_utility,MW,nem,NSW1
2017-10-13 09:15:00,226.3,solar_utility,MW,nem,NSW1
2017-10-13 09:20:00,229.8,solar_utility,MW,nem,NSW1
2017-10-13 09:25:00,233.1,solar_utility,MW,nem,NSW1
2017-10-13 09:30:00,236.7,solar_utility,MW,nem,NSW1
2017-10-13 09:35:00,239.6,solar_utility,MW,nem,NSW1
2017-10-13 09:40:00,241.4,solar_utility,MW,nem,NSW1
2017-10-13 09:45:00,244.2,solar_utility,MW,nem,NSW1
2017-10-13 09:50:00,246.1,solar_utility,MW,nem,NSW1
2017-10-13 09:55:00,247.7,solar_utility,MW,nem,NSW1
2017-10-13 10:00:00,248.5,solar_utility,MW,nem,NSW1
2017-10-13 10:05:00,250.0,solar_utility,MW,nem,NSW1
2017-10-13 10:10:00,250.6,solar_utility,MW,nem,NSW1
2017-10-13 10:15:00,250.6,solar_utility,MW,nem,NSW1
2017-10-13 10:20:00,250.5,solar_utility,MW,nem,NSW1
2017-10-13 10:25:00,251.0,solar_utility,MW,nem,NSW1
2017-10-13 10:30:00,250.8,solar_utility,MW,nem,NSW1
2017-10-13 10:35:00,250.9,solar_utility,MW,nem,NSW1
2017-10-13 10:40:00,251.1,solar_utility,MW,nem,NSW1
2017-10-13 10:45:00,251.4,solar_utility,MW,nem,NSW1
2017-10-13 10:50:00,250.7,solar_utility,MW,nem,NSW1
2017-10-13 10:55:00,251.4,solar_utility,MW,nem,NSW1
2017-10-13 11:00:00,251.4,solar_utility,MW,nem,NSW1
2017-10-13 11:05:00,251.2,solar_utility,MW,nem,NSW1
2017-10-13 11:10:00,251.2,solar_utility,MW,nem,NSW1
2017-10-13 11:15:00,250.8,solar_utility,MW,nem,NSW1
2017-10-13 11:20:00,250.8,solar_utility,MW,nem,NSW1
2017-10-13 11:25:00,251.2,solar_utility,MW,nem,NSW1
2017-10-13 11:30:00,250.9,solar_utility,MW,nem,NSW1
2017-10-13 11:35:00,251.0,solar_utility,MW,nem,NSW1
2017-10-13 11:40:00,250.5,solar_utility,MW,nem,NSW1
2017-10-13 11:45:00,250.6,solar_utility,MW,nem,NSW1
2017-10-13 11:50:00,251.0,solar_utility,MW,nem,NSW1
2017-10-13 11:55:00,251.1,solar_utility,MW,nem,NSW1
2017-10-13 12:00:00,250.8,solar_utility,MW,nem,NSW1
2017-10-13 12:05:00,250.7,solar_utility,MW,nem,NSW1
2017-10-13 12:10:00,250.9,solar_utility,MW,nem,NSW1
2017-10-13 12:15:00,251.4,solar_utility,MW,nem,NSW1
2017-10-13 12:20:00,250.7,solar_utility,MW,nem,NSW1
2017-10-13 12:25:00,250.6,solar_utility,MW,nem,NSW1
2017-10-13 12:30:00,250.7,solar_utility,MW,nem,NSW1
2017-10-13 12:35:00,251.1,solar_utility,MW,nem,NSW1
2017-10-13 12:40:00,250.5,solar_utility,MW,nem,NSW1
2017-10-13 12:45:00,251.1,solar_utility,MW,nem,NSW1
2017-10-13 12:50:00,248.9,solar_utility,MW,nem,NSW1
2017-10-13 12:55:00,250.9,solar_utility,MW,nem,NSW1
2017-10-13 13:00:00,249.6,solar_utility,MW,nem,NSW1
2017-10-13 13:05:00,249.6,solar_utility,MW,nem,NSW1
2017-10-13 13:10:00,250.3,solar_utility,MW,nem,NSW1
2017-10-13 13:15:00,249.7,solar_utility,MW,nem,NSW1
2017-10-13 13:20:00,249.9,solar_utility,MW,nem,NSW1
2017-10-13 13:25:00,249.5,solar_utility,MW,nem,NSW1
2017-10-13 13:30:00,249.0,solar_utility,MW,nem,NSW1
2017-10-13 13:35:00,248.9,solar_utility,MW,nem,NSW1
2017-10-13 13:40:00,248.3,solar_utility,MW,nem,NSW1
2017-10-13 13:45:00,248.9,solar_utility,MW,nem,NSW1
2017-10-13 13:50:00,247.3,solar_utility,MW,nem,NSW1
2017-10-13 13:55:00,246.3,solar_utility,MW,nem,NSW1
2017-10-13 14:00:00,246.1,solar_utility,MW,nem,NSW1
2017-10-13 14:05:00,247.8,solar_utility,MW,nem,NSW1
2017-10-13 14:10:00,246.1,solar_utility,MW,nem,NSW1
2017-10-13 14:15:00,242.5,solar_utility,MW,nem,NSW1
2017-10-13 14:20:00,242.1,solar_utility,MW,nem,NSW1
2017-10-13 14:25:00,240.3,solar_utility,MW,nem,NSW1
2017-10-13 14:30:00,239.1,solar_utility,MW,nem,NSW1
2017-10-13 14:35:00,236.3,solar_utility,MW,nem,NSW1
2017-10-13 14:40:00,232.7,solar_utility,MW,nem,NSW1
2017-10-13 14:45:00,229.8,solar_utility,MW,nem,NSW1
2017-10-13 14:50:00,227.4,solar_utility,MW,nem,NSW1
2017-10-13 14:55:00,224.6,solar_utility,MW,nem,NSW1
2017-10-13 15:00:00,222.5,solar_utility,MW,nem,NSW1
2017-10-13 15:05:00,218.5,solar_utility,MW,nem,NSW1
2017-10-13 15:10:00,212.7,solar_utility,MW,nem,NSW1
2017-10-13 15:15:00,210.9,solar_utility,MW,nem,NSW1
2017-10-13 15:20:00,207.7,solar_utility,MW,nem,NSW1
2017-10-13 15:25:00,203.5,solar_utility,MW,nem,NSW1
2017-10-13 15:30:00,198.2,solar_utility,MW,nem,NSW1
2017-10-13 15:35:00,193.8,solar_utility,MW,nem,NSW1
2017-10-13 15:40:00,189.1,solar_utility,MW,nem,NSW1
2017-10-13 15:45:00,184.6,solar_utility,MW,nem,NSW1
2017-10-13 15:50:00,180.0,solar_utility,MW,nem,NSW1
2017-10-13 15:55:00,176.4,solar_utility,MW,nem,NSW1
2017-10-13 16:00:00,172.1,solar_utility,MW,nem,NSW1
2017-10-13 16:05:00,165.1,solar_utility,MW,nem,NSW1
2017-10-13 16:10:00,156.9,solar_utility,MW,nem,NSW1
2017-10-13 16:15:00,154.3,solar_utility,MW,nem,NSW1
2017-10-13 16:20:00,148.1,solar_utility,MW,nem,NSW1
2017-10-13 16:25:00,143.3,solar_utility,MW,nem,NSW1
2017-10-13 16:30:00,137.8,solar_utility,MW,nem,NSW1
2017-10-13 16:35:00,131.4,solar_utility,MW,nem,NSW1
2017-10-13 16:40:00,124.7,solar_utility,MW,nem,NSW1
2017-10-13 16:45:00,116.6,solar_utility,MW,nem,NSW1
2017-10-13 16:50:00,107.5,solar_utility,MW,nem,NSW1
2017-10-13 16:55:00,99.64,solar_utility,MW,nem,NSW1
2017-10-13 17:00:00,90.37,solar_utility,MW,nem,NSW1
2017-10-13 17:05:00,80.46,solar_utility,MW,nem,NSW1
2017-10-13 17:10:00,72.45,solar_utility,MW,nem,NSW1
2017-10-13 17:15:00,65.04,solar_utility,MW,nem,NSW1
2017-10-13 17:20:00,57.42,solar_utility,MW,nem,NSW1
2017-10-13 17:25:00,49.79,solar_utility,MW,nem,NSW1
2017-10-13 17:30:00,42.0,solar_utility,MW,nem,NSW1
2017-10-13 17:35:00,34.75,solar_utility,MW,nem,NSW1
2017-10-13 17:40:00,27.58,solar_utility,MW,nem,NSW1
2017-10-13 17:45:00,19.07,solar_utility,MW,nem,NSW1
2017-10-13 17:50:00,13.06,solar_utility,MW,nem,NSW1
2017-10-13 17:55:00,10.47,solar_utility,MW,nem,NSW1
2017-10-13 18:00:00,8.036,solar_utility,MW,nem,NSW1
2017-10-13 18:05:00,6.255,solar_utility,MW,nem,NSW1
2017-10-13 18:10:00,4.337,solar_utility,MW,nem,NSW1
2017-10-13 18:15:00,2.452,solar_utility,MW,nem,NSW1
2017-10-13 18:20:00,1.735,solar_utility,MW,nem,NSW1
2017-10-13 18:25:00,1.326,solar_utility,MW,nem,NSW1
2017-10-13 18:30:00,0.199,solar_utility,MW,nem,NSW1
2017-10-13 18:35:00,0.199,solar_utility,MW,nem,NSW1
2017-10-13 18:40:00,0.199,solar_utility,MW,nem,NSW1
2017-10-13 18:45:00,0.199,solar_utility,MW,nem,NSW1
2017-10-13 18:50:00,0.199,solar_utility,MW,nem,NSW1
2017-10-13 18:55:00,0.199,solar_utility,MW,nem,NSW1
2017-10-13 19:00:00,0.199,solar_utility,MW,nem,NSW1
2017-10-13 19:05:00,0.199,solar_utility,MW,nem,NSW1
2017-10-13 19:10:00,0.199,solar_utility,MW,nem,NSW1
2017-10-13 19:15:00,0.199,solar_utility,MW,nem,NSW1
2017-10-13 19:20:00,0.199,solar_utility,MW,nem,NSW1
2017-10-13 19:25:00,0.199,solar_utility,MW,nem,NSW1
2017-10-13 19:30:00,0.199,solar_utility,MW,nem,NSW1
2017-10-13 19:35:00,0.199,solar_utility,MW,nem,NSW1
2017-10-13 19:40:00,0.199,solar_utility,MW,nem,NSW1
2017-10-13 19:45:00,0.199,solar_utility,MW,nem,NSW1
2017-10-13 19:50:00,0.199,solar_utility,MW,nem,NSW1
2017-10-13 19:55:00,0.199,solar_utility,MW,nem,NSW1
2017-10-13 20:00:00,0.199,solar_utility,MW,nem,NSW1
2017-10-13 20:05:00,0.199,solar_utility,MW,nem,NSW1
2017-10-13 20:10:00,0.199,solar_utility,MW,nem,NSW1
2017-10-13 20:15:00,0.199,solar_utility,MW,nem,NSW1
2017-10-13 20:20:00,0.199,solar_utility,MW,nem,NSW1
2017-10-13 20:25:00,0.199,solar_utility,MW,nem,NSW1
2017-10-13 20:30:00,0.199,solar_utility,MW,nem,NSW1
2017-10-13 20:35:00,0.199,solar_utility,MW,nem,NSW1
2017-10-13 20:40:00,0.199,solar_utility,MW,nem,NSW1
2017-10-13 20:45:00,0.199,solar_utility,MW,nem,NSW1
2017-10-13 20:50:00,0.199,solar_utility,MW,nem,NSW1
2017-10-13 20:55:00,0.199,solar_utility,MW,nem,NSW1
2017-10-13 21:00:00,0.199,solar_utility,MW,nem,NSW1
2017-10-13 21:05:00,0.199,solar_utility,MW,nem,NSW1
2017-10-13 21:10:00,0.199,solar_utility,MW,nem,NSW1
2017-10-13 21:15:00,0.199,solar_utility,MW,nem,NSW1
2017-10-13 21:20:00,0.199,solar_utility,MW,nem,NSW1
2017-10-13 21:25:00,0.199,solar_utility,MW,nem,NSW1
2017-10-13 21:30:00,0.199,solar_utility,MW,nem,NSW1
2017-10-13 21:35:00,0.199,solar_utility,MW,nem,NSW1
2017-10-13 21:40:00,0.199,solar_utility,MW,nem,NSW1
2017-10-13 21:45:00,0.199,solar_utility,MW,nem,NSW1
2017-10-13 21:50:00,0.199,solar_utility,MW,nem,NSW1
2017-10-13 21:55:00,0.199,solar_utility,MW,nem,NSW1
2017-10-13 22:00:00,0.199,solar_utility,MW,nem,NSW1
2017-10-13 22:05:00,0.199,solar_utility,MW,nem,NSW1
2017-10-13 22:10:00,0.199,solar_utility,MW,nem,NSW1
2017-10-13 22:15:00,0.199,solar_utility,MW,nem,NSW1
2017-10-13 22:20:00,0.199,solar_utility,MW,nem,NSW1
2017-10-13 22:25:00,0.199,solar_utility,MW,nem,NSW1
2017-10-13 22:30:00,0.199,solar_utility,MW,nem,NSW1
2017-10-13 22:35:00,0.199,solar_utility,MW,nem,NSW1
2017-10-13 22:40:00,0.199,solar_utility,MW,nem,NSW1
2017-10-13 22:45:00,0.199,solar_utility,MW,nem,NSW1
2017-10-13 22:50:00,0.199,solar_utility,MW,nem,NSW1
2017-10-13 22:55:00,0.199,solar_utility,MW,nem,NSW1
2017-10-13 23:00:00,0.199,solar_utility,MW,nem,NSW1
2017-10-13 23:05:00,0.199,solar_utility,MW,nem,NSW1
2017-10-13 23:10:00,0.199,solar_utility,MW,nem,NSW1
2017-10-13 23:15:00,0.199,solar_utility,MW,nem,NSW1
2017-10-13 23:20:00,0.199,solar_utility,MW,nem,NSW1
2017-10-13 23:25:00,0.199,solar_utility,MW,nem,NSW1
2017-10-13 23:30:00,0.199,solar_utility,MW,nem,NSW1
2017-10-13 23:35:00,0.199,solar_utility,MW,nem,NSW1
2017-10-13 23:40:00,0.199,solar_utility,MW,nem,NSW1
2017-10-13 23:45:00,0.199,solar_utility,MW,nem,NSW1
2017-10-13 23:50:00,0.199,solar_utility,MW,nem,NSW1
2017-10-13 23:55:00,0.199,solar_utility,MW,nem,NSW1
2017-10-14 00:00:00,0.199,solar_utility,MW,nem,NSW1
2017-10-14 00:05:00,0.199,solar_utility,MW,nem,NSW1
2017-10-14 00:10:00,0.199,solar_utility,MW,nem,NSW1
2017-10-14 00:15:00,0.199,solar_utility,MW,nem,NSW1
2017-10-14 00:20:00,0.199,solar_utility,MW,nem,NSW1
2017-10-14 00:25:00,0.199,solar_utility,MW,nem,NSW1
2017-10-14 00:30:00,0.199,solar_utility,MW,nem,NSW1
2017-10-14 00:35:00,0.199,solar_utility,MW,nem,NSW1
2017-10-14 00:40:00,0.199,solar_utility,MW,nem,NSW1
2017-10-14 00:45:00,0.199,solar_utility,MW,nem,NSW1
2017-10-14 00:50:00,0.199,solar_utility,MW,nem,NSW1
2017-10-14 00:55:00,0.199,solar_utility,MW,nem,NSW1
2017-10-14 01:00:00,0.199,solar_utility,MW,nem,NSW1
2017-10-14 01:05:00,0.199,solar_utility,MW,nem,NSW1
2017-10-14 01:10:00,0.199,solar_utility,MW,nem,NSW1
2017-10-14 01:15:00,0.199,solar_utility,MW,nem,NSW1
2017-10-14 01:20:00,0.199,solar_utility,MW,nem,NSW1
2017-10-14 01:25:00,0.199,solar_utility,MW,nem,NSW1
2017-10-14 01:30:00,0.199,solar_utility,MW,nem,NSW1
2017-10-14 01:35:00,0.199,solar_utility,MW,nem,NSW1
2017-10-14 01:40:00,0.199,solar_utility,MW,nem,NSW1
2017-10-14 01:45:00,0.199,solar_utility,MW,nem,NSW1
2017-10-14 01:50:00,0.199,solar_utility,MW,nem,NSW1
2017-10-14 01:55:00,0.199,solar_utility,MW,nem,NSW1
2017-10-14 02:00:00,0.199,solar_utility,MW,nem,NSW1
2017-10-14 02:05:00,0.199,solar_utility,MW,nem,NSW1
2017-10-14 02:10:00,0.199,solar_utility,MW,nem,NSW1
2017-10-14 02:15:00,0.199,solar_utility,MW,nem,NSW1
2017-10-14 02:20:00,0.199,solar_utility,MW,nem,NSW1
2017-10-14 02:25:00,0.199,solar_utility,MW,nem,NSW1
2017-10-14 02:30:00,0.199,solar_utility,MW,nem,NSW1
2017-10-14 02:35:00,0.199,solar_utility,MW,nem,NSW1
2017-10-14 02:40:00,0.199,solar_utility,MW,nem,NSW1
2017-10-14 02:45:00,0.199,solar_utility,MW,nem,NSW1
2017-10-14 02:50:00,0.199,solar_utility,MW,nem,NSW1
2017-10-14 02:55:00,0.199,solar_utility,MW,nem,NSW1
2017-10-14 03:00:00,0.199,solar_utility,MW,nem,NSW1
2017-10-14 03:05:00,0.199,solar_utility,MW,nem,NSW1
2017-10-14 03:10:00,0.199,solar_utility,MW,nem,NSW1
2017-10-14 03:15:00,0.199,solar_utility,MW,nem,NSW1
2017-10-14 03:20:00,0.199,solar_utility,MW,nem,NSW1
2017-10-14 03:25:00,0.199,solar_utility,MW,nem,NSW1
2017-10-14 03:30:00,0.199,solar_utility,MW,nem,NSW1
2017-10-14 03:35:00,0.199,solar_utility,MW,nem,NSW1
2017-10-14 03:40:00,0.199,solar_utility,MW,nem,NSW1
2017-10-14 03:45:00,0.199,solar_utility,MW,nem,NSW1
2017-10-14 03:50:00,0.199,solar_utility,MW,nem,NSW1
2017-10-14 03:55:00,0.199,solar_utility,MW,nem,NSW1
2017-10-14 04:00:00,0.199,solar_utility,MW,nem,NSW1
2017-10-14 04:05:00,0.199,solar_utility,MW,nem,NSW1
2017-10-14 04:10:00,0.199,solar_utility,MW,nem,NSW1
2017-10-14 04:15:00,0.199,solar_utility,MW,nem,NSW1
2017-10-14 04:20:00,0.199,solar_utility,MW,nem,NSW1
2017-10-14 04:25:00,0.199,solar_utility,MW,nem,NSW1
2017-10-14 04:30:00,0.199,solar_utility,MW,nem,NSW1
2017-10-14 04:35:00,0.199,solar_utility,MW,nem,NSW1
2017-10-14 04:40:00,0.199,solar_utility,MW,nem,NSW1
2017-10-14 04:45:00,0.199,solar_utility,MW,nem,NSW1
2017-10-14 04:50:00,0.199,solar_utility,MW,nem,NSW1
2017-10-14 04:55:00,0.199,solar_utility,MW,nem,NSW1
2017-10-14 05:00:00,0.199,solar_utility,MW,nem,NSW1
2017-10-14 05:05:00,0.199,solar_utility,MW,nem,NSW1
2017-10-14 05:10:00,0.199,solar_utility,MW,nem,NSW1
2017-10-14 05:15:00,0.199,solar_utility,MW,nem,NSW1
2017-10-14 05:20:00,0.199,solar_utility,MW,nem,NSW1
2017-10-14 05:25:00,0.199,solar_utility,MW,nem,NSW1
2017-10-14 05:30:00,0.199,solar_utility,MW,nem,NSW1
2017-10-14 05:35:00,0.199,solar_utility,MW,nem,NSW1
2017-10-14 05:40:00,0.199,solar_utility,MW,nem,NSW1
2017-10-14 05:45:00,0.199,solar_utility,MW,nem,NSW1
2017-10-14 05:50:00,0.631,solar_utility,MW,nem,NSW1
2017-10-14 05:55:00,2.095,solar_utility,MW,nem,NSW1
2017-10-14 06:00:00,6.429,solar_utility,MW,nem,NSW1
2017-10-14 06:05:00,9.351,solar_utility,MW,nem,NSW1
2017-10-14 06:10:00,14.43,solar_utility,MW,nem,NSW1
2017-10-14 06:15:00,20.08,solar_utility,MW,nem,NSW1
2017-10-14 06:20:00,25.57,solar_utility,MW,nem,NSW1
2017-10-14 06:25:00,31.86,solar_utility,MW,nem,NSW1
2017-10-14 06:30:00,37.22,solar_utility,MW,nem,NSW1
2017-10-14 06:35:00,44.66,solar_utility,MW,nem,NSW1
2017-10-14 06:40:00,51.77,solar_utility,MW,nem,NSW1
2017-10-14 06:45:00,58.89,solar_utility,MW,nem,NSW1
2017-10-14 06:50:00,66.68,solar_utility,MW,nem,NSW1
2017-10-14 06:55:00,73.69,solar_utility,MW,nem,NSW1
2017-10-14 07:00:00,80.63,solar_utility,MW,nem,NSW1
2017-10-14 07:05:00,86.32,solar_utility,MW,nem,NSW1
2017-10-14 07:10:00,90.65,solar_utility,MW,nem,NSW1
2017-10-14 07:15:00,95.27,solar_utility,MW,nem,NSW1
2017-10-14 07:20:00,100.7,solar_utility,MW,nem,NSW1
2017-10-14 07:25:00,105.7,solar_utility,MW,nem,NSW1
2017-10-14 07:30:00,110.6,solar_utility,MW,nem,NSW1
2017-10-14 07:35:00,116.0,solar_utility,MW,nem,NSW1
2017-10-14 07:40:00,120.7,solar_utility,MW,nem,NSW1
2017-10-14 07:45:00,124.8,solar_utility,MW,nem,NSW1
2017-10-14 07:50:00,129.9,solar_utility,MW,nem,NSW1
2017-10-14 07:55:00,135.9,solar_utility,MW,nem,NSW1
2017-10-14 08:00:00,140.2,solar_utility,MW,nem,NSW1
2017-10-14 08:05:00,144.2,solar_utility,MW,nem,NSW1
2017-10-14 08:10:00,148.7,solar_utility,MW,nem,NSW1
2017-10-14 08:15:00,152.9,solar_utility,MW,nem,NSW1
2017-10-14 08:20:00,156.7,solar_utility,MW,nem,NSW1
2017-10-14 08:25:00,163.7,solar_utility,MW,nem,NSW1
2017-10-14 08:30:00,168.1,solar_utility,MW,nem,NSW1
2017-10-14 08:35:00,172.4,solar_utility,MW,nem,NSW1
2017-10-14 08:40:00,175.8,solar_utility,MW,nem,NSW1
2017-10-14 08:45:00,179.7,solar_utility,MW,nem,NSW1
2017-10-14 08:50:00,184.4,solar_utility,MW,nem,NSW1
2017-10-14 08:55:00,186.9,solar_utility,MW,nem,NSW1
2017-10-14 09:00:00,190.4,solar_utility,MW,nem,NSW1
2017-10-14 09:05:00,193.1,solar_utility,MW,nem,NSW1
2017-10-14 09:10:00,195.4,solar_utility,MW,nem,NSW1
2017-10-14 09:15:00,197.3,solar_utility,MW,nem,NSW1
2017-10-14 09:20:00,199.7,solar_utility,MW,nem,NSW1
2017-10-14 09:25:00,202.6,solar_utility,MW,nem,NSW1
2017-10-14 09:30:00,206.2,solar_utility,MW,nem,NSW1
2017-10-14 09:35:00,209.2,solar_utility,MW,nem,NSW1
2017-10-14 09:40:00,211.6,solar_utility,MW,nem,NSW1
2017-10-14 09:45:00,214.2,solar_utility,MW,nem,NSW1
2017-10-14 09:50:00,216.2,solar_utility,MW,nem,NSW1
2017-10-14 09:55:00,216.5,solar_utility,MW,nem,NSW1
2017-10-14 10:00:00,208.6,solar_utility,MW,nem,NSW1
2017-10-14 10:05:00,191.1,solar_utility,MW,nem,NSW1
2017-10-14 10:10:00,211.0,solar_utility,MW,nem,NSW1
2017-10-14 10:15:00,196.0,solar_utility,MW,nem,NSW1
2017-10-14 10:20:00,184.5,solar_utility,MW,nem,NSW1
2017-10-14 10:25:00,201.5,solar_utility,MW,nem,NSW1
2017-10-14 10:30:00,192.2,solar_utility,MW,nem,NSW1
2017-10-14 10:35:00,217.1,solar_utility,MW,nem,NSW1
2017-10-14 10:40:00,217.5,solar_utility,MW,nem,NSW1
2017-10-14 10:45:00,215.4,solar_utility,MW,nem,NSW1
2017-10-14 10:50:00,200.5,solar_utility,MW,nem,NSW1
2017-10-14 10:55:00,207.3,solar_utility,MW,nem,NSW1
2017-10-14 11:00:00,210.0,solar_utility,MW,nem,NSW1
2017-10-14 11:05:00,210.1,solar_utility,MW,nem,NSW1
2017-10-14 11:10:00,211.1,solar_utility,MW,nem,NSW1
2017-10-14 11:15:00,202.8,solar_utility,MW,nem,NSW1
2017-10-14 11:20:00,213.5,solar_utility,MW,nem,NSW1
2017-10-14 11:25:00,215.5,solar_utility,MW,nem,NSW1
2017-10-14 11:30:00,208.1,solar_utility,MW,nem,NSW1
2017-10-14 11:35:00,226.7,solar_utility,MW,nem,NSW1
2017-10-14 11:40:00,221.5,solar_utility,MW,nem,NSW1
2017-10-14 11:45:00,215.0,solar_utility,MW,nem,NSW1
2017-10-14 11:50:00,220.8,solar_utility,MW,nem,NSW1
2017-10-14 11:55:00,196.0,solar_utility,MW,nem,NSW1
2017-10-14 12:00:00,211.8,solar_utility,MW,nem,NSW1
2017-10-14 12:05:00,223.4,solar_utility,MW,nem,NSW1
2017-10-14 12:10:00,216.6,solar_utility,MW,nem,NSW1
2017-10-14 12:15:00,220.1,solar_utility,MW,nem,NSW1
2017-10-14 12:20:00,225.5,solar_utility,MW,nem,NSW1
2017-10-14 12:25:00,226.1,solar_utility,MW,nem,NSW1
2017-10-14 12:30:00,228.3,solar_utility,MW,nem,NSW1
2017-10-14 12:35:00,224.3,solar_utility,MW,nem,NSW1
2017-10-14 12:40:00,223.3,solar_utility,MW,nem,NSW1
2017-10-14 12:45:00,222.8,solar_utility,MW,nem,NSW1
2017-10-14 12:50:00,222.0,solar_utility,MW,nem,NSW1
2017-10-14 12:55:00,222.9,solar_utility,MW,nem,NSW1
2017-10-14 13:00:00,221.9,solar_utility,MW,nem,NSW1
2017-10-14 13:05:00,221.9,solar_utility,MW,nem,NSW1
2017-10-14 13:10:00,215.6,solar_utility,MW,nem,NSW1
2017-10-14 13:15:00,204.4,solar_utility,MW,nem,NSW1
2017-10-14 13:20:00,220.4,solar_utility,MW,nem,NSW1
2017-10-14 13:25:00,223.0,solar_utility,MW,nem,NSW1
2017-10-14 13:30:00,225.9,solar_utility,MW,nem,NSW1
2017-10-14 13:35:00,224.7,solar_utility,MW,nem,NSW1
2017-10-14 13:40:00,223.9,solar_utility,MW,nem,NSW1
2017-10-14 13:45:00,223.4,solar_utility,MW,nem,NSW1
2017-10-14 13:50:00,207.1,solar_utility,MW,nem,NSW1
2017-10-14 13:55:00,201.9,solar_utility,MW,nem,NSW1
2017-10-14 14:00:00,190.1,solar_utility,MW,nem,NSW1
2017-10-14 14:05:00,173.1,solar_utility,MW,nem,NSW1
2017-10-14 14:10:00,172.3,solar_utility,MW,nem,NSW1
2017-10-14 14:15:00,174.5,solar_utility,MW,nem,NSW1
2017-10-14 14:20:00,180.1,solar_utility,MW,nem,NSW1
2017-10-14 14:25:00,177.1,solar_utility,MW,nem,NSW1
2017-10-14 14:30:00,187.1,solar_utility,MW,nem,NSW1
2017-10-14 14:35:00,177.8,solar_utility,MW,nem,NSW1
2017-10-14 14:40:00,163.9,solar_utility,MW,nem,NSW1
2017-10-14 14:45:00,169.9,solar_utility,MW,nem,NSW1
2017-10-14 14:50:00,162.2,solar_utility,MW,nem,NSW1
2017-10-14 14:55:00,170.8,solar_utility,MW,nem,NSW1
2017-10-14 15:00:00,170.4,solar_utility,MW,nem,NSW1
2017-10-14 15:05:00,138.3,solar_utility,MW,nem,NSW1
2017-10-14 15:10:00,159.8,solar_utility,MW,nem,NSW1
2017-10-14 15:15:00,158.2,solar_utility,MW,nem,NSW1
2017-10-14 15:20:00,132.2,solar_utility,MW,nem,NSW1
2017-10-14 15:25:00,105.3,solar_utility,MW,nem,NSW1
2017-10-14 15:30:00,134.4,solar_utility,MW,nem,NSW1
2017-10-14 15:35:00,130.5,solar_utility,MW,nem,NSW1
2017-10-14 15:40:00,117.3,solar_utility,MW,nem,NSW1
2017-10-14 15:45:00,135.6,solar_utility,MW,nem,NSW1
2017-10-14 15:50:00,146.2,solar_utility,MW,nem,NSW1
2017-10-14 15:55:00,125.6,solar_utility,MW,nem,NSW1
2017-10-14 16:00:00,91.27,solar_utility,MW,nem,NSW1
2017-10-14 16:05:00,111.0,solar_utility,MW,nem,NSW1
2017-10-14 16:10:00,113.0,solar_utility,MW,nem,NSW1
2017-10-14 16:15:00,103.6,solar_utility,MW,nem,NSW1
2017-10-14 16:20:00,97.39,solar_utility,MW,nem,NSW1
2017-10-14 16:25:00,65.19,solar_utility,MW,nem,NSW1
2017-10-14 16:30:00,75.29,solar_utility,MW,nem,NSW1
2017-10-14 16:35:00,87.6,solar_utility,MW,nem,NSW1
2017-10-14 16:40:00,58.84,solar_utility,MW,nem,NSW1
2017-10-14 16:45:00,50.77,solar_utility,MW,nem,NSW1
2017-10-14 16:50:00,47.91,solar_utility,MW,nem,NSW1
2017-10-14 16:55:00,45.05,solar_utility,MW,nem,NSW1
2017-10-14 17:00:00,52.85,solar_utility,MW,nem,NSW1
2017-10-14 17:05:00,53.92,solar_utility,MW,nem,NSW1
2017-10-14 17:10:00,49.47,solar_utility,MW,nem,NSW1
2017-10-14 17:15:00,43.46,solar_utility,MW,nem,NSW1
2017-10-14 17:20:00,37.29,solar_utility,MW,nem,NSW1
2017-10-14 17:25:00,31.29,solar_utility,MW,nem,NSW1
2017-10-14 17:30:00,25.31,solar_utility,MW,nem,NSW1
2017-10-14 17:35:00,19.88,solar_utility,MW,nem,NSW1
2017-10-14 17:40:00,16.11,solar_utility,MW,nem,NSW1
2017-10-14 17:45:00,14.73,solar_utility,MW,nem,NSW1
2017-10-14 17:50:00,12.05,solar_utility,MW,nem,NSW1
2017-10-14 17:55:00,9.977,solar_utility,MW,nem,NSW1
2017-10-14 18:00:00,8.019,solar_utility,MW,nem,NSW1
2017-10-14 18:05:00,5.622,solar_utility,MW,nem,NSW1
2017-10-14 18:10:00,3.943,solar_utility,MW,nem,NSW1
2017-10-14 18:15:00,2.204,solar_utility,MW,nem,NSW1
2017-10-14 18:20:00,1.693,solar_utility,MW,nem,NSW1
2017-10-14 18:25:00,1.181,solar_utility,MW,nem,NSW1
2017-10-14 18:30:00,0.157,solar_utility,MW,nem,NSW1
2017-10-14 18:35:00,0.157,solar_utility,MW,nem,NSW1
2017-10-14 18:40:00,0.157,solar_utility,MW,nem,NSW1
2017-10-14 18:45:00,0.157,solar_utility,MW,nem,NSW1
2017-10-14 18:50:00,0.157,solar_utility,MW,nem,NSW1
2017-10-14 18:55:00,0.157,solar_utility,MW,nem,NSW1
2017-10-14 19:00:00,0.157,solar_utility,MW,nem,NSW1
2017-10-14 19:05:00,0.157,solar_utility,MW,nem,NSW1
2017-10-14 19:10:00,0.157,solar_utility,MW,nem,NSW1
2017-10-14 19:15:00,0.157,solar_utility,MW,nem,NSW1
2017-10-14 19:20:00,0.157,solar_utility,MW,nem,NSW1
2017-10-14 19:25:00,0.157,solar_utility,MW,nem,NSW1
2017-10-14 19:30:00,0.157,solar_utility,MW,nem,NSW1
2017-10-14 19:35:00,0.157,solar_utility,MW,nem,NSW1
2017-10-14 19:40:00,0.157,solar_utility,MW,nem,NSW1
2017-10-14 19:45:00,0.157,solar_utility,MW,nem,NSW1
2017-10-14 19:50:00,0.157,solar_utility,MW,nem,NSW1
2017-10-14 19:55:00,0.157,solar_utility,MW,nem,NSW1
2017-10-14 20:00:00,0.157,solar_utility,MW,nem,NSW1
2017-10-14 20:05:00,0.157,solar_utility,MW,nem,NSW1
2017-10-14 20:10:00,0.157,solar_utility,MW,nem,NSW1
2017-10-14 20:15:00,0.157,solar_utility,MW,nem,NSW1
2017-10-14 20:20:00,0.157,solar_utility,MW,nem,NSW1
2017-10-14 20:25:00,0.157,solar_utility,MW,nem,NSW1
2017-10-14 20:30:00,0.157,solar_utility,MW,nem,NSW1
2017-10-14 20:35:00,0.157,solar_utility,MW,nem,NSW1
2017-10-14 20:40:00,0.157,solar_utility,MW,nem,NSW1
2017-10-14 20:45:00,0.157,solar_utility,MW,nem,NSW1
2017-10-14 20:50:00,0.157,solar_utility,MW,nem,NSW1
2017-10-14 20:55:00,0.157,solar_utility,MW,nem,NSW1
2017-10-14 21:00:00,0.157,solar_utility,MW,nem,NSW1
2017-10-14 21:05:00,0.157,solar_utility,MW,nem,NSW1
2017-10-14 21:10:00,0.157,solar_utility,MW,nem,NSW1
2017-10-14 21:15:00,0.157,solar_utility,MW,nem,NSW1
2017-10-14 21:20:00,0.157,solar_utility,MW,nem,NSW1
2017-10-14 21:25:00,0.157,solar_utility,MW,nem,NSW1
2017-10-14 21:30:00,0.157,solar_utility,MW,nem,NSW1
2017-10-14 21:35:00,0.157,solar_utility,MW,nem,NSW1
2017-10-14 21:40:00,0.157,solar_utility,MW,nem,NSW1
2017-10-14 21:45:00,0.157,solar_utility,MW,nem,NSW1
2017-10-14 21:50:00,0.157,solar_utility,MW,nem,NSW1
2017-10-14 21:55:00,0.157,solar_utility,MW,nem,NSW1
2017-10-14 22:00:00,0.157,solar_utility,MW,nem,NSW1
2017-10-14 22:05:00,0.157,solar_utility,MW,nem,NSW1
2017-10-14 22:10:00,0.157,solar_utility,MW,nem,NSW1
2017-10-14 22:15:00,0.157,solar_utility,MW,nem,NSW1
2017-10-14 22:20:00,0.157,solar_utility,MW,nem,NSW1
2017-10-14 22:25:00,0.157,solar_utility,MW,nem,NSW1
2017-10-14 22:30:00,0.157,solar_utility,MW,nem,NSW1
2017-10-14 22:35:00,0.157,solar_utility,MW,nem,NSW1
2017-10-14 22:40:00,0.157,solar_utility,MW,nem,NSW1
2017-10-14 22:45:00,0.157,solar_utility,MW,nem,NSW1
2017-10-14 22:50:00,0.157,solar_utility,MW,nem,NSW1
2017-10-14 22:55:00,0.157,solar_utility,MW,nem,NSW1
2017-10-14 23:00:00,0.157,solar_utility,MW,nem,NSW1
2017-10-14 23:05:00,0.157,solar_utility,MW,nem,NSW1
2017-10-14 23:10:00,0.157,solar_utility,MW,nem,NSW1
2017-10-14 23:15:00,0.157,solar_utility,MW,nem,NSW1
2017-10-14 23:20:00,0.157,solar_utility,MW,nem,NSW1
2017-10-14 23:25:00,0.157,solar_utility,MW,nem,NSW1
2017-10-14 23:30:00,0.157,solar_utility,MW,nem,NSW1
2017-10-14 23:35:00,0.157,solar_utility,MW,nem,NSW1
2017-10-14 23:40:00,0.157,solar_utility,MW,nem,NSW1
2017-10-14 23:45:00,0.157,solar_utility,MW,nem,NSW1
2017-10-14 23:50:00,0.157,solar_utility,MW,nem,NSW1
2017-10-14 23:55:00,0.157,solar_utility,MW,nem,NSW1
2017-10-15 00:00:00,0.157,solar_utility,MW,nem,NSW1
2017-10-15 00:05:00,0.157,solar_utility,MW,nem,NSW1
2017-10-15 00:10:00,0.157,solar_utility,MW,nem,NSW1
2017-10-15 00:15:00,0.157,solar_utility,MW,nem,NSW1
2017-10-15 00:20:00,0.157,solar_utility,MW,nem,NSW1
2017-10-15 00:25:00,0.157,solar_utility,MW,nem,NSW1
2017-10-15 00:30:00,0.157,solar_utility,MW,nem,NSW1
2017-10-15 00:35:00,0.157,solar_utility,MW,nem,NSW1
2017-10-15 00:40:00,0.157,solar_utility,MW,nem,NSW1
2017-10-15 00:45:00,0.157,solar_utility,MW,nem,NSW1
2017-10-15 00:50:00,0.157,solar_utility,MW,nem,NSW1
2017-10-15 00:55:00,0.157,solar_utility,MW,nem,NSW1
2017-10-15 01:00:00,0.157,solar_utility,MW,nem,NSW1
2017-10-15 01:05:00,0.157,solar_utility,MW,nem,NSW1
2017-10-15 01:10:00,0.157,solar_utility,MW,nem,NSW1
2017-10-15 01:15:00,0.157,solar_utility,MW,nem,NSW1
2017-10-15 01:20:00,0.157,solar_utility,MW,nem,NSW1
2017-10-15 01:25:00,0.157,solar_utility,MW,nem,NSW1
2017-10-15 01:30:00,0.157,solar_utility,MW,nem,NSW1
2017-10-15 01:35:00,0.157,solar_utility,MW,nem,NSW1
2017-10-15 01:40:00,0.157,solar_utility,MW,nem,NSW1
2017-10-15 01:45:00,0.157,solar_utility,MW,nem,NSW1
2017-10-15 01:50:00,0.157,solar_utility,MW,nem,NSW1
2017-10-15 01:55:00,0.157,solar_utility,MW,nem,NSW1
2017-10-15 02:00:00,0.157,solar_utility,MW,nem,NSW1
2017-10-15 02:05:00,0.157,solar_utility,MW,nem,NSW1
2017-10-15 02:10:00,0.157,solar_utility,MW,nem,NSW1
2017-10-15 02:15:00,0.157,solar_utility,MW,nem,NSW1
2017-10-15 02:20:00,0.157,solar_utility,MW,nem,NSW1
2017-10-15 02:25:00,0.157,solar_utility,MW,nem,NSW1
2017-10-15 02:30:00,0.157,solar_utility,MW,nem,NSW1
2017-10-15 02:35:00,0.157,solar_utility,MW,nem,NSW1
2017-10-15 02:40:00,0.157,solar_utility,MW,nem,NSW1
2017-10-15 02:45:00,0.157,solar_utility,MW,nem,NSW1
2017-10-15 02:50:00,0.157,solar_utility,MW,nem,NSW1
2017-10-15 02:55:00,0.157,solar_utility,MW,nem,NSW1
2017-10-15 03:00:00,0.157,solar_utility,MW,nem,NSW1
2017-10-15 03:05:00,0.157,solar_utility,MW,nem,NSW1
2017-10-15 03:10:00,0.157,solar_utility,MW,nem,NSW1
2017-10-15 03:15:00,0.157,solar_utility,MW,nem,NSW1
2017-10-15 03:20:00,0.157,solar_utility,MW,nem,NSW1
2017-10-15 03:25:00,0.157,solar_utility,MW,nem,NSW1
2017-10-15 03:30:00,0.157,solar_utility,MW,nem,NSW1
2017-10-15 03:35:00,0.157,solar_utility,MW,nem,NSW1
2017-10-15 03:40:00,0.157,solar_utility,MW,nem,NSW1
2017-10-15 03:45:00,0.157,solar_utility,MW,nem,NSW1
2017-10-15 03:50:00,0.157,solar_utility,MW,nem,NSW1
2017-10-15 03:55:00,0.157,solar_utility,MW,nem,NSW1
2017-10-15 04:00:00,0.157,solar_utility,MW,nem,NSW1
2017-10-15 04:05:00,0.157,solar_utility,MW,nem,NSW1
2017-10-15 04:10:00,0.157,solar_utility,MW,nem,NSW1
2017-10-15 04:15:00,0.157,solar_utility,MW,nem,NSW1
2017-10-15 04:20:00,0.157,solar_utility,MW,nem,NSW1
2017-10-15 04:25:00,0.157,solar_utility,MW,nem,NSW1
2017-10-15 04:30:00,0.157,solar_utility,MW,nem,NSW1
2017-10-15 04:35:00,0.157,solar_utility,MW,nem,NSW1
2017-10-15 04:40:00,0.157,solar_utility,MW,nem,NSW1
2017-10-15 04:45:00,0.157,solar_utility,MW,nem,NSW1
2017-10-15 04:50:00,0.157,solar_utility,MW,nem,NSW1
2017-10-15 04:55:00,0.157,solar_utility,MW,nem,NSW1
2017-10-15 05:00:00,0.157,solar_utility,MW,nem,NSW1
2017-10-15 05:05:00,0.157,solar_utility,MW,nem,NSW1
2017-10-15 05:10:00,0.157,solar_utility,MW,nem,NSW1
2017-10-15 05:15:00,0.157,solar_utility,MW,nem,NSW1
2017-10-15 05:20:00,0.157,solar_utility,MW,nem,NSW1
2017-10-15 05:25:00,0.157,solar_utility,MW,nem,NSW1
2017-10-15 05:30:00,0.157,solar_utility,MW,nem,NSW1
2017-10-15 05:35:00,0.157,solar_utility,MW,nem,NSW1
2017-10-15 05:40:00,0.157,solar_utility,MW,nem,NSW1
2017-10-15 05:45:00,0.157,solar_utility,MW,nem,NSW1
2017-10-15 05:50:00,0.157,solar_utility,MW,nem,NSW1
2017-10-15 05:55:00,0.863,solar_utility,MW,nem,NSW1
2017-10-15 06:00:00,2.011,solar_utility,MW,nem,NSW1
2017-10-15 06:05:00,2.972,solar_utility,MW,nem,NSW1
2017-10-15 06:10:00,4.715,solar_utility,MW,nem,NSW1
2017-10-15 06:15:00,7.007,solar_utility,MW,nem,NSW1
2017-10-15 06:20:00,9.285,solar_utility,MW,nem,NSW1
2017-10-15 06:25:00,12.68,solar_utility,MW,nem,NSW1
2017-10-15 06:30:00,14.38,solar_utility,MW,nem,NSW1
2017-10-15 06:35:00,16.51,solar_utility,MW,nem,NSW1
2017-10-15 06:40:00,19.65,solar_utility,MW,nem,NSW1
2017-10-15 06:45:00,22.65,solar_utility,MW,nem,NSW1
2017-10-15 06:50:00,26.53,solar_utility,MW,nem,NSW1
2017-10-15 06:55:00,30.67,solar_utility,MW,nem,NSW1
2017-10-15 07:00:00,34.36,solar_utility,MW,nem,NSW1
2017-10-15 07:05:00,38.46,solar_utility,MW,nem,NSW1
2017-10-15 07:10:00,43.38,solar_utility,MW,nem,NSW1
2017-10-15 07:15:00,48.59,solar_utility,MW,nem,NSW1
2017-10-15 07:20:00,53.63,solar_utility,MW,nem,NSW1
2017-10-15 07:25:00,59.34,solar_utility,MW,nem,NSW1
2017-10-15 07:30:00,65.06,solar_utility,MW,nem,NSW1
2017-10-15 07:35:00,70.53,solar_utility,MW,nem,NSW1
2017-10-15 07:40:00,75.34,solar_utility,MW,nem,NSW1
2017-10-15 07:45:00,80.96,solar_utility,MW,nem,NSW1
2017-10-15 07:50:00,87.31,solar_utility,MW,nem,NSW1
2017-10-15 07:55:00,90.86,solar_utility,MW,nem,NSW1
2017-10-15 08:00:00,94.75,solar_utility,MW,nem,NSW1
2017-10-15 08:05:00,102.8,solar_utility,MW,nem,NSW1
2017-10-15 08:10:00,109.8,solar_utility,MW,nem,NSW1
2017-10-15 08:15:00,111.2,solar_utility,MW,nem,NSW1
2017-10-15 08:20:00,119.5,solar_utility,MW,nem,NSW1
2017-10-15 08:25:00,122.2,solar_utility,MW,nem,NSW1
2017-10-15 08:30:00,130.5,solar_utility,MW,nem,NSW1
2017-10-15 08:35:00,140.6,solar_utility,MW,nem,NSW1
2017-10-15 08:40:00,145.1,solar_utility,MW,nem,NSW1
2017-10-15 08:45:00,141.0,solar_utility,MW,nem,NSW1
2017-10-15 08:50:00,146.7,solar_utility,MW,nem,NSW1
2017-10-15 08:55:00,149.9,solar_utility,MW,nem,NSW1
2017-10-15 09:00:00,155.3,solar_utility,MW,nem,NSW1
2017-10-15 09:05:00,160.4,solar_utility,MW,nem,NSW1
2017-10-15 09:10:00,167.0,solar_utility,MW,nem,NSW1
2017-10-15 09:15:00,174.3,solar_utility,MW,nem,NSW1
2017-10-15 09:20:00,184.7,solar_utility,MW,nem,NSW1
2017-10-15 09:25:00,194.5,solar_utility,MW,nem,NSW1
2017-10-15 09:30:00,202.1,solar_utility,MW,nem,NSW1
2017-10-15 09:35:00,207.5,solar_utility,MW,nem,NSW1
2017-10-15 09:40:00,219.5,solar_utility,MW,nem,NSW1
2017-10-15 09:45:00,227.2,solar_utility,MW,nem,NSW1
2017-10-15 09:50:00,226.0,solar_utility,MW,nem,NSW1
2017-10-15 09:55:00,231.5,solar_utility,MW,nem,NSW1
2017-10-15 10:00:00,235.0,solar_utility,MW,nem,NSW1
2017-10-15 10:05:00,233.7,solar_utility,MW,nem,NSW1
2017-10-15 10:10:00,234.7,solar_utility,MW,nem,NSW1
2017-10-15 10:15:00,240.1,solar_utility,MW,nem,NSW1
2017-10-15 10:20:00,243.7,solar_utility,MW,nem,NSW1
2017-10-15 10:25:00,244.3,solar_utility,MW,nem,NSW1
2017-10-15 10:30:00,241.3,solar_utility,MW,nem,NSW1
2017-10-15 10:35:00,250.3,solar_utility,MW,nem,NSW1
2017-10-15 10:40:00,240.3,solar_utility,MW,nem,NSW1
2017-10-15 10:45:00,236.0,solar_utility,MW,nem,NSW1
2017-10-15 10:50:00,228.6,solar_utility,MW,nem,NSW1
2017-10-15 10:55:00,230.4,solar_utility,MW,nem,NSW1
2017-10-15 11:00:00,232.5,solar_utility,MW,nem,NSW1
2017-10-15 11:05:00,240.6,solar_utility,MW,nem,NSW1
2017-10-15 11:10:00,243.5,solar_utility,MW,nem,NSW1
2017-10-15 11:15:00,245.2,solar_utility,MW,nem,NSW1
2017-10-15 11:20:00,241.8,solar_utility,MW,nem,NSW1
2017-10-15 11:25:00,237.6,solar_utility,MW,nem,NSW1
2017-10-15 11:30:00,250.8,solar_utility,MW,nem,NSW1
2017-10-15 11:35:00,250.1,solar_utility,MW,nem,NSW1
2017-10-15 11:40:00,250.1,solar_utility,MW,nem,NSW1
2017-10-15 11:45:00,243.6,solar_utility,MW,nem,NSW1
2017-10-15 11:50:00,247.1,solar_utility,MW,nem,NSW1
2017-10-15 11:55:00,235.2,solar_utility,MW,nem,NSW1
2017-10-15 12:00:00,230.1,solar_utility,MW,nem,NSW1
2017-10-15 12:05:00,231.9,solar_utility,MW,nem,NSW1
2017-10-15 12:10:00,237.6,solar_utility,MW,nem,NSW1
2017-10-15 12:15:00,231.2,solar_utility,MW,nem,NSW1
2017-10-15 12:20:00,231.9,solar_utility,MW,nem,NSW1
2017-10-15 12:25:00,231.4,solar_utility,MW,nem,NSW1
2017-10-15 12:30:00,238.8,solar_utility,MW,nem,NSW1
2017-10-15 12:35:00,223.6,solar_utility,MW,nem,NSW1
2017-10-15 12:40:00,231.9,solar_utility,MW,nem,NSW1
2017-10-15 12:45:00,229.7,solar_utility,MW,nem,NSW1
2017-10-15 12:50:00,238.7,solar_utility,MW,nem,NSW1
2017-10-15 12:55:00,223.9,solar_utility,MW,nem,NSW1
2017-10-15 13:00:00,220.9,solar_utility,MW,nem,NSW1
2017-10-15 13:05:00,203.4,solar_utility,MW,nem,NSW1
2017-10-15 13:10:00,172.6,solar_utility,MW,nem,NSW1
2017-10-15 13:15:00,199.0,solar_utility,MW,nem,NSW1
2017-10-15 13:20:00,211.7,solar_utility,MW,nem,NSW1
2017-10-15 13:25:00,220.8,solar_utility,MW,nem,NSW1
2017-10-15 13:30:00,215.3,solar_utility,MW,nem,NSW1
2017-10-15 13:35:00,189.9,solar_utility,MW,nem,NSW1
2017-10-15 13:40:00,198.5,solar_utility,MW,nem,NSW1
2017-10-15 13:45:00,225.3,solar_utility,MW,nem,NSW1
2017-10-15 13:50:00,185.6,solar_utility,MW,nem,NSW1
2017-10-15 13:55:00,177.3,solar_utility,MW,nem,NSW1
2017-10-15 14:00:00,197.2,solar_utility,MW,nem,NSW1
2017-10-15 14:05:00,185.8,solar_utility,MW,nem,NSW1
2017-10-15 14:10:00,187.5,solar_utility,MW,nem,NSW1
2017-10-15 14:15:00,179.6,solar_utility,MW,nem,NSW1
2017-10-15 14:20:00,173.5,solar_utility,MW,nem,NSW1
2017-10-15 14:25:00,185.6,solar_utility,MW,nem,NSW1
2017-10-15 14:30:00,199.5,solar_utility,MW,nem,NSW1
2017-10-15 14:35:00,196.3,solar_utility,MW,nem,NSW1
2017-10-15 14:40:00,203.2,solar_utility,MW,nem,NSW1
2017-10-15 14:45:00,177.7,solar_utility,MW,nem,NSW1
2017-10-15 14:50:00,126.0,solar_utility,MW,nem,NSW1
2017-10-15 14:55:00,132.9,solar_utility,MW,nem,NSW1
2017-10-15 15:00:00,162.6,solar_utility,MW,nem,NSW1
2017-10-15 15:05:00,176.7,solar_utility,MW,nem,NSW1
2017-10-15 15:10:00,149.3,solar_utility,MW,nem,NSW1
2017-10-15 15:15:00,111.9,solar_utility,MW,nem,NSW1
2017-10-15 15:20:00,108.0,solar_utility,MW,nem,NSW1
2017-10-15 15:25:00,138.2,solar_utility,MW,nem,NSW1
2017-10-15 15:30:00,161.8,solar_utility,MW,nem,NSW1
2017-10-15 15:35:00,133.5,solar_utility,MW,nem,NSW1
2017-10-15 15:40:00,118.5,solar_utility,MW,nem,NSW1
2017-10-15 15:45:00,131.8,solar_utility,MW,nem,NSW1
2017-10-15 15:50:00,108.2,solar_utility,MW,nem,NSW1
2017-10-15 15:55:00,119.4,solar_utility,MW,nem,NSW1
2017-10-15 16:00:00,128.5,solar_utility,MW,nem,NSW1
2017-10-15 16:05:00,120.3,solar_utility,MW,nem,NSW1
2017-10-15 16:10:00,112.9,solar_utility,MW,nem,NSW1
2017-10-15 16:15:00,87.26,solar_utility,MW,nem,NSW1
2017-10-15 16:20:00,103.1,solar_utility,MW,nem,NSW1
2017-10-15 16:25:00,93.15,solar_utility,MW,nem,NSW1
2017-10-15 16:30:00,83.65,solar_utility,MW,nem,NSW1
2017-10-15 16:35:00,86.01,solar_utility,MW,nem,NSW1
2017-10-15 16:40:00,71.43,solar_utility,MW,nem,NSW1
2017-10-15 16:45:00,51.7,solar_utility,MW,nem,NSW1
2017-10-15 16:50:00,50.81,solar_utility,MW,nem,NSW1
2017-10-15 16:55:00,63.0,solar_utility,MW,nem,NSW1
2017-10-15 17:00:00,62.32,solar_utility,MW,nem,NSW1
2017-10-15 17:05:00,56.76,solar_utility,MW,nem,NSW1
2017-10-15 17:10:00,33.7,solar_utility,MW,nem,NSW1
2017-10-15 17:15:00,25.58,solar_utility,MW,nem,NSW1
2017-10-15 17:20:00,28.91,solar_utility,MW,nem,NSW1
2017-10-15 17:25:00,28.37,solar_utility,MW,nem,NSW1
2017-10-15 17:30:00,24.25,solar_utility,MW,nem,NSW1
2017-10-15 17:35:00,21.81,solar_utility,MW,nem,NSW1
2017-10-15 17:40:00,18.74,solar_utility,MW,nem,NSW1
2017-10-15 17:45:00,15.31,solar_utility,MW,nem,NSW1
2017-10-15 17:50:00,11.92,solar_utility,MW,nem,NSW1
2017-10-15 17:55:00,9.32,solar_utility,MW,nem,NSW1
2017-10-15 18:00:00,7.115,solar_utility,MW,nem,NSW1
2017-10-15 18:05:00,5.34,solar_utility,MW,nem,NSW1
2017-10-15 18:10:00,3.883,solar_utility,MW,nem,NSW1
2017-10-15 18:15:00,2.667,solar_utility,MW,nem,NSW1
2017-10-15 18:20:00,1.802,solar_utility,MW,nem,NSW1
2017-10-15 18:25:00,1.393,solar_utility,MW,nem,NSW1
2017-10-15 18:30:00,0.164,solar_utility,MW,nem,NSW1
2017-10-15 18:35:00,0.164,solar_utility,MW,nem,NSW1
2017-10-15 18:40:00,0.164,solar_utility,MW,nem,NSW1
2017-10-15 18:45:00,0.164,solar_utility,MW,nem,NSW1
2017-10-15 18:50:00,0.164,solar_utility,MW,nem,NSW1
2017-10-15 18:55:00,0.164,solar_utility,MW,nem,NSW1
2017-10-15 19:00:00,0.164,solar_utility,MW,nem,NSW1
2017-10-15 19:05:00,0.164,solar_utility,MW,nem,NSW1
2017-10-15 19:10:00,0.164,solar_utility,MW,nem,NSW1
2017-10-15 19:15:00,0.164,solar_utility,MW,nem,NSW1
2017-10-15 19:20:00,0.164,solar_utility,MW,nem,NSW1
2017-10-15 19:25:00,0.164,solar_utility,MW,nem,NSW1
2017-10-15 19:30:00,0.164,solar_utility,MW,nem,NSW1
2017-10-15 19:35:00,0.164,solar_utility,MW,nem,NSW1
2017-10-15 19:40:00,0.164,solar_utility,MW,nem,NSW1
2017-10-15 19:45:00,0.164,solar_utility,MW,nem,NSW1
2017-10-15 19:50:00,0.164,solar_utility,MW,nem,NSW1
2017-10-15 19:55:00,0.164,solar_utility,MW,nem,NSW1
2017-10-15 20:00:00,0.164,solar_utility,MW,nem,NSW1
2017-10-15 20:05:00,0.164,solar_utility,MW,nem,NSW1
2017-10-15 20:10:00,0.164,solar_utility,MW,nem,NSW1
2017-10-15 20:15:00,0.164,solar_utility,MW,nem,NSW1
2017-10-15 20:20:00,0.164,solar_utility,MW,nem,NSW1
2017-10-15 20:25:00,0.164,solar_utility,MW,nem,NSW1
2017-10-15 20:30:00,0.164,solar_utility,MW,nem,NSW1
2017-10-15 20:35:00,0.164,solar_utility,MW,nem,NSW1
2017-10-15 20:40:00,0.164,solar_utility,MW,nem,NSW1
2017-10-15 20:45:00,0.164,solar_utility,MW,nem,NSW1
2017-10-15 20:50:00,0.164,solar_utility,MW,nem,NSW1
2017-10-15 20:55:00,0.164,solar_utility,MW,nem,NSW1
2017-10-15 21:00:00,0.164,solar_utility,MW,nem,NSW1
2017-10-15 21:05:00,0.164,solar_utility,MW,nem,NSW1
2017-10-15 21:10:00,0.164,solar_utility,MW,nem,NSW1
2017-10-15 21:15:00,0.164,solar_utility,MW,nem,NSW1
2017-10-15 21:20:00,0.164,solar_utility,MW,nem,NSW1
2017-10-15 21:25:00,0.164,solar_utility,MW,nem,NSW1
2017-10-15 21:30:00,0.164,solar_utility,MW,nem,NSW1
2017-10-15 21:35:00,0.164,solar_utility,MW,nem,NSW1
2017-10-15 21:40:00,0.164,solar_utility,MW,nem,NSW1
2017-10-15 21:45:00,0.164,solar_utility,MW,nem,NSW1
2017-10-15 21:50:00,0.164,solar_utility,MW,nem,NSW1
2017-10-15 21:55:00,0.164,solar_utility,MW,nem,NSW1
2017-10-15 22:00:00,0.164,solar_utility,MW,nem,NSW1
2017-10-15 22:05:00,0.164,solar_utility,MW,nem,NSW1
2017-10-15 22:10:00,0.164,solar_utility,MW,nem,NSW1
2017-10-15 22:15:00,0.164,solar_utility,MW,nem,NSW1
2017-10-15 22:20:00,0.164,solar_utility,MW,nem,NSW1
2017-10-15 22:25:00,0.164,solar_utility,MW,nem,NSW1
2017-10-15 22:30:00,0.164,solar_utility,MW,nem,NSW1
2017-10-15 22:35:00,0.164,solar_utility,MW,nem,NSW1
2017-10-15 22:40:00,0.164,solar_utility,MW,nem,NSW1
2017-10-15 22:45:00,0.164,solar_utility,MW,nem,NSW1
2017-10-15 22:50:00,0.164,solar_utility,MW,nem,NSW1
2017-10-15 22:55:00,0.164,solar_utility,MW,nem,NSW1
2017-10-15 23:00:00,0.164,solar_utility,MW,nem,NSW1
2017-10-15 23:05:00,0.164,solar_utility,MW,nem,NSW1
2017-10-15 23:10:00,0.164,solar_utility,MW,nem,NSW1
2017-10-15 23:15:00,0.164,solar_utility,MW,nem,NSW1
2017-10-15 23:20:00,0.164,solar_utility,MW,nem,NSW1
2017-10-15 23:25:00,0.164,solar_utility,MW,nem,NSW1
2017-10-15 23:30:00,0.164,solar_utility,MW,nem,NSW1
2017-10-15 23:35:00,0.164,solar_utility,MW,nem,NSW1
2017-10-15 23:40:00,0.164,solar_utility,MW,nem,NSW1
2017-10-15 23:45:00,0.164,solar_utility,MW,nem,NSW1
2017-10-15 23:50:00,0.164,solar_utility,MW,nem,NSW1
2017-10-15 23:55:00,0.164,solar_utility,MW,nem,NSW1
2017-10-16 00:00:00,0.164,solar_utility,MW,nem,NSW1
2017-10-16 00:05:00,0.164,solar_utility,MW,nem,NSW1
2017-10-16 00:10:00,0.164,solar_utility,MW,nem,NSW1
2017-10-16 00:15:00,0.164,solar_utility,MW,nem,NSW1
2017-10-16 00:20:00,0.164,solar_utility,MW,nem,NSW1
2017-10-16 00:25:00,0.164,solar_utility,MW,nem,NSW1
2017-10-16 00:30:00,0.164,solar_utility,MW,nem,NSW1
2017-10-16 00:35:00,0.164,solar_utility,MW,nem,NSW1
2017-10-16 00:40:00,0.164,solar_utility,MW,nem,NSW1
2017-10-16 00:45:00,0.164,solar_utility,MW,nem,NSW1
2017-10-16 00:50:00,0.164,solar_utility,MW,nem,NSW1
2017-10-16 00:55:00,0.164,solar_utility,MW,nem,NSW1
2017-10-16 01:00:00,0.164,solar_utility,MW,nem,NSW1
2017-10-16 01:05:00,0.164,solar_utility,MW,nem,NSW1
2017-10-16 01:10:00,0.164,solar_utility,MW,nem,NSW1
2017-10-16 01:15:00,0.164,solar_utility,MW,nem,NSW1
2017-10-16 01:20:00,0.164,solar_utility,MW,nem,NSW1
2017-10-16 01:25:00,0.164,solar_utility,MW,nem,NSW1
2017-10-16 01:30:00,0.164,solar_utility,MW,nem,NSW1
2017-10-16 01:35:00,0.164,solar_utility,MW,nem,NSW1
2017-10-16 01:40:00,0.164,solar_utility,MW,nem,NSW1
2017-10-16 01:45:00,0.164,solar_utility,MW,nem,NSW1
2017-10-16 01:50:00,0.164,solar_utility,MW,nem,NSW1
2017-10-16 01:55:00,0.164,solar_utility,MW,nem,NSW1
2017-10-16 02:00:00,0.164,solar_utility,MW,nem,NSW1
2017-10-16 02:05:00,0.164,solar_utility,MW,nem,NSW1
2017-10-16 02:10:00,0.164,solar_utility,MW,nem,NSW1
2017-10-16 02:15:00,0.164,solar_utility,MW,nem,NSW1
2017-10-16 02:20:00,0.164,solar_utility,MW,nem,NSW1
2017-10-16 02:25:00,0.164,solar_utility,MW,nem,NSW1
2017-10-16 02:30:00,0.164,solar_utility,MW,nem,NSW1
2017-10-16 02:35:00,0.164,solar_utility,MW,nem,NSW1
2017-10-16 02:40:00,0.164,solar_utility,MW,nem,NSW1
2017-10-16 02:45:00,0.164,solar_utility,MW,nem,NSW1
2017-10-16 02:50:00,0.164,solar_utility,MW,nem,NSW1
2017-10-16 02:55:00,0.164,solar_utility,MW,nem,NSW1
2017-10-16 03:00:00,0.164,solar_utility,MW,nem,NSW1
2017-10-16 03:05:00,0.164,solar_utility,MW,nem,NSW1
2017-10-16 03:10:00,0.164,solar_utility,MW,nem,NSW1
2017-10-16 03:15:00,0.164,solar_utility,MW,nem,NSW1
2017-10-16 03:20:00,0.164,solar_utility,MW,nem,NSW1
2017-10-16 03:25:00,0.164,solar_utility,MW,nem,NSW1
2017-10-16 03:30:00,0.164,solar_utility,MW,nem,NSW1
2017-10-16 03:35:00,0.164,solar_utility,MW,nem,NSW1
2017-10-16 03:40:00,0.164,solar_utility,MW,nem,NSW1
2017-10-16 03:45:00,0.164,solar_utility,MW,nem,NSW1
2017-10-16 03:50:00,0.164,solar_utility,MW,nem,NSW1
2017-10-16 03:55:00,0.164,solar_utility,MW,nem,NSW1
2017-10-16 04:00:00,0.164,solar_utility,MW,nem,NSW1
2017-10-16 04:05:00,0.164,solar_utility,MW,nem,NSW1
2017-10-16 04:10:00,0.164,solar_utility,MW,nem,NSW1
2017-10-16 04:15:00,0.164,solar_utility,MW,nem,NSW1
2017-10-16 04:20:00,0.164,solar_utility,MW,nem,NSW1
2017-10-16 04:25:00,0.164,solar_utility,MW,nem,NSW1
2017-10-16 04:30:00,0.164,solar_utility,MW,nem,NSW1
2017-10-16 04:35:00,0.164,solar_utility,MW,nem,NSW1
2017-10-16 04:40:00,0.164,solar_utility,MW,nem,NSW1
2017-10-16 04:45:00,0.164,solar_utility,MW,nem,NSW1
2017-10-16 04:50:00,0.164,solar_utility,MW,nem,NSW1
2017-10-16 04:55:00,0.164,solar_utility,MW,nem,NSW1
2017-10-16 05:00:00,0.164,solar_utility,MW,nem,NSW1
2017-10-16 05:05:00,0.164,solar_utility,MW,nem,NSW1
2017-10-16 05:10:00,0.164,solar_utility,MW,nem,NSW1
2017-10-16 05:15:00,0.164,solar_utility,MW,nem,NSW1
2017-10-16 05:20:00,0.164,solar_utility,MW,nem,NSW1
2017-10-16 05:25:00,0.164,solar_utility,MW,nem,NSW1
2017-10-16 05:30:00,0.164,solar_utility,MW,nem,NSW1
2017-10-16 05:35:00,0.164,solar_utility,MW,nem,NSW1
2017-10-16 05:40:00,0.592,solar_utility,MW,nem,NSW1
2017-10-16 05:45:00,1.428,solar_utility,MW,nem,NSW1
2017-10-16 05:50:00,1.992,solar_utility,MW,nem,NSW1
2017-10-16 05:55:00,3.188,solar_utility,MW,nem,NSW1
2017-10-16 06:00:00,5.891,solar_utility,MW,nem,NSW1
2017-10-16 06:05:00,14.96,solar_utility,MW,nem,NSW1
2017-10-16 06:10:00,20.72,solar_utility,MW,nem,NSW1
2017-10-16 06:15:00,26.29,solar_utility,MW,nem,NSW1
2017-10-16 06:20:00,26.23,solar_utility,MW,nem,NSW1
2017-10-16 06:25:00,30.18,solar_utility,MW,nem,NSW1
2017-10-16 06:30:00,43.22,solar_utility,MW,nem,NSW1
2017-10-16 06:35:00,47.92,solar_utility,MW,nem,NSW1
2017-10-16 06:40:00,49.84,solar_utility,MW,nem,NSW1
2017-10-16 06:45:00,57.11,solar_utility,MW,nem,NSW1
2017-10-16 06:50:00,68.87,solar_utility,MW,nem,NSW1
2017-10-16 06:55:00,70.09,solar_utility,MW,nem,NSW1
2017-10-16 07:00:00,74.07,solar_utility,MW,nem,NSW1
2017-10-16 07:05:00,71.96,solar_utility,MW,nem,NSW1
2017-10-16 07:10:00,73.06,solar_utility,MW,nem,NSW1
2017-10-16 07:15:00,73.52,solar_utility,MW,nem,NSW1
2017-10-16 07:20:00,77.12,solar_utility,MW,nem,NSW1
2017-10-16 07:25:00,84.91,solar_utility,MW,nem,NSW1
2017-10-16 07:30:00,92.54,solar_utility,MW,nem,NSW1
2017-10-16 07:35:00,112.6,solar_utility,MW,nem,NSW1
2017-10-16 07:40:00,132.6,solar_utility,MW,nem,NSW1
2017-10-16 07:45:00,138.0,solar_utility,MW,nem,NSW1
2017-10-16 07:50:00,152.7,solar_utility,MW,nem,NSW1
2017-10-16 07:55:00,158.0,solar_utility,MW,nem,NSW1
2017-10-16 08:00:00,163.7,solar_utility,MW,nem,NSW1
2017-10-16 08:05:00,168.4,solar_utility,MW,nem,NSW1
2017-10-16 08:10:00,164.3,solar_utility,MW,nem,NSW1
2017-10-16 08:15:00,176.2,solar_utility,MW,nem,NSW1
2017-10-16 08:20:00,180.4,solar_utility,MW,nem,NSW1
2017-10-16 08:25:00,154.6,solar_utility,MW,nem,NSW1
2017-10-16 08:30:00,157.8,solar_utility,MW,nem,NSW1
2017-10-16 08:35:00,173.3,solar_utility,MW,nem,NSW1
2017-10-16 08:40:00,181.2,solar_utility,MW,nem,NSW1
2017-10-16 08:45:00,202.2,solar_utility,MW,nem,NSW1
2017-10-16 08:50:00,202.7,solar_utility,MW,nem,NSW1
2017-10-16 08:55:00,210.8,solar_utility,MW,nem,NSW1
2017-10-16 09:00:00,211.0,solar_utility,MW,nem,NSW1
2017-10-16 09:05:00,218.2,solar_utility,MW,nem,NSW1
2017-10-16 09:10:00,219.6,solar_utility,MW,nem,NSW1
2017-10-16 09:15:00,221.9,solar_utility,MW,nem,NSW1
2017-10-16 09:20:00,227.5,solar_utility,MW,nem,NSW1
2017-10-16 09:25:00,216.6,solar_utility,MW,nem,NSW1
2017-10-16 09:30:00,224.6,solar_utility,MW,nem,NSW1
2017-10-16 09:35:00,235.1,solar_utility,MW,nem,NSW1
2017-10-16 09:40:00,221.7,solar_utility,MW,nem,NSW1
2017-10-16 09:45:00,239.0,solar_utility,MW,nem,NSW1
2017-10-16 09:50:00,241.6,solar_utility,MW,nem,NSW1
2017-10-16 09:55:00,235.8,solar_utility,MW,nem,NSW1
2017-10-16 10:00:00,230.3,solar_utility,MW,nem,NSW1
2017-10-16 10:05:00,236.1,solar_utility,MW,nem,NSW1
2017-10-16 10:10:00,246.3,solar_utility,MW,nem,NSW1
2017-10-16 10:15:00,235.8,solar_utility,MW,nem,NSW1
2017-10-16 10:20:00,249.8,solar_utility,MW,nem,NSW1
2017-10-16 10:25:00,228.0,solar_utility,MW,nem,NSW1
2017-10-16 10:30:00,235.1,solar_utility,MW,nem,NSW1
2017-10-16 10:35:00,222.6,solar_utility,MW,nem,NSW1
2017-10-16 10:40:00,242.5,solar_utility,MW,nem,NSW1
2017-10-16 10:45:00,217.1,solar_utility,MW,nem,NSW1
2017-10-16 10:50:00,242.1,solar_utility,MW,nem,NSW1
2017-10-16 10:55:00,228.4,solar_utility,MW,nem,NSW1
2017-10-16 11:00:00,226.5,solar_utility,MW,nem,NSW1
2017-10-16 11:05:00,250.5,solar_utility,MW,nem,NSW1
2017-10-16 11:10:00,222.5,solar_utility,MW,nem,NSW1
2017-10-16 11:15:00,216.2,solar_utility,MW,nem,NSW1
2017-10-16 11:20:00,221.5,solar_utility,MW,nem,NSW1
2017-10-16 11:25:00,224.5,solar_utility,MW,nem,NSW1
2017-10-16 11:30:00,221.0,solar_utility,MW,nem,NSW1
2017-10-16 11:35:00,220.0,solar_utility,MW,nem,NSW1
2017-10-16 11:40:00,192.5,solar_utility,MW,nem,NSW1
2017-10-16 11:45:00,207.6,solar_utility,MW,nem,NSW1
2017-10-16 11:50:00,188.6,solar_utility,MW,nem,NSW1
2017-10-16 11:55:00,185.1,solar_utility,MW,nem,NSW1
2017-10-16 12:00:00,185.5,solar_utility,MW,nem,NSW1
2017-10-16 12:05:00,210.6,solar_utility,MW,nem,NSW1
2017-10-16 12:10:00,198.3,solar_utility,MW,nem,NSW1
2017-10-16 12:15:00,206.2,solar_utility,MW,nem,NSW1
2017-10-16 12:20:00,212.4,solar_utility,MW,nem,NSW1
2017-10-16 12:25:00,203.2,solar_utility,MW,nem,NSW1
2017-10-16 12:30:00,214.3,solar_utility,MW,nem,NSW1
2017-10-16 12:35:00,212.3,solar_utility,MW,nem,NSW1
2017-10-16 12:40:00,210.8,solar_utility,MW,nem,NSW1
2017-10-16 12:45:00,209.8,solar_utility,MW,nem,NSW1
2017-10-16 12:50:00,197.9,solar_utility,MW,nem,NSW1
2017-10-16 12:55:00,207.8,solar_utility,MW,nem,NSW1
2017-10-16 13:00:00,196.0,solar_utility,MW,nem,NSW1
2017-10-16 13:05:00,177.8,solar_utility,MW,nem,NSW1
2017-10-16 13:10:00,186.3,solar_utility,MW,nem,NSW1
2017-10-16 13:15:00,208.0,solar_utility,MW,nem,NSW1
2017-10-16 13:20:00,180.2,solar_utility,MW,nem,NSW1
2017-10-16 13:25:00,187.6,solar_utility,MW,nem,NSW1
2017-10-16 13:30:00,220.8,solar_utility,MW,nem,NSW1
2017-10-16 13:35:00,222.0,solar_utility,MW,nem,NSW1
2017-10-16 13:40:00,200.4,solar_utility,MW,nem,NSW1
2017-10-16 13:45:00,212.8,solar_utility,MW,nem,NSW1
2017-10-16 13:50:00,206.7,solar_utility,MW,nem,NSW1
2017-10-16 13:55:00,206.1,solar_utility,MW,nem,NSW1
2017-10-16 14:00:00,210.6,solar_utility,MW,nem,NSW1
2017-10-16 14:05:00,182.2,solar_utility,MW,nem,NSW1
2017-10-16 14:10:00,178.7,solar_utility,MW,nem,NSW1
2017-10-16 14:15:00,202.1,solar_utility,MW,nem,NSW1
2017-10-16 14:20:00,196.9,solar_utility,MW,nem,NSW1
2017-10-16 14:25:00,190.1,solar_utility,MW,nem,NSW1
2017-10-16 14:30:00,188.2,solar_utility,MW,nem,NSW1
2017-10-16 14:35:00,196.7,solar_utility,MW,nem,NSW1
2017-10-16 14:40:00,192.7,solar_utility,MW,nem,NSW1
2017-10-16 14:45:00,193.7,solar_utility,MW,nem,NSW1
2017-10-16 14:50:00,174.9,solar_utility,MW,nem,NSW1
2017-10-16 14:55:00,189.7,solar_utility,MW,nem,NSW1
2017-10-16 15:00:00,184.5,solar_utility,MW,nem,NSW1
2017-10-16 15:05:00,178.1,solar_utility,MW,nem,NSW1
2017-10-16 15:10:00,159.5,solar_utility,MW,nem,NSW1
2017-10-16 15:15:00,168.0,solar_utility,MW,nem,NSW1
2017-10-16 15:20:00,138.8,solar_utility,MW,nem,NSW1
2017-10-16 15:25:00,146.3,solar_utility,MW,nem,NSW1
2017-10-16 15:30:00,119.1,solar_utility,MW,nem,NSW1
2017-10-16 15:35:00,121.2,solar_utility,MW,nem,NSW1
2017-10-16 15:40:00,124.9,solar_utility,MW,nem,NSW1
2017-10-16 15:45:00,141.3,solar_utility,MW,nem,NSW1
2017-10-16 15:50:00,138.6,solar_utility,MW,nem,NSW1
2017-10-16 15:55:00,132.8,solar_utility,MW,nem,NSW1
2017-10-16 16:00:00,126.2,solar_utility,MW,nem,NSW1
2017-10-16 16:05:00,122.2,solar_utility,MW,nem,NSW1
2017-10-16 16:10:00,122.7,solar_utility,MW,nem,NSW1
2017-10-16 16:15:00,118.5,solar_utility,MW,nem,NSW1
2017-10-16 16:20:00,113.9,solar_utility,MW,nem,NSW1
2017-10-16 16:25:00,108.8,solar_utility,MW,nem,NSW1
2017-10-16 16:30:00,100.1,solar_utility,MW,nem,NSW1
2017-10-16 16:35:00,91.63,solar_utility,MW,nem,NSW1
2017-10-16 16:40:00,84.5,solar_utility,MW,nem,NSW1
2017-10-16 16:45:00,79.29,solar_utility,MW,nem,NSW1
2017-10-16 16:50:00,73.75,solar_utility,MW,nem,NSW1
2017-10-16 16:55:00,67.73,solar_utility,MW,nem,NSW1
2017-10-16 17:00:00,60.39,solar_utility,MW,nem,NSW1
2017-10-16 17:05:00,54.33,solar_utility,MW,nem,NSW1
2017-10-16 17:10:00,44.94,solar_utility,MW,nem,NSW1
2017-10-16 17:15:00,41.42,solar_utility,MW,nem,NSW1
2017-10-16 17:20:00,37.65,solar_utility,MW,nem,NSW1
2017-10-16 17:25:00,32.7,solar_utility,MW,nem,NSW1
2017-10-16 17:30:00,23.95,solar_utility,MW,nem,NSW1
2017-10-16 17:35:00,24.37,solar_utility,MW,nem,NSW1
2017-10-16 17:40:00,20.15,solar_utility,MW,nem,NSW1
2017-10-16 17:45:00,16.15,solar_utility,MW,nem,NSW1
2017-10-16 17:50:00,12.23,solar_utility,MW,nem,NSW1
2017-10-16 17:55:00,10.31,solar_utility,MW,nem,NSW1
2017-10-16 18:00:00,7.869,solar_utility,MW,nem,NSW1
2017-10-16 18:05:00,5.83,solar_utility,MW,nem,NSW1
2017-10-16 18:10:00,4.033,solar_utility,MW,nem,NSW1
2017-10-16 18:15:00,2.566,solar_utility,MW,nem,NSW1
2017-10-16 18:20:00,1.804,solar_utility,MW,nem,NSW1
2017-10-16 18:25:00,1.293,solar_utility,MW,nem,NSW1
2017-10-16 18:30:00,0.166,solar_utility,MW,nem,NSW1
2017-10-16 18:35:00,0.166,solar_utility,MW,nem,NSW1
2017-10-16 18:40:00,0.166,solar_utility,MW,nem,NSW1
2017-10-16 18:45:00,0.166,solar_utility,MW,nem,NSW1
2017-10-16 18:50:00,0.166,solar_utility,MW,nem,NSW1
2017-10-16 18:55:00,0.166,solar_utility,MW,nem,NSW1
2017-10-16 19:00:00,0.166,solar_utility,MW,nem,NSW1
2017-10-16 19:05:00,0.166,solar_utility,MW,nem,NSW1
2017-10-16 19:10:00,0.166,solar_utility,MW,nem,NSW1
2017-10-16 19:15:00,0.166,solar_utility,MW,nem,NSW1
2017-10-16 19:20:00,0.166,solar_utility,MW,nem,NSW1
2017-10-16 19:25:00,0.166,solar_utility,MW,nem,NSW1
2017-10-16 19:30:00,0.166,solar_utility,MW,nem,NSW1
2017-10-16 19:35:00,0.166,solar_utility,MW,nem,NSW1
2017-10-16 19:40:00,0.166,solar_utility,MW,nem,NSW1
2017-10-16 19:45:00,0.166,solar_utility,MW,nem,NSW1
2017-10-16 19:50:00,0.166,solar_utility,MW,nem,NSW1
2017-10-16 19:55:00,0.166,solar_utility,MW,nem,NSW1
2017-10-16 20:00:00,0.166,solar_utility,MW,nem,NSW1
2017-10-16 20:05:00,0.166,solar_utility,MW,nem,NSW1
2017-10-16 20:10:00,0.166,solar_utility,MW,nem,NSW1
2017-10-16 20:15:00,0.166,solar_utility,MW,nem,NSW1
2017-10-16 20:20:00,0.166,solar_utility,MW,nem,NSW1
2017-10-16 20:25:00,0.166,solar_utility,MW,nem,NSW1
2017-10-16 20:30:00,0.166,solar_utility,MW,nem,NSW1
2017-10-16 20:35:00,0.166,solar_utility,MW,nem,NSW1
2017-10-16 20:40:00,0.166,solar_utility,MW,nem,NSW1
2017-10-16 20:45:00,0.166,solar_utility,MW,nem,NSW1
2017-10-16 20:50:00,0.166,solar_utility,MW,nem,NSW1
2017-10-16 20:55:00,0.166,solar_utility,MW,nem,NSW1
2017-10-16 21:00:00,0.166,solar_utility,MW,nem,NSW1
2017-10-16 21:05:00,0.166,solar_utility,MW,nem,NSW1
2017-10-16 21:10:00,0.166,solar_utility,MW,nem,NSW1
2017-10-16 21:15:00,0.166,solar_utility,MW,nem,NSW1
2017-10-16 21:20:00,0.166,solar_utility,MW,nem,NSW1
2017-10-16 21:25:00,0.166,solar_utility,MW,nem,NSW1
2017-10-16 21:30:00,0.166,solar_utility,MW,nem,NSW1
2017-10-16 21:35:00,0.166,solar_utility,MW,nem,NSW1
2017-10-16 21:40:00,0.166,solar_utility,MW,nem,NSW1
2017-10-16 21:45:00,0.166,solar_utility,MW,nem,NSW1
2017-10-16 21:50:00,0.166,solar_utility,MW,nem,NSW1
2017-10-16 21:55:00,0.166,solar_utility,MW,nem,NSW1
2017-10-16 22:00:00,0.166,solar_utility,MW,nem,NSW1
2017-10-16 22:05:00,0.166,solar_utility,MW,nem,NSW1
2017-10-16 22:10:00,0.166,solar_utility,MW,nem,NSW1
2017-10-16 22:15:00,0.166,solar_utility,MW,nem,NSW1
2017-10-16 22:20:00,0.166,solar_utility,MW,nem,NSW1
2017-10-16 22:25:00,0.166,solar_utility,MW,nem,NSW1
2017-10-16 22:30:00,0.166,solar_utility,MW,nem,NSW1
2017-10-16 22:35:00,0.166,solar_utility,MW,nem,NSW1
2017-10-16 22:40:00,0.166,solar_utility,MW,nem,NSW1
2017-10-16 22:45:00,0.166,solar_utility,MW,nem,NSW1
2017-10-16 22:50:00,0.166,solar_utility,MW,nem,NSW1
2017-10-16 22:55:00,0.166,solar_utility,MW,nem,NSW1
2017-10-16 23:00:00,0.166,solar_utility,MW,nem,NSW1
2017-10-16 23:05:00,0.166,solar_utility,MW,nem,NSW1
2017-10-16 23:10:00,0.166,solar_utility,MW,nem,NSW1
2017-10-16 23:15:00,0.166,solar_utility,MW,nem,NSW1
2017-10-16 23:20:00,0.166,solar_utility,MW,nem,NSW1
2017-10-16 23:25:00,0.166,solar_utility,MW,nem,NSW1
2017-10-16 23:30:00,0.166,solar_utility,MW,nem,NSW1
2017-10-16 23:35:00,0.166,solar_utility,MW,nem,NSW1
2017-10-16 23:40:00,0.166,solar_utility,MW,nem,NSW1
2017-10-16 23:45:00,0.166,solar_utility,MW,nem,NSW1
2017-10-16 23:50:00,0.166,solar_utility,MW,nem,NSW1
2017-10-16 23:55:00,0.166,solar_utility,MW,nem,NSW1
2017-10-17 00:00:00,0.166,solar_utility,MW,nem,NSW1
2017-10-17 00:05:00,0.166,solar_utility,MW,nem,NSW1
2017-10-17 00:10:00,0.166,solar_utility,MW,nem,NSW1
2017-10-17 00:15:00,0.166,solar_utility,MW,nem,NSW1
2017-10-17 00:20:00,0.166,solar_utility,MW,nem,NSW1
2017-10-17 00:25:00,0.166,solar_utility,MW,nem,NSW1
2017-10-17 00:30:00,0.166,solar_utility,MW,nem,NSW1
2017-10-17 00:35:00,0.166,solar_utility,MW,nem,NSW1
2017-10-17 00:40:00,0.166,solar_utility,MW,nem,NSW1
2017-10-17 00:45:00,0.166,solar_utility,MW,nem,NSW1
2017-10-17 00:50:00,0.166,solar_utility,MW,nem,NSW1
2017-10-17 00:55:00,0.166,solar_utility,MW,nem,NSW1
2017-10-17 01:00:00,0.166,solar_utility,MW,nem,NSW1
2017-10-17 01:05:00,0.166,solar_utility,MW,nem,NSW1
2017-10-17 01:10:00,0.166,solar_utility,MW,nem,NSW1
2017-10-17 01:15:00,0.166,solar_utility,MW,nem,NSW1
2017-10-17 01:20:00,0.166,solar_utility,MW,nem,NSW1
2017-10-17 01:25:00,0.166,solar_utility,MW,nem,NSW1
2017-10-17 01:30:00,0.166,solar_utility,MW,nem,NSW1
2017-10-17 01:35:00,0.166,solar_utility,MW,nem,NSW1
2017-10-17 01:40:00,0.166,solar_utility,MW,nem,NSW1
2017-10-17 01:45:00,0.166,solar_utility,MW,nem,NSW1
2017-10-17 01:50:00,0.166,solar_utility,MW,nem,NSW1
2017-10-17 01:55:00,0.166,solar_utility,MW,nem,NSW1
2017-10-17 02:00:00,0.166,solar_utility,MW,nem,NSW1
2017-10-17 02:05:00,0.166,solar_utility,MW,nem,NSW1
2017-10-17 02:10:00,0.166,solar_utility,MW,nem,NSW1
2017-10-17 02:15:00,0.166,solar_utility,MW,nem,NSW1
2017-10-17 02:20:00,0.166,solar_utility,MW,nem,NSW1
2017-10-17 02:25:00,0.166,solar_utility,MW,nem,NSW1
2017-10-17 02:30:00,0.166,solar_utility,MW,nem,NSW1
2017-10-17 02:35:00,0.166,solar_utility,MW,nem,NSW1
2017-10-17 02:40:00,0.166,solar_utility,MW,nem,NSW1
2017-10-17 02:45:00,0.166,solar_utility,MW,nem,NSW1
2017-10-17 02:50:00,0.166,solar_utility,MW,nem,NSW1
2017-10-17 02:55:00,0.166,solar_utility,MW,nem,NSW1
2017-10-17 03:00:00,0.166,solar_utility,MW,nem,NSW1
2017-10-17 03:05:00,0.166,solar_utility,MW,nem,NSW1
2017-10-17 03:10:00,0.166,solar_utility,MW,nem,NSW1
2017-10-17 03:15:00,0.166,solar_utility,MW,nem,NSW1
2017-10-17 03:20:00,0.166,solar_utility,MW,nem,NSW1
2017-10-17 03:25:00,0.166,solar_utility,MW,nem,NSW1
2017-10-17 03:30:00,0.166,solar_utility,MW,nem,NSW1
2017-10-17 03:35:00,0.166,solar_utility,MW,nem,NSW1
2017-10-17 03:40:00,0.166,solar_utility,MW,nem,NSW1
2017-10-17 03:45:00,0.166,solar_utility,MW,nem,NSW1
2017-10-17 03:50:00,0.166,solar_utility,MW,nem,NSW1
2017-10-17 03:55:00,0.166,solar_utility,MW,nem,NSW1
2017-10-17 04:00:00,0.166,solar_utility,MW,nem,NSW1
2017-10-17 04:05:00,0.166,solar_utility,MW,nem,NSW1
2017-10-17 04:10:00,0.166,solar_utility,MW,nem,NSW1
2017-10-17 04:15:00,0.166,solar_utility,MW,nem,NSW1
2017-10-17 04:20:00,0.166,solar_utility,MW,nem,NSW1
2017-10-17 04:25:00,0.166,solar_utility,MW,nem,NSW1
2017-10-17 04:30:00,0.166,solar_utility,MW,nem,NSW1
2017-10-17 04:35:00,0.166,solar_utility,MW,nem,NSW1
2017-10-17 04:40:00,0.166,solar_utility,MW,nem,NSW1
2017-10-17 04:45:00,0.166,solar_utility,MW,nem,NSW1
2017-10-17 04:50:00,0.166,solar_utility,MW,nem,NSW1
2017-10-17 04:55:00,0.166,solar_utility,MW,nem,NSW1
2017-10-17 05:00:00,0.166,solar_utility,MW,nem,NSW1
2017-10-17 05:05:00,0.166,solar_utility,MW,nem,NSW1
2017-10-17 05:10:00,0.166,solar_utility,MW,nem,NSW1
2017-10-17 05:15:00,0.166,solar_utility,MW,nem,NSW1
2017-10-17 05:20:00,0.166,solar_utility,MW,nem,NSW1
2017-10-17 05:25:00,0.166,solar_utility,MW,nem,NSW1
2017-10-17 05:30:00,0.166,solar_utility,MW,nem,NSW1
2017-10-17 05:35:00,0.166,solar_utility,MW,nem,NSW1
2017-10-17 05:40:00,0.689,solar_utility,MW,nem,NSW1
2017-10-17 05:45:00,0.9076,solar_utility,MW,nem,NSW1
2017-10-17 05:50:00,1.511,solar_utility,MW,nem,NSW1
2017-10-17 05:55:00,2.598,solar_utility,MW,nem,NSW1
2017-10-17 06:00:00,6.389,solar_utility,MW,nem,NSW1
2017-10-17 06:05:00,8.024,solar_utility,MW,nem,NSW1
2017-10-17 06:10:00,14.53,solar_utility,MW,nem,NSW1
2017-10-17 06:15:00,26.6,solar_utility,MW,nem,NSW1
2017-10-17 06:20:00,33.4,solar_utility,MW,nem,NSW1
2017-10-17 06:25:00,39.17,solar_utility,MW,nem,NSW1
2017-10-17 06:30:00,48.16,solar_utility,MW,nem,NSW1
2017-10-17 06:35:00,47.8,solar_utility,MW,nem,NSW1
2017-10-17 06:40:00,51.22,solar_utility,MW,nem,NSW1
2017-10-17 06:45:00,61.07,solar_utility,MW,nem,NSW1
2017-10-17 06:50:00,71.73,solar_utility,MW,nem,NSW1
2017-10-17 06:55:00,75.03,solar_utility,MW,nem,NSW1
2017-10-17 07:00:00,94.38,solar_utility,MW,nem,NSW1
2017-10-17 07:05:00,98.37,solar_utility,MW,nem,NSW1
2017-10-17 07:10:00,99.94,solar_utility,MW,nem,NSW1
2017-10-17 07:15:00,108.8,solar_utility,MW,nem,NSW1
2017-10-17 07:20:00,117.4,solar_utility,MW,nem,NSW1
2017-10-17 07:25:00,124.2,solar_utility,MW,nem,NSW1
2017-10-17 07:30:00,130.3,solar_utility,MW,nem,NSW1
2017-10-17 07:35:00,135.4,solar_utility,MW,nem,NSW1
2017-10-17 07:40:00,141.1,solar_utility,MW,nem,NSW1
2017-10-17 07:45:00,143.1,solar_utility,MW,nem,NSW1
2017-10-17 07:50:00,150.7,solar_utility,MW,nem,NSW1
2017-10-17 07:55:00,150.3,solar_utility,MW,nem,NSW1
2017-10-17 08:00:00,143.0,solar_utility,MW,nem,NSW1
2017-10-17 08:05:00,154.8,solar_utility,MW,nem,NSW1
2017-10-17 08:10:00,168.5,solar_utility,MW,nem,NSW1
2017-10-17 08:15:00,167.8,solar_utility,MW,nem,NSW1
2017-10-17 08:20:00,146.5,solar_utility,MW,nem,NSW1
2017-10-17 08:25:00,161.7,solar_utility,MW,nem,NSW1
2017-10-17 08:30:00,189.6,solar_utility,MW,nem,NSW1
2017-10-17 08:35:00,194.2,solar_utility,MW,nem,NSW1
2017-10-17 08:40:00,198.4,solar_utility,MW,nem,NSW1
2017-10-17 08:45:00,202.2,solar_utility,MW,nem,NSW1
2017-10-17 08:50:00,206.1,solar_utility,MW,nem,NSW1
2017-10-17 08:55:00,210.0,solar_utility,MW,nem,NSW1
2017-10-17 09:00:00,214.2,solar_utility,MW,nem,NSW1
2017-10-17 09:05:00,218.0,solar_utility,MW,nem,NSW1
2017-10-17 09:10:00,221.9,solar_utility,MW,nem,NSW1
2017-10-17 09:15:00,225.4,solar_utility,MW,nem,NSW1
2017-10-17 09:20:00,228.5,solar_utility,MW,nem,NSW1
2017-10-17 09:25:00,232.2,solar_utility,MW,nem,NSW1
2017-10-17 09:30:00,224.0,solar_utility,MW,nem,NSW1
2017-10-17 09:35:00,229.3,solar_utility,MW,nem,NSW1
2017-10-17 09:40:00,227.5,solar_utility,MW,nem,NSW1
2017-10-17 09:45:00,241.4,solar_utility,MW,nem,NSW1
2017-10-17 09:50:00,240.1,solar_utility,MW,nem,NSW1
2017-10-17 09:55:00,232.8,solar_utility,MW,nem,NSW1
2017-10-17 10:00:00,246.3,solar_utility,MW,nem,NSW1
2017-10-17 10:05:00,243.6,solar_utility,MW,nem,NSW1
2017-10-17 10:10:00,249.3,solar_utility,MW,nem,NSW1
2017-10-17 10:15:00,250.1,solar_utility,MW,nem,NSW1
2017-10-17 10:20:00,250.0,solar_utility,MW,nem,NSW1
2017-10-17 10:25:00,248.6,solar_utility,MW,nem,NSW1
2017-10-17 10:30:00,245.0,solar_utility,MW,nem,NSW1
2017-10-17 10:35:00,250.5,solar_utility,MW,nem,NSW1
2017-10-17 10:40:00,250.1,solar_utility,MW,nem,NSW1
2017-10-17 10:45:00,237.9,solar_utility,MW,nem,NSW1
2017-10-17 10:50:00,246.2,solar_utility,MW,nem,NSW1
2017-10-17 10:55:00,239.0,solar_utility,MW,nem,NSW1
2017-10-17 11:00:00,251.5,solar_utility,MW,nem,NSW1
2017-10-17 11:05:00,251.3,solar_utility,MW,nem,NSW1
2017-10-17 11:10:00,250.9,solar_utility,MW,nem,NSW1
2017-10-17 11:15:00,249.4,solar_utility,MW,nem,NSW1
2017-10-17 11:20:00,249.3,solar_utility,MW,nem,NSW1
2017-10-17 11:25:00,250.9,solar_utility,MW,nem,NSW1
2017-10-17 11:30:00,251.3,solar_utility,MW,nem,NSW1
2017-10-17 11:35:00,225.5,solar_utility,MW,nem,NSW1
2017-10-17 11:40:00,230.8,solar_utility,MW,nem,NSW1
2017-10-17 11:45:00,250.3,solar_utility,MW,nem,NSW1
2017-10-17 11:50:00,224.0,solar_utility,MW,nem,NSW1
2017-10-17 11:55:00,220.5,solar_utility,MW,nem,NSW1
2017-10-17 12:00:00,217.2,solar_utility,MW,nem,NSW1
2017-10-17 12:05:00,216.8,solar_utility,MW,nem,NSW1
2017-10-17 12:10:00,220.1,solar_utility,MW,nem,NSW1
2017-10-17 12:15:00,224.7,solar_utility,MW,nem,NSW1
2017-10-17 12:20:00,228.5,solar_utility,MW,nem,NSW1
2017-10-17 12:25:00,223.7,solar_utility,MW,nem,NSW1
2017-10-17 12:30:00,220.9,solar_utility,MW,nem,NSW1
2017-10-17 12:35:00,223.5,solar_utility,MW,nem,NSW1
2017-10-17 12:40:00,221.2,solar_utility,MW,nem,NSW1
2017-10-17 12:45:00,222.2,solar_utility,MW,nem,NSW1
2017-10-17 12:50:00,222.3,solar_utility,MW,nem,NSW1
2017-10-17 12:55:00,221.1,solar_utility,MW,nem,NSW1
2017-10-17 13:00:00,227.1,solar_utility,MW,nem,NSW1
2017-10-17 13:05:00,231.6,solar_utility,MW,nem,NSW1
2017-10-17 13:10:00,234.6,solar_utility,MW,nem,NSW1
2017-10-17 13:15:00,228.7,solar_utility,MW,nem,NSW1
2017-10-17 13:20:00,232.0,solar_utility,MW,nem,NSW1
2017-10-17 13:25:00,229.1,solar_utility,MW,nem,NSW1
2017-10-17 13:30:00,224.1,solar_utility,MW,nem,NSW1
2017-10-17 13:35:00,226.9,solar_utility,MW,nem,NSW1
2017-10-17 13:40:00,228.5,solar_utility,MW,nem,NSW1
2017-10-17 13:45:00,228.1,solar_utility,MW,nem,NSW1
2017-10-17 13:50:00,226.4,solar_utility,MW,nem,NSW1
2017-10-17 13:55:00,237.2,solar_utility,MW,nem,NSW1
2017-10-17 14:00:00,230.1,solar_utility,MW,nem,NSW1
2017-10-17 14:05:00,222.6,solar_utility,MW,nem,NSW1
2017-10-17 14:10:00,213.4,solar_utility,MW,nem,NSW1
2017-10-17 14:15:00,209.5,solar_utility,MW,nem,NSW1
2017-10-17 14:20:00,205.6,solar_utility,MW,nem,NSW1
2017-10-17 14:25:00,201.6,solar_utility,MW,nem,NSW1
2017-10-17 14:30:00,196.3,solar_utility,MW,nem,NSW1
2017-10-17 14:35:00,192.0,solar_utility,MW,nem,NSW1
2017-10-17 14:40:00,188.5,solar_utility,MW,nem,NSW1
2017-10-17 14:45:00,185.3,solar_utility,MW,nem,NSW1
2017-10-17 14:50:00,182.5,solar_utility,MW,nem,NSW1
2017-10-17 14:55:00,180.5,solar_utility,MW,nem,NSW1
2017-10-17 15:00:00,178.5,solar_utility,MW,nem,NSW1
2017-10-17 15:05:00,177.7,solar_utility,MW,nem,NSW1
2017-10-17 15:10:00,191.3,solar_utility,MW,nem,NSW1
2017-10-17 15:15:00,186.1,solar_utility,MW,nem,NSW1
2017-10-17 15:20:00,197.8,solar_utility,MW,nem,NSW1
2017-10-17 15:25:00,197.2,solar_utility,MW,nem,NSW1
2017-10-17 15:30:00,184.0,solar_utility,MW,nem,NSW1
2017-10-17 15:35:00,156.6,solar_utility,MW,nem,NSW1
2017-10-17 15:40:00,146.8,solar_utility,MW,nem,NSW1
2017-10-17 15:45:00,139.1,solar_utility,MW,nem,NSW1
2017-10-17 15:50:00,131.8,solar_utility,MW,nem,NSW1
2017-10-17 15:55:00,127.3,solar_utility,MW,nem,NSW1
2017-10-17 16:00:00,123.0,solar_utility,MW,nem,NSW1
2017-10-17 16:05:00,118.3,solar_utility,MW,nem,NSW1
2017-10-17 16:10:00,114.3,solar_utility,MW,nem,NSW1
2017-10-17 16:15:00,112.0,solar_utility,MW,nem,NSW1
2017-10-17 16:20:00,109.0,solar_utility,MW,nem,NSW1
2017-10-17 16:25:00,100.8,solar_utility,MW,nem,NSW1
2017-10-17 16:30:00,94.01,solar_utility,MW,nem,NSW1
2017-10-17 16:35:00,89.6,solar_utility,MW,nem,NSW1
2017-10-17 16:40:00,86.19,solar_utility,MW,nem,NSW1
2017-10-17 16:45:00,80.25,solar_utility,MW,nem,NSW1
2017-10-17 16:50:00,76.27,solar_utility,MW,nem,NSW1
2017-10-17 16:55:00,69.26,solar_utility,MW,nem,NSW1
2017-10-17 17:00:00,63.26,solar_utility,MW,nem,NSW1
2017-10-17 17:05:00,57.13,solar_utility,MW,nem,NSW1
2017-10-17 17:10:00,52.42,solar_utility,MW,nem,NSW1
2017-10-17 17:15:00,45.99,solar_utility,MW,nem,NSW1
2017-10-17 17:20:00,40.07,solar_utility,MW,nem,NSW1
2017-10-17 17:25:00,33.89,solar_utility,MW,nem,NSW1
2017-10-17 17:30:00,28.72,solar_utility,MW,nem,NSW1
2017-10-17 17:35:00,23.7,solar_utility,MW,nem,NSW1
2017-10-17 17:40:00,18.84,solar_utility,MW,nem,NSW1
2017-10-17 17:45:00,14.22,solar_utility,MW,nem,NSW1
2017-10-17 17:50:00,11.91,solar_utility,MW,nem,NSW1
2017-10-17 17:55:00,9.662,solar_utility,MW,nem,NSW1
2017-10-17 18:00:00,7.39,solar_utility,MW,nem,NSW1
2017-10-17 18:05:00,5.335,solar_utility,MW,nem,NSW1
2017-10-17 18:10:00,3.87,solar_utility,MW,nem,NSW1
2017-10-17 18:15:00,2.9,solar_utility,MW,nem,NSW1
2017-10-17 18:20:00,1.536,solar_utility,MW,nem,NSW1
2017-10-17 18:25:00,1.127,solar_utility,MW,nem,NSW1
2017-10-17 18:30:00,0.0,solar_utility,MW,nem,NSW1
2017-10-17 18:35:00,0.0,solar_utility,MW,nem,NSW1
2017-10-17 18:40:00,0.0,solar_utility,MW,nem,NSW1
2017-10-17 18:45:00,0.0,solar_utility,MW,nem,NSW1
2017-10-17 18:50:00,0.0,solar_utility,MW,nem,NSW1
2017-10-17 18:55:00,0.0,solar_utility,MW,nem,NSW1
2017-10-17 19:00:00,0.0,solar_utility,MW,nem,NSW1
2017-10-17 19:05:00,0.0,solar_utility,MW,nem,NSW1
2017-10-17 19:10:00,0.0,solar_utility,MW,nem,NSW1
2017-10-17 19:15:00,0.0,solar_utility,MW,nem,NSW1
2017-10-17 19:20:00,0.0,solar_utility,MW,nem,NSW1
2017-10-17 19:25:00,0.0,solar_utility,MW,nem,NSW1
2017-10-17 19:30:00,0.0,solar_utility,MW,nem,NSW1
2017-10-17 19:35:00,0.0,solar_utility,MW,nem,NSW1
2017-10-17 19:40:00,0.0,solar_utility,MW,nem,NSW1
2017-10-17 19:45:00,0.0,solar_utility,MW,nem,NSW1
2017-10-17 19:50:00,0.0,solar_utility,MW,nem,NSW1
2017-10-17 19:55:00,0.0,solar_utility,MW,nem,NSW1
2017-10-17 20:00:00,0.0,solar_utility,MW,nem,NSW1
2017-10-17 20:05:00,0.0,solar_utility,MW,nem,NSW1
2017-10-17 20:10:00,0.0,solar_utility,MW,nem,NSW1
2017-10-17 20:15:00,0.0,solar_utility,MW,nem,NSW1
2017-10-17 20:20:00,0.0,solar_utility,MW,nem,NSW1
2017-10-17 20:25:00,0.0,solar_utility,MW,nem,NSW1
2017-10-17 20:30:00,0.0,solar_utility,MW,nem,NSW1
2017-10-17 20:35:00,0.0,solar_utility,MW,nem,NSW1
2017-10-17 20:40:00,0.0,solar_utility,MW,nem,NSW1
2017-10-17 20:45:00,0.0,solar_utility,MW,nem,NSW1
2017-10-17 20:50:00,0.0,solar_utility,MW,nem,NSW1
2017-10-17 20:55:00,0.0,solar_utility,MW,nem,NSW1
2017-10-17 21:00:00,0.0,solar_utility,MW,nem,NSW1
2017-10-17 21:05:00,0.0,solar_utility,MW,nem,NSW1
2017-10-17 21:10:00,0.0,solar_utility,MW,nem,NSW1
2017-10-17 21:15:00,0.0,solar_utility,MW,nem,NSW1
2017-10-17 21:20:00,0.0,solar_utility,MW,nem,NSW1
2017-10-17 21:25:00,0.0,solar_utility,MW,nem,NSW1
2017-10-17 21:30:00,0.0,solar_utility,MW,nem,NSW1
2017-10-17 21:35:00,0.0,solar_utility,MW,nem,NSW1
2017-10-17 21:40:00,0.0,solar_utility,MW,nem,NSW1
2017-10-17 21:45:00,0.0,solar_utility,MW,nem,NSW1
2017-10-17 21:50:00,0.0,solar_utility,MW,nem,NSW1
2017-10-17 21:55:00,0.0,solar_utility,MW,nem,NSW1
2017-10-17 22:00:00,0.0,solar_utility,MW,nem,NSW1
2017-10-17 22:05:00,0.0,solar_utility,MW,nem,NSW1
2017-10-17 22:10:00,0.0,solar_utility,MW,nem,NSW1
2017-10-17 22:15:00,0.165,solar_utility,MW,nem,NSW1
2017-10-17 22:20:00,0.165,solar_utility,MW,nem,NSW1
2017-10-17 22:25:00,0.165,solar_utility,MW,nem,NSW1
2017-10-17 22:30:00,0.165,solar_utility,MW,nem,NSW1
2017-10-17 22:35:00,0.165,solar_utility,MW,nem,NSW1
2017-10-17 22:40:00,0.165,solar_utility,MW,nem,NSW1
2017-10-17 22:45:00,0.165,solar_utility,MW,nem,NSW1
2017-10-17 22:50:00,0.165,solar_utility,MW,nem,NSW1
2017-10-17 22:55:00,0.165,solar_utility,MW,nem,NSW1
2017-10-17 23:00:00,0.165,solar_utility,MW,nem,NSW1
2017-10-17 23:05:00,0.165,solar_utility,MW,nem,NSW1
2017-10-17 23:10:00,0.165,solar_utility,MW,nem,NSW1
2017-10-17 23:15:00,0.165,solar_utility,MW,nem,NSW1
2017-10-17 23:20:00,0.165,solar_utility,MW,nem,NSW1
2017-10-17 23:25:00,0.165,solar_utility,MW,nem,NSW1
2017-10-17 23:30:00,0.165,solar_utility,MW,nem,NSW1
2017-10-17 23:35:00,0.165,solar_utility,MW,nem,NSW1
2017-10-17 23:40:00,0.165,solar_utility,MW,nem,NSW1
2017-10-17 23:45:00,0.165,solar_utility,MW,nem,NSW1
2017-10-17 23:50:00,0.165,solar_utility,MW,nem,NSW1
2017-10-17 23:55:00,0.165,solar_utility,MW,nem,NSW1
2017-10-18 00:00:00,0.165,solar_utility,MW,nem,NSW1
2017-10-18 00:05:00,0.165,solar_utility,MW,nem,NSW1
2017-10-18 00:10:00,0.165,solar_utility,MW,nem,NSW1
2017-10-18 00:15:00,0.165,solar_utility,MW,nem,NSW1
2017-10-18 00:20:00,0.165,solar_utility,MW,nem,NSW1
2017-10-18 00:25:00,0.165,solar_utility,MW,nem,NSW1
2017-10-18 00:30:00,0.165,solar_utility,MW,nem,NSW1
2017-10-18 00:35:00,0.165,solar_utility,MW,nem,NSW1
2017-10-18 00:40:00,0.165,solar_utility,MW,nem,NSW1
2017-10-18 00:45:00,0.165,solar_utility,MW,nem,NSW1
2017-10-18 00:50:00,0.165,solar_utility,MW,nem,NSW1
2017-10-18 00:55:00,0.165,solar_utility,MW,nem,NSW1
2017-10-18 01:00:00,0.165,solar_utility,MW,nem,NSW1
2017-10-18 01:05:00,0.165,solar_utility,MW,nem,NSW1
2017-10-18 01:10:00,0.165,solar_utility,MW,nem,NSW1
2017-10-18 01:15:00,0.165,solar_utility,MW,nem,NSW1
2017-10-18 01:20:00,0.165,solar_utility,MW,nem,NSW1
2017-10-18 01:25:00,0.165,solar_utility,MW,nem,NSW1
2017-10-18 01:30:00,0.165,solar_utility,MW,nem,NSW1
2017-10-18 01:35:00,0.165,solar_utility,MW,nem,NSW1
2017-10-18 01:40:00,0.165,solar_utility,MW,nem,NSW1
2017-10-18 01:45:00,0.165,solar_utility,MW,nem,NSW1
2017-10-18 01:50:00,0.165,solar_utility,MW,nem,NSW1
2017-10-18 01:55:00,0.165,solar_utility,MW,nem,NSW1
2017-10-18 02:00:00,0.165,solar_utility,MW,nem,NSW1
2017-10-18 02:05:00,0.165,solar_utility,MW,nem,NSW1
2017-10-18 02:10:00,0.165,solar_utility,MW,nem,NSW1
2017-10-18 02:15:00,0.165,solar_utility,MW,nem,NSW1
2017-10-18 02:20:00,0.165,solar_utility,MW,nem,NSW1
2017-10-18 02:25:00,0.165,solar_utility,MW,nem,NSW1
2017-10-18 02:30:00,0.165,solar_utility,MW,nem,NSW1
2017-10-18 02:35:00,0.165,solar_utility,MW,nem,NSW1
2017-10-18 02:40:00,0.165,solar_utility,MW,nem,NSW1
2017-10-18 02:45:00,0.165,solar_utility,MW,nem,NSW1
2017-10-18 02:50:00,0.165,solar_utility,MW,nem,NSW1
2017-10-18 02:55:00,0.165,solar_utility,MW,nem,NSW1
2017-10-18 03:00:00,0.165,solar_utility,MW,nem,NSW1
2017-10-18 03:05:00,0.165,solar_utility,MW,nem,NSW1
2017-10-18 03:10:00,0.165,solar_utility,MW,nem,NSW1
2017-10-18 03:15:00,0.165,solar_utility,MW,nem,NSW1
2017-10-18 03:20:00,0.165,solar_utility,MW,nem,NSW1
2017-10-18 03:25:00,0.165,solar_utility,MW,nem,NSW1
2017-10-18 03:30:00,0.165,solar_utility,MW,nem,NSW1
2017-10-18 03:35:00,0.165,solar_utility,MW,nem,NSW1
2017-10-18 03:40:00,0.165,solar_utility,MW,nem,NSW1
2017-10-18 03:45:00,0.165,solar_utility,MW,nem,NSW1
2017-10-18 03:50:00,0.165,solar_utility,MW,nem,NSW1
2017-10-18 03:55:00,0.165,solar_utility,MW,nem,NSW1
2017-10-18 04:00:00,0.165,solar_utility,MW,nem,NSW1
2017-10-18 04:05:00,0.165,solar_utility,MW,nem,NSW1
2017-10-18 04:10:00,0.165,solar_utility,MW,nem,NSW1
2017-10-18 04:15:00,0.165,solar_utility,MW,nem,NSW1
2017-10-18 04:20:00,0.165,solar_utility,MW,nem,NSW1
2017-10-18 04:25:00,0.165,solar_utility,MW,nem,NSW1
2017-10-18 04:30:00,0.165,solar_utility,MW,nem,NSW1
2017-10-18 04:35:00,0.165,solar_utility,MW,nem,NSW1
2017-10-18 04:40:00,0.165,solar_utility,MW,nem,NSW1
2017-10-18 04:45:00,0.165,solar_utility,MW,nem,NSW1
2017-10-18 04:50:00,0.165,solar_utility,MW,nem,NSW1
2017-10-18 04:55:00,0.165,solar_utility,MW,nem,NSW1
2017-10-18 05:00:00,0.165,solar_utility,MW,nem,NSW1
2017-10-18 05:05:00,0.165,solar_utility,MW,nem,NSW1
2017-10-18 05:10:00,0.165,solar_utility,MW,nem,NSW1
2017-10-18 05:15:00,0.165,solar_utility,MW,nem,NSW1
2017-10-18 05:20:00,0.165,solar_utility,MW,nem,NSW1
2017-10-18 05:25:00,0.165,solar_utility,MW,nem,NSW1
2017-10-18 05:30:00,0.165,solar_utility,MW,nem,NSW1
2017-10-18 05:35:00,0.165,solar_utility,MW,nem,NSW1
2017-10-18 05:40:00,0.5902,solar_utility,MW,nem,NSW1
2017-10-18 05:45:00,1.045,solar_utility,MW,nem,NSW1
2017-10-18 05:50:00,1.609,solar_utility,MW,nem,NSW1
2017-10-18 05:55:00,3.096,solar_utility,MW,nem,NSW1
2017-10-18 06:00:00,5.739,solar_utility,MW,nem,NSW1
2017-10-18 06:05:00,7.741,solar_utility,MW,nem,NSW1
2017-10-18 06:10:00,10.18,solar_utility,MW,nem,NSW1
2017-10-18 06:15:00,13.43,solar_utility,MW,nem,NSW1
2017-10-18 06:20:00,20.23,solar_utility,MW,nem,NSW1
2017-10-18 06:25:00,25.15,solar_utility,MW,nem,NSW1
2017-10-18 06:30:00,25.32,solar_utility,MW,nem,NSW1
2017-10-18 06:35:00,29.9,solar_utility,MW,nem,NSW1
2017-10-18 06:40:00,34.55,solar_utility,MW,nem,NSW1
2017-10-18 06:45:00,45.32,solar_utility,MW,nem,NSW1
2017-10-18 06:50:00,54.04,solar_utility,MW,nem,NSW1
2017-10-18 06:55:00,62.73,solar_utility,MW,nem,NSW1
2017-10-18 07:00:00,60.65,solar_utility,MW,nem,NSW1
2017-10-18 07:05:00,77.24,solar_utility,MW,nem,NSW1
2017-10-18 07:10:00,86.93,solar_utility,MW,nem,NSW1
2017-10-18 07:15:00,106.5,solar_utility,MW,nem,NSW1
2017-10-18 07:20:00,110.8,solar_utility,MW,nem,NSW1
2017-10-18 07:25:00,119.5,solar_utility,MW,nem,NSW1
2017-10-18 07:30:00,118.5,solar_utility,MW,nem,NSW1
2017-10-18 07:35:00,125.7,solar_utility,MW,nem,NSW1
2017-10-18 07:40:00,134.8,solar_utility,MW,nem,NSW1
2017-10-18 07:45:00,143.9,solar_utility,MW,nem,NSW1
2017-10-18 07:50:00,152.1,solar_utility,MW,nem,NSW1
2017-10-18 07:55:00,144.0,solar_utility,MW,nem,NSW1
2017-10-18 08:00:00,143.7,solar_utility,MW,nem,NSW1
2017-10-18 08:05:00,161.8,solar_utility,MW,nem,NSW1
2017-10-18 08:10:00,151.9,solar_utility,MW,nem,NSW1
2017-10-18 08:15:00,166.8,solar_utility,MW,nem,NSW1
2017-10-18 08:20:00,173.7,solar_utility,MW,nem,NSW1
2017-10-18 08:25:00,181.7,solar_utility,MW,nem,NSW1
2017-10-18 08:30:00,191.5,solar_utility,MW,nem,NSW1
2017-10-18 08:35:00,193.7,solar_utility,MW,nem,NSW1
2017-10-18 08:40:00,196.2,solar_utility,MW,nem,NSW1
2017-10-18 08:45:00,191.3,solar_utility,MW,nem,NSW1
2017-10-18 08:50:00,194.6,solar_utility,MW,nem,NSW1
2017-10-18 08:55:00,206.4,solar_utility,MW,nem,NSW1
2017-10-18 09:00:00,208.0,solar_utility,MW,nem,NSW1
2017-10-18 09:05:00,215.9,solar_utility,MW,nem,NSW1
2017-10-18 09:10:00,219.0,solar_utility,MW,nem,NSW1
2017-10-18 09:15:00,218.6,solar_utility,MW,nem,NSW1
2017-10-18 09:20:00,220.2,solar_utility,MW,nem,NSW1
2017-10-18 09:25:00,229.6,solar_utility,MW,nem,NSW1
2017-10-18 09:30:00,222.9,solar_utility,MW,nem,NSW1
2017-10-18 09:35:00,234.9,solar_utility,MW,nem,NSW1
2017-10-18 09:40:00,235.5,solar_utility,MW,nem,NSW1
2017-10-18 09:45:00,242.1,solar_utility,MW,nem,NSW1
2017-10-18 09:50:00,238.5,solar_utility,MW,nem,NSW1
2017-10-18 09:55:00,240.7,solar_utility,MW,nem,NSW1
2017-10-18 10:00:00,246.1,solar_utility,MW,nem,NSW1
2017-10-18 10:05:00,245.6,solar_utility,MW,nem,NSW1
2017-10-18 10:10:00,249.8,solar_utility,MW,nem,NSW1
2017-10-18 10:15:00,250.7,solar_utility,MW,nem,NSW1
2017-10-18 10:20:00,250.5,solar_utility,MW,nem,NSW1
2017-10-18 10:25:00,251.0,solar_utility,MW,nem,NSW1
2017-10-18 10:30:00,251.6,solar_utility,MW,nem,NSW1
2017-10-18 10:35:00,251.4,solar_utility,MW,nem,NSW1
2017-10-18 10:40:00,250.4,solar_utility,MW,nem,NSW1
2017-10-18 10:45:00,251.7,solar_utility,MW,nem,NSW1
2017-10-18 10:50:00,251.9,solar_utility,MW,nem,NSW1
2017-10-18 10:55:00,250.2,solar_utility,MW,nem,NSW1
2017-10-18 11:00:00,251.5,solar_utility,MW,nem,NSW1
2017-10-18 11:05:00,251.2,solar_utility,MW,nem,NSW1
2017-10-18 11:10:00,248.6,solar_utility,MW,nem,NSW1
2017-10-18 11:15:00,237.4,solar_utility,MW,nem,NSW1
2017-10-18 11:20:00,246.4,solar_utility,MW,nem,NSW1
2017-10-18 11:25:00,239.2,solar_utility,MW,nem,NSW1
2017-10-18 11:30:00,234.7,solar_utility,MW,nem,NSW1
2017-10-18 11:35:00,243.8,solar_utility,MW,nem,NSW1
2017-10-18 11:40:00,247.3,solar_utility,MW,nem,NSW1
2017-10-18 11:45:00,244.2,solar_utility,MW,nem,NSW1
2017-10-18 11:50:00,238.4,solar_utility,MW,nem,NSW1
2017-10-18 11:55:00,247.8,solar_utility,MW,nem,NSW1
2017-10-18 12:00:00,245.1,solar_utility,MW,nem,NSW1
2017-10-18 12:05:00,249.0,solar_utility,MW,nem,NSW1
2017-10-18 12:10:00,238.8,solar_utility,MW,nem,NSW1
2017-10-18 12:15:00,249.0,solar_utility,MW,nem,NSW1
2017-10-18 12:20:00,239.5,solar_utility,MW,nem,NSW1
2017-10-18 12:25:00,234.0,solar_utility,MW,nem,NSW1
2017-10-18 12:30:00,240.3,solar_utility,MW,nem,NSW1
2017-10-18 12:35:00,246.6,solar_utility,MW,nem,NSW1
2017-10-18 12:40:00,230.1,solar_utility,MW,nem,NSW1
2017-10-18 12:45:00,212.2,solar_utility,MW,nem,NSW1
2017-10-18 12:50:00,230.5,solar_utility,MW,nem,NSW1
2017-10-18 12:55:00,227.1,solar_utility,MW,nem,NSW1
2017-10-18 13:00:00,223.4,solar_utility,MW,nem,NSW1
2017-10-18 13:05:00,235.3,solar_utility,MW,nem,NSW1
2017-10-18 13:10:00,243.1,solar_utility,MW,nem,NSW1
2017-10-18 13:15:00,208.1,solar_utility,MW,nem,NSW1
2017-10-18 13:20:00,195.7,solar_utility,MW,nem,NSW1
2017-10-18 13:25:00,226.4,solar_utility,MW,nem,NSW1
2017-10-18 13:30:00,246.1,solar_utility,MW,nem,NSW1
2017-10-18 13:35:00,216.1,solar_utility,MW,nem,NSW1
2017-10-18 13:40:00,239.5,solar_utility,MW,nem,NSW1
2017-10-18 13:45:00,246.4,solar_utility,MW,nem,NSW1
2017-10-18 13:50:00,242.3,solar_utility,MW,nem,NSW1
2017-10-18 13:55:00,228.7,solar_utility,MW,nem,NSW1
2017-10-18 14:00:00,220.6,solar_utility,MW,nem,NSW1
2017-10-18 14:05:00,240.0,solar_utility,MW,nem,NSW1
2017-10-18 14:10:00,236.1,solar_utility,MW,nem,NSW1
2017-10-18 14:15:00,237.6,solar_utility,MW,nem,NSW1
2017-10-18 14:20:00,224.3,solar_utility,MW,nem,NSW1
2017-10-18 14:25:00,209.0,solar_utility,MW,nem,NSW1
2017-10-18 14:30:00,213.5,solar_utility,MW,nem,NSW1
2017-10-18 14:35:00,216.8,solar_utility,MW,nem,NSW1
2017-10-18 14:40:00,223.9,solar_utility,MW,nem,NSW1
2017-10-18 14:45:00,220.1,solar_utility,MW,nem,NSW1
2017-10-18 14:50:00,174.0,solar_utility,MW,nem,NSW1
2017-10-18 14:55:00,185.2,solar_utility,MW,nem,NSW1
2017-10-18 15:00:00,159.4,solar_utility,MW,nem,NSW1
2017-10-18 15:05:00,159.9,solar_utility,MW,nem,NSW1
2017-10-18 15:10:00,179.1,solar_utility,MW,nem,NSW1
2017-10-18 15:15:00,179.9,solar_utility,MW,nem,NSW1
2017-10-18 15:20:00,172.8,solar_utility,MW,nem,NSW1
2017-10-18 15:25:00,157.5,solar_utility,MW,nem,NSW1
2017-10-18 15:30:00,147.1,solar_utility,MW,nem,NSW1
2017-10-18 15:35:00,136.8,solar_utility,MW,nem,NSW1
2017-10-18 15:40:00,161.6,solar_utility,MW,nem,NSW1
2017-10-18 15:45:00,149.4,solar_utility,MW,nem,NSW1
2017-10-18 15:50:00,168.3,solar_utility,MW,nem,NSW1
2017-10-18 15:55:00,157.5,solar_utility,MW,nem,NSW1
2017-10-18 16:00:00,130.9,solar_utility,MW,nem,NSW1
2017-10-18 16:05:00,145.3,solar_utility,MW,nem,NSW1
2017-10-18 16:10:00,118.1,solar_utility,MW,nem,NSW1
2017-10-18 16:15:00,120.2,solar_utility,MW,nem,NSW1
2017-10-18 16:20:00,110.0,solar_utility,MW,nem,NSW1
2017-10-18 16:25:00,90.89,solar_utility,MW,nem,NSW1
2017-10-18 16:30:00,91.62,solar_utility,MW,nem,NSW1
2017-10-18 16:35:00,78.15,solar_utility,MW,nem,NSW1
2017-10-18 16:40:00,67.79,solar_utility,MW,nem,NSW1
2017-10-18 16:45:00,65.3,solar_utility,MW,nem,NSW1
2017-10-18 16:50:00,62.12,solar_utility,MW,nem,NSW1
2017-10-18 16:55:00,61.48,solar_utility,MW,nem,NSW1
2017-10-18 17:00:00,51.16,solar_utility,MW,nem,NSW1
2017-10-18 17:05:00,51.39,solar_utility,MW,nem,NSW1
2017-10-18 17:10:00,44.17,solar_utility,MW,nem,NSW1
2017-10-18 17:15:00,44.22,solar_utility,MW,nem,NSW1
2017-10-18 17:20:00,49.77,solar_utility,MW,nem,NSW1
2017-10-18 17:25:00,32.82,solar_utility,MW,nem,NSW1
2017-10-18 17:30:00,26.05,solar_utility,MW,nem,NSW1
2017-10-18 17:35:00,20.49,solar_utility,MW,nem,NSW1
2017-10-18 17:40:00,26.39,solar_utility,MW,nem,NSW1
2017-10-18 17:45:00,20.43,solar_utility,MW,nem,NSW1
2017-10-18 17:50:00,13.4,solar_utility,MW,nem,NSW1
2017-10-18 17:55:00,11.42,solar_utility,MW,nem,NSW1
2017-10-18 18:00:00,9.678,solar_utility,MW,nem,NSW1
2017-10-18 18:05:00,6.675,solar_utility,MW,nem,NSW1
2017-10-18 18:10:00,4.765,solar_utility,MW,nem,NSW1
2017-10-18 18:15:00,3.046,solar_utility,MW,nem,NSW1
2017-10-18 18:20:00,2.259,solar_utility,MW,nem,NSW1
2017-10-18 18:25:00,1.747,solar_utility,MW,nem,NSW1
2017-10-18 18:30:00,1.127,solar_utility,MW,nem,NSW1
2017-10-18 18:35:00,0.0,solar_utility,MW,nem,NSW1
2017-10-18 18:40:00,0.0,solar_utility,MW,nem,NSW1
2017-10-18 18:45:00,0.0,solar_utility,MW,nem,NSW1
2017-10-18 18:50:00,0.0,solar_utility,MW,nem,NSW1
2017-10-18 18:55:00,0.0,solar_utility,MW,nem,NSW1
2017-10-18 19:00:00,0.0,solar_utility,MW,nem,NSW1
2017-10-18 19:05:00,0.0,solar_utility,MW,nem,NSW1
2017-10-18 19:10:00,0.0,solar_utility,MW,nem,NSW1
2017-10-18 19:15:00,0.0,solar_utility,MW,nem,NSW1
2017-10-18 19:20:00,0.0,solar_utility,MW,nem,NSW1
2017-10-18 19:25:00,0.0,solar_utility,MW,nem,NSW1
2017-10-18 19:30:00,0.0,solar_utility,MW,nem,NSW1
2017-10-18 19:35:00,0.0,solar_utility,MW,nem,NSW1
2017-10-18 19:40:00,0.0,solar_utility,MW,nem,NSW1
2017-10-18 19:45:00,0.0,solar_utility,MW,nem,NSW1
2017-10-18 19:50:00,0.0,solar_utility,MW,nem,NSW1
2017-10-18 19:55:00,0.0,solar_utility,MW,nem,NSW1
2017-10-18 20:00:00,0.0,solar_utility,MW,nem,NSW1
2017-10-18 20:05:00,0.0,solar_utility,MW,nem,NSW1
2017-10-18 20:10:00,0.0,solar_utility,MW,nem,NSW1
2017-10-18 20:15:00,0.0,solar_utility,MW,nem,NSW1
2017-10-18 20:20:00,0.0,solar_utility,MW,nem,NSW1
2017-10-18 20:25:00,0.0,solar_utility,MW,nem,NSW1
2017-10-18 20:30:00,0.0,solar_utility,MW,nem,NSW1
2017-10-18 20:35:00,0.0,solar_utility,MW,nem,NSW1
2017-10-18 20:40:00,0.0,solar_utility,MW,nem,NSW1
2017-10-18 20:45:00,0.0,solar_utility,MW,nem,NSW1
2017-10-18 20:50:00,0.0,solar_utility,MW,nem,NSW1
2017-10-18 20:55:00,0.0,solar_utility,MW,nem,NSW1
2017-10-18 21:00:00,0.0,solar_utility,MW,nem,NSW1
2017-10-18 21:05:00,0.0,solar_utility,MW,nem,NSW1
2017-10-18 21:10:00,0.0,solar_utility,MW,nem,NSW1
2017-10-18 21:15:00,0.0,solar_utility,MW,nem,NSW1
2017-10-18 21:20:00,0.0,solar_utility,MW,nem,NSW1
2017-10-18 21:25:00,0.0,solar_utility,MW,nem,NSW1
2017-10-18 21:30:00,0.0,solar_utility,MW,nem,NSW1
2017-10-18 21:35:00,0.0,solar_utility,MW,nem,NSW1
2017-10-18 21:40:00,0.0,solar_utility,MW,nem,NSW1
2017-10-18 21:45:00,0.0,solar_utility,MW,nem,NSW1
2017-10-18 21:50:00,0.0,solar_utility,MW,nem,NSW1
2017-10-18 21:55:00,0.0,solar_utility,MW,nem,NSW1
2017-10-18 22:00:00,0.0,solar_utility,MW,nem,NSW1
2017-10-18 22:05:00,0.0,solar_utility,MW,nem,NSW1
2017-10-18 22:10:00,0.0,solar_utility,MW,nem,NSW1
2017-10-18 22:15:00,0.0,solar_utility,MW,nem,NSW1
2017-10-18 22:20:00,0.0,solar_utility,MW,nem,NSW1
2017-10-18 22:25:00,0.0,solar_utility,MW,nem,NSW1
2017-10-18 22:30:00,0.0,solar_utility,MW,nem,NSW1
2017-10-18 22:35:00,0.0,solar_utility,MW,nem,NSW1
2017-10-18 22:40:00,0.0,solar_utility,MW,nem,NSW1
2017-10-18 22:45:00,0.0,solar_utility,MW,nem,NSW1
2017-10-18 22:50:00,0.0,solar_utility,MW,nem,NSW1
2017-10-18 22:55:00,0.0,solar_utility,MW,nem,NSW1
2017-10-18 23:00:00,0.0,solar_utility,MW,nem,NSW1
2017-10-18 23:05:00,0.0,solar_utility,MW,nem,NSW1
2017-10-18 23:10:00,0.0,solar_utility,MW,nem,NSW1
2017-10-18 23:15:00,0.0,solar_utility,MW,nem,NSW1
2017-10-18 23:20:00,0.0,solar_utility,MW,nem,NSW1
2017-10-18 23:25:00,0.0,solar_utility,MW,nem,NSW1
2017-10-18 23:30:00,0.0,solar_utility,MW,nem,NSW1
2017-10-18 23:35:00,0.0,solar_utility,MW,nem,NSW1
2017-10-18 23:40:00,0.0,solar_utility,MW,nem,NSW1
2017-10-18 23:45:00,0.0,solar_utility,MW,nem,NSW1
2017-10-18 23:50:00,0.0,solar_utility,MW,nem,NSW1
2017-10-18 23:55:00,0.0,solar_utility,MW,nem,NSW1
2017-10-19 00:00:00,0.0,solar_utility,MW,nem,NSW1
2017-10-19 00:05:00,0.0,solar_utility,MW,nem,NSW1
2017-10-19 00:10:00,0.0,solar_utility,MW,nem,NSW1
2017-10-19 00:15:00,0.0,solar_utility,MW,nem,NSW1
2017-10-19 00:20:00,0.0,solar_utility,MW,nem,NSW1
2017-10-19 00:25:00,0.0,solar_utility,MW,nem,NSW1
2017-10-19 00:30:00,0.0,solar_utility,MW,nem,NSW1
2017-10-19 00:35:00,0.0,solar_utility,MW,nem,NSW1
2017-10-19 00:40:00,0.0,solar_utility,MW,nem,NSW1
2017-10-19 00:45:00,0.0,solar_utility,MW,nem,NSW1
2017-10-19 00:50:00,0.0,solar_utility,MW,nem,NSW1
2017-10-19 00:55:00,0.0,solar_utility,MW,nem,NSW1
2017-10-19 01:00:00,0.0,solar_utility,MW,nem,NSW1
2017-10-19 01:05:00,0.0,solar_utility,MW,nem,NSW1
2017-10-19 01:10:00,0.0,solar_utility,MW,nem,NSW1
2017-10-19 01:15:00,0.0,solar_utility,MW,nem,NSW1
2017-10-19 01:20:00,0.0,solar_utility,MW,nem,NSW1
2017-10-19 01:25:00,0.0,solar_utility,MW,nem,NSW1
2017-10-19 01:30:00,0.0,solar_utility,MW,nem,NSW1
2017-10-19 01:35:00,0.0,solar_utility,MW,nem,NSW1
2017-10-19 01:40:00,0.0,solar_utility,MW,nem,NSW1
2017-10-19 01:45:00,0.0,solar_utility,MW,nem,NSW1
2017-10-19 01:50:00,0.0,solar_utility,MW,nem,NSW1
2017-10-19 01:55:00,0.0,solar_utility,MW,nem,NSW1
2017-10-19 02:00:00,0.0,solar_utility,MW,nem,NSW1
2017-10-19 02:05:00,0.0,solar_utility,MW,nem,NSW1
2017-10-19 02:10:00,0.0,solar_utility,MW,nem,NSW1
2017-10-19 02:15:00,0.0,solar_utility,MW,nem,NSW1
2017-10-19 02:20:00,0.0,solar_utility,MW,nem,NSW1
2017-10-19 02:25:00,0.0,solar_utility,MW,nem,NSW1
2017-10-19 02:30:00,0.0,solar_utility,MW,nem,NSW1
2017-10-19 02:35:00,0.0,solar_utility,MW,nem,NSW1
2017-10-19 02:40:00,0.0,solar_utility,MW,nem,NSW1
2017-10-19 02:45:00,0.0,solar_utility,MW,nem,NSW1
2017-10-19 02:50:00,0.0,solar_utility,MW,nem,NSW1
2017-10-19 02:55:00,0.0,solar_utility,MW,nem,NSW1
2017-10-19 03:00:00,0.0,solar_utility,MW,nem,NSW1
2017-10-19 03:05:00,0.0,solar_utility,MW,nem,NSW1
2017-10-19 03:10:00,0.0,solar_utility,MW,nem,NSW1
2017-10-19 03:15:00,0.0,solar_utility,MW,nem,NSW1
2017-10-19 03:20:00,0.0,solar_utility,MW,nem,NSW1
2017-10-19 03:25:00,0.0,solar_utility,MW,nem,NSW1
2017-10-19 03:30:00,0.0,solar_utility,MW,nem,NSW1
2017-10-19 03:35:00,0.0,solar_utility,MW,nem,NSW1
2017-10-19 03:40:00,0.0,solar_utility,MW,nem,NSW1
2017-10-19 03:45:00,0.0,solar_utility,MW,nem,NSW1
2017-10-19 03:50:00,0.0,solar_utility,MW,nem,NSW1
2017-10-19 03:55:00,0.0,solar_utility,MW,nem,NSW1
2017-10-19 04:00:00,0.0,solar_utility,MW,nem,NSW1
2017-10-19 04:05:00,0.0,solar_utility,MW,nem,NSW1
2017-10-19 04:10:00,0.0,solar_utility,MW,nem,NSW1
2017-10-19 04:15:00,0.0,solar_utility,MW,nem,NSW1
2017-10-19 04:20:00,0.0,solar_utility,MW,nem,NSW1
2017-10-19 04:25:00,0.0,solar_utility,MW,nem,NSW1
2017-10-19 04:30:00,0.0,solar_utility,MW,nem,NSW1
2017-10-19 04:35:00,0.0,solar_utility,MW,nem,NSW1
2017-10-19 04:40:00,0.0,solar_utility,MW,nem,NSW1
2017-10-19 04:45:00,0.0,solar_utility,MW,nem,NSW1
2017-10-19 04:50:00,0.0,solar_utility,MW,nem,NSW1
2017-10-19 04:55:00,0.0,solar_utility,MW,nem,NSW1
2017-10-19 05:00:00,0.0,solar_utility,MW,nem,NSW1
2017-10-19 05:05:00,0.0,solar_utility,MW,nem,NSW1
2017-10-19 05:10:00,0.0,solar_utility,MW,nem,NSW1
2017-10-19 05:15:00,0.0,solar_utility,MW,nem,NSW1
2017-10-19 05:20:00,0.0,solar_utility,MW,nem,NSW1
2017-10-19 05:25:00,0.0,solar_utility,MW,nem,NSW1
2017-10-19 05:30:00,0.0,solar_utility,MW,nem,NSW1
2017-10-19 05:35:00,0.048,solar_utility,MW,nem,NSW1
2017-10-19 05:40:00,0.4805,solar_utility,MW,nem,NSW1
2017-10-19 05:45:00,1.798,solar_utility,MW,nem,NSW1
2017-10-19 05:50:00,2.682,solar_utility,MW,nem,NSW1
2017-10-19 05:55:00,4.634,solar_utility,MW,nem,NSW1
2017-10-19 06:00:00,7.262,solar_utility,MW,nem,NSW1
2017-10-19 06:05:00,9.855,solar_utility,MW,nem,NSW1
2017-10-19 06:10:00,13.5,solar_utility,MW,nem,NSW1
2017-10-19 06:15:00,15.55,solar_utility,MW,nem,NSW1
2017-10-19 06:20:00,16.57,solar_utility,MW,nem,NSW1
2017-10-19 06:25:00,20.57,solar_utility,MW,nem,NSW1
2017-10-19 06:30:00,26.75,solar_utility,MW,nem,NSW1
2017-10-19 06:35:00,30.68,solar_utility,MW,nem,NSW1
2017-10-19 06:40:00,31.61,solar_utility,MW,nem,NSW1
2017-10-19 06:45:00,37.69,solar_utility,MW,nem,NSW1
2017-10-19 06:50:00,49.02,solar_utility,MW,nem,NSW1
2017-10-19 06:55:00,72.47,solar_utility,MW,nem,NSW1
2017-10-19 07:00:00,99.62,solar_utility,MW,nem,NSW1
2017-10-19 07:05:00,107.2,solar_utility,MW,nem,NSW1
2017-10-19 07:10:00,116.5,solar_utility,MW,nem,NSW1
2017-10-19 07:15:00,126.7,solar_utility,MW,nem,NSW1
2017-10-19 07:20:00,135.0,solar_utility,MW,nem,NSW1
2017-10-19 07:25:00,136.5,solar_utility,MW,nem,NSW1
2017-10-19 07:30:00,131.3,solar_utility,MW,nem,NSW1
2017-10-19 07:35:00,135.4,solar_utility,MW,nem,NSW1
2017-10-19 07:40:00,139.1,solar_utility,MW,nem,NSW1
2017-10-19 07:45:00,133.1,solar_utility,MW,nem,NSW1
2017-10-19 07:50:00,126.9,solar_utility,MW,nem,NSW1
2017-10-19 07:55:00,135.3,solar_utility,MW,nem,NSW1
2017-10-19 08:00:00,139.4,solar_utility,MW,nem,NSW1
2017-10-19 08:05:00,137.4,solar_utility,MW,nem,NSW1
2017-10-19 08:10:00,149.0,solar_utility,MW,nem,NSW1
2017-10-19 08:15:00,167.9,solar_utility,MW,nem,NSW1
2017-10-19 08:20:00,148.1,solar_utility,MW,nem,NSW1
2017-10-19 08:25:00,166.7,solar_utility,MW,nem,NSW1
2017-10-19 08:30:00,170.7,solar_utility,MW,nem,NSW1
2017-10-19 08:35:00,175.7,solar_utility,MW,nem,NSW1
2017-10-19 08:40:00,170.8,solar_utility,MW,nem,NSW1
2017-10-19 08:45:00,192.0,solar_utility,MW,nem,NSW1
2017-10-19 08:50:00,211.1,solar_utility,MW,nem,NSW1
2017-10-19 08:55:00,207.4,solar_utility,MW,nem,NSW1
2017-10-19 09:00:00,198.3,solar_utility,MW,nem,NSW1
2017-10-19 09:05:00,170.4,solar_utility,MW,nem,NSW1
2017-10-19 09:10:00,166.3,solar_utility,MW,nem,NSW1
2017-10-19 09:15:00,163.7,solar_utility,MW,nem,NSW1
2017-10-19 09:20:00,175.8,solar_utility,MW,nem,NSW1
2017-10-19 09:25:00,195.5,solar_utility,MW,nem,NSW1
2017-10-19 09:30:00,227.6,solar_utility,MW,nem,NSW1
2017-10-19 09:35:00,215.4,solar_utility,MW,nem,NSW1
2017-10-19 09:40:00,230.2,solar_utility,MW,nem,NSW1
2017-10-19 09:45:00,222.8,solar_utility,MW,nem,NSW1
2017-10-19 09:50:00,210.5,solar_utility,MW,nem,NSW1
2017-10-19 09:55:00,204.9,solar_utility,MW,nem,NSW1
2017-10-19 10:00:00,204.0,solar_utility,MW,nem,NSW1
2017-10-19 10:05:00,206.8,solar_utility,MW,nem,NSW1
2017-10-19 10:10:00,207.3,solar_utility,MW,nem,NSW1
2017-10-19 10:15:00,209.1,solar_utility,MW,nem,NSW1
2017-10-19 10:20:00,209.2,solar_utility,MW,nem,NSW1
2017-10-19 10:25:00,212.0,solar_utility,MW,nem,NSW1
2017-10-19 10:30:00,209.8,solar_utility,MW,nem,NSW1
2017-10-19 10:35:00,204.6,solar_utility,MW,nem,NSW1
2017-10-19 10:40:00,207.7,solar_utility,MW,nem,NSW1
2017-10-19 10:45:00,223.3,solar_utility,MW,nem,NSW1
2017-10-19 10:50:00,218.3,solar_utility,MW,nem,NSW1
2017-10-19 10:55:00,213.8,solar_utility,MW,nem,NSW1
2017-10-19 11:00:00,195.3,solar_utility,MW,nem,NSW1
2017-10-19 11:05:00,191.5,solar_utility,MW,nem,NSW1
2017-10-19 11:10:00,200.5,solar_utility,MW,nem,NSW1
2017-10-19 11:15:00,203.1,solar_utility,MW,nem,NSW1
2017-10-19 11:20:00,227.8,solar_utility,MW,nem,NSW1
2017-10-19 11:25:00,204.6,solar_utility,MW,nem,NSW1
2017-10-19 11:30:00,192.0,solar_utility,MW,nem,NSW1
2017-10-19 11:35:00,141.1,solar_utility,MW,nem,NSW1
2017-10-19 11:40:00,194.5,solar_utility,MW,nem,NSW1
2017-10-19 11:45:00,219.0,solar_utility,MW,nem,NSW1
2017-10-19 11:50:00,212.8,solar_utility,MW,nem,NSW1
2017-10-19 11:55:00,220.3,solar_utility,MW,nem,NSW1
2017-10-19 12:00:00,215.6,solar_utility,MW,nem,NSW1
2017-10-19 12:05:00,208.1,solar_utility,MW,nem,NSW1
2017-10-19 12:10:00,170.9,solar_utility,MW,nem,NSW1
2017-10-19 12:15:00,196.3,solar_utility,MW,nem,NSW1
2017-10-19 12:20:00,197.2,solar_utility,MW,nem,NSW1
2017-10-19 12:25:00,187.9,solar_utility,MW,nem,NSW1
2017-10-19 12:30:00,201.0,solar_utility,MW,nem,NSW1
2017-10-19 12:35:00,201.9,solar_utility,MW,nem,NSW1
2017-10-19 12:40:00,205.5,solar_utility,MW,nem,NSW1
2017-10-19 12:45:00,188.0,solar_utility,MW,nem,NSW1
2017-10-19 12:50:00,201.3,solar_utility,MW,nem,NSW1
2017-10-19 12:55:00,172.2,solar_utility,MW,nem,NSW1
2017-10-19 13:00:00,189.1,solar_utility,MW,nem,NSW1
2017-10-19 13:05:00,195.0,solar_utility,MW,nem,NSW1
2017-10-19 13:10:00,191.4,solar_utility,MW,nem,NSW1
2017-10-19 13:15:00,195.1,solar_utility,MW,nem,NSW1
2017-10-19 13:20:00,220.6,solar_utility,MW,nem,NSW1
2017-10-19 13:25:00,220.7,solar_utility,MW,nem,NSW1
2017-10-19 13:30:00,207.8,solar_utility,MW,nem,NSW1
2017-10-19 13:35:00,186.1,solar_utility,MW,nem,NSW1
2017-10-19 13:40:00,190.1,solar_utility,MW,nem,NSW1
2017-10-19 13:45:00,151.2,solar_utility,MW,nem,NSW1
2017-10-19 13:50:00,164.9,solar_utility,MW,nem,NSW1
2017-10-19 13:55:00,167.3,solar_utility,MW,nem,NSW1
2017-10-19 14:00:00,159.3,solar_utility,MW,nem,NSW1
2017-10-19 14:05:00,117.3,solar_utility,MW,nem,NSW1
2017-10-19 14:10:00,117.4,solar_utility,MW,nem,NSW1
2017-10-19 14:15:00,141.7,solar_utility,MW,nem,NSW1
2017-10-19 14:20:00,153.8,solar_utility,MW,nem,NSW1
2017-10-19 14:25:00,136.8,solar_utility,MW,nem,NSW1
2017-10-19 14:30:00,144.2,solar_utility,MW,nem,NSW1
2017-10-19 14:35:00,147.2,solar_utility,MW,nem,NSW1
2017-10-19 14:40:00,156.6,solar_utility,MW,nem,NSW1
2017-10-19 14:45:00,153.9,solar_utility,MW,nem,NSW1
2017-10-19 14:50:00,123.2,solar_utility,MW,nem,NSW1
2017-10-19 14:55:00,140.4,solar_utility,MW,nem,NSW1
2017-10-19 15:00:00,152.5,solar_utility,MW,nem,NSW1
2017-10-19 15:05:00,154.6,solar_utility,MW,nem,NSW1
2017-10-19 15:10:00,116.0,solar_utility,MW,nem,NSW1
2017-10-19 15:15:00,105.6,solar_utility,MW,nem,NSW1
2017-10-19 15:20:00,122.2,solar_utility,MW,nem,NSW1
2017-10-19 15:25:00,125.8,solar_utility,MW,nem,NSW1
2017-10-19 15:30:00,120.9,solar_utility,MW,nem,NSW1
2017-10-19 15:35:00,119.3,solar_utility,MW,nem,NSW1
2017-10-19 15:40:00,109.3,solar_utility,MW,nem,NSW1
2017-10-19 15:45:00,79.14,solar_utility,MW,nem,NSW1
2017-10-19 15:50:00,78.87,solar_utility,MW,nem,NSW1
2017-10-19 15:55:00,78.3,solar_utility,MW,nem,NSW1
2017-10-19 16:00:00,76.09,solar_utility,MW,nem,NSW1
2017-10-19 16:05:00,75.66,solar_utility,MW,nem,NSW1
2017-10-19 16:10:00,75.26,solar_utility,MW,nem,NSW1
2017-10-19 16:15:00,71.86,solar_utility,MW,nem,NSW1
2017-10-19 16:20:00,83.71,solar_utility,MW,nem,NSW1
2017-10-19 16:25:00,60.1,solar_utility,MW,nem,NSW1
2017-10-19 16:30:00,45.44,solar_utility,MW,nem,NSW1
2017-10-19 16:35:00,86.89,solar_utility,MW,nem,NSW1
2017-10-19 16:40:00,91.99,solar_utility,MW,nem,NSW1
2017-10-19 16:45:00,64.65,solar_utility,MW,nem,NSW1
2017-10-19 16:50:00,54.35,solar_utility,MW,nem,NSW1
2017-10-19 16:55:00,48.53,solar_utility,MW,nem,NSW1
2017-10-19 17:00:00,60.19,solar_utility,MW,nem,NSW1
2017-10-19 17:05:00,37.17,solar_utility,MW,nem,NSW1
2017-10-19 17:10:00,28.17,solar_utility,MW,nem,NSW1
2017-10-19 17:15:00,33.73,solar_utility,MW,nem,NSW1
2017-10-19 17:20:00,17.58,solar_utility,MW,nem,NSW1
2017-10-19 17:25:00,12.03,solar_utility,MW,nem,NSW1
2017-10-19 17:30:00,14.33,solar_utility,MW,nem,NSW1
2017-10-19 17:35:00,11.86,solar_utility,MW,nem,NSW1
2017-10-19 17:40:00,9.173,solar_utility,MW,nem,NSW1
2017-10-19 17:45:00,8.307,solar_utility,MW,nem,NSW1
2017-10-19 17:50:00,8.519,solar_utility,MW,nem,NSW1
2017-10-19 17:55:00,8.588,solar_utility,MW,nem,NSW1
2017-10-19 18:00:00,7.017,solar_utility,MW,nem,NSW1
2017-10-19 18:05:00,5.243,solar_utility,MW,nem,NSW1
2017-10-19 18:10:00,3.002,solar_utility,MW,nem,NSW1
2017-10-19 18:15:00,1.831,solar_utility,MW,nem,NSW1
2017-10-19 18:20:00,1.421,solar_utility,MW,nem,NSW1
2017-10-19 18:25:00,0.397,solar_utility,MW,nem,NSW1
2017-10-19 18:30:00,0.397,solar_utility,MW,nem,NSW1
2017-10-19 18:35:00,0.397,solar_utility,MW,nem,NSW1
2017-10-19 18:40:00,0.397,solar_utility,MW,nem,NSW1
2017-10-19 18:45:00,0.397,solar_utility,MW,nem,NSW1
2017-10-19 18:50:00,0.397,solar_utility,MW,nem,NSW1
2017-10-19 18:55:00,0.397,solar_utility,MW,nem,NSW1
2017-10-19 19:00:00,0.397,solar_utility,MW,nem,NSW1
2017-10-19 19:05:00,0.397,solar_utility,MW,nem,NSW1
2017-10-19 19:10:00,0.397,solar_utility,MW,nem,NSW1
2017-10-19 19:15:00,0.397,solar_utility,MW,nem,NSW1
2017-10-19 19:20:00,0.397,solar_utility,MW,nem,NSW1
2017-10-19 19:25:00,0.397,solar_utility,MW,nem,NSW1
2017-10-19 19:30:00,0.397,solar_utility,MW,nem,NSW1
2017-10-19 19:35:00,0.397,solar_utility,MW,nem,NSW1
2017-10-19 19:40:00,0.397,solar_utility,MW,nem,NSW1
2017-10-19 19:45:00,0.397,solar_utility,MW,nem,NSW1
2017-10-19 19:50:00,0.397,solar_utility,MW,nem,NSW1
2017-10-19 19:55:00,0.397,solar_utility,MW,nem,NSW1
2017-10-19 20:00:00,0.397,solar_utility,MW,nem,NSW1
2017-10-19 20:05:00,0.397,solar_utility,MW,nem,NSW1
2017-10-19 20:10:00,0.397,solar_utility,MW,nem,NSW1
2017-10-19 20:15:00,0.397,solar_utility,MW,nem,NSW1
2017-10-19 20:20:00,0.397,solar_utility,MW,nem,NSW1
2017-10-19 20:25:00,0.397,solar_utility,MW,nem,NSW1
2017-10-19 20:30:00,0.397,solar_utility,MW,nem,NSW1
2017-10-19 20:35:00,0.397,solar_utility,MW,nem,NSW1
2017-10-19 20:40:00,0.397,solar_utility,MW,nem,NSW1
2017-10-19 20:45:00,0.397,solar_utility,MW,nem,NSW1
2017-10-19 20:50:00,0.397,solar_utility,MW,nem,NSW1
2017-10-19 20:55:00,0.397,solar_utility,MW,nem,NSW1
2017-10-19 21:00:00,0.397,solar_utility,MW,nem,NSW1
2017-10-19 21:05:00,0.397,solar_utility,MW,nem,NSW1
2017-10-19 21:10:00,0.397,solar_utility,MW,nem,NSW1
2017-10-19 21:15:00,0.397,solar_utility,MW,nem,NSW1
2017-10-19 21:20:00,0.397,solar_utility,MW,nem,NSW1
2017-10-19 21:25:00,0.397,solar_utility,MW,nem,NSW1
2017-10-19 21:30:00,0.397,solar_utility,MW,nem,NSW1
2017-10-19 21:35:00,0.397,solar_utility,MW,nem,NSW1
2017-10-19 21:40:00,0.397,solar_utility,MW,nem,NSW1
2017-10-19 21:45:00,0.397,solar_utility,MW,nem,NSW1
2017-10-19 21:50:00,0.397,solar_utility,MW,nem,NSW1
2017-10-19 21:55:00,0.397,solar_utility,MW,nem,NSW1
2017-10-19 22:00:00,0.397,solar_utility,MW,nem,NSW1
2017-10-19 22:05:00,0.397,solar_utility,MW,nem,NSW1
2017-10-19 22:10:00,0.397,solar_utility,MW,nem,NSW1
2017-10-19 22:15:00,0.397,solar_utility,MW,nem,NSW1
2017-10-19 22:20:00,0.397,solar_utility,MW,nem,NSW1
2017-10-19 22:25:00,0.397,solar_utility,MW,nem,NSW1
2017-10-19 22:30:00,0.397,solar_utility,MW,nem,NSW1
2017-10-19 22:35:00,0.397,solar_utility,MW,nem,NSW1
2017-10-19 22:40:00,0.397,solar_utility,MW,nem,NSW1
2017-10-19 22:45:00,0.397,solar_utility,MW,nem,NSW1
2017-10-19 22:50:00,0.397,solar_utility,MW,nem,NSW1
2017-10-19 22:55:00,0.397,solar_utility,MW,nem,NSW1
2017-10-19 23:00:00,0.397,solar_utility,MW,nem,NSW1
2017-10-19 23:05:00,0.397,solar_utility,MW,nem,NSW1
2017-10-19 23:10:00,0.397,solar_utility,MW,nem,NSW1
2017-10-19 23:15:00,0.397,solar_utility,MW,nem,NSW1
2017-10-19 23:20:00,0.397,solar_utility,MW,nem,NSW1
2017-10-19 23:25:00,0.397,solar_utility,MW,nem,NSW1
2017-10-19 23:30:00,0.397,solar_utility,MW,nem,NSW1
2017-10-19 23:35:00,0.397,solar_utility,MW,nem,NSW1
2017-10-19 23:40:00,0.397,solar_utility,MW,nem,NSW1
2017-10-19 23:45:00,0.397,solar_utility,MW,nem,NSW1
2017-10-19 23:50:00,0.397,solar_utility,MW,nem,NSW1
2017-10-19 23:55:00,0.397,solar_utility,MW,nem,NSW1
2017-10-20 00:00:00,0.397,solar_utility,MW,nem,NSW1
2017-10-20 00:05:00,0.397,solar_utility,MW,nem,NSW1
2017-10-20 00:10:00,0.397,solar_utility,MW,nem,NSW1
2017-10-20 00:15:00,0.397,solar_utility,MW,nem,NSW1
2017-10-20 00:20:00,0.397,solar_utility,MW,nem,NSW1
2017-10-20 00:25:00,0.397,solar_utility,MW,nem,NSW1
2017-10-20 00:30:00,0.397,solar_utility,MW,nem,NSW1
2017-10-20 00:35:00,0.397,solar_utility,MW,nem,NSW1
2017-10-20 00:40:00,0.397,solar_utility,MW,nem,NSW1
2017-10-20 00:45:00,0.397,solar_utility,MW,nem,NSW1
2017-10-20 00:50:00,0.397,solar_utility,MW,nem,NSW1
2017-10-20 00:55:00,0.397,solar_utility,MW,nem,NSW1
2017-10-20 01:00:00,0.397,solar_utility,MW,nem,NSW1
2017-10-20 01:05:00,0.397,solar_utility,MW,nem,NSW1
2017-10-20 01:10:00,0.397,solar_utility,MW,nem,NSW1
2017-10-20 01:15:00,0.397,solar_utility,MW,nem,NSW1
2017-10-20 01:20:00,0.397,solar_utility,MW,nem,NSW1
2017-10-20 01:25:00,0.397,solar_utility,MW,nem,NSW1
2017-10-20 01:30:00,0.397,solar_utility,MW,nem,NSW1
2017-10-20 01:35:00,0.397,solar_utility,MW,nem,NSW1
2017-10-20 01:40:00,0.397,solar_utility,MW,nem,NSW1
2017-10-20 01:45:00,0.397,solar_utility,MW,nem,NSW1
2017-10-20 01:50:00,0.397,solar_utility,MW,nem,NSW1
2017-10-20 01:55:00,0.397,solar_utility,MW,nem,NSW1
2017-10-20 02:00:00,0.397,solar_utility,MW,nem,NSW1
2017-10-20 02:05:00,0.397,solar_utility,MW,nem,NSW1
2017-10-20 02:10:00,0.397,solar_utility,MW,nem,NSW1
2017-10-20 02:15:00,0.397,solar_utility,MW,nem,NSW1
2017-10-20 02:20:00,0.397,solar_utility,MW,nem,NSW1
2017-10-20 02:25:00,0.397,solar_utility,MW,nem,NSW1
2017-10-20 02:30:00,0.397,solar_utility,MW,nem,NSW1
2017-10-20 02:35:00,0.397,solar_utility,MW,nem,NSW1
2017-10-20 02:40:00,0.397,solar_utility,MW,nem,NSW1
2017-10-20 02:45:00,0.397,solar_utility,MW,nem,NSW1
2017-10-20 02:50:00,0.397,solar_utility,MW,nem,NSW1
2017-10-20 02:55:00,0.397,solar_utility,MW,nem,NSW1
2017-10-20 03:00:00,0.397,solar_utility,MW,nem,NSW1
2017-10-20 03:05:00,0.397,solar_utility,MW,nem,NSW1
2017-10-20 03:10:00,0.397,solar_utility,MW,nem,NSW1
2017-10-20 03:15:00,0.397,solar_utility,MW,nem,NSW1
2017-10-20 03:20:00,0.397,solar_utility,MW,nem,NSW1
2017-10-20 03:25:00,0.397,solar_utility,MW,nem,NSW1
2017-10-20 03:30:00,0.397,solar_utility,MW,nem,NSW1
2017-10-20 03:35:00,0.397,solar_utility,MW,nem,NSW1
2017-10-20 03:40:00,0.397,solar_utility,MW,nem,NSW1
2017-10-20 03:45:00,0.397,solar_utility,MW,nem,NSW1
2017-10-20 03:50:00,0.397,solar_utility,MW,nem,NSW1
2017-10-20 03:55:00,0.397,solar_utility,MW,nem,NSW1
2017-10-20 04:00:00,0.397,solar_utility,MW,nem,NSW1
2017-10-20 04:05:00,0.397,solar_utility,MW,nem,NSW1
2017-10-20 04:10:00,0.397,solar_utility,MW,nem,NSW1
2017-10-20 04:15:00,0.397,solar_utility,MW,nem,NSW1
2017-10-20 04:20:00,0.397,solar_utility,MW,nem,NSW1
2017-10-20 04:25:00,0.397,solar_utility,MW,nem,NSW1
2017-10-20 04:30:00,0.397,solar_utility,MW,nem,NSW1
2017-10-20 04:35:00,0.397,solar_utility,MW,nem,NSW1
2017-10-20 04:40:00,0.397,solar_utility,MW,nem,NSW1
2017-10-20 04:45:00,0.397,solar_utility,MW,nem,NSW1
2017-10-20 04:50:00,0.397,solar_utility,MW,nem,NSW1
2017-10-20 04:55:00,0.397,solar_utility,MW,nem,NSW1
2017-10-20 05:00:00,0.397,solar_utility,MW,nem,NSW1
2017-10-20 05:05:00,0.397,solar_utility,MW,nem,NSW1
2017-10-20 05:10:00,0.397,solar_utility,MW,nem,NSW1
2017-10-20 05:15:00,0.397,solar_utility,MW,nem,NSW1
2017-10-20 05:20:00,0.397,solar_utility,MW,nem,NSW1
2017-10-20 05:25:00,0.397,solar_utility,MW,nem,NSW1
2017-10-20 05:30:00,0.397,solar_utility,MW,nem,NSW1
2017-10-20 05:35:00,0.461,solar_utility,MW,nem,NSW1
2017-10-20 05:40:00,0.509,solar_utility,MW,nem,NSW1
2017-10-20 05:45:00,1.037,solar_utility,MW,nem,NSW1
2017-10-20 05:50:00,1.443,solar_utility,MW,nem,NSW1
2017-10-20 05:55:00,1.891,solar_utility,MW,nem,NSW1
2017-10-20 06:00:00,4.034,solar_utility,MW,nem,NSW1
2017-10-20 06:05:00,5.161,solar_utility,MW,nem,NSW1
2017-10-20 06:10:00,3.357,solar_utility,MW,nem,NSW1
2017-10-20 06:15:00,4.776,solar_utility,MW,nem,NSW1
2017-10-20 06:20:00,6.753,solar_utility,MW,nem,NSW1
2017-10-20 06:25:00,7.925,solar_utility,MW,nem,NSW1
2017-10-20 06:30:00,9.051,solar_utility,MW,nem,NSW1
2017-10-20 06:35:00,9.682,solar_utility,MW,nem,NSW1
2017-10-20 06:40:00,11.74,solar_utility,MW,nem,NSW1
2017-10-20 06:45:00,14.3,solar_utility,MW,nem,NSW1
2017-10-20 06:50:00,16.05,solar_utility,MW,nem,NSW1
2017-10-20 06:55:00,18.7,solar_utility,MW,nem,NSW1
2017-10-20 07:00:00,23.95,solar_utility,MW,nem,NSW1
2017-10-20 07:05:00,40.55,solar_utility,MW,nem,NSW1
2017-10-20 07:10:00,30.98,solar_utility,MW,nem,NSW1
2017-10-20 07:15:00,40.04,solar_utility,MW,nem,NSW1
2017-10-20 07:20:00,41.56,solar_utility,MW,nem,NSW1
2017-10-20 07:25:00,52.2,solar_utility,MW,nem,NSW1
2017-10-20 07:30:00,48.9,solar_utility,MW,nem,NSW1
2017-10-20 07:35:00,44.18,solar_utility,MW,nem,NSW1
2017-10-20 07:40:00,51.82,solar_utility,MW,nem,NSW1
2017-10-20 07:45:00,55.89,solar_utility,MW,nem,NSW1
2017-10-20 07:50:00,53.8,solar_utility,MW,nem,NSW1
2017-10-20 07:55:00,49.05,solar_utility,MW,nem,NSW1
2017-10-20 08:00:00,47.7,solar_utility,MW,nem,NSW1
2017-10-20 08:05:00,49.65,solar_utility,MW,nem,NSW1
2017-10-20 08:10:00,50.78,solar_utility,MW,nem,NSW1
2017-10-20 08:15:00,50.53,solar_utility,MW,nem,NSW1
2017-10-20 08:20:00,56.11,solar_utility,MW,nem,NSW1
2017-10-20 08:25:00,67.13,solar_utility,MW,nem,NSW1
2017-10-20 08:30:00,66.11,solar_utility,MW,nem,NSW1
2017-10-20 08:35:00,59.43,solar_utility,MW,nem,NSW1
2017-10-20 08:40:00,70.31,solar_utility,MW,nem,NSW1
2017-10-20 08:45:00,68.26,solar_utility,MW,nem,NSW1
2017-10-20 08:50:00,72.56,solar_utility,MW,nem,NSW1
2017-10-20 08:55:00,75.11,solar_utility,MW,nem,NSW1
2017-10-20 09:00:00,72.59,solar_utility,MW,nem,NSW1
2017-10-20 09:05:00,71.86,solar_utility,MW,nem,NSW1
2017-10-20 09:10:00,67.55,solar_utility,MW,nem,NSW1
2017-10-20 09:15:00,75.46,solar_utility,MW,nem,NSW1
2017-10-20 09:20:00,89.13,solar_utility,MW,nem,NSW1
2017-10-20 09:25:00,87.74,solar_utility,MW,nem,NSW1
2017-10-20 09:30:00,97.97,solar_utility,MW,nem,NSW1
2017-10-20 09:35:00,100.5,solar_utility,MW,nem,NSW1
2017-10-20 09:40:00,107.7,solar_utility,MW,nem,NSW1
2017-10-20 09:45:00,109.9,solar_utility,MW,nem,NSW1
2017-10-20 09:50:00,99.37,solar_utility,MW,nem,NSW1
2017-10-20 09:55:00,95.7,solar_utility,MW,nem,NSW1
2017-10-20 10:00:00,91.74,solar_utility,MW,nem,NSW1
2017-10-20 10:05:00,95.95,solar_utility,MW,nem,NSW1
2017-10-20 10:10:00,104.7,solar_utility,MW,nem,NSW1
2017-10-20 10:15:00,115.3,solar_utility,MW,nem,NSW1
2017-10-20 10:20:00,109.6,solar_utility,MW,nem,NSW1
2017-10-20 10:25:00,108.4,solar_utility,MW,nem,NSW1
2017-10-20 10:30:00,112.7,solar_utility,MW,nem,NSW1
2017-10-20 10:35:00,115.4,solar_utility,MW,nem,NSW1
2017-10-20 10:40:00,115.2,solar_utility,MW,nem,NSW1
2017-10-20 10:45:00,127.8,solar_utility,MW,nem,NSW1
2017-10-20 10:50:00,144.9,solar_utility,MW,nem,NSW1
2017-10-20 10:55:00,119.2,solar_utility,MW,nem,NSW1
2017-10-20 11:00:00,113.3,solar_utility,MW,nem,NSW1
2017-10-20 11:05:00,109.4,solar_utility,MW,nem,NSW1
2017-10-20 11:10:00,114.0,solar_utility,MW,nem,NSW1
2017-10-20 11:15:00,122.2,solar_utility,MW,nem,NSW1
2017-10-20 11:20:00,128.3,solar_utility,MW,nem,NSW1
2017-10-20 11:25:00,151.2,solar_utility,MW,nem,NSW1
2017-10-20 11:30:00,155.8,solar_utility,MW,nem,NSW1
2017-10-20 11:35:00,151.1,solar_utility,MW,nem,NSW1
2017-10-20 11:40:00,155.8,solar_utility,MW,nem,NSW1
2017-10-20 11:45:00,144.5,solar_utility,MW,nem,NSW1
2017-10-20 11:50:00,142.5,solar_utility,MW,nem,NSW1
2017-10-20 11:55:00,142.8,solar_utility,MW,nem,NSW1
2017-10-20 12:00:00,139.1,solar_utility,MW,nem,NSW1
2017-10-20 12:05:00,130.4,solar_utility,MW,nem,NSW1
2017-10-20 12:10:00,149.2,solar_utility,MW,nem,NSW1
2017-10-20 12:15:00,149.0,solar_utility,MW,nem,NSW1
2017-10-20 12:20:00,152.8,solar_utility,MW,nem,NSW1
2017-10-20 12:25:00,140.0,solar_utility,MW,nem,NSW1
2017-10-20 12:30:00,137.7,solar_utility,MW,nem,NSW1
2017-10-20 12:35:00,132.4,solar_utility,MW,nem,NSW1
2017-10-20 12:40:00,144.5,solar_utility,MW,nem,NSW1
2017-10-20 12:45:00,142.4,solar_utility,MW,nem,NSW1
2017-10-20 12:50:00,139.9,solar_utility,MW,nem,NSW1
2017-10-20 12:55:00,120.3,solar_utility,MW,nem,NSW1
2017-10-20 13:00:00,119.8,solar_utility,MW,nem,NSW1
2017-10-20 13:05:00,130.1,solar_utility,MW,nem,NSW1
2017-10-20 13:10:00,119.1,solar_utility,MW,nem,NSW1
2017-10-20 13:15:00,112.0,solar_utility,MW,nem,NSW1
2017-10-20 13:20:00,113.0,solar_utility,MW,nem,NSW1
2017-10-20 13:25:00,135.6,solar_utility,MW,nem,NSW1
2017-10-20 13:30:00,108.7,solar_utility,MW,nem,NSW1
2017-10-20 13:35:00,114.1,solar_utility,MW,nem,NSW1
2017-10-20 13:40:00,122.3,solar_utility,MW,nem,NSW1
2017-10-20 13:45:00,120.0,solar_utility,MW,nem,NSW1
2017-10-20 13:50:00,122.8,solar_utility,MW,nem,NSW1
2017-10-20 13:55:00,119.3,solar_utility,MW,nem,NSW1
2017-10-20 14:00:00,114.9,solar_utility,MW,nem,NSW1
2017-10-20 14:05:00,145.4,solar_utility,MW,nem,NSW1
2017-10-20 14:10:00,126.2,solar_utility,MW,nem,NSW1
2017-10-20 14:15:00,146.6,solar_utility,MW,nem,NSW1
2017-10-20 14:20:00,130.7,solar_utility,MW,nem,NSW1
2017-10-20 14:25:00,130.8,solar_utility,MW,nem,NSW1
2017-10-20 14:30:00,162.2,solar_utility,MW,nem,NSW1
2017-10-20 14:35:00,126.6,solar_utility,MW,nem,NSW1
2017-10-20 14:40:00,116.4,solar_utility,MW,nem,NSW1
2017-10-20 14:45:00,112.4,solar_utility,MW,nem,NSW1
2017-10-20 14:50:00,117.3,solar_utility,MW,nem,NSW1
2017-10-20 14:55:00,119.5,solar_utility,MW,nem,NSW1
2017-10-20 15:00:00,117.3,solar_utility,MW,nem,NSW1
2017-10-20 15:05:00,110.1,solar_utility,MW,nem,NSW1
2017-10-20 15:10:00,119.8,solar_utility,MW,nem,NSW1
2017-10-20 15:15:00,112.0,solar_utility,MW,nem,NSW1
2017-10-20 15:20:00,107.5,solar_utility,MW,nem,NSW1
2017-10-20 15:25:00,103.2,solar_utility,MW,nem,NSW1
2017-10-20 15:30:00,96.39,solar_utility,MW,nem,NSW1
2017-10-20 15:35:00,97.39,solar_utility,MW,nem,NSW1
2017-10-20 15:40:00,107.6,solar_utility,MW,nem,NSW1
2017-10-20 15:45:00,82.32,solar_utility,MW,nem,NSW1
2017-10-20 15:50:00,81.84,solar_utility,MW,nem,NSW1
2017-10-20 15:55:00,82.6,solar_utility,MW,nem,NSW1
2017-10-20 16:00:00,73.97,solar_utility,MW,nem,NSW1
2017-10-20 16:05:00,76.92,solar_utility,MW,nem,NSW1
2017-10-20 16:10:00,71.19,solar_utility,MW,nem,NSW1
2017-10-20 16:15:00,77.11,solar_utility,MW,nem,NSW1
2017-10-20 16:20:00,75.93,solar_utility,MW,nem,NSW1
2017-10-20 16:25:00,75.43,solar_utility,MW,nem,NSW1
2017-10-20 16:30:00,56.2,solar_utility,MW,nem,NSW1
2017-10-20 16:35:00,54.53,solar_utility,MW,nem,NSW1
2017-10-20 16:40:00,60.84,solar_utility,MW,nem,NSW1
2017-10-20 16:45:00,48.05,solar_utility,MW,nem,NSW1
2017-10-20 16:50:00,43.49,solar_utility,MW,nem,NSW1
2017-10-20 16:55:00,42.11,solar_utility,MW,nem,NSW1
2017-10-20 17:00:00,44.42,solar_utility,MW,nem,NSW1
2017-10-20 17:05:00,49.1,solar_utility,MW,nem,NSW1
2017-10-20 17:10:00,43.49,solar_utility,MW,nem,NSW1
2017-10-20 17:15:00,32.55,solar_utility,MW,nem,NSW1
2017-10-20 17:20:00,28.09,solar_utility,MW,nem,NSW1
2017-10-20 17:25:00,26.67,solar_utility,MW,nem,NSW1
2017-10-20 17:30:00,24.14,solar_utility,MW,nem,NSW1
2017-10-20 17:35:00,21.84,solar_utility,MW,nem,NSW1
2017-10-20 17:40:00,23.94,solar_utility,MW,nem,NSW1
2017-10-20 17:45:00,19.35,solar_utility,MW,nem,NSW1
2017-10-20 17:50:00,17.07,solar_utility,MW,nem,NSW1
2017-10-20 17:55:00,13.93,solar_utility,MW,nem,NSW1
2017-10-20 18:00:00,10.57,solar_utility,MW,nem,NSW1
2017-10-20 18:05:00,8.651,solar_utility,MW,nem,NSW1
2017-10-20 18:10:00,7.479,solar_utility,MW,nem,NSW1
2017-10-20 18:15:00,5.263,solar_utility,MW,nem,NSW1
2017-10-20 18:20:00,3.398,solar_utility,MW,nem,NSW1
2017-10-20 18:25:00,2.239,solar_utility,MW,nem,NSW1
2017-10-20 18:30:00,1.329,solar_utility,MW,nem,NSW1
2017-10-20 18:35:00,0.305,solar_utility,MW,nem,NSW1
2017-10-20 18:40:00,0.305,solar_utility,MW,nem,NSW1
2017-10-20 18:45:00,0.305,solar_utility,MW,nem,NSW1
2017-10-20 18:50:00,0.305,solar_utility,MW,nem,NSW1
2017-10-20 18:55:00,0.305,solar_utility,MW,nem,NSW1
2017-10-20 19:00:00,0.305,solar_utility,MW,nem,NSW1
2017-10-20 19:05:00,0.305,solar_utility,MW,nem,NSW1
2017-10-20 19:10:00,0.305,solar_utility,MW,nem,NSW1
2017-10-20 19:15:00,0.305,solar_utility,MW,nem,NSW1
2017-10-20 19:20:00,0.305,solar_utility,MW,nem,NSW1
2017-10-20 19:25:00,0.305,solar_utility,MW,nem,NSW1
2017-10-20 19:30:00,0.305,solar_utility,MW,nem,NSW1
2017-10-20 19:35:00,0.305,solar_utility,MW,nem,NSW1
2017-10-20 19:40:00,0.305,solar_utility,MW,nem,NSW1
2017-10-20 19:45:00,0.305,solar_utility,MW,nem,NSW1
2017-10-20 19:50:00,0.305,solar_utility,MW,nem,NSW1
2017-10-20 19:55:00,0.305,solar_utility,MW,nem,NSW1
2017-10-20 20:00:00,0.305,solar_utility,MW,nem,NSW1
2017-10-20 20:05:00,0.305,solar_utility,MW,nem,NSW1
2017-10-20 20:10:00,0.305,solar_utility,MW,nem,NSW1
2017-10-20 20:15:00,0.305,solar_utility,MW,nem,NSW1
2017-10-20 20:20:00,0.305,solar_utility,MW,nem,NSW1
2017-10-20 20:25:00,0.305,solar_utility,MW,nem,NSW1
2017-10-20 20:30:00,0.305,solar_utility,MW,nem,NSW1
2017-10-20 20:35:00,0.305,solar_utility,MW,nem,NSW1
2017-10-20 20:40:00,0.305,solar_utility,MW,nem,NSW1
2017-10-20 20:45:00,0.305,solar_utility,MW,nem,NSW1
2017-10-20 20:50:00,0.305,solar_utility,MW,nem,NSW1
2017-10-20 20:55:00,0.305,solar_utility,MW,nem,NSW1
2017-10-20 21:00:00,0.305,solar_utility,MW,nem,NSW1
2017-10-20 21:05:00,0.305,solar_utility,MW,nem,NSW1
2017-10-20 21:10:00,0.305,solar_utility,MW,nem,NSW1
2017-10-20 21:15:00,0.305,solar_utility,MW,nem,NSW1
2017-10-20 21:20:00,0.305,solar_utility,MW,nem,NSW1
2017-10-20 21:25:00,0.305,solar_utility,MW,nem,NSW1
2017-10-20 21:30:00,0.305,solar_utility,MW,nem,NSW1
2017-10-20 21:35:00,0.305,solar_utility,MW,nem,NSW1
2017-10-20 21:40:00,0.305,solar_utility,MW,nem,NSW1
2017-10-20 21:45:00,0.305,solar_utility,MW,nem,NSW1
2017-10-20 21:50:00,0.305,solar_utility,MW,nem,NSW1
2017-10-20 21:55:00,0.305,solar_utility,MW,nem,NSW1
2017-10-20 22:00:00,0.305,solar_utility,MW,nem,NSW1
2017-10-20 22:05:00,0.305,solar_utility,MW,nem,NSW1
2017-10-20 22:10:00,0.305,solar_utility,MW,nem,NSW1
2017-10-20 22:15:00,0.305,solar_utility,MW,nem,NSW1
2017-10-20 22:20:00,0.305,solar_utility,MW,nem,NSW1
2017-10-20 22:25:00,0.305,solar_utility,MW,nem,NSW1
2017-10-20 22:30:00,0.305,solar_utility,MW,nem,NSW1
2017-10-20 22:35:00,0.305,solar_utility,MW,nem,NSW1
2017-10-20 22:40:00,0.305,solar_utility,MW,nem,NSW1
2017-10-20 22:45:00,0.305,solar_utility,MW,nem,NSW1
2017-10-20 22:50:00,0.305,solar_utility,MW,nem,NSW1
2017-10-20 22:55:00,0.305,solar_utility,MW,nem,NSW1
2017-10-20 23:00:00,0.305,solar_utility,MW,nem,NSW1
2017-10-20 23:05:00,0.305,solar_utility,MW,nem,NSW1
2017-10-20 23:10:00,0.305,solar_utility,MW,nem,NSW1
2017-10-20 23:15:00,0.305,solar_utility,MW,nem,NSW1
2017-10-20 23:20:00,0.305,solar_utility,MW,nem,NSW1
2017-10-20 23:25:00,0.305,solar_utility,MW,nem,NSW1
2017-10-20 23:30:00,0.305,solar_utility,MW,nem,NSW1
2017-10-20 23:35:00,0.305,solar_utility,MW,nem,NSW1
2017-10-20 23:40:00,0.305,solar_utility,MW,nem,NSW1
2017-10-20 23:45:00,0.305,solar_utility,MW,nem,NSW1
2017-10-20 23:50:00,0.305,solar_utility,MW,nem,NSW1
2017-10-20 23:55:00,0.305,solar_utility,MW,nem,NSW1
2017-10-21 00:00:00,0.305,solar_utility,MW,nem,NSW1
2017-10-21 00:05:00,0.305,solar_utility,MW,nem,NSW1
2017-10-21 00:10:00,0.305,solar_utility,MW,nem,NSW1
2017-10-21 00:15:00,0.305,solar_utility,MW,nem,NSW1
2017-10-21 00:20:00,0.305,solar_utility,MW,nem,NSW1
2017-10-21 00:25:00,0.305,solar_utility,MW,nem,NSW1
2017-10-21 00:30:00,0.305,solar_utility,MW,nem,NSW1
2017-10-21 00:35:00,0.305,solar_utility,MW,nem,NSW1
2017-10-21 00:40:00,0.305,solar_utility,MW,nem,NSW1
2017-10-21 00:45:00,0.305,solar_utility,MW,nem,NSW1
2017-10-21 00:50:00,0.305,solar_utility,MW,nem,NSW1
2017-10-21 00:55:00,0.305,solar_utility,MW,nem,NSW1
2017-10-21 01:00:00,0.305,solar_utility,MW,nem,NSW1
2017-10-21 01:05:00,0.305,solar_utility,MW,nem,NSW1
2017-10-21 01:10:00,0.305,solar_utility,MW,nem,NSW1
2017-10-21 01:15:00,0.305,solar_utility,MW,nem,NSW1
2017-10-21 01:20:00,0.305,solar_utility,MW,nem,NSW1
2017-10-21 01:25:00,0.305,solar_utility,MW,nem,NSW1
2017-10-21 01:30:00,0.305,solar_utility,MW,nem,NSW1
2017-10-21 01:35:00,0.305,solar_utility,MW,nem,NSW1
2017-10-21 01:40:00,0.305,solar_utility,MW,nem,NSW1
2017-10-21 01:45:00,0.305,solar_utility,MW,nem,NSW1
2017-10-21 01:50:00,0.305,solar_utility,MW,nem,NSW1
2017-10-21 01:55:00,0.305,solar_utility,MW,nem,NSW1
2017-10-21 02:00:00,0.305,solar_utility,MW,nem,NSW1
2017-10-21 02:05:00,0.305,solar_utility,MW,nem,NSW1
2017-10-21 02:10:00,0.305,solar_utility,MW,nem,NSW1
2017-10-21 02:15:00,0.305,solar_utility,MW,nem,NSW1
2017-10-21 02:20:00,0.305,solar_utility,MW,nem,NSW1
2017-10-21 02:25:00,0.305,solar_utility,MW,nem,NSW1
2017-10-21 02:30:00,0.305,solar_utility,MW,nem,NSW1
2017-10-21 02:35:00,0.305,solar_utility,MW,nem,NSW1
2017-10-21 02:40:00,0.305,solar_utility,MW,nem,NSW1
2017-10-21 02:45:00,0.305,solar_utility,MW,nem,NSW1
2017-10-21 02:50:00,0.305,solar_utility,MW,nem,NSW1
2017-10-21 02:55:00,0.305,solar_utility,MW,nem,NSW1
2017-10-21 03:00:00,0.305,solar_utility,MW,nem,NSW1
2017-10-21 03:05:00,0.305,solar_utility,MW,nem,NSW1
2017-10-21 03:10:00,0.305,solar_utility,MW,nem,NSW1
2017-10-21 03:15:00,0.305,solar_utility,MW,nem,NSW1
2017-10-21 03:20:00,0.305,solar_utility,MW,nem,NSW1
2017-10-21 03:25:00,0.305,solar_utility,MW,nem,NSW1
2017-10-21 03:30:00,0.305,solar_utility,MW,nem,NSW1
2017-10-21 03:35:00,0.305,solar_utility,MW,nem,NSW1
2017-10-21 03:40:00,0.305,solar_utility,MW,nem,NSW1
2017-10-21 03:45:00,0.305,solar_utility,MW,nem,NSW1
2017-10-21 03:50:00,0.305,solar_utility,MW,nem,NSW1
2017-10-21 03:55:00,0.305,solar_utility,MW,nem,NSW1
2017-10-21 04:00:00,0.305,solar_utility,MW,nem,NSW1
2017-10-21 04:05:00,0.305,solar_utility,MW,nem,NSW1
2017-10-21 04:10:00,0.305,solar_utility,MW,nem,NSW1
2017-10-21 04:15:00,0.305,solar_utility,MW,nem,NSW1
2017-10-21 04:20:00,0.305,solar_utility,MW,nem,NSW1
2017-10-21 04:25:00,0.305,solar_utility,MW,nem,NSW1
2017-10-21 04:30:00,0.305,solar_utility,MW,nem,NSW1
2017-10-21 04:35:00,0.305,solar_utility,MW,nem,NSW1
2017-10-21 04:40:00,0.305,solar_utility,MW,nem,NSW1
2017-10-21 04:45:00,0.305,solar_utility,MW,nem,NSW1
2017-10-21 04:50:00,0.305,solar_utility,MW,nem,NSW1
2017-10-21 04:55:00,0.305,solar_utility,MW,nem,NSW1
2017-10-21 05:00:00,0.305,solar_utility,MW,nem,NSW1
2017-10-21 05:05:00,0.305,solar_utility,MW,nem,NSW1
2017-10-21 05:10:00,0.305,solar_utility,MW,nem,NSW1
2017-10-21 05:15:00,0.305,solar_utility,MW,nem,NSW1
2017-10-21 05:20:00,0.305,solar_utility,MW,nem,NSW1
2017-10-21 05:25:00,0.305,solar_utility,MW,nem,NSW1
2017-10-21 05:30:00,0.305,solar_utility,MW,nem,NSW1
2017-10-21 05:35:00,0.442,solar_utility,MW,nem,NSW1
2017-10-21 05:40:00,0.9516,solar_utility,MW,nem,NSW1
2017-10-21 05:45:00,1.3,solar_utility,MW,nem,NSW1
2017-10-21 05:50:00,2.759,solar_utility,MW,nem,NSW1
2017-10-21 05:55:00,2.873,solar_utility,MW,nem,NSW1
2017-10-21 06:00:00,4.53,solar_utility,MW,nem,NSW1
2017-10-21 06:05:00,5.448,solar_utility,MW,nem,NSW1
2017-10-21 06:10:00,8.42,solar_utility,MW,nem,NSW1
2017-10-21 06:15:00,9.43,solar_utility,MW,nem,NSW1
2017-10-21 06:20:00,12.45,solar_utility,MW,nem,NSW1
2017-10-21 06:25:00,14.26,solar_utility,MW,nem,NSW1
2017-10-21 06:30:00,14.74,solar_utility,MW,nem,NSW1
2017-10-21 06:35:00,16.44,solar_utility,MW,nem,NSW1
2017-10-21 06:40:00,20.34,solar_utility,MW,nem,NSW1
2017-10-21 06:45:00,25.08,solar_utility,MW,nem,NSW1
2017-10-21 06:50:00,29.94,solar_utility,MW,nem,NSW1
2017-10-21 06:55:00,33.82,solar_utility,MW,nem,NSW1
2017-10-21 07:00:00,36.53,solar_utility,MW,nem,NSW1
2017-10-21 07:05:00,43.85,solar_utility,MW,nem,NSW1
2017-10-21 07:10:00,63.38,solar_utility,MW,nem,NSW1
2017-10-21 07:15:00,61.86,solar_utility,MW,nem,NSW1
2017-10-21 07:20:00,63.25,solar_utility,MW,nem,NSW1
2017-10-21 07:25:00,71.49,solar_utility,MW,nem,NSW1
2017-10-21 07:30:00,78.84,solar_utility,MW,nem,NSW1
2017-10-21 07:35:00,84.94,solar_utility,MW,nem,NSW1
2017-10-21 07:40:00,89.88,solar_utility,MW,nem,NSW1
2017-10-21 07:45:00,96.49,solar_utility,MW,nem,NSW1
2017-10-21 07:50:00,103.4,solar_utility,MW,nem,NSW1
2017-10-21 07:55:00,110.2,solar_utility,MW,nem,NSW1
2017-10-21 08:00:00,112.9,solar_utility,MW,nem,NSW1
2017-10-21 08:05:00,121.0,solar_utility,MW,nem,NSW1
2017-10-21 08:10:00,133.1,solar_utility,MW,nem,NSW1
2017-10-21 08:15:00,144.0,solar_utility,MW,nem,NSW1
2017-10-21 08:20:00,138.3,solar_utility,MW,nem,NSW1
2017-10-21 08:25:00,136.5,solar_utility,MW,nem,NSW1
2017-10-21 08:30:00,144.9,solar_utility,MW,nem,NSW1
2017-10-21 08:35:00,156.0,solar_utility,MW,nem,NSW1
2017-10-21 08:40:00,163.6,solar_utility,MW,nem,NSW1
2017-10-21 08:45:00,180.9,solar_utility,MW,nem,NSW1
2017-10-21 08:50:00,185.9,solar_utility,MW,nem,NSW1
2017-10-21 08:55:00,189.9,solar_utility,MW,nem,NSW1
2017-10-21 09:00:00,194.8,solar_utility,MW,nem,NSW1
2017-10-21 09:05:00,204.2,solar_utility,MW,nem,NSW1
2017-10-21 09:10:00,197.7,solar_utility,MW,nem,NSW1
2017-10-21 09:15:00,206.8,solar_utility,MW,nem,NSW1
2017-10-21 09:20:00,196.1,solar_utility,MW,nem,NSW1
2017-10-21 09:25:00,190.6,solar_utility,MW,nem,NSW1
2017-10-21 09:30:00,197.9,solar_utility,MW,nem,NSW1
2017-10-21 09:35:00,199.1,solar_utility,MW,nem,NSW1
2017-10-21 09:40:00,192.2,solar_utility,MW,nem,NSW1
2017-10-21 09:45:00,195.0,solar_utility,MW,nem,NSW1
2017-10-21 09:50:00,216.7,solar_utility,MW,nem,NSW1
2017-10-21 09:55:00,227.5,solar_utility,MW,nem,NSW1
2017-10-21 10:00:00,219.0,solar_utility,MW,nem,NSW1
2017-10-21 10:05:00,216.0,solar_utility,MW,nem,NSW1
2017-10-21 10:10:00,216.8,solar_utility,MW,nem,NSW1
2017-10-21 10:15:00,217.4,solar_utility,MW,nem,NSW1
2017-10-21 10:20:00,203.5,solar_utility,MW,nem,NSW1
2017-10-21 10:25:00,206.6,solar_utility,MW,nem,NSW1
2017-10-21 10:30:00,218.4,solar_utility,MW,nem,NSW1
2017-10-21 10:35:00,219.5,solar_utility,MW,nem,NSW1
2017-10-21 10:40:00,224.4,solar_utility,MW,nem,NSW1
2017-10-21 10:45:00,214.1,solar_utility,MW,nem,NSW1
2017-10-21 10:50:00,212.9,solar_utility,MW,nem,NSW1
2017-10-21 10:55:00,223.4,solar_utility,MW,nem,NSW1
2017-10-21 11:00:00,225.8,solar_utility,MW,nem,NSW1
2017-10-21 11:05:00,229.7,solar_utility,MW,nem,NSW1
2017-10-21 11:10:00,229.5,solar_utility,MW,nem,NSW1
2017-10-21 11:15:00,230.9,solar_utility,MW,nem,NSW1
2017-10-21 11:20:00,227.4,solar_utility,MW,nem,NSW1
2017-10-21 11:25:00,223.1,solar_utility,MW,nem,NSW1
2017-10-21 11:30:00,233.8,solar_utility,MW,nem,NSW1
2017-10-21 11:35:00,237.3,solar_utility,MW,nem,NSW1
2017-10-21 11:40:00,223.7,solar_utility,MW,nem,NSW1
2017-10-21 11:45:00,218.0,solar_utility,MW,nem,NSW1
2017-10-21 11:50:00,227.0,solar_utility,MW,nem,NSW1
2017-10-21 11:55:00,223.3,solar_utility,MW,nem,NSW1
2017-10-21 12:00:00,218.9,solar_utility,MW,nem,NSW1
2017-10-21 12:05:00,232.0,solar_utility,MW,nem,NSW1
2017-10-21 12:10:00,214.7,solar_utility,MW,nem,NSW1
2017-10-21 12:15:00,226.5,solar_utility,MW,nem,NSW1
2017-10-21 12:20:00,207.6,solar_utility,MW,nem,NSW1
2017-10-21 12:25:00,216.4,solar_utility,MW,nem,NSW1
2017-10-21 12:30:00,188.8,solar_utility,MW,nem,NSW1
2017-10-21 12:35:00,203.6,solar_utility,MW,nem,NSW1
2017-10-21 12:40:00,213.3,solar_utility,MW,nem,NSW1
2017-10-21 12:45:00,203.6,solar_utility,MW,nem,NSW1
2017-10-21 12:50:00,187.3,solar_utility,MW,nem,NSW1
2017-10-21 12:55:00,211.4,solar_utility,MW,nem,NSW1
2017-10-21 13:00:00,198.3,solar_utility,MW,nem,NSW1
2017-10-21 13:05:00,227.8,solar_utility,MW,nem,NSW1
2017-10-21 13:10:00,207.3,solar_utility,MW,nem,NSW1
2017-10-21 13:15:00,206.9,solar_utility,MW,nem,NSW1
2017-10-21 13:20:00,213.0,solar_utility,MW,nem,NSW1
2017-10-21 13:25:00,218.6,solar_utility,MW,nem,NSW1
2017-10-21 13:30:00,206.5,solar_utility,MW,nem,NSW1
2017-10-21 13:35:00,180.8,solar_utility,MW,nem,NSW1
2017-10-21 13:40:00,172.8,solar_utility,MW,nem,NSW1
2017-10-21 13:45:00,183.2,solar_utility,MW,nem,NSW1
2017-10-21 13:50:00,178.3,solar_utility,MW,nem,NSW1
2017-10-21 13:55:00,162.2,solar_utility,MW,nem,NSW1
2017-10-21 14:00:00,200.2,solar_utility,MW,nem,NSW1
2017-10-21 14:05:00,199.3,solar_utility,MW,nem,NSW1
2017-10-21 14:10:00,149.0,solar_utility,MW,nem,NSW1
2017-10-21 14:15:00,163.4,solar_utility,MW,nem,NSW1
2017-10-21 14:20:00,196.8,solar_utility,MW,nem,NSW1
2017-10-21 14:25:00,187.1,solar_utility,MW,nem,NSW1
2017-10-21 14:30:00,197.7,solar_utility,MW,nem,NSW1
2017-10-21 14:35:00,155.7,solar_utility,MW,nem,NSW1
2017-10-21 14:40:00,191.2,solar_utility,MW,nem,NSW1
2017-10-21 14:45:00,181.7,solar_utility,MW,nem,NSW1
2017-10-21 14:50:00,163.4,solar_utility,MW,nem,NSW1
2017-10-21 14:55:00,157.2,solar_utility,MW,nem,NSW1
2017-10-21 15:00:00,159.2,solar_utility,MW,nem,NSW1
2017-10-21 15:05:00,113.0,solar_utility,MW,nem,NSW1
2017-10-21 15:10:00,116.9,solar_utility,MW,nem,NSW1
2017-10-21 15:15:00,122.8,solar_utility,MW,nem,NSW1
2017-10-21 15:20:00,179.1,solar_utility,MW,nem,NSW1
2017-10-21 15:25:00,187.3,solar_utility,MW,nem,NSW1
2017-10-21 15:30:00,182.1,solar_utility,MW,nem,NSW1
2017-10-21 15:35:00,184.6,solar_utility,MW,nem,NSW1
2017-10-21 15:40:00,187.1,solar_utility,MW,nem,NSW1
2017-10-21 15:45:00,175.0,solar_utility,MW,nem,NSW1
2017-10-21 15:50:00,165.7,solar_utility,MW,nem,NSW1
2017-10-21 15:55:00,158.5,solar_utility,MW,nem,NSW1
2017-10-21 16:00:00,167.0,solar_utility,MW,nem,NSW1
2017-10-21 16:05:00,132.0,solar_utility,MW,nem,NSW1
2017-10-21 16:10:00,119.2,solar_utility,MW,nem,NSW1
2017-10-21 16:15:00,110.8,solar_utility,MW,nem,NSW1
2017-10-21 16:20:00,105.4,solar_utility,MW,nem,NSW1
2017-10-21 16:25:00,88.79,solar_utility,MW,nem,NSW1
2017-10-21 16:30:00,100.0,solar_utility,MW,nem,NSW1
2017-10-21 16:35:00,99.57,solar_utility,MW,nem,NSW1
2017-10-21 16:40:00,92.97,solar_utility,MW,nem,NSW1
2017-10-21 16:45:00,88.73,solar_utility,MW,nem,NSW1
2017-10-21 16:50:00,83.91,solar_utility,MW,nem,NSW1
2017-10-21 16:55:00,99.23,solar_utility,MW,nem,NSW1
2017-10-21 17:00:00,102.9,solar_utility,MW,nem,NSW1
2017-10-21 17:05:00,89.22,solar_utility,MW,nem,NSW1
2017-10-21 17:10:00,68.46,solar_utility,MW,nem,NSW1
2017-10-21 17:15:00,62.3,solar_utility,MW,nem,NSW1
2017-10-21 17:20:00,53.4,solar_utility,MW,nem,NSW1
2017-10-21 17:25:00,52.9,solar_utility,MW,nem,NSW1
2017-10-21 17:30:00,40.59,solar_utility,MW,nem,NSW1
2017-10-21 17:35:00,39.7,solar_utility,MW,nem,NSW1
2017-10-21 17:40:00,32.93,solar_utility,MW,nem,NSW1
2017-10-21 17:45:00,22.49,solar_utility,MW,nem,NSW1
2017-10-21 17:50:00,17.55,solar_utility,MW,nem,NSW1
2017-10-21 17:55:00,11.37,solar_utility,MW,nem,NSW1
2017-10-21 18:00:00,8.919,solar_utility,MW,nem,NSW1
2017-10-21 18:05:00,6.692,solar_utility,MW,nem,NSW1
2017-10-21 18:10:00,5.105,solar_utility,MW,nem,NSW1
2017-10-21 18:15:00,3.648,solar_utility,MW,nem,NSW1
2017-10-21 18:20:00,1.843,solar_utility,MW,nem,NSW1
2017-10-21 18:25:00,1.331,solar_utility,MW,nem,NSW1
2017-10-21 18:30:00,1.024,solar_utility,MW,nem,NSW1
2017-10-21 18:35:00,0.0,solar_utility,MW,nem,NSW1
2017-10-21 18:40:00,0.0,solar_utility,MW,nem,NSW1
2017-10-21 18:45:00,0.0,solar_utility,MW,nem,NSW1
2017-10-21 18:50:00,0.0,solar_utility,MW,nem,NSW1
2017-10-21 18:55:00,0.0,solar_utility,MW,nem,NSW1
2017-10-21 19:00:00,0.0,solar_utility,MW,nem,NSW1
2017-10-21 19:05:00,0.0,solar_utility,MW,nem,NSW1
2017-10-21 19:10:00,0.0,solar_utility,MW,nem,NSW1
2017-10-21 19:15:00,0.0,solar_utility,MW,nem,NSW1
2017-10-21 19:20:00,0.0,solar_utility,MW,nem,NSW1
2017-10-21 19:25:00,0.0,solar_utility,MW,nem,NSW1
2017-10-21 19:30:00,0.0,solar_utility,MW,nem,NSW1
2017-10-21 19:35:00,0.0,solar_utility,MW,nem,NSW1
2017-10-21 19:40:00,0.0,solar_utility,MW,nem,NSW1
2017-10-21 19:45:00,0.0,solar_utility,MW,nem,NSW1
2017-10-21 19:50:00,0.0,solar_utility,MW,nem,NSW1
2017-10-21 19:55:00,0.0,solar_utility,MW,nem,NSW1
2017-10-21 20:00:00,0.0,solar_utility,MW,nem,NSW1
2017-10-21 20:05:00,0.0,solar_utility,MW,nem,NSW1
2017-10-21 20:10:00,0.0,solar_utility,MW,nem,NSW1
2017-10-21 20:15:00,0.0,solar_utility,MW,nem,NSW1
2017-10-21 20:20:00,0.0,solar_utility,MW,nem,NSW1
2017-10-21 20:25:00,0.0,solar_utility,MW,nem,NSW1
2017-10-21 20:30:00,0.0,solar_utility,MW,nem,NSW1
2017-10-21 20:35:00,0.0,solar_utility,MW,nem,NSW1
2017-10-21 20:40:00,0.0,solar_utility,MW,nem,NSW1
2017-10-21 20:45:00,0.0,solar_utility,MW,nem,NSW1
2017-10-21 20:50:00,0.0,solar_utility,MW,nem,NSW1
2017-10-21 20:55:00,0.0,solar_utility,MW,nem,NSW1
2017-10-21 21:00:00,0.0,solar_utility,MW,nem,NSW1
2017-10-21 21:05:00,0.0,solar_utility,MW,nem,NSW1
2017-10-21 21:10:00,0.0,solar_utility,MW,nem,NSW1
2017-10-21 21:15:00,0.0,solar_utility,MW,nem,NSW1
2017-10-21 21:20:00,0.0,solar_utility,MW,nem,NSW1
2017-10-21 21:25:00,0.0,solar_utility,MW,nem,NSW1
2017-10-21 21:30:00,0.0,solar_utility,MW,nem,NSW1
2017-10-21 21:35:00,0.0,solar_utility,MW,nem,NSW1
2017-10-21 21:40:00,0.0,solar_utility,MW,nem,NSW1
2017-10-21 21:45:00,0.0,solar_utility,MW,nem,NSW1
2017-10-21 21:50:00,0.0,solar_utility,MW,nem,NSW1
2017-10-21 21:55:00,0.0,solar_utility,MW,nem,NSW1
2017-10-21 22:00:00,0.0,solar_utility,MW,nem,NSW1
2017-10-21 22:05:00,0.0,solar_utility,MW,nem,NSW1
2017-10-21 22:10:00,0.0,solar_utility,MW,nem,NSW1
2017-10-21 22:15:00,0.0,solar_utility,MW,nem,NSW1
2017-10-21 22:20:00,0.0,solar_utility,MW,nem,NSW1
2017-10-21 22:25:00,0.0,solar_utility,MW,nem,NSW1
2017-10-21 22:30:00,0.0,solar_utility,MW,nem,NSW1
2017-10-21 22:35:00,0.0,solar_utility,MW,nem,NSW1
2017-10-21 22:40:00,0.0,solar_utility,MW,nem,NSW1
2017-10-21 22:45:00,0.0,solar_utility,MW,nem,NSW1
2017-10-21 22:50:00,0.0,solar_utility,MW,nem,NSW1
2017-10-21 22:55:00,0.0,solar_utility,MW,nem,NSW1
2017-10-21 23:00:00,0.0,solar_utility,MW,nem,NSW1
2017-10-21 23:05:00,0.0,solar_utility,MW,nem,NSW1
2017-10-21 23:10:00,0.0,solar_utility,MW,nem,NSW1
2017-10-21 23:15:00,0.0,solar_utility,MW,nem,NSW1
2017-10-21 23:20:00,0.0,solar_utility,MW,nem,NSW1
2017-10-21 23:25:00,0.0,solar_utility,MW,nem,NSW1
2017-10-21 23:30:00,0.0,solar_utility,MW,nem,NSW1
2017-10-21 23:35:00,0.0,solar_utility,MW,nem,NSW1
2017-10-21 23:40:00,0.0,solar_utility,MW,nem,NSW1
2017-10-21 23:45:00,0.0,solar_utility,MW,nem,NSW1
2017-10-21 23:50:00,0.0,solar_utility,MW,nem,NSW1
2017-10-21 23:55:00,0.0,solar_utility,MW,nem,NSW1
2017-10-22 00:00:00,0.0,solar_utility,MW,nem,NSW1
2017-10-22 00:05:00,0.0,solar_utility,MW,nem,NSW1
2017-10-22 00:10:00,0.0,solar_utility,MW,nem,NSW1
2017-10-22 00:15:00,0.0,solar_utility,MW,nem,NSW1
2017-10-22 00:20:00,0.0,solar_utility,MW,nem,NSW1
2017-10-22 00:25:00,0.0,solar_utility,MW,nem,NSW1
2017-10-22 00:30:00,0.0,solar_utility,MW,nem,NSW1
2017-10-22 00:35:00,0.0,solar_utility,MW,nem,NSW1
2017-10-22 00:40:00,0.0,solar_utility,MW,nem,NSW1
2017-10-22 00:45:00,0.0,solar_utility,MW,nem,NSW1
2017-10-22 00:50:00,0.0,solar_utility,MW,nem,NSW1
2017-10-22 00:55:00,0.0,solar_utility,MW,nem,NSW1
2017-10-22 01:00:00,0.0,solar_utility,MW,nem,NSW1
2017-10-22 01:05:00,0.0,solar_utility,MW,nem,NSW1
2017-10-22 01:10:00,0.0,solar_utility,MW,nem,NSW1
2017-10-22 01:15:00,0.0,solar_utility,MW,nem,NSW1
2017-10-22 01:20:00,0.0,solar_utility,MW,nem,NSW1
2017-10-22 01:25:00,0.0,solar_utility,MW,nem,NSW1
2017-10-22 01:30:00,0.0,solar_utility,MW,nem,NSW1
2017-10-22 01:35:00,0.0,solar_utility,MW,nem,NSW1
2017-10-22 01:40:00,0.0,solar_utility,MW,nem,NSW1
2017-10-22 01:45:00,0.0,solar_utility,MW,nem,NSW1
2017-10-22 01:50:00,0.0,solar_utility,MW,nem,NSW1
2017-10-22 01:55:00,0.0,solar_utility,MW,nem,NSW1
2017-10-22 02:00:00,0.0,solar_utility,MW,nem,NSW1
2017-10-22 02:05:00,0.0,solar_utility,MW,nem,NSW1
2017-10-22 02:10:00,0.0,solar_utility,MW,nem,NSW1
2017-10-22 02:15:00,0.0,solar_utility,MW,nem,NSW1
2017-10-22 02:20:00,0.0,solar_utility,MW,nem,NSW1
2017-10-22 02:25:00,0.0,solar_utility,MW,nem,NSW1
2017-10-22 02:30:00,0.0,solar_utility,MW,nem,NSW1
2017-10-22 02:35:00,0.0,solar_utility,MW,nem,NSW1
2017-10-22 02:40:00,0.0,solar_utility,MW,nem,NSW1
2017-10-22 02:45:00,0.0,solar_utility,MW,nem,NSW1
2017-10-22 02:50:00,0.0,solar_utility,MW,nem,NSW1
2017-10-22 02:55:00,0.0,solar_utility,MW,nem,NSW1
2017-10-22 03:00:00,0.0,solar_utility,MW,nem,NSW1
2017-10-22 03:05:00,0.0,solar_utility,MW,nem,NSW1
2017-10-22 03:10:00,0.0,solar_utility,MW,nem,NSW1
2017-10-22 03:15:00,0.0,solar_utility,MW,nem,NSW1
2017-10-22 03:20:00,0.0,solar_utility,MW,nem,NSW1
2017-10-22 03:25:00,0.0,solar_utility,MW,nem,NSW1
2017-10-22 03:30:00,0.0,solar_utility,MW,nem,NSW1
2017-10-22 03:35:00,0.0,solar_utility,MW,nem,NSW1
2017-10-22 03:40:00,0.0,solar_utility,MW,nem,NSW1
2017-10-22 03:45:00,0.0,solar_utility,MW,nem,NSW1
2017-10-22 03:50:00,0.0,solar_utility,MW,nem,NSW1
2017-10-22 03:55:00,0.0,solar_utility,MW,nem,NSW1
2017-10-22 04:00:00,0.0,solar_utility,MW,nem,NSW1
2017-10-22 04:05:00,0.0,solar_utility,MW,nem,NSW1
2017-10-22 04:10:00,0.0,solar_utility,MW,nem,NSW1
2017-10-22 04:15:00,0.0,solar_utility,MW,nem,NSW1
2017-10-22 04:20:00,0.0,solar_utility,MW,nem,NSW1
2017-10-22 04:25:00,0.0,solar_utility,MW,nem,NSW1
2017-10-22 04:30:00,0.0,solar_utility,MW,nem,NSW1
2017-10-22 04:35:00,0.0,solar_utility,MW,nem,NSW1
2017-10-22 04:40:00,0.0,solar_utility,MW,nem,NSW1
2017-10-22 04:45:00,0.0,solar_utility,MW,nem,NSW1
2017-10-22 04:50:00,0.0,solar_utility,MW,nem,NSW1
2017-10-22 04:55:00,0.0,solar_utility,MW,nem,NSW1
2017-10-22 05:00:00,0.0,solar_utility,MW,nem,NSW1
2017-10-22 05:05:00,0.0,solar_utility,MW,nem,NSW1
2017-10-22 05:10:00,0.0,solar_utility,MW,nem,NSW1
2017-10-22 05:15:00,0.0,solar_utility,MW,nem,NSW1
2017-10-22 05:20:00,0.0,solar_utility,MW,nem,NSW1
2017-10-22 05:25:00,0.0,solar_utility,MW,nem,NSW1
2017-10-22 05:30:00,0.064,solar_utility,MW,nem,NSW1
2017-10-22 05:35:00,0.0,solar_utility,MW,nem,NSW1
2017-10-22 05:40:00,0.714,solar_utility,MW,nem,NSW1
2017-10-22 05:45:00,1.585,solar_utility,MW,nem,NSW1
2017-10-22 05:50:00,2.246,solar_utility,MW,nem,NSW1
2017-10-22 05:55:00,9.656,solar_utility,MW,nem,NSW1
2017-10-22 06:00:00,13.76,solar_utility,MW,nem,NSW1
2017-10-22 06:05:00,17.25,solar_utility,MW,nem,NSW1
2017-10-22 06:10:00,21.68,solar_utility,MW,nem,NSW1
2017-10-22 06:15:00,28.33,solar_utility,MW,nem,NSW1
2017-10-22 06:20:00,36.54,solar_utility,MW,nem,NSW1
2017-10-22 06:25:00,42.75,solar_utility,MW,nem,NSW1
2017-10-22 06:30:00,50.02,solar_utility,MW,nem,NSW1
2017-10-22 06:35:00,57.07,solar_utility,MW,nem,NSW1
2017-10-22 06:40:00,47.53,solar_utility,MW,nem,NSW1
2017-10-22 06:45:00,46.53,solar_utility,MW,nem,NSW1
2017-10-22 06:50:00,44.86,solar_utility,MW,nem,NSW1
2017-10-22 06:55:00,63.75,solar_utility,MW,nem,NSW1
2017-10-22 07:00:00,85.56,solar_utility,MW,nem,NSW1
2017-10-22 07:05:00,95.85,solar_utility,MW,nem,NSW1
2017-10-22 07:10:00,105.9,solar_utility,MW,nem,NSW1
2017-10-22 07:15:00,110.4,solar_utility,MW,nem,NSW1
2017-10-22 07:20:00,113.3,solar_utility,MW,nem,NSW1
2017-10-22 07:25:00,118.9,solar_utility,MW,nem,NSW1
2017-10-22 07:30:00,124.7,solar_utility,MW,nem,NSW1
2017-10-22 07:35:00,132.8,solar_utility,MW,nem,NSW1
2017-10-22 07:40:00,134.2,solar_utility,MW,nem,NSW1
2017-10-22 07:45:00,125.3,solar_utility,MW,nem,NSW1
2017-10-22 07:50:00,125.3,solar_utility,MW,nem,NSW1
2017-10-22 07:55:00,130.9,solar_utility,MW,nem,NSW1
2017-10-22 08:00:00,145.9,solar_utility,MW,nem,NSW1
2017-10-22 08:05:00,149.1,solar_utility,MW,nem,NSW1
2017-10-22 08:10:00,144.9,solar_utility,MW,nem,NSW1
2017-10-22 08:15:00,152.4,solar_utility,MW,nem,NSW1
2017-10-22 08:20:00,160.1,solar_utility,MW,nem,NSW1
2017-10-22 08:25:00,171.5,solar_utility,MW,nem,NSW1
2017-10-22 08:30:00,159.1,solar_utility,MW,nem,NSW1
2017-10-22 08:35:00,173.8,solar_utility,MW,nem,NSW1
2017-10-22 08:40:00,179.1,solar_utility,MW,nem,NSW1
2017-10-22 08:45:00,181.9,solar_utility,MW,nem,NSW1
2017-10-22 08:50:00,190.6,solar_utility,MW,nem,NSW1
2017-10-22 08:55:00,197.7,solar_utility,MW,nem,NSW1
2017-10-22 09:00:00,206.4,solar_utility,MW,nem,NSW1
2017-10-22 09:05:00,206.4,solar_utility,MW,nem,NSW1
2017-10-22 09:10:00,210.5,solar_utility,MW,nem,NSW1
2017-10-22 09:15:00,211.7,solar_utility,MW,nem,NSW1
2017-10-22 09:20:00,213.5,solar_utility,MW,nem,NSW1
2017-10-22 09:25:00,224.6,solar_utility,MW,nem,NSW1
2017-10-22 09:30:00,224.3,solar_utility,MW,nem,NSW1
2017-10-22 09:35:00,221.1,solar_utility,MW,nem,NSW1
2017-10-22 09:40:00,215.5,solar_utility,MW,nem,NSW1
2017-10-22 09:45:00,229.4,solar_utility,MW,nem,NSW1
2017-10-22 09:50:00,235.6,solar_utility,MW,nem,NSW1
2017-10-22 09:55:00,236.8,solar_utility,MW,nem,NSW1
2017-10-22 10:00:00,231.6,solar_utility,MW,nem,NSW1
2017-10-22 10:05:00,234.9,solar_utility,MW,nem,NSW1
2017-10-22 10:10:00,236.3,solar_utility,MW,nem,NSW1
2017-10-22 10:15:00,233.8,solar_utility,MW,nem,NSW1
2017-10-22 10:20:00,232.6,solar_utility,MW,nem,NSW1
2017-10-22 10:25:00,222.6,solar_utility,MW,nem,NSW1
2017-10-22 10:30:00,220.9,solar_utility,MW,nem,NSW1
2017-10-22 10:35:00,205.9,solar_utility,MW,nem,NSW1
2017-10-22 10:40:00,217.6,solar_utility,MW,nem,NSW1
2017-10-22 10:45:00,226.8,solar_utility,MW,nem,NSW1
2017-10-22 10:50:00,206.6,solar_utility,MW,nem,NSW1
2017-10-22 10:55:00,232.8,solar_utility,MW,nem,NSW1
2017-10-22 11:00:00,234.7,solar_utility,MW,nem,NSW1
2017-10-22 11:05:00,203.7,solar_utility,MW,nem,NSW1
2017-10-22 11:10:00,205.8,solar_utility,MW,nem,NSW1
2017-10-22 11:15:00,224.4,solar_utility,MW,nem,NSW1
2017-10-22 11:20:00,221.6,solar_utility,MW,nem,NSW1
2017-10-22 11:25:00,211.9,solar_utility,MW,nem,NSW1
2017-10-22 11:30:00,239.2,solar_utility,MW,nem,NSW1
2017-10-22 11:35:00,235.1,solar_utility,MW,nem,NSW1
2017-10-22 11:40:00,230.7,solar_utility,MW,nem,NSW1
2017-10-22 11:45:00,227.1,solar_utility,MW,nem,NSW1
2017-10-22 11:50:00,199.3,solar_utility,MW,nem,NSW1
2017-10-22 11:55:00,217.0,solar_utility,MW,nem,NSW1
2017-10-22 12:00:00,232.0,solar_utility,MW,nem,NSW1
2017-10-22 12:05:00,231.0,solar_utility,MW,nem,NSW1
2017-10-22 12:10:00,213.7,solar_utility,MW,nem,NSW1
2017-10-22 12:15:00,221.2,solar_utility,MW,nem,NSW1
2017-10-22 12:20:00,234.8,solar_utility,MW,nem,NSW1
2017-10-22 12:25:00,204.2,solar_utility,MW,nem,NSW1
2017-10-22 12:30:00,215.9,solar_utility,MW,nem,NSW1
2017-10-22 12:35:00,211.4,solar_utility,MW,nem,NSW1
2017-10-22 12:40:00,184.7,solar_utility,MW,nem,NSW1
2017-10-22 12:45:00,193.2,solar_utility,MW,nem,NSW1
2017-10-22 12:50:00,214.0,solar_utility,MW,nem,NSW1
2017-10-22 12:55:00,189.7,solar_utility,MW,nem,NSW1
2017-10-22 13:00:00,182.4,solar_utility,MW,nem,NSW1
2017-10-22 13:05:00,188.0,solar_utility,MW,nem,NSW1
2017-10-22 13:10:00,210.3,solar_utility,MW,nem,NSW1
2017-10-22 13:15:00,198.8,solar_utility,MW,nem,NSW1
2017-10-22 13:20:00,204.1,solar_utility,MW,nem,NSW1
2017-10-22 13:25:00,225.4,solar_utility,MW,nem,NSW1
2017-10-22 13:30:00,227.4,solar_utility,MW,nem,NSW1
2017-10-22 13:35:00,223.2,solar_utility,MW,nem,NSW1
2017-10-22 13:40:00,234.7,solar_utility,MW,nem,NSW1
2017-10-22 13:45:00,205.5,solar_utility,MW,nem,NSW1
2017-10-22 13:50:00,220.1,solar_utility,MW,nem,NSW1
2017-10-22 13:55:00,222.2,solar_utility,MW,nem,NSW1
2017-10-22 14:00:00,218.8,solar_utility,MW,nem,NSW1
2017-10-22 14:05:00,203.0,solar_utility,MW,nem,NSW1
2017-10-22 14:10:00,210.9,solar_utility,MW,nem,NSW1
2017-10-22 14:15:00,216.4,solar_utility,MW,nem,NSW1
2017-10-22 14:20:00,216.4,solar_utility,MW,nem,NSW1
2017-10-22 14:25:00,216.3,solar_utility,MW,nem,NSW1
2017-10-22 14:30:00,215.0,solar_utility,MW,nem,NSW1
2017-10-22 14:35:00,211.4,solar_utility,MW,nem,NSW1
2017-10-22 14:40:00,210.1,solar_utility,MW,nem,NSW1
2017-10-22 14:45:00,207.0,solar_utility,MW,nem,NSW1
2017-10-22 14:50:00,205.7,solar_utility,MW,nem,NSW1
2017-10-22 14:55:00,200.3,solar_utility,MW,nem,NSW1
2017-10-22 15:00:00,196.9,solar_utility,MW,nem,NSW1
2017-10-22 15:05:00,196.2,solar_utility,MW,nem,NSW1
2017-10-22 15:10:00,192.9,solar_utility,MW,nem,NSW1
2017-10-22 15:15:00,192.3,solar_utility,MW,nem,NSW1
2017-10-22 15:20:00,192.6,solar_utility,MW,nem,NSW1
2017-10-22 15:25:00,188.3,solar_utility,MW,nem,NSW1
2017-10-22 15:30:00,186.3,solar_utility,MW,nem,NSW1
2017-10-22 15:35:00,167.6,solar_utility,MW,nem,NSW1
2017-10-22 15:40:00,150.1,solar_utility,MW,nem,NSW1
2017-10-22 15:45:00,136.0,solar_utility,MW,nem,NSW1
2017-10-22 15:50:00,131.2,solar_utility,MW,nem,NSW1
2017-10-22 15:55:00,125.1,solar_utility,MW,nem,NSW1
2017-10-22 16:00:00,162.7,solar_utility,MW,nem,NSW1
2017-10-22 16:05:00,156.0,solar_utility,MW,nem,NSW1
2017-10-22 16:10:00,149.2,solar_utility,MW,nem,NSW1
2017-10-22 16:15:00,106.9,solar_utility,MW,nem,NSW1
2017-10-22 16:20:00,109.5,solar_utility,MW,nem,NSW1
2017-10-22 16:25:00,135.6,solar_utility,MW,nem,NSW1
2017-10-22 16:30:00,133.3,solar_utility,MW,nem,NSW1
2017-10-22 16:35:00,128.0,solar_utility,MW,nem,NSW1
2017-10-22 16:40:00,93.73,solar_utility,MW,nem,NSW1
2017-10-22 16:45:00,115.7,solar_utility,MW,nem,NSW1
2017-10-22 16:50:00,105.6,solar_utility,MW,nem,NSW1
2017-10-22 16:55:00,67.22,solar_utility,MW,nem,NSW1
2017-10-22 17:00:00,57.42,solar_utility,MW,nem,NSW1
2017-10-22 17:05:00,60.28,solar_utility,MW,nem,NSW1
2017-10-22 17:10:00,47.94,solar_utility,MW,nem,NSW1
2017-10-22 17:15:00,44.57,solar_utility,MW,nem,NSW1
2017-10-22 17:20:00,53.96,solar_utility,MW,nem,NSW1
2017-10-22 17:25:00,49.98,solar_utility,MW,nem,NSW1
2017-10-22 17:30:00,37.72,solar_utility,MW,nem,NSW1
2017-10-22 17:35:00,24.71,solar_utility,MW,nem,NSW1
2017-10-22 17:40:00,20.58,solar_utility,MW,nem,NSW1
2017-10-22 17:45:00,17.55,solar_utility,MW,nem,NSW1
2017-10-22 17:50:00,16.63,solar_utility,MW,nem,NSW1
2017-10-22 17:55:00,10.97,solar_utility,MW,nem,NSW1
2017-10-22 18:00:00,8.637,solar_utility,MW,nem,NSW1
2017-10-22 18:05:00,6.715,solar_utility,MW,nem,NSW1
2017-10-22 18:10:00,5.11,solar_utility,MW,nem,NSW1
2017-10-22 18:15:00,3.423,solar_utility,MW,nem,NSW1
2017-10-22 18:20:00,1.74,solar_utility,MW,nem,NSW1
2017-10-22 18:25:00,1.229,solar_utility,MW,nem,NSW1
2017-10-22 18:30:00,0.5122,solar_utility,MW,nem,NSW1
2017-10-22 18:35:00,0.0,solar_utility,MW,nem,NSW1
2017-10-22 18:40:00,0.0,solar_utility,MW,nem,NSW1
2017-10-22 18:45:00,0.0,solar_utility,MW,nem,NSW1
2017-10-22 18:50:00,0.0,solar_utility,MW,nem,NSW1
2017-10-22 18:55:00,0.0,solar_utility,MW,nem,NSW1
2017-10-22 19:00:00,0.0,solar_utility,MW,nem,NSW1
2017-10-22 19:05:00,0.0,solar_utility,MW,nem,NSW1
2017-10-22 19:10:00,0.0,solar_utility,MW,nem,NSW1
2017-10-22 19:15:00,0.0,solar_utility,MW,nem,NSW1
2017-10-22 19:20:00,0.0,solar_utility,MW,nem,NSW1
2017-10-22 19:25:00,0.0,solar_utility,MW,nem,NSW1
2017-10-22 19:30:00,0.0,solar_utility,MW,nem,NSW1
2017-10-22 19:35:00,0.0,solar_utility,MW,nem,NSW1
2017-10-22 19:40:00,0.0,solar_utility,MW,nem,NSW1
2017-10-22 19:45:00,0.0,solar_utility,MW,nem,NSW1
2017-10-22 19:50:00,0.0,solar_utility,MW,nem,NSW1
2017-10-22 19:55:00,0.0,solar_utility,MW,nem,NSW1
2017-10-22 20:00:00,0.0,solar_utility,MW,nem,NSW1
2017-10-22 20:05:00,0.0,solar_utility,MW,nem,NSW1
2017-10-22 20:10:00,0.0,solar_utility,MW,nem,NSW1
2017-10-22 20:15:00,0.0,solar_utility,MW,nem,NSW1
2017-10-22 20:20:00,0.0,solar_utility,MW,nem,NSW1
2017-10-22 20:25:00,0.0,solar_utility,MW,nem,NSW1
2017-10-22 20:30:00,0.0,solar_utility,MW,nem,NSW1
2017-10-22 20:35:00,0.0,solar_utility,MW,nem,NSW1
2017-10-22 20:40:00,0.0,solar_utility,MW,nem,NSW1
2017-10-22 20:45:00,0.0,solar_utility,MW,nem,NSW1
2017-10-22 20:50:00,0.0,solar_utility,MW,nem,NSW1
2017-10-22 20:55:00,0.0,solar_utility,MW,nem,NSW1
2017-10-22 21:00:00,0.0,solar_utility,MW,nem,NSW1
2017-10-22 21:05:00,0.0,solar_utility,MW,nem,NSW1
2017-10-22 21:10:00,0.0,solar_utility,MW,nem,NSW1
2017-10-22 21:15:00,0.0,solar_utility,MW,nem,NSW1
2017-10-22 21:20:00,0.0,solar_utility,MW,nem,NSW1
2017-10-22 21:25:00,0.0,solar_utility,MW,nem,NSW1
2017-10-22 21:30:00,0.0,solar_utility,MW,nem,NSW1
2017-10-22 21:35:00,0.0,solar_utility,MW,nem,NSW1
2017-10-22 21:40:00,0.0,solar_utility,MW,nem,NSW1
2017-10-22 21:45:00,0.0,solar_utility,MW,nem,NSW1
2017-10-22 21:50:00,0.0,solar_utility,MW,nem,NSW1
2017-10-22 21:55:00,0.0,solar_utility,MW,nem,NSW1
2017-10-22 22:00:00,0.0,solar_utility,MW,nem,NSW1
2017-10-22 22:05:00,0.0,solar_utility,MW,nem,NSW1
2017-10-22 22:10:00,0.0,solar_utility,MW,nem,NSW1
2017-10-22 22:15:00,0.0,solar_utility,MW,nem,NSW1
2017-10-22 22:20:00,0.0,solar_utility,MW,nem,NSW1
2017-10-22 22:25:00,0.0,solar_utility,MW,nem,NSW1
2017-10-22 22:30:00,0.0,solar_utility,MW,nem,NSW1
2017-10-22 22:35:00,0.0,solar_utility,MW,nem,NSW1
2017-10-22 22:40:00,0.0,solar_utility,MW,nem,NSW1
2017-10-22 22:45:00,0.0,solar_utility,MW,nem,NSW1
2017-10-22 22:50:00,0.0,solar_utility,MW,nem,NSW1
2017-10-22 22:55:00,0.0,solar_utility,MW,nem,NSW1
2017-10-22 23:00:00,0.0,solar_utility,MW,nem,NSW1
2017-10-22 23:05:00,0.0,solar_utility,MW,nem,NSW1
2017-10-22 23:10:00,0.0,solar_utility,MW,nem,NSW1
2017-10-22 23:15:00,0.0,solar_utility,MW,nem,NSW1
2017-10-22 23:20:00,0.0,solar_utility,MW,nem,NSW1
2017-10-22 23:25:00,0.0,solar_utility,MW,nem,NSW1
2017-10-22 23:30:00,0.0,solar_utility,MW,nem,NSW1
2017-10-22 23:35:00,0.0,solar_utility,MW,nem,NSW1
2017-10-22 23:40:00,0.0,solar_utility,MW,nem,NSW1
2017-10-22 23:45:00,0.0,solar_utility,MW,nem,NSW1
2017-10-22 23:50:00,0.0,solar_utility,MW,nem,NSW1
2017-10-22 23:55:00,0.0,solar_utility,MW,nem,NSW1
2017-10-23 00:00:00,0.0,solar_utility,MW,nem,NSW1
2017-10-23 00:05:00,0.0,solar_utility,MW,nem,NSW1
2017-10-23 00:10:00,0.0,solar_utility,MW,nem,NSW1
2017-10-23 00:15:00,0.0,solar_utility,MW,nem,NSW1
2017-10-23 00:20:00,0.0,solar_utility,MW,nem,NSW1
2017-10-23 00:25:00,0.0,solar_utility,MW,nem,NSW1
2017-10-23 00:30:00,0.0,solar_utility,MW,nem,NSW1
2017-10-23 00:35:00,0.0,solar_utility,MW,nem,NSW1
2017-10-23 00:40:00,0.0,solar_utility,MW,nem,NSW1
2017-10-23 00:45:00,0.0,solar_utility,MW,nem,NSW1
2017-10-23 00:50:00,0.0,solar_utility,MW,nem,NSW1
2017-10-23 00:55:00,0.0,solar_utility,MW,nem,NSW1
2017-10-23 01:00:00,0.0,solar_utility,MW,nem,NSW1
2017-10-23 01:05:00,0.0,solar_utility,MW,nem,NSW1
2017-10-23 01:10:00,0.0,solar_utility,MW,nem,NSW1
2017-10-23 01:15:00,0.0,solar_utility,MW,nem,NSW1
2017-10-23 01:20:00,0.0,solar_utility,MW,nem,NSW1
2017-10-23 01:25:00,0.0,solar_utility,MW,nem,NSW1
2017-10-23 01:30:00,0.0,solar_utility,MW,nem,NSW1
2017-10-23 01:35:00,0.0,solar_utility,MW,nem,NSW1
2017-10-23 01:40:00,0.0,solar_utility,MW,nem,NSW1
2017-10-23 01:45:00,0.0,solar_utility,MW,nem,NSW1
2017-10-23 01:50:00,0.0,solar_utility,MW,nem,NSW1
2017-10-23 01:55:00,0.0,solar_utility,MW,nem,NSW1
2017-10-23 02:00:00,0.0,solar_utility,MW,nem,NSW1
2017-10-23 02:05:00,0.0,solar_utility,MW,nem,NSW1
2017-10-23 02:10:00,0.0,solar_utility,MW,nem,NSW1
2017-10-23 02:15:00,0.0,solar_utility,MW,nem,NSW1
2017-10-23 02:20:00,0.0,solar_utility,MW,nem,NSW1
2017-10-23 02:25:00,0.0,solar_utility,MW,nem,NSW1
2017-10-23 02:30:00,0.0,solar_utility,MW,nem,NSW1
2017-10-23 02:35:00,0.0,solar_utility,MW,nem,NSW1
2017-10-23 02:40:00,0.0,solar_utility,MW,nem,NSW1
2017-10-23 02:45:00,0.0,solar_utility,MW,nem,NSW1
2017-10-23 02:50:00,0.0,solar_utility,MW,nem,NSW1
2017-10-23 02:55:00,0.0,solar_utility,MW,nem,NSW1
2017-10-23 03:00:00,0.0,solar_utility,MW,nem,NSW1
2017-10-23 03:05:00,0.0,solar_utility,MW,nem,NSW1
2017-10-23 03:10:00,0.0,solar_utility,MW,nem,NSW1
2017-10-23 03:15:00,0.0,solar_utility,MW,nem,NSW1
2017-10-23 03:20:00,0.0,solar_utility,MW,nem,NSW1
2017-10-23 03:25:00,0.0,solar_utility,MW,nem,NSW1
2017-10-23 03:30:00,0.0,solar_utility,MW,nem,NSW1
2017-10-23 03:35:00,0.0,solar_utility,MW,nem,NSW1
2017-10-23 03:40:00,0.0,solar_utility,MW,nem,NSW1
2017-10-23 03:45:00,0.0,solar_utility,MW,nem,NSW1
2017-10-23 03:50:00,0.0,solar_utility,MW,nem,NSW1
2017-10-23 03:55:00,0.0,solar_utility,MW,nem,NSW1
2017-10-23 04:00:00,0.0,solar_utility,MW,nem,NSW1
2017-10-23 04:05:00,0.0,solar_utility,MW,nem,NSW1
2017-10-23 04:10:00,0.0,solar_utility,MW,nem,NSW1
2017-10-23 04:15:00,0.0,solar_utility,MW,nem,NSW1
2017-10-23 04:20:00,0.0,solar_utility,MW,nem,NSW1
2017-10-23 04:25:00,0.0,solar_utility,MW,nem,NSW1
2017-10-23 04:30:00,0.0,solar_utility,MW,nem,NSW1
2017-10-23 04:35:00,0.0,solar_utility,MW,nem,NSW1
2017-10-23 04:40:00,0.0,solar_utility,MW,nem,NSW1
2017-10-23 04:45:00,0.0,solar_utility,MW,nem,NSW1
2017-10-23 04:50:00,0.0,solar_utility,MW,nem,NSW1
2017-10-23 04:55:00,0.0,solar_utility,MW,nem,NSW1
2017-10-23 05:00:00,0.0,solar_utility,MW,nem,NSW1
2017-10-23 05:05:00,0.0,solar_utility,MW,nem,NSW1
2017-10-23 05:10:00,0.0,solar_utility,MW,nem,NSW1
2017-10-23 05:15:00,0.0,solar_utility,MW,nem,NSW1
2017-10-23 05:20:00,0.0,solar_utility,MW,nem,NSW1
2017-10-23 05:25:00,0.0,solar_utility,MW,nem,NSW1
2017-10-23 05:30:00,0.364,solar_utility,MW,nem,NSW1
2017-10-23 05:35:00,0.936,solar_utility,MW,nem,NSW1
2017-10-23 05:40:00,1.845,solar_utility,MW,nem,NSW1
2017-10-23 05:45:00,5.012,solar_utility,MW,nem,NSW1
2017-10-23 05:50:00,9.289,solar_utility,MW,nem,NSW1
2017-10-23 05:55:00,12.78,solar_utility,MW,nem,NSW1
2017-10-23 06:00:00,17.1,solar_utility,MW,nem,NSW1
2017-10-23 06:05:00,22.54,solar_utility,MW,nem,NSW1
2017-10-23 06:10:00,28.05,solar_utility,MW,nem,NSW1
2017-10-23 06:15:00,33.86,solar_utility,MW,nem,NSW1
2017-10-23 06:20:00,41.3,solar_utility,MW,nem,NSW1
2017-10-23 06:25:00,47.86,solar_utility,MW,nem,NSW1
2017-10-23 06:30:00,54.74,solar_utility,MW,nem,NSW1
2017-10-23 06:35:00,61.97,solar_utility,MW,nem,NSW1
2017-10-23 06:40:00,68.97,solar_utility,MW,nem,NSW1
2017-10-23 06:45:00,76.46,solar_utility,MW,nem,NSW1
2017-10-23 06:50:00,84.13,solar_utility,MW,nem,NSW1
2017-10-23 06:55:00,90.37,solar_utility,MW,nem,NSW1
2017-10-23 07:00:00,95.82,solar_utility,MW,nem,NSW1
2017-10-23 07:05:00,101.5,solar_utility,MW,nem,NSW1
2017-10-23 07:10:00,106.8,solar_utility,MW,nem,NSW1
2017-10-23 07:15:00,112.1,solar_utility,MW,nem,NSW1
2017-10-23 07:20:00,117.8,solar_utility,MW,nem,NSW1
2017-10-23 07:25:00,123.3,solar_utility,MW,nem,NSW1
2017-10-23 07:30:00,128.6,solar_utility,MW,nem,NSW1
2017-10-23 07:35:00,133.8,solar_utility,MW,nem,NSW1
2017-10-23 07:40:00,138.7,solar_utility,MW,nem,NSW1
2017-10-23 07:45:00,144.3,solar_utility,MW,nem,NSW1
2017-10-23 07:50:00,149.8,solar_utility,MW,nem,NSW1
2017-10-23 07:55:00,154.6,solar_utility,MW,nem,NSW1
2017-10-23 08:00:00,159.9,solar_utility,MW,nem,NSW1
2017-10-23 08:05:00,164.5,solar_utility,MW,nem,NSW1
2017-10-23 08:10:00,168.0,solar_utility,MW,nem,NSW1
2017-10-23 08:15:00,173.6,solar_utility,MW,nem,NSW1
2017-10-23 08:20:00,178.2,solar_utility,MW,nem,NSW1
2017-10-23 08:25:00,180.8,solar_utility,MW,nem,NSW1
2017-10-23 08:30:00,186.8,solar_utility,MW,nem,NSW1
2017-10-23 08:35:00,190.3,solar_utility,MW,nem,NSW1
2017-10-23 08:40:00,191.6,solar_utility,MW,nem,NSW1
2017-10-23 08:45:00,195.1,solar_utility,MW,nem,NSW1
2017-10-23 08:50:00,202.0,solar_utility,MW,nem,NSW1
2017-10-23 08:55:00,205.3,solar_utility,MW,nem,NSW1
2017-10-23 09:00:00,208.8,solar_utility,MW,nem,NSW1
2017-10-23 09:05:00,211.9,solar_utility,MW,nem,NSW1
2017-10-23 09:10:00,214.8,solar_utility,MW,nem,NSW1
2017-10-23 09:15:00,217.2,solar_utility,MW,nem,NSW1
2017-10-23 09:20:00,219.5,solar_utility,MW,nem,NSW1
2017-10-23 09:25:00,222.3,solar_utility,MW,nem,NSW1
2017-10-23 09:30:00,226.5,solar_utility,MW,nem,NSW1
2017-10-23 09:35:00,229.2,solar_utility,MW,nem,NSW1
2017-10-23 09:40:00,231.3,solar_utility,MW,nem,NSW1
2017-10-23 09:45:00,232.7,solar_utility,MW,nem,NSW1
2017-10-23 09:50:00,234.0,solar_utility,MW,nem,NSW1
2017-10-23 09:55:00,230.3,solar_utility,MW,nem,NSW1
2017-10-23 10:00:00,233.3,solar_utility,MW,nem,NSW1
2017-10-23 10:05:00,234.5,solar_utility,MW,nem,NSW1
2017-10-23 10:10:00,237.5,solar_utility,MW,nem,NSW1
2017-10-23 10:15:00,237.2,solar_utility,MW,nem,NSW1
2017-10-23 10:20:00,236.7,solar_utility,MW,nem,NSW1
2017-10-23 10:25:00,236.0,solar_utility,MW,nem,NSW1
2017-10-23 10:30:00,224.2,solar_utility,MW,nem,NSW1
2017-10-23 10:35:00,236.2,solar_utility,MW,nem,NSW1
2017-10-23 10:40:00,233.2,solar_utility,MW,nem,NSW1
2017-10-23 10:45:00,227.3,solar_utility,MW,nem,NSW1
2017-10-23 10:50:00,237.2,solar_utility,MW,nem,NSW1
2017-10-23 10:55:00,229.7,solar_utility,MW,nem,NSW1
2017-10-23 11:00:00,235.3,solar_utility,MW,nem,NSW1
2017-10-23 11:05:00,236.4,solar_utility,MW,nem,NSW1
2017-10-23 11:10:00,236.4,solar_utility,MW,nem,NSW1
2017-10-23 11:15:00,224.3,solar_utility,MW,nem,NSW1
2017-10-23 11:20:00,229.6,solar_utility,MW,nem,NSW1
2017-10-23 11:25:00,205.3,solar_utility,MW,nem,NSW1
2017-10-23 11:30:00,216.1,solar_utility,MW,nem,NSW1
2017-10-23 11:35:00,237.6,solar_utility,MW,nem,NSW1
2017-10-23 11:40:00,209.5,solar_utility,MW,nem,NSW1
2017-10-23 11:45:00,229.6,solar_utility,MW,nem,NSW1
2017-10-23 11:50:00,234.7,solar_utility,MW,nem,NSW1
2017-10-23 11:55:00,229.7,solar_utility,MW,nem,NSW1
2017-10-23 12:00:00,223.5,solar_utility,MW,nem,NSW1
2017-10-23 12:05:00,208.5,solar_utility,MW,nem,NSW1
2017-10-23 12:10:00,212.3,solar_utility,MW,nem,NSW1
2017-10-23 12:15:00,234.5,solar_utility,MW,nem,NSW1
2017-10-23 12:20:00,230.6,solar_utility,MW,nem,NSW1
2017-10-23 12:25:00,234.6,solar_utility,MW,nem,NSW1
2017-10-23 12:30:00,222.3,solar_utility,MW,nem,NSW1
2017-10-23 12:35:00,234.5,solar_utility,MW,nem,NSW1
2017-10-23 12:40:00,238.4,solar_utility,MW,nem,NSW1
2017-10-23 12:45:00,229.7,solar_utility,MW,nem,NSW1
2017-10-23 12:50:00,233.9,solar_utility,MW,nem,NSW1
2017-10-23 12:55:00,232.5,solar_utility,MW,nem,NSW1
2017-10-23 13:00:00,238.2,solar_utility,MW,nem,NSW1
2017-10-23 13:05:00,237.5,solar_utility,MW,nem,NSW1
2017-10-23 13:10:00,230.8,solar_utility,MW,nem,NSW1
2017-10-23 13:15:00,234.8,solar_utility,MW,nem,NSW1
2017-10-23 13:20:00,235.0,solar_utility,MW,nem,NSW1
2017-10-23 13:25:00,206.2,solar_utility,MW,nem,NSW1
2017-10-23 13:30:00,228.2,solar_utility,MW,nem,NSW1
2017-10-23 13:35:00,234.9,solar_utility,MW,nem,NSW1
2017-10-23 13:40:00,235.1,solar_utility,MW,nem,NSW1
2017-10-23 13:45:00,233.4,solar_utility,MW,nem,NSW1
2017-10-23 13:50:00,204.0,solar_utility,MW,nem,NSW1
2017-10-23 13:55:00,197.1,solar_utility,MW,nem,NSW1
2017-10-23 14:00:00,221.8,solar_utility,MW,nem,NSW1
2017-10-23 14:05:00,210.2,solar_utility,MW,nem,NSW1
2017-10-23 14:10:00,228.8,solar_utility,MW,nem,NSW1
2017-10-23 14:15:00,222.4,solar_utility,MW,nem,NSW1
2017-10-23 14:20:00,231.3,solar_utility,MW,nem,NSW1
2017-10-23 14:25:00,210.2,solar_utility,MW,nem,NSW1
2017-10-23 14:30:00,198.1,solar_utility,MW,nem,NSW1
2017-10-23 14:35:00,200.2,solar_utility,MW,nem,NSW1
2017-10-23 14:40:00,225.4,solar_utility,MW,nem,NSW1
2017-10-23 14:45:00,184.7,solar_utility,MW,nem,NSW1
2017-10-23 14:50:00,181.5,solar_utility,MW,nem,NSW1
2017-10-23 14:55:00,178.9,solar_utility,MW,nem,NSW1
2017-10-23 15:00:00,191.1,solar_utility,MW,nem,NSW1
2017-10-23 15:05:00,212.5,solar_utility,MW,nem,NSW1
2017-10-23 15:10:00,213.6,solar_utility,MW,nem,NSW1
2017-10-23 15:15:00,195.5,solar_utility,MW,nem,NSW1
2017-10-23 15:20:00,188.2,solar_utility,MW,nem,NSW1
2017-10-23 15:25:00,187.6,solar_utility,MW,nem,NSW1
2017-10-23 15:30:00,189.9,solar_utility,MW,nem,NSW1
2017-10-23 15:35:00,188.4,solar_utility,MW,nem,NSW1
2017-10-23 15:40:00,165.9,solar_utility,MW,nem,NSW1
2017-10-23 15:45:00,137.0,solar_utility,MW,nem,NSW1
2017-10-23 15:50:00,123.5,solar_utility,MW,nem,NSW1
2017-10-23 15:55:00,118.9,solar_utility,MW,nem,NSW1
2017-10-23 16:00:00,124.4,solar_utility,MW,nem,NSW1
2017-10-23 16:05:00,139.7,solar_utility,MW,nem,NSW1
2017-10-23 16:10:00,148.3,solar_utility,MW,nem,NSW1
2017-10-23 16:15:00,146.4,solar_utility,MW,nem,NSW1
2017-10-23 16:20:00,132.0,solar_utility,MW,nem,NSW1
2017-10-23 16:25:00,140.6,solar_utility,MW,nem,NSW1
2017-10-23 16:30:00,134.7,solar_utility,MW,nem,NSW1
2017-10-23 16:35:00,128.7,solar_utility,MW,nem,NSW1
2017-10-23 16:40:00,122.0,solar_utility,MW,nem,NSW1
2017-10-23 16:45:00,116.0,solar_utility,MW,nem,NSW1
2017-10-23 16:50:00,108.4,solar_utility,MW,nem,NSW1
2017-10-23 16:55:00,99.12,solar_utility,MW,nem,NSW1
2017-10-23 17:00:00,92.37,solar_utility,MW,nem,NSW1
2017-10-23 17:05:00,84.5,solar_utility,MW,nem,NSW1
2017-10-23 17:10:00,74.44,solar_utility,MW,nem,NSW1
2017-10-23 17:15:00,65.98,solar_utility,MW,nem,NSW1
2017-10-23 17:20:00,60.63,solar_utility,MW,nem,NSW1
2017-10-23 17:25:00,52.67,solar_utility,MW,nem,NSW1
2017-10-23 17:30:00,41.97,solar_utility,MW,nem,NSW1
2017-10-23 17:35:00,35.36,solar_utility,MW,nem,NSW1
2017-10-23 17:40:00,27.08,solar_utility,MW,nem,NSW1
2017-10-23 17:45:00,20.42,solar_utility,MW,nem,NSW1
2017-10-23 17:50:00,12.29,solar_utility,MW,nem,NSW1
2017-10-23 17:55:00,7.796,solar_utility,MW,nem,NSW1
2017-10-23 18:00:00,9.867,solar_utility,MW,nem,NSW1
2017-10-23 18:05:00,8.871,solar_utility,MW,nem,NSW1
2017-10-23 18:10:00,5.4,solar_utility,MW,nem,NSW1
2017-10-23 18:15:00,3.874,solar_utility,MW,nem,NSW1
2017-10-23 18:20:00,2.958,solar_utility,MW,nem,NSW1
2017-10-23 18:25:00,2.253,solar_utility,MW,nem,NSW1
2017-10-23 18:30:00,2.047,solar_utility,MW,nem,NSW1
2017-10-23 18:35:00,1.638,solar_utility,MW,nem,NSW1
2017-10-23 18:40:00,1.024,solar_utility,MW,nem,NSW1
2017-10-23 18:45:00,0.0,solar_utility,MW,nem,NSW1
2017-10-23 18:50:00,0.0,solar_utility,MW,nem,NSW1
2017-10-23 18:55:00,0.0,solar_utility,MW,nem,NSW1
2017-10-23 19:00:00,0.0,solar_utility,MW,nem,NSW1
2017-10-23 19:05:00,0.0,solar_utility,MW,nem,NSW1
2017-10-23 19:10:00,0.0,solar_utility,MW,nem,NSW1
2017-10-23 19:15:00,0.0,solar_utility,MW,nem,NSW1
2017-10-23 19:20:00,0.0,solar_utility,MW,nem,NSW1
2017-10-23 19:25:00,0.0,solar_utility,MW,nem,NSW1
2017-10-23 19:30:00,0.0,solar_utility,MW,nem,NSW1
2017-10-23 19:35:00,0.0,solar_utility,MW,nem,NSW1
2017-10-23 19:40:00,0.0,solar_utility,MW,nem,NSW1
2017-10-23 19:45:00,0.0,solar_utility,MW,nem,NSW1
2017-10-23 19:50:00,0.0,solar_utility,MW,nem,NSW1
2017-10-23 19:55:00,0.0,solar_utility,MW,nem,NSW1
2017-10-23 20:00:00,0.0,solar_utility,MW,nem,NSW1
2017-10-23 20:05:00,0.0,solar_utility,MW,nem,NSW1
2017-10-23 20:10:00,0.0,solar_utility,MW,nem,NSW1
2017-10-23 20:15:00,0.0,solar_utility,MW,nem,NSW1
2017-10-23 20:20:00,0.0,solar_utility,MW,nem,NSW1
2017-10-23 20:25:00,0.0,solar_utility,MW,nem,NSW1
2017-10-23 20:30:00,0.0,solar_utility,MW,nem,NSW1
2017-10-23 20:35:00,0.0,solar_utility,MW,nem,NSW1
2017-10-23 20:40:00,0.0,solar_utility,MW,nem,NSW1
2017-10-23 20:45:00,0.0,solar_utility,MW,nem,NSW1
2017-10-23 20:50:00,0.0,solar_utility,MW,nem,NSW1
2017-10-23 20:55:00,0.0,solar_utility,MW,nem,NSW1
2017-10-23 21:00:00,0.0,solar_utility,MW,nem,NSW1
2017-10-23 21:05:00,0.0,solar_utility,MW,nem,NSW1
2017-10-23 21:10:00,0.0,solar_utility,MW,nem,NSW1
2017-10-23 21:15:00,0.0,solar_utility,MW,nem,NSW1
2017-10-23 21:20:00,0.0,solar_utility,MW,nem,NSW1
2017-10-23 21:25:00,0.0,solar_utility,MW,nem,NSW1
2017-10-23 21:30:00,0.0,solar_utility,MW,nem,NSW1
2017-10-23 21:35:00,0.0,solar_utility,MW,nem,NSW1
2017-10-23 21:40:00,0.0,solar_utility,MW,nem,NSW1
2017-10-23 21:45:00,0.0,solar_utility,MW,nem,NSW1
2017-10-23 21:50:00,0.0,solar_utility,MW,nem,NSW1
2017-10-23 21:55:00,0.0,solar_utility,MW,nem,NSW1
2017-10-23 22:00:00,0.0,solar_utility,MW,nem,NSW1
2017-10-23 22:05:00,0.0,solar_utility,MW,nem,NSW1
2017-10-23 22:10:00,0.0,solar_utility,MW,nem,NSW1
2017-10-23 22:15:00,0.0,solar_utility,MW,nem,NSW1
2017-10-23 22:20:00,0.0,solar_utility,MW,nem,NSW1
2017-10-23 22:25:00,0.0,solar_utility,MW,nem,NSW1
2017-10-23 22:30:00,0.0,solar_utility,MW,nem,NSW1
2017-10-23 22:35:00,0.0,solar_utility,MW,nem,NSW1
2017-10-23 22:40:00,0.0,solar_utility,MW,nem,NSW1
2017-10-23 22:45:00,0.0,solar_utility,MW,nem,NSW1
2017-10-23 22:50:00,0.0,solar_utility,MW,nem,NSW1
2017-10-23 22:55:00,0.0,solar_utility,MW,nem,NSW1
2017-10-23 23:00:00,0.0,solar_utility,MW,nem,NSW1
2017-10-23 23:05:00,0.0,solar_utility,MW,nem,NSW1
2017-10-23 23:10:00,0.0,solar_utility,MW,nem,NSW1
2017-10-23 23:15:00,0.0,solar_utility,MW,nem,NSW1
2017-10-23 23:20:00,0.0,solar_utility,MW,nem,NSW1
2017-10-23 23:25:00,0.0,solar_utility,MW,nem,NSW1
2017-10-23 23:30:00,0.0,solar_utility,MW,nem,NSW1
2017-10-23 23:35:00,0.0,solar_utility,MW,nem,NSW1
2017-10-23 23:40:00,0.0,solar_utility,MW,nem,NSW1
2017-10-23 23:45:00,0.0,solar_utility,MW,nem,NSW1
2017-10-23 23:50:00,0.0,solar_utility,MW,nem,NSW1
2017-10-23 23:55:00,0.0,solar_utility,MW,nem,NSW1
2017-10-24 00:00:00,0.0,solar_utility,MW,nem,NSW1
2017-10-24 00:05:00,0.0,solar_utility,MW,nem,NSW1
2017-10-24 00:10:00,0.0,solar_utility,MW,nem,NSW1
2017-10-24 00:15:00,0.0,solar_utility,MW,nem,NSW1
2017-10-24 00:20:00,0.0,solar_utility,MW,nem,NSW1
2017-10-24 00:25:00,0.0,solar_utility,MW,nem,NSW1
2017-10-24 00:30:00,0.0,solar_utility,MW,nem,NSW1
2017-10-24 00:35:00,0.0,solar_utility,MW,nem,NSW1
2017-10-24 00:40:00,0.0,solar_utility,MW,nem,NSW1
2017-10-24 00:45:00,0.0,solar_utility,MW,nem,NSW1
2017-10-24 00:50:00,0.0,solar_utility,MW,nem,NSW1
2017-10-24 00:55:00,0.0,solar_utility,MW,nem,NSW1
2017-10-24 01:00:00,0.0,solar_utility,MW,nem,NSW1
2017-10-24 01:05:00,0.0,solar_utility,MW,nem,NSW1
2017-10-24 01:10:00,0.0,solar_utility,MW,nem,NSW1
2017-10-24 01:15:00,0.0,solar_utility,MW,nem,NSW1
2017-10-24 01:20:00,0.0,solar_utility,MW,nem,NSW1
2017-10-24 01:25:00,0.0,solar_utility,MW,nem,NSW1
2017-10-24 01:30:00,0.0,solar_utility,MW,nem,NSW1
2017-10-24 01:35:00,0.0,solar_utility,MW,nem,NSW1
2017-10-24 01:40:00,0.0,solar_utility,MW,nem,NSW1
2017-10-24 01:45:00,0.0,solar_utility,MW,nem,NSW1
2017-10-24 01:50:00,0.0,solar_utility,MW,nem,NSW1
2017-10-24 01:55:00,0.0,solar_utility,MW,nem,NSW1
2017-10-24 02:00:00,0.0,solar_utility,MW,nem,NSW1
2017-10-24 02:05:00,0.0,solar_utility,MW,nem,NSW1
2017-10-24 02:10:00,0.0,solar_utility,MW,nem,NSW1
2017-10-24 02:15:00,0.0,solar_utility,MW,nem,NSW1
2017-10-24 02:20:00,0.0,solar_utility,MW,nem,NSW1
2017-10-24 02:25:00,0.0,solar_utility,MW,nem,NSW1
2017-10-24 02:30:00,0.0,solar_utility,MW,nem,NSW1
2017-10-24 02:35:00,0.0,solar_utility,MW,nem,NSW1
2017-10-24 02:40:00,0.0,solar_utility,MW,nem,NSW1
2017-10-24 02:45:00,0.0,solar_utility,MW,nem,NSW1
2017-10-24 02:50:00,0.0,solar_utility,MW,nem,NSW1
2017-10-24 02:55:00,0.0,solar_utility,MW,nem,NSW1
2017-10-24 03:00:00,0.0,solar_utility,MW,nem,NSW1
2017-10-24 03:05:00,0.0,solar_utility,MW,nem,NSW1
2017-10-24 03:10:00,0.0,solar_utility,MW,nem,NSW1
2017-10-24 03:15:00,0.0,solar_utility,MW,nem,NSW1
2017-10-24 03:20:00,0.0,solar_utility,MW,nem,NSW1
2017-10-24 03:25:00,0.0,solar_utility,MW,nem,NSW1
2017-10-24 03:30:00,0.0,solar_utility,MW,nem,NSW1
2017-10-24 03:35:00,0.0,solar_utility,MW,nem,NSW1
2017-10-24 03:40:00,0.0,solar_utility,MW,nem,NSW1
2017-10-24 03:45:00,0.0,solar_utility,MW,nem,NSW1
2017-10-24 03:50:00,0.0,solar_utility,MW,nem,NSW1
2017-10-24 03:55:00,0.0,solar_utility,MW,nem,NSW1
2017-10-24 04:00:00,0.0,solar_utility,MW,nem,NSW1
2017-10-24 04:05:00,0.0,solar_utility,MW,nem,NSW1
2017-10-24 04:10:00,0.0,solar_utility,MW,nem,NSW1
2017-10-24 04:15:00,0.0,solar_utility,MW,nem,NSW1
2017-10-24 04:20:00,0.0,solar_utility,MW,nem,NSW1
2017-10-24 04:25:00,0.0,solar_utility,MW,nem,NSW1
2017-10-24 04:30:00,0.0,solar_utility,MW,nem,NSW1
2017-10-24 04:35:00,0.0,solar_utility,MW,nem,NSW1
2017-10-24 04:40:00,0.0,solar_utility,MW,nem,NSW1
2017-10-24 04:45:00,0.0,solar_utility,MW,nem,NSW1
2017-10-24 04:50:00,0.0,solar_utility,MW,nem,NSW1
2017-10-24 04:55:00,0.0,solar_utility,MW,nem,NSW1
2017-10-24 05:00:00,0.0,solar_utility,MW,nem,NSW1
2017-10-24 05:05:00,0.0,solar_utility,MW,nem,NSW1
2017-10-24 05:10:00,0.0,solar_utility,MW,nem,NSW1
2017-10-24 05:15:00,0.0,solar_utility,MW,nem,NSW1
2017-10-24 05:20:00,0.0,solar_utility,MW,nem,NSW1
2017-10-24 05:25:00,0.324,solar_utility,MW,nem,NSW1
2017-10-24 05:30:00,0.978,solar_utility,MW,nem,NSW1
2017-10-24 05:35:00,1.769,solar_utility,MW,nem,NSW1
2017-10-24 05:40:00,2.509,solar_utility,MW,nem,NSW1
2017-10-24 05:45:00,6.552,solar_utility,MW,nem,NSW1
2017-10-24 05:50:00,9.432,solar_utility,MW,nem,NSW1
2017-10-24 05:55:00,12.88,solar_utility,MW,nem,NSW1
2017-10-24 06:00:00,17.1,solar_utility,MW,nem,NSW1
2017-10-24 06:05:00,22.18,solar_utility,MW,nem,NSW1
2017-10-24 06:10:00,27.13,solar_utility,MW,nem,NSW1
2017-10-24 06:15:00,32.13,solar_utility,MW,nem,NSW1
2017-10-24 06:20:00,38.67,solar_utility,MW,nem,NSW1
2017-10-24 06:25:00,45.71,solar_utility,MW,nem,NSW1
2017-10-24 06:30:00,54.57,solar_utility,MW,nem,NSW1
2017-10-24 06:35:00,61.21,solar_utility,MW,nem,NSW1
2017-10-24 06:40:00,68.78,solar_utility,MW,nem,NSW1
2017-10-24 06:45:00,74.1,solar_utility,MW,nem,NSW1
2017-10-24 06:50:00,83.65,solar_utility,MW,nem,NSW1
2017-10-24 06:55:00,90.23,solar_utility,MW,nem,NSW1
2017-10-24 07:00:00,95.28,solar_utility,MW,nem,NSW1
2017-10-24 07:05:00,100.9,solar_utility,MW,nem,NSW1
2017-10-24 07:10:00,108.2,solar_utility,MW,nem,NSW1
2017-10-24 07:15:00,112.2,solar_utility,MW,nem,NSW1
2017-10-24 07:20:00,115.2,solar_utility,MW,nem,NSW1
2017-10-24 07:25:00,121.3,solar_utility,MW,nem,NSW1
2017-10-24 07:30:00,128.0,solar_utility,MW,nem,NSW1
2017-10-24 07:35:00,125.2,solar_utility,MW,nem,NSW1
2017-10-24 07:40:00,136.3,solar_utility,MW,nem,NSW1
2017-10-24 07:45:00,140.4,solar_utility,MW,nem,NSW1
2017-10-24 07:50:00,143.2,solar_utility,MW,nem,NSW1
2017-10-24 07:55:00,158.7,solar_utility,MW,nem,NSW1
2017-10-24 08:00:00,152.5,solar_utility,MW,nem,NSW1
2017-10-24 08:05:00,158.3,solar_utility,MW,nem,NSW1
2017-10-24 08:10:00,158.2,solar_utility,MW,nem,NSW1
2017-10-24 08:15:00,164.5,solar_utility,MW,nem,NSW1
2017-10-24 08:20:00,171.7,solar_utility,MW,nem,NSW1
2017-10-24 08:25:00,176.7,solar_utility,MW,nem,NSW1
2017-10-24 08:30:00,170.8,solar_utility,MW,nem,NSW1
2017-10-24 08:35:00,171.6,solar_utility,MW,nem,NSW1
2017-10-24 08:40:00,172.7,solar_utility,MW,nem,NSW1
2017-10-24 08:45:00,186.4,solar_utility,MW,nem,NSW1
2017-10-24 08:50:00,190.1,solar_utility,MW,nem,NSW1
2017-10-24 08:55:00,199.6,solar_utility,MW,nem,NSW1
2017-10-24 09:00:00,205.0,solar_utility,MW,nem,NSW1
2017-10-24 09:05:00,202.0,solar_utility,MW,nem,NSW1
2017-10-24 09:10:00,215.4,solar_utility,MW,nem,NSW1
2017-10-24 09:15:00,216.1,solar_utility,MW,nem,NSW1
2017-10-24 09:20:00,218.2,solar_utility,MW,nem,NSW1
2017-10-24 09:25:00,215.4,solar_utility,MW,nem,NSW1
2017-10-24 09:30:00,206.3,solar_utility,MW,nem,NSW1
2017-10-24 09:35:00,203.6,solar_utility,MW,nem,NSW1
2017-10-24 09:40:00,221.9,solar_utility,MW,nem,NSW1
2017-10-24 09:45:00,210.9,solar_utility,MW,nem,NSW1
2017-10-24 09:50:00,198.8,solar_utility,MW,nem,NSW1
2017-10-24 09:55:00,223.8,solar_utility,MW,nem,NSW1
2017-10-24 10:00:00,224.1,solar_utility,MW,nem,NSW1
2017-10-24 10:05:00,227.3,solar_utility,MW,nem,NSW1
2017-10-24 10:10:00,225.9,solar_utility,MW,nem,NSW1
2017-10-24 10:15:00,227.7,solar_utility,MW,nem,NSW1
2017-10-24 10:20:00,227.9,solar_utility,MW,nem,NSW1
2017-10-24 10:25:00,228.5,solar_utility,MW,nem,NSW1
2017-10-24 10:30:00,203.3,solar_utility,MW,nem,NSW1
2017-10-24 10:35:00,212.9,solar_utility,MW,nem,NSW1
2017-10-24 10:40:00,218.9,solar_utility,MW,nem,NSW1
2017-10-24 10:45:00,228.4,solar_utility,MW,nem,NSW1
2017-10-24 10:50:00,228.0,solar_utility,MW,nem,NSW1
2017-10-24 10:55:00,222.9,solar_utility,MW,nem,NSW1
2017-10-24 11:00:00,220.7,solar_utility,MW,nem,NSW1
2017-10-24 11:05:00,230.3,solar_utility,MW,nem,NSW1
2017-10-24 11:10:00,214.2,solar_utility,MW,nem,NSW1
2017-10-24 11:15:00,226.7,solar_utility,MW,nem,NSW1
2017-10-24 11:20:00,225.0,solar_utility,MW,nem,NSW1
2017-10-24 11:25:00,225.0,solar_utility,MW,nem,NSW1
2017-10-24 11:30:00,224.3,solar_utility,MW,nem,NSW1
2017-10-24 11:35:00,208.5,solar_utility,MW,nem,NSW1
2017-10-24 11:40:00,223.0,solar_utility,MW,nem,NSW1
2017-10-24 11:45:00,209.3,solar_utility,MW,nem,NSW1
2017-10-24 11:50:00,223.4,solar_utility,MW,nem,NSW1
2017-10-24 11:55:00,225.9,solar_utility,MW,nem,NSW1
2017-10-24 12:00:00,210.6,solar_utility,MW,nem,NSW1
2017-10-24 12:05:00,223.6,solar_utility,MW,nem,NSW1
2017-10-24 12:10:00,229.5,solar_utility,MW,nem,NSW1
2017-10-24 12:15:00,224.9,solar_utility,MW,nem,NSW1
2017-10-24 12:20:00,228.8,solar_utility,MW,nem,NSW1
2017-10-24 12:25:00,236.9,solar_utility,MW,nem,NSW1
2017-10-24 12:30:00,236.5,solar_utility,MW,nem,NSW1
2017-10-24 12:35:00,218.5,solar_utility,MW,nem,NSW1
2017-10-24 12:40:00,218.3,solar_utility,MW,nem,NSW1
2017-10-24 12:45:00,227.0,solar_utility,MW,nem,NSW1
2017-10-24 12:50:00,225.2,solar_utility,MW,nem,NSW1
2017-10-24 12:55:00,226.1,solar_utility,MW,nem,NSW1
2017-10-24 13:00:00,203.3,solar_utility,MW,nem,NSW1
2017-10-24 13:05:00,227.2,solar_utility,MW,nem,NSW1
2017-10-24 13:10:00,224.0,solar_utility,MW,nem,NSW1
2017-10-24 13:15:00,222.8,solar_utility,MW,nem,NSW1
2017-10-24 13:20:00,224.7,solar_utility,MW,nem,NSW1
2017-10-24 13:25:00,224.3,solar_utility,MW,nem,NSW1
2017-10-24 13:30:00,204.4,solar_utility,MW,nem,NSW1
2017-10-24 13:35:00,198.3,solar_utility,MW,nem,NSW1
2017-10-24 13:40:00,197.1,solar_utility,MW,nem,NSW1
2017-10-24 13:45:00,194.9,solar_utility,MW,nem,NSW1
2017-10-24 13:50:00,187.8,solar_utility,MW,nem,NSW1
2017-10-24 13:55:00,189.4,solar_utility,MW,nem,NSW1
2017-10-24 14:00:00,192.6,solar_utility,MW,nem,NSW1
2017-10-24 14:05:00,191.0,solar_utility,MW,nem,NSW1
2017-10-24 14:10:00,188.5,solar_utility,MW,nem,NSW1
2017-10-24 14:15:00,190.2,solar_utility,MW,nem,NSW1
2017-10-24 14:20:00,186.9,solar_utility,MW,nem,NSW1
2017-10-24 14:25:00,184.4,solar_utility,MW,nem,NSW1
2017-10-24 14:30:00,183.3,solar_utility,MW,nem,NSW1
2017-10-24 14:35:00,185.1,solar_utility,MW,nem,NSW1
2017-10-24 14:40:00,113.6,solar_utility,MW,nem,NSW1
2017-10-24 14:45:00,111.8,solar_utility,MW,nem,NSW1
2017-10-24 14:50:00,112.4,solar_utility,MW,nem,NSW1
2017-10-24 14:55:00,106.3,solar_utility,MW,nem,NSW1
2017-10-24 15:00:00,105.2,solar_utility,MW,nem,NSW1
2017-10-24 15:05:00,105.0,solar_utility,MW,nem,NSW1
2017-10-24 15:10:00,128.6,solar_utility,MW,nem,NSW1
2017-10-24 15:15:00,142.4,solar_utility,MW,nem,NSW1
2017-10-24 15:20:00,141.6,solar_utility,MW,nem,NSW1
2017-10-24 15:25:00,143.0,solar_utility,MW,nem,NSW1
2017-10-24 15:30:00,142.0,solar_utility,MW,nem,NSW1
2017-10-24 15:35:00,137.3,solar_utility,MW,nem,NSW1
2017-10-24 15:40:00,132.2,solar_utility,MW,nem,NSW1
2017-10-24 15:45:00,139.3,solar_utility,MW,nem,NSW1
2017-10-24 15:50:00,145.1,solar_utility,MW,nem,NSW1
2017-10-24 15:55:00,131.0,solar_utility,MW,nem,NSW1
2017-10-24 16:00:00,107.3,solar_utility,MW,nem,NSW1
2017-10-24 16:05:00,92.09,solar_utility,MW,nem,NSW1
2017-10-24 16:10:00,108.8,solar_utility,MW,nem,NSW1
2017-10-24 16:15:00,119.0,solar_utility,MW,nem,NSW1
2017-10-24 16:20:00,110.7,solar_utility,MW,nem,NSW1
2017-10-24 16:25:00,111.1,solar_utility,MW,nem,NSW1
2017-10-24 16:30:00,101.7,solar_utility,MW,nem,NSW1
2017-10-24 16:35:00,98.68,solar_utility,MW,nem,NSW1
2017-10-24 16:40:00,104.1,solar_utility,MW,nem,NSW1
2017-10-24 16:45:00,97.55,solar_utility,MW,nem,NSW1
2017-10-24 16:50:00,90.49,solar_utility,MW,nem,NSW1
2017-10-24 16:55:00,76.45,solar_utility,MW,nem,NSW1
2017-10-24 17:00:00,61.86,solar_utility,MW,nem,NSW1
2017-10-24 17:05:00,76.49,solar_utility,MW,nem,NSW1
2017-10-24 17:10:00,78.19,solar_utility,MW,nem,NSW1
2017-10-24 17:15:00,82.28,solar_utility,MW,nem,NSW1
2017-10-24 17:20:00,72.29,solar_utility,MW,nem,NSW1
2017-10-24 17:25:00,58.57,solar_utility,MW,nem,NSW1
2017-10-24 17:30:00,45.01,solar_utility,MW,nem,NSW1
2017-10-24 17:35:00,39.37,solar_utility,MW,nem,NSW1
2017-10-24 17:40:00,33.07,solar_utility,MW,nem,NSW1
2017-10-24 17:45:00,29.35,solar_utility,MW,nem,NSW1
2017-10-24 17:50:00,23.12,solar_utility,MW,nem,NSW1
2017-10-24 17:55:00,14.84,solar_utility,MW,nem,NSW1
2017-10-24 18:00:00,9.92,solar_utility,MW,nem,NSW1
2017-10-24 18:05:00,6.584,solar_utility,MW,nem,NSW1
2017-10-24 18:10:00,4.435,solar_utility,MW,nem,NSW1
2017-10-24 18:15:00,3.015,solar_utility,MW,nem,NSW1
2017-10-24 18:20:00,1.684,solar_utility,MW,nem,NSW1
2017-10-24 18:25:00,0.5122,solar_utility,MW,nem,NSW1
2017-10-24 18:30:00,0.0,solar_utility,MW,nem,NSW1
2017-10-24 18:35:00,0.0,solar_utility,MW,nem,NSW1
2017-10-24 18:40:00,0.0,solar_utility,MW,nem,NSW1
2017-10-24 18:45:00,0.0,solar_utility,MW,nem,NSW1
2017-10-24 18:50:00,0.0,solar_utility,MW,nem,NSW1
2017-10-24 18:55:00,0.0,solar_utility,MW,nem,NSW1
2017-10-24 19:00:00,0.0,solar_utility,MW,nem,NSW1
2017-10-24 19:05:00,0.0,solar_utility,MW,nem,NSW1
2017-10-24 19:10:00,0.0,solar_utility,MW,nem,NSW1
2017-10-24 19:15:00,0.0,solar_utility,MW,nem,NSW1
2017-10-24 19:20:00,0.0,solar_utility,MW,nem,NSW1
2017-10-24 19:25:00,0.0,solar_utility,MW,nem,NSW1
2017-10-24 19:30:00,0.0,solar_utility,MW,nem,NSW1
2017-10-24 19:35:00,0.0,solar_utility,MW,nem,NSW1
2017-10-24 19:40:00,0.0,solar_utility,MW,nem,NSW1
2017-10-24 19:45:00,0.0,solar_utility,MW,nem,NSW1
2017-10-24 19:50:00,0.0,solar_utility,MW,nem,NSW1
2017-10-24 19:55:00,0.0,solar_utility,MW,nem,NSW1
2017-10-24 20:00:00,0.0,solar_utility,MW,nem,NSW1
2017-10-24 20:05:00,0.0,solar_utility,MW,nem,NSW1
2017-10-24 20:10:00,0.0,solar_utility,MW,nem,NSW1
2017-10-24 20:15:00,0.0,solar_utility,MW,nem,NSW1
2017-10-24 20:20:00,0.0,solar_utility,MW,nem,NSW1
2017-10-24 20:25:00,0.0,solar_utility,MW,nem,NSW1
2017-10-24 20:30:00,0.0,solar_utility,MW,nem,NSW1
2017-10-24 20:35:00,0.0,solar_utility,MW,nem,NSW1
2017-10-24 20:40:00,0.0,solar_utility,MW,nem,NSW1
2017-10-24 20:45:00,0.0,solar_utility,MW,nem,NSW1
2017-10-24 20:50:00,0.0,solar_utility,MW,nem,NSW1
2017-10-24 20:55:00,0.0,solar_utility,MW,nem,NSW1
2017-10-24 21:00:00,0.0,solar_utility,MW,nem,NSW1
2017-10-24 21:05:00,0.0,solar_utility,MW,nem,NSW1
2017-10-24 21:10:00,0.0,solar_utility,MW,nem,NSW1
2017-10-24 21:15:00,0.0,solar_utility,MW,nem,NSW1
2017-10-24 21:20:00,0.0,solar_utility,MW,nem,NSW1
2017-10-24 21:25:00,0.0,solar_utility,MW,nem,NSW1
2017-10-24 21:30:00,0.0,solar_utility,MW,nem,NSW1
2017-10-24 21:35:00,0.0,solar_utility,MW,nem,NSW1
2017-10-24 21:40:00,0.0,solar_utility,MW,nem,NSW1
2017-10-24 21:45:00,0.0,solar_utility,MW,nem,NSW1
2017-10-24 21:50:00,0.0,solar_utility,MW,nem,NSW1
2017-10-24 21:55:00,0.0,solar_utility,MW,nem,NSW1
2017-10-24 22:00:00,0.0,solar_utility,MW,nem,NSW1
2017-10-24 22:05:00,0.0,solar_utility,MW,nem,NSW1
2017-10-24 22:10:00,0.0,solar_utility,MW,nem,NSW1
2017-10-24 22:15:00,0.0,solar_utility,MW,nem,NSW1
2017-10-24 22:20:00,0.0,solar_utility,MW,nem,NSW1
2017-10-24 22:25:00,0.0,solar_utility,MW,nem,NSW1
2017-10-24 22:30:00,0.0,solar_utility,MW,nem,NSW1
2017-10-24 22:35:00,0.0,solar_utility,MW,nem,NSW1
2017-10-24 22:40:00,0.0,solar_utility,MW,nem,NSW1
2017-10-24 22:45:00,0.0,solar_utility,MW,nem,NSW1
2017-10-24 22:50:00,0.0,solar_utility,MW,nem,NSW1
2017-10-24 22:55:00,0.0,solar_utility,MW,nem,NSW1
2017-10-24 23:00:00,0.0,solar_utility,MW,nem,NSW1
2017-10-24 23:05:00,0.0,solar_utility,MW,nem,NSW1
2017-10-24 23:10:00,0.0,solar_utility,MW,nem,NSW1
2017-10-24 23:15:00,0.0,solar_utility,MW,nem,NSW1
2017-10-24 23:20:00,0.0,solar_utility,MW,nem,NSW1
2017-10-24 23:25:00,0.0,solar_utility,MW,nem,NSW1
2017-10-24 23:30:00,0.0,solar_utility,MW,nem,NSW1
2017-10-24 23:35:00,0.0,solar_utility,MW,nem,NSW1
2017-10-24 23:40:00,0.0,solar_utility,MW,nem,NSW1
2017-10-24 23:45:00,0.0,solar_utility,MW,nem,NSW1
2017-10-24 23:50:00,0.0,solar_utility,MW,nem,NSW1
2017-10-24 23:55:00,0.0,solar_utility,MW,nem,NSW1
2017-10-25 00:00:00,0.0,solar_utility,MW,nem,NSW1
2017-10-25 00:05:00,0.0,solar_utility,MW,nem,NSW1
2017-10-25 00:10:00,0.0,solar_utility,MW,nem,NSW1
2017-10-25 00:15:00,0.0,solar_utility,MW,nem,NSW1
2017-10-25 00:20:00,0.0,solar_utility,MW,nem,NSW1
2017-10-25 00:25:00,0.0,solar_utility,MW,nem,NSW1
2017-10-25 00:30:00,0.0,solar_utility,MW,nem,NSW1
2017-10-25 00:35:00,0.0,solar_utility,MW,nem,NSW1
2017-10-25 00:40:00,0.0,solar_utility,MW,nem,NSW1
2017-10-25 00:45:00,0.0,solar_utility,MW,nem,NSW1
2017-10-25 00:50:00,0.0,solar_utility,MW,nem,NSW1
2017-10-25 00:55:00,0.0,solar_utility,MW,nem,NSW1
2017-10-25 01:00:00,0.0,solar_utility,MW,nem,NSW1
2017-10-25 01:05:00,0.0,solar_utility,MW,nem,NSW1
2017-10-25 01:10:00,0.0,solar_utility,MW,nem,NSW1
2017-10-25 01:15:00,0.0,solar_utility,MW,nem,NSW1
2017-10-25 01:20:00,0.0,solar_utility,MW,nem,NSW1
2017-10-25 01:25:00,0.0,solar_utility,MW,nem,NSW1
2017-10-25 01:30:00,0.0,solar_utility,MW,nem,NSW1
2017-10-25 01:35:00,0.0,solar_utility,MW,nem,NSW1
2017-10-25 01:40:00,0.0,solar_utility,MW,nem,NSW1
2017-10-25 01:45:00,0.0,solar_utility,MW,nem,NSW1
2017-10-25 01:50:00,0.0,solar_utility,MW,nem,NSW1
2017-10-25 01:55:00,0.0,solar_utility,MW,nem,NSW1
2017-10-25 02:00:00,0.0,solar_utility,MW,nem,NSW1
2017-10-25 02:05:00,0.0,solar_utility,MW,nem,NSW1
2017-10-25 02:10:00,0.0,solar_utility,MW,nem,NSW1
2017-10-25 02:15:00,0.0,solar_utility,MW,nem,NSW1
2017-10-25 02:20:00,0.0,solar_utility,MW,nem,NSW1
2017-10-25 02:25:00,0.0,solar_utility,MW,nem,NSW1
2017-10-25 02:30:00,0.0,solar_utility,MW,nem,NSW1
2017-10-25 02:35:00,0.0,solar_utility,MW,nem,NSW1
2017-10-25 02:40:00,0.0,solar_utility,MW,nem,NSW1
2017-10-25 02:45:00,0.0,solar_utility,MW,nem,NSW1
2017-10-25 02:50:00,0.0,solar_utility,MW,nem,NSW1
2017-10-25 02:55:00,0.0,solar_utility,MW,nem,NSW1
2017-10-25 03:00:00,0.0,solar_utility,MW,nem,NSW1
2017-10-25 03:05:00,0.0,solar_utility,MW,nem,NSW1
2017-10-25 03:10:00,0.0,solar_utility,MW,nem,NSW1
2017-10-25 03:15:00,0.0,solar_utility,MW,nem,NSW1
2017-10-25 03:20:00,0.0,solar_utility,MW,nem,NSW1
2017-10-25 03:25:00,0.0,solar_utility,MW,nem,NSW1
2017-10-25 03:30:00,0.0,solar_utility,MW,nem,NSW1
2017-10-25 03:35:00,0.0,solar_utility,MW,nem,NSW1
2017-10-25 03:40:00,0.0,solar_utility,MW,nem,NSW1
2017-10-25 03:45:00,0.0,solar_utility,MW,nem,NSW1
2017-10-25 03:50:00,0.0,solar_utility,MW,nem,NSW1
2017-10-25 03:55:00,0.0,solar_utility,MW,nem,NSW1
2017-10-25 04:00:00,0.0,solar_utility,MW,nem,NSW1
2017-10-25 04:05:00,0.0,solar_utility,MW,nem,NSW1
2017-10-25 04:10:00,0.0,solar_utility,MW,nem,NSW1
2017-10-25 04:15:00,0.0,solar_utility,MW,nem,NSW1
2017-10-25 04:20:00,0.0,solar_utility,MW,nem,NSW1
2017-10-25 04:25:00,0.0,solar_utility,MW,nem,NSW1
2017-10-25 04:30:00,0.0,solar_utility,MW,nem,NSW1
2017-10-25 04:35:00,0.0,solar_utility,MW,nem,NSW1
2017-10-25 04:40:00,0.0,solar_utility,MW,nem,NSW1
2017-10-25 04:45:00,0.0,solar_utility,MW,nem,NSW1
2017-10-25 04:50:00,0.0,solar_utility,MW,nem,NSW1
2017-10-25 04:55:00,0.0,solar_utility,MW,nem,NSW1
2017-10-25 05:00:00,0.0,solar_utility,MW,nem,NSW1
2017-10-25 05:05:00,0.0,solar_utility,MW,nem,NSW1
2017-10-25 05:10:00,0.0,solar_utility,MW,nem,NSW1
2017-10-25 05:15:00,0.0,solar_utility,MW,nem,NSW1
2017-10-25 05:20:00,0.0,solar_utility,MW,nem,NSW1
2017-10-25 05:25:00,0.064,solar_utility,MW,nem,NSW1
2017-10-25 05:30:00,0.0,solar_utility,MW,nem,NSW1
2017-10-25 05:35:00,0.772,solar_utility,MW,nem,NSW1
2017-10-25 05:40:00,1.564,solar_utility,MW,nem,NSW1
2017-10-25 05:45:00,2.071,solar_utility,MW,nem,NSW1
2017-10-25 05:50:00,2.557,solar_utility,MW,nem,NSW1
2017-10-25 05:55:00,4.448,solar_utility,MW,nem,NSW1
2017-10-25 06:00:00,3.495,solar_utility,MW,nem,NSW1
2017-10-25 06:05:00,4.953,solar_utility,MW,nem,NSW1
2017-10-25 06:10:00,6.646,solar_utility,MW,nem,NSW1
2017-10-25 06:15:00,12.96,solar_utility,MW,nem,NSW1
2017-10-25 06:20:00,31.75,solar_utility,MW,nem,NSW1
2017-10-25 06:25:00,17.43,solar_utility,MW,nem,NSW1
2017-10-25 06:30:00,38.4,solar_utility,MW,nem,NSW1
2017-10-25 06:35:00,52.6,solar_utility,MW,nem,NSW1
2017-10-25 06:40:00,56.3,solar_utility,MW,nem,NSW1
2017-10-25 06:45:00,67.06,solar_utility,MW,nem,NSW1
2017-10-25 06:50:00,79.09,solar_utility,MW,nem,NSW1
2017-10-25 06:55:00,87.05,solar_utility,MW,nem,NSW1
2017-10-25 07:00:00,98.68,solar_utility,MW,nem,NSW1
2017-10-25 07:05:00,107.1,solar_utility,MW,nem,NSW1
2017-10-25 07:10:00,55.81,solar_utility,MW,nem,NSW1
2017-10-25 07:15:00,73.03,solar_utility,MW,nem,NSW1
2017-10-25 07:20:00,69.78,solar_utility,MW,nem,NSW1
2017-10-25 07:25:00,76.0,solar_utility,MW,nem,NSW1
2017-10-25 07:30:00,89.56,solar_utility,MW,nem,NSW1
2017-10-25 07:35:00,95.82,solar_utility,MW,nem,NSW1
2017-10-25 07:40:00,113.2,solar_utility,MW,nem,NSW1
2017-10-25 07:45:00,130.6,solar_utility,MW,nem,NSW1
2017-10-25 07:50:00,139.9,solar_utility,MW,nem,NSW1
2017-10-25 07:55:00,125.9,solar_utility,MW,nem,NSW1
2017-10-25 08:00:00,145.2,solar_utility,MW,nem,NSW1
2017-10-25 08:05:00,154.3,solar_utility,MW,nem,NSW1
2017-10-25 08:10:00,117.4,solar_utility,MW,nem,NSW1
2017-10-25 08:15:00,101.7,solar_utility,MW,nem,NSW1
2017-10-25 08:20:00,139.2,solar_utility,MW,nem,NSW1
2017-10-25 08:25:00,154.6,solar_utility,MW,nem,NSW1
2017-10-25 08:30:00,153.6,solar_utility,MW,nem,NSW1
2017-10-25 08:35:00,166.0,solar_utility,MW,nem,NSW1
2017-10-25 08:40:00,159.0,solar_utility,MW,nem,NSW1
2017-10-25 08:45:00,161.9,solar_utility,MW,nem,NSW1
2017-10-25 08:50:00,193.2,solar_utility,MW,nem,NSW1
2017-10-25 08:55:00,211.2,solar_utility,MW,nem,NSW1
2017-10-25 09:00:00,215.8,solar_utility,MW,nem,NSW1
2017-10-25 09:05:00,217.9,solar_utility,MW,nem,NSW1
2017-10-25 09:10:00,196.2,solar_utility,MW,nem,NSW1
2017-10-25 09:15:00,196.4,solar_utility,MW,nem,NSW1
2017-10-25 09:20:00,172.9,solar_utility,MW,nem,NSW1
2017-10-25 09:25:00,185.8,solar_utility,MW,nem,NSW1
2017-10-25 09:30:00,177.6,solar_utility,MW,nem,NSW1
2017-10-25 09:35:00,170.7,solar_utility,MW,nem,NSW1
2017-10-25 09:40:00,166.3,solar_utility,MW,nem,NSW1
2017-10-25 09:45:00,167.8,solar_utility,MW,nem,NSW1
2017-10-25 09:50:00,170.9,solar_utility,MW,nem,NSW1
2017-10-25 09:55:00,184.7,solar_utility,MW,nem,NSW1
2017-10-25 10:00:00,169.9,solar_utility,MW,nem,NSW1
2017-10-25 10:05:00,174.4,solar_utility,MW,nem,NSW1
2017-10-25 10:10:00,168.5,solar_utility,MW,nem,NSW1
2017-10-25 10:15:00,169.7,solar_utility,MW,nem,NSW1
2017-10-25 10:20:00,166.4,solar_utility,MW,nem,NSW1
2017-10-25 10:25:00,205.2,solar_utility,MW,nem,NSW1
2017-10-25 10:30:00,212.7,solar_utility,MW,nem,NSW1
2017-10-25 10:35:00,212.4,solar_utility,MW,nem,NSW1
2017-10-25 10:40:00,177.3,solar_utility,MW,nem,NSW1
2017-10-25 10:45:00,233.1,solar_utility,MW,nem,NSW1
2017-10-25 10:50:00,177.0,solar_utility,MW,nem,NSW1
2017-10-25 10:55:00,164.7,solar_utility,MW,nem,NSW1
2017-10-25 11:00:00,178.1,solar_utility,MW,nem,NSW1
2017-10-25 11:05:00,199.5,solar_utility,MW,nem,NSW1
2017-10-25 11:10:00,177.3,solar_utility,MW,nem,NSW1
2017-10-25 11:15:00,155.5,solar_utility,MW,nem,NSW1
2017-10-25 11:20:00,153.6,solar_utility,MW,nem,NSW1
2017-10-25 11:25:00,143.6,solar_utility,MW,nem,NSW1
2017-10-25 11:30:00,147.1,solar_utility,MW,nem,NSW1
2017-10-25 11:35:00,151.4,solar_utility,MW,nem,NSW1
2017-10-25 11:40:00,167.9,solar_utility,MW,nem,NSW1
2017-10-25 11:45:00,158.1,solar_utility,MW,nem,NSW1
2017-10-25 11:50:00,160.8,solar_utility,MW,nem,NSW1
2017-10-25 11:55:00,162.1,solar_utility,MW,nem,NSW1
2017-10-25 12:00:00,127.0,solar_utility,MW,nem,NSW1
2017-10-25 12:05:00,155.9,solar_utility,MW,nem,NSW1
2017-10-25 12:10:00,160.3,solar_utility,MW,nem,NSW1
2017-10-25 12:15:00,169.5,solar_utility,MW,nem,NSW1
2017-10-25 12:20:00,134.0,solar_utility,MW,nem,NSW1
2017-10-25 12:25:00,170.8,solar_utility,MW,nem,NSW1
2017-10-25 12:30:00,232.6,solar_utility,MW,nem,NSW1
2017-10-25 12:35:00,205.6,solar_utility,MW,nem,NSW1
2017-10-25 12:40:00,212.9,solar_utility,MW,nem,NSW1
2017-10-25 12:45:00,230.7,solar_utility,MW,nem,NSW1
2017-10-25 12:50:00,218.8,solar_utility,MW,nem,NSW1
2017-10-25 12:55:00,196.7,solar_utility,MW,nem,NSW1
2017-10-25 13:00:00,225.2,solar_utility,MW,nem,NSW1
2017-10-25 13:05:00,223.6,solar_utility,MW,nem,NSW1
2017-10-25 13:10:00,222.1,solar_utility,MW,nem,NSW1
2017-10-25 13:15:00,223.5,solar_utility,MW,nem,NSW1
2017-10-25 13:20:00,224.5,solar_utility,MW,nem,NSW1
2017-10-25 13:25:00,214.3,solar_utility,MW,nem,NSW1
2017-10-25 13:30:00,215.2,solar_utility,MW,nem,NSW1
2017-10-25 13:35:00,183.6,solar_utility,MW,nem,NSW1
2017-10-25 13:40:00,221.3,solar_utility,MW,nem,NSW1
2017-10-25 13:45:00,212.8,solar_utility,MW,nem,NSW1
2017-10-25 13:50:00,214.4,solar_utility,MW,nem,NSW1
2017-10-25 13:55:00,208.0,solar_utility,MW,nem,NSW1
2017-10-25 14:00:00,206.2,solar_utility,MW,nem,NSW1
2017-10-25 14:05:00,163.7,solar_utility,MW,nem,NSW1
2017-10-25 14:10:00,175.1,solar_utility,MW,nem,NSW1
2017-10-25 14:15:00,168.0,solar_utility,MW,nem,NSW1
2017-10-25 14:20:00,162.8,solar_utility,MW,nem,NSW1
2017-10-25 14:25:00,146.1,solar_utility,MW,nem,NSW1
2017-10-25 14:30:00,142.5,solar_utility,MW,nem,NSW1
2017-10-25 14:35:00,138.6,solar_utility,MW,nem,NSW1
2017-10-25 14:40:00,113.5,solar_utility,MW,nem,NSW1
2017-10-25 14:45:00,159.9,solar_utility,MW,nem,NSW1
2017-10-25 14:50:00,137.4,solar_utility,MW,nem,NSW1
2017-10-25 14:55:00,115.8,solar_utility,MW,nem,NSW1
2017-10-25 15:00:00,109.9,solar_utility,MW,nem,NSW1
2017-10-25 15:05:00,159.8,solar_utility,MW,nem,NSW1
2017-10-25 15:10:00,169.8,solar_utility,MW,nem,NSW1
2017-10-25 15:15:00,153.0,solar_utility,MW,nem,NSW1
2017-10-25 15:20:00,145.2,solar_utility,MW,nem,NSW1
2017-10-25 15:25:00,132.5,solar_utility,MW,nem,NSW1
2017-10-25 15:30:00,147.6,solar_utility,MW,nem,NSW1
2017-10-25 15:35:00,152.9,solar_utility,MW,nem,NSW1
2017-10-25 15:40:00,119.0,solar_utility,MW,nem,NSW1
2017-10-25 15:45:00,130.8,solar_utility,MW,nem,NSW1
2017-10-25 15:50:00,119.5,solar_utility,MW,nem,NSW1
2017-10-25 15:55:00,134.5,solar_utility,MW,nem,NSW1
2017-10-25 16:00:00,122.8,solar_utility,MW,nem,NSW1
2017-10-25 16:05:00,111.9,solar_utility,MW,nem,NSW1
2017-10-25 16:10:00,110.5,solar_utility,MW,nem,NSW1
2017-10-25 16:15:00,62.35,solar_utility,MW,nem,NSW1
2017-10-25 16:20:00,127.8,solar_utility,MW,nem,NSW1
2017-10-25 16:25:00,93.05,solar_utility,MW,nem,NSW1
2017-10-25 16:30:00,132.7,solar_utility,MW,nem,NSW1
2017-10-25 16:35:00,125.3,solar_utility,MW,nem,NSW1
2017-10-25 16:40:00,112.9,solar_utility,MW,nem,NSW1
2017-10-25 16:45:00,115.3,solar_utility,MW,nem,NSW1
2017-10-25 16:50:00,62.18,solar_utility,MW,nem,NSW1
2017-10-25 16:55:00,88.77,solar_utility,MW,nem,NSW1
2017-10-25 17:00:00,62.99,solar_utility,MW,nem,NSW1
2017-10-25 17:05:00,76.04,solar_utility,MW,nem,NSW1
2017-10-25 17:10:00,57.66,solar_utility,MW,nem,NSW1
2017-10-25 17:15:00,49.41,solar_utility,MW,nem,NSW1
2017-10-25 17:20:00,58.04,solar_utility,MW,nem,NSW1
2017-10-25 17:25:00,54.24,solar_utility,MW,nem,NSW1
2017-10-25 17:30:00,33.48,solar_utility,MW,nem,NSW1
2017-10-25 17:35:00,30.58,solar_utility,MW,nem,NSW1
2017-10-25 17:40:00,30.95,solar_utility,MW,nem,NSW1
2017-10-25 17:45:00,28.05,solar_utility,MW,nem,NSW1
2017-10-25 17:50:00,18.78,solar_utility,MW,nem,NSW1
2017-10-25 17:55:00,12.63,solar_utility,MW,nem,NSW1
2017-10-25 18:00:00,10.44,solar_utility,MW,nem,NSW1
2017-10-25 18:05:00,6.632,solar_utility,MW,nem,NSW1
2017-10-25 18:10:00,4.57,solar_utility,MW,nem,NSW1
2017-10-25 18:15:00,3.708,solar_utility,MW,nem,NSW1
2017-10-25 18:20:00,2.695,solar_utility,MW,nem,NSW1
2017-10-25 18:25:00,1.024,solar_utility,MW,nem,NSW1
2017-10-25 18:30:00,1.127,solar_utility,MW,nem,NSW1
2017-10-25 18:35:00,0.0,solar_utility,MW,nem,NSW1
2017-10-25 18:40:00,0.0,solar_utility,MW,nem,NSW1
2017-10-25 18:45:00,0.0,solar_utility,MW,nem,NSW1
2017-10-25 18:50:00,0.0,solar_utility,MW,nem,NSW1
2017-10-25 18:55:00,0.0,solar_utility,MW,nem,NSW1
2017-10-25 19:00:00,0.0,solar_utility,MW,nem,NSW1
2017-10-25 19:05:00,0.0,solar_utility,MW,nem,NSW1
2017-10-25 19:10:00,0.0,solar_utility,MW,nem,NSW1
2017-10-25 19:15:00,0.0,solar_utility,MW,nem,NSW1
2017-10-25 19:20:00,0.0,solar_utility,MW,nem,NSW1
2017-10-25 19:25:00,0.0,solar_utility,MW,nem,NSW1
2017-10-25 19:30:00,0.0,solar_utility,MW,nem,NSW1
2017-10-25 19:35:00,0.0,solar_utility,MW,nem,NSW1
2017-10-25 19:40:00,0.0,solar_utility,MW,nem,NSW1
2017-10-25 19:45:00,0.0,solar_utility,MW,nem,NSW1
2017-10-25 19:50:00,0.0,solar_utility,MW,nem,NSW1
2017-10-25 19:55:00,0.0,solar_utility,MW,nem,NSW1
2017-10-25 20:00:00,0.0,solar_utility,MW,nem,NSW1
2017-10-25 20:05:00,0.0,solar_utility,MW,nem,NSW1
2017-10-25 20:10:00,0.0,solar_utility,MW,nem,NSW1
2017-10-25 20:15:00,0.0,solar_utility,MW,nem,NSW1
2017-10-25 20:20:00,0.0,solar_utility,MW,nem,NSW1
2017-10-25 20:25:00,0.0,solar_utility,MW,nem,NSW1
2017-10-25 20:30:00,0.0,solar_utility,MW,nem,NSW1
2017-10-25 20:35:00,0.0,solar_utility,MW,nem,NSW1
2017-10-25 20:40:00,0.0,solar_utility,MW,nem,NSW1
2017-10-25 20:45:00,0.0,solar_utility,MW,nem,NSW1
2017-10-25 20:50:00,0.0,solar_utility,MW,nem,NSW1
2017-10-25 20:55:00,0.0,solar_utility,MW,nem,NSW1
2017-10-25 21:00:00,0.0,solar_utility,MW,nem,NSW1
2017-10-25 21:05:00,0.0,solar_utility,MW,nem,NSW1
2017-10-25 21:10:00,0.0,solar_utility,MW,nem,NSW1
2017-10-25 21:15:00,0.0,solar_utility,MW,nem,NSW1
2017-10-25 21:20:00,0.0,solar_utility,MW,nem,NSW1
2017-10-25 21:25:00,0.0,solar_utility,MW,nem,NSW1
2017-10-25 21:30:00,0.0,solar_utility,MW,nem,NSW1
2017-10-25 21:35:00,0.0,solar_utility,MW,nem,NSW1
2017-10-25 21:40:00,0.0,solar_utility,MW,nem,NSW1
2017-10-25 21:45:00,0.0,solar_utility,MW,nem,NSW1
2017-10-25 21:50:00,0.0,solar_utility,MW,nem,NSW1
2017-10-25 21:55:00,0.0,solar_utility,MW,nem,NSW1
2017-10-25 22:00:00,0.0,solar_utility,MW,nem,NSW1
2017-10-25 22:05:00,0.0,solar_utility,MW,nem,NSW1
2017-10-25 22:10:00,0.0,solar_utility,MW,nem,NSW1
2017-10-25 22:15:00,0.0,solar_utility,MW,nem,NSW1
2017-10-25 22:20:00,0.0,solar_utility,MW,nem,NSW1
2017-10-25 22:25:00,0.0,solar_utility,MW,nem,NSW1
2017-10-25 22:30:00,0.0,solar_utility,MW,nem,NSW1
2017-10-25 22:35:00,0.0,solar_utility,MW,nem,NSW1
2017-10-25 22:40:00,0.0,solar_utility,MW,nem,NSW1
2017-10-25 22:45:00,0.0,solar_utility,MW,nem,NSW1
2017-10-25 22:50:00,0.0,solar_utility,MW,nem,NSW1
2017-10-25 22:55:00,0.0,solar_utility,MW,nem,NSW1
2017-10-25 23:00:00,0.0,solar_utility,MW,nem,NSW1
2017-10-25 23:05:00,0.0,solar_utility,MW,nem,NSW1
2017-10-25 23:10:00,0.0,solar_utility,MW,nem,NSW1
2017-10-25 23:15:00,0.0,solar_utility,MW,nem,NSW1
2017-10-25 23:20:00,0.0,solar_utility,MW,nem,NSW1
2017-10-25 23:25:00,0.0,solar_utility,MW,nem,NSW1
2017-10-25 23:30:00,0.0,solar_utility,MW,nem,NSW1
2017-10-25 23:35:00,0.0,solar_utility,MW,nem,NSW1
2017-10-25 23:40:00,0.0,solar_utility,MW,nem,NSW1
2017-10-25 23:45:00,0.0,solar_utility,MW,nem,NSW1
2017-10-25 23:50:00,0.0,solar_utility,MW,nem,NSW1
2017-10-25 23:55:00,0.0,solar_utility,MW,nem,NSW1
2017-10-26 00:00:00,0.0,solar_utility,MW,nem,NSW1
2017-10-26 00:05:00,0.0,solar_utility,MW,nem,NSW1
2017-10-26 00:10:00,0.0,solar_utility,MW,nem,NSW1
2017-10-26 00:15:00,0.0,solar_utility,MW,nem,NSW1
2017-10-26 00:20:00,0.0,solar_utility,MW,nem,NSW1
2017-10-26 00:25:00,0.0,solar_utility,MW,nem,NSW1
2017-10-26 00:30:00,0.0,solar_utility,MW,nem,NSW1
2017-10-26 00:35:00,0.0,solar_utility,MW,nem,NSW1
2017-10-26 00:40:00,0.0,solar_utility,MW,nem,NSW1
2017-10-26 00:45:00,0.0,solar_utility,MW,nem,NSW1
2017-10-26 00:50:00,0.0,solar_utility,MW,nem,NSW1
2017-10-26 00:55:00,0.0,solar_utility,MW,nem,NSW1
2017-10-26 01:00:00,0.0,solar_utility,MW,nem,NSW1
2017-10-26 01:05:00,0.0,solar_utility,MW,nem,NSW1
2017-10-26 01:10:00,0.0,solar_utility,MW,nem,NSW1
2017-10-26 01:15:00,0.0,solar_utility,MW,nem,NSW1
2017-10-26 01:20:00,0.0,solar_utility,MW,nem,NSW1
2017-10-26 01:25:00,0.0,solar_utility,MW,nem,NSW1
2017-10-26 01:30:00,0.0,solar_utility,MW,nem,NSW1
2017-10-26 01:35:00,0.0,solar_utility,MW,nem,NSW1
2017-10-26 01:40:00,0.0,solar_utility,MW,nem,NSW1
2017-10-26 01:45:00,0.0,solar_utility,MW,nem,NSW1
2017-10-26 01:50:00,0.0,solar_utility,MW,nem,NSW1
2017-10-26 01:55:00,0.0,solar_utility,MW,nem,NSW1
2017-10-26 02:00:00,0.0,solar_utility,MW,nem,NSW1
2017-10-26 02:05:00,0.0,solar_utility,MW,nem,NSW1
2017-10-26 02:10:00,0.0,solar_utility,MW,nem,NSW1
2017-10-26 02:15:00,0.0,solar_utility,MW,nem,NSW1
2017-10-26 02:20:00,0.0,solar_utility,MW,nem,NSW1
2017-10-26 02:25:00,0.0,solar_utility,MW,nem,NSW1
2017-10-26 02:30:00,0.0,solar_utility,MW,nem,NSW1
2017-10-26 02:35:00,0.0,solar_utility,MW,nem,NSW1
2017-10-26 02:40:00,0.0,solar_utility,MW,nem,NSW1
2017-10-26 02:45:00,0.0,solar_utility,MW,nem,NSW1
2017-10-26 02:50:00,0.0,solar_utility,MW,nem,NSW1
2017-10-26 02:55:00,0.0,solar_utility,MW,nem,NSW1
2017-10-26 03:00:00,0.0,solar_utility,MW,nem,NSW1
2017-10-26 03:05:00,0.0,solar_utility,MW,nem,NSW1
2017-10-26 03:10:00,0.0,solar_utility,MW,nem,NSW1
2017-10-26 03:15:00,0.0,solar_utility,MW,nem,NSW1
2017-10-26 03:20:00,0.0,solar_utility,MW,nem,NSW1
2017-10-26 03:25:00,0.0,solar_utility,MW,nem,NSW1
2017-10-26 03:30:00,0.0,solar_utility,MW,nem,NSW1
2017-10-26 03:35:00,0.0,solar_utility,MW,nem,NSW1
2017-10-26 03:40:00,0.0,solar_utility,MW,nem,NSW1
2017-10-26 03:45:00,0.0,solar_utility,MW,nem,NSW1
2017-10-26 03:50:00,0.0,solar_utility,MW,nem,NSW1
2017-10-26 03:55:00,0.0,solar_utility,MW,nem,NSW1
2017-10-26 04:00:00,0.0,solar_utility,MW,nem,NSW1
2017-10-26 04:05:00,0.0,solar_utility,MW,nem,NSW1
2017-10-26 04:10:00,0.0,solar_utility,MW,nem,NSW1
2017-10-26 04:15:00,0.0,solar_utility,MW,nem,NSW1
2017-10-26 04:20:00,0.0,solar_utility,MW,nem,NSW1
2017-10-26 04:25:00,0.0,solar_utility,MW,nem,NSW1
2017-10-26 04:30:00,0.0,solar_utility,MW,nem,NSW1
2017-10-26 04:35:00,0.0,solar_utility,MW,nem,NSW1
2017-10-26 04:40:00,0.0,solar_utility,MW,nem,NSW1
2017-10-26 04:45:00,0.0,solar_utility,MW,nem,NSW1
2017-10-26 04:50:00,0.0,solar_utility,MW,nem,NSW1
2017-10-26 04:55:00,0.0,solar_utility,MW,nem,NSW1
2017-10-26 05:00:00,0.0,solar_utility,MW,nem,NSW1
2017-10-26 05:05:00,0.0,solar_utility,MW,nem,NSW1
2017-10-26 05:10:00,0.0,solar_utility,MW,nem,NSW1
2017-10-26 05:15:00,0.0,solar_utility,MW,nem,NSW1
2017-10-26 05:20:00,0.0,solar_utility,MW,nem,NSW1
2017-10-26 05:25:00,0.044,solar_utility,MW,nem,NSW1
2017-10-26 05:30:00,0.756,solar_utility,MW,nem,NSW1
2017-10-26 05:35:00,1.382,solar_utility,MW,nem,NSW1
2017-10-26 05:40:00,2.814,solar_utility,MW,nem,NSW1
2017-10-26 05:45:00,6.548,solar_utility,MW,nem,NSW1
2017-10-26 05:50:00,9.894,solar_utility,MW,nem,NSW1
2017-10-26 05:55:00,11.35,solar_utility,MW,nem,NSW1
2017-10-26 06:00:00,7.425,solar_utility,MW,nem,NSW1
2017-10-26 06:05:00,10.81,solar_utility,MW,nem,NSW1
2017-10-26 06:10:00,10.86,solar_utility,MW,nem,NSW1
2017-10-26 06:15:00,18.88,solar_utility,MW,nem,NSW1
2017-10-26 06:20:00,37.6,solar_utility,MW,nem,NSW1
2017-10-26 06:25:00,44.41,solar_utility,MW,nem,NSW1
2017-10-26 06:30:00,49.04,solar_utility,MW,nem,NSW1
2017-10-26 06:35:00,49.75,solar_utility,MW,nem,NSW1
2017-10-26 06:40:00,61.94,solar_utility,MW,nem,NSW1
2017-10-26 06:45:00,67.15,solar_utility,MW,nem,NSW1
2017-10-26 06:50:00,71.51,solar_utility,MW,nem,NSW1
2017-10-26 06:55:00,72.67,solar_utility,MW,nem,NSW1
2017-10-26 07:00:00,83.5,solar_utility,MW,nem,NSW1
2017-10-26 07:05:00,86.94,solar_utility,MW,nem,NSW1
2017-10-26 07:10:00,93.86,solar_utility,MW,nem,NSW1
2017-10-26 07:15:00,97.81,solar_utility,MW,nem,NSW1
2017-10-26 07:20:00,104.5,solar_utility,MW,nem,NSW1
2017-10-26 07:25:00,78.54,solar_utility,MW,nem,NSW1
2017-10-26 07:30:00,77.53,solar_utility,MW,nem,NSW1
2017-10-26 07:35:00,94.95,solar_utility,MW,nem,NSW1
2017-10-26 07:40:00,92.69,solar_utility,MW,nem,NSW1
2017-10-26 07:45:00,85.58,solar_utility,MW,nem,NSW1
2017-10-26 07:50:00,107.4,solar_utility,MW,nem,NSW1
2017-10-26 07:55:00,103.8,solar_utility,MW,nem,NSW1
2017-10-26 08:00:00,98.62,solar_utility,MW,nem,NSW1
2017-10-26 08:05:00,100.4,solar_utility,MW,nem,NSW1
2017-10-26 08:10:00,101.5,solar_utility,MW,nem,NSW1
2017-10-26 08:15:00,101.8,solar_utility,MW,nem,NSW1
2017-10-26 08:20:00,116.5,solar_utility,MW,nem,NSW1
2017-10-26 08:25:00,147.6,solar_utility,MW,nem,NSW1
2017-10-26 08:30:00,135.6,solar_utility,MW,nem,NSW1
2017-10-26 08:35:00,129.5,solar_utility,MW,nem,NSW1
2017-10-26 08:40:00,163.1,solar_utility,MW,nem,NSW1
2017-10-26 08:45:00,138.2,solar_utility,MW,nem,NSW1
2017-10-26 08:50:00,139.7,solar_utility,MW,nem,NSW1
2017-10-26 08:55:00,149.0,solar_utility,MW,nem,NSW1
2017-10-26 09:00:00,165.6,solar_utility,MW,nem,NSW1
2017-10-26 09:05:00,160.2,solar_utility,MW,nem,NSW1
2017-10-26 09:10:00,172.6,solar_utility,MW,nem,NSW1
2017-10-26 09:15:00,164.9,solar_utility,MW,nem,NSW1
2017-10-26 09:20:00,162.7,solar_utility,MW,nem,NSW1
2017-10-26 09:25:00,169.7,solar_utility,MW,nem,NSW1
2017-10-26 09:30:00,204.2,solar_utility,MW,nem,NSW1
2017-10-26 09:35:00,197.0,solar_utility,MW,nem,NSW1
2017-10-26 09:40:00,207.3,solar_utility,MW,nem,NSW1
2017-10-26 09:45:00,179.7,solar_utility,MW,nem,NSW1
2017-10-26 09:50:00,206.4,solar_utility,MW,nem,NSW1
2017-10-26 09:55:00,215.6,solar_utility,MW,nem,NSW1
2017-10-26 10:00:00,214.3,solar_utility,MW,nem,NSW1
2017-10-26 10:05:00,209.2,solar_utility,MW,nem,NSW1
2017-10-26 10:10:00,212.9,solar_utility,MW,nem,NSW1
2017-10-26 10:15:00,215.0,solar_utility,MW,nem,NSW1
2017-10-26 10:20:00,203.3,solar_utility,MW,nem,NSW1
2017-10-26 10:25:00,212.8,solar_utility,MW,nem,NSW1
2017-10-26 10:30:00,203.6,solar_utility,MW,nem,NSW1
2017-10-26 10:35:00,200.2,solar_utility,MW,nem,NSW1
2017-10-26 10:40:00,191.2,solar_utility,MW,nem,NSW1
2017-10-26 10:45:00,207.3,solar_utility,MW,nem,NSW1
2017-10-26 10:50:00,201.2,solar_utility,MW,nem,NSW1
2017-10-26 10:55:00,193.6,solar_utility,MW,nem,NSW1
2017-10-26 11:00:00,192.5,solar_utility,MW,nem,NSW1
2017-10-26 11:05:00,210.7,solar_utility,MW,nem,NSW1
2017-10-26 11:10:00,200.7,solar_utility,MW,nem,NSW1
2017-10-26 11:15:00,204.9,solar_utility,MW,nem,NSW1
2017-10-26 11:20:00,199.9,solar_utility,MW,nem,NSW1
2017-10-26 11:25:00,208.7,solar_utility,MW,nem,NSW1
2017-10-26 11:30:00,197.4,solar_utility,MW,nem,NSW1
2017-10-26 11:35:00,201.8,solar_utility,MW,nem,NSW1
2017-10-26 11:40:00,217.4,solar_utility,MW,nem,NSW1
2017-10-26 11:45:00,176.3,solar_utility,MW,nem,NSW1
2017-10-26 11:50:00,194.5,solar_utility,MW,nem,NSW1
2017-10-26 11:55:00,200.4,solar_utility,MW,nem,NSW1
2017-10-26 12:00:00,200.0,solar_utility,MW,nem,NSW1
2017-10-26 12:05:00,193.2,solar_utility,MW,nem,NSW1
2017-10-26 12:10:00,182.1,solar_utility,MW,nem,NSW1
2017-10-26 12:15:00,189.6,solar_utility,MW,nem,NSW1
2017-10-26 12:20:00,192.4,solar_utility,MW,nem,NSW1
2017-10-26 12:25:00,188.7,solar_utility,MW,nem,NSW1
2017-10-26 12:30:00,209.1,solar_utility,MW,nem,NSW1
2017-10-26 12:35:00,208.5,solar_utility,MW,nem,NSW1
2017-10-26 12:40:00,193.8,solar_utility,MW,nem,NSW1
2017-10-26 12:45:00,222.8,solar_utility,MW,nem,NSW1
2017-10-26 12:50:00,201.8,solar_utility,MW,nem,NSW1
2017-10-26 12:55:00,235.6,solar_utility,MW,nem,NSW1
2017-10-26 13:00:00,148.2,solar_utility,MW,nem,NSW1
2017-10-26 13:05:00,172.0,solar_utility,MW,nem,NSW1
2017-10-26 13:10:00,168.5,solar_utility,MW,nem,NSW1
2017-10-26 13:15:00,174.7,solar_utility,MW,nem,NSW1
2017-10-26 13:20:00,191.0,solar_utility,MW,nem,NSW1
2017-10-26 13:25:00,179.7,solar_utility,MW,nem,NSW1
2017-10-26 13:30:00,226.7,solar_utility,MW,nem,NSW1
2017-10-26 13:35:00,199.2,solar_utility,MW,nem,NSW1
2017-10-26 13:40:00,176.0,solar_utility,MW,nem,NSW1
2017-10-26 13:45:00,219.9,solar_utility,MW,nem,NSW1
2017-10-26 13:50:00,217.3,solar_utility,MW,nem,NSW1
2017-10-26 13:55:00,212.5,solar_utility,MW,nem,NSW1
2017-10-26 14:00:00,123.3,solar_utility,MW,nem,NSW1
2017-10-26 14:05:00,206.6,solar_utility,MW,nem,NSW1
2017-10-26 14:10:00,201.5,solar_utility,MW,nem,NSW1
2017-10-26 14:15:00,165.5,solar_utility,MW,nem,NSW1
2017-10-26 14:20:00,182.5,solar_utility,MW,nem,NSW1
2017-10-26 14:25:00,181.6,solar_utility,MW,nem,NSW1
2017-10-26 14:30:00,207.9,solar_utility,MW,nem,NSW1
2017-10-26 14:35:00,150.8,solar_utility,MW,nem,NSW1
2017-10-26 14:40:00,197.3,solar_utility,MW,nem,NSW1
2017-10-26 14:45:00,195.4,solar_utility,MW,nem,NSW1
2017-10-26 14:50:00,210.3,solar_utility,MW,nem,NSW1
2017-10-26 14:55:00,177.3,solar_utility,MW,nem,NSW1
2017-10-26 15:00:00,182.1,solar_utility,MW,nem,NSW1
2017-10-26 15:05:00,173.1,solar_utility,MW,nem,NSW1
2017-10-26 15:10:00,176.5,solar_utility,MW,nem,NSW1
2017-10-26 15:15:00,191.9,solar_utility,MW,nem,NSW1
2017-10-26 15:20:00,157.1,solar_utility,MW,nem,NSW1
2017-10-26 15:25:00,87.47,solar_utility,MW,nem,NSW1
2017-10-26 15:30:00,90.51,solar_utility,MW,nem,NSW1
2017-10-26 15:35:00,125.5,solar_utility,MW,nem,NSW1
2017-10-26 15:40:00,102.8,solar_utility,MW,nem,NSW1
2017-10-26 15:45:00,62.01,solar_utility,MW,nem,NSW1
2017-10-26 15:50:00,93.65,solar_utility,MW,nem,NSW1
2017-10-26 15:55:00,70.99,solar_utility,MW,nem,NSW1
2017-10-26 16:00:00,114.1,solar_utility,MW,nem,NSW1
2017-10-26 16:05:00,107.4,solar_utility,MW,nem,NSW1
2017-10-26 16:10:00,102.1,solar_utility,MW,nem,NSW1
2017-10-26 16:15:00,84.27,solar_utility,MW,nem,NSW1
2017-10-26 16:20:00,88.32,solar_utility,MW,nem,NSW1
2017-10-26 16:25:00,86.24,solar_utility,MW,nem,NSW1
2017-10-26 16:30:00,36.87,solar_utility,MW,nem,NSW1
2017-10-26 16:35:00,84.22,solar_utility,MW,nem,NSW1
2017-10-26 16:40:00,79.26,solar_utility,MW,nem,NSW1
2017-10-26 16:45:00,54.89,solar_utility,MW,nem,NSW1
2017-10-26 16:50:00,66.32,solar_utility,MW,nem,NSW1
2017-10-26 16:55:00,71.92,solar_utility,MW,nem,NSW1
2017-10-26 17:00:00,70.38,solar_utility,MW,nem,NSW1
2017-10-26 17:05:00,66.02,solar_utility,MW,nem,NSW1
2017-10-26 17:10:00,30.94,solar_utility,MW,nem,NSW1
2017-10-26 17:15:00,50.09,solar_utility,MW,nem,NSW1
2017-10-26 17:20:00,44.63,solar_utility,MW,nem,NSW1
2017-10-26 17:25:00,39.66,solar_utility,MW,nem,NSW1
2017-10-26 17:30:00,34.84,solar_utility,MW,nem,NSW1
2017-10-26 17:35:00,30.69,solar_utility,MW,nem,NSW1
2017-10-26 17:40:00,26.98,solar_utility,MW,nem,NSW1
2017-10-26 17:45:00,26.38,solar_utility,MW,nem,NSW1
2017-10-26 17:50:00,30.08,solar_utility,MW,nem,NSW1
2017-10-26 17:55:00,17.25,solar_utility,MW,nem,NSW1
2017-10-26 18:00:00,11.14,solar_utility,MW,nem,NSW1
2017-10-26 18:05:00,7.932,solar_utility,MW,nem,NSW1
2017-10-26 18:10:00,6.163,solar_utility,MW,nem,NSW1
2017-10-26 18:15:00,4.81,solar_utility,MW,nem,NSW1
2017-10-26 18:20:00,2.945,solar_utility,MW,nem,NSW1
2017-10-26 18:25:00,2.036,solar_utility,MW,nem,NSW1
2017-10-26 18:30:00,1.229,solar_utility,MW,nem,NSW1
2017-10-26 18:35:00,1.024,solar_utility,MW,nem,NSW1
2017-10-26 18:40:00,0.5122,solar_utility,MW,nem,NSW1
2017-10-26 18:45:00,0.0,solar_utility,MW,nem,NSW1
2017-10-26 18:50:00,0.0,solar_utility,MW,nem,NSW1
2017-10-26 18:55:00,0.0,solar_utility,MW,nem,NSW1
2017-10-26 19:00:00,0.0,solar_utility,MW,nem,NSW1
2017-10-26 19:05:00,0.0,solar_utility,MW,nem,NSW1
2017-10-26 19:10:00,0.0,solar_utility,MW,nem,NSW1
2017-10-26 19:15:00,0.0,solar_utility,MW,nem,NSW1
2017-10-26 19:20:00,0.0,solar_utility,MW,nem,NSW1
2017-10-26 19:25:00,0.0,solar_utility,MW,nem,NSW1
2017-10-26 19:30:00,0.0,solar_utility,MW,nem,NSW1
2017-10-26 19:35:00,0.0,solar_utility,MW,nem,NSW1
2017-10-26 19:40:00,0.0,solar_utility,MW,nem,NSW1
2017-10-26 19:45:00,0.0,solar_utility,MW,nem,NSW1
2017-10-26 19:50:00,0.0,solar_utility,MW,nem,NSW1
2017-10-26 19:55:00,0.0,solar_utility,MW,nem,NSW1
2017-10-26 20:00:00,0.0,solar_utility,MW,nem,NSW1
2017-10-26 20:05:00,0.0,solar_utility,MW,nem,NSW1
2017-10-26 20:10:00,0.0,solar_utility,MW,nem,NSW1
2017-10-26 20:15:00,0.0,solar_utility,MW,nem,NSW1
2017-10-26 20:20:00,0.0,solar_utility,MW,nem,NSW1
2017-10-26 20:25:00,0.0,solar_utility,MW,nem,NSW1
2017-10-26 20:30:00,0.0,solar_utility,MW,nem,NSW1
2017-10-26 20:35:00,0.0,solar_utility,MW,nem,NSW1
2017-10-26 20:40:00,0.0,solar_utility,MW,nem,NSW1
2017-10-26 20:45:00,0.0,solar_utility,MW,nem,NSW1
2017-10-26 20:50:00,0.0,solar_utility,MW,nem,NSW1
2017-10-26 20:55:00,0.0,solar_utility,MW,nem,NSW1
2017-10-26 21:00:00,0.0,solar_utility,MW,nem,NSW1
2017-10-26 21:05:00,0.0,solar_utility,MW,nem,NSW1
2017-10-26 21:10:00,0.0,solar_utility,MW,nem,NSW1
2017-10-26 21:15:00,0.0,solar_utility,MW,nem,NSW1
2017-10-26 21:20:00,0.0,solar_utility,MW,nem,NSW1
2017-10-26 21:25:00,0.0,solar_utility,MW,nem,NSW1
2017-10-26 21:30:00,0.0,solar_utility,MW,nem,NSW1
2017-10-26 21:35:00,0.0,solar_utility,MW,nem,NSW1
2017-10-26 21:40:00,0.0,solar_utility,MW,nem,NSW1
2017-10-26 21:45:00,0.0,solar_utility,MW,nem,NSW1
2017-10-26 21:50:00,0.0,solar_utility,MW,nem,NSW1
2017-10-26 21:55:00,0.0,solar_utility,MW,nem,NSW1
2017-10-26 22:00:00,0.0,solar_utility,MW,nem,NSW1
2017-10-26 22:05:00,0.0,solar_utility,MW,nem,NSW1
2017-10-26 22:10:00,0.0,solar_utility,MW,nem,NSW1
2017-10-26 22:15:00,0.0,solar_utility,MW,nem,NSW1
2017-10-26 22:20:00,0.0,solar_utility,MW,nem,NSW1
2017-10-26 22:25:00,0.0,solar_utility,MW,nem,NSW1
2017-10-26 22:30:00,0.0,solar_utility,MW,nem,NSW1
2017-10-26 22:35:00,0.0,solar_utility,MW,nem,NSW1
2017-10-26 22:40:00,0.0,solar_utility,MW,nem,NSW1
2017-10-26 22:45:00,0.0,solar_utility,MW,nem,NSW1
2017-10-26 22:50:00,0.0,solar_utility,MW,nem,NSW1
2017-10-26 22:55:00,0.0,solar_utility,MW,nem,NSW1
2017-10-26 23:00:00,0.0,solar_utility,MW,nem,NSW1
2017-10-26 23:05:00,0.0,solar_utility,MW,nem,NSW1
2017-10-26 23:10:00,0.0,solar_utility,MW,nem,NSW1
2017-10-26 23:15:00,0.0,solar_utility,MW,nem,NSW1
2017-10-26 23:20:00,0.0,solar_utility,MW,nem,NSW1
2017-10-26 23:25:00,0.0,solar_utility,MW,nem,NSW1
2017-10-26 23:30:00,0.0,solar_utility,MW,nem,NSW1
2017-10-26 23:35:00,0.0,solar_utility,MW,nem,NSW1
2017-10-26 23:40:00,0.0,solar_utility,MW,nem,NSW1
2017-10-26 23:45:00,0.0,solar_utility,MW,nem,NSW1
2017-10-26 23:50:00,0.0,solar_utility,MW,nem,NSW1
2017-10-26 23:55:00,0.0,solar_utility,MW,nem,NSW1
2017-10-27 00:00:00,0.0,solar_utility,MW,nem,NSW1
2017-10-27 00:05:00,0.0,solar_utility,MW,nem,NSW1
2017-10-27 00:10:00,0.0,solar_utility,MW,nem,NSW1
2017-10-27 00:15:00,0.0,solar_utility,MW,nem,NSW1
2017-10-27 00:20:00,0.0,solar_utility,MW,nem,NSW1
2017-10-27 00:25:00,0.0,solar_utility,MW,nem,NSW1
2017-10-27 00:30:00,0.0,solar_utility,MW,nem,NSW1
2017-10-27 00:35:00,0.0,solar_utility,MW,nem,NSW1
2017-10-27 00:40:00,0.0,solar_utility,MW,nem,NSW1
2017-10-27 00:45:00,0.0,solar_utility,MW,nem,NSW1
2017-10-27 00:50:00,0.0,solar_utility,MW,nem,NSW1
2017-10-27 00:55:00,0.0,solar_utility,MW,nem,NSW1
2017-10-27 01:00:00,0.0,solar_utility,MW,nem,NSW1
2017-10-27 01:05:00,0.0,solar_utility,MW,nem,NSW1
2017-10-27 01:10:00,0.0,solar_utility,MW,nem,NSW1
2017-10-27 01:15:00,0.0,solar_utility,MW,nem,NSW1
2017-10-27 01:20:00,0.0,solar_utility,MW,nem,NSW1
2017-10-27 01:25:00,0.0,solar_utility,MW,nem,NSW1
2017-10-27 01:30:00,0.0,solar_utility,MW,nem,NSW1
2017-10-27 01:35:00,0.0,solar_utility,MW,nem,NSW1
2017-10-27 01:40:00,0.0,solar_utility,MW,nem,NSW1
2017-10-27 01:45:00,0.0,solar_utility,MW,nem,NSW1
2017-10-27 01:50:00,0.0,solar_utility,MW,nem,NSW1
2017-10-27 01:55:00,0.0,solar_utility,MW,nem,NSW1
2017-10-27 02:00:00,0.0,solar_utility,MW,nem,NSW1
2017-10-27 02:05:00,0.0,solar_utility,MW,nem,NSW1
2017-10-27 02:10:00,0.0,solar_utility,MW,nem,NSW1
2017-10-27 02:15:00,0.0,solar_utility,MW,nem,NSW1
2017-10-27 02:20:00,0.0,solar_utility,MW,nem,NSW1
2017-10-27 02:25:00,0.0,solar_utility,MW,nem,NSW1
2017-10-27 02:30:00,0.0,solar_utility,MW,nem,NSW1
2017-10-27 02:35:00,0.0,solar_utility,MW,nem,NSW1
2017-10-27 02:40:00,0.0,solar_utility,MW,nem,NSW1
2017-10-27 02:45:00,0.0,solar_utility,MW,nem,NSW1
2017-10-27 02:50:00,0.0,solar_utility,MW,nem,NSW1
2017-10-27 02:55:00,0.0,solar_utility,MW,nem,NSW1
2017-10-27 03:00:00,0.0,solar_utility,MW,nem,NSW1
2017-10-27 03:05:00,0.0,solar_utility,MW,nem,NSW1
2017-10-27 03:10:00,0.0,solar_utility,MW,nem,NSW1
2017-10-27 03:15:00,0.0,solar_utility,MW,nem,NSW1
2017-10-27 03:20:00,0.0,solar_utility,MW,nem,NSW1
2017-10-27 03:25:00,0.0,solar_utility,MW,nem,NSW1
2017-10-27 03:30:00,0.0,solar_utility,MW,nem,NSW1
2017-10-27 03:35:00,0.0,solar_utility,MW,nem,NSW1
2017-10-27 03:40:00,0.0,solar_utility,MW,nem,NSW1
2017-10-27 03:45:00,0.0,solar_utility,MW,nem,NSW1
2017-10-27 03:50:00,0.0,solar_utility,MW,nem,NSW1
2017-10-27 03:55:00,0.0,solar_utility,MW,nem,NSW1
2017-10-27 04:00:00,0.0,solar_utility,MW,nem,NSW1
2017-10-27 04:05:00,0.0,solar_utility,MW,nem,NSW1
2017-10-27 04:10:00,0.0,solar_utility,MW,nem,NSW1
2017-10-27 04:15:00,0.0,solar_utility,MW,nem,NSW1
2017-10-27 04:20:00,0.0,solar_utility,MW,nem,NSW1
2017-10-27 04:25:00,0.0,solar_utility,MW,nem,NSW1
2017-10-27 04:30:00,0.0,solar_utility,MW,nem,NSW1
2017-10-27 04:35:00,0.0,solar_utility,MW,nem,NSW1
2017-10-27 04:40:00,0.0,solar_utility,MW,nem,NSW1
2017-10-27 04:45:00,0.0,solar_utility,MW,nem,NSW1
2017-10-27 04:50:00,0.0,solar_utility,MW,nem,NSW1
2017-10-27 04:55:00,0.0,solar_utility,MW,nem,NSW1
2017-10-27 05:00:00,0.0,solar_utility,MW,nem,NSW1
2017-10-27 05:05:00,0.0,solar_utility,MW,nem,NSW1
2017-10-27 05:10:00,0.0,solar_utility,MW,nem,NSW1
2017-10-27 05:15:00,0.0,solar_utility,MW,nem,NSW1
2017-10-27 05:20:00,0.0,solar_utility,MW,nem,NSW1
2017-10-27 05:25:00,0.16,solar_utility,MW,nem,NSW1
2017-10-27 05:30:00,0.808,solar_utility,MW,nem,NSW1
2017-10-27 05:35:00,1.128,solar_utility,MW,nem,NSW1
2017-10-27 05:40:00,2.08,solar_utility,MW,nem,NSW1
2017-10-27 05:45:00,3.033,solar_utility,MW,nem,NSW1
2017-10-27 05:50:00,8.883,solar_utility,MW,nem,NSW1
2017-10-27 05:55:00,12.68,solar_utility,MW,nem,NSW1
2017-10-27 06:00:00,17.88,solar_utility,MW,nem,NSW1
2017-10-27 06:05:00,23.17,solar_utility,MW,nem,NSW1
2017-10-27 06:10:00,27.54,solar_utility,MW,nem,NSW1
2017-10-27 06:15:00,33.48,solar_utility,MW,nem,NSW1
2017-10-27 06:20:00,39.5,solar_utility,MW,nem,NSW1
2017-10-27 06:25:00,42.35,solar_utility,MW,nem,NSW1
2017-10-27 06:30:00,51.45,solar_utility,MW,nem,NSW1
2017-10-27 06:35:00,57.49,solar_utility,MW,nem,NSW1
2017-10-27 06:40:00,63.87,solar_utility,MW,nem,NSW1
2017-10-27 06:45:00,70.94,solar_utility,MW,nem,NSW1
2017-10-27 06:50:00,76.94,solar_utility,MW,nem,NSW1
2017-10-27 06:55:00,80.44,solar_utility,MW,nem,NSW1
2017-10-27 07:00:00,86.83,solar_utility,MW,nem,NSW1
2017-10-27 07:05:00,91.69,solar_utility,MW,nem,NSW1
2017-10-27 07:10:00,97.87,solar_utility,MW,nem,NSW1
2017-10-27 07:15:00,102.1,solar_utility,MW,nem,NSW1
2017-10-27 07:20:00,106.8,solar_utility,MW,nem,NSW1
2017-10-27 07:25:00,111.7,solar_utility,MW,nem,NSW1
2017-10-27 07:30:00,117.3,solar_utility,MW,nem,NSW1
2017-10-27 07:35:00,121.2,solar_utility,MW,nem,NSW1
2017-10-27 07:40:00,126.5,solar_utility,MW,nem,NSW1
2017-10-27 07:45:00,132.2,solar_utility,MW,nem,NSW1
2017-10-27 07:50:00,136.0,solar_utility,MW,nem,NSW1
2017-10-27 07:55:00,145.7,solar_utility,MW,nem,NSW1
2017-10-27 08:00:00,148.5,solar_utility,MW,nem,NSW1
2017-10-27 08:05:00,150.9,solar_utility,MW,nem,NSW1
2017-10-27 08:10:00,155.8,solar_utility,MW,nem,NSW1
2017-10-27 08:15:00,161.2,solar_utility,MW,nem,NSW1
2017-10-27 08:20:00,166.8,solar_utility,MW,nem,NSW1
2017-10-27 08:25:00,166.2,solar_utility,MW,nem,NSW1
2017-10-27 08:30:00,178.2,solar_utility,MW,nem,NSW1
2017-10-27 08:35:00,179.3,solar_utility,MW,nem,NSW1
2017-10-27 08:40:00,187.3,solar_utility,MW,nem,NSW1
2017-10-27 08:45:00,189.3,solar_utility,MW,nem,NSW1
2017-10-27 08:50:00,188.8,solar_utility,MW,nem,NSW1
2017-10-27 08:55:00,188.8,solar_utility,MW,nem,NSW1
2017-10-27 09:00:00,191.7,solar_utility,MW,nem,NSW1
2017-10-27 09:05:00,197.6,solar_utility,MW,nem,NSW1
2017-10-27 09:10:00,196.4,solar_utility,MW,nem,NSW1
2017-10-27 09:15:00,199.7,solar_utility,MW,nem,NSW1
2017-10-27 09:20:00,201.4,solar_utility,MW,nem,NSW1
2017-10-27 09:25:00,205.8,solar_utility,MW,nem,NSW1
2017-10-27 09:30:00,214.8,solar_utility,MW,nem,NSW1
2017-10-27 09:35:00,214.3,solar_utility,MW,nem,NSW1
2017-10-27 09:40:00,219.7,solar_utility,MW,nem,NSW1
2017-10-27 09:45:00,218.9,solar_utility,MW,nem,NSW1
2017-10-27 09:50:00,221.2,solar_utility,MW,nem,NSW1
2017-10-27 09:55:00,219.7,solar_utility,MW,nem,NSW1
2017-10-27 10:00:00,219.6,solar_utility,MW,nem,NSW1
2017-10-27 10:05:00,221.4,solar_utility,MW,nem,NSW1
2017-10-27 10:10:00,221.2,solar_utility,MW,nem,NSW1
2017-10-27 10:15:00,218.6,solar_utility,MW,nem,NSW1
2017-10-27 10:20:00,217.7,solar_utility,MW,nem,NSW1
2017-10-27 10:25:00,221.7,solar_utility,MW,nem,NSW1
2017-10-27 10:30:00,216.0,solar_utility,MW,nem,NSW1
2017-10-27 10:35:00,226.4,solar_utility,MW,nem,NSW1
2017-10-27 10:40:00,219.3,solar_utility,MW,nem,NSW1
2017-10-27 10:45:00,216.3,solar_utility,MW,nem,NSW1
2017-10-27 10:50:00,204.6,solar_utility,MW,nem,NSW1
2017-10-27 10:55:00,225.1,solar_utility,MW,nem,NSW1
2017-10-27 11:00:00,223.4,solar_utility,MW,nem,NSW1
2017-10-27 11:05:00,222.4,solar_utility,MW,nem,NSW1
2017-10-27 11:10:00,223.4,solar_utility,MW,nem,NSW1
2017-10-27 11:15:00,224.1,solar_utility,MW,nem,NSW1
2017-10-27 11:20:00,224.1,solar_utility,MW,nem,NSW1
2017-10-27 11:25:00,220.6,solar_utility,MW,nem,NSW1
2017-10-27 11:30:00,219.8,solar_utility,MW,nem,NSW1
2017-10-27 11:35:00,216.8,solar_utility,MW,nem,NSW1
2017-10-27 11:40:00,225.5,solar_utility,MW,nem,NSW1
2017-10-27 11:45:00,234.4,solar_utility,MW,nem,NSW1
2017-10-27 11:50:00,231.6,solar_utility,MW,nem,NSW1
2017-10-27 11:55:00,224.1,solar_utility,MW,nem,NSW1
2017-10-27 12:00:00,223.6,solar_utility,MW,nem,NSW1
2017-10-27 12:05:00,225.8,solar_utility,MW,nem,NSW1
2017-10-27 12:10:00,230.1,solar_utility,MW,nem,NSW1
2017-10-27 12:15:00,225.1,solar_utility,MW,nem,NSW1
2017-10-27 12:20:00,225.4,solar_utility,MW,nem,NSW1
2017-10-27 12:25:00,225.0,solar_utility,MW,nem,NSW1
2017-10-27 12:30:00,221.1,solar_utility,MW,nem,NSW1
2017-10-27 12:35:00,220.0,solar_utility,MW,nem,NSW1
2017-10-27 12:40:00,220.5,solar_utility,MW,nem,NSW1
2017-10-27 12:45:00,220.1,solar_utility,MW,nem,NSW1
2017-10-27 12:50:00,206.4,solar_utility,MW,nem,NSW1
2017-10-27 12:55:00,221.1,solar_utility,MW,nem,NSW1
2017-10-27 13:00:00,223.4,solar_utility,MW,nem,NSW1
2017-10-27 13:05:00,224.9,solar_utility,MW,nem,NSW1
2017-10-27 13:10:00,226.2,solar_utility,MW,nem,NSW1
2017-10-27 13:15:00,231.0,solar_utility,MW,nem,NSW1
2017-10-27 13:20:00,232.8,solar_utility,MW,nem,NSW1
2017-10-27 13:25:00,236.4,solar_utility,MW,nem,NSW1
2017-10-27 13:30:00,229.6,solar_utility,MW,nem,NSW1
2017-10-27 13:35:00,230.0,solar_utility,MW,nem,NSW1
2017-10-27 13:40:00,223.3,solar_utility,MW,nem,NSW1
2017-10-27 13:45:00,222.0,solar_utility,MW,nem,NSW1
2017-10-27 13:50:00,233.2,solar_utility,MW,nem,NSW1
2017-10-27 13:55:00,233.9,solar_utility,MW,nem,NSW1
2017-10-27 14:00:00,226.3,solar_utility,MW,nem,NSW1
2017-10-27 14:05:00,227.0,solar_utility,MW,nem,NSW1
2017-10-27 14:10:00,224.8,solar_utility,MW,nem,NSW1
2017-10-27 14:15:00,224.5,solar_utility,MW,nem,NSW1
2017-10-27 14:20:00,221.0,solar_utility,MW,nem,NSW1
2017-10-27 14:25:00,214.2,solar_utility,MW,nem,NSW1
2017-10-27 14:30:00,220.8,solar_utility,MW,nem,NSW1
2017-10-27 14:35:00,212.0,solar_utility,MW,nem,NSW1
2017-10-27 14:40:00,208.9,solar_utility,MW,nem,NSW1
2017-10-27 14:45:00,205.1,solar_utility,MW,nem,NSW1
2017-10-27 14:50:00,202.3,solar_utility,MW,nem,NSW1
2017-10-27 14:55:00,198.7,solar_utility,MW,nem,NSW1
2017-10-27 15:00:00,196.7,solar_utility,MW,nem,NSW1
2017-10-27 15:05:00,196.7,solar_utility,MW,nem,NSW1
2017-10-27 15:10:00,203.2,solar_utility,MW,nem,NSW1
2017-10-27 15:15:00,193.2,solar_utility,MW,nem,NSW1
2017-10-27 15:20:00,183.8,solar_utility,MW,nem,NSW1
2017-10-27 15:25:00,182.2,solar_utility,MW,nem,NSW1
2017-10-27 15:30:00,186.4,solar_utility,MW,nem,NSW1
2017-10-27 15:35:00,180.8,solar_utility,MW,nem,NSW1
2017-10-27 15:40:00,178.3,solar_utility,MW,nem,NSW1
2017-10-27 15:45:00,175.5,solar_utility,MW,nem,NSW1
2017-10-27 15:50:00,168.2,solar_utility,MW,nem,NSW1
2017-10-27 15:55:00,163.7,solar_utility,MW,nem,NSW1
2017-10-27 16:00:00,158.9,solar_utility,MW,nem,NSW1
2017-10-27 16:05:00,154.1,solar_utility,MW,nem,NSW1
2017-10-27 16:10:00,149.9,solar_utility,MW,nem,NSW1
2017-10-27 16:15:00,145.0,solar_utility,MW,nem,NSW1
2017-10-27 16:20:00,140.0,solar_utility,MW,nem,NSW1
2017-10-27 16:25:00,135.9,solar_utility,MW,nem,NSW1
2017-10-27 16:30:00,129.6,solar_utility,MW,nem,NSW1
2017-10-27 16:35:00,126.0,solar_utility,MW,nem,NSW1
2017-10-27 16:40:00,116.6,solar_utility,MW,nem,NSW1
2017-10-27 16:45:00,103.7,solar_utility,MW,nem,NSW1
2017-10-27 16:50:00,109.9,solar_utility,MW,nem,NSW1
2017-10-27 16:55:00,105.0,solar_utility,MW,nem,NSW1
2017-10-27 17:00:00,85.91,solar_utility,MW,nem,NSW1
2017-10-27 17:05:00,74.24,solar_utility,MW,nem,NSW1
2017-10-27 17:10:00,66.43,solar_utility,MW,nem,NSW1
2017-10-27 17:15:00,59.3,solar_utility,MW,nem,NSW1
2017-10-27 17:20:00,52.32,solar_utility,MW,nem,NSW1
2017-10-27 17:25:00,45.54,solar_utility,MW,nem,NSW1
2017-10-27 17:30:00,41.76,solar_utility,MW,nem,NSW1
2017-10-27 17:35:00,35.64,solar_utility,MW,nem,NSW1
2017-10-27 17:40:00,28.93,solar_utility,MW,nem,NSW1
2017-10-27 17:45:00,23.96,solar_utility,MW,nem,NSW1
2017-10-27 17:50:00,19.48,solar_utility,MW,nem,NSW1
2017-10-27 17:55:00,11.22,solar_utility,MW,nem,NSW1
2017-10-27 18:00:00,7.35,solar_utility,MW,nem,NSW1
2017-10-27 18:05:00,5.057,solar_utility,MW,nem,NSW1
2017-10-27 18:10:00,4.172,solar_utility,MW,nem,NSW1
2017-10-27 18:15:00,3.51,solar_utility,MW,nem,NSW1
2017-10-27 18:20:00,2.522,solar_utility,MW,nem,NSW1
2017-10-27 18:25:00,1.729,solar_utility,MW,nem,NSW1
2017-10-27 18:30:00,0.0,solar_utility,MW,nem,NSW1
2017-10-27 18:35:00,0.0,solar_utility,MW,nem,NSW1
2017-10-27 18:40:00,0.0,solar_utility,MW,nem,NSW1
2017-10-27 18:45:00,0.0,solar_utility,MW,nem,NSW1
2017-10-27 18:50:00,0.0,solar_utility,MW,nem,NSW1
2017-10-27 18:55:00,0.0,solar_utility,MW,nem,NSW1
2017-10-27 19:00:00,0.0,solar_utility,MW,nem,NSW1
2017-10-27 19:05:00,0.0,solar_utility,MW,nem,NSW1
2017-10-27 19:10:00,0.0,solar_utility,MW,nem,NSW1
2017-10-27 19:15:00,0.0,solar_utility,MW,nem,NSW1
2017-10-27 19:20:00,0.0,solar_utility,MW,nem,NSW1
2017-10-27 19:25:00,0.0,solar_utility,MW,nem,NSW1
2017-10-27 19:30:00,0.0,solar_utility,MW,nem,NSW1
2017-10-27 19:35:00,0.0,solar_utility,MW,nem,NSW1
2017-10-27 19:40:00,0.0,solar_utility,MW,nem,NSW1
2017-10-27 19:45:00,0.0,solar_utility,MW,nem,NSW1
2017-10-27 19:50:00,0.0,solar_utility,MW,nem,NSW1
2017-10-27 19:55:00,0.0,solar_utility,MW,nem,NSW1
2017-10-27 20:00:00,0.0,solar_utility,MW,nem,NSW1
2017-10-27 20:05:00,0.0,solar_utility,MW,nem,NSW1
2017-10-27 20:10:00,0.0,solar_utility,MW,nem,NSW1
2017-10-27 20:15:00,0.0,solar_utility,MW,nem,NSW1
2017-10-27 20:20:00,0.0,solar_utility,MW,nem,NSW1
2017-10-27 20:25:00,0.0,solar_utility,MW,nem,NSW1
2017-10-27 20:30:00,0.0,solar_utility,MW,nem,NSW1
2017-10-27 20:35:00,0.0,solar_utility,MW,nem,NSW1
2017-10-27 20:40:00,0.0,solar_utility,MW,nem,NSW1
2017-10-27 20:45:00,0.0,solar_utility,MW,nem,NSW1
2017-10-27 20:50:00,0.0,solar_utility,MW,nem,NSW1
2017-10-27 20:55:00,0.0,solar_utility,MW,nem,NSW1
2017-10-27 21:00:00,0.0,solar_utility,MW,nem,NSW1
2017-10-27 21:05:00,0.0,solar_utility,MW,nem,NSW1
2017-10-27 21:10:00,0.0,solar_utility,MW,nem,NSW1
2017-10-27 21:15:00,0.0,solar_utility,MW,nem,NSW1
2017-10-27 21:20:00,0.0,solar_utility,MW,nem,NSW1
2017-10-27 21:25:00,0.0,solar_utility,MW,nem,NSW1
2017-10-27 21:30:00,0.0,solar_utility,MW,nem,NSW1
2017-10-27 21:35:00,0.0,solar_utility,MW,nem,NSW1
2017-10-27 21:40:00,0.0,solar_utility,MW,nem,NSW1
2017-10-27 21:45:00,0.0,solar_utility,MW,nem,NSW1
2017-10-27 21:50:00,0.0,solar_utility,MW,nem,NSW1
2017-10-27 21:55:00,0.0,solar_utility,MW,nem,NSW1
2017-10-27 22:00:00,0.0,solar_utility,MW,nem,NSW1
2017-10-27 22:05:00,0.0,solar_utility,MW,nem,NSW1
2017-10-27 22:10:00,0.0,solar_utility,MW,nem,NSW1
2017-10-27 22:15:00,0.0,solar_utility,MW,nem,NSW1
2017-10-27 22:20:00,0.0,solar_utility,MW,nem,NSW1
2017-10-27 22:25:00,0.0,solar_utility,MW,nem,NSW1
2017-10-27 22:30:00,0.0,solar_utility,MW,nem,NSW1
2017-10-27 22:35:00,0.0,solar_utility,MW,nem,NSW1
2017-10-27 22:40:00,0.0,solar_utility,MW,nem,NSW1
2017-10-27 22:45:00,0.0,solar_utility,MW,nem,NSW1
2017-10-27 22:50:00,0.0,solar_utility,MW,nem,NSW1
2017-10-27 22:55:00,0.0,solar_utility,MW,nem,NSW1
2017-10-27 23:00:00,0.0,solar_utility,MW,nem,NSW1
2017-10-27 23:05:00,0.0,solar_utility,MW,nem,NSW1
2017-10-27 23:10:00,0.0,solar_utility,MW,nem,NSW1
2017-10-27 23:15:00,0.0,solar_utility,MW,nem,NSW1
2017-10-27 23:20:00,0.0,solar_utility,MW,nem,NSW1
2017-10-27 23:25:00,0.0,solar_utility,MW,nem,NSW1
2017-10-27 23:30:00,0.0,solar_utility,MW,nem,NSW1
2017-10-27 23:35:00,0.0,solar_utility,MW,nem,NSW1
2017-10-27 23:40:00,0.0,solar_utility,MW,nem,NSW1
2017-10-27 23:45:00,0.0,solar_utility,MW,nem,NSW1
2017-10-27 23:50:00,0.0,solar_utility,MW,nem,NSW1
2017-10-27 23:55:00,0.0,solar_utility,MW,nem,NSW1
2017-10-28 00:00:00,0.0,solar_utility,MW,nem,NSW1
2017-10-28 00:05:00,0.0,solar_utility,MW,nem,NSW1
2017-10-28 00:10:00,0.0,solar_utility,MW,nem,NSW1
2017-10-28 00:15:00,0.0,solar_utility,MW,nem,NSW1
2017-10-28 00:20:00,0.0,solar_utility,MW,nem,NSW1
2017-10-28 00:25:00,0.0,solar_utility,MW,nem,NSW1
2017-10-28 00:30:00,0.0,solar_utility,MW,nem,NSW1
2017-10-28 00:35:00,0.0,solar_utility,MW,nem,NSW1
2017-10-28 00:40:00,0.0,solar_utility,MW,nem,NSW1
2017-10-28 00:45:00,0.0,solar_utility,MW,nem,NSW1
2017-10-28 00:50:00,0.0,solar_utility,MW,nem,NSW1
2017-10-28 00:55:00,0.0,solar_utility,MW,nem,NSW1
2017-10-28 01:00:00,0.0,solar_utility,MW,nem,NSW1
2017-10-28 01:05:00,0.0,solar_utility,MW,nem,NSW1
2017-10-28 01:10:00,0.0,solar_utility,MW,nem,NSW1
2017-10-28 01:15:00,0.0,solar_utility,MW,nem,NSW1
2017-10-28 01:20:00,0.0,solar_utility,MW,nem,NSW1
2017-10-28 01:25:00,0.0,solar_utility,MW,nem,NSW1
2017-10-28 01:30:00,0.0,solar_utility,MW,nem,NSW1
2017-10-28 01:35:00,0.0,solar_utility,MW,nem,NSW1
2017-10-28 01:40:00,0.0,solar_utility,MW,nem,NSW1
2017-10-28 01:45:00,0.0,solar_utility,MW,nem,NSW1
2017-10-28 01:50:00,0.0,solar_utility,MW,nem,NSW1
2017-10-28 01:55:00,0.0,solar_utility,MW,nem,NSW1
2017-10-28 02:00:00,0.0,solar_utility,MW,nem,NSW1
2017-10-28 02:05:00,0.0,solar_utility,MW,nem,NSW1
2017-10-28 02:10:00,0.0,solar_utility,MW,nem,NSW1
2017-10-28 02:15:00,0.0,solar_utility,MW,nem,NSW1
2017-10-28 02:20:00,0.0,solar_utility,MW,nem,NSW1
2017-10-28 02:25:00,0.0,solar_utility,MW,nem,NSW1
2017-10-28 02:30:00,0.0,solar_utility,MW,nem,NSW1
2017-10-28 02:35:00,0.0,solar_utility,MW,nem,NSW1
2017-10-28 02:40:00,0.0,solar_utility,MW,nem,NSW1
2017-10-28 02:45:00,0.0,solar_utility,MW,nem,NSW1
2017-10-28 02:50:00,0.0,solar_utility,MW,nem,NSW1
2017-10-28 02:55:00,0.0,solar_utility,MW,nem,NSW1
2017-10-28 03:00:00,0.0,solar_utility,MW,nem,NSW1
2017-10-28 03:05:00,0.0,solar_utility,MW,nem,NSW1
2017-10-28 03:10:00,0.0,solar_utility,MW,nem,NSW1
2017-10-28 03:15:00,0.0,solar_utility,MW,nem,NSW1
2017-10-28 03:20:00,0.0,solar_utility,MW,nem,NSW1
2017-10-28 03:25:00,0.0,solar_utility,MW,nem,NSW1
2017-10-28 03:30:00,0.0,solar_utility,MW,nem,NSW1
2017-10-28 03:35:00,0.0,solar_utility,MW,nem,NSW1
2017-10-28 03:40:00,0.0,solar_utility,MW,nem,NSW1
2017-10-28 03:45:00,0.0,solar_utility,MW,nem,NSW1
2017-10-28 03:50:00,0.0,solar_utility,MW,nem,NSW1
2017-10-28 03:55:00,0.0,solar_utility,MW,nem,NSW1
2017-10-28 04:00:00,0.0,solar_utility,MW,nem,NSW1
2017-10-28 04:05:00,0.0,solar_utility,MW,nem,NSW1
2017-10-28 04:10:00,0.0,solar_utility,MW,nem,NSW1
2017-10-28 04:15:00,0.0,solar_utility,MW,nem,NSW1
2017-10-28 04:20:00,0.0,solar_utility,MW,nem,NSW1
2017-10-28 04:25:00,0.0,solar_utility,MW,nem,NSW1
2017-10-28 04:30:00,0.0,solar_utility,MW,nem,NSW1
2017-10-28 04:35:00,0.0,solar_utility,MW,nem,NSW1
2017-10-28 04:40:00,0.0,solar_utility,MW,nem,NSW1
2017-10-28 04:45:00,0.0,solar_utility,MW,nem,NSW1
2017-10-28 04:50:00,0.0,solar_utility,MW,nem,NSW1
2017-10-28 04:55:00,0.0,solar_utility,MW,nem,NSW1
2017-10-28 05:00:00,0.0,solar_utility,MW,nem,NSW1
2017-10-28 05:05:00,0.0,solar_utility,MW,nem,NSW1
2017-10-28 05:10:00,0.0,solar_utility,MW,nem,NSW1
2017-10-28 05:15:00,0.0,solar_utility,MW,nem,NSW1
2017-10-28 05:20:00,0.0,solar_utility,MW,nem,NSW1
2017-10-28 05:25:00,0.622,solar_utility,MW,nem,NSW1
2017-10-28 05:30:00,1.257,solar_utility,MW,nem,NSW1
2017-10-28 05:35:00,1.894,solar_utility,MW,nem,NSW1
2017-10-28 05:40:00,4.148,solar_utility,MW,nem,NSW1
2017-10-28 05:45:00,7.173,solar_utility,MW,nem,NSW1
2017-10-28 05:50:00,11.19,solar_utility,MW,nem,NSW1
2017-10-28 05:55:00,14.69,solar_utility,MW,nem,NSW1
2017-10-28 06:00:00,18.88,solar_utility,MW,nem,NSW1
2017-10-28 06:05:00,25.85,solar_utility,MW,nem,NSW1
2017-10-28 06:10:00,31.08,solar_utility,MW,nem,NSW1
2017-10-28 06:15:00,37.33,solar_utility,MW,nem,NSW1
2017-10-28 06:20:00,46.94,solar_utility,MW,nem,NSW1
2017-10-28 06:25:00,50.82,solar_utility,MW,nem,NSW1
2017-10-28 06:30:00,54.91,solar_utility,MW,nem,NSW1
2017-10-28 06:35:00,62.14,solar_utility,MW,nem,NSW1
2017-10-28 06:40:00,70.21,solar_utility,MW,nem,NSW1
2017-10-28 06:45:00,76.79,solar_utility,MW,nem,NSW1
2017-10-28 06:50:00,81.59,solar_utility,MW,nem,NSW1
2017-10-28 06:55:00,93.26,solar_utility,MW,nem,NSW1
2017-10-28 07:00:00,82.2,solar_utility,MW,nem,NSW1
2017-10-28 07:05:00,85.55,solar_utility,MW,nem,NSW1
2017-10-28 07:10:00,107.0,solar_utility,MW,nem,NSW1
2017-10-28 07:15:00,120.4,solar_utility,MW,nem,NSW1
2017-10-28 07:20:00,108.8,solar_utility,MW,nem,NSW1
2017-10-28 07:25:00,107.3,solar_utility,MW,nem,NSW1
2017-10-28 07:30:00,116.8,solar_utility,MW,nem,NSW1
2017-10-28 07:35:00,117.3,solar_utility,MW,nem,NSW1
2017-10-28 07:40:00,118.9,solar_utility,MW,nem,NSW1
2017-10-28 07:45:00,127.3,solar_utility,MW,nem,NSW1
2017-10-28 07:50:00,123.4,solar_utility,MW,nem,NSW1
2017-10-28 07:55:00,141.0,solar_utility,MW,nem,NSW1
2017-10-28 08:00:00,144.5,solar_utility,MW,nem,NSW1
2017-10-28 08:05:00,139.4,solar_utility,MW,nem,NSW1
2017-10-28 08:10:00,133.1,solar_utility,MW,nem,NSW1
2017-10-28 08:15:00,132.0,solar_utility,MW,nem,NSW1
2017-10-28 08:20:00,119.6,solar_utility,MW,nem,NSW1
2017-10-28 08:25:00,143.3,solar_utility,MW,nem,NSW1
2017-10-28 08:30:00,153.5,solar_utility,MW,nem,NSW1
2017-10-28 08:35:00,154.7,solar_utility,MW,nem,NSW1
2017-10-28 08:40:00,154.8,solar_utility,MW,nem,NSW1
2017-10-28 08:45:00,160.3,solar_utility,MW,nem,NSW1
2017-10-28 08:50:00,164.3,solar_utility,MW,nem,NSW1
2017-10-28 08:55:00,144.2,solar_utility,MW,nem,NSW1
2017-10-28 09:00:00,145.6,solar_utility,MW,nem,NSW1
2017-10-28 09:05:00,118.1,solar_utility,MW,nem,NSW1
2017-10-28 09:10:00,122.9,solar_utility,MW,nem,NSW1
2017-10-28 09:15:00,147.1,solar_utility,MW,nem,NSW1
2017-10-28 09:20:00,144.7,solar_utility,MW,nem,NSW1
2017-10-28 09:25:00,112.8,solar_utility,MW,nem,NSW1
2017-10-28 09:30:00,118.3,solar_utility,MW,nem,NSW1
2017-10-28 09:35:00,125.4,solar_utility,MW,nem,NSW1
2017-10-28 09:40:00,140.2,solar_utility,MW,nem,NSW1
2017-10-28 09:45:00,132.5,solar_utility,MW,nem,NSW1
2017-10-28 09:50:00,133.1,solar_utility,MW,nem,NSW1
2017-10-28 09:55:00,140.4,solar_utility,MW,nem,NSW1
2017-10-28 10:00:00,139.8,solar_utility,MW,nem,NSW1
2017-10-28 10:05:00,121.5,solar_utility,MW,nem,NSW1
2017-10-28 10:10:00,163.1,solar_utility,MW,nem,NSW1
2017-10-28 10:15:00,167.2,solar_utility,MW,nem,NSW1
2017-10-28 10:20:00,169.3,solar_utility,MW,nem,NSW1
2017-10-28 10:25:00,190.0,solar_utility,MW,nem,NSW1
2017-10-28 10:30:00,179.9,solar_utility,MW,nem,NSW1
2017-10-28 10:35:00,150.7,solar_utility,MW,nem,NSW1
2017-10-28 10:40:00,141.8,solar_utility,MW,nem,NSW1
2017-10-28 10:45:00,147.7,solar_utility,MW,nem,NSW1
2017-10-28 10:50:00,144.4,solar_utility,MW,nem,NSW1
2017-10-28 10:55:00,139.1,solar_utility,MW,nem,NSW1
2017-10-28 11:00:00,148.2,solar_utility,MW,nem,NSW1
2017-10-28 11:05:00,157.0,solar_utility,MW,nem,NSW1
2017-10-28 11:10:00,179.3,solar_utility,MW,nem,NSW1
2017-10-28 11:15:00,171.1,solar_utility,MW,nem,NSW1
2017-10-28 11:20:00,159.6,solar_utility,MW,nem,NSW1
2017-10-28 11:25:00,154.7,solar_utility,MW,nem,NSW1
2017-10-28 11:30:00,147.3,solar_utility,MW,nem,NSW1
2017-10-28 11:35:00,155.9,solar_utility,MW,nem,NSW1
2017-10-28 11:40:00,155.0,solar_utility,MW,nem,NSW1
2017-10-28 11:45:00,163.5,solar_utility,MW,nem,NSW1
2017-10-28 11:50:00,178.4,solar_utility,MW,nem,NSW1
2017-10-28 11:55:00,186.8,solar_utility,MW,nem,NSW1
2017-10-28 12:00:00,190.3,solar_utility,MW,nem,NSW1
2017-10-28 12:05:00,181.7,solar_utility,MW,nem,NSW1
2017-10-28 12:10:00,186.1,solar_utility,MW,nem,NSW1
2017-10-28 12:15:00,184.2,solar_utility,MW,nem,NSW1
2017-10-28 12:20:00,173.3,solar_utility,MW,nem,NSW1
2017-10-28 12:25:00,180.8,solar_utility,MW,nem,NSW1
2017-10-28 12:30:00,175.1,solar_utility,MW,nem,NSW1
2017-10-28 12:35:00,180.9,solar_utility,MW,nem,NSW1
2017-10-28 12:40:00,173.4,solar_utility,MW,nem,NSW1
2017-10-28 12:45:00,161.7,solar_utility,MW,nem,NSW1
2017-10-28 12:50:00,162.4,solar_utility,MW,nem,NSW1
2017-10-28 12:55:00,175.7,solar_utility,MW,nem,NSW1
2017-10-28 13:00:00,177.5,solar_utility,MW,nem,NSW1
2017-10-28 13:05:00,171.9,solar_utility,MW,nem,NSW1
2017-10-28 13:10:00,186.7,solar_utility,MW,nem,NSW1
2017-10-28 13:15:00,163.9,solar_utility,MW,nem,NSW1
2017-10-28 13:20:00,164.9,solar_utility,MW,nem,NSW1
2017-10-28 13:25:00,166.6,solar_utility,MW,nem,NSW1
2017-10-28 13:30:00,181.3,solar_utility,MW,nem,NSW1
2017-10-28 13:35:00,153.2,solar_utility,MW,nem,NSW1
2017-10-28 13:40:00,155.8,solar_utility,MW,nem,NSW1
2017-10-28 13:45:00,165.6,solar_utility,MW,nem,NSW1
2017-10-28 13:50:00,135.0,solar_utility,MW,nem,NSW1
2017-10-28 13:55:00,122.7,solar_utility,MW,nem,NSW1
2017-10-28 14:00:00,122.4,solar_utility,MW,nem,NSW1
2017-10-28 14:05:00,116.9,solar_utility,MW,nem,NSW1
2017-10-28 14:10:00,114.7,solar_utility,MW,nem,NSW1
2017-10-28 14:15:00,115.6,solar_utility,MW,nem,NSW1
2017-10-28 14:20:00,105.8,solar_utility,MW,nem,NSW1
2017-10-28 14:25:00,97.94,solar_utility,MW,nem,NSW1
2017-10-28 14:30:00,104.2,solar_utility,MW,nem,NSW1
2017-10-28 14:35:00,110.9,solar_utility,MW,nem,NSW1
2017-10-28 14:40:00,97.66,solar_utility,MW,nem,NSW1
2017-10-28 14:45:00,88.54,solar_utility,MW,nem,NSW1
2017-10-28 14:50:00,91.18,solar_utility,MW,nem,NSW1
2017-10-28 14:55:00,100.7,solar_utility,MW,nem,NSW1
2017-10-28 15:00:00,99.65,solar_utility,MW,nem,NSW1
2017-10-28 15:05:00,98.39,solar_utility,MW,nem,NSW1
2017-10-28 15:10:00,99.88,solar_utility,MW,nem,NSW1
2017-10-28 15:15:00,100.6,solar_utility,MW,nem,NSW1
2017-10-28 15:20:00,127.7,solar_utility,MW,nem,NSW1
2017-10-28 15:25:00,107.7,solar_utility,MW,nem,NSW1
2017-10-28 15:30:00,140.5,solar_utility,MW,nem,NSW1
2017-10-28 15:35:00,118.6,solar_utility,MW,nem,NSW1
2017-10-28 15:40:00,122.9,solar_utility,MW,nem,NSW1
2017-10-28 15:45:00,91.25,solar_utility,MW,nem,NSW1
2017-10-28 15:50:00,82.45,solar_utility,MW,nem,NSW1
2017-10-28 15:55:00,77.9,solar_utility,MW,nem,NSW1
2017-10-28 16:00:00,76.65,solar_utility,MW,nem,NSW1
2017-10-28 16:05:00,72.09,solar_utility,MW,nem,NSW1
2017-10-28 16:10:00,67.21,solar_utility,MW,nem,NSW1
2017-10-28 16:15:00,76.84,solar_utility,MW,nem,NSW1
2017-10-28 16:20:00,82.27,solar_utility,MW,nem,NSW1
2017-10-28 16:25:00,70.79,solar_utility,MW,nem,NSW1
2017-10-28 16:30:00,93.64,solar_utility,MW,nem,NSW1
2017-10-28 16:35:00,41.59,solar_utility,MW,nem,NSW1
2017-10-28 16:40:00,48.88,solar_utility,MW,nem,NSW1
2017-10-28 16:45:00,37.18,solar_utility,MW,nem,NSW1
2017-10-28 16:50:00,37.42,solar_utility,MW,nem,NSW1
2017-10-28 16:55:00,31.67,solar_utility,MW,nem,NSW1
2017-10-28 17:00:00,48.09,solar_utility,MW,nem,NSW1
2017-10-28 17:05:00,40.85,solar_utility,MW,nem,NSW1
2017-10-28 17:10:00,32.9,solar_utility,MW,nem,NSW1
2017-10-28 17:15:00,31.65,solar_utility,MW,nem,NSW1
2017-10-28 17:20:00,28.3,solar_utility,MW,nem,NSW1
2017-10-28 17:25:00,24.31,solar_utility,MW,nem,NSW1
2017-10-28 17:30:00,19.18,solar_utility,MW,nem,NSW1
2017-10-28 17:35:00,18.82,solar_utility,MW,nem,NSW1
2017-10-28 17:40:00,16.09,solar_utility,MW,nem,NSW1
2017-10-28 17:45:00,11.64,solar_utility,MW,nem,NSW1
2017-10-28 17:50:00,11.63,solar_utility,MW,nem,NSW1
2017-10-28 17:55:00,9.142,solar_utility,MW,nem,NSW1
2017-10-28 18:00:00,11.02,solar_utility,MW,nem,NSW1
2017-10-28 18:05:00,7.087,solar_utility,MW,nem,NSW1
2017-10-28 18:10:00,5.665,solar_utility,MW,nem,NSW1
2017-10-28 18:15:00,4.039,solar_utility,MW,nem,NSW1
2017-10-28 18:20:00,2.765,solar_utility,MW,nem,NSW1
2017-10-28 18:25:00,2.458,solar_utility,MW,nem,NSW1
2017-10-28 18:30:00,2.047,solar_utility,MW,nem,NSW1
2017-10-28 18:35:00,1.638,solar_utility,MW,nem,NSW1
2017-10-28 18:40:00,1.434,solar_utility,MW,nem,NSW1
2017-10-28 18:45:00,1.434,solar_utility,MW,nem,NSW1
2017-10-28 18:50:00,1.024,solar_utility,MW,nem,NSW1
2017-10-28 18:55:00,0.0,solar_utility,MW,nem,NSW1
2017-10-28 19:00:00,0.0,solar_utility,MW,nem,NSW1
2017-10-28 19:05:00,0.0,solar_utility,MW,nem,NSW1
2017-10-28 19:10:00,0.0,solar_utility,MW,nem,NSW1
2017-10-28 19:15:00,0.0,solar_utility,MW,nem,NSW1
2017-10-28 19:20:00,0.0,solar_utility,MW,nem,NSW1
2017-10-28 19:25:00,0.0,solar_utility,MW,nem,NSW1
2017-10-28 19:30:00,0.0,solar_utility,MW,nem,NSW1
2017-10-28 19:35:00,0.0,solar_utility,MW,nem,NSW1
2017-10-28 19:40:00,0.0,solar_utility,MW,nem,NSW1
2017-10-28 19:45:00,0.0,solar_utility,MW,nem,NSW1
2017-10-28 19:50:00,0.0,solar_utility,MW,nem,NSW1
2017-10-28 19:55:00,0.0,solar_utility,MW,nem,NSW1
2017-10-28 20:00:00,0.0,solar_utility,MW,nem,NSW1
2017-10-28 20:05:00,0.0,solar_utility,MW,nem,NSW1
2017-10-28 20:10:00,0.0,solar_utility,MW,nem,NSW1
2017-10-28 20:15:00,0.0,solar_utility,MW,nem,NSW1
2017-10-28 20:20:00,0.0,solar_utility,MW,nem,NSW1
2017-10-28 20:25:00,0.0,solar_utility,MW,nem,NSW1
2017-10-28 20:30:00,0.0,solar_utility,MW,nem,NSW1
2017-10-28 20:35:00,0.0,solar_utility,MW,nem,NSW1
2017-10-28 20:40:00,0.0,solar_utility,MW,nem,NSW1
2017-10-28 20:45:00,0.0,solar_utility,MW,nem,NSW1
2017-10-28 20:50:00,0.0,solar_utility,MW,nem,NSW1
2017-10-28 20:55:00,0.0,solar_utility,MW,nem,NSW1
2017-10-28 21:00:00,0.0,solar_utility,MW,nem,NSW1
2017-10-28 21:05:00,0.0,solar_utility,MW,nem,NSW1
2017-10-28 21:10:00,0.0,solar_utility,MW,nem,NSW1
2017-10-28 21:15:00,0.0,solar_utility,MW,nem,NSW1
2017-10-28 21:20:00,0.0,solar_utility,MW,nem,NSW1
2017-10-28 21:25:00,0.0,solar_utility,MW,nem,NSW1
2017-10-28 21:30:00,0.0,solar_utility,MW,nem,NSW1
2017-10-28 21:35:00,0.0,solar_utility,MW,nem,NSW1
2017-10-28 21:40:00,0.0,solar_utility,MW,nem,NSW1
2017-10-28 21:45:00,0.0,solar_utility,MW,nem,NSW1
2017-10-28 21:50:00,0.0,solar_utility,MW,nem,NSW1
2017-10-28 21:55:00,0.0,solar_utility,MW,nem,NSW1
2017-10-28 22:00:00,0.0,solar_utility,MW,nem,NSW1
2017-10-28 22:05:00,0.0,solar_utility,MW,nem,NSW1
2017-10-28 22:10:00,0.0,solar_utility,MW,nem,NSW1
2017-10-28 22:15:00,0.0,solar_utility,MW,nem,NSW1
2017-10-28 22:20:00,0.0,solar_utility,MW,nem,NSW1
2017-10-28 22:25:00,0.0,solar_utility,MW,nem,NSW1
2017-10-28 22:30:00,0.0,solar_utility,MW,nem,NSW1
2017-10-28 22:35:00,0.0,solar_utility,MW,nem,NSW1
2017-10-28 22:40:00,0.0,solar_utility,MW,nem,NSW1
2017-10-28 22:45:00,0.0,solar_utility,MW,nem,NSW1
2017-10-28 22:50:00,0.0,solar_utility,MW,nem,NSW1
2017-10-28 22:55:00,0.0,solar_utility,MW,nem,NSW1
2017-10-28 23:00:00,0.0,solar_utility,MW,nem,NSW1
2017-10-28 23:05:00,0.0,solar_utility,MW,nem,NSW1
2017-10-28 23:10:00,0.0,solar_utility,MW,nem,NSW1
2017-10-28 23:15:00,0.0,solar_utility,MW,nem,NSW1
2017-10-28 23:20:00,0.0,solar_utility,MW,nem,NSW1
2017-10-28 23:25:00,0.0,solar_utility,MW,nem,NSW1
2017-10-28 23:30:00,0.0,solar_utility,MW,nem,NSW1
2017-10-28 23:35:00,0.0,solar_utility,MW,nem,NSW1
2017-10-28 23:40:00,0.0,solar_utility,MW,nem,NSW1
2017-10-28 23:45:00,0.0,solar_utility,MW,nem,NSW1
2017-10-28 23:50:00,0.0,solar_utility,MW,nem,NSW1
2017-10-28 23:55:00,0.0,solar_utility,MW,nem,NSW1
2017-10-29 00:00:00,0.0,solar_utility,MW,nem,NSW1
2017-10-29 00:05:00,0.0,solar_utility,MW,nem,NSW1
2017-10-29 00:10:00,0.0,solar_utility,MW,nem,NSW1
2017-10-29 00:15:00,0.0,solar_utility,MW,nem,NSW1
2017-10-29 00:20:00,0.0,solar_utility,MW,nem,NSW1
2017-10-29 00:25:00,0.0,solar_utility,MW,nem,NSW1
2017-10-29 00:30:00,0.0,solar_utility,MW,nem,NSW1
2017-10-29 00:35:00,0.0,solar_utility,MW,nem,NSW1
2017-10-29 00:40:00,0.0,solar_utility,MW,nem,NSW1
2017-10-29 00:45:00,0.0,solar_utility,MW,nem,NSW1
2017-10-29 00:50:00,0.0,solar_utility,MW,nem,NSW1
2017-10-29 00:55:00,0.0,solar_utility,MW,nem,NSW1
2017-10-29 01:00:00,0.0,solar_utility,MW,nem,NSW1
2017-10-29 01:05:00,0.0,solar_utility,MW,nem,NSW1
2017-10-29 01:10:00,0.0,solar_utility,MW,nem,NSW1
2017-10-29 01:15:00,0.0,solar_utility,MW,nem,NSW1
2017-10-29 01:20:00,0.0,solar_utility,MW,nem,NSW1
2017-10-29 01:25:00,0.0,solar_utility,MW,nem,NSW1
2017-10-29 01:30:00,0.0,solar_utility,MW,nem,NSW1
2017-10-29 01:35:00,0.0,solar_utility,MW,nem,NSW1
2017-10-29 01:40:00,0.0,solar_utility,MW,nem,NSW1
2017-10-29 01:45:00,0.0,solar_utility,MW,nem,NSW1
2017-10-29 01:50:00,0.0,solar_utility,MW,nem,NSW1
2017-10-29 01:55:00,0.0,solar_utility,MW,nem,NSW1
2017-10-29 02:00:00,0.0,solar_utility,MW,nem,NSW1
2017-10-29 02:05:00,0.0,solar_utility,MW,nem,NSW1
2017-10-29 02:10:00,0.0,solar_utility,MW,nem,NSW1
2017-10-29 02:15:00,0.0,solar_utility,MW,nem,NSW1
2017-10-29 02:20:00,0.0,solar_utility,MW,nem,NSW1
2017-10-29 02:25:00,0.0,solar_utility,MW,nem,NSW1
2017-10-29 02:30:00,0.0,solar_utility,MW,nem,NSW1
2017-10-29 02:35:00,0.0,solar_utility,MW,nem,NSW1
2017-10-29 02:40:00,0.0,solar_utility,MW,nem,NSW1
2017-10-29 02:45:00,0.0,solar_utility,MW,nem,NSW1
2017-10-29 02:50:00,0.0,solar_utility,MW,nem,NSW1
2017-10-29 02:55:00,0.0,solar_utility,MW,nem,NSW1
2017-10-29 03:00:00,0.0,solar_utility,MW,nem,NSW1
2017-10-29 03:05:00,0.0,solar_utility,MW,nem,NSW1
2017-10-29 03:10:00,0.0,solar_utility,MW,nem,NSW1
2017-10-29 03:15:00,0.0,solar_utility,MW,nem,NSW1
2017-10-29 03:20:00,0.0,solar_utility,MW,nem,NSW1
2017-10-29 03:25:00,0.0,solar_utility,MW,nem,NSW1
2017-10-29 03:30:00,0.0,solar_utility,MW,nem,NSW1
2017-10-29 03:35:00,0.0,solar_utility,MW,nem,NSW1
2017-10-29 03:40:00,0.0,solar_utility,MW,nem,NSW1
2017-10-29 03:45:00,0.0,solar_utility,MW,nem,NSW1
2017-10-29 03:50:00,0.0,solar_utility,MW,nem,NSW1
2017-10-29 03:55:00,0.0,solar_utility,MW,nem,NSW1
2017-10-29 04:00:00,0.0,solar_utility,MW,nem,NSW1
2017-10-29 04:05:00,0.0,solar_utility,MW,nem,NSW1
2017-10-29 04:10:00,0.0,solar_utility,MW,nem,NSW1
2017-10-29 04:15:00,0.0,solar_utility,MW,nem,NSW1
2017-10-29 04:20:00,0.0,solar_utility,MW,nem,NSW1
2017-10-29 04:25:00,0.0,solar_utility,MW,nem,NSW1
2017-10-29 04:30:00,0.0,solar_utility,MW,nem,NSW1
2017-10-29 04:35:00,0.0,solar_utility,MW,nem,NSW1
2017-10-29 04:40:00,0.0,solar_utility,MW,nem,NSW1
2017-10-29 04:45:00,0.0,solar_utility,MW,nem,NSW1
2017-10-29 04:50:00,0.0,solar_utility,MW,nem,NSW1
2017-10-29 04:55:00,0.0,solar_utility,MW,nem,NSW1
2017-10-29 05:00:00,0.0,solar_utility,MW,nem,NSW1
2017-10-29 05:05:00,0.0,solar_utility,MW,nem,NSW1
2017-10-29 05:10:00,0.0,solar_utility,MW,nem,NSW1
2017-10-29 05:15:00,0.0,solar_utility,MW,nem,NSW1
2017-10-29 05:20:00,0.0,solar_utility,MW,nem,NSW1
2017-10-29 05:25:00,0.0,solar_utility,MW,nem,NSW1
2017-10-29 05:30:00,0.0,solar_utility,MW,nem,NSW1
2017-10-29 05:35:00,0.608,solar_utility,MW,nem,NSW1
2017-10-29 05:40:00,1.582,solar_utility,MW,nem,NSW1
2017-10-29 05:45:00,3.104,solar_utility,MW,nem,NSW1
2017-10-29 05:50:00,3.524,solar_utility,MW,nem,NSW1
2017-10-29 05:55:00,4.402,solar_utility,MW,nem,NSW1
2017-10-29 06:00:00,5.64,solar_utility,MW,nem,NSW1
2017-10-29 06:05:00,7.017,solar_utility,MW,nem,NSW1
2017-10-29 06:10:00,19.97,solar_utility,MW,nem,NSW1
2017-10-29 06:15:00,25.19,solar_utility,MW,nem,NSW1
2017-10-29 06:20:00,37.87,solar_utility,MW,nem,NSW1
2017-10-29 06:25:00,44.12,solar_utility,MW,nem,NSW1
2017-10-29 06:30:00,51.02,solar_utility,MW,nem,NSW1
2017-10-29 06:35:00,54.93,solar_utility,MW,nem,NSW1
2017-10-29 06:40:00,63.1,solar_utility,MW,nem,NSW1
2017-10-29 06:45:00,69.54,solar_utility,MW,nem,NSW1
2017-10-29 06:50:00,75.39,solar_utility,MW,nem,NSW1
2017-10-29 06:55:00,79.7,solar_utility,MW,nem,NSW1
2017-10-29 07:00:00,86.14,solar_utility,MW,nem,NSW1
2017-10-29 07:05:00,92.03,solar_utility,MW,nem,NSW1
2017-10-29 07:10:00,58.25,solar_utility,MW,nem,NSW1
2017-10-29 07:15:00,56.07,solar_utility,MW,nem,NSW1
2017-10-29 07:20:00,65.15,solar_utility,MW,nem,NSW1
2017-10-29 07:25:00,66.5,solar_utility,MW,nem,NSW1
2017-10-29 07:30:00,73.0,solar_utility,MW,nem,NSW1
2017-10-29 07:35:00,82.5,solar_utility,MW,nem,NSW1
2017-10-29 07:40:00,121.0,solar_utility,MW,nem,NSW1
2017-10-29 07:45:00,109.3,solar_utility,MW,nem,NSW1
2017-10-29 07:50:00,104.6,solar_utility,MW,nem,NSW1
2017-10-29 07:55:00,120.5,solar_utility,MW,nem,NSW1
2017-10-29 08:00:00,111.6,solar_utility,MW,nem,NSW1
2017-10-29 08:05:00,116.6,solar_utility,MW,nem,NSW1
2017-10-29 08:10:00,128.9,solar_utility,MW,nem,NSW1
2017-10-29 08:15:00,139.6,solar_utility,MW,nem,NSW1
2017-10-29 08:20:00,150.0,solar_utility,MW,nem,NSW1
2017-10-29 08:25:00,169.3,solar_utility,MW,nem,NSW1
2017-10-29 08:30:00,173.5,solar_utility,MW,nem,NSW1
2017-10-29 08:35:00,178.9,solar_utility,MW,nem,NSW1
2017-10-29 08:40:00,185.6,solar_utility,MW,nem,NSW1
2017-10-29 08:45:00,192.3,solar_utility,MW,nem,NSW1
2017-10-29 08:50:00,199.8,solar_utility,MW,nem,NSW1
2017-10-29 08:55:00,201.8,solar_utility,MW,nem,NSW1
2017-10-29 09:00:00,205.5,solar_utility,MW,nem,NSW1
2017-10-29 09:05:00,208.9,solar_utility,MW,nem,NSW1
2017-10-29 09:10:00,209.0,solar_utility,MW,nem,NSW1
2017-10-29 09:15:00,212.1,solar_utility,MW,nem,NSW1
2017-10-29 09:20:00,216.8,solar_utility,MW,nem,NSW1
2017-10-29 09:25:00,215.3,solar_utility,MW,nem,NSW1
2017-10-29 09:30:00,221.4,solar_utility,MW,nem,NSW1
2017-10-29 09:35:00,223.7,solar_utility,MW,nem,NSW1
2017-10-29 09:40:00,228.9,solar_utility,MW,nem,NSW1
2017-10-29 09:45:00,227.0,solar_utility,MW,nem,NSW1
2017-10-29 09:50:00,231.3,solar_utility,MW,nem,NSW1
2017-10-29 09:55:00,234.0,solar_utility,MW,nem,NSW1
2017-10-29 10:00:00,227.5,solar_utility,MW,nem,NSW1
2017-10-29 10:05:00,230.5,solar_utility,MW,nem,NSW1
2017-10-29 10:10:00,225.5,solar_utility,MW,nem,NSW1
2017-10-29 10:15:00,227.7,solar_utility,MW,nem,NSW1
2017-10-29 10:20:00,235.6,solar_utility,MW,nem,NSW1
2017-10-29 10:25:00,238.3,solar_utility,MW,nem,NSW1
2017-10-29 10:30:00,238.3,solar_utility,MW,nem,NSW1
2017-10-29 10:35:00,236.5,solar_utility,MW,nem,NSW1
2017-10-29 10:40:00,238.8,solar_utility,MW,nem,NSW1
2017-10-29 10:45:00,237.1,solar_utility,MW,nem,NSW1
2017-10-29 10:50:00,236.2,solar_utility,MW,nem,NSW1
2017-10-29 10:55:00,237.1,solar_utility,MW,nem,NSW1
2017-10-29 11:00:00,236.4,solar_utility,MW,nem,NSW1
2017-10-29 11:05:00,238.1,solar_utility,MW,nem,NSW1
2017-10-29 11:10:00,230.5,solar_utility,MW,nem,NSW1
2017-10-29 11:15:00,237.3,solar_utility,MW,nem,NSW1
2017-10-29 11:20:00,229.1,solar_utility,MW,nem,NSW1
2017-10-29 11:25:00,225.4,solar_utility,MW,nem,NSW1
2017-10-29 11:30:00,213.4,solar_utility,MW,nem,NSW1
2017-10-29 11:35:00,229.1,solar_utility,MW,nem,NSW1
2017-10-29 11:40:00,222.0,solar_utility,MW,nem,NSW1
2017-10-29 11:45:00,207.1,solar_utility,MW,nem,NSW1
2017-10-29 11:50:00,218.2,solar_utility,MW,nem,NSW1
2017-10-29 11:55:00,210.2,solar_utility,MW,nem,NSW1
2017-10-29 12:00:00,226.9,solar_utility,MW,nem,NSW1
2017-10-29 12:05:00,216.3,solar_utility,MW,nem,NSW1
2017-10-29 12:10:00,181.5,solar_utility,MW,nem,NSW1
2017-10-29 12:15:00,209.2,solar_utility,MW,nem,NSW1
2017-10-29 12:20:00,224.3,solar_utility,MW,nem,NSW1
2017-10-29 12:25:00,233.4,solar_utility,MW,nem,NSW1
2017-10-29 12:30:00,227.4,solar_utility,MW,nem,NSW1
2017-10-29 12:35:00,205.2,solar_utility,MW,nem,NSW1
2017-10-29 12:40:00,221.4,solar_utility,MW,nem,NSW1
2017-10-29 12:45:00,213.2,solar_utility,MW,nem,NSW1
2017-10-29 12:50:00,217.5,solar_utility,MW,nem,NSW1
2017-10-29 12:55:00,227.4,solar_utility,MW,nem,NSW1
2017-10-29 13:00:00,202.4,solar_utility,MW,nem,NSW1
2017-10-29 13:05:00,218.3,solar_utility,MW,nem,NSW1
2017-10-29 13:10:00,219.2,solar_utility,MW,nem,NSW1
2017-10-29 13:15:00,229.8,solar_utility,MW,nem,NSW1
2017-10-29 13:20:00,212.8,solar_utility,MW,nem,NSW1
2017-10-29 13:25:00,199.8,solar_utility,MW,nem,NSW1
2017-10-29 13:30:00,204.3,solar_utility,MW,nem,NSW1
2017-10-29 13:35:00,230.3,solar_utility,MW,nem,NSW1
2017-10-29 13:40:00,203.6,solar_utility,MW,nem,NSW1
2017-10-29 13:45:00,231.2,solar_utility,MW,nem,NSW1
2017-10-29 13:50:00,232.2,solar_utility,MW,nem,NSW1
2017-10-29 13:55:00,236.0,solar_utility,MW,nem,NSW1
2017-10-29 14:00:00,213.4,solar_utility,MW,nem,NSW1
2017-10-29 14:05:00,227.1,solar_utility,MW,nem,NSW1
2017-10-29 14:10:00,232.5,solar_utility,MW,nem,NSW1
2017-10-29 14:15:00,230.9,solar_utility,MW,nem,NSW1
2017-10-29 14:20:00,211.0,solar_utility,MW,nem,NSW1
2017-10-29 14:25:00,224.0,solar_utility,MW,nem,NSW1
2017-10-29 14:30:00,199.7,solar_utility,MW,nem,NSW1
2017-10-29 14:35:00,224.1,solar_utility,MW,nem,NSW1
2017-10-29 14:40:00,217.9,solar_utility,MW,nem,NSW1
2017-10-29 14:45:00,208.2,solar_utility,MW,nem,NSW1
2017-10-29 14:50:00,217.1,solar_utility,MW,nem,NSW1
2017-10-29 14:55:00,208.5,solar_utility,MW,nem,NSW1
2017-10-29 15:00:00,204.0,solar_utility,MW,nem,NSW1
2017-10-29 15:05:00,196.0,solar_utility,MW,nem,NSW1
2017-10-29 15:10:00,202.6,solar_utility,MW,nem,NSW1
2017-10-29 15:15:00,165.0,solar_utility,MW,nem,NSW1
2017-10-29 15:20:00,148.5,solar_utility,MW,nem,NSW1
2017-10-29 15:25:00,147.7,solar_utility,MW,nem,NSW1
2017-10-29 15:30:00,169.6,solar_utility,MW,nem,NSW1
2017-10-29 15:35:00,161.0,solar_utility,MW,nem,NSW1
2017-10-29 15:40:00,137.0,solar_utility,MW,nem,NSW1
2017-10-29 15:45:00,130.9,solar_utility,MW,nem,NSW1
2017-10-29 15:50:00,140.2,solar_utility,MW,nem,NSW1
2017-10-29 15:55:00,115.5,solar_utility,MW,nem,NSW1
2017-10-29 16:00:00,118.7,solar_utility,MW,nem,NSW1
2017-10-29 16:05:00,137.5,solar_utility,MW,nem,NSW1
2017-10-29 16:10:00,129.0,solar_utility,MW,nem,NSW1
2017-10-29 16:15:00,109.9,solar_utility,MW,nem,NSW1
2017-10-29 16:20:00,115.9,solar_utility,MW,nem,NSW1
2017-10-29 16:25:00,93.2,solar_utility,MW,nem,NSW1
2017-10-29 16:30:00,84.53,solar_utility,MW,nem,NSW1
2017-10-29 16:35:00,127.5,solar_utility,MW,nem,NSW1
2017-10-29 16:40:00,88.04,solar_utility,MW,nem,NSW1
2017-10-29 16:45:00,68.65,solar_utility,MW,nem,NSW1
2017-10-29 16:50:00,104.4,solar_utility,MW,nem,NSW1
2017-10-29 16:55:00,99.16,solar_utility,MW,nem,NSW1
2017-10-29 17:00:00,85.4,solar_utility,MW,nem,NSW1
2017-10-29 17:05:00,65.48,solar_utility,MW,nem,NSW1
2017-10-29 17:10:00,69.82,solar_utility,MW,nem,NSW1
2017-10-29 17:15:00,43.55,solar_utility,MW,nem,NSW1
2017-10-29 17:20:00,55.02,solar_utility,MW,nem,NSW1
2017-10-29 17:25:00,51.12,solar_utility,MW,nem,NSW1
2017-10-29 17:30:00,42.95,solar_utility,MW,nem,NSW1
2017-10-29 17:35:00,36.93,solar_utility,MW,nem,NSW1
2017-10-29 17:40:00,19.67,solar_utility,MW,nem,NSW1
2017-10-29 17:45:00,16.23,solar_utility,MW,nem,NSW1
2017-10-29 17:50:00,13.39,solar_utility,MW,nem,NSW1
2017-10-29 17:55:00,10.86,solar_utility,MW,nem,NSW1
2017-10-29 18:00:00,8.505,solar_utility,MW,nem,NSW1
2017-10-29 18:05:00,6.884,solar_utility,MW,nem,NSW1
2017-10-29 18:10:00,5.379,solar_utility,MW,nem,NSW1
2017-10-29 18:15:00,4.33,solar_utility,MW,nem,NSW1
2017-10-29 18:20:00,3.377,solar_utility,MW,nem,NSW1
2017-10-29 18:25:00,2.138,solar_utility,MW,nem,NSW1
2017-10-29 18:30:00,1.331,solar_utility,MW,nem,NSW1
2017-10-29 18:35:00,1.024,solar_utility,MW,nem,NSW1
2017-10-29 18:40:00,0.0,solar_utility,MW,nem,NSW1
2017-10-29 18:45:00,0.0,solar_utility,MW,nem,NSW1
2017-10-29 18:50:00,0.0,solar_utility,MW,nem,NSW1
2017-10-29 18:55:00,0.0,solar_utility,MW,nem,NSW1
2017-10-29 19:00:00,0.0,solar_utility,MW,nem,NSW1
2017-10-29 19:05:00,0.0,solar_utility,MW,nem,NSW1
2017-10-29 19:10:00,0.0,solar_utility,MW,nem,NSW1
2017-10-29 19:15:00,0.0,solar_utility,MW,nem,NSW1
2017-10-29 19:20:00,0.0,solar_utility,MW,nem,NSW1
2017-10-29 19:25:00,0.0,solar_utility,MW,nem,NSW1
2017-10-29 19:30:00,0.0,solar_utility,MW,nem,NSW1
2017-10-29 19:35:00,0.0,solar_utility,MW,nem,NSW1
2017-10-29 19:40:00,0.0,solar_utility,MW,nem,NSW1
2017-10-29 19:45:00,0.0,solar_utility,MW,nem,NSW1
2017-10-29 19:50:00,0.0,solar_utility,MW,nem,NSW1
2017-10-29 19:55:00,0.0,solar_utility,MW,nem,NSW1
2017-10-29 20:00:00,0.0,solar_utility,MW,nem,NSW1
2017-10-29 20:05:00,0.0,solar_utility,MW,nem,NSW1
2017-10-29 20:10:00,0.0,solar_utility,MW,nem,NSW1
2017-10-29 20:15:00,0.0,solar_utility,MW,nem,NSW1
2017-10-29 20:20:00,0.0,solar_utility,MW,nem,NSW1
2017-10-29 20:25:00,0.0,solar_utility,MW,nem,NSW1
2017-10-29 20:30:00,0.0,solar_utility,MW,nem,NSW1
2017-10-29 20:35:00,0.0,solar_utility,MW,nem,NSW1
2017-10-29 20:40:00,0.0,solar_utility,MW,nem,NSW1
2017-10-29 20:45:00,0.0,solar_utility,MW,nem,NSW1
2017-10-29 20:50:00,0.0,solar_utility,MW,nem,NSW1
2017-10-29 20:55:00,0.0,solar_utility,MW,nem,NSW1
2017-10-29 21:00:00,0.0,solar_utility,MW,nem,NSW1
2017-10-29 21:05:00,0.0,solar_utility,MW,nem,NSW1
2017-10-29 21:10:00,0.0,solar_utility,MW,nem,NSW1
2017-10-29 21:15:00,0.0,solar_utility,MW,nem,NSW1
2017-10-29 21:20:00,0.0,solar_utility,MW,nem,NSW1
2017-10-29 21:25:00,0.0,solar_utility,MW,nem,NSW1
2017-10-29 21:30:00,0.0,solar_utility,MW,nem,NSW1
2017-10-29 21:35:00,0.0,solar_utility,MW,nem,NSW1
2017-10-29 21:40:00,0.0,solar_utility,MW,nem,NSW1
2017-10-29 21:45:00,0.0,solar_utility,MW,nem,NSW1
2017-10-29 21:50:00,0.0,solar_utility,MW,nem,NSW1
2017-10-29 21:55:00,0.0,solar_utility,MW,nem,NSW1
2017-10-29 22:00:00,0.0,solar_utility,MW,nem,NSW1
2017-10-29 22:05:00,0.0,solar_utility,MW,nem,NSW1
2017-10-29 22:10:00,0.0,solar_utility,MW,nem,NSW1
2017-10-29 22:15:00,0.0,solar_utility,MW,nem,NSW1
2017-10-29 22:20:00,0.0,solar_utility,MW,nem,NSW1
2017-10-29 22:25:00,0.0,solar_utility,MW,nem,NSW1
2017-10-29 22:30:00,0.0,solar_utility,MW,nem,NSW1
2017-10-29 22:35:00,0.0,solar_utility,MW,nem,NSW1
2017-10-29 22:40:00,0.0,solar_utility,MW,nem,NSW1
2017-10-29 22:45:00,0.0,solar_utility,MW,nem,NSW1
2017-10-29 22:50:00,0.0,solar_utility,MW,nem,NSW1
2017-10-29 22:55:00,0.0,solar_utility,MW,nem,NSW1
2017-10-29 23:00:00,0.0,solar_utility,MW,nem,NSW1
2017-10-29 23:05:00,0.0,solar_utility,MW,nem,NSW1
2017-10-29 23:10:00,0.0,solar_utility,MW,nem,NSW1
2017-10-29 23:15:00,0.0,solar_utility,MW,nem,NSW1
2017-10-29 23:20:00,0.0,solar_utility,MW,nem,NSW1
2017-10-29 23:25:00,0.0,solar_utility,MW,nem,NSW1
2017-10-29 23:30:00,0.0,solar_utility,MW,nem,NSW1
2017-10-29 23:35:00,0.0,solar_utility,MW,nem,NSW1
2017-10-29 23:40:00,0.0,solar_utility,MW,nem,NSW1
2017-10-29 23:45:00,0.0,solar_utility,MW,nem,NSW1
2017-10-29 23:50:00,0.0,solar_utility,MW,nem,NSW1
2017-10-29 23:55:00,0.0,solar_utility,MW,nem,NSW1
2017-10-30 00:00:00,0.0,solar_utility,MW,nem,NSW1
2017-10-30 00:05:00,0.0,solar_utility,MW,nem,NSW1
2017-10-30 00:10:00,0.0,solar_utility,MW,nem,NSW1
2017-10-30 00:15:00,0.0,solar_utility,MW,nem,NSW1
2017-10-30 00:20:00,0.0,solar_utility,MW,nem,NSW1
2017-10-30 00:25:00,0.0,solar_utility,MW,nem,NSW1
2017-10-30 00:30:00,0.0,solar_utility,MW,nem,NSW1
2017-10-30 00:35:00,0.0,solar_utility,MW,nem,NSW1
2017-10-30 00:40:00,0.0,solar_utility,MW,nem,NSW1
2017-10-30 00:45:00,0.0,solar_utility,MW,nem,NSW1
2017-10-30 00:50:00,0.0,solar_utility,MW,nem,NSW1
2017-10-30 00:55:00,0.0,solar_utility,MW,nem,NSW1
2017-10-30 01:00:00,0.0,solar_utility,MW,nem,NSW1
2017-10-30 01:05:00,0.0,solar_utility,MW,nem,NSW1
2017-10-30 01:10:00,0.0,solar_utility,MW,nem,NSW1
2017-10-30 01:15:00,0.0,solar_utility,MW,nem,NSW1
2017-10-30 01:20:00,0.0,solar_utility,MW,nem,NSW1
2017-10-30 01:25:00,0.0,solar_utility,MW,nem,NSW1
2017-10-30 01:30:00,0.0,solar_utility,MW,nem,NSW1
2017-10-30 01:35:00,0.0,solar_utility,MW,nem,NSW1
2017-10-30 01:40:00,0.0,solar_utility,MW,nem,NSW1
2017-10-30 01:45:00,0.0,solar_utility,MW,nem,NSW1
2017-10-30 01:50:00,0.0,solar_utility,MW,nem,NSW1
2017-10-30 01:55:00,0.0,solar_utility,MW,nem,NSW1
2017-10-30 02:00:00,0.0,solar_utility,MW,nem,NSW1
2017-10-30 02:05:00,0.0,solar_utility,MW,nem,NSW1
2017-10-30 02:10:00,0.0,solar_utility,MW,nem,NSW1
2017-10-30 02:15:00,0.0,solar_utility,MW,nem,NSW1
2017-10-30 02:20:00,0.0,solar_utility,MW,nem,NSW1
2017-10-30 02:25:00,0.0,solar_utility,MW,nem,NSW1
2017-10-30 02:30:00,0.0,solar_utility,MW,nem,NSW1
2017-10-30 02:35:00,0.0,solar_utility,MW,nem,NSW1
2017-10-30 02:40:00,0.0,solar_utility,MW,nem,NSW1
2017-10-30 02:45:00,0.0,solar_utility,MW,nem,NSW1
2017-10-30 02:50:00,0.0,solar_utility,MW,nem,NSW1
2017-10-30 02:55:00,0.0,solar_utility,MW,nem,NSW1
2017-10-30 03:00:00,0.0,solar_utility,MW,nem,NSW1
2017-10-30 03:05:00,0.0,solar_utility,MW,nem,NSW1
2017-10-30 03:10:00,0.0,solar_utility,MW,nem,NSW1
2017-10-30 03:15:00,0.0,solar_utility,MW,nem,NSW1
2017-10-30 03:20:00,0.0,solar_utility,MW,nem,NSW1
2017-10-30 03:25:00,0.0,solar_utility,MW,nem,NSW1
2017-10-30 03:30:00,0.0,solar_utility,MW,nem,NSW1
2017-10-30 03:35:00,0.0,solar_utility,MW,nem,NSW1
2017-10-30 03:40:00,0.0,solar_utility,MW,nem,NSW1
2017-10-30 03:45:00,0.0,solar_utility,MW,nem,NSW1
2017-10-30 03:50:00,0.0,solar_utility,MW,nem,NSW1
2017-10-30 03:55:00,0.0,solar_utility,MW,nem,NSW1
2017-10-30 04:00:00,0.0,solar_utility,MW,nem,NSW1
2017-10-30 04:05:00,0.0,solar_utility,MW,nem,NSW1
2017-10-30 04:10:00,0.0,solar_utility,MW,nem,NSW1
2017-10-30 04:15:00,0.0,solar_utility,MW,nem,NSW1
2017-10-30 04:20:00,0.0,solar_utility,MW,nem,NSW1
2017-10-30 04:25:00,0.0,solar_utility,MW,nem,NSW1
2017-10-30 04:30:00,0.0,solar_utility,MW,nem,NSW1
2017-10-30 04:35:00,0.0,solar_utility,MW,nem,NSW1
2017-10-30 04:40:00,0.0,solar_utility,MW,nem,NSW1
2017-10-30 04:45:00,0.0,solar_utility,MW,nem,NSW1
2017-10-30 04:50:00,0.0,solar_utility,MW,nem,NSW1
2017-10-30 04:55:00,0.0,solar_utility,MW,nem,NSW1
2017-10-30 05:00:00,0.0,solar_utility,MW,nem,NSW1
2017-10-30 05:05:00,0.0,solar_utility,MW,nem,NSW1
2017-10-30 05:10:00,0.0,solar_utility,MW,nem,NSW1
2017-10-30 05:15:00,0.0,solar_utility,MW,nem,NSW1
2017-10-30 05:20:00,0.0,solar_utility,MW,nem,NSW1
2017-10-30 05:25:00,0.422,solar_utility,MW,nem,NSW1
2017-10-30 05:30:00,0.419,solar_utility,MW,nem,NSW1
2017-10-30 05:35:00,2.031,solar_utility,MW,nem,NSW1
2017-10-30 05:40:00,5.396,solar_utility,MW,nem,NSW1
2017-10-30 05:45:00,8.378,solar_utility,MW,nem,NSW1
2017-10-30 05:50:00,12.01,solar_utility,MW,nem,NSW1
2017-10-30 05:55:00,15.89,solar_utility,MW,nem,NSW1
2017-10-30 06:00:00,20.4,solar_utility,MW,nem,NSW1
2017-10-30 06:05:00,24.67,solar_utility,MW,nem,NSW1
2017-10-30 06:10:00,31.99,solar_utility,MW,nem,NSW1
2017-10-30 06:15:00,37.04,solar_utility,MW,nem,NSW1
2017-10-30 06:20:00,43.9,solar_utility,MW,nem,NSW1
2017-10-30 06:25:00,50.54,solar_utility,MW,nem,NSW1
2017-10-30 06:30:00,57.26,solar_utility,MW,nem,NSW1
2017-10-30 06:35:00,64.42,solar_utility,MW,nem,NSW1
2017-10-30 06:40:00,71.54,solar_utility,MW,nem,NSW1
2017-10-30 06:45:00,78.07,solar_utility,MW,nem,NSW1
2017-10-30 06:50:00,84.29,solar_utility,MW,nem,NSW1
2017-10-30 06:55:00,89.92,solar_utility,MW,nem,NSW1
2017-10-30 07:00:00,94.57,solar_utility,MW,nem,NSW1
2017-10-30 07:05:00,100.3,solar_utility,MW,nem,NSW1
2017-10-30 07:10:00,106.1,solar_utility,MW,nem,NSW1
2017-10-30 07:15:00,112.0,solar_utility,MW,nem,NSW1
2017-10-30 07:20:00,117.5,solar_utility,MW,nem,NSW1
2017-10-30 07:25:00,122.8,solar_utility,MW,nem,NSW1
2017-10-30 07:30:00,127.9,solar_utility,MW,nem,NSW1
2017-10-30 07:35:00,132.9,solar_utility,MW,nem,NSW1
2017-10-30 07:40:00,138.0,solar_utility,MW,nem,NSW1
2017-10-30 07:45:00,143.1,solar_utility,MW,nem,NSW1
2017-10-30 07:50:00,147.7,solar_utility,MW,nem,NSW1
2017-10-30 07:55:00,153.0,solar_utility,MW,nem,NSW1
2017-10-30 08:00:00,157.9,solar_utility,MW,nem,NSW1
2017-10-30 08:05:00,162.7,solar_utility,MW,nem,NSW1
2017-10-30 08:10:00,167.3,solar_utility,MW,nem,NSW1
2017-10-30 08:15:00,173.3,solar_utility,MW,nem,NSW1
2017-10-30 08:20:00,182.1,solar_utility,MW,nem,NSW1
2017-10-30 08:25:00,173.7,solar_utility,MW,nem,NSW1
2017-10-30 08:30:00,187.5,solar_utility,MW,nem,NSW1
2017-10-30 08:35:00,185.2,solar_utility,MW,nem,NSW1
2017-10-30 08:40:00,184.7,solar_utility,MW,nem,NSW1
2017-10-30 08:45:00,178.9,solar_utility,MW,nem,NSW1
2017-10-30 08:50:00,177.8,solar_utility,MW,nem,NSW1
2017-10-30 08:55:00,209.0,solar_utility,MW,nem,NSW1
2017-10-30 09:00:00,183.5,solar_utility,MW,nem,NSW1
2017-10-30 09:05:00,213.2,solar_utility,MW,nem,NSW1
2017-10-30 09:10:00,210.9,solar_utility,MW,nem,NSW1
2017-10-30 09:15:00,220.2,solar_utility,MW,nem,NSW1
2017-10-30 09:20:00,207.5,solar_utility,MW,nem,NSW1
2017-10-30 09:25:00,229.4,solar_utility,MW,nem,NSW1
2017-10-30 09:30:00,231.7,solar_utility,MW,nem,NSW1
2017-10-30 09:35:00,227.7,solar_utility,MW,nem,NSW1
2017-10-30 09:40:00,225.2,solar_utility,MW,nem,NSW1
2017-10-30 09:45:00,233.7,solar_utility,MW,nem,NSW1
2017-10-30 09:50:00,227.5,solar_utility,MW,nem,NSW1
2017-10-30 09:55:00,235.3,solar_utility,MW,nem,NSW1
2017-10-30 10:00:00,222.3,solar_utility,MW,nem,NSW1
2017-10-30 10:05:00,214.9,solar_utility,MW,nem,NSW1
2017-10-30 10:10:00,207.4,solar_utility,MW,nem,NSW1
2017-10-30 10:15:00,228.3,solar_utility,MW,nem,NSW1
2017-10-30 10:20:00,219.3,solar_utility,MW,nem,NSW1
2017-10-30 10:25:00,238.2,solar_utility,MW,nem,NSW1
2017-10-30 10:30:00,232.3,solar_utility,MW,nem,NSW1
2017-10-30 10:35:00,211.6,solar_utility,MW,nem,NSW1
2017-10-30 10:40:00,226.6,solar_utility,MW,nem,NSW1
2017-10-30 10:45:00,228.0,solar_utility,MW,nem,NSW1
2017-10-30 10:50:00,231.3,solar_utility,MW,nem,NSW1
2017-10-30 10:55:00,239.2,solar_utility,MW,nem,NSW1
2017-10-30 11:00:00,220.1,solar_utility,MW,nem,NSW1
2017-10-30 11:05:00,225.1,solar_utility,MW,nem,NSW1
2017-10-30 11:10:00,213.7,solar_utility,MW,nem,NSW1
2017-10-30 11:15:00,237.3,solar_utility,MW,nem,NSW1
2017-10-30 11:20:00,229.9,solar_utility,MW,nem,NSW1
2017-10-30 11:25:00,216.0,solar_utility,MW,nem,NSW1
2017-10-30 11:30:00,222.4,solar_utility,MW,nem,NSW1
2017-10-30 11:35:00,231.4,solar_utility,MW,nem,NSW1
2017-10-30 11:40:00,208.1,solar_utility,MW,nem,NSW1
2017-10-30 11:45:00,223.1,solar_utility,MW,nem,NSW1
2017-10-30 11:50:00,202.8,solar_utility,MW,nem,NSW1
2017-10-30 11:55:00,217.1,solar_utility,MW,nem,NSW1
2017-10-30 12:00:00,226.4,solar_utility,MW,nem,NSW1
2017-10-30 12:05:00,237.1,solar_utility,MW,nem,NSW1
2017-10-30 12:10:00,232.5,solar_utility,MW,nem,NSW1
2017-10-30 12:15:00,155.5,solar_utility,MW,nem,NSW1
2017-10-30 12:20:00,216.8,solar_utility,MW,nem,NSW1
2017-10-30 12:25:00,200.7,solar_utility,MW,nem,NSW1
2017-10-30 12:30:00,212.6,solar_utility,MW,nem,NSW1
2017-10-30 12:35:00,172.7,solar_utility,MW,nem,NSW1
2017-10-30 12:40:00,197.0,solar_utility,MW,nem,NSW1
2017-10-30 12:45:00,189.2,solar_utility,MW,nem,NSW1
2017-10-30 12:50:00,198.0,solar_utility,MW,nem,NSW1
2017-10-30 12:55:00,198.4,solar_utility,MW,nem,NSW1
2017-10-30 13:00:00,198.3,solar_utility,MW,nem,NSW1
2017-10-30 13:05:00,194.0,solar_utility,MW,nem,NSW1
2017-10-30 13:10:00,195.7,solar_utility,MW,nem,NSW1
2017-10-30 13:15:00,187.6,solar_utility,MW,nem,NSW1
2017-10-30 13:20:00,168.3,solar_utility,MW,nem,NSW1
2017-10-30 13:25:00,223.1,solar_utility,MW,nem,NSW1
2017-10-30 13:30:00,134.9,solar_utility,MW,nem,NSW1
2017-10-30 13:35:00,181.3,solar_utility,MW,nem,NSW1
2017-10-30 13:40:00,180.2,solar_utility,MW,nem,NSW1
2017-10-30 13:45:00,197.2,solar_utility,MW,nem,NSW1
2017-10-30 13:50:00,188.0,solar_utility,MW,nem,NSW1
2017-10-30 13:55:00,208.9,solar_utility,MW,nem,NSW1
2017-10-30 14:00:00,188.7,solar_utility,MW,nem,NSW1
2017-10-30 14:05:00,194.4,solar_utility,MW,nem,NSW1
2017-10-30 14:10:00,195.2,solar_utility,MW,nem,NSW1
2017-10-30 14:15:00,184.7,solar_utility,MW,nem,NSW1
2017-10-30 14:20:00,222.3,solar_utility,MW,nem,NSW1
2017-10-30 14:25:00,208.2,solar_utility,MW,nem,NSW1
2017-10-30 14:30:00,217.5,solar_utility,MW,nem,NSW1
2017-10-30 14:35:00,223.1,solar_utility,MW,nem,NSW1
2017-10-30 14:40:00,206.5,solar_utility,MW,nem,NSW1
2017-10-30 14:45:00,225.2,solar_utility,MW,nem,NSW1
2017-10-30 14:50:00,222.7,solar_utility,MW,nem,NSW1
2017-10-30 14:55:00,221.2,solar_utility,MW,nem,NSW1
2017-10-30 15:00:00,208.4,solar_utility,MW,nem,NSW1
2017-10-30 15:05:00,208.2,solar_utility,MW,nem,NSW1
2017-10-30 15:10:00,193.6,solar_utility,MW,nem,NSW1
2017-10-30 15:15:00,199.4,solar_utility,MW,nem,NSW1
2017-10-30 15:20:00,204.5,solar_utility,MW,nem,NSW1
2017-10-30 15:25:00,200.5,solar_utility,MW,nem,NSW1
2017-10-30 15:30:00,182.8,solar_utility,MW,nem,NSW1
2017-10-30 15:35:00,187.2,solar_utility,MW,nem,NSW1
2017-10-30 15:40:00,197.3,solar_utility,MW,nem,NSW1
2017-10-30 15:45:00,184.1,solar_utility,MW,nem,NSW1
2017-10-30 15:50:00,176.6,solar_utility,MW,nem,NSW1
2017-10-30 15:55:00,161.5,solar_utility,MW,nem,NSW1
2017-10-30 16:00:00,137.7,solar_utility,MW,nem,NSW1
2017-10-30 16:05:00,141.9,solar_utility,MW,nem,NSW1
2017-10-30 16:10:00,132.4,solar_utility,MW,nem,NSW1
2017-10-30 16:15:00,152.3,solar_utility,MW,nem,NSW1
2017-10-30 16:20:00,99.17,solar_utility,MW,nem,NSW1
2017-10-30 16:25:00,127.3,solar_utility,MW,nem,NSW1
2017-10-30 16:30:00,144.8,solar_utility,MW,nem,NSW1
2017-10-30 16:35:00,124.1,solar_utility,MW,nem,NSW1
2017-10-30 16:40:00,66.12,solar_utility,MW,nem,NSW1
2017-10-30 16:45:00,72.93,solar_utility,MW,nem,NSW1
2017-10-30 16:50:00,77.0,solar_utility,MW,nem,NSW1
2017-10-30 16:55:00,86.18,solar_utility,MW,nem,NSW1
2017-10-30 17:00:00,101.3,solar_utility,MW,nem,NSW1
2017-10-30 17:05:00,79.81,solar_utility,MW,nem,NSW1
2017-10-30 17:10:00,79.33,solar_utility,MW,nem,NSW1
2017-10-30 17:15:00,71.96,solar_utility,MW,nem,NSW1
2017-10-30 17:20:00,56.17,solar_utility,MW,nem,NSW1
2017-10-30 17:25:00,47.71,solar_utility,MW,nem,NSW1
2017-10-30 17:30:00,37.51,solar_utility,MW,nem,NSW1
2017-10-30 17:35:00,19.54,solar_utility,MW,nem,NSW1
2017-10-30 17:40:00,21.69,solar_utility,MW,nem,NSW1
2017-10-30 17:45:00,18.68,solar_utility,MW,nem,NSW1
2017-10-30 17:50:00,15.49,solar_utility,MW,nem,NSW1
2017-10-30 17:55:00,14.21,solar_utility,MW,nem,NSW1
2017-10-30 18:00:00,9.666,solar_utility,MW,nem,NSW1
2017-10-30 18:05:00,8.255,solar_utility,MW,nem,NSW1
2017-10-30 18:10:00,6.516,solar_utility,MW,nem,NSW1
2017-10-30 18:15:00,5.592,solar_utility,MW,nem,NSW1
2017-10-30 18:20:00,3.855,solar_utility,MW,nem,NSW1
2017-10-30 18:25:00,3.265,solar_utility,MW,nem,NSW1
2017-10-30 18:30:00,1.945,solar_utility,MW,nem,NSW1
2017-10-30 18:35:00,1.229,solar_utility,MW,nem,NSW1
2017-10-30 18:40:00,1.024,solar_utility,MW,nem,NSW1
2017-10-30 18:45:00,0.0,solar_utility,MW,nem,NSW1
2017-10-30 18:50:00,0.0,solar_utility,MW,nem,NSW1
2017-10-30 18:55:00,0.0,solar_utility,MW,nem,NSW1
2017-10-30 19:00:00,0.0,solar_utility,MW,nem,NSW1
2017-10-30 19:05:00,0.0,solar_utility,MW,nem,NSW1
2017-10-30 19:10:00,0.0,solar_utility,MW,nem,NSW1
2017-10-30 19:15:00,0.0,solar_utility,MW,nem,NSW1
2017-10-30 19:20:00,0.0,solar_utility,MW,nem,NSW1
2017-10-30 19:25:00,0.0,solar_utility,MW,nem,NSW1
2017-10-30 19:30:00,0.0,solar_utility,MW,nem,NSW1
2017-10-30 19:35:00,0.0,solar_utility,MW,nem,NSW1
2017-10-30 19:40:00,0.0,solar_utility,MW,nem,NSW1
2017-10-30 19:45:00,0.0,solar_utility,MW,nem,NSW1
2017-10-30 19:50:00,0.0,solar_utility,MW,nem,NSW1
2017-10-30 19:55:00,0.0,solar_utility,MW,nem,NSW1
2017-10-30 20:00:00,0.0,solar_utility,MW,nem,NSW1
2017-10-30 20:05:00,0.0,solar_utility,MW,nem,NSW1
2017-10-30 20:10:00,0.0,solar_utility,MW,nem,NSW1
2017-10-30 20:15:00,0.0,solar_utility,MW,nem,NSW1
2017-10-30 20:20:00,0.0,solar_utility,MW,nem,NSW1
2017-10-30 20:25:00,0.0,solar_utility,MW,nem,NSW1
2017-10-30 20:30:00,0.0,solar_utility,MW,nem,NSW1
2017-10-30 20:35:00,0.0,solar_utility,MW,nem,NSW1
2017-10-30 20:40:00,0.0,solar_utility,MW,nem,NSW1
2017-10-30 20:45:00,0.0,solar_utility,MW,nem,NSW1
2017-10-30 20:50:00,0.0,solar_utility,MW,nem,NSW1
2017-10-30 20:55:00,0.0,solar_utility,MW,nem,NSW1
2017-10-30 21:00:00,0.0,solar_utility,MW,nem,NSW1
2017-10-30 21:05:00,0.0,solar_utility,MW,nem,NSW1
2017-10-30 21:10:00,0.0,solar_utility,MW,nem,NSW1
2017-10-30 21:15:00,0.0,solar_utility,MW,nem,NSW1
2017-10-30 21:20:00,0.0,solar_utility,MW,nem,NSW1
2017-10-30 21:25:00,0.0,solar_utility,MW,nem,NSW1
2017-10-30 21:30:00,0.0,solar_utility,MW,nem,NSW1
2017-10-30 21:35:00,0.0,solar_utility,MW,nem,NSW1
2017-10-30 21:40:00,0.0,solar_utility,MW,nem,NSW1
2017-10-30 21:45:00,0.0,solar_utility,MW,nem,NSW1
2017-10-30 21:50:00,0.0,solar_utility,MW,nem,NSW1
2017-10-30 21:55:00,0.0,solar_utility,MW,nem,NSW1
2017-10-30 22:00:00,0.0,solar_utility,MW,nem,NSW1
2017-10-30 22:05:00,0.0,solar_utility,MW,nem,NSW1
2017-10-30 22:10:00,0.0,solar_utility,MW,nem,NSW1
2017-10-30 22:15:00,0.0,solar_utility,MW,nem,NSW1
2017-10-30 22:20:00,0.0,solar_utility,MW,nem,NSW1
2017-10-30 22:25:00,0.0,solar_utility,MW,nem,NSW1
2017-10-30 22:30:00,0.0,solar_utility,MW,nem,NSW1
2017-10-30 22:35:00,0.0,solar_utility,MW,nem,NSW1
2017-10-30 22:40:00,0.0,solar_utility,MW,nem,NSW1
2017-10-30 22:45:00,0.0,solar_utility,MW,nem,NSW1
2017-10-30 22:50:00,0.0,solar_utility,MW,nem,NSW1
2017-10-30 22:55:00,0.0,solar_utility,MW,nem,NSW1
2017-10-30 23:00:00,0.0,solar_utility,MW,nem,NSW1
2017-10-30 23:05:00,0.0,solar_utility,MW,nem,NSW1
2017-10-30 23:10:00,0.0,solar_utility,MW,nem,NSW1
2017-10-30 23:15:00,0.0,solar_utility,MW,nem,NSW1
2017-10-30 23:20:00,0.0,solar_utility,MW,nem,NSW1
2017-10-30 23:25:00,0.0,solar_utility,MW,nem,NSW1
2017-10-30 23:30:00,0.0,solar_utility,MW,nem,NSW1
2017-10-30 23:35:00,0.0,solar_utility,MW,nem,NSW1
2017-10-30 23:40:00,0.0,solar_utility,MW,nem,NSW1
2017-10-30 23:45:00,0.0,solar_utility,MW,nem,NSW1
2017-10-30 23:50:00,0.0,solar_utility,MW,nem,NSW1
2017-10-30 23:55:00,0.0,solar_utility,MW,nem,NSW1
2017-10-31 00:00:00,0.0,solar_utility,MW,nem,NSW1
2017-10-31 00:05:00,0.0,solar_utility,MW,nem,NSW1
2017-10-31 00:10:00,0.0,solar_utility,MW,nem,NSW1
2017-10-31 00:15:00,0.0,solar_utility,MW,nem,NSW1
2017-10-31 00:20:00,0.0,solar_utility,MW,nem,NSW1
2017-10-31 00:25:00,0.0,solar_utility,MW,nem,NSW1
2017-10-31 00:30:00,0.0,solar_utility,MW,nem,NSW1
2017-10-31 00:35:00,0.0,solar_utility,MW,nem,NSW1
2017-10-31 00:40:00,0.0,solar_utility,MW,nem,NSW1
2017-10-31 00:45:00,0.0,solar_utility,MW,nem,NSW1
2017-10-31 00:50:00,0.0,solar_utility,MW,nem,NSW1
2017-10-31 00:55:00,0.0,solar_utility,MW,nem,NSW1
2017-10-31 01:00:00,0.0,solar_utility,MW,nem,NSW1
2017-10-31 01:05:00,0.0,solar_utility,MW,nem,NSW1
2017-10-31 01:10:00,0.0,solar_utility,MW,nem,NSW1
2017-10-31 01:15:00,0.0,solar_utility,MW,nem,NSW1
2017-10-31 01:20:00,0.0,solar_utility,MW,nem,NSW1
2017-10-31 01:25:00,0.0,solar_utility,MW,nem,NSW1
2017-10-31 01:30:00,0.0,solar_utility,MW,nem,NSW1
2017-10-31 01:35:00,0.0,solar_utility,MW,nem,NSW1
2017-10-31 01:40:00,0.0,solar_utility,MW,nem,NSW1
2017-10-31 01:45:00,0.0,solar_utility,MW,nem,NSW1
2017-10-31 01:50:00,0.0,solar_utility,MW,nem,NSW1
2017-10-31 01:55:00,0.0,solar_utility,MW,nem,NSW1
2017-10-31 02:00:00,0.0,solar_utility,MW,nem,NSW1
2017-10-31 02:05:00,0.0,solar_utility,MW,nem,NSW1
2017-10-31 02:10:00,0.0,solar_utility,MW,nem,NSW1
2017-10-31 02:15:00,0.0,solar_utility,MW,nem,NSW1
2017-10-31 02:20:00,0.0,solar_utility,MW,nem,NSW1
2017-10-31 02:25:00,0.0,solar_utility,MW,nem,NSW1
2017-10-31 02:30:00,0.0,solar_utility,MW,nem,NSW1
2017-10-31 02:35:00,0.0,solar_utility,MW,nem,NSW1
2017-10-31 02:40:00,0.0,solar_utility,MW,nem,NSW1
2017-10-31 02:45:00,0.0,solar_utility,MW,nem,NSW1
2017-10-31 02:50:00,0.0,solar_utility,MW,nem,NSW1
2017-10-31 02:55:00,0.0,solar_utility,MW,nem,NSW1
2017-10-31 03:00:00,0.0,solar_utility,MW,nem,NSW1
2017-10-31 03:05:00,0.0,solar_utility,MW,nem,NSW1
2017-10-31 03:10:00,0.0,solar_utility,MW,nem,NSW1
2017-10-31 03:15:00,0.0,solar_utility,MW,nem,NSW1
2017-10-31 03:20:00,0.0,solar_utility,MW,nem,NSW1
2017-10-31 03:25:00,0.0,solar_utility,MW,nem,NSW1
2017-10-31 03:30:00,0.0,solar_utility,MW,nem,NSW1
2017-10-31 03:35:00,0.0,solar_utility,MW,nem,NSW1
2017-10-31 03:40:00,0.0,solar_utility,MW,nem,NSW1
2017-10-31 03:45:00,0.0,solar_utility,MW,nem,NSW1
2017-10-31 03:50:00,0.0,solar_utility,MW,nem,NSW1
2017-10-31 03:55:00,0.0,solar_utility,MW,nem,NSW1
2017-10-31 04:00:00,0.0,solar_utility,MW,nem,NSW1
2017-10-31 04:05:00,0.0,solar_utility,MW,nem,NSW1
2017-10-31 04:10:00,0.0,solar_utility,MW,nem,NSW1
2017-10-31 04:15:00,0.0,solar_utility,MW,nem,NSW1
2017-10-31 04:20:00,0.0,solar_utility,MW,nem,NSW1
2017-10-31 04:25:00,0.0,solar_utility,MW,nem,NSW1
2017-10-31 04:30:00,0.0,solar_utility,MW,nem,NSW1
2017-10-31 04:35:00,0.0,solar_utility,MW,nem,NSW1
2017-10-31 04:40:00,0.0,solar_utility,MW,nem,NSW1
2017-10-31 04:45:00,0.0,solar_utility,MW,nem,NSW1
2017-10-31 04:50:00,0.0,solar_utility,MW,nem,NSW1
2017-10-31 04:55:00,0.0,solar_utility,MW,nem,NSW1
2017-10-31 05:00:00,0.0,solar_utility,MW,nem,NSW1
2017-10-31 05:05:00,0.0,solar_utility,MW,nem,NSW1
2017-10-31 05:10:00,0.0,solar_utility,MW,nem,NSW1
2017-10-31 05:15:00,0.0,solar_utility,MW,nem,NSW1
2017-10-31 05:20:00,0.07,solar_utility,MW,nem,NSW1
2017-10-31 05:25:00,0.558,solar_utility,MW,nem,NSW1
2017-10-31 05:30:00,1.207,solar_utility,MW,nem,NSW1
2017-10-31 05:35:00,2.09,solar_utility,MW,nem,NSW1
2017-10-31 05:40:00,6.929,solar_utility,MW,nem,NSW1
2017-10-31 05:45:00,10.76,solar_utility,MW,nem,NSW1
2017-10-31 05:50:00,14.1,solar_utility,MW,nem,NSW1
2017-10-31 05:55:00,19.01,solar_utility,MW,nem,NSW1
2017-10-31 06:00:00,22.47,solar_utility,MW,nem,NSW1
2017-10-31 06:05:00,27.71,solar_utility,MW,nem,NSW1
2017-10-31 06:10:00,34.33,solar_utility,MW,nem,NSW1
2017-10-31 06:15:00,42.36,solar_utility,MW,nem,NSW1
2017-10-31 06:20:00,49.3,solar_utility,MW,nem,NSW1
2017-10-31 06:25:00,56.67,solar_utility,MW,nem,NSW1
2017-10-31 06:30:00,64.49,solar_utility,MW,nem,NSW1
2017-10-31 06:35:00,71.56,solar_utility,MW,nem,NSW1
2017-10-31 06:40:00,79.58,solar_utility,MW,nem,NSW1
2017-10-31 06:45:00,86.15,solar_utility,MW,nem,NSW1
2017-10-31 06:50:00,91.62,solar_utility,MW,nem,NSW1
2017-10-31 06:55:00,96.76,solar_utility,MW,nem,NSW1
2017-10-31 07:00:00,101.5,solar_utility,MW,nem,NSW1
2017-10-31 07:05:00,106.4,solar_utility,MW,nem,NSW1
2017-10-31 07:10:00,111.4,solar_utility,MW,nem,NSW1
2017-10-31 07:15:00,117.3,solar_utility,MW,nem,NSW1
2017-10-31 07:20:00,122.9,solar_utility,MW,nem,NSW1
2017-10-31 07:25:00,124.6,solar_utility,MW,nem,NSW1
2017-10-31 07:30:00,133.1,solar_utility,MW,nem,NSW1
2017-10-31 07:35:00,136.2,solar_utility,MW,nem,NSW1
2017-10-31 07:40:00,143.0,solar_utility,MW,nem,NSW1
2017-10-31 07:45:00,144.2,solar_utility,MW,nem,NSW1
2017-10-31 07:50:00,147.3,solar_utility,MW,nem,NSW1
2017-10-31 07:55:00,156.1,solar_utility,MW,nem,NSW1
2017-10-31 08:00:00,163.1,solar_utility,MW,nem,NSW1
2017-10-31 08:05:00,162.3,solar_utility,MW,nem,NSW1
2017-10-31 08:10:00,173.4,solar_utility,MW,nem,NSW1
2017-10-31 08:15:00,175.9,solar_utility,MW,nem,NSW1
2017-10-31 08:20:00,180.4,solar_utility,MW,nem,NSW1
2017-10-31 08:25:00,183.9,solar_utility,MW,nem,NSW1
2017-10-31 08:30:00,188.6,solar_utility,MW,nem,NSW1
2017-10-31 08:35:00,189.1,solar_utility,MW,nem,NSW1
2017-10-31 08:40:00,194.7,solar_utility,MW,nem,NSW1
2017-10-31 08:45:00,201.1,solar_utility,MW,nem,NSW1
2017-10-31 08:50:00,206.5,solar_utility,MW,nem,NSW1
2017-10-31 08:55:00,209.2,solar_utility,MW,nem,NSW1
2017-10-31 09:00:00,207.0,solar_utility,MW,nem,NSW1
2017-10-31 09:05:00,217.3,solar_utility,MW,nem,NSW1
2017-10-31 09:10:00,219.7,solar_utility,MW,nem,NSW1
2017-10-31 09:15:00,224.7,solar_utility,MW,nem,NSW1
2017-10-31 09:20:00,221.3,solar_utility,MW,nem,NSW1
2017-10-31 09:25:00,228.4,solar_utility,MW,nem,NSW1
2017-10-31 09:30:00,229.3,solar_utility,MW,nem,NSW1
2017-10-31 09:35:00,230.7,solar_utility,MW,nem,NSW1
2017-10-31 09:40:00,225.2,solar_utility,MW,nem,NSW1
2017-10-31 09:45:00,228.8,solar_utility,MW,nem,NSW1
2017-10-31 09:50:00,233.4,solar_utility,MW,nem,NSW1
2017-10-31 09:55:00,233.7,solar_utility,MW,nem,NSW1
2017-10-31 10:00:00,238.5,solar_utility,MW,nem,NSW1
2017-10-31 10:05:00,237.2,solar_utility,MW,nem,NSW1
2017-10-31 10:10:00,238.1,solar_utility,MW,nem,NSW1
2017-10-31 10:15:00,230.5,solar_utility,MW,nem,NSW1
2017-10-31 10:20:00,238.7,solar_utility,MW,nem,NSW1
2017-10-31 10:25:00,238.8,solar_utility,MW,nem,NSW1
2017-10-31 10:30:00,238.6,solar_utility,MW,nem,NSW1
2017-10-31 10:35:00,238.6,solar_utility,MW,nem,NSW1
2017-10-31 10:40:00,238.2,solar_utility,MW,nem,NSW1
2017-10-31 10:45:00,238.2,solar_utility,MW,nem,NSW1
2017-10-31 10:50:00,239.0,solar_utility,MW,nem,NSW1
2017-10-31 10:55:00,239.1,solar_utility,MW,nem,NSW1
2017-10-31 11:00:00,239.0,solar_utility,MW,nem,NSW1
2017-10-31 11:05:00,238.3,solar_utility,MW,nem,NSW1
2017-10-31 11:10:00,237.7,solar_utility,MW,nem,NSW1
2017-10-31 11:15:00,239.1,solar_utility,MW,nem,NSW1
2017-10-31 11:20:00,237.3,solar_utility,MW,nem,NSW1
2017-10-31 11:25:00,234.4,solar_utility,MW,nem,NSW1
2017-10-31 11:30:00,239.1,solar_utility,MW,nem,NSW1
2017-10-31 11:35:00,237.5,solar_utility,MW,nem,NSW1
2017-10-31 11:40:00,238.9,solar_utility,MW,nem,NSW1
2017-10-31 11:45:00,239.2,solar_utility,MW,nem,NSW1
2017-10-31 11:50:00,239.2,solar_utility,MW,nem,NSW1
2017-10-31 11:55:00,239.4,solar_utility,MW,nem,NSW1
2017-10-31 12:00:00,233.5,solar_utility,MW,nem,NSW1
2017-10-31 12:05:00,231.9,solar_utility,MW,nem,NSW1
2017-10-31 12:10:00,236.7,solar_utility,MW,nem,NSW1
2017-10-31 12:15:00,235.7,solar_utility,MW,nem,NSW1
2017-10-31 12:20:00,238.6,solar_utility,MW,nem,NSW1
2017-10-31 12:25:00,238.0,solar_utility,MW,nem,NSW1
2017-10-31 12:30:00,238.7,solar_utility,MW,nem,NSW1
2017-10-31 12:35:00,238.7,solar_utility,MW,nem,NSW1
2017-10-31 12:40:00,239.1,solar_utility,MW,nem,NSW1
2017-10-31 12:45:00,239.1,solar_utility,MW,nem,NSW1
2017-10-31 12:50:00,237.9,solar_utility,MW,nem,NSW1
2017-10-31 12:55:00,226.4,solar_utility,MW,nem,NSW1
2017-10-31 13:00:00,225.5,solar_utility,MW,nem,NSW1
2017-10-31 13:05:00,236.8,solar_utility,MW,nem,NSW1
2017-10-31 13:10:00,232.8,solar_utility,MW,nem,NSW1
2017-10-31 13:15:00,232.6,solar_utility,MW,nem,NSW1
2017-10-31 13:20:00,238.2,solar_utility,MW,nem,NSW1
2017-10-31 13:25:00,239.4,solar_utility,MW,nem,NSW1
2017-10-31 13:30:00,239.4,solar_utility,MW,nem,NSW1
2017-10-31 13:35:00,239.4,solar_utility,MW,nem,NSW1
2017-10-31 13:40:00,236.4,solar_utility,MW,nem,NSW1
2017-10-31 13:45:00,239.0,solar_utility,MW,nem,NSW1
2017-10-31 13:50:00,236.7,solar_utility,MW,nem,NSW1
2017-10-31 13:55:00,239.5,solar_utility,MW,nem,NSW1
2017-10-31 14:00:00,228.8,solar_utility,MW,nem,NSW1
2017-10-31 14:05:00,229.0,solar_utility,MW,nem,NSW1
2017-10-31 14:10:00,224.9,solar_utility,MW,nem,NSW1
2017-10-31 14:15:00,229.4,solar_utility,MW,nem,NSW1
2017-10-31 14:20:00,223.6,solar_utility,MW,nem,NSW1
2017-10-31 14:25:00,234.5,solar_utility,MW,nem,NSW1
2017-10-31 14:30:00,220.6,solar_utility,MW,nem,NSW1
2017-10-31 14:35:00,217.8,solar_utility,MW,nem,NSW1
2017-10-31 14:40:00,212.5,solar_utility,MW,nem,NSW1
2017-10-31 14:45:00,211.6,solar_utility,MW,nem,NSW1
2017-10-31 14:50:00,221.8,solar_utility,MW,nem,NSW1
2017-10-31 14:55:00,219.0,solar_utility,MW,nem,NSW1
2017-10-31 15:00:00,215.7,solar_utility,MW,nem,NSW1
2017-10-31 15:05:00,207.5,solar_utility,MW,nem,NSW1
2017-10-31 15:10:00,211.4,solar_utility,MW,nem,NSW1
2017-10-31 15:15:00,210.3,solar_utility,MW,nem,NSW1
2017-10-31 15:20:00,197.4,solar_utility,MW,nem,NSW1
2017-10-31 15:25:00,195.7,solar_utility,MW,nem,NSW1
2017-10-31 15:30:00,191.6,solar_utility,MW,nem,NSW1
2017-10-31 15:35:00,179.5,solar_utility,MW,nem,NSW1
2017-10-31 15:40:00,180.4,solar_utility,MW,nem,NSW1
2017-10-31 15:45:00,172.7,solar_utility,MW,nem,NSW1
2017-10-31 15:50:00,172.8,solar_utility,MW,nem,NSW1
2017-10-31 15:55:00,168.5,solar_utility,MW,nem,NSW1
2017-10-31 16:00:00,165.0,solar_utility,MW,nem,NSW1
2017-10-31 16:05:00,160.1,solar_utility,MW,nem,NSW1
2017-10-31 16:10:00,153.7,solar_utility,MW,nem,NSW1
2017-10-31 16:15:00,150.1,solar_utility,MW,nem,NSW1
2017-10-31 16:20:00,146.0,solar_utility,MW,nem,NSW1
2017-10-31 16:25:00,145.3,solar_utility,MW,nem,NSW1
2017-10-31 16:30:00,137.2,solar_utility,MW,nem,NSW1
2017-10-31 16:35:00,135.4,solar_utility,MW,nem,NSW1
2017-10-31 16:40:00,126.1,solar_utility,MW,nem,NSW1
2017-10-31 16:45:00,121.0,solar_utility,MW,nem,NSW1
2017-10-31 16:50:00,114.3,solar_utility,MW,nem,NSW1
2017-10-31 16:55:00,107.0,solar_utility,MW,nem,NSW1
2017-10-31 17:00:00,98.76,solar_utility,MW,nem,NSW1
2017-10-31 17:05:00,90.89,solar_utility,MW,nem,NSW1
2017-10-31 17:10:00,83.19,solar_utility,MW,nem,NSW1
2017-10-31 17:15:00,75.91,solar_utility,MW,nem,NSW1
2017-10-31 17:20:00,68.72,solar_utility,MW,nem,NSW1
2017-10-31 17:25:00,62.04,solar_utility,MW,nem,NSW1
2017-10-31 17:30:00,54.21,solar_utility,MW,nem,NSW1
2017-10-31 17:35:00,46.41,solar_utility,MW,nem,NSW1
2017-10-31 17:40:00,39.07,solar_utility,MW,nem,NSW1
2017-10-31 17:45:00,32.09,solar_utility,MW,nem,NSW1
2017-10-31 17:50:00,25.94,solar_utility,MW,nem,NSW1
2017-10-31 17:55:00,20.21,solar_utility,MW,nem,NSW1
2017-10-31 18:00:00,11.21,solar_utility,MW,nem,NSW1
2017-10-31 18:05:00,8.67,solar_utility,MW,nem,NSW1
2017-10-31 18:10:00,6.705,solar_utility,MW,nem,NSW1
2017-10-31 18:15:00,5.031,solar_utility,MW,nem,NSW1
2017-10-31 18:20:00,3.255,solar_utility,MW,nem,NSW1
2017-10-31 18:25:00,2.24,solar_utility,MW,nem,NSW1
2017-10-31 18:30:00,1.434,solar_utility,MW,nem,NSW1
2017-10-31 18:35:00,1.024,solar_utility,MW,nem,NSW1
2017-10-31 18:40:00,0.5122,solar_utility,MW,nem,NSW1
2017-10-31 18:45:00,0.0,solar_utility,MW,nem,NSW1
2017-10-31 18:50:00,0.0,solar_utility,MW,nem,NSW1
2017-10-31 18:55:00,0.0,solar_utility,MW,nem,NSW1
2017-10-31 19:00:00,0.0,solar_utility,MW,nem,NSW1
2017-10-31 19:05:00,0.0,solar_utility,MW,nem,NSW1
2017-10-31 19:10:00,0.0,solar_utility,MW,nem,NSW1
2017-10-31 19:15:00,0.0,solar_utility,MW,nem,NSW1
2017-10-31 19:20:00,0.0,solar_utility,MW,nem,NSW1
2017-10-31 19:25:00,0.0,solar_utility,MW,nem,NSW1
2017-10-31 19:30:00,0.0,solar_utility,MW,nem,NSW1
2017-10-31 19:35:00,0.0,solar_utility,MW,nem,NSW1
2017-10-31 19:40:00,0.0,solar_utility,MW,nem,NSW1
2017-10-31 19:45:00,0.0,solar_utility,MW,nem,NSW1
2017-10-31 19:50:00,0.0,solar_utility,MW,nem,NSW1
2017-10-31 19:55:00,0.0,solar_utility,MW,nem,NSW1
2017-10-31 20:00:00,0.0,solar_utility,MW,nem,NSW1
2017-10-31 20:05:00,0.0,solar_utility,MW,nem,NSW1
2017-10-31 20:10:00,0.0,solar_utility,MW,nem,NSW1
2017-10-31 20:15:00,0.0,solar_utility,MW,nem,NSW1
2017-10-31 20:20:00,0.0,solar_utility,MW,nem,NSW1
2017-10-31 20:25:00,0.0,solar_utility,MW,nem,NSW1
2017-10-31 20:30:00,0.0,solar_utility,MW,nem,NSW1
2017-10-31 20:35:00,0.0,solar_utility,MW,nem,NSW1
2017-10-31 20:40:00,0.0,solar_utility,MW,nem,NSW1
2017-10-31 20:45:00,0.0,solar_utility,MW,nem,NSW1
2017-10-31 20:50:00,0.0,solar_utility,MW,nem,NSW1
2017-10-31 20:55:00,0.0,solar_utility,MW,nem,NSW1
2017-10-31 21:00:00,0.0,solar_utility,MW,nem,NSW1
2017-10-31 21:05:00,0.0,solar_utility,MW,nem,NSW1
2017-10-31 21:10:00,0.0,solar_utility,MW,nem,NSW1
2017-10-31 21:15:00,0.0,solar_utility,MW,nem,NSW1
2017-10-31 21:20:00,0.0,solar_utility,MW,nem,NSW1
2017-10-31 21:25:00,0.0,solar_utility,MW,nem,NSW1
2017-10-31 21:30:00,0.0,solar_utility,MW,nem,NSW1
2017-10-31 21:35:00,0.0,solar_utility,MW,nem,NSW1
2017-10-31 21:40:00,0.0,solar_utility,MW,nem,NSW1
2017-10-31 21:45:00,0.0,solar_utility,MW,nem,NSW1
2017-10-31 21:50:00,0.0,solar_utility,MW,nem,NSW1
2017-10-31 21:55:00,0.0,solar_utility,MW,nem,NSW1
2017-10-31 22:00:00,0.0,solar_utility,MW,nem,NSW1
2017-10-31 22:05:00,0.0,solar_utility,MW,nem,NSW1
2017-10-31 22:10:00,0.0,solar_utility,MW,nem,NSW1
2017-10-31 22:15:00,0.0,solar_utility,MW,nem,NSW1
2017-10-31 22:20:00,0.0,solar_utility,MW,nem,NSW1
2017-10-31 22:25:00,0.0,solar_utility,MW,nem,NSW1
2017-10-31 22:30:00,0.0,solar_utility,MW,nem,NSW1
2017-10-31 22:35:00,0.0,solar_utility,MW,nem,NSW1
2017-10-31 22:40:00,0.0,solar_utility,MW,nem,NSW1
2017-10-31 22:45:00,0.0,solar_utility,MW,nem,NSW1
2017-10-31 22:50:00,0.0,solar_utility,MW,nem,NSW1
2017-10-31 22:55:00,0.0,solar_utility,MW,nem,NSW1
2017-10-31 23:00:00,0.0,solar_utility,MW,nem,NSW1
2017-10-31 23:05:00,0.0,solar_utility,MW,nem,NSW1
2017-10-31 23:10:00,0.0,solar_utility,MW,nem,NSW1
2017-10-31 23:15:00,0.0,solar_utility,MW,nem,NSW1
2017-10-31 23:20:00,0.0,solar_utility,MW,nem,NSW1
2017-10-31 23:25:00,0.0,solar_utility,MW,nem,NSW1
2017-10-31 23:30:00,0.0,solar_utility,MW,nem,NSW1
2017-10-31 23:35:00,0.0,solar_utility,MW,nem,NSW1
2017-10-31 23:40:00,0.0,solar_utility,MW,nem,NSW1
2017-10-31 23:45:00,0.0,solar_utility,MW,nem,NSW1
2017-10-31 23:50:00,0.0,solar_utility,MW,nem,NSW1
2017-10-31 23:55:00,0.0,solar_utility,MW,nem,NSW1
2017-10-01 00:00:00,0.0,gas_ocgt,MW,nem,NSW1
2017-10-01 00:05:00,0.0,gas_ocgt,MW,nem,NSW1
2017-10-01 00:10:00,0.0,gas_ocgt,MW,nem,NSW1
2017-10-01 00:15:00,0.0,gas_ocgt,MW,nem,NSW1
2017-10-01 00:20:00,0.0,gas_ocgt,MW,nem,NSW1
2017-10-01 00:25:00,0.0,gas_ocgt,MW,nem,NSW1
2017-10-01 00:30:00,0.0,gas_ocgt,MW,nem,NSW1
2017-10-01 00:35:00,0.0,gas_ocgt,MW,nem,NSW1
2017-10-01 00:40:00,0.0,gas_ocgt,MW,nem,NSW1
2017-10-01 00:45:00,0.0,gas_ocgt,MW,nem,NSW1
2017-10-01 00:50:00,0.0,gas_ocgt,MW,nem,NSW1
2017-10-01 00:55:00,0.0,gas_ocgt,MW,nem,NSW1
2017-10-01 01:00:00,0.0,gas_ocgt,MW,nem,NSW1
2017-10-01 01:05:00,0.0,gas_ocgt,MW,nem,NSW1
2017-10-01 01:10:00,0.0,gas_ocgt,MW,nem,NSW1
2017-10-01 01:15:00,0.0,gas_ocgt,MW,nem,NSW1
2017-10-01 01:20:00,0.0,gas_ocgt,MW,nem,NSW1
2017-10-01 01:25:00,0.0,gas_ocgt,MW,nem,NSW1
2017-10-01 01:30:00,0.0,gas_ocgt,MW,nem,NSW1
2017-10-01 01:35:00,0.0,gas_ocgt,MW,nem,NSW1
2017-10-01 01:40:00,0.0,gas_ocgt,MW,nem,NSW1
2017-10-01 01:45:00,0.0,gas_ocgt,MW,nem,NSW1
2017-10-01 01:50:00,0.0,gas_ocgt,MW,nem,NSW1
2017-10-01 01:55:00,0.0,gas_ocgt,MW,nem,NSW1
2017-10-01 02:00:00,0.0,gas_ocgt,MW,nem,NSW1
2017-10-01 02:05:00,0.0,gas_ocgt,MW,nem,NSW1
2017-10-01 02:10:00,0.0,gas_ocgt,MW,nem,NSW1
2017-10-01 02:15:00,0.0,gas_ocgt,MW,nem,NSW1
2017-10-01 02:20:00,0.0,gas_ocgt,MW,nem,NSW1
2017-10-01 02:25:00,0.0,gas_ocgt,MW,nem,NSW1
2017-10-01 02:30:00,0.0,gas_ocgt,MW,nem,NSW1
2017-10-01 02:35:00,0.0,gas_ocgt,MW,nem,NSW1
2017-10-01 02:40:00,0.0,gas_ocgt,MW,nem,NSW1
2017-10-01 02:45:00,0.0,gas_ocgt,MW,nem,NSW1
2017-10-01 02:50:00,0.0,gas_ocgt,MW,nem,NSW1
2017-10-01 02:55:00,0.0,gas_ocgt,MW,nem,NSW1
2017-10-01 03:00:00,0.0,gas_ocgt,MW,nem,NSW1
2017-10-01 03:05:00,0.0,gas_ocgt,MW,nem,NSW1
2017-10-01 03:10:00,0.0,gas_ocgt,MW,nem,NSW1
2017-10-01 03:15:00,0.0,gas_ocgt,MW,nem,NSW1
2017-10-01 03:20:00,0.0,gas_ocgt,MW,nem,NSW1
2017-10-01 03:25:00,0.0,gas_ocgt,MW,nem,NSW1
2017-10-01 03:30:00,0.0,gas_ocgt,MW,nem,NSW1
2017-10-01 03:35:00,0.0,gas_ocgt,MW,nem,NSW1
2017-10-01 03:40:00,0.0,gas_ocgt,MW,nem,NSW1
2017-10-01 03:45:00,0.0,gas_ocgt,MW,nem,NSW1
2017-10-01 03:50:00,0.0,gas_ocgt,MW,nem,NSW1
2017-10-01 03:55:00,0.0,gas_ocgt,MW,nem,NSW1
2017-10-01 04:00:00,0.0,gas_ocgt,MW,nem,NSW1
2017-10-01 04:05:00,0.0,gas_ocgt,MW,nem,NSW1
2017-10-01 04:10:00,0.0,gas_ocgt,MW,nem,NSW1
2017-10-01 04:15:00,0.0,gas_ocgt,MW,nem,NSW1
2017-10-01 04:20:00,0.0,gas_ocgt,MW,nem,NSW1
2017-10-01 04:25:00,0.0,gas_ocgt,MW,nem,NSW1
2017-10-01 04:30:00,0.0,gas_ocgt,MW,nem,NSW1
2017-10-01 04:35:00,0.0,gas_ocgt,MW,nem,NSW1
2017-10-01 04:40:00,0.0,gas_ocgt,MW,nem,NSW1
2017-10-01 04:45:00,0.0,gas_ocgt,MW,nem,NSW1
2017-10-01 04:50:00,0.0,gas_ocgt,MW,nem,NSW1
2017-10-01 04:55:00,0.0,gas_ocgt,MW,nem,NSW1
2017-10-01 05:00:00,0.0,gas_ocgt,MW,nem,NSW1
2017-10-01 05:05:00,0.0,gas_ocgt,MW,nem,NSW1
2017-10-01 05:10:00,0.0,gas_ocgt,MW,nem,NSW1
2017-10-01 05:15:00,0.0,gas_ocgt,MW,nem,NSW1
2017-10-01 05:20:00,0.0,gas_ocgt,MW,nem,NSW1
2017-10-01 05:25:00,0.0,gas_ocgt,MW,nem,NSW1
2017-10-01 05:30:00,0.0,gas_ocgt,MW,nem,NSW1
2017-10-01 05:35:00,0.0,gas_ocgt,MW,nem,NSW1
2017-10-01 05:40:00,0.0,gas_ocgt,MW,nem,NSW1
2017-10-01 05:45:00,0.0,gas_ocgt,MW,nem,NSW1
2017-10-01 05:50:00,0.0,gas_ocgt,MW,nem,NSW1
2017-10-01 05:55:00,0.0,gas_ocgt,MW,nem,NSW1
2017-10-01 06:00:00,0.0,gas_ocgt,MW,nem,NSW1
2017-10-01 06:05:00,0.0,gas_ocgt,MW,nem,NSW1
2017-10-01 06:10:00,0.0,gas_ocgt,MW,nem,NSW1
2017-10-01 06:15:00,0.0,gas_ocgt,MW,nem,NSW1
2017-10-01 06:20:00,0.0,gas_ocgt,MW,nem,NSW1
2017-10-01 06:25:00,0.0,gas_ocgt,MW,nem,NSW1
2017-10-01 06:30:00,0.0,gas_ocgt,MW,nem,NSW1
2017-10-01 06:35:00,0.0,gas_ocgt,MW,nem,NSW1
2017-10-01 06:40:00,0.0,gas_ocgt,MW,nem,NSW1
2017-10-01 06:45:00,0.0,gas_ocgt,MW,nem,NSW1
2017-10-01 06:50:00,0.0,gas_ocgt,MW,nem,NSW1
2017-10-01 06:55:00,0.0,gas_ocgt,MW,nem,NSW1
2017-10-01 07:00:00,0.0,gas_ocgt,MW,nem,NSW1
2017-10-01 07:05:00,0.0,gas_ocgt,MW,nem,NSW1
2017-10-01 07:10:00,0.0,gas_ocgt,MW,nem,NSW1
2017-10-01 07:15:00,0.0,gas_ocgt,MW,nem,NSW1
2017-10-01 07:20:00,0.0,gas_ocgt,MW,nem,NSW1
2017-10-01 07:25:00,0.0,gas_ocgt,MW,nem,NSW1
2017-10-01 07:30:00,0.0,gas_ocgt,MW,nem,NSW1
2017-10-01 07:35:00,0.0,gas_ocgt,MW,nem,NSW1
2017-10-01 07:40:00,0.0,gas_ocgt,MW,nem,NSW1
2017-10-01 07:45:00,0.0,gas_ocgt,MW,nem,NSW1
2017-10-01 07:50:00,0.0,gas_ocgt,MW,nem,NSW1
2017-10-01 07:55:00,0.0,gas_ocgt,MW,nem,NSW1
2017-10-01 08:00:00,0.0,gas_ocgt,MW,nem,NSW1
2017-10-01 08:05:00,0.0,gas_ocgt,MW,nem,NSW1
2017-10-01 08:10:00,0.0,gas_ocgt,MW,nem,NSW1
2017-10-01 08:15:00,0.0,gas_ocgt,MW,nem,NSW1
2017-10-01 08:20:00,0.0,gas_ocgt,MW,nem,NSW1
2017-10-01 08:25:00,0.0,gas_ocgt,MW,nem,NSW1
2017-10-01 08:30:00,0.0,gas_ocgt,MW,nem,NSW1
2017-10-01 08:35:00,0.0,gas_ocgt,MW,nem,NSW1
2017-10-01 08:40:00,0.0,gas_ocgt,MW,nem,NSW1
2017-10-01 08:45:00,0.0,gas_ocgt,MW,nem,NSW1
2017-10-01 08:50:00,0.0,gas_ocgt,MW,nem,NSW1
2017-10-01 08:55:00,0.0,gas_ocgt,MW,nem,NSW1
2017-10-01 09:00:00,0.0,gas_ocgt,MW,nem,NSW1
2017-10-01 09:05:00,0.0,gas_ocgt,MW,nem,NSW1
2017-10-01 09:10:00,0.0,gas_ocgt,MW,nem,NSW1
2017-10-01 09:15:00,0.0,gas_ocgt,MW,nem,NSW1
2017-10-01 09:20:00,0.0,gas_ocgt,MW,nem,NSW1
2017-10-01 09:25:00,0.0,gas_ocgt,MW,nem,NSW1
2017-10-01 09:30:00,0.0,gas_ocgt,MW,nem,NSW1
2017-10-01 09:35:00,0.0,gas_ocgt,MW,nem,NSW1
2017-10-01 09:40:00,0.0,gas_ocgt,MW,nem,NSW1
2017-10-01 09:45:00,0.0,gas_ocgt,MW,nem,NSW1
2017-10-01 09:50:00,0.0,gas_ocgt,MW,nem,NSW1
2017-10-01 09:55:00,0.0,gas_ocgt,MW,nem,NSW1
2017-10-01 10:00:00,0.0,gas_ocgt,MW,nem,NSW1
2017-10-01 10:05:00,0.0,gas_ocgt,MW,nem,NSW1
2017-10-01 10:10:00,0.0,gas_ocgt,MW,nem,NSW1
2017-10-01 10:15:00,0.0,gas_ocgt,MW,nem,NSW1
2017-10-01 10:20:00,0.0,gas_ocgt,MW,nem,NSW1
2017-10-01 10:25:00,0.0,gas_ocgt,MW,nem,NSW1
2017-10-01 10:30:00,0.0,gas_ocgt,MW,nem,NSW1
2017-10-01 10:35:00,0.0,gas_ocgt,MW,nem,NSW1
2017-10-01 10:40:00,0.0,gas_ocgt,MW,nem,NSW1
2017-10-01 10:45:00,0.0,gas_ocgt,MW,nem,NSW1
2017-10-01 10:50:00,0.0,gas_ocgt,MW,nem,NSW1
2017-10-01 10:55:00,0.0,gas_ocgt,MW,nem,NSW1
2017-10-01 11:00:00,0.0,gas_ocgt,MW,nem,NSW1
2017-10-01 11:05:00,0.0,gas_ocgt,MW,nem,NSW1
2017-10-01 11:10:00,0.0,gas_ocgt,MW,nem,NSW1
2017-10-01 11:15:00,0.0,gas_ocgt,MW,nem,NSW1
2017-10-01 11:20:00,0.0,gas_ocgt,MW,nem,NSW1
2017-10-01 11:25:00,0.0,gas_ocgt,MW,nem,NSW1
2017-10-01 11:30:00,0.0,gas_ocgt,MW,nem,NSW1
2017-10-01 11:35:00,0.0,gas_ocgt,MW,nem,NSW1
2017-10-01 11:40:00,0.0,gas_ocgt,MW,nem,NSW1
2017-10-01 11:45:00,0.0,gas_ocgt,MW,nem,NSW1
2017-10-01 11:50:00,0.0,gas_ocgt,MW,nem,NSW1
2017-10-01 11:55:00,0.0,gas_ocgt,MW,nem,NSW1
2017-10-01 12:00:00,0.0,gas_ocgt,MW,nem,NSW1
2017-10-01 12:05:00,0.0,gas_ocgt,MW,nem,NSW1
2017-10-01 12:10:00,0.0,gas_ocgt,MW,nem,NSW1
2017-10-01 12:15:00,0.0,gas_ocgt,MW,nem,NSW1
2017-10-01 12:20:00,0.0,gas_ocgt,MW,nem,NSW1
2017-10-01 12:25:00,0.0,gas_ocgt,MW,nem,NSW1
2017-10-01 12:30:00,0.0,gas_ocgt,MW,nem,NSW1
2017-10-01 12:35:00,0.0,gas_ocgt,MW,nem,NSW1
2017-10-01 12:40:00,0.0,gas_ocgt,MW,nem,NSW1
2017-10-01 12:45:00,0.0,gas_ocgt,MW,nem,NSW1
2017-10-01 12:50:00,0.0,gas_ocgt,MW,nem,NSW1
2017-10-01 12:55:00,0.0,gas_ocgt,MW,nem,NSW1
2017-10-01 13:00:00,0.0,gas_ocgt,MW,nem,NSW1
2017-10-01 13:05:00,0.0,gas_ocgt,MW,nem,NSW1
2017-10-01 13:10:00,0.0,gas_ocgt,MW,nem,NSW1
2017-10-01 13:15:00,0.0,gas_ocgt,MW,nem,NSW1
2017-10-01 13:20:00,0.0,gas_ocgt,MW,nem,NSW1
2017-10-01 13:25:00,0.0,gas_ocgt,MW,nem,NSW1
2017-10-01 13:30:00,0.0,gas_ocgt,MW,nem,NSW1
2017-10-01 13:35:00,0.0,gas_ocgt,MW,nem,NSW1
2017-10-01 13:40:00,0.0,gas_ocgt,MW,nem,NSW1
2017-10-01 13:45:00,0.0,gas_ocgt,MW,nem,NSW1
2017-10-01 13:50:00,0.0,gas_ocgt,MW,nem,NSW1
2017-10-01 13:55:00,0.0,gas_ocgt,MW,nem,NSW1
2017-10-01 14:00:00,0.0,gas_ocgt,MW,nem,NSW1
2017-10-01 14:05:00,0.0,gas_ocgt,MW,nem,NSW1
2017-10-01 14:10:00,0.0,gas_ocgt,MW,nem,NSW1
2017-10-01 14:15:00,0.0,gas_ocgt,MW,nem,NSW1
2017-10-01 14:20:00,0.0,gas_ocgt,MW,nem,NSW1
2017-10-01 14:25:00,0.0,gas_ocgt,MW,nem,NSW1
2017-10-01 14:30:00,0.0,gas_ocgt,MW,nem,NSW1
2017-10-01 14:35:00,0.0,gas_ocgt,MW,nem,NSW1
2017-10-01 14:40:00,0.0,gas_ocgt,MW,nem,NSW1
2017-10-01 14:45:00,0.0,gas_ocgt,MW,nem,NSW1
2017-10-01 14:50:00,0.0,gas_ocgt,MW,nem,NSW1
2017-10-01 14:55:00,0.0,gas_ocgt,MW,nem,NSW1
2017-10-01 15:00:00,0.0,gas_ocgt,MW,nem,NSW1
2017-10-01 15:05:00,0.0,gas_ocgt,MW,nem,NSW1
2017-10-01 15:10:00,0.0,gas_ocgt,MW,nem,NSW1
2017-10-01 15:15:00,0.0,gas_ocgt,MW,nem,NSW1
2017-10-01 15:20:00,0.0,gas_ocgt,MW,nem,NSW1
2017-10-01 15:25:00,0.0,gas_ocgt,MW,nem,NSW1
2017-10-01 15:30:00,0.0,gas_ocgt,MW,nem,NSW1
2017-10-01 15:35:00,0.0,gas_ocgt,MW,nem,NSW1
2017-10-01 15:40:00,0.0,gas_ocgt,MW,nem,NSW1
2017-10-01 15:45:00,0.0,gas_ocgt,MW,nem,NSW1
2017-10-01 15:50:00,0.0,gas_ocgt,MW,nem,NSW1
2017-10-01 15:55:00,0.0,gas_ocgt,MW,nem,NSW1
2017-10-01 16:00:00,0.0,gas_ocgt,MW,nem,NSW1
2017-10-01 16:05:00,0.0,gas_ocgt,MW,nem,NSW1
2017-10-01 16:10:00,0.0,gas_ocgt,MW,nem,NSW1
2017-10-01 16:15:00,0.0,gas_ocgt,MW,nem,NSW1
2017-10-01 16:20:00,0.0,gas_ocgt,MW,nem,NSW1
2017-10-01 16:25:00,0.0,gas_ocgt,MW,nem,NSW1
2017-10-01 16:30:00,0.0,gas_ocgt,MW,nem,NSW1
2017-10-01 16:35:00,0.0,gas_ocgt,MW,nem,NSW1
2017-10-01 16:40:00,0.0,gas_ocgt,MW,nem,NSW1
2017-10-01 16:45:00,0.0,gas_ocgt,MW,nem,NSW1
2017-10-01 16:50:00,0.0,gas_ocgt,MW,nem,NSW1
2017-10-01 16:55:00,0.0,gas_ocgt,MW,nem,NSW1
2017-10-01 17:00:00,0.0,gas_ocgt,MW,nem,NSW1
2017-10-01 17:05:00,0.0,gas_ocgt,MW,nem,NSW1
2017-10-01 17:10:00,0.0,gas_ocgt,MW,nem,NSW1
2017-10-01 17:15:00,0.0,gas_ocgt,MW,nem,NSW1
2017-10-01 17:20:00,0.0,gas_ocgt,MW,nem,NSW1
2017-10-01 17:25:00,0.0,gas_ocgt,MW,nem,NSW1
2017-10-01 17:30:00,0.0,gas_ocgt,MW,nem,NSW1
2017-10-01 17:35:00,0.0,gas_ocgt,MW,nem,NSW1
2017-10-01 17:40:00,0.0,gas_ocgt,MW,nem,NSW1
2017-10-01 17:45:00,0.0,gas_ocgt,MW,nem,NSW1
2017-10-01 17:50:00,0.0,gas_ocgt,MW,nem,NSW1
2017-10-01 17:55:00,0.0,gas_ocgt,MW,nem,NSW1
2017-10-01 18:00:00,0.0,gas_ocgt,MW,nem,NSW1
2017-10-01 18:05:00,0.0,gas_ocgt,MW,nem,NSW1
2017-10-01 18:10:00,0.0,gas_ocgt,MW,nem,NSW1
2017-10-01 18:15:00,0.0,gas_ocgt,MW,nem,NSW1
2017-10-01 18:20:00,0.0,gas_ocgt,MW,nem,NSW1
2017-10-01 18:25:00,0.0,gas_ocgt,MW,nem,NSW1
2017-10-01 18:30:00,0.0,gas_ocgt,MW,nem,NSW1
2017-10-01 18:35:00,0.0,gas_ocgt,MW,nem,NSW1
2017-10-01 18:40:00,0.0,gas_ocgt,MW,nem,NSW1
2017-10-01 18:45:00,0.0,gas_ocgt,MW,nem,NSW1
2017-10-01 18:50:00,0.0,gas_ocgt,MW,nem,NSW1
2017-10-01 18:55:00,0.0,gas_ocgt,MW,nem,NSW1
2017-10-01 19:00:00,0.0,gas_ocgt,MW,nem,NSW1
2017-10-01 19:05:00,0.0,gas_ocgt,MW,nem,NSW1
2017-10-01 19:10:00,0.0,gas_ocgt,MW,nem,NSW1
2017-10-01 19:15:00,0.0,gas_ocgt,MW,nem,NSW1
2017-10-01 19:20:00,0.0,gas_ocgt,MW,nem,NSW1
2017-10-01 19:25:00,0.0,gas_ocgt,MW,nem,NSW1
2017-10-01 19:30:00,0.0,gas_ocgt,MW,nem,NSW1
2017-10-01 19:35:00,0.0,gas_ocgt,MW,nem,NSW1
2017-10-01 19:40:00,0.0,gas_ocgt,MW,nem,NSW1
2017-10-01 19:45:00,0.0,gas_ocgt,MW,nem,NSW1
2017-10-01 19:50:00,0.0,gas_ocgt,MW,nem,NSW1
2017-10-01 19:55:00,0.0,gas_ocgt,MW,nem,NSW1
2017-10-01 20:00:00,0.0,gas_ocgt,MW,nem,NSW1
2017-10-01 20:05:00,0.0,gas_ocgt,MW,nem,NSW1
2017-10-01 20:10:00,0.0,gas_ocgt,MW,nem,NSW1
2017-10-01 20:15:00,0.0,gas_ocgt,MW,nem,NSW1
2017-10-01 20:20:00,0.0,gas_ocgt,MW,nem,NSW1
2017-10-01 20:25:00,0.0,gas_ocgt,MW,nem,NSW1
2017-10-01 20:30:00,0.0,gas_ocgt,MW,nem,NSW1
2017-10-01 20:35:00,0.0,gas_ocgt,MW,nem,NSW1
2017-10-01 20:40:00,0.0,gas_ocgt,MW,nem,NSW1
2017-10-01 20:45:00,0.0,gas_ocgt,MW,nem,NSW1
2017-10-01 20:50:00,0.0,gas_ocgt,MW,nem,NSW1
2017-10-01 20:55:00,0.0,gas_ocgt,MW,nem,NSW1
2017-10-01 21:00:00,0.0,gas_ocgt,MW,nem,NSW1
2017-10-01 21:05:00,0.0,gas_ocgt,MW,nem,NSW1
2017-10-01 21:10:00,0.0,gas_ocgt,MW,nem,NSW1
2017-10-01 21:15:00,0.0,gas_ocgt,MW,nem,NSW1
2017-10-01 21:20:00,0.0,gas_ocgt,MW,nem,NSW1
2017-10-01 21:25:00,0.0,gas_ocgt,MW,nem,NSW1
2017-10-01 21:30:00,0.0,gas_ocgt,MW,nem,NSW1
2017-10-01 21:35:00,0.0,gas_ocgt,MW,nem,NSW1
2017-10-01 21:40:00,0.0,gas_ocgt,MW,nem,NSW1
2017-10-01 21:45:00,0.0,gas_ocgt,MW,nem,NSW1
2017-10-01 21:50:00,0.0,gas_ocgt,MW,nem,NSW1
2017-10-01 21:55:00,0.0,gas_ocgt,MW,nem,NSW1
2017-10-01 22:00:00,0.0,gas_ocgt,MW,nem,NSW1
2017-10-01 22:05:00,0.0,gas_ocgt,MW,nem,NSW1
2017-10-01 22:10:00,0.0,gas_ocgt,MW,nem,NSW1
2017-10-01 22:15:00,0.0,gas_ocgt,MW,nem,NSW1
2017-10-01 22:20:00,0.0,gas_ocgt,MW,nem,NSW1
2017-10-01 22:25:00,0.0,gas_ocgt,MW,nem,NSW1
2017-10-01 22:30:00,0.0,gas_ocgt,MW,nem,NSW1
2017-10-01 22:35:00,0.0,gas_ocgt,MW,nem,NSW1
2017-10-01 22:40:00,0.0,gas_ocgt,MW,nem,NSW1
2017-10-01 22:45:00,0.0,gas_ocgt,MW,nem,NSW1
2017-10-01 22:50:00,0.0,gas_ocgt,MW,nem,NSW1
2017-10-01 22:55:00,0.0,gas_ocgt,MW,nem,NSW1
2017-10-01 23:00:00,0.0,gas_ocgt,MW,nem,NSW1
2017-10-01 23:05:00,0.0,gas_ocgt,MW,nem,NSW1
2017-10-01 23:10:00,0.0,gas_ocgt,MW,nem,NSW1
2017-10-01 23:15:00,0.0,gas_ocgt,MW,nem,NSW1
2017-10-01 23:20:00,0.0,gas_ocgt,MW,nem,NSW1
2017-10-01 23:25:00,0.0,gas_ocgt,MW,nem,NSW1
2017-10-01 23:30:00,0.0,gas_ocgt,MW,nem,NSW1
2017-10-01 23:35:00,0.0,gas_ocgt,MW,nem,NSW1
2017-10-01 23:40:00,0.0,gas_ocgt,MW,nem,NSW1
2017-10-01 23:45:00,0.0,gas_ocgt,MW,nem,NSW1
2017-10-01 23:50:00,0.0,gas_ocgt,MW,nem,NSW1
2017-10-01 23:55:00,0.0,gas_ocgt,MW,nem,NSW1
2017-10-02 00:00:00,0.0,gas_ocgt,MW,nem,NSW1
2017-10-02 00:05:00,0.0,gas_ocgt,MW,nem,NSW1
2017-10-02 00:10:00,0.0,gas_ocgt,MW,nem,NSW1
2017-10-02 00:15:00,0.0,gas_ocgt,MW,nem,NSW1
2017-10-02 00:20:00,0.0,gas_ocgt,MW,nem,NSW1
2017-10-02 00:25:00,0.0,gas_ocgt,MW,nem,NSW1
2017-10-02 00:30:00,0.0,gas_ocgt,MW,nem,NSW1
2017-10-02 00:35:00,0.0,gas_ocgt,MW,nem,NSW1
2017-10-02 00:40:00,0.0,gas_ocgt,MW,nem,NSW1
2017-10-02 00:45:00,0.0,gas_ocgt,MW,nem,NSW1
2017-10-02 00:50:00,0.0,gas_ocgt,MW,nem,NSW1
2017-10-02 00:55:00,0.0,gas_ocgt,MW,nem,NSW1
2017-10-02 01:00:00,0.0,gas_ocgt,MW,nem,NSW1
2017-10-02 01:05:00,0.0,gas_ocgt,MW,nem,NSW1
2017-10-02 01:10:00,0.0,gas_ocgt,MW,nem,NSW1
2017-10-02 01:15:00,0.0,gas_ocgt,MW,nem,NSW1
2017-10-02 01:20:00,0.0,gas_ocgt,MW,nem,NSW1
2017-10-02 01:25:00,0.0,gas_ocgt,MW,nem,NSW1
2017-10-02 01:30:00,0.0,gas_ocgt,MW,nem,NSW1
2017-10-02 01:35:00,0.0,gas_ocgt,MW,nem,NSW1
2017-10-02 01:40:00,0.0,gas_ocgt,MW,nem,NSW1
2017-10-02 01:45:00,0.0,gas_ocgt,MW,nem,NSW1
2017-10-02 01:50:00,0.0,gas_ocgt,MW,nem,NSW1
2017-10-02 01:55:00,0.0,gas_ocgt,MW,nem,NSW1
2017-10-02 02:00:00,0.0,gas_ocgt,MW,nem,NSW1
2017-10-02 02:05:00,0.0,gas_ocgt,MW,nem,NSW1
2017-10-02 02:10:00,0.0,gas_ocgt,MW,nem,NSW1
2017-10-02 02:15:00,0.0,gas_ocgt,MW,nem,NSW1
2017-10-02 02:20:00,0.0,gas_ocgt,MW,nem,NSW1
2017-10-02 02:25:00,0.0,gas_ocgt,MW,nem,NSW1
2017-10-02 02:30:00,0.0,gas_ocgt,MW,nem,NSW1
2017-10-02 02:35:00,0.0,gas_ocgt,MW,nem,NSW1
2017-10-02 02:40:00,0.0,gas_ocgt,MW,nem,NSW1
2017-10-02 02:45:00,0.0,gas_ocgt,MW,nem,NSW1
2017-10-02 02:50:00,0.0,gas_ocgt,MW,nem,NSW1
2017-10-02 02:55:00,0.0,gas_ocgt,MW,nem,NSW1
2017-10-02 03:00:00,0.0,gas_ocgt,MW,nem,NSW1
2017-10-02 03:05:00,0.0,gas_ocgt,MW,nem,NSW1
2017-10-02 03:10:00,0.0,gas_ocgt,MW,nem,NSW1
2017-10-02 03:15:00,0.0,gas_ocgt,MW,nem,NSW1
2017-10-02 03:20:00,0.0,gas_ocgt,MW,nem,NSW1
2017-10-02 03:25:00,0.0,gas_ocgt,MW,nem,NSW1
2017-10-02 03:30:00,0.0,gas_ocgt,MW,nem,NSW1
2017-10-02 03:35:00,0.0,gas_ocgt,MW,nem,NSW1
2017-10-02 03:40:00,0.0,gas_ocgt,MW,nem,NSW1
2017-10-02 03:45:00,0.0,gas_ocgt,MW,nem,NSW1
2017-10-02 03:50:00,0.0,gas_ocgt,MW,nem,NSW1
2017-10-02 03:55:00,0.0,gas_ocgt,MW,nem,NSW1
2017-10-02 04:00:00,0.0,gas_ocgt,MW,nem,NSW1
2017-10-02 04:05:00,0.0,gas_ocgt,MW,nem,NSW1
2017-10-02 04:10:00,0.0,gas_ocgt,MW,nem,NSW1
2017-10-02 04:15:00,0.0,gas_ocgt,MW,nem,NSW1
2017-10-02 04:20:00,0.0,gas_ocgt,MW,nem,NSW1
2017-10-02 04:25:00,0.0,gas_ocgt,MW,nem,NSW1
2017-10-02 04:30:00,0.0,gas_ocgt,MW,nem,NSW1
2017-10-02 04:35:00,0.0,gas_ocgt,MW,nem,NSW1
2017-10-02 04:40:00,0.0,gas_ocgt,MW,nem,NSW1
2017-10-02 04:45:00,0.0,gas_ocgt,MW,nem,NSW1
2017-10-02 04:50:00,0.0,gas_ocgt,MW,nem,NSW1
2017-10-02 04:55:00,0.0,gas_ocgt,MW,nem,NSW1
2017-10-02 05:00:00,0.0,gas_ocgt,MW,nem,NSW1
2017-10-02 05:05:00,0.0,gas_ocgt,MW,nem,NSW1
2017-10-02 05:10:00,0.0,gas_ocgt,MW,nem,NSW1
2017-10-02 05:15:00,0.0,gas_ocgt,MW,nem,NSW1
2017-10-02 05:20:00,0.0,gas_ocgt,MW,nem,NSW1
2017-10-02 05:25:00,0.0,gas_ocgt,MW,nem,NSW1
2017-10-02 05:30:00,0.0,gas_ocgt,MW,nem,NSW1
2017-10-02 05:35:00,0.0,gas_ocgt,MW,nem,NSW1
2017-10-02 05:40:00,0.0,gas_ocgt,MW,nem,NSW1
2017-10-02 05:45:00,0.0,gas_ocgt,MW,nem,NSW1
2017-10-02 05:50:00,0.0,gas_ocgt,MW,nem,NSW1
2017-10-02 05:55:00,0.0,gas_ocgt,MW,nem,NSW1
2017-10-02 06:00:00,0.0,gas_ocgt,MW,nem,NSW1
2017-10-02 06:05:00,0.0,gas_ocgt,MW,nem,NSW1
2017-10-02 06:10:00,0.0,gas_ocgt,MW,nem,NSW1
2017-10-02 06:15:00,0.0,gas_ocgt,MW,nem,NSW1
2017-10-02 06:20:00,0.0,gas_ocgt,MW,nem,NSW1
2017-10-02 06:25:00,0.0,gas_ocgt,MW,nem,NSW1
2017-10-02 06:30:00,0.0,gas_ocgt,MW,nem,NSW1
2017-10-02 06:35:00,0.0,gas_ocgt,MW,nem,NSW1
2017-10-02 06:40:00,0.0,gas_ocgt,MW,nem,NSW1
2017-10-02 06:45:00,0.0,gas_ocgt,MW,nem,NSW1
2017-10-02 06:50:00,0.0,gas_ocgt,MW,nem,NSW1
2017-10-02 06:55:00,0.0,gas_ocgt,MW,nem,NSW1
2017-10-02 07:00:00,0.0,gas_ocgt,MW,nem,NSW1
2017-10-02 07:05:00,0.0,gas_ocgt,MW,nem,NSW1
2017-10-02 07:10:00,0.0,gas_ocgt,MW,nem,NSW1
2017-10-02 07:15:00,0.0,gas_ocgt,MW,nem,NSW1
2017-10-02 07:20:00,0.0,gas_ocgt,MW,nem,NSW1
2017-10-02 07:25:00,0.0,gas_ocgt,MW,nem,NSW1
2017-10-02 07:30:00,0.0,gas_ocgt,MW,nem,NSW1
2017-10-02 07:35:00,0.0,gas_ocgt,MW,nem,NSW1
2017-10-02 07:40:00,0.0,gas_ocgt,MW,nem,NSW1
2017-10-02 07:45:00,0.0,gas_ocgt,MW,nem,NSW1
2017-10-02 07:50:00,0.0,gas_ocgt,MW,nem,NSW1
2017-10-02 07:55:00,0.0,gas_ocgt,MW,nem,NSW1
2017-10-02 08:00:00,0.0,gas_ocgt,MW,nem,NSW1
2017-10-02 08:05:00,0.0,gas_ocgt,MW,nem,NSW1
2017-10-02 08:10:00,0.0,gas_ocgt,MW,nem,NSW1
2017-10-02 08:15:00,0.0,gas_ocgt,MW,nem,NSW1
2017-10-02 08:20:00,0.0,gas_ocgt,MW,nem,NSW1
2017-10-02 08:25:00,0.0,gas_ocgt,MW,nem,NSW1
2017-10-02 08:30:00,0.0,gas_ocgt,MW,nem,NSW1
2017-10-02 08:35:00,0.0,gas_ocgt,MW,nem,NSW1
2017-10-02 08:40:00,0.0,gas_ocgt,MW,nem,NSW1
2017-10-02 08:45:00,0.0,gas_ocgt,MW,nem,NSW1
2017-10-02 08:50:00,0.0,gas_ocgt,MW,nem,NSW1
2017-10-02 08:55:00,0.0,gas_ocgt,MW,nem,NSW1
2017-10-02 09:00:00,0.0,gas_ocgt,MW,nem,NSW1
2017-10-02 09:05:00,0.0,gas_ocgt,MW,nem,NSW1
2017-10-02 09:10:00,0.0,gas_ocgt,MW,nem,NSW1
2017-10-02 09:15:00,0.0,gas_ocgt,MW,nem,NSW1
2017-10-02 09:20:00,0.0,gas_ocgt,MW,nem,NSW1
2017-10-02 09:25:00,0.0,gas_ocgt,MW,nem,NSW1
2017-10-02 09:30:00,0.0,gas_ocgt,MW,nem,NSW1
2017-10-02 09:35:00,0.0,gas_ocgt,MW,nem,NSW1
2017-10-02 09:40:00,0.0,gas_ocgt,MW,nem,NSW1
2017-10-02 09:45:00,0.0,gas_ocgt,MW,nem,NSW1
2017-10-02 09:50:00,0.0,gas_ocgt,MW,nem,NSW1
2017-10-02 09:55:00,0.0,gas_ocgt,MW,nem,NSW1
2017-10-02 10:00:00,0.0,gas_ocgt,MW,nem,NSW1
2017-10-02 10:05:00,0.0,gas_ocgt,MW,nem,NSW1
2017-10-02 10:10:00,0.0,gas_ocgt,MW,nem,NSW1
2017-10-02 10:15:00,0.0,gas_ocgt,MW,nem,NSW1
2017-10-02 10:20:00,0.0,gas_ocgt,MW,nem,NSW1
2017-10-02 10:25:00,0.0,gas_ocgt,MW,nem,NSW1
2017-10-02 10:30:00,0.0,gas_ocgt,MW,nem,NSW1
2017-10-02 10:35:00,0.0,gas_ocgt,MW,nem,NSW1
2017-10-02 10:40:00,0.0,gas_ocgt,MW,nem,NSW1
2017-10-02 10:45:00,0.0,gas_ocgt,MW,nem,NSW1
2017-10-02 10:50:00,0.0,gas_ocgt,MW,nem,NSW1
2017-10-02 10:55:00,0.0,gas_ocgt,MW,nem,NSW1
2017-10-02 11:00:00,0.0,gas_ocgt,MW,nem,NSW1
2017-10-02 11:05:00,0.0,gas_ocgt,MW,nem,NSW1
2017-10-02 11:10:00,0.0,gas_ocgt,MW,nem,NSW1
2017-10-02 11:15:00,0.0,gas_ocgt,MW,nem,NSW1
2017-10-02 11:20:00,0.0,gas_ocgt,MW,nem,NSW1
2017-10-02 11:25:00,0.0,gas_ocgt,MW,nem,NSW1
2017-10-02 11:30:00,0.0,gas_ocgt,MW,nem,NSW1
2017-10-02 11:35:00,0.0,gas_ocgt,MW,nem,NSW1
2017-10-02 11:40:00,0.0,gas_ocgt,MW,nem,NSW1
2017-10-02 11:45:00,0.0,gas_ocgt,MW,nem,NSW1
2017-10-02 11:50:00,0.0,gas_ocgt,MW,nem,NSW1
2017-10-02 11:55:00,0.0,gas_ocgt,MW,nem,NSW1
2017-10-02 12:00:00,0.0,gas_ocgt,MW,nem,NSW1
2017-10-02 12:05:00,0.0,gas_ocgt,MW,nem,NSW1
2017-10-02 12:10:00,0.0,gas_ocgt,MW,nem,NSW1
2017-10-02 12:15:00,0.0,gas_ocgt,MW,nem,NSW1
2017-10-02 12:20:00,0.0,gas_ocgt,MW,nem,NSW1
2017-10-02 12:25:00,0.0,gas_ocgt,MW,nem,NSW1
2017-10-02 12:30:00,0.0,gas_ocgt,MW,nem,NSW1
2017-10-02 12:35:00,0.0,gas_ocgt,MW,nem,NSW1
2017-10-02 12:40:00,0.0,gas_ocgt,MW,nem,NSW1
2017-10-02 12:45:00,0.0,gas_ocgt,MW,nem,NSW1
2017-10-02 12:50:00,0.0,gas_ocgt,MW,nem,NSW1
2017-10-02 12:55:00,0.0,gas_ocgt,MW,nem,NSW1
2017-10-02 13:00:00,0.0,gas_ocgt,MW,nem,NSW1
2017-10-02 13:05:00,0.0,gas_ocgt,MW,nem,NSW1
2017-10-02 13:10:00,0.0,gas_ocgt,MW,nem,NSW1
2017-10-02 13:15:00,0.0,gas_ocgt,MW,nem,NSW1
2017-10-02 13:20:00,0.0,gas_ocgt,MW,nem,NSW1
2017-10-02 13:25:00,0.0,gas_ocgt,MW,nem,NSW1
2017-10-02 13:30:00,0.0,gas_ocgt,MW,nem,NSW1
2017-10-02 13:35:00,0.0,gas_ocgt,MW,nem,NSW1
2017-10-02 13:40:00,0.0,gas_ocgt,MW,nem,NSW1
2017-10-02 13:45:00,0.0,gas_ocgt,MW,nem,NSW1
2017-10-02 13:50:00,0.0,gas_ocgt,MW,nem,NSW1
2017-10-02 13:55:00,0.0,gas_ocgt,MW,nem,NSW1
2017-10-02 14:00:00,0.0,gas_ocgt,MW,nem,NSW1
2017-10-02 14:05:00,0.0,gas_ocgt,MW,nem,NSW1
2017-10-02 14:10:00,0.0,gas_ocgt,MW,nem,NSW1
2017-10-02 14:15:00,0.0,gas_ocgt,MW,nem,NSW1
2017-10-02 14:20:00,0.0,gas_ocgt,MW,nem,NSW1
2017-10-02 14:25:00,0.0,gas_ocgt,MW,nem,NSW1
2017-10-02 14:30:00,0.0,gas_ocgt,MW,nem,NSW1
2017-10-02 14:35:00,0.0,gas_ocgt,MW,nem,NSW1
2017-10-02 14:40:00,0.0,gas_ocgt,MW,nem,NSW1
2017-10-02 14:45:00,0.0,gas_ocgt,MW,nem,NSW1
2017-10-02 14:50:00,0.0,gas_ocgt,MW,nem,NSW1
2017-10-02 14:55:00,0.0,gas_ocgt,MW,nem,NSW1
2017-10-02 15:00:00,0.0,gas_ocgt,MW,nem,NSW1
2017-10-02 15:05:00,0.0,gas_ocgt,MW,nem,NSW1
2017-10-02 15:10:00,0.0,gas_ocgt,MW,nem,NSW1
2017-10-02 15:15:00,0.0,gas_ocgt,MW,nem,NSW1
2017-10-02 15:20:00,0.0,gas_ocgt,MW,nem,NSW1
2017-10-02 15:25:00,0.0,gas_ocgt,MW,nem,NSW1
2017-10-02 15:30:00,0.0,gas_ocgt,MW,nem,NSW1
2017-10-02 15:35:00,0.0,gas_ocgt,MW,nem,NSW1
2017-10-02 15:40:00,0.0,gas_ocgt,MW,nem,NSW1
2017-10-02 15:45:00,0.0,gas_ocgt,MW,nem,NSW1
2017-10-02 15:50:00,0.0,gas_ocgt,MW,nem,NSW1
2017-10-02 15:55:00,0.0,gas_ocgt,MW,nem,NSW1
2017-10-02 16:00:00,0.0,gas_ocgt,MW,nem,NSW1
2017-10-02 16:05:00,0.0,gas_ocgt,MW,nem,NSW1
2017-10-02 16:10:00,0.0,gas_ocgt,MW,nem,NSW1
2017-10-02 16:15:00,0.0,gas_ocgt,MW,nem,NSW1
2017-10-02 16:20:00,0.0,gas_ocgt,MW,nem,NSW1
2017-10-02 16:25:00,0.0,gas_ocgt,MW,nem,NSW1
2017-10-02 16:30:00,0.0,gas_ocgt,MW,nem,NSW1
2017-10-02 16:35:00,0.0,gas_ocgt,MW,nem,NSW1
2017-10-02 16:40:00,0.0,gas_ocgt,MW,nem,NSW1
2017-10-02 16:45:00,0.0,gas_ocgt,MW,nem,NSW1
2017-10-02 16:50:00,0.0,gas_ocgt,MW,nem,NSW1
2017-10-02 16:55:00,0.0,gas_ocgt,MW,nem,NSW1
2017-10-02 17:00:00,0.0,gas_ocgt,MW,nem,NSW1
2017-10-02 17:05:00,0.0,gas_ocgt,MW,nem,NSW1
2017-10-02 17:10:00,0.0,gas_ocgt,MW,nem,NSW1
2017-10-02 17:15:00,0.0,gas_ocgt,MW,nem,NSW1
2017-10-02 17:20:00,0.0,gas_ocgt,MW,nem,NSW1
2017-10-02 17:25:00,0.0,gas_ocgt,MW,nem,NSW1
2017-10-02 17:30:00,0.0,gas_ocgt,MW,nem,NSW1
2017-10-02 17:35:00,0.0,gas_ocgt,MW,nem,NSW1
2017-10-02 17:40:00,0.0,gas_ocgt,MW,nem,NSW1
2017-10-02 17:45:00,0.0,gas_ocgt,MW,nem,NSW1
2017-10-02 17:50:00,0.0,gas_ocgt,MW,nem,NSW1
2017-10-02 17:55:00,0.0,gas_ocgt,MW,nem,NSW1
2017-10-02 18:00:00,0.0,gas_ocgt,MW,nem,NSW1
2017-10-02 18:05:00,0.0,gas_ocgt,MW,nem,NSW1
2017-10-02 18:10:00,0.0,gas_ocgt,MW,nem,NSW1
2017-10-02 18:15:00,0.0,gas_ocgt,MW,nem,NSW1
2017-10-02 18:20:00,0.0,gas_ocgt,MW,nem,NSW1
2017-10-02 18:25:00,0.0,gas_ocgt,MW,nem,NSW1
2017-10-02 18:30:00,0.0,gas_ocgt,MW,nem,NSW1
2017-10-02 18:35:00,0.0,gas_ocgt,MW,nem,NSW1
2017-10-02 18:40:00,0.0,gas_ocgt,MW,nem,NSW1
2017-10-02 18:45:00,0.0,gas_ocgt,MW,nem,NSW1
2017-10-02 18:50:00,0.0,gas_ocgt,MW,nem,NSW1
2017-10-02 18:55:00,0.0,gas_ocgt,MW,nem,NSW1
2017-10-02 19:00:00,0.0,gas_ocgt,MW,nem,NSW1
2017-10-02 19:05:00,0.0,gas_ocgt,MW,nem,NSW1
2017-10-02 19:10:00,0.0,gas_ocgt,MW,nem,NSW1
2017-10-02 19:15:00,0.0,gas_ocgt,MW,nem,NSW1
2017-10-02 19:20:00,0.0,gas_ocgt,MW,nem,NSW1
2017-10-02 19:25:00,0.0,gas_ocgt,MW,nem,NSW1
2017-10-02 19:30:00,0.0,gas_ocgt,MW,nem,NSW1
2017-10-02 19:35:00,0.0,gas_ocgt,MW,nem,NSW1
2017-10-02 19:40:00,0.0,gas_ocgt,MW,nem,NSW1
2017-10-02 19:45:00,0.0,gas_ocgt,MW,nem,NSW1
2017-10-02 19:50:00,0.0,gas_ocgt,MW,nem,NSW1
2017-10-02 19:55:00,0.0,gas_ocgt,MW,nem,NSW1
2017-10-02 20:00:00,0.0,gas_ocgt,MW,nem,NSW1
2017-10-02 20:05:00,0.0,gas_ocgt,MW,nem,NSW1
2017-10-02 20:10:00,0.0,gas_ocgt,MW,nem,NSW1
2017-10-02 20:15:00,0.0,gas_ocgt,MW,nem,NSW1
2017-10-02 20:20:00,0.0,gas_ocgt,MW,nem,NSW1
2017-10-02 20:25:00,0.0,gas_ocgt,MW,nem,NSW1
2017-10-02 20:30:00,0.0,gas_ocgt,MW,nem,NSW1
2017-10-02 20:35:00,0.0,gas_ocgt,MW,nem,NSW1
2017-10-02 20:40:00,0.0,gas_ocgt,MW,nem,NSW1
2017-10-02 20:45:00,0.0,gas_ocgt,MW,nem,NSW1
2017-10-02 20:50:00,0.0,gas_ocgt,MW,nem,NSW1
2017-10-02 20:55:00,0.0,gas_ocgt,MW,nem,NSW1
2017-10-02 21:00:00,0.0,gas_ocgt,MW,nem,NSW1
2017-10-02 21:05:00,0.0,gas_ocgt,MW,nem,NSW1
2017-10-02 21:10:00,0.0,gas_ocgt,MW,nem,NSW1
2017-10-02 21:15:00,0.0,gas_ocgt,MW,nem,NSW1
2017-10-02 21:20:00,0.0,gas_ocgt,MW,nem,NSW1
2017-10-02 21:25:00,0.0,gas_ocgt,MW,nem,NSW1
2017-10-02 21:30:00,0.0,gas_ocgt,MW,nem,NSW1
2017-10-02 21:35:00,0.0,gas_ocgt,MW,nem,NSW1
2017-10-02 21:40:00,0.0,gas_ocgt,MW,nem,NSW1
2017-10-02 21:45:00,0.0,gas_ocgt,MW,nem,NSW1
2017-10-02 21:50:00,0.0,gas_ocgt,MW,nem,NSW1
2017-10-02 21:55:00,0.0,gas_ocgt,MW,nem,NSW1
2017-10-02 22:00:00,0.0,gas_ocgt,MW,nem,NSW1
2017-10-02 22:05:00,0.0,gas_ocgt,MW,nem,NSW1
2017-10-02 22:10:00,0.0,gas_ocgt,MW,nem,NSW1
2017-10-02 22:15:00,0.0,gas_ocgt,MW,nem,NSW1
2017-10-02 22:20:00,0.0,gas_ocgt,MW,nem,NSW1
2017-10-02 22:25:00,0.0,gas_ocgt,MW,nem,NSW1
2017-10-02 22:30:00,0.0,gas_ocgt,MW,nem,NSW1
2017-10-02 22:35:00,0.0,gas_ocgt,MW,nem,NSW1
2017-10-02 22:40:00,0.0,gas_ocgt,MW,nem,NSW1
2017-10-02 22:45:00,0.0,gas_ocgt,MW,nem,NSW1
2017-10-02 22:50:00,0.0,gas_ocgt,MW,nem,NSW1
2017-10-02 22:55:00,0.0,gas_ocgt,MW,nem,NSW1
2017-10-02 23:00:00,0.0,gas_ocgt,MW,nem,NSW1
2017-10-02 23:05:00,0.0,gas_ocgt,MW,nem,NSW1
2017-10-02 23:10:00,0.0,gas_ocgt,MW,nem,NSW1
2017-10-02 23:15:00,0.0,gas_ocgt,MW,nem,NSW1
2017-10-02 23:20:00,0.0,gas_ocgt,MW,nem,NSW1
2017-10-02 23:25:00,0.0,gas_ocgt,MW,nem,NSW1
2017-10-02 23:30:00,0.0,gas_ocgt,MW,nem,NSW1
2017-10-02 23:35:00,0.0,gas_ocgt,MW,nem,NSW1
2017-10-02 23:40:00,0.0,gas_ocgt,MW,nem,NSW1
2017-10-02 23:45:00,0.0,gas_ocgt,MW,nem,NSW1
2017-10-02 23:50:00,0.0,gas_ocgt,MW,nem,NSW1
2017-10-02 23:55:00,0.0,gas_ocgt,MW,nem,NSW1
2017-10-03 00:00:00,0.0,gas_ocgt,MW,nem,NSW1
2017-10-03 00:05:00,0.0,gas_ocgt,MW,nem,NSW1
2017-10-03 00:10:00,0.0,gas_ocgt,MW,nem,NSW1
2017-10-03 00:15:00,0.0,gas_ocgt,MW,nem,NSW1
2017-10-03 00:20:00,0.0,gas_ocgt,MW,nem,NSW1
2017-10-03 00:25:00,0.0,gas_ocgt,MW,nem,NSW1
2017-10-03 00:30:00,0.0,gas_ocgt,MW,nem,NSW1
2017-10-03 00:35:00,0.0,gas_ocgt,MW,nem,NSW1
2017-10-03 00:40:00,0.0,gas_ocgt,MW,nem,NSW1
2017-10-03 00:45:00,0.0,gas_ocgt,MW,nem,NSW1
2017-10-03 00:50:00,0.0,gas_ocgt,MW,nem,NSW1
2017-10-03 00:55:00,0.0,gas_ocgt,MW,nem,NSW1
2017-10-03 01:00:00,0.0,gas_ocgt,MW,nem,NSW1
2017-10-03 01:05:00,0.0,gas_ocgt,MW,nem,NSW1
2017-10-03 01:10:00,0.0,gas_ocgt,MW,nem,NSW1
2017-10-03 01:15:00,0.0,gas_ocgt,MW,nem,NSW1
2017-10-03 01:20:00,0.0,gas_ocgt,MW,nem,NSW1
2017-10-03 01:25:00,0.0,gas_ocgt,MW,nem,NSW1
2017-10-03 01:30:00,0.0,gas_ocgt,MW,nem,NSW1
2017-10-03 01:35:00,0.0,gas_ocgt,MW,nem,NSW1
2017-10-03 01:40:00,0.0,gas_ocgt,MW,nem,NSW1
2017-10-03 01:45:00,0.0,gas_ocgt,MW,nem,NSW1
2017-10-03 01:50:00,0.0,gas_ocgt,MW,nem,NSW1
2017-10-03 01:55:00,0.0,gas_ocgt,MW,nem,NSW1
2017-10-03 02:00:00,0.0,gas_ocgt,MW,nem,NSW1
2017-10-03 02:05:00,0.0,gas_ocgt,MW,nem,NSW1
2017-10-03 02:10:00,0.0,gas_ocgt,MW,nem,NSW1
2017-10-03 02:15:00,0.0,gas_ocgt,MW,nem,NSW1
2017-10-03 02:20:00,0.0,gas_ocgt,MW,nem,NSW1
2017-10-03 02:25:00,0.0,gas_ocgt,MW,nem,NSW1
2017-10-03 02:30:00,0.0,gas_ocgt,MW,nem,NSW1
2017-10-03 02:35:00,0.0,gas_ocgt,MW,nem,NSW1
2017-10-03 02:40:00,0.0,gas_ocgt,MW,nem,NSW1
2017-10-03 02:45:00,0.0,gas_ocgt,MW,nem,NSW1
2017-10-03 02:50:00,0.0,gas_ocgt,MW,nem,NSW1
2017-10-03 02:55:00,0.0,gas_ocgt,MW,nem,NSW1
2017-10-03 03:00:00,0.0,gas_ocgt,MW,nem,NSW1
2017-10-03 03:05:00,0.0,gas_ocgt,MW,nem,NSW1
2017-10-03 03:10:00,0.0,gas_ocgt,MW,nem,NSW1
2017-10-03 03:15:00,0.0,gas_ocgt,MW,nem,NSW1
2017-10-03 03:20:00,0.0,gas_ocgt,MW,nem,NSW1
2017-10-03 03:25:00,0.0,gas_ocgt,MW,nem,NSW1
2017-10-03 03:30:00,0.0,gas_ocgt,MW,nem,NSW1
2017-10-03 03:35:00,0.0,gas_ocgt,MW,nem,NSW1
2017-10-03 03:40:00,0.0,gas_ocgt,MW,nem,NSW1
2017-10-03 03:45:00,0.0,gas_ocgt,MW,nem,NSW1
2017-10-03 03:50:00,0.0,gas_ocgt,MW,nem,NSW1
2017-10-03 03:55:00,0.0,gas_ocgt,MW,nem,NSW1
2017-10-03 04:00:00,0.0,gas_ocgt,MW,nem,NSW1
2017-10-03 04:05:00,0.0,gas_ocgt,MW,nem,NSW1
2017-10-03 04:10:00,0.0,gas_ocgt,MW,nem,NSW1
2017-10-03 04:15:00,0.0,gas_ocgt,MW,nem,NSW1
2017-10-03 04:20:00,0.0,gas_ocgt,MW,nem,NSW1
2017-10-03 04:25:00,0.0,gas_ocgt,MW,nem,NSW1
2017-10-03 04:30:00,0.0,gas_ocgt,MW,nem,NSW1
2017-10-03 04:35:00,0.0,gas_ocgt,MW,nem,NSW1
2017-10-03 04:40:00,0.0,gas_ocgt,MW,nem,NSW1
2017-10-03 04:45:00,0.0,gas_ocgt,MW,nem,NSW1
2017-10-03 04:50:00,0.0,gas_ocgt,MW,nem,NSW1
2017-10-03 04:55:00,0.0,gas_ocgt,MW,nem,NSW1
2017-10-03 05:00:00,0.0,gas_ocgt,MW,nem,NSW1
2017-10-03 05:05:00,0.0,gas_ocgt,MW,nem,NSW1
2017-10-03 05:10:00,0.0,gas_ocgt,MW,nem,NSW1
2017-10-03 05:15:00,0.0,gas_ocgt,MW,nem,NSW1
2017-10-03 05:20:00,0.0,gas_ocgt,MW,nem,NSW1
2017-10-03 05:25:00,0.0,gas_ocgt,MW,nem,NSW1
2017-10-03 05:30:00,0.0,gas_ocgt,MW,nem,NSW1
2017-10-03 05:35:00,0.0,gas_ocgt,MW,nem,NSW1
2017-10-03 05:40:00,0.0,gas_ocgt,MW,nem,NSW1
2017-10-03 05:45:00,0.0,gas_ocgt,MW,nem,NSW1
2017-10-03 05:50:00,0.0,gas_ocgt,MW,nem,NSW1
2017-10-03 05:55:00,0.0,gas_ocgt,MW,nem,NSW1
2017-10-03 06:00:00,0.0,gas_ocgt,MW,nem,NSW1
2017-10-03 06:05:00,0.0,gas_ocgt,MW,nem,NSW1
2017-10-03 06:10:00,0.0,gas_ocgt,MW,nem,NSW1
2017-10-03 06:15:00,0.0,gas_ocgt,MW,nem,NSW1
2017-10-03 06:20:00,0.0,gas_ocgt,MW,nem,NSW1
2017-10-03 06:25:00,0.0,gas_ocgt,MW,nem,NSW1
2017-10-03 06:30:00,0.0,gas_ocgt,MW,nem,NSW1
2017-10-03 06:35:00,0.0,gas_ocgt,MW,nem,NSW1
2017-10-03 06:40:00,0.0,gas_ocgt,MW,nem,NSW1
2017-10-03 06:45:00,0.0,gas_ocgt,MW,nem,NSW1
2017-10-03 06:50:00,0.0,gas_ocgt,MW,nem,NSW1
2017-10-03 06:55:00,0.0,gas_ocgt,MW,nem,NSW1
2017-10-03 07:00:00,0.0,gas_ocgt,MW,nem,NSW1
2017-10-03 07:05:00,0.0,gas_ocgt,MW,nem,NSW1
2017-10-03 07:10:00,0.0,gas_ocgt,MW,nem,NSW1
2017-10-03 07:15:00,0.0,gas_ocgt,MW,nem,NSW1
2017-10-03 07:20:00,0.0,gas_ocgt,MW,nem,NSW1
2017-10-03 07:25:00,0.0,gas_ocgt,MW,nem,NSW1
2017-10-03 07:30:00,0.0,gas_ocgt,MW,nem,NSW1
2017-10-03 07:35:00,0.0,gas_ocgt,MW,nem,NSW1
2017-10-03 07:40:00,0.0,gas_ocgt,MW,nem,NSW1
2017-10-03 07:45:00,0.0,gas_ocgt,MW,nem,NSW1
2017-10-03 07:50:00,0.0,gas_ocgt,MW,nem,NSW1
2017-10-03 07:55:00,0.0,gas_ocgt,MW,nem,NSW1
2017-10-03 08:00:00,0.0,gas_ocgt,MW,nem,NSW1
2017-10-03 08:05:00,0.0,gas_ocgt,MW,nem,NSW1
2017-10-03 08:10:00,0.0,gas_ocgt,MW,nem,NSW1
2017-10-03 08:15:00,0.0,gas_ocgt,MW,nem,NSW1
2017-10-03 08:20:00,0.0,gas_ocgt,MW,nem,NSW1
2017-10-03 08:25:00,0.0,gas_ocgt,MW,nem,NSW1
2017-10-03 08:30:00,0.0,gas_ocgt,MW,nem,NSW1
2017-10-03 08:35:00,0.0,gas_ocgt,MW,nem,NSW1
2017-10-03 08:40:00,0.0,gas_ocgt,MW,nem,NSW1
2017-10-03 08:45:00,0.0,gas_ocgt,MW,nem,NSW1
2017-10-03 08:50:00,0.0,gas_ocgt,MW,nem,NSW1
2017-10-03 08:55:00,0.0,gas_ocgt,MW,nem,NSW1
2017-10-03 09:00:00,0.0,gas_ocgt,MW,nem,NSW1
2017-10-03 09:05:00,0.0,gas_ocgt,MW,nem,NSW1
2017-10-03 09:10:00,0.0,gas_ocgt,MW,nem,NSW1
2017-10-03 09:15:00,0.0,gas_ocgt,MW,nem,NSW1
2017-10-03 09:20:00,0.0,gas_ocgt,MW,nem,NSW1
2017-10-03 09:25:00,0.0,gas_ocgt,MW,nem,NSW1
2017-10-03 09:30:00,0.0,gas_ocgt,MW,nem,NSW1
2017-10-03 09:35:00,0.0,gas_ocgt,MW,nem,NSW1
2017-10-03 09:40:00,0.0,gas_ocgt,MW,nem,NSW1
2017-10-03 09:45:00,0.0,gas_ocgt,MW,nem,NSW1
2017-10-03 09:50:00,0.0,gas_ocgt,MW,nem,NSW1
2017-10-03 09:55:00,0.0,gas_ocgt,MW,nem,NSW1
2017-10-03 10:00:00,0.0,gas_ocgt,MW,nem,NSW1
2017-10-03 10:05:00,0.0,gas_ocgt,MW,nem,NSW1
2017-10-03 10:10:00,0.0,gas_ocgt,MW,nem,NSW1
2017-10-03 10:15:00,0.0,gas_ocgt,MW,nem,NSW1
2017-10-03 10:20:00,0.0,gas_ocgt,MW,nem,NSW1
2017-10-03 10:25:00,0.0,gas_ocgt,MW,nem,NSW1
2017-10-03 10:30:00,0.0,gas_ocgt,MW,nem,NSW1
2017-10-03 10:35:00,0.0,gas_ocgt,MW,nem,NSW1
2017-10-03 10:40:00,0.0,gas_ocgt,MW,nem,NSW1
2017-10-03 10:45:00,0.0,gas_ocgt,MW,nem,NSW1
2017-10-03 10:50:00,0.0,gas_ocgt,MW,nem,NSW1
2017-10-03 10:55:00,0.0,gas_ocgt,MW,nem,NSW1
2017-10-03 11:00:00,0.0,gas_ocgt,MW,nem,NSW1
2017-10-03 11:05:00,0.0,gas_ocgt,MW,nem,NSW1
2017-10-03 11:10:00,0.0,gas_ocgt,MW,nem,NSW1
2017-10-03 11:15:00,0.0,gas_ocgt,MW,nem,NSW1
2017-10-03 11:20:00,0.0,gas_ocgt,MW,nem,NSW1
2017-10-03 11:25:00,0.0,gas_ocgt,MW,nem,NSW1
2017-10-03 11:30:00,0.0,gas_ocgt,MW,nem,NSW1
2017-10-03 11:35:00,0.0,gas_ocgt,MW,nem,NSW1
2017-10-03 11:40:00,0.0,gas_ocgt,MW,nem,NSW1
2017-10-03 11:45:00,0.0,gas_ocgt,MW,nem,NSW1
2017-10-03 11:50:00,0.0,gas_ocgt,MW,nem,NSW1
2017-10-03 11:55:00,0.0,gas_ocgt,MW,nem,NSW1
2017-10-03 12:00:00,0.0,gas_ocgt,MW,nem,NSW1
2017-10-03 12:05:00,0.0,gas_ocgt,MW,nem,NSW1
2017-10-03 12:10:00,0.0,gas_ocgt,MW,nem,NSW1
2017-10-03 12:15:00,0.0,gas_ocgt,MW,nem,NSW1
2017-10-03 12:20:00,0.0,gas_ocgt,MW,nem,NSW1
2017-10-03 12:25:00,0.0,gas_ocgt,MW,nem,NSW1
2017-10-03 12:30:00,0.0,gas_ocgt,MW,nem,NSW1
2017-10-03 12:35:00,0.0,gas_ocgt,MW,nem,NSW1
2017-10-03 12:40:00,0.0,gas_ocgt,MW,nem,NSW1
2017-10-03 12:45:00,0.0,gas_ocgt,MW,nem,NSW1
2017-10-03 12:50:00,0.0,gas_ocgt,MW,nem,NSW1
2017-10-03 12:55:00,0.0,gas_ocgt,MW,nem,NSW1
2017-10-03 13:00:00,0.0,gas_ocgt,MW,nem,NSW1
2017-10-03 13:05:00,0.0,gas_ocgt,MW,nem,NSW1
2017-10-03 13:10:00,0.0,gas_ocgt,MW,nem,NSW1
2017-10-03 13:15:00,0.0,gas_ocgt,MW,nem,NSW1
2017-10-03 13:20:00,0.0,gas_ocgt,MW,nem,NSW1
2017-10-03 13:25:00,0.0,gas_ocgt,MW,nem,NSW1
2017-10-03 13:30:00,0.0,gas_ocgt,MW,nem,NSW1
2017-10-03 13:35:00,0.0,gas_ocgt,MW,nem,NSW1
2017-10-03 13:40:00,0.0,gas_ocgt,MW,nem,NSW1
2017-10-03 13:45:00,0.0,gas_ocgt,MW,nem,NSW1
2017-10-03 13:50:00,0.0,gas_ocgt,MW,nem,NSW1
2017-10-03 13:55:00,0.0,gas_ocgt,MW,nem,NSW1
2017-10-03 14:00:00,0.0,gas_ocgt,MW,nem,NSW1
2017-10-03 14:05:00,0.0,gas_ocgt,MW,nem,NSW1
2017-10-03 14:10:00,0.0,gas_ocgt,MW,nem,NSW1
2017-10-03 14:15:00,0.0,gas_ocgt,MW,nem,NSW1
2017-10-03 14:20:00,0.0,gas_ocgt,MW,nem,NSW1
2017-10-03 14:25:00,0.0,gas_ocgt,MW,nem,NSW1
2017-10-03 14:30:00,0.0,gas_ocgt,MW,nem,NSW1
2017-10-03 14:35:00,0.0,gas_ocgt,MW,nem,NSW1
2017-10-03 14:40:00,0.0,gas_ocgt,MW,nem,NSW1
2017-10-03 14:45:00,0.0,gas_ocgt,MW,nem,NSW1
2017-10-03 14:50:00,0.0,gas_ocgt,MW,nem,NSW1
2017-10-03 14:55:00,0.0,gas_ocgt,MW,nem,NSW1
2017-10-03 15:00:00,0.0,gas_ocgt,MW,nem,NSW1
2017-10-03 15:05:00,0.0,gas_ocgt,MW,nem,NSW1
2017-10-03 15:10:00,0.0,gas_ocgt,MW,nem,NSW1
2017-10-03 15:15:00,0.0,gas_ocgt,MW,nem,NSW1
2017-10-03 15:20:00,0.0,gas_ocgt,MW,nem,NSW1
2017-10-03 15:25:00,0.0,gas_ocgt,MW,nem,NSW1
2017-10-03 15:30:00,0.0,gas_ocgt,MW,nem,NSW1
2017-10-03 15:35:00,0.0,gas_ocgt,MW,nem,NSW1
2017-10-03 15:40:00,0.0,gas_ocgt,MW,nem,NSW1
2017-10-03 15:45:00,0.0,gas_ocgt,MW,nem,NSW1
2017-10-03 15:50:00,0.0,gas_ocgt,MW,nem,NSW1
2017-10-03 15:55:00,0.0,gas_ocgt,MW,nem,NSW1
2017-10-03 16:00:00,0.0,gas_ocgt,MW,nem,NSW1
2017-10-03 16:05:00,0.0,gas_ocgt,MW,nem,NSW1
2017-10-03 16:10:00,0.0,gas_ocgt,MW,nem,NSW1
2017-10-03 16:15:00,0.0,gas_ocgt,MW,nem,NSW1
2017-10-03 16:20:00,0.0,gas_ocgt,MW,nem,NSW1
2017-10-03 16:25:00,0.0,gas_ocgt,MW,nem,NSW1
2017-10-03 16:30:00,0.0,gas_ocgt,MW,nem,NSW1
2017-10-03 16:35:00,0.0,gas_ocgt,MW,nem,NSW1
2017-10-03 16:40:00,0.0,gas_ocgt,MW,nem,NSW1
2017-10-03 16:45:00,0.0,gas_ocgt,MW,nem,NSW1
2017-10-03 16:50:00,0.0,gas_ocgt,MW,nem,NSW1
2017-10-03 16:55:00,0.0,gas_ocgt,MW,nem,NSW1
2017-10-03 17:00:00,0.0,gas_ocgt,MW,nem,NSW1
2017-10-03 17:05:00,0.0,gas_ocgt,MW,nem,NSW1
2017-10-03 17:10:00,0.0,gas_ocgt,MW,nem,NSW1
2017-10-03 17:15:00,0.0,gas_ocgt,MW,nem,NSW1
2017-10-03 17:20:00,0.0,gas_ocgt,MW,nem,NSW1
2017-10-03 17:25:00,0.0,gas_ocgt,MW,nem,NSW1
2017-10-03 17:30:00,0.0,gas_ocgt,MW,nem,NSW1
2017-10-03 17:35:00,0.0,gas_ocgt,MW,nem,NSW1
2017-10-03 17:40:00,0.0,gas_ocgt,MW,nem,NSW1
2017-10-03 17:45:00,0.0,gas_ocgt,MW,nem,NSW1
2017-10-03 17:50:00,0.0,gas_ocgt,MW,nem,NSW1
2017-10-03 17:55:00,0.0,gas_ocgt,MW,nem,NSW1
2017-10-03 18:00:00,0.0,gas_ocgt,MW,nem,NSW1
2017-10-03 18:05:00,0.0,gas_ocgt,MW,nem,NSW1
2017-10-03 18:10:00,0.0,gas_ocgt,MW,nem,NSW1
2017-10-03 18:15:00,0.0,gas_ocgt,MW,nem,NSW1
2017-10-03 18:20:00,0.0,gas_ocgt,MW,nem,NSW1
2017-10-03 18:25:00,0.0,gas_ocgt,MW,nem,NSW1
2017-10-03 18:30:00,0.0,gas_ocgt,MW,nem,NSW1
2017-10-03 18:35:00,0.0,gas_ocgt,MW,nem,NSW1
2017-10-03 18:40:00,0.0,gas_ocgt,MW,nem,NSW1
2017-10-03 18:45:00,0.0,gas_ocgt,MW,nem,NSW1
2017-10-03 18:50:00,0.0,gas_ocgt,MW,nem,NSW1
2017-10-03 18:55:00,0.0,gas_ocgt,MW,nem,NSW1
2017-10-03 19:00:00,0.0,gas_ocgt,MW,nem,NSW1
2017-10-03 19:05:00,0.0,gas_ocgt,MW,nem,NSW1
2017-10-03 19:10:00,0.0,gas_ocgt,MW,nem,NSW1
2017-10-03 19:15:00,0.0,gas_ocgt,MW,nem,NSW1
2017-10-03 19:20:00,0.0,gas_ocgt,MW,nem,NSW1
2017-10-03 19:25:00,0.0,gas_ocgt,MW,nem,NSW1
2017-10-03 19:30:00,0.0,gas_ocgt,MW,nem,NSW1
2017-10-03 19:35:00,0.0,gas_ocgt,MW,nem,NSW1
2017-10-03 19:40:00,0.0,gas_ocgt,MW,nem,NSW1
2017-10-03 19:45:00,0.0,gas_ocgt,MW,nem,NSW1
2017-10-03 19:50:00,0.0,gas_ocgt,MW,nem,NSW1
2017-10-03 19:55:00,0.0,gas_ocgt,MW,nem,NSW1
2017-10-03 20:00:00,0.0,gas_ocgt,MW,nem,NSW1
2017-10-03 20:05:00,0.0,gas_ocgt,MW,nem,NSW1
2017-10-03 20:10:00,0.0,gas_ocgt,MW,nem,NSW1
2017-10-03 20:15:00,0.0,gas_ocgt,MW,nem,NSW1
2017-10-03 20:20:00,0.0,gas_ocgt,MW,nem,NSW1
2017-10-03 20:25:00,0.0,gas_ocgt,MW,nem,NSW1
2017-10-03 20:30:00,0.0,gas_ocgt,MW,nem,NSW1
2017-10-03 20:35:00,0.0,gas_ocgt,MW,nem,NSW1
2017-10-03 20:40:00,0.0,gas_ocgt,MW,nem,NSW1
2017-10-03 20:45:00,0.0,gas_ocgt,MW,nem,NSW1
2017-10-03 20:50:00,0.0,gas_ocgt,MW,nem,NSW1
2017-10-03 20:55:00,0.0,gas_ocgt,MW,nem,NSW1
2017-10-03 21:00:00,0.0,gas_ocgt,MW,nem,NSW1
2017-10-03 21:05:00,0.0,gas_ocgt,MW,nem,NSW1
2017-10-03 21:10:00,0.0,gas_ocgt,MW,nem,NSW1
2017-10-03 21:15:00,0.0,gas_ocgt,MW,nem,NSW1
2017-10-03 21:20:00,0.0,gas_ocgt,MW,nem,NSW1
2017-10-03 21:25:00,0.0,gas_ocgt,MW,nem,NSW1
2017-10-03 21:30:00,0.0,gas_ocgt,MW,nem,NSW1
2017-10-03 21:35:00,0.0,gas_ocgt,MW,nem,NSW1
2017-10-03 21:40:00,0.0,gas_ocgt,MW,nem,NSW1
2017-10-03 21:45:00,0.0,gas_ocgt,MW,nem,NSW1
2017-10-03 21:50:00,0.0,gas_ocgt,MW,nem,NSW1
2017-10-03 21:55:00,0.0,gas_ocgt,MW,nem,NSW1
2017-10-03 22:00:00,0.0,gas_ocgt,MW,nem,NSW1
2017-10-03 22:05:00,0.0,gas_ocgt,MW,nem,NSW1
2017-10-03 22:10:00,0.0,gas_ocgt,MW,nem,NSW1
2017-10-03 22:15:00,0.0,gas_ocgt,MW,nem,NSW1
2017-10-03 22:20:00,0.0,gas_ocgt,MW,nem,NSW1
2017-10-03 22:25:00,0.0,gas_ocgt,MW,nem,NSW1
2017-10-03 22:30:00,0.0,gas_ocgt,MW,nem,NSW1
2017-10-03 22:35:00,0.0,gas_ocgt,MW,nem,NSW1
2017-10-03 22:40:00,0.0,gas_ocgt,MW,nem,NSW1
2017-10-03 22:45:00,0.0,gas_ocgt,MW,nem,NSW1
2017-10-03 22:50:00,0.0,gas_ocgt,MW,nem,NSW1
2017-10-03 22:55:00,0.0,gas_ocgt,MW,nem,NSW1
2017-10-03 23:00:00,0.0,gas_ocgt,MW,nem,NSW1
2017-10-03 23:05:00,0.0,gas_ocgt,MW,nem,NSW1
2017-10-03 23:10:00,0.0,gas_ocgt,MW,nem,NSW1
2017-10-03 23:15:00,0.0,gas_ocgt,MW,nem,NSW1
2017-10-03 23:20:00,0.0,gas_ocgt,MW,nem,NSW1
2017-10-03 23:25:00,0.0,gas_ocgt,MW,nem,NSW1
2017-10-03 23:30:00,0.0,gas_ocgt,MW,nem,NSW1
2017-10-03 23:35:00,0.0,gas_ocgt,MW,nem,NSW1
2017-10-03 23:40:00,0.0,gas_ocgt,MW,nem,NSW1
2017-10-03 23:45:00,0.0,gas_ocgt,MW,nem,NSW1
2017-10-03 23:50:00,0.0,gas_ocgt,MW,nem,NSW1
2017-10-03 23:55:00,0.0,gas_ocgt,MW,nem,NSW1
2017-10-04 00:00:00,0.0,gas_ocgt,MW,nem,NSW1
2017-10-04 00:05:00,0.0,gas_ocgt,MW,nem,NSW1
2017-10-04 00:10:00,0.0,gas_ocgt,MW,nem,NSW1
2017-10-04 00:15:00,0.0,gas_ocgt,MW,nem,NSW1
2017-10-04 00:20:00,0.0,gas_ocgt,MW,nem,NSW1
2017-10-04 00:25:00,0.0,gas_ocgt,MW,nem,NSW1
2017-10-04 00:30:00,0.0,gas_ocgt,MW,nem,NSW1
2017-10-04 00:35:00,0.0,gas_ocgt,MW,nem,NSW1
2017-10-04 00:40:00,0.0,gas_ocgt,MW,nem,NSW1
2017-10-04 00:45:00,0.0,gas_ocgt,MW,nem,NSW1
2017-10-04 00:50:00,0.0,gas_ocgt,MW,nem,NSW1
2017-10-04 00:55:00,0.0,gas_ocgt,MW,nem,NSW1
2017-10-04 01:00:00,0.0,gas_ocgt,MW,nem,NSW1
2017-10-04 01:05:00,0.0,gas_ocgt,MW,nem,NSW1
2017-10-04 01:10:00,0.0,gas_ocgt,MW,nem,NSW1
2017-10-04 01:15:00,0.0,gas_ocgt,MW,nem,NSW1
2017-10-04 01:20:00,0.0,gas_ocgt,MW,nem,NSW1
2017-10-04 01:25:00,0.0,gas_ocgt,MW,nem,NSW1
2017-10-04 01:30:00,0.0,gas_ocgt,MW,nem,NSW1
2017-10-04 01:35:00,0.0,gas_ocgt,MW,nem,NSW1
2017-10-04 01:40:00,0.0,gas_ocgt,MW,nem,NSW1
2017-10-04 01:45:00,0.0,gas_ocgt,MW,nem,NSW1
2017-10-04 01:50:00,0.0,gas_ocgt,MW,nem,NSW1
2017-10-04 01:55:00,0.0,gas_ocgt,MW,nem,NSW1
2017-10-04 02:00:00,0.0,gas_ocgt,MW,nem,NSW1
2017-10-04 02:05:00,0.0,gas_ocgt,MW,nem,NSW1
2017-10-04 02:10:00,0.0,gas_ocgt,MW,nem,NSW1
2017-10-04 02:15:00,0.0,gas_ocgt,MW,nem,NSW1
2017-10-04 02:20:00,0.0,gas_ocgt,MW,nem,NSW1
2017-10-04 02:25:00,0.0,gas_ocgt,MW,nem,NSW1
2017-10-04 02:30:00,0.0,gas_ocgt,MW,nem,NSW1
2017-10-04 02:35:00,0.0,gas_ocgt,MW,nem,NSW1
2017-10-04 02:40:00,0.0,gas_ocgt,MW,nem,NSW1
2017-10-04 02:45:00,0.0,gas_ocgt,MW,nem,NSW1
2017-10-04 02:50:00,0.0,gas_ocgt,MW,nem,NSW1
2017-10-04 02:55:00,0.0,gas_ocgt,MW,nem,NSW1
2017-10-04 03:00:00,0.0,gas_ocgt,MW,nem,NSW1
2017-10-04 03:05:00,0.0,gas_ocgt,MW,nem,NSW1
2017-10-04 03:10:00,0.0,gas_ocgt,MW,nem,NSW1
2017-10-04 03:15:00,0.0,gas_ocgt,MW,nem,NSW1
2017-10-04 03:20:00,0.0,gas_ocgt,MW,nem,NSW1
2017-10-04 03:25:00,0.0,gas_ocgt,MW,nem,NSW1
2017-10-04 03:30:00,0.0,gas_ocgt,MW,nem,NSW1
2017-10-04 03:35:00,0.0,gas_ocgt,MW,nem,NSW1
2017-10-04 03:40:00,0.0,gas_ocgt,MW,nem,NSW1
2017-10-04 03:45:00,0.0,gas_ocgt,MW,nem,NSW1
2017-10-04 03:50:00,0.0,gas_ocgt,MW,nem,NSW1
2017-10-04 03:55:00,0.0,gas_ocgt,MW,nem,NSW1
2017-10-04 04:00:00,0.0,gas_ocgt,MW,nem,NSW1
2017-10-04 04:05:00,0.0,gas_ocgt,MW,nem,NSW1
2017-10-04 04:10:00,0.0,gas_ocgt,MW,nem,NSW1
2017-10-04 04:15:00,0.0,gas_ocgt,MW,nem,NSW1
2017-10-04 04:20:00,0.0,gas_ocgt,MW,nem,NSW1
2017-10-04 04:25:00,0.0,gas_ocgt,MW,nem,NSW1
2017-10-04 04:30:00,0.0,gas_ocgt,MW,nem,NSW1
2017-10-04 04:35:00,0.0,gas_ocgt,MW,nem,NSW1
2017-10-04 04:40:00,0.0,gas_ocgt,MW,nem,NSW1
2017-10-04 04:45:00,0.0,gas_ocgt,MW,nem,NSW1
2017-10-04 04:50:00,0.0,gas_ocgt,MW,nem,NSW1
2017-10-04 04:55:00,0.0,gas_ocgt,MW,nem,NSW1
2017-10-04 05:00:00,0.0,gas_ocgt,MW,nem,NSW1
2017-10-04 05:05:00,0.0,gas_ocgt,MW,nem,NSW1
2017-10-04 05:10:00,0.0,gas_ocgt,MW,nem,NSW1
2017-10-04 05:15:00,0.0,gas_ocgt,MW,nem,NSW1
2017-10-04 05:20:00,0.0,gas_ocgt,MW,nem,NSW1
2017-10-04 05:25:00,0.0,gas_ocgt,MW,nem,NSW1
2017-10-04 05:30:00,0.0,gas_ocgt,MW,nem,NSW1
2017-10-04 05:35:00,0.0,gas_ocgt,MW,nem,NSW1
2017-10-04 05:40:00,0.0,gas_ocgt,MW,nem,NSW1
2017-10-04 05:45:00,0.0,gas_ocgt,MW,nem,NSW1
2017-10-04 05:50:00,0.0,gas_ocgt,MW,nem,NSW1
2017-10-04 05:55:00,0.0,gas_ocgt,MW,nem,NSW1
2017-10-04 06:00:00,0.0,gas_ocgt,MW,nem,NSW1
2017-10-04 06:05:00,0.0,gas_ocgt,MW,nem,NSW1
2017-10-04 06:10:00,0.0,gas_ocgt,MW,nem,NSW1
2017-10-04 06:15:00,0.0,gas_ocgt,MW,nem,NSW1
2017-10-04 06:20:00,0.0,gas_ocgt,MW,nem,NSW1
2017-10-04 06:25:00,0.0,gas_ocgt,MW,nem,NSW1
2017-10-04 06:30:00,0.0,gas_ocgt,MW,nem,NSW1
2017-10-04 06:35:00,0.0,gas_ocgt,MW,nem,NSW1
2017-10-04 06:40:00,0.0,gas_ocgt,MW,nem,NSW1
2017-10-04 06:45:00,0.0,gas_ocgt,MW,nem,NSW1
2017-10-04 06:50:00,0.0,gas_ocgt,MW,nem,NSW1
2017-10-04 06:55:00,0.0,gas_ocgt,MW,nem,NSW1
2017-10-04 07:00:00,0.0,gas_ocgt,MW,nem,NSW1
2017-10-04 07:05:00,0.0,gas_ocgt,MW,nem,NSW1
2017-10-04 07:10:00,0.0,gas_ocgt,MW,nem,NSW1
2017-10-04 07:15:00,0.0,gas_ocgt,MW,nem,NSW1
2017-10-04 07:20:00,0.0,gas_ocgt,MW,nem,NSW1
2017-10-04 07:25:00,0.0,gas_ocgt,MW,nem,NSW1
2017-10-04 07:30:00,0.0,gas_ocgt,MW,nem,NSW1
2017-10-04 07:35:00,0.0,gas_ocgt,MW,nem,NSW1
2017-10-04 07:40:00,0.0,gas_ocgt,MW,nem,NSW1
2017-10-04 07:45:00,0.0,gas_ocgt,MW,nem,NSW1
2017-10-04 07:50:00,0.0,gas_ocgt,MW,nem,NSW1
2017-10-04 07:55:00,0.0,gas_ocgt,MW,nem,NSW1
2017-10-04 08:00:00,0.0,gas_ocgt,MW,nem,NSW1
2017-10-04 08:05:00,0.0,gas_ocgt,MW,nem,NSW1
2017-10-04 08:10:00,0.0,gas_ocgt,MW,nem,NSW1
2017-10-04 08:15:00,0.0,gas_ocgt,MW,nem,NSW1
2017-10-04 08:20:00,0.0,gas_ocgt,MW,nem,NSW1
2017-10-04 08:25:00,0.0,gas_ocgt,MW,nem,NSW1
2017-10-04 08:30:00,0.0,gas_ocgt,MW,nem,NSW1
2017-10-04 08:35:00,0.0,gas_ocgt,MW,nem,NSW1
2017-10-04 08:40:00,0.0,gas_ocgt,MW,nem,NSW1
2017-10-04 08:45:00,0.0,gas_ocgt,MW,nem,NSW1
2017-10-04 08:50:00,0.0,gas_ocgt,MW,nem,NSW1
2017-10-04 08:55:00,0.0,gas_ocgt,MW,nem,NSW1
2017-10-04 09:00:00,0.0,gas_ocgt,MW,nem,NSW1
2017-10-04 09:05:00,0.0,gas_ocgt,MW,nem,NSW1
2017-10-04 09:10:00,0.0,gas_ocgt,MW,nem,NSW1
2017-10-04 09:15:00,0.0,gas_ocgt,MW,nem,NSW1
2017-10-04 09:20:00,0.0,gas_ocgt,MW,nem,NSW1
2017-10-04 09:25:00,0.0,gas_ocgt,MW,nem,NSW1
2017-10-04 09:30:00,0.0,gas_ocgt,MW,nem,NSW1
2017-10-04 09:35:00,0.0,gas_ocgt,MW,nem,NSW1
2017-10-04 09:40:00,0.0,gas_ocgt,MW,nem,NSW1
2017-10-04 09:45:00,0.0,gas_ocgt,MW,nem,NSW1
2017-10-04 09:50:00,0.0,gas_ocgt,MW,nem,NSW1
2017-10-04 09:55:00,0.0,gas_ocgt,MW,nem,NSW1
2017-10-04 10:00:00,0.0,gas_ocgt,MW,nem,NSW1
2017-10-04 10:05:00,0.0,gas_ocgt,MW,nem,NSW1
2017-10-04 10:10:00,0.0,gas_ocgt,MW,nem,NSW1
2017-10-04 10:15:00,0.0,gas_ocgt,MW,nem,NSW1
2017-10-04 10:20:00,0.0,gas_ocgt,MW,nem,NSW1
2017-10-04 10:25:00,0.0,gas_ocgt,MW,nem,NSW1
2017-10-04 10:30:00,0.0,gas_ocgt,MW,nem,NSW1
2017-10-04 10:35:00,0.0,gas_ocgt,MW,nem,NSW1
2017-10-04 10:40:00,0.0,gas_ocgt,MW,nem,NSW1
2017-10-04 10:45:00,0.0,gas_ocgt,MW,nem,NSW1
2017-10-04 10:50:00,0.0,gas_ocgt,MW,nem,NSW1
2017-10-04 10:55:00,0.0,gas_ocgt,MW,nem,NSW1
2017-10-04 11:00:00,0.0,gas_ocgt,MW,nem,NSW1
2017-10-04 11:05:00,0.0,gas_ocgt,MW,nem,NSW1
2017-10-04 11:10:00,0.0,gas_ocgt,MW,nem,NSW1
2017-10-04 11:15:00,0.0,gas_ocgt,MW,nem,NSW1
2017-10-04 11:20:00,0.0,gas_ocgt,MW,nem,NSW1
2017-10-04 11:25:00,0.0,gas_ocgt,MW,nem,NSW1
2017-10-04 11:30:00,0.0,gas_ocgt,MW,nem,NSW1
2017-10-04 11:35:00,0.0,gas_ocgt,MW,nem,NSW1
2017-10-04 11:40:00,0.0,gas_ocgt,MW,nem,NSW1
2017-10-04 11:45:00,0.0,gas_ocgt,MW,nem,NSW1
2017-10-04 11:50:00,0.0,gas_ocgt,MW,nem,NSW1
2017-10-04 11:55:00,0.0,gas_ocgt,MW,nem,NSW1
2017-10-04 12:00:00,0.0,gas_ocgt,MW,nem,NSW1
2017-10-04 12:05:00,0.0,gas_ocgt,MW,nem,NSW1
2017-10-04 12:10:00,0.0,gas_ocgt,MW,nem,NSW1
2017-10-04 12:15:00,0.0,gas_ocgt,MW,nem,NSW1
2017-10-04 12:20:00,0.0,gas_ocgt,MW,nem,NSW1
2017-10-04 12:25:00,0.0,gas_ocgt,MW,nem,NSW1
2017-10-04 12:30:00,0.0,gas_ocgt,MW,nem,NSW1
2017-10-04 12:35:00,0.0,gas_ocgt,MW,nem,NSW1
2017-10-04 12:40:00,0.0,gas_ocgt,MW,nem,NSW1
2017-10-04 12:45:00,0.0,gas_ocgt,MW,nem,NSW1
2017-10-04 12:50:00,0.0,gas_ocgt,MW,nem,NSW1
2017-10-04 12:55:00,0.0,gas_ocgt,MW,nem,NSW1
2017-10-04 13:00:00,0.0,gas_ocgt,MW,nem,NSW1
2017-10-04 13:05:00,0.0,gas_ocgt,MW,nem,NSW1
2017-10-04 13:10:00,0.0,gas_ocgt,MW,nem,NSW1
2017-10-04 13:15:00,0.0,gas_ocgt,MW,nem,NSW1
2017-10-04 13:20:00,0.0,gas_ocgt,MW,nem,NSW1
2017-10-04 13:25:00,0.0,gas_ocgt,MW,nem,NSW1
2017-10-04 13:30:00,0.0,gas_ocgt,MW,nem,NSW1
2017-10-04 13:35:00,0.0,gas_ocgt,MW,nem,NSW1
2017-10-04 13:40:00,0.0,gas_ocgt,MW,nem,NSW1
2017-10-04 13:45:00,0.0,gas_ocgt,MW,nem,NSW1
2017-10-04 13:50:00,0.0,gas_ocgt,MW,nem,NSW1
2017-10-04 13:55:00,0.0,gas_ocgt,MW,nem,NSW1
2017-10-04 14:00:00,0.0,gas_ocgt,MW,nem,NSW1
2017-10-04 14:05:00,0.0,gas_ocgt,MW,nem,NSW1
2017-10-04 14:10:00,0.0,gas_ocgt,MW,nem,NSW1
2017-10-04 14:15:00,0.0,gas_ocgt,MW,nem,NSW1
2017-10-04 14:20:00,0.0,gas_ocgt,MW,nem,NSW1
2017-10-04 14:25:00,0.0,gas_ocgt,MW,nem,NSW1
2017-10-04 14:30:00,0.0,gas_ocgt,MW,nem,NSW1
2017-10-04 14:35:00,0.0,gas_ocgt,MW,nem,NSW1
2017-10-04 14:40:00,0.0,gas_ocgt,MW,nem,NSW1
2017-10-04 14:45:00,0.0,gas_ocgt,MW,nem,NSW1
2017-10-04 14:50:00,0.0,gas_ocgt,MW,nem,NSW1
2017-10-04 14:55:00,0.0,gas_ocgt,MW,nem,NSW1
2017-10-04 15:00:00,0.0,gas_ocgt,MW,nem,NSW1
2017-10-04 15:05:00,0.0,gas_ocgt,MW,nem,NSW1
2017-10-04 15:10:00,0.0,gas_ocgt,MW,nem,NSW1
2017-10-04 15:15:00,0.0,gas_ocgt,MW,nem,NSW1
2017-10-04 15:20:00,0.0,gas_ocgt,MW,nem,NSW1
2017-10-04 15:25:00,0.0,gas_ocgt,MW,nem,NSW1
2017-10-04 15:30:00,0.0,gas_ocgt,MW,nem,NSW1
2017-10-04 15:35:00,0.0,gas_ocgt,MW,nem,NSW1
2017-10-04 15:40:00,0.0,gas_ocgt,MW,nem,NSW1
2017-10-04 15:45:00,0.0,gas_ocgt,MW,nem,NSW1
2017-10-04 15:50:00,0.0,gas_ocgt,MW,nem,NSW1
2017-10-04 15:55:00,0.0,gas_ocgt,MW,nem,NSW1
2017-10-04 16:00:00,0.0,gas_ocgt,MW,nem,NSW1
2017-10-04 16:05:00,0.0,gas_ocgt,MW,nem,NSW1
2017-10-04 16:10:00,0.0,gas_ocgt,MW,nem,NSW1
2017-10-04 16:15:00,0.0,gas_ocgt,MW,nem,NSW1
2017-10-04 16:20:00,0.0,gas_ocgt,MW,nem,NSW1
2017-10-04 16:25:00,0.0,gas_ocgt,MW,nem,NSW1
2017-10-04 16:30:00,0.0,gas_ocgt,MW,nem,NSW1
2017-10-04 16:35:00,0.0,gas_ocgt,MW,nem,NSW1
2017-10-04 16:40:00,0.0,gas_ocgt,MW,nem,NSW1
2017-10-04 16:45:00,0.0,gas_ocgt,MW,nem,NSW1
2017-10-04 16:50:00,0.0,gas_ocgt,MW,nem,NSW1
2017-10-04 16:55:00,0.0,gas_ocgt,MW,nem,NSW1
2017-10-04 17:00:00,0.0,gas_ocgt,MW,nem,NSW1
2017-10-04 17:05:00,0.0,gas_ocgt,MW,nem,NSW1
2017-10-04 17:10:00,0.0,gas_ocgt,MW,nem,NSW1
2017-10-04 17:15:00,0.0,gas_ocgt,MW,nem,NSW1
2017-10-04 17:20:00,0.0,gas_ocgt,MW,nem,NSW1
2017-10-04 17:25:00,0.0,gas_ocgt,MW,nem,NSW1
2017-10-04 17:30:00,0.0,gas_ocgt,MW,nem,NSW1
2017-10-04 17:35:00,0.0,gas_ocgt,MW,nem,NSW1
2017-10-04 17:40:00,0.0,gas_ocgt,MW,nem,NSW1
2017-10-04 17:45:00,0.0,gas_ocgt,MW,nem,NSW1
2017-10-04 17:50:00,0.0,gas_ocgt,MW,nem,NSW1
2017-10-04 17:55:00,0.0,gas_ocgt,MW,nem,NSW1
2017-10-04 18:00:00,0.0,gas_ocgt,MW,nem,NSW1
2017-10-04 18:05:00,0.0,gas_ocgt,MW,nem,NSW1
2017-10-04 18:10:00,0.0,gas_ocgt,MW,nem,NSW1
2017-10-04 18:15:00,0.0,gas_ocgt,MW,nem,NSW1
2017-10-04 18:20:00,0.0,gas_ocgt,MW,nem,NSW1
2017-10-04 18:25:00,0.0,gas_ocgt,MW,nem,NSW1
2017-10-04 18:30:00,0.0,gas_ocgt,MW,nem,NSW1
2017-10-04 18:35:00,0.0,gas_ocgt,MW,nem,NSW1
2017-10-04 18:40:00,0.0,gas_ocgt,MW,nem,NSW1
2017-10-04 18:45:00,0.0,gas_ocgt,MW,nem,NSW1
2017-10-04 18:50:00,0.0,gas_ocgt,MW,nem,NSW1
2017-10-04 18:55:00,0.0,gas_ocgt,MW,nem,NSW1
2017-10-04 19:00:00,0.0,gas_ocgt,MW,nem,NSW1
2017-10-04 19:05:00,0.0,gas_ocgt,MW,nem,NSW1
2017-10-04 19:10:00,0.0,gas_ocgt,MW,nem,NSW1
2017-10-04 19:15:00,0.0,gas_ocgt,MW,nem,NSW1
2017-10-04 19:20:00,0.0,gas_ocgt,MW,nem,NSW1
2017-10-04 19:25:00,0.0,gas_ocgt,MW,nem,NSW1
2017-10-04 19:30:00,0.0,gas_ocgt,MW,nem,NSW1
2017-10-04 19:35:00,0.0,gas_ocgt,MW,nem,NSW1
2017-10-04 19:40:00,0.0,gas_ocgt,MW,nem,NSW1
2017-10-04 19:45:00,0.0,gas_ocgt,MW,nem,NSW1
2017-10-04 19:50:00,0.0,gas_ocgt,MW,nem,NSW1
2017-10-04 19:55:00,0.0,gas_ocgt,MW,nem,NSW1
2017-10-04 20:00:00,0.0,gas_ocgt,MW,nem,NSW1
2017-10-04 20:05:00,0.0,gas_ocgt,MW,nem,NSW1
2017-10-04 20:10:00,0.0,gas_ocgt,MW,nem,NSW1
2017-10-04 20:15:00,0.0,gas_ocgt,MW,nem,NSW1
2017-10-04 20:20:00,0.0,gas_ocgt,MW,nem,NSW1
2017-10-04 20:25:00,0.0,gas_ocgt,MW,nem,NSW1
2017-10-04 20:30:00,0.0,gas_ocgt,MW,nem,NSW1
2017-10-04 20:35:00,0.0,gas_ocgt,MW,nem,NSW1
2017-10-04 20:40:00,0.0,gas_ocgt,MW,nem,NSW1
2017-10-04 20:45:00,0.0,gas_ocgt,MW,nem,NSW1
2017-10-04 20:50:00,0.0,gas_ocgt,MW,nem,NSW1
2017-10-04 20:55:00,0.0,gas_ocgt,MW,nem,NSW1
2017-10-04 21:00:00,0.0,gas_ocgt,MW,nem,NSW1
2017-10-04 21:05:00,0.0,gas_ocgt,MW,nem,NSW1
2017-10-04 21:10:00,0.0,gas_ocgt,MW,nem,NSW1
2017-10-04 21:15:00,0.0,gas_ocgt,MW,nem,NSW1
2017-10-04 21:20:00,0.0,gas_ocgt,MW,nem,NSW1
2017-10-04 21:25:00,0.0,gas_ocgt,MW,nem,NSW1
2017-10-04 21:30:00,0.0,gas_ocgt,MW,nem,NSW1
2017-10-04 21:35:00,0.0,gas_ocgt,MW,nem,NSW1
2017-10-04 21:40:00,0.0,gas_ocgt,MW,nem,NSW1
2017-10-04 21:45:00,0.0,gas_ocgt,MW,nem,NSW1
2017-10-04 21:50:00,0.0,gas_ocgt,MW,nem,NSW1
2017-10-04 21:55:00,0.0,gas_ocgt,MW,nem,NSW1
2017-10-04 22:00:00,0.0,gas_ocgt,MW,nem,NSW1
2017-10-04 22:05:00,0.0,gas_ocgt,MW,nem,NSW1
2017-10-04 22:10:00,0.0,gas_ocgt,MW,nem,NSW1
2017-10-04 22:15:00,0.0,gas_ocgt,MW,nem,NSW1
2017-10-04 22:20:00,0.0,gas_ocgt,MW,nem,NSW1
2017-10-04 22:25:00,0.0,gas_ocgt,MW,nem,NSW1
2017-10-04 22:30:00,0.0,gas_ocgt,MW,nem,NSW1
2017-10-04 22:35:00,0.0,gas_ocgt,MW,nem,NSW1
2017-10-04 22:40:00,0.0,gas_ocgt,MW,nem,NSW1
2017-10-04 22:45:00,0.0,gas_ocgt,MW,nem,NSW1
2017-10-04 22:50:00,0.0,gas_ocgt,MW,nem,NSW1
2017-10-04 22:55:00,0.0,gas_ocgt,MW,nem,NSW1
2017-10-04 23:00:00,0.0,gas_ocgt,MW,nem,NSW1
2017-10-04 23:05:00,0.0,gas_ocgt,MW,nem,NSW1
2017-10-04 23:10:00,0.0,gas_ocgt,MW,nem,NSW1
2017-10-04 23:15:00,0.0,gas_ocgt,MW,nem,NSW1
2017-10-04 23:20:00,0.0,gas_ocgt,MW,nem,NSW1
2017-10-04 23:25:00,0.0,gas_ocgt,MW,nem,NSW1
2017-10-04 23:30:00,0.0,gas_ocgt,MW,nem,NSW1
2017-10-04 23:35:00,0.0,gas_ocgt,MW,nem,NSW1
2017-10-04 23:40:00,0.0,gas_ocgt,MW,nem,NSW1
2017-10-04 23:45:00,0.0,gas_ocgt,MW,nem,NSW1
2017-10-04 23:50:00,0.0,gas_ocgt,MW,nem,NSW1
2017-10-04 23:55:00,0.0,gas_ocgt,MW,nem,NSW1
2017-10-05 00:00:00,0.0,gas_ocgt,MW,nem,NSW1
2017-10-05 00:05:00,0.0,gas_ocgt,MW,nem,NSW1
2017-10-05 00:10:00,0.0,gas_ocgt,MW,nem,NSW1
2017-10-05 00:15:00,0.0,gas_ocgt,MW,nem,NSW1
2017-10-05 00:20:00,0.0,gas_ocgt,MW,nem,NSW1
2017-10-05 00:25:00,0.0,gas_ocgt,MW,nem,NSW1
2017-10-05 00:30:00,0.0,gas_ocgt,MW,nem,NSW1
2017-10-05 00:35:00,0.0,gas_ocgt,MW,nem,NSW1
2017-10-05 00:40:00,0.0,gas_ocgt,MW,nem,NSW1
2017-10-05 00:45:00,0.0,gas_ocgt,MW,nem,NSW1
2017-10-05 00:50:00,0.0,gas_ocgt,MW,nem,NSW1
2017-10-05 00:55:00,0.0,gas_ocgt,MW,nem,NSW1
2017-10-05 01:00:00,0.0,gas_ocgt,MW,nem,NSW1
2017-10-05 01:05:00,0.0,gas_ocgt,MW,nem,NSW1
2017-10-05 01:10:00,0.0,gas_ocgt,MW,nem,NSW1
2017-10-05 01:15:00,0.0,gas_ocgt,MW,nem,NSW1
2017-10-05 01:20:00,0.0,gas_ocgt,MW,nem,NSW1
2017-10-05 01:25:00,0.0,gas_ocgt,MW,nem,NSW1
2017-10-05 01:30:00,0.0,gas_ocgt,MW,nem,NSW1
2017-10-05 01:35:00,0.0,gas_ocgt,MW,nem,NSW1
2017-10-05 01:40:00,0.0,gas_ocgt,MW,nem,NSW1
2017-10-05 01:45:00,0.0,gas_ocgt,MW,nem,NSW1
2017-10-05 01:50:00,0.0,gas_ocgt,MW,nem,NSW1
2017-10-05 01:55:00,0.0,gas_ocgt,MW,nem,NSW1
2017-10-05 02:00:00,0.0,gas_ocgt,MW,nem,NSW1
2017-10-05 02:05:00,0.0,gas_ocgt,MW,nem,NSW1
2017-10-05 02:10:00,0.0,gas_ocgt,MW,nem,NSW1
2017-10-05 02:15:00,0.0,gas_ocgt,MW,nem,NSW1
2017-10-05 02:20:00,0.0,gas_ocgt,MW,nem,NSW1
2017-10-05 02:25:00,0.0,gas_ocgt,MW,nem,NSW1
2017-10-05 02:30:00,0.0,gas_ocgt,MW,nem,NSW1
2017-10-05 02:35:00,0.0,gas_ocgt,MW,nem,NSW1
2017-10-05 02:40:00,0.0,gas_ocgt,MW,nem,NSW1
2017-10-05 02:45:00,0.0,gas_ocgt,MW,nem,NSW1
2017-10-05 02:50:00,0.0,gas_ocgt,MW,nem,NSW1
2017-10-05 02:55:00,0.0,gas_ocgt,MW,nem,NSW1
2017-10-05 03:00:00,0.0,gas_ocgt,MW,nem,NSW1
2017-10-05 03:05:00,0.0,gas_ocgt,MW,nem,NSW1
2017-10-05 03:10:00,0.0,gas_ocgt,MW,nem,NSW1
2017-10-05 03:15:00,0.0,gas_ocgt,MW,nem,NSW1
2017-10-05 03:20:00,0.0,gas_ocgt,MW,nem,NSW1
2017-10-05 03:25:00,0.0,gas_ocgt,MW,nem,NSW1
2017-10-05 03:30:00,0.0,gas_ocgt,MW,nem,NSW1
2017-10-05 03:35:00,0.0,gas_ocgt,MW,nem,NSW1
2017-10-05 03:40:00,0.0,gas_ocgt,MW,nem,NSW1
2017-10-05 03:45:00,0.0,gas_ocgt,MW,nem,NSW1
2017-10-05 03:50:00,0.0,gas_ocgt,MW,nem,NSW1
2017-10-05 03:55:00,0.0,gas_ocgt,MW,nem,NSW1
2017-10-05 04:00:00,0.0,gas_ocgt,MW,nem,NSW1
2017-10-05 04:05:00,0.0,gas_ocgt,MW,nem,NSW1
2017-10-05 04:10:00,0.0,gas_ocgt,MW,nem,NSW1
2017-10-05 04:15:00,0.0,gas_ocgt,MW,nem,NSW1
2017-10-05 04:20:00,0.0,gas_ocgt,MW,nem,NSW1
2017-10-05 04:25:00,0.0,gas_ocgt,MW,nem,NSW1
2017-10-05 04:30:00,0.0,gas_ocgt,MW,nem,NSW1
2017-10-05 04:35:00,0.0,gas_ocgt,MW,nem,NSW1
2017-10-05 04:40:00,0.0,gas_ocgt,MW,nem,NSW1
2017-10-05 04:45:00,0.0,gas_ocgt,MW,nem,NSW1
2017-10-05 04:50:00,0.0,gas_ocgt,MW,nem,NSW1
2017-10-05 04:55:00,0.0,gas_ocgt,MW,nem,NSW1
2017-10-05 05:00:00,0.0,gas_ocgt,MW,nem,NSW1
2017-10-05 05:05:00,0.0,gas_ocgt,MW,nem,NSW1
2017-10-05 05:10:00,0.0,gas_ocgt,MW,nem,NSW1
2017-10-05 05:15:00,0.0,gas_ocgt,MW,nem,NSW1
2017-10-05 05:20:00,0.0,gas_ocgt,MW,nem,NSW1
2017-10-05 05:25:00,0.0,gas_ocgt,MW,nem,NSW1
2017-10-05 05:30:00,0.0,gas_ocgt,MW,nem,NSW1
2017-10-05 05:35:00,0.0,gas_ocgt,MW,nem,NSW1
2017-10-05 05:40:00,0.0,gas_ocgt,MW,nem,NSW1
2017-10-05 05:45:00,0.0,gas_ocgt,MW,nem,NSW1
2017-10-05 05:50:00,0.0,gas_ocgt,MW,nem,NSW1
2017-10-05 05:55:00,0.0,gas_ocgt,MW,nem,NSW1
2017-10-05 06:00:00,0.0,gas_ocgt,MW,nem,NSW1
2017-10-05 06:05:00,0.0,gas_ocgt,MW,nem,NSW1
2017-10-05 06:10:00,0.0,gas_ocgt,MW,nem,NSW1
2017-10-05 06:15:00,0.0,gas_ocgt,MW,nem,NSW1
2017-10-05 06:20:00,0.0,gas_ocgt,MW,nem,NSW1
2017-10-05 06:25:00,0.0,gas_ocgt,MW,nem,NSW1
2017-10-05 06:30:00,0.0,gas_ocgt,MW,nem,NSW1
2017-10-05 06:35:00,0.0,gas_ocgt,MW,nem,NSW1
2017-10-05 06:40:00,0.0,gas_ocgt,MW,nem,NSW1
2017-10-05 06:45:00,0.0,gas_ocgt,MW,nem,NSW1
2017-10-05 06:50:00,0.0,gas_ocgt,MW,nem,NSW1
2017-10-05 06:55:00,0.0,gas_ocgt,MW,nem,NSW1
2017-10-05 07:00:00,0.0,gas_ocgt,MW,nem,NSW1
2017-10-05 07:05:00,0.0,gas_ocgt,MW,nem,NSW1
2017-10-05 07:10:00,0.0,gas_ocgt,MW,nem,NSW1
2017-10-05 07:15:00,0.0,gas_ocgt,MW,nem,NSW1
2017-10-05 07:20:00,0.0,gas_ocgt,MW,nem,NSW1
2017-10-05 07:25:00,0.0,gas_ocgt,MW,nem,NSW1
2017-10-05 07:30:00,0.0,gas_ocgt,MW,nem,NSW1
2017-10-05 07:35:00,0.0,gas_ocgt,MW,nem,NSW1
2017-10-05 07:40:00,0.0,gas_ocgt,MW,nem,NSW1
2017-10-05 07:45:00,0.0,gas_ocgt,MW,nem,NSW1
2017-10-05 07:50:00,0.0,gas_ocgt,MW,nem,NSW1
2017-10-05 07:55:00,0.0,gas_ocgt,MW,nem,NSW1
2017-10-05 08:00:00,0.0,gas_ocgt,MW,nem,NSW1
2017-10-05 08:05:00,0.0,gas_ocgt,MW,nem,NSW1
2017-10-05 08:10:00,0.0,gas_ocgt,MW,nem,NSW1
2017-10-05 08:15:00,0.0,gas_ocgt,MW,nem,NSW1
2017-10-05 08:20:00,0.0,gas_ocgt,MW,nem,NSW1
2017-10-05 08:25:00,0.0,gas_ocgt,MW,nem,NSW1
2017-10-05 08:30:00,0.0,gas_ocgt,MW,nem,NSW1
2017-10-05 08:35:00,0.0,gas_ocgt,MW,nem,NSW1
2017-10-05 08:40:00,0.0,gas_ocgt,MW,nem,NSW1
2017-10-05 08:45:00,0.0,gas_ocgt,MW,nem,NSW1
2017-10-05 08:50:00,0.0,gas_ocgt,MW,nem,NSW1
2017-10-05 08:55:00,0.0,gas_ocgt,MW,nem,NSW1
2017-10-05 09:00:00,0.0,gas_ocgt,MW,nem,NSW1
2017-10-05 09:05:00,0.0,gas_ocgt,MW,nem,NSW1
2017-10-05 09:10:00,0.0,gas_ocgt,MW,nem,NSW1
2017-10-05 09:15:00,0.0,gas_ocgt,MW,nem,NSW1
2017-10-05 09:20:00,0.0,gas_ocgt,MW,nem,NSW1
2017-10-05 09:25:00,0.0,gas_ocgt,MW,nem,NSW1
2017-10-05 09:30:00,0.0,gas_ocgt,MW,nem,NSW1
2017-10-05 09:35:00,0.0,gas_ocgt,MW,nem,NSW1
2017-10-05 09:40:00,0.0,gas_ocgt,MW,nem,NSW1
2017-10-05 09:45:00,0.0,gas_ocgt,MW,nem,NSW1
2017-10-05 09:50:00,0.0,gas_ocgt,MW,nem,NSW1
2017-10-05 09:55:00,0.0,gas_ocgt,MW,nem,NSW1
2017-10-05 10:00:00,0.0,gas_ocgt,MW,nem,NSW1
2017-10-05 10:05:00,0.0,gas_ocgt,MW,nem,NSW1
2017-10-05 10:10:00,0.0,gas_ocgt,MW,nem,NSW1
2017-10-05 10:15:00,0.0,gas_ocgt,MW,nem,NSW1
2017-10-05 10:20:00,0.0,gas_ocgt,MW,nem,NSW1
2017-10-05 10:25:00,0.0,gas_ocgt,MW,nem,NSW1
2017-10-05 10:30:00,0.0,gas_ocgt,MW,nem,NSW1
2017-10-05 10:35:00,0.0,gas_ocgt,MW,nem,NSW1
2017-10-05 10:40:00,0.0,gas_ocgt,MW,nem,NSW1
2017-10-05 10:45:00,0.0,gas_ocgt,MW,nem,NSW1
2017-10-05 10:50:00,0.0,gas_ocgt,MW,nem,NSW1
2017-10-05 10:55:00,0.0,gas_ocgt,MW,nem,NSW1
2017-10-05 11:00:00,0.0,gas_ocgt,MW,nem,NSW1
2017-10-05 11:05:00,0.0,gas_ocgt,MW,nem,NSW1
2017-10-05 11:10:00,0.0,gas_ocgt,MW,nem,NSW1
2017-10-05 11:15:00,0.0,gas_ocgt,MW,nem,NSW1
2017-10-05 11:20:00,0.0,gas_ocgt,MW,nem,NSW1
2017-10-05 11:25:00,0.0,gas_ocgt,MW,nem,NSW1
2017-10-05 11:30:00,0.0,gas_ocgt,MW,nem,NSW1
2017-10-05 11:35:00,0.0,gas_ocgt,MW,nem,NSW1
2017-10-05 11:40:00,0.0,gas_ocgt,MW,nem,NSW1
2017-10-05 11:45:00,0.0,gas_ocgt,MW,nem,NSW1
2017-10-05 11:50:00,0.0,gas_ocgt,MW,nem,NSW1
2017-10-05 11:55:00,0.0,gas_ocgt,MW,nem,NSW1
2017-10-05 12:00:00,0.0,gas_ocgt,MW,nem,NSW1
2017-10-05 12:05:00,0.0,gas_ocgt,MW,nem,NSW1
2017-10-05 12:10:00,0.0,gas_ocgt,MW,nem,NSW1
2017-10-05 12:15:00,0.0,gas_ocgt,MW,nem,NSW1
2017-10-05 12:20:00,0.0,gas_ocgt,MW,nem,NSW1
2017-10-05 12:25:00,0.0,gas_ocgt,MW,nem,NSW1
2017-10-05 12:30:00,0.0,gas_ocgt,MW,nem,NSW1
2017-10-05 12:35:00,0.0,gas_ocgt,MW,nem,NSW1
2017-10-05 12:40:00,0.0,gas_ocgt,MW,nem,NSW1
2017-10-05 12:45:00,0.0,gas_ocgt,MW,nem,NSW1
2017-10-05 12:50:00,0.0,gas_ocgt,MW,nem,NSW1
2017-10-05 12:55:00,0.0,gas_ocgt,MW,nem,NSW1
2017-10-05 13:00:00,0.0,gas_ocgt,MW,nem,NSW1
2017-10-05 13:05:00,0.0,gas_ocgt,MW,nem,NSW1
2017-10-05 13:10:00,0.0,gas_ocgt,MW,nem,NSW1
2017-10-05 13:15:00,0.0,gas_ocgt,MW,nem,NSW1
2017-10-05 13:20:00,0.0,gas_ocgt,MW,nem,NSW1
2017-10-05 13:25:00,0.0,gas_ocgt,MW,nem,NSW1
2017-10-05 13:30:00,0.0,gas_ocgt,MW,nem,NSW1
2017-10-05 13:35:00,0.0,gas_ocgt,MW,nem,NSW1
2017-10-05 13:40:00,0.0,gas_ocgt,MW,nem,NSW1
2017-10-05 13:45:00,0.0,gas_ocgt,MW,nem,NSW1
2017-10-05 13:50:00,0.0,gas_ocgt,MW,nem,NSW1
2017-10-05 13:55:00,0.0,gas_ocgt,MW,nem,NSW1
2017-10-05 14:00:00,0.0,gas_ocgt,MW,nem,NSW1
2017-10-05 14:05:00,0.0,gas_ocgt,MW,nem,NSW1
2017-10-05 14:10:00,0.0,gas_ocgt,MW,nem,NSW1
2017-10-05 14:15:00,0.0,gas_ocgt,MW,nem,NSW1
2017-10-05 14:20:00,0.0,gas_ocgt,MW,nem,NSW1
2017-10-05 14:25:00,0.0,gas_ocgt,MW,nem,NSW1
2017-10-05 14:30:00,0.0,gas_ocgt,MW,nem,NSW1
2017-10-05 14:35:00,0.0,gas_ocgt,MW,nem,NSW1
2017-10-05 14:40:00,0.0,gas_ocgt,MW,nem,NSW1
2017-10-05 14:45:00,0.0,gas_ocgt,MW,nem,NSW1
2017-10-05 14:50:00,0.0,gas_ocgt,MW,nem,NSW1
2017-10-05 14:55:00,0.0,gas_ocgt,MW,nem,NSW1
2017-10-05 15:00:00,0.0,gas_ocgt,MW,nem,NSW1
2017-10-05 15:05:00,0.0,gas_ocgt,MW,nem,NSW1
2017-10-05 15:10:00,0.0,gas_ocgt,MW,nem,NSW1
2017-10-05 15:15:00,0.0,gas_ocgt,MW,nem,NSW1
2017-10-05 15:20:00,0.0,gas_ocgt,MW,nem,NSW1
2017-10-05 15:25:00,0.0,gas_ocgt,MW,nem,NSW1
2017-10-05 15:30:00,0.0,gas_ocgt,MW,nem,NSW1
2017-10-05 15:35:00,0.0,gas_ocgt,MW,nem,NSW1
2017-10-05 15:40:00,0.0,gas_ocgt,MW,nem,NSW1
2017-10-05 15:45:00,0.0,gas_ocgt,MW,nem,NSW1
2017-10-05 15:50:00,0.0,gas_ocgt,MW,nem,NSW1
2017-10-05 15:55:00,0.0,gas_ocgt,MW,nem,NSW1
2017-10-05 16:00:00,0.0,gas_ocgt,MW,nem,NSW1
2017-10-05 16:05:00,0.0,gas_ocgt,MW,nem,NSW1
2017-10-05 16:10:00,0.0,gas_ocgt,MW,nem,NSW1
2017-10-05 16:15:00,0.0,gas_ocgt,MW,nem,NSW1
2017-10-05 16:20:00,0.0,gas_ocgt,MW,nem,NSW1
2017-10-05 16:25:00,0.0,gas_ocgt,MW,nem,NSW1
2017-10-05 16:30:00,0.0,gas_ocgt,MW,nem,NSW1
2017-10-05 16:35:00,0.0,gas_ocgt,MW,nem,NSW1
2017-10-05 16:40:00,0.0,gas_ocgt,MW,nem,NSW1
2017-10-05 16:45:00,0.0,gas_ocgt,MW,nem,NSW1
2017-10-05 16:50:00,0.0,gas_ocgt,MW,nem,NSW1
2017-10-05 16:55:00,0.0,gas_ocgt,MW,nem,NSW1
2017-10-05 17:00:00,0.0,gas_ocgt,MW,nem,NSW1
2017-10-05 17:05:00,0.0,gas_ocgt,MW,nem,NSW1
2017-10-05 17:10:00,0.0,gas_ocgt,MW,nem,NSW1
2017-10-05 17:15:00,0.0,gas_ocgt,MW,nem,NSW1
2017-10-05 17:20:00,0.0,gas_ocgt,MW,nem,NSW1
2017-10-05 17:25:00,0.0,gas_ocgt,MW,nem,NSW1
2017-10-05 17:30:00,0.0,gas_ocgt,MW,nem,NSW1
2017-10-05 17:35:00,0.0,gas_ocgt,MW,nem,NSW1
2017-10-05 17:40:00,0.0,gas_ocgt,MW,nem,NSW1
2017-10-05 17:45:00,0.0,gas_ocgt,MW,nem,NSW1
2017-10-05 17:50:00,0.0,gas_ocgt,MW,nem,NSW1
2017-10-05 17:55:00,0.0,gas_ocgt,MW,nem,NSW1
2017-10-05 18:00:00,0.0,gas_ocgt,MW,nem,NSW1
2017-10-05 18:05:00,0.0,gas_ocgt,MW,nem,NSW1
2017-10-05 18:10:00,0.0,gas_ocgt,MW,nem,NSW1
2017-10-05 18:15:00,0.0,gas_ocgt,MW,nem,NSW1
2017-10-05 18:20:00,0.0,gas_ocgt,MW,nem,NSW1
2017-10-05 18:25:00,0.0,gas_ocgt,MW,nem,NSW1
2017-10-05 18:30:00,0.0,gas_ocgt,MW,nem,NSW1
2017-10-05 18:35:00,0.0,gas_ocgt,MW,nem,NSW1
2017-10-05 18:40:00,0.0,gas_ocgt,MW,nem,NSW1
2017-10-05 18:45:00,0.0,gas_ocgt,MW,nem,NSW1
2017-10-05 18:50:00,0.0,gas_ocgt,MW,nem,NSW1
2017-10-05 18:55:00,0.0,gas_ocgt,MW,nem,NSW1
2017-10-05 19:00:00,0.0,gas_ocgt,MW,nem,NSW1
2017-10-05 19:05:00,0.0,gas_ocgt,MW,nem,NSW1
2017-10-05 19:10:00,0.0,gas_ocgt,MW,nem,NSW1
2017-10-05 19:15:00,0.0,gas_ocgt,MW,nem,NSW1
2017-10-05 19:20:00,0.0,gas_ocgt,MW,nem,NSW1
2017-10-05 19:25:00,0.0,gas_ocgt,MW,nem,NSW1
2017-10-05 19:30:00,0.0,gas_ocgt,MW,nem,NSW1
2017-10-05 19:35:00,0.0,gas_ocgt,MW,nem,NSW1
2017-10-05 19:40:00,0.0,gas_ocgt,MW,nem,NSW1
2017-10-05 19:45:00,0.0,gas_ocgt,MW,nem,NSW1
2017-10-05 19:50:00,0.0,gas_ocgt,MW,nem,NSW1
2017-10-05 19:55:00,0.0,gas_ocgt,MW,nem,NSW1
2017-10-05 20:00:00,0.0,gas_ocgt,MW,nem,NSW1
2017-10-05 20:05:00,0.0,gas_ocgt,MW,nem,NSW1
2017-10-05 20:10:00,0.0,gas_ocgt,MW,nem,NSW1
2017-10-05 20:15:00,0.0,gas_ocgt,MW,nem,NSW1
2017-10-05 20:20:00,0.0,gas_ocgt,MW,nem,NSW1
2017-10-05 20:25:00,0.0,gas_ocgt,MW,nem,NSW1
2017-10-05 20:30:00,0.0,gas_ocgt,MW,nem,NSW1
2017-10-05 20:35:00,0.0,gas_ocgt,MW,nem,NSW1
2017-10-05 20:40:00,0.0,gas_ocgt,MW,nem,NSW1
2017-10-05 20:45:00,0.0,gas_ocgt,MW,nem,NSW1
2017-10-05 20:50:00,0.0,gas_ocgt,MW,nem,NSW1
2017-10-05 20:55:00,0.0,gas_ocgt,MW,nem,NSW1
2017-10-05 21:00:00,0.0,gas_ocgt,MW,nem,NSW1
2017-10-05 21:05:00,0.0,gas_ocgt,MW,nem,NSW1
2017-10-05 21:10:00,0.0,gas_ocgt,MW,nem,NSW1
2017-10-05 21:15:00,0.0,gas_ocgt,MW,nem,NSW1
2017-10-05 21:20:00,0.0,gas_ocgt,MW,nem,NSW1
2017-10-05 21:25:00,0.0,gas_ocgt,MW,nem,NSW1
2017-10-05 21:30:00,0.0,gas_ocgt,MW,nem,NSW1
2017-10-05 21:35:00,0.0,gas_ocgt,MW,nem,NSW1
2017-10-05 21:40:00,0.0,gas_ocgt,MW,nem,NSW1
2017-10-05 21:45:00,0.0,gas_ocgt,MW,nem,NSW1
2017-10-05 21:50:00,0.0,gas_ocgt,MW,nem,NSW1
2017-10-05 21:55:00,0.0,gas_ocgt,MW,nem,NSW1
2017-10-05 22:00:00,0.0,gas_ocgt,MW,nem,NSW1
2017-10-05 22:05:00,0.0,gas_ocgt,MW,nem,NSW1
2017-10-05 22:10:00,0.0,gas_ocgt,MW,nem,NSW1
2017-10-05 22:15:00,0.0,gas_ocgt,MW,nem,NSW1
2017-10-05 22:20:00,0.0,gas_ocgt,MW,nem,NSW1
2017-10-05 22:25:00,0.0,gas_ocgt,MW,nem,NSW1
2017-10-05 22:30:00,0.0,gas_ocgt,MW,nem,NSW1
2017-10-05 22:35:00,0.0,gas_ocgt,MW,nem,NSW1
2017-10-05 22:40:00,0.0,gas_ocgt,MW,nem,NSW1
2017-10-05 22:45:00,0.0,gas_ocgt,MW,nem,NSW1
2017-10-05 22:50:00,0.0,gas_ocgt,MW,nem,NSW1
2017-10-05 22:55:00,0.0,gas_ocgt,MW,nem,NSW1
2017-10-05 23:00:00,0.0,gas_ocgt,MW,nem,NSW1
2017-10-05 23:05:00,0.0,gas_ocgt,MW,nem,NSW1
2017-10-05 23:10:00,0.0,gas_ocgt,MW,nem,NSW1
2017-10-05 23:15:00,0.0,gas_ocgt,MW,nem,NSW1
2017-10-05 23:20:00,0.0,gas_ocgt,MW,nem,NSW1
2017-10-05 23:25:00,0.0,gas_ocgt,MW,nem,NSW1
2017-10-05 23:30:00,0.0,gas_ocgt,MW,nem,NSW1
2017-10-05 23:35:00,0.0,gas_ocgt,MW,nem,NSW1
2017-10-05 23:40:00,0.0,gas_ocgt,MW,nem,NSW1
2017-10-05 23:45:00,0.0,gas_ocgt,MW,nem,NSW1
2017-10-05 23:50:00,0.0,gas_ocgt,MW,nem,NSW1
2017-10-05 23:55:00,0.0,gas_ocgt,MW,nem,NSW1
2017-10-06 00:00:00,0.0,gas_ocgt,MW,nem,NSW1
2017-10-06 00:05:00,0.0,gas_ocgt,MW,nem,NSW1
2017-10-06 00:10:00,0.0,gas_ocgt,MW,nem,NSW1
2017-10-06 00:15:00,0.0,gas_ocgt,MW,nem,NSW1
2017-10-06 00:20:00,0.0,gas_ocgt,MW,nem,NSW1
2017-10-06 00:25:00,0.0,gas_ocgt,MW,nem,NSW1
2017-10-06 00:30:00,0.0,gas_ocgt,MW,nem,NSW1
2017-10-06 00:35:00,0.0,gas_ocgt,MW,nem,NSW1
2017-10-06 00:40:00,0.0,gas_ocgt,MW,nem,NSW1
2017-10-06 00:45:00,0.0,gas_ocgt,MW,nem,NSW1
2017-10-06 00:50:00,0.0,gas_ocgt,MW,nem,NSW1
2017-10-06 00:55:00,0.0,gas_ocgt,MW,nem,NSW1
2017-10-06 01:00:00,0.0,gas_ocgt,MW,nem,NSW1
2017-10-06 01:05:00,0.0,gas_ocgt,MW,nem,NSW1
2017-10-06 01:10:00,0.0,gas_ocgt,MW,nem,NSW1
2017-10-06 01:15:00,0.0,gas_ocgt,MW,nem,NSW1
2017-10-06 01:20:00,0.0,gas_ocgt,MW,nem,NSW1
2017-10-06 01:25:00,0.0,gas_ocgt,MW,nem,NSW1
2017-10-06 01:30:00,0.0,gas_ocgt,MW,nem,NSW1
2017-10-06 01:35:00,0.0,gas_ocgt,MW,nem,NSW1
2017-10-06 01:40:00,0.0,gas_ocgt,MW,nem,NSW1
2017-10-06 01:45:00,0.0,gas_ocgt,MW,nem,NSW1
2017-10-06 01:50:00,0.0,gas_ocgt,MW,nem,NSW1
2017-10-06 01:55:00,0.0,gas_ocgt,MW,nem,NSW1
2017-10-06 02:00:00,0.0,gas_ocgt,MW,nem,NSW1
2017-10-06 02:05:00,0.0,gas_ocgt,MW,nem,NSW1
2017-10-06 02:10:00,0.0,gas_ocgt,MW,nem,NSW1
2017-10-06 02:15:00,0.0,gas_ocgt,MW,nem,NSW1
2017-10-06 02:20:00,0.0,gas_ocgt,MW,nem,NSW1
2017-10-06 02:25:00,0.0,gas_ocgt,MW,nem,NSW1
2017-10-06 02:30:00,0.0,gas_ocgt,MW,nem,NSW1
2017-10-06 02:35:00,0.0,gas_ocgt,MW,nem,NSW1
2017-10-06 02:40:00,0.0,gas_ocgt,MW,nem,NSW1
2017-10-06 02:45:00,0.0,gas_ocgt,MW,nem,NSW1
2017-10-06 02:50:00,0.0,gas_ocgt,MW,nem,NSW1
2017-10-06 02:55:00,0.0,gas_ocgt,MW,nem,NSW1
2017-10-06 03:00:00,0.0,gas_ocgt,MW,nem,NSW1
2017-10-06 03:05:00,0.0,gas_ocgt,MW,nem,NSW1
2017-10-06 03:10:00,0.0,gas_ocgt,MW,nem,NSW1
2017-10-06 03:15:00,0.0,gas_ocgt,MW,nem,NSW1
2017-10-06 03:20:00,0.0,gas_ocgt,MW,nem,NSW1
2017-10-06 03:25:00,0.0,gas_ocgt,MW,nem,NSW1
2017-10-06 03:30:00,0.0,gas_ocgt,MW,nem,NSW1
2017-10-06 03:35:00,0.0,gas_ocgt,MW,nem,NSW1
2017-10-06 03:40:00,0.0,gas_ocgt,MW,nem,NSW1
2017-10-06 03:45:00,0.0,gas_ocgt,MW,nem,NSW1
2017-10-06 03:50:00,0.0,gas_ocgt,MW,nem,NSW1
2017-10-06 03:55:00,0.0,gas_ocgt,MW,nem,NSW1
2017-10-06 04:00:00,0.0,gas_ocgt,MW,nem,NSW1
2017-10-06 04:05:00,0.0,gas_ocgt,MW,nem,NSW1
2017-10-06 04:10:00,0.0,gas_ocgt,MW,nem,NSW1
2017-10-06 04:15:00,0.0,gas_ocgt,MW,nem,NSW1
2017-10-06 04:20:00,0.0,gas_ocgt,MW,nem,NSW1
2017-10-06 04:25:00,0.0,gas_ocgt,MW,nem,NSW1
2017-10-06 04:30:00,0.0,gas_ocgt,MW,nem,NSW1
2017-10-06 04:35:00,0.0,gas_ocgt,MW,nem,NSW1
2017-10-06 04:40:00,0.0,gas_ocgt,MW,nem,NSW1
2017-10-06 04:45:00,0.0,gas_ocgt,MW,nem,NSW1
2017-10-06 04:50:00,0.0,gas_ocgt,MW,nem,NSW1
2017-10-06 04:55:00,0.0,gas_ocgt,MW,nem,NSW1
2017-10-06 05:00:00,0.0,gas_ocgt,MW,nem,NSW1
2017-10-06 05:05:00,0.0,gas_ocgt,MW,nem,NSW1
2017-10-06 05:10:00,0.0,gas_ocgt,MW,nem,NSW1
2017-10-06 05:15:00,0.0,gas_ocgt,MW,nem,NSW1
2017-10-06 05:20:00,0.0,gas_ocgt,MW,nem,NSW1
2017-10-06 05:25:00,0.0,gas_ocgt,MW,nem,NSW1
2017-10-06 05:30:00,0.0,gas_ocgt,MW,nem,NSW1
2017-10-06 05:35:00,0.0,gas_ocgt,MW,nem,NSW1
2017-10-06 05:40:00,0.0,gas_ocgt,MW,nem,NSW1
2017-10-06 05:45:00,0.0,gas_ocgt,MW,nem,NSW1
2017-10-06 05:50:00,0.0,gas_ocgt,MW,nem,NSW1
2017-10-06 05:55:00,0.0,gas_ocgt,MW,nem,NSW1
2017-10-06 06:00:00,0.0,gas_ocgt,MW,nem,NSW1
2017-10-06 06:05:00,0.0,gas_ocgt,MW,nem,NSW1
2017-10-06 06:10:00,0.0,gas_ocgt,MW,nem,NSW1
2017-10-06 06:15:00,0.0,gas_ocgt,MW,nem,NSW1
2017-10-06 06:20:00,0.0,gas_ocgt,MW,nem,NSW1
2017-10-06 06:25:00,0.0,gas_ocgt,MW,nem,NSW1
2017-10-06 06:30:00,0.0,gas_ocgt,MW,nem,NSW1
2017-10-06 06:35:00,0.0,gas_ocgt,MW,nem,NSW1
2017-10-06 06:40:00,0.0,gas_ocgt,MW,nem,NSW1
2017-10-06 06:45:00,0.0,gas_ocgt,MW,nem,NSW1
2017-10-06 06:50:00,0.0,gas_ocgt,MW,nem,NSW1
2017-10-06 06:55:00,0.0,gas_ocgt,MW,nem,NSW1
2017-10-06 07:00:00,0.0,gas_ocgt,MW,nem,NSW1
2017-10-06 07:05:00,0.0,gas_ocgt,MW,nem,NSW1
2017-10-06 07:10:00,0.0,gas_ocgt,MW,nem,NSW1
2017-10-06 07:15:00,0.0,gas_ocgt,MW,nem,NSW1
2017-10-06 07:20:00,0.0,gas_ocgt,MW,nem,NSW1
2017-10-06 07:25:00,0.0,gas_ocgt,MW,nem,NSW1
2017-10-06 07:30:00,0.0,gas_ocgt,MW,nem,NSW1
2017-10-06 07:35:00,0.0,gas_ocgt,MW,nem,NSW1
2017-10-06 07:40:00,0.0,gas_ocgt,MW,nem,NSW1
2017-10-06 07:45:00,0.0,gas_ocgt,MW,nem,NSW1
2017-10-06 07:50:00,0.0,gas_ocgt,MW,nem,NSW1
2017-10-06 07:55:00,0.0,gas_ocgt,MW,nem,NSW1
2017-10-06 08:00:00,0.0,gas_ocgt,MW,nem,NSW1
2017-10-06 08:05:00,0.0,gas_ocgt,MW,nem,NSW1
2017-10-06 08:10:00,0.0,gas_ocgt,MW,nem,NSW1
2017-10-06 08:15:00,0.0,gas_ocgt,MW,nem,NSW1
2017-10-06 08:20:00,0.0,gas_ocgt,MW,nem,NSW1
2017-10-06 08:25:00,0.0,gas_ocgt,MW,nem,NSW1
2017-10-06 08:30:00,0.0,gas_ocgt,MW,nem,NSW1
2017-10-06 08:35:00,0.0,gas_ocgt,MW,nem,NSW1
2017-10-06 08:40:00,0.0,gas_ocgt,MW,nem,NSW1
2017-10-06 08:45:00,0.0,gas_ocgt,MW,nem,NSW1
2017-10-06 08:50:00,0.0,gas_ocgt,MW,nem,NSW1
2017-10-06 08:55:00,0.0,gas_ocgt,MW,nem,NSW1
2017-10-06 09:00:00,0.0,gas_ocgt,MW,nem,NSW1
2017-10-06 09:05:00,0.0,gas_ocgt,MW,nem,NSW1
2017-10-06 09:10:00,0.0,gas_ocgt,MW,nem,NSW1
2017-10-06 09:15:00,0.0,gas_ocgt,MW,nem,NSW1
2017-10-06 09:20:00,0.0,gas_ocgt,MW,nem,NSW1
2017-10-06 09:25:00,0.0,gas_ocgt,MW,nem,NSW1
2017-10-06 09:30:00,0.0,gas_ocgt,MW,nem,NSW1
2017-10-06 09:35:00,0.0,gas_ocgt,MW,nem,NSW1
2017-10-06 09:40:00,0.0,gas_ocgt,MW,nem,NSW1
2017-10-06 09:45:00,0.0,gas_ocgt,MW,nem,NSW1
2017-10-06 09:50:00,0.0,gas_ocgt,MW,nem,NSW1
2017-10-06 09:55:00,0.0,gas_ocgt,MW,nem,NSW1
2017-10-06 10:00:00,0.0,gas_ocgt,MW,nem,NSW1
2017-10-06 10:05:00,0.0,gas_ocgt,MW,nem,NSW1
2017-10-06 10:10:00,0.0,gas_ocgt,MW,nem,NSW1
2017-10-06 10:15:00,0.0,gas_ocgt,MW,nem,NSW1
2017-10-06 10:20:00,0.0,gas_ocgt,MW,nem,NSW1
2017-10-06 10:25:00,0.0,gas_ocgt,MW,nem,NSW1
2017-10-06 10:30:00,0.0,gas_ocgt,MW,nem,NSW1
2017-10-06 10:35:00,0.0,gas_ocgt,MW,nem,NSW1
2017-10-06 10:40:00,0.0,gas_ocgt,MW,nem,NSW1
2017-10-06 10:45:00,0.0,gas_ocgt,MW,nem,NSW1
2017-10-06 10:50:00,0.0,gas_ocgt,MW,nem,NSW1
2017-10-06 10:55:00,0.0,gas_ocgt,MW,nem,NSW1
2017-10-06 11:00:00,0.0,gas_ocgt,MW,nem,NSW1
2017-10-06 11:05:00,0.0,gas_ocgt,MW,nem,NSW1
2017-10-06 11:10:00,0.0,gas_ocgt,MW,nem,NSW1
2017-10-06 11:15:00,0.0,gas_ocgt,MW,nem,NSW1
2017-10-06 11:20:00,0.0,gas_ocgt,MW,nem,NSW1
2017-10-06 11:25:00,0.0,gas_ocgt,MW,nem,NSW1
2017-10-06 11:30:00,0.0,gas_ocgt,MW,nem,NSW1
2017-10-06 11:35:00,0.0,gas_ocgt,MW,nem,NSW1
2017-10-06 11:40:00,0.0,gas_ocgt,MW,nem,NSW1
2017-10-06 11:45:00,0.0,gas_ocgt,MW,nem,NSW1
2017-10-06 11:50:00,0.0,gas_ocgt,MW,nem,NSW1
2017-10-06 11:55:00,0.0,gas_ocgt,MW,nem,NSW1
2017-10-06 12:00:00,0.0,gas_ocgt,MW,nem,NSW1
2017-10-06 12:05:00,0.0,gas_ocgt,MW,nem,NSW1
2017-10-06 12:10:00,0.0,gas_ocgt,MW,nem,NSW1
2017-10-06 12:15:00,0.0,gas_ocgt,MW,nem,NSW1
2017-10-06 12:20:00,0.0,gas_ocgt,MW,nem,NSW1
2017-10-06 12:25:00,0.0,gas_ocgt,MW,nem,NSW1
2017-10-06 12:30:00,0.0,gas_ocgt,MW,nem,NSW1
2017-10-06 12:35:00,0.0,gas_ocgt,MW,nem,NSW1
2017-10-06 12:40:00,0.0,gas_ocgt,MW,nem,NSW1
2017-10-06 12:45:00,0.0,gas_ocgt,MW,nem,NSW1
2017-10-06 12:50:00,0.0,gas_ocgt,MW,nem,NSW1
2017-10-06 12:55:00,0.0,gas_ocgt,MW,nem,NSW1
2017-10-06 13:00:00,0.0,gas_ocgt,MW,nem,NSW1
2017-10-06 13:05:00,0.0,gas_ocgt,MW,nem,NSW1
2017-10-06 13:10:00,0.0,gas_ocgt,MW,nem,NSW1
2017-10-06 13:15:00,0.0,gas_ocgt,MW,nem,NSW1
2017-10-06 13:20:00,0.0,gas_ocgt,MW,nem,NSW1
2017-10-06 13:25:00,0.0,gas_ocgt,MW,nem,NSW1
2017-10-06 13:30:00,0.0,gas_ocgt,MW,nem,NSW1
2017-10-06 13:35:00,0.0,gas_ocgt,MW,nem,NSW1
2017-10-06 13:40:00,0.0,gas_ocgt,MW,nem,NSW1
2017-10-06 13:45:00,0.0,gas_ocgt,MW,nem,NSW1
2017-10-06 13:50:00,0.0,gas_ocgt,MW,nem,NSW1
2017-10-06 13:55:00,0.0,gas_ocgt,MW,nem,NSW1
2017-10-06 14:00:00,0.0,gas_ocgt,MW,nem,NSW1
2017-10-06 14:05:00,0.0,gas_ocgt,MW,nem,NSW1
2017-10-06 14:10:00,0.0,gas_ocgt,MW,nem,NSW1
2017-10-06 14:15:00,0.0,gas_ocgt,MW,nem,NSW1
2017-10-06 14:20:00,0.0,gas_ocgt,MW,nem,NSW1
2017-10-06 14:25:00,0.0,gas_ocgt,MW,nem,NSW1
2017-10-06 14:30:00,0.0,gas_ocgt,MW,nem,NSW1
2017-10-06 14:35:00,0.0,gas_ocgt,MW,nem,NSW1
2017-10-06 14:40:00,0.0,gas_ocgt,MW,nem,NSW1
2017-10-06 14:45:00,0.0,gas_ocgt,MW,nem,NSW1
2017-10-06 14:50:00,0.0,gas_ocgt,MW,nem,NSW1
2017-10-06 14:55:00,0.0,gas_ocgt,MW,nem,NSW1
2017-10-06 15:00:00,0.0,gas_ocgt,MW,nem,NSW1
2017-10-06 15:05:00,0.0,gas_ocgt,MW,nem,NSW1
2017-10-06 15:10:00,0.0,gas_ocgt,MW,nem,NSW1
2017-10-06 15:15:00,0.0,gas_ocgt,MW,nem,NSW1
2017-10-06 15:20:00,0.0,gas_ocgt,MW,nem,NSW1
2017-10-06 15:25:00,0.0,gas_ocgt,MW,nem,NSW1
2017-10-06 15:30:00,0.0,gas_ocgt,MW,nem,NSW1
2017-10-06 15:35:00,0.0,gas_ocgt,MW,nem,NSW1
2017-10-06 15:40:00,0.0,gas_ocgt,MW,nem,NSW1
2017-10-06 15:45:00,0.0,gas_ocgt,MW,nem,NSW1
2017-10-06 15:50:00,0.0,gas_ocgt,MW,nem,NSW1
2017-10-06 15:55:00,0.0,gas_ocgt,MW,nem,NSW1
2017-10-06 16:00:00,0.0,gas_ocgt,MW,nem,NSW1
2017-10-06 16:05:00,0.0,gas_ocgt,MW,nem,NSW1
2017-10-06 16:10:00,0.0,gas_ocgt,MW,nem,NSW1
2017-10-06 16:15:00,0.0,gas_ocgt,MW,nem,NSW1
2017-10-06 16:20:00,0.0,gas_ocgt,MW,nem,NSW1
2017-10-06 16:25:00,0.0,gas_ocgt,MW,nem,NSW1
2017-10-06 16:30:00,0.0,gas_ocgt,MW,nem,NSW1
2017-10-06 16:35:00,0.0,gas_ocgt,MW,nem,NSW1
2017-10-06 16:40:00,0.0,gas_ocgt,MW,nem,NSW1
2017-10-06 16:45:00,0.0,gas_ocgt,MW,nem,NSW1
2017-10-06 16:50:00,0.0,gas_ocgt,MW,nem,NSW1
2017-10-06 16:55:00,0.0,gas_ocgt,MW,nem,NSW1
2017-10-06 17:00:00,0.0,gas_ocgt,MW,nem,NSW1
2017-10-06 17:05:00,0.0,gas_ocgt,MW,nem,NSW1
2017-10-06 17:10:00,0.0,gas_ocgt,MW,nem,NSW1
2017-10-06 17:15:00,0.0,gas_ocgt,MW,nem,NSW1
2017-10-06 17:20:00,0.0,gas_ocgt,MW,nem,NSW1
2017-10-06 17:25:00,0.0,gas_ocgt,MW,nem,NSW1
2017-10-06 17:30:00,0.0,gas_ocgt,MW,nem,NSW1
2017-10-06 17:35:00,0.0,gas_ocgt,MW,nem,NSW1
2017-10-06 17:40:00,0.0,gas_ocgt,MW,nem,NSW1
2017-10-06 17:45:00,0.0,gas_ocgt,MW,nem,NSW1
2017-10-06 17:50:00,0.0,gas_ocgt,MW,nem,NSW1
2017-10-06 17:55:00,0.0,gas_ocgt,MW,nem,NSW1
2017-10-06 18:00:00,0.0,gas_ocgt,MW,nem,NSW1
2017-10-06 18:05:00,0.0,gas_ocgt,MW,nem,NSW1
2017-10-06 18:10:00,0.0,gas_ocgt,MW,nem,NSW1
2017-10-06 18:15:00,0.0,gas_ocgt,MW,nem,NSW1
2017-10-06 18:20:00,0.0,gas_ocgt,MW,nem,NSW1
2017-10-06 18:25:00,0.0,gas_ocgt,MW,nem,NSW1
2017-10-06 18:30:00,0.0,gas_ocgt,MW,nem,NSW1
2017-10-06 18:35:00,0.0,gas_ocgt,MW,nem,NSW1
2017-10-06 18:40:00,0.0,gas_ocgt,MW,nem,NSW1
2017-10-06 18:45:00,0.0,gas_ocgt,MW,nem,NSW1
2017-10-06 18:50:00,0.0,gas_ocgt,MW,nem,NSW1
2017-10-06 18:55:00,0.0,gas_ocgt,MW,nem,NSW1
2017-10-06 19:00:00,0.0,gas_ocgt,MW,nem,NSW1
2017-10-06 19:05:00,0.0,gas_ocgt,MW,nem,NSW1
2017-10-06 19:10:00,0.0,gas_ocgt,MW,nem,NSW1
2017-10-06 19:15:00,0.0,gas_ocgt,MW,nem,NSW1
2017-10-06 19:20:00,0.0,gas_ocgt,MW,nem,NSW1
2017-10-06 19:25:00,0.0,gas_ocgt,MW,nem,NSW1
2017-10-06 19:30:00,0.0,gas_ocgt,MW,nem,NSW1
2017-10-06 19:35:00,0.0,gas_ocgt,MW,nem,NSW1
2017-10-06 19:40:00,0.0,gas_ocgt,MW,nem,NSW1
2017-10-06 19:45:00,0.0,gas_ocgt,MW,nem,NSW1
2017-10-06 19:50:00,0.0,gas_ocgt,MW,nem,NSW1
2017-10-06 19:55:00,0.0,gas_ocgt,MW,nem,NSW1
2017-10-06 20:00:00,0.0,gas_ocgt,MW,nem,NSW1
2017-10-06 20:05:00,0.0,gas_ocgt,MW,nem,NSW1
2017-10-06 20:10:00,0.0,gas_ocgt,MW,nem,NSW1
2017-10-06 20:15:00,0.0,gas_ocgt,MW,nem,NSW1
2017-10-06 20:20:00,0.0,gas_ocgt,MW,nem,NSW1
2017-10-06 20:25:00,0.0,gas_ocgt,MW,nem,NSW1
2017-10-06 20:30:00,0.0,gas_ocgt,MW,nem,NSW1
2017-10-06 20:35:00,0.0,gas_ocgt,MW,nem,NSW1
2017-10-06 20:40:00,0.0,gas_ocgt,MW,nem,NSW1
2017-10-06 20:45:00,0.0,gas_ocgt,MW,nem,NSW1
2017-10-06 20:50:00,0.0,gas_ocgt,MW,nem,NSW1
2017-10-06 20:55:00,0.0,gas_ocgt,MW,nem,NSW1
2017-10-06 21:00:00,0.0,gas_ocgt,MW,nem,NSW1
2017-10-06 21:05:00,0.0,gas_ocgt,MW,nem,NSW1
2017-10-06 21:10:00,0.0,gas_ocgt,MW,nem,NSW1
2017-10-06 21:15:00,0.0,gas_ocgt,MW,nem,NSW1
2017-10-06 21:20:00,0.0,gas_ocgt,MW,nem,NSW1
2017-10-06 21:25:00,0.0,gas_ocgt,MW,nem,NSW1
2017-10-06 21:30:00,0.0,gas_ocgt,MW,nem,NSW1
2017-10-06 21:35:00,0.0,gas_ocgt,MW,nem,NSW1
2017-10-06 21:40:00,0.0,gas_ocgt,MW,nem,NSW1
2017-10-06 21:45:00,0.0,gas_ocgt,MW,nem,NSW1
2017-10-06 21:50:00,0.0,gas_ocgt,MW,nem,NSW1
2017-10-06 21:55:00,0.0,gas_ocgt,MW,nem,NSW1
2017-10-06 22:00:00,0.0,gas_ocgt,MW,nem,NSW1
2017-10-06 22:05:00,0.0,gas_ocgt,MW,nem,NSW1
2017-10-06 22:10:00,0.0,gas_ocgt,MW,nem,NSW1
2017-10-06 22:15:00,0.0,gas_ocgt,MW,nem,NSW1
2017-10-06 22:20:00,0.0,gas_ocgt,MW,nem,NSW1
2017-10-06 22:25:00,0.0,gas_ocgt,MW,nem,NSW1
2017-10-06 22:30:00,0.0,gas_ocgt,MW,nem,NSW1
2017-10-06 22:35:00,0.0,gas_ocgt,MW,nem,NSW1
2017-10-06 22:40:00,0.0,gas_ocgt,MW,nem,NSW1
2017-10-06 22:45:00,0.0,gas_ocgt,MW,nem,NSW1
2017-10-06 22:50:00,0.0,gas_ocgt,MW,nem,NSW1
2017-10-06 22:55:00,0.0,gas_ocgt,MW,nem,NSW1
2017-10-06 23:00:00,0.0,gas_ocgt,MW,nem,NSW1
2017-10-06 23:05:00,0.0,gas_ocgt,MW,nem,NSW1
2017-10-06 23:10:00,0.0,gas_ocgt,MW,nem,NSW1
2017-10-06 23:15:00,0.0,gas_ocgt,MW,nem,NSW1
2017-10-06 23:20:00,0.0,gas_ocgt,MW,nem,NSW1
2017-10-06 23:25:00,0.0,gas_ocgt,MW,nem,NSW1
2017-10-06 23:30:00,0.0,gas_ocgt,MW,nem,NSW1
2017-10-06 23:35:00,0.0,gas_ocgt,MW,nem,NSW1
2017-10-06 23:40:00,0.0,gas_ocgt,MW,nem,NSW1
2017-10-06 23:45:00,0.0,gas_ocgt,MW,nem,NSW1
2017-10-06 23:50:00,0.0,gas_ocgt,MW,nem,NSW1
2017-10-06 23:55:00,0.0,gas_ocgt,MW,nem,NSW1
2017-10-07 00:00:00,0.0,gas_ocgt,MW,nem,NSW1
2017-10-07 00:05:00,0.0,gas_ocgt,MW,nem,NSW1
2017-10-07 00:10:00,0.0,gas_ocgt,MW,nem,NSW1
2017-10-07 00:15:00,0.0,gas_ocgt,MW,nem,NSW1
2017-10-07 00:20:00,0.0,gas_ocgt,MW,nem,NSW1
2017-10-07 00:25:00,0.0,gas_ocgt,MW,nem,NSW1
2017-10-07 00:30:00,0.0,gas_ocgt,MW,nem,NSW1
2017-10-07 00:35:00,0.0,gas_ocgt,MW,nem,NSW1
2017-10-07 00:40:00,0.0,gas_ocgt,MW,nem,NSW1
2017-10-07 00:45:00,0.0,gas_ocgt,MW,nem,NSW1
2017-10-07 00:50:00,0.0,gas_ocgt,MW,nem,NSW1
2017-10-07 00:55:00,0.0,gas_ocgt,MW,nem,NSW1
2017-10-07 01:00:00,0.0,gas_ocgt,MW,nem,NSW1
2017-10-07 01:05:00,0.0,gas_ocgt,MW,nem,NSW1
2017-10-07 01:10:00,0.0,gas_ocgt,MW,nem,NSW1
2017-10-07 01:15:00,0.0,gas_ocgt,MW,nem,NSW1
2017-10-07 01:20:00,0.0,gas_ocgt,MW,nem,NSW1
2017-10-07 01:25:00,0.0,gas_ocgt,MW,nem,NSW1
2017-10-07 01:30:00,0.0,gas_ocgt,MW,nem,NSW1
2017-10-07 01:35:00,0.0,gas_ocgt,MW,nem,NSW1
2017-10-07 01:40:00,0.0,gas_ocgt,MW,nem,NSW1
2017-10-07 01:45:00,0.0,gas_ocgt,MW,nem,NSW1
2017-10-07 01:50:00,0.0,gas_ocgt,MW,nem,NSW1
2017-10-07 01:55:00,0.0,gas_ocgt,MW,nem,NSW1
2017-10-07 02:00:00,0.0,gas_ocgt,MW,nem,NSW1
2017-10-07 02:05:00,0.0,gas_ocgt,MW,nem,NSW1
2017-10-07 02:10:00,0.0,gas_ocgt,MW,nem,NSW1
2017-10-07 02:15:00,0.0,gas_ocgt,MW,nem,NSW1
2017-10-07 02:20:00,0.0,gas_ocgt,MW,nem,NSW1
2017-10-07 02:25:00,0.0,gas_ocgt,MW,nem,NSW1
2017-10-07 02:30:00,0.0,gas_ocgt,MW,nem,NSW1
2017-10-07 02:35:00,0.0,gas_ocgt,MW,nem,NSW1
2017-10-07 02:40:00,0.0,gas_ocgt,MW,nem,NSW1
2017-10-07 02:45:00,0.0,gas_ocgt,MW,nem,NSW1
2017-10-07 02:50:00,0.0,gas_ocgt,MW,nem,NSW1
2017-10-07 02:55:00,0.0,gas_ocgt,MW,nem,NSW1
2017-10-07 03:00:00,0.0,gas_ocgt,MW,nem,NSW1
2017-10-07 03:05:00,0.0,gas_ocgt,MW,nem,NSW1
2017-10-07 03:10:00,0.0,gas_ocgt,MW,nem,NSW1
2017-10-07 03:15:00,0.0,gas_ocgt,MW,nem,NSW1
2017-10-07 03:20:00,0.0,gas_ocgt,MW,nem,NSW1
2017-10-07 03:25:00,0.0,gas_ocgt,MW,nem,NSW1
2017-10-07 03:30:00,0.0,gas_ocgt,MW,nem,NSW1
2017-10-07 03:35:00,0.0,gas_ocgt,MW,nem,NSW1
2017-10-07 03:40:00,0.0,gas_ocgt,MW,nem,NSW1
2017-10-07 03:45:00,0.0,gas_ocgt,MW,nem,NSW1
2017-10-07 03:50:00,0.0,gas_ocgt,MW,nem,NSW1
2017-10-07 03:55:00,0.0,gas_ocgt,MW,nem,NSW1
2017-10-07 04:00:00,0.0,gas_ocgt,MW,nem,NSW1
2017-10-07 04:05:00,0.0,gas_ocgt,MW,nem,NSW1
2017-10-07 04:10:00,0.0,gas_ocgt,MW,nem,NSW1
2017-10-07 04:15:00,0.0,gas_ocgt,MW,nem,NSW1
2017-10-07 04:20:00,0.0,gas_ocgt,MW,nem,NSW1
2017-10-07 04:25:00,0.0,gas_ocgt,MW,nem,NSW1
2017-10-07 04:30:00,0.0,gas_ocgt,MW,nem,NSW1
2017-10-07 04:35:00,0.0,gas_ocgt,MW,nem,NSW1
2017-10-07 04:40:00,0.0,gas_ocgt,MW,nem,NSW1
2017-10-07 04:45:00,0.0,gas_ocgt,MW,nem,NSW1
2017-10-07 04:50:00,0.0,gas_ocgt,MW,nem,NSW1
2017-10-07 04:55:00,0.0,gas_ocgt,MW,nem,NSW1
2017-10-07 05:00:00,0.0,gas_ocgt,MW,nem,NSW1
2017-10-07 05:05:00,0.0,gas_ocgt,MW,nem,NSW1
2017-10-07 05:10:00,0.0,gas_ocgt,MW,nem,NSW1
2017-10-07 05:15:00,0.0,gas_ocgt,MW,nem,NSW1
2017-10-07 05:20:00,0.0,gas_ocgt,MW,nem,NSW1
2017-10-07 05:25:00,0.0,gas_ocgt,MW,nem,NSW1
2017-10-07 05:30:00,0.0,gas_ocgt,MW,nem,NSW1
2017-10-07 05:35:00,0.0,gas_ocgt,MW,nem,NSW1
2017-10-07 05:40:00,0.0,gas_ocgt,MW,nem,NSW1
2017-10-07 05:45:00,0.0,gas_ocgt,MW,nem,NSW1
2017-10-07 05:50:00,0.0,gas_ocgt,MW,nem,NSW1
2017-10-07 05:55:00,0.0,gas_ocgt,MW,nem,NSW1
2017-10-07 06:00:00,0.0,gas_ocgt,MW,nem,NSW1
2017-10-07 06:05:00,0.0,gas_ocgt,MW,nem,NSW1
2017-10-07 06:10:00,0.0,gas_ocgt,MW,nem,NSW1
2017-10-07 06:15:00,0.0,gas_ocgt,MW,nem,NSW1
2017-10-07 06:20:00,0.0,gas_ocgt,MW,nem,NSW1
2017-10-07 06:25:00,0.0,gas_ocgt,MW,nem,NSW1
2017-10-07 06:30:00,0.0,gas_ocgt,MW,nem,NSW1
2017-10-07 06:35:00,0.0,gas_ocgt,MW,nem,NSW1
2017-10-07 06:40:00,0.0,gas_ocgt,MW,nem,NSW1
2017-10-07 06:45:00,0.0,gas_ocgt,MW,nem,NSW1
2017-10-07 06:50:00,0.0,gas_ocgt,MW,nem,NSW1
2017-10-07 06:55:00,0.0,gas_ocgt,MW,nem,NSW1
2017-10-07 07:00:00,0.0,gas_ocgt,MW,nem,NSW1
2017-10-07 07:05:00,0.0,gas_ocgt,MW,nem,NSW1
2017-10-07 07:10:00,0.0,gas_ocgt,MW,nem,NSW1
2017-10-07 07:15:00,0.0,gas_ocgt,MW,nem,NSW1
2017-10-07 07:20:00,0.0,gas_ocgt,MW,nem,NSW1
2017-10-07 07:25:00,0.0,gas_ocgt,MW,nem,NSW1
2017-10-07 07:30:00,0.0,gas_ocgt,MW,nem,NSW1
2017-10-07 07:35:00,0.0,gas_ocgt,MW,nem,NSW1
2017-10-07 07:40:00,0.0,gas_ocgt,MW,nem,NSW1
2017-10-07 07:45:00,0.0,gas_ocgt,MW,nem,NSW1
2017-10-07 07:50:00,0.0,gas_ocgt,MW,nem,NSW1
2017-10-07 07:55:00,0.0,gas_ocgt,MW,nem,NSW1
2017-10-07 08:00:00,0.0,gas_ocgt,MW,nem,NSW1
2017-10-07 08:05:00,0.0,gas_ocgt,MW,nem,NSW1
2017-10-07 08:10:00,0.0,gas_ocgt,MW,nem,NSW1
2017-10-07 08:15:00,0.0,gas_ocgt,MW,nem,NSW1
2017-10-07 08:20:00,0.0,gas_ocgt,MW,nem,NSW1
2017-10-07 08:25:00,0.0,gas_ocgt,MW,nem,NSW1
2017-10-07 08:30:00,0.0,gas_ocgt,MW,nem,NSW1
2017-10-07 08:35:00,0.0,gas_ocgt,MW,nem,NSW1
2017-10-07 08:40:00,0.0,gas_ocgt,MW,nem,NSW1
2017-10-07 08:45:00,0.0,gas_ocgt,MW,nem,NSW1
2017-10-07 08:50:00,0.0,gas_ocgt,MW,nem,NSW1
2017-10-07 08:55:00,0.0,gas_ocgt,MW,nem,NSW1
2017-10-07 09:00:00,0.0,gas_ocgt,MW,nem,NSW1
2017-10-07 09:05:00,0.0,gas_ocgt,MW,nem,NSW1
2017-10-07 09:10:00,0.0,gas_ocgt,MW,nem,NSW1
2017-10-07 09:15:00,0.0,gas_ocgt,MW,nem,NSW1
2017-10-07 09:20:00,0.0,gas_ocgt,MW,nem,NSW1
2017-10-07 09:25:00,0.0,gas_ocgt,MW,nem,NSW1
2017-10-07 09:30:00,0.0,gas_ocgt,MW,nem,NSW1
2017-10-07 09:35:00,0.0,gas_ocgt,MW,nem,NSW1
2017-10-07 09:40:00,0.0,gas_ocgt,MW,nem,NSW1
2017-10-07 09:45:00,0.0,gas_ocgt,MW,nem,NSW1
2017-10-07 09:50:00,0.0,gas_ocgt,MW,nem,NSW1
2017-10-07 09:55:00,0.0,gas_ocgt,MW,nem,NSW1
2017-10-07 10:00:00,0.0,gas_ocgt,MW,nem,NSW1
2017-10-07 10:05:00,0.0,gas_ocgt,MW,nem,NSW1
2017-10-07 10:10:00,0.0,gas_ocgt,MW,nem,NSW1
2017-10-07 10:15:00,0.0,gas_ocgt,MW,nem,NSW1
2017-10-07 10:20:00,0.0,gas_ocgt,MW,nem,NSW1
2017-10-07 10:25:00,0.0,gas_ocgt,MW,nem,NSW1
2017-10-07 10:30:00,0.0,gas_ocgt,MW,nem,NSW1
2017-10-07 10:35:00,0.0,gas_ocgt,MW,nem,NSW1
2017-10-07 10:40:00,0.0,gas_ocgt,MW,nem,NSW1
2017-10-07 10:45:00,0.0,gas_ocgt,MW,nem,NSW1
2017-10-07 10:50:00,0.0,gas_ocgt,MW,nem,NSW1
2017-10-07 10:55:00,0.0,gas_ocgt,MW,nem,NSW1
2017-10-07 11:00:00,0.0,gas_ocgt,MW,nem,NSW1
2017-10-07 11:05:00,0.0,gas_ocgt,MW,nem,NSW1
2017-10-07 11:10:00,0.0,gas_ocgt,MW,nem,NSW1
2017-10-07 11:15:00,0.0,gas_ocgt,MW,nem,NSW1
2017-10-07 11:20:00,0.0,gas_ocgt,MW,nem,NSW1
2017-10-07 11:25:00,0.0,gas_ocgt,MW,nem,NSW1
2017-10-07 11:30:00,0.0,gas_ocgt,MW,nem,NSW1
2017-10-07 11:35:00,0.0,gas_ocgt,MW,nem,NSW1
2017-10-07 11:40:00,0.0,gas_ocgt,MW,nem,NSW1
2017-10-07 11:45:00,0.0,gas_ocgt,MW,nem,NSW1
2017-10-07 11:50:00,0.0,gas_ocgt,MW,nem,NSW1
2017-10-07 11:55:00,0.0,gas_ocgt,MW,nem,NSW1
2017-10-07 12:00:00,0.0,gas_ocgt,MW,nem,NSW1
2017-10-07 12:05:00,0.0,gas_ocgt,MW,nem,NSW1
2017-10-07 12:10:00,0.0,gas_ocgt,MW,nem,NSW1
2017-10-07 12:15:00,0.0,gas_ocgt,MW,nem,NSW1
2017-10-07 12:20:00,0.0,gas_ocgt,MW,nem,NSW1
2017-10-07 12:25:00,0.0,gas_ocgt,MW,nem,NSW1
2017-10-07 12:30:00,0.0,gas_ocgt,MW,nem,NSW1
2017-10-07 12:35:00,0.0,gas_ocgt,MW,nem,NSW1
2017-10-07 12:40:00,0.0,gas_ocgt,MW,nem,NSW1
2017-10-07 12:45:00,0.0,gas_ocgt,MW,nem,NSW1
2017-10-07 12:50:00,0.0,gas_ocgt,MW,nem,NSW1
2017-10-07 12:55:00,0.0,gas_ocgt,MW,nem,NSW1
2017-10-07 13:00:00,0.0,gas_ocgt,MW,nem,NSW1
2017-10-07 13:05:00,0.0,gas_ocgt,MW,nem,NSW1
2017-10-07 13:10:00,0.0,gas_ocgt,MW,nem,NSW1
2017-10-07 13:15:00,0.0,gas_ocgt,MW,nem,NSW1
2017-10-07 13:20:00,0.0,gas_ocgt,MW,nem,NSW1
2017-10-07 13:25:00,0.0,gas_ocgt,MW,nem,NSW1
2017-10-07 13:30:00,0.0,gas_ocgt,MW,nem,NSW1
2017-10-07 13:35:00,0.0,gas_ocgt,MW,nem,NSW1
2017-10-07 13:40:00,0.0,gas_ocgt,MW,nem,NSW1
2017-10-07 13:45:00,0.0,gas_ocgt,MW,nem,NSW1
2017-10-07 13:50:00,0.0,gas_ocgt,MW,nem,NSW1
2017-10-07 13:55:00,0.0,gas_ocgt,MW,nem,NSW1
2017-10-07 14:00:00,0.0,gas_ocgt,MW,nem,NSW1
2017-10-07 14:05:00,0.0,gas_ocgt,MW,nem,NSW1
2017-10-07 14:10:00,0.0,gas_ocgt,MW,nem,NSW1
2017-10-07 14:15:00,0.0,gas_ocgt,MW,nem,NSW1
2017-10-07 14:20:00,0.0,gas_ocgt,MW,nem,NSW1
2017-10-07 14:25:00,0.0,gas_ocgt,MW,nem,NSW1
2017-10-07 14:30:00,0.0,gas_ocgt,MW,nem,NSW1
2017-10-07 14:35:00,0.0,gas_ocgt,MW,nem,NSW1
2017-10-07 14:40:00,0.0,gas_ocgt,MW,nem,NSW1
2017-10-07 14:45:00,0.0,gas_ocgt,MW,nem,NSW1
2017-10-07 14:50:00,0.0,gas_ocgt,MW,nem,NSW1
2017-10-07 14:55:00,0.0,gas_ocgt,MW,nem,NSW1
2017-10-07 15:00:00,0.0,gas_ocgt,MW,nem,NSW1
2017-10-07 15:05:00,0.0,gas_ocgt,MW,nem,NSW1
2017-10-07 15:10:00,0.0,gas_ocgt,MW,nem,NSW1
2017-10-07 15:15:00,0.0,gas_ocgt,MW,nem,NSW1
2017-10-07 15:20:00,0.0,gas_ocgt,MW,nem,NSW1
2017-10-07 15:25:00,0.0,gas_ocgt,MW,nem,NSW1
2017-10-07 15:30:00,0.0,gas_ocgt,MW,nem,NSW1
2017-10-07 15:35:00,0.0,gas_ocgt,MW,nem,NSW1
2017-10-07 15:40:00,0.0,gas_ocgt,MW,nem,NSW1
2017-10-07 15:45:00,0.0,gas_ocgt,MW,nem,NSW1
2017-10-07 15:50:00,0.0,gas_ocgt,MW,nem,NSW1
2017-10-07 15:55:00,0.0,gas_ocgt,MW,nem,NSW1
2017-10-07 16:00:00,0.0,gas_ocgt,MW,nem,NSW1
2017-10-07 16:05:00,0.0,gas_ocgt,MW,nem,NSW1
2017-10-07 16:10:00,0.0,gas_ocgt,MW,nem,NSW1
2017-10-07 16:15:00,0.0,gas_ocgt,MW,nem,NSW1
2017-10-07 16:20:00,0.0,gas_ocgt,MW,nem,NSW1
2017-10-07 16:25:00,0.0,gas_ocgt,MW,nem,NSW1
2017-10-07 16:30:00,0.0,gas_ocgt,MW,nem,NSW1
2017-10-07 16:35:00,0.0,gas_ocgt,MW,nem,NSW1
2017-10-07 16:40:00,0.0,gas_ocgt,MW,nem,NSW1
2017-10-07 16:45:00,0.0,gas_ocgt,MW,nem,NSW1
2017-10-07 16:50:00,0.0,gas_ocgt,MW,nem,NSW1
2017-10-07 16:55:00,0.0,gas_ocgt,MW,nem,NSW1
2017-10-07 17:00:00,0.0,gas_ocgt,MW,nem,NSW1
2017-10-07 17:05:00,0.0,gas_ocgt,MW,nem,NSW1
2017-10-07 17:10:00,0.0,gas_ocgt,MW,nem,NSW1
2017-10-07 17:15:00,0.0,gas_ocgt,MW,nem,NSW1
2017-10-07 17:20:00,0.0,gas_ocgt,MW,nem,NSW1
2017-10-07 17:25:00,0.0,gas_ocgt,MW,nem,NSW1
2017-10-07 17:30:00,0.0,gas_ocgt,MW,nem,NSW1
2017-10-07 17:35:00,0.0,gas_ocgt,MW,nem,NSW1
2017-10-07 17:40:00,0.0,gas_ocgt,MW,nem,NSW1
2017-10-07 17:45:00,0.0,gas_ocgt,MW,nem,NSW1
2017-10-07 17:50:00,0.0,gas_ocgt,MW,nem,NSW1
2017-10-07 17:55:00,0.0,gas_ocgt,MW,nem,NSW1
2017-10-07 18:00:00,0.0,gas_ocgt,MW,nem,NSW1
2017-10-07 18:05:00,0.0,gas_ocgt,MW,nem,NSW1
2017-10-07 18:10:00,0.0,gas_ocgt,MW,nem,NSW1
2017-10-07 18:15:00,0.0,gas_ocgt,MW,nem,NSW1
2017-10-07 18:20:00,0.0,gas_ocgt,MW,nem,NSW1
2017-10-07 18:25:00,0.0,gas_ocgt,MW,nem,NSW1
2017-10-07 18:30:00,0.0,gas_ocgt,MW,nem,NSW1
2017-10-07 18:35:00,0.0,gas_ocgt,MW,nem,NSW1
2017-10-07 18:40:00,0.0,gas_ocgt,MW,nem,NSW1
2017-10-07 18:45:00,0.0,gas_ocgt,MW,nem,NSW1
2017-10-07 18:50:00,0.0,gas_ocgt,MW,nem,NSW1
2017-10-07 18:55:00,0.0,gas_ocgt,MW,nem,NSW1
2017-10-07 19:00:00,0.0,gas_ocgt,MW,nem,NSW1
2017-10-07 19:05:00,0.0,gas_ocgt,MW,nem,NSW1
2017-10-07 19:10:00,0.0,gas_ocgt,MW,nem,NSW1
2017-10-07 19:15:00,0.0,gas_ocgt,MW,nem,NSW1
2017-10-07 19:20:00,0.0,gas_ocgt,MW,nem,NSW1
2017-10-07 19:25:00,0.0,gas_ocgt,MW,nem,NSW1
2017-10-07 19:30:00,0.0,gas_ocgt,MW,nem,NSW1
2017-10-07 19:35:00,0.0,gas_ocgt,MW,nem,NSW1
2017-10-07 19:40:00,0.0,gas_ocgt,MW,nem,NSW1
2017-10-07 19:45:00,0.0,gas_ocgt,MW,nem,NSW1
2017-10-07 19:50:00,0.0,gas_ocgt,MW,nem,NSW1
2017-10-07 19:55:00,0.0,gas_ocgt,MW,nem,NSW1
2017-10-07 20:00:00,0.0,gas_ocgt,MW,nem,NSW1
2017-10-07 20:05:00,0.0,gas_ocgt,MW,nem,NSW1
2017-10-07 20:10:00,0.0,gas_ocgt,MW,nem,NSW1
2017-10-07 20:15:00,0.0,gas_ocgt,MW,nem,NSW1
2017-10-07 20:20:00,0.0,gas_ocgt,MW,nem,NSW1
2017-10-07 20:25:00,0.0,gas_ocgt,MW,nem,NSW1
2017-10-07 20:30:00,0.0,gas_ocgt,MW,nem,NSW1
2017-10-07 20:35:00,0.0,gas_ocgt,MW,nem,NSW1
2017-10-07 20:40:00,0.0,gas_ocgt,MW,nem,NSW1
2017-10-07 20:45:00,0.0,gas_ocgt,MW,nem,NSW1
2017-10-07 20:50:00,0.0,gas_ocgt,MW,nem,NSW1
2017-10-07 20:55:00,0.0,gas_ocgt,MW,nem,NSW1
2017-10-07 21:00:00,0.0,gas_ocgt,MW,nem,NSW1
2017-10-07 21:05:00,0.0,gas_ocgt,MW,nem,NSW1
2017-10-07 21:10:00,0.0,gas_ocgt,MW,nem,NSW1
2017-10-07 21:15:00,0.0,gas_ocgt,MW,nem,NSW1
2017-10-07 21:20:00,0.0,gas_ocgt,MW,nem,NSW1
2017-10-07 21:25:00,0.0,gas_ocgt,MW,nem,NSW1
2017-10-07 21:30:00,0.0,gas_ocgt,MW,nem,NSW1
2017-10-07 21:35:00,0.0,gas_ocgt,MW,nem,NSW1
2017-10-07 21:40:00,0.0,gas_ocgt,MW,nem,NSW1
2017-10-07 21:45:00,0.0,gas_ocgt,MW,nem,NSW1
2017-10-07 21:50:00,0.0,gas_ocgt,MW,nem,NSW1
2017-10-07 21:55:00,0.0,gas_ocgt,MW,nem,NSW1
2017-10-07 22:00:00,0.0,gas_ocgt,MW,nem,NSW1
2017-10-07 22:05:00,0.0,gas_ocgt,MW,nem,NSW1
2017-10-07 22:10:00,0.0,gas_ocgt,MW,nem,NSW1
2017-10-07 22:15:00,0.0,gas_ocgt,MW,nem,NSW1
2017-10-07 22:20:00,0.0,gas_ocgt,MW,nem,NSW1
2017-10-07 22:25:00,0.0,gas_ocgt,MW,nem,NSW1
2017-10-07 22:30:00,0.0,gas_ocgt,MW,nem,NSW1
2017-10-07 22:35:00,0.0,gas_ocgt,MW,nem,NSW1
2017-10-07 22:40:00,0.0,gas_ocgt,MW,nem,NSW1
2017-10-07 22:45:00,0.0,gas_ocgt,MW,nem,NSW1
2017-10-07 22:50:00,0.0,gas_ocgt,MW,nem,NSW1
2017-10-07 22:55:00,0.0,gas_ocgt,MW,nem,NSW1
2017-10-07 23:00:00,0.0,gas_ocgt,MW,nem,NSW1
2017-10-07 23:05:00,0.0,gas_ocgt,MW,nem,NSW1
2017-10-07 23:10:00,0.0,gas_ocgt,MW,nem,NSW1
2017-10-07 23:15:00,0.0,gas_ocgt,MW,nem,NSW1
2017-10-07 23:20:00,0.0,gas_ocgt,MW,nem,NSW1
2017-10-07 23:25:00,0.0,gas_ocgt,MW,nem,NSW1
2017-10-07 23:30:00,0.0,gas_ocgt,MW,nem,NSW1
2017-10-07 23:35:00,0.0,gas_ocgt,MW,nem,NSW1
2017-10-07 23:40:00,0.0,gas_ocgt,MW,nem,NSW1
2017-10-07 23:45:00,0.0,gas_ocgt,MW,nem,NSW1
2017-10-07 23:50:00,0.0,gas_ocgt,MW,nem,NSW1
2017-10-07 23:55:00,0.0,gas_ocgt,MW,nem,NSW1
2017-10-08 00:00:00,0.0,gas_ocgt,MW,nem,NSW1
2017-10-08 00:05:00,0.0,gas_ocgt,MW,nem,NSW1
2017-10-08 00:10:00,0.0,gas_ocgt,MW,nem,NSW1
2017-10-08 00:15:00,0.0,gas_ocgt,MW,nem,NSW1
2017-10-08 00:20:00,0.0,gas_ocgt,MW,nem,NSW1
2017-10-08 00:25:00,0.0,gas_ocgt,MW,nem,NSW1
2017-10-08 00:30:00,0.0,gas_ocgt,MW,nem,NSW1
2017-10-08 00:35:00,0.0,gas_ocgt,MW,nem,NSW1
2017-10-08 00:40:00,0.0,gas_ocgt,MW,nem,NSW1
2017-10-08 00:45:00,0.0,gas_ocgt,MW,nem,NSW1
2017-10-08 00:50:00,0.0,gas_ocgt,MW,nem,NSW1
2017-10-08 00:55:00,0.0,gas_ocgt,MW,nem,NSW1
2017-10-08 01:00:00,0.0,gas_ocgt,MW,nem,NSW1
2017-10-08 01:05:00,0.0,gas_ocgt,MW,nem,NSW1
2017-10-08 01:10:00,0.0,gas_ocgt,MW,nem,NSW1
2017-10-08 01:15:00,0.0,gas_ocgt,MW,nem,NSW1
2017-10-08 01:20:00,0.0,gas_ocgt,MW,nem,NSW1
2017-10-08 01:25:00,0.0,gas_ocgt,MW,nem,NSW1
2017-10-08 01:30:00,0.0,gas_ocgt,MW,nem,NSW1
2017-10-08 01:35:00,0.0,gas_ocgt,MW,nem,NSW1
2017-10-08 01:40:00,0.0,gas_ocgt,MW,nem,NSW1
2017-10-08 01:45:00,0.0,gas_ocgt,MW,nem,NSW1
2017-10-08 01:50:00,0.0,gas_ocgt,MW,nem,NSW1
2017-10-08 01:55:00,0.0,gas_ocgt,MW,nem,NSW1
2017-10-08 02:00:00,0.0,gas_ocgt,MW,nem,NSW1
2017-10-08 02:05:00,0.0,gas_ocgt,MW,nem,NSW1
2017-10-08 02:10:00,0.0,gas_ocgt,MW,nem,NSW1
2017-10-08 02:15:00,0.0,gas_ocgt,MW,nem,NSW1
2017-10-08 02:20:00,0.0,gas_ocgt,MW,nem,NSW1
2017-10-08 02:25:00,0.0,gas_ocgt,MW,nem,NSW1
2017-10-08 02:30:00,0.0,gas_ocgt,MW,nem,NSW1
2017-10-08 02:35:00,0.0,gas_ocgt,MW,nem,NSW1
2017-10-08 02:40:00,0.0,gas_ocgt,MW,nem,NSW1
2017-10-08 02:45:00,0.0,gas_ocgt,MW,nem,NSW1
2017-10-08 02:50:00,0.0,gas_ocgt,MW,nem,NSW1
2017-10-08 02:55:00,0.0,gas_ocgt,MW,nem,NSW1
2017-10-08 03:00:00,0.0,gas_ocgt,MW,nem,NSW1
2017-10-08 03:05:00,0.0,gas_ocgt,MW,nem,NSW1
2017-10-08 03:10:00,0.0,gas_ocgt,MW,nem,NSW1
2017-10-08 03:15:00,0.0,gas_ocgt,MW,nem,NSW1
2017-10-08 03:20:00,0.0,gas_ocgt,MW,nem,NSW1
2017-10-08 03:25:00,0.0,gas_ocgt,MW,nem,NSW1
2017-10-08 03:30:00,0.0,gas_ocgt,MW,nem,NSW1
2017-10-08 03:35:00,0.0,gas_ocgt,MW,nem,NSW1
2017-10-08 03:40:00,0.0,gas_ocgt,MW,nem,NSW1
2017-10-08 03:45:00,0.0,gas_ocgt,MW,nem,NSW1
2017-10-08 03:50:00,0.0,gas_ocgt,MW,nem,NSW1
2017-10-08 03:55:00,0.0,gas_ocgt,MW,nem,NSW1
2017-10-08 04:00:00,0.0,gas_ocgt,MW,nem,NSW1
2017-10-08 04:05:00,0.0,gas_ocgt,MW,nem,NSW1
2017-10-08 04:10:00,0.0,gas_ocgt,MW,nem,NSW1
2017-10-08 04:15:00,0.0,gas_ocgt,MW,nem,NSW1
2017-10-08 04:20:00,0.0,gas_ocgt,MW,nem,NSW1
2017-10-08 04:25:00,0.0,gas_ocgt,MW,nem,NSW1
2017-10-08 04:30:00,0.0,gas_ocgt,MW,nem,NSW1
2017-10-08 04:35:00,0.0,gas_ocgt,MW,nem,NSW1
2017-10-08 04:40:00,0.0,gas_ocgt,MW,nem,NSW1
2017-10-08 04:45:00,0.0,gas_ocgt,MW,nem,NSW1
2017-10-08 04:50:00,0.0,gas_ocgt,MW,nem,NSW1
2017-10-08 04:55:00,0.0,gas_ocgt,MW,nem,NSW1
2017-10-08 05:00:00,0.0,gas_ocgt,MW,nem,NSW1
2017-10-08 05:05:00,0.0,gas_ocgt,MW,nem,NSW1
2017-10-08 05:10:00,0.0,gas_ocgt,MW,nem,NSW1
2017-10-08 05:15:00,0.0,gas_ocgt,MW,nem,NSW1
2017-10-08 05:20:00,0.0,gas_ocgt,MW,nem,NSW1
2017-10-08 05:25:00,0.0,gas_ocgt,MW,nem,NSW1
2017-10-08 05:30:00,0.0,gas_ocgt,MW,nem,NSW1
2017-10-08 05:35:00,0.0,gas_ocgt,MW,nem,NSW1
2017-10-08 05:40:00,0.0,gas_ocgt,MW,nem,NSW1
2017-10-08 05:45:00,0.0,gas_ocgt,MW,nem,NSW1
2017-10-08 05:50:00,0.0,gas_ocgt,MW,nem,NSW1
2017-10-08 05:55:00,0.0,gas_ocgt,MW,nem,NSW1
2017-10-08 06:00:00,0.0,gas_ocgt,MW,nem,NSW1
2017-10-08 06:05:00,0.0,gas_ocgt,MW,nem,NSW1
2017-10-08 06:10:00,0.0,gas_ocgt,MW,nem,NSW1
2017-10-08 06:15:00,0.0,gas_ocgt,MW,nem,NSW1
2017-10-08 06:20:00,0.0,gas_ocgt,MW,nem,NSW1
2017-10-08 06:25:00,0.0,gas_ocgt,MW,nem,NSW1
2017-10-08 06:30:00,0.0,gas_ocgt,MW,nem,NSW1
2017-10-08 06:35:00,0.0,gas_ocgt,MW,nem,NSW1
2017-10-08 06:40:00,0.0,gas_ocgt,MW,nem,NSW1
2017-10-08 06:45:00,0.0,gas_ocgt,MW,nem,NSW1
2017-10-08 06:50:00,0.0,gas_ocgt,MW,nem,NSW1
2017-10-08 06:55:00,0.0,gas_ocgt,MW,nem,NSW1
2017-10-08 07:00:00,0.0,gas_ocgt,MW,nem,NSW1
2017-10-08 07:05:00,0.0,gas_ocgt,MW,nem,NSW1
2017-10-08 07:10:00,0.0,gas_ocgt,MW,nem,NSW1
2017-10-08 07:15:00,0.0,gas_ocgt,MW,nem,NSW1
2017-10-08 07:20:00,0.0,gas_ocgt,MW,nem,NSW1
2017-10-08 07:25:00,0.0,gas_ocgt,MW,nem,NSW1
2017-10-08 07:30:00,0.0,gas_ocgt,MW,nem,NSW1
2017-10-08 07:35:00,0.0,gas_ocgt,MW,nem,NSW1
2017-10-08 07:40:00,0.0,gas_ocgt,MW,nem,NSW1
2017-10-08 07:45:00,0.0,gas_ocgt,MW,nem,NSW1
2017-10-08 07:50:00,0.0,gas_ocgt,MW,nem,NSW1
2017-10-08 07:55:00,0.0,gas_ocgt,MW,nem,NSW1
2017-10-08 08:00:00,0.0,gas_ocgt,MW,nem,NSW1
2017-10-08 08:05:00,0.0,gas_ocgt,MW,nem,NSW1
2017-10-08 08:10:00,0.0,gas_ocgt,MW,nem,NSW1
2017-10-08 08:15:00,0.0,gas_ocgt,MW,nem,NSW1
2017-10-08 08:20:00,0.0,gas_ocgt,MW,nem,NSW1
2017-10-08 08:25:00,0.0,gas_ocgt,MW,nem,NSW1
2017-10-08 08:30:00,0.0,gas_ocgt,MW,nem,NSW1
2017-10-08 08:35:00,0.0,gas_ocgt,MW,nem,NSW1
2017-10-08 08:40:00,0.0,gas_ocgt,MW,nem,NSW1
2017-10-08 08:45:00,0.0,gas_ocgt,MW,nem,NSW1
2017-10-08 08:50:00,0.0,gas_ocgt,MW,nem,NSW1
2017-10-08 08:55:00,0.0,gas_ocgt,MW,nem,NSW1
2017-10-08 09:00:00,0.0,gas_ocgt,MW,nem,NSW1
2017-10-08 09:05:00,0.0,gas_ocgt,MW,nem,NSW1
2017-10-08 09:10:00,0.0,gas_ocgt,MW,nem,NSW1
2017-10-08 09:15:00,0.0,gas_ocgt,MW,nem,NSW1
2017-10-08 09:20:00,0.0,gas_ocgt,MW,nem,NSW1
2017-10-08 09:25:00,0.0,gas_ocgt,MW,nem,NSW1
2017-10-08 09:30:00,0.0,gas_ocgt,MW,nem,NSW1
2017-10-08 09:35:00,0.0,gas_ocgt,MW,nem,NSW1
2017-10-08 09:40:00,0.0,gas_ocgt,MW,nem,NSW1
2017-10-08 09:45:00,0.0,gas_ocgt,MW,nem,NSW1
2017-10-08 09:50:00,0.0,gas_ocgt,MW,nem,NSW1
2017-10-08 09:55:00,0.0,gas_ocgt,MW,nem,NSW1
2017-10-08 10:00:00,0.0,gas_ocgt,MW,nem,NSW1
2017-10-08 10:05:00,0.0,gas_ocgt,MW,nem,NSW1
2017-10-08 10:10:00,0.0,gas_ocgt,MW,nem,NSW1
2017-10-08 10:15:00,0.0,gas_ocgt,MW,nem,NSW1
2017-10-08 10:20:00,0.0,gas_ocgt,MW,nem,NSW1
2017-10-08 10:25:00,0.0,gas_ocgt,MW,nem,NSW1
2017-10-08 10:30:00,0.0,gas_ocgt,MW,nem,NSW1
2017-10-08 10:35:00,0.0,gas_ocgt,MW,nem,NSW1
2017-10-08 10:40:00,0.0,gas_ocgt,MW,nem,NSW1
2017-10-08 10:45:00,0.0,gas_ocgt,MW,nem,NSW1
2017-10-08 10:50:00,0.0,gas_ocgt,MW,nem,NSW1
2017-10-08 10:55:00,0.0,gas_ocgt,MW,nem,NSW1
2017-10-08 11:00:00,0.0,gas_ocgt,MW,nem,NSW1
2017-10-08 11:05:00,0.0,gas_ocgt,MW,nem,NSW1
2017-10-08 11:10:00,0.0,gas_ocgt,MW,nem,NSW1
2017-10-08 11:15:00,0.0,gas_ocgt,MW,nem,NSW1
2017-10-08 11:20:00,0.0,gas_ocgt,MW,nem,NSW1
2017-10-08 11:25:00,0.0,gas_ocgt,MW,nem,NSW1
2017-10-08 11:30:00,0.0,gas_ocgt,MW,nem,NSW1
2017-10-08 11:35:00,0.0,gas_ocgt,MW,nem,NSW1
2017-10-08 11:40:00,0.0,gas_ocgt,MW,nem,NSW1
2017-10-08 11:45:00,0.0,gas_ocgt,MW,nem,NSW1
2017-10-08 11:50:00,0.0,gas_ocgt,MW,nem,NSW1
2017-10-08 11:55:00,0.0,gas_ocgt,MW,nem,NSW1
2017-10-08 12:00:00,0.0,gas_ocgt,MW,nem,NSW1
2017-10-08 12:05:00,0.0,gas_ocgt,MW,nem,NSW1
2017-10-08 12:10:00,0.0,gas_ocgt,MW,nem,NSW1
2017-10-08 12:15:00,0.0,gas_ocgt,MW,nem,NSW1
2017-10-08 12:20:00,0.0,gas_ocgt,MW,nem,NSW1
2017-10-08 12:25:00,0.0,gas_ocgt,MW,nem,NSW1
2017-10-08 12:30:00,0.0,gas_ocgt,MW,nem,NSW1
2017-10-08 12:35:00,0.0,gas_ocgt,MW,nem,NSW1
2017-10-08 12:40:00,0.0,gas_ocgt,MW,nem,NSW1
2017-10-08 12:45:00,0.0,gas_ocgt,MW,nem,NSW1
2017-10-08 12:50:00,0.0,gas_ocgt,MW,nem,NSW1
2017-10-08 12:55:00,0.0,gas_ocgt,MW,nem,NSW1
2017-10-08 13:00:00,0.0,gas_ocgt,MW,nem,NSW1
2017-10-08 13:05:00,0.0,gas_ocgt,MW,nem,NSW1
2017-10-08 13:10:00,0.0,gas_ocgt,MW,nem,NSW1
2017-10-08 13:15:00,0.0,gas_ocgt,MW,nem,NSW1
2017-10-08 13:20:00,0.0,gas_ocgt,MW,nem,NSW1
2017-10-08 13:25:00,0.0,gas_ocgt,MW,nem,NSW1
2017-10-08 13:30:00,0.0,gas_ocgt,MW,nem,NSW1
2017-10-08 13:35:00,0.0,gas_ocgt,MW,nem,NSW1
2017-10-08 13:40:00,0.0,gas_ocgt,MW,nem,NSW1
2017-10-08 13:45:00,0.0,gas_ocgt,MW,nem,NSW1
2017-10-08 13:50:00,0.0,gas_ocgt,MW,nem,NSW1
2017-10-08 13:55:00,0.0,gas_ocgt,MW,nem,NSW1
2017-10-08 14:00:00,0.0,gas_ocgt,MW,nem,NSW1
2017-10-08 14:05:00,0.0,gas_ocgt,MW,nem,NSW1
2017-10-08 14:10:00,0.0,gas_ocgt,MW,nem,NSW1
2017-10-08 14:15:00,0.0,gas_ocgt,MW,nem,NSW1
2017-10-08 14:20:00,0.0,gas_ocgt,MW,nem,NSW1
2017-10-08 14:25:00,0.0,gas_ocgt,MW,nem,NSW1
2017-10-08 14:30:00,0.0,gas_ocgt,MW,nem,NSW1
2017-10-08 14:35:00,0.0,gas_ocgt,MW,nem,NSW1
2017-10-08 14:40:00,0.0,gas_ocgt,MW,nem,NSW1
2017-10-08 14:45:00,0.0,gas_ocgt,MW,nem,NSW1
2017-10-08 14:50:00,0.0,gas_ocgt,MW,nem,NSW1
2017-10-08 14:55:00,0.0,gas_ocgt,MW,nem,NSW1
2017-10-08 15:00:00,0.0,gas_ocgt,MW,nem,NSW1
2017-10-08 15:05:00,0.0,gas_ocgt,MW,nem,NSW1
2017-10-08 15:10:00,0.0,gas_ocgt,MW,nem,NSW1
2017-10-08 15:15:00,0.0,gas_ocgt,MW,nem,NSW1
2017-10-08 15:20:00,0.0,gas_ocgt,MW,nem,NSW1
2017-10-08 15:25:00,0.0,gas_ocgt,MW,nem,NSW1
2017-10-08 15:30:00,0.0,gas_ocgt,MW,nem,NSW1
2017-10-08 15:35:00,0.0,gas_ocgt,MW,nem,NSW1
2017-10-08 15:40:00,0.0,gas_ocgt,MW,nem,NSW1
2017-10-08 15:45:00,0.0,gas_ocgt,MW,nem,NSW1
2017-10-08 15:50:00,0.0,gas_ocgt,MW,nem,NSW1
2017-10-08 15:55:00,0.0,gas_ocgt,MW,nem,NSW1
2017-10-08 16:00:00,0.0,gas_ocgt,MW,nem,NSW1
2017-10-08 16:05:00,0.0,gas_ocgt,MW,nem,NSW1
2017-10-08 16:10:00,0.0,gas_ocgt,MW,nem,NSW1
2017-10-08 16:15:00,0.0,gas_ocgt,MW,nem,NSW1
2017-10-08 16:20:00,0.0,gas_ocgt,MW,nem,NSW1
2017-10-08 16:25:00,0.0,gas_ocgt,MW,nem,NSW1
2017-10-08 16:30:00,0.0,gas_ocgt,MW,nem,NSW1
2017-10-08 16:35:00,0.0,gas_ocgt,MW,nem,NSW1
2017-10-08 16:40:00,0.0,gas_ocgt,MW,nem,NSW1
2017-10-08 16:45:00,0.0,gas_ocgt,MW,nem,NSW1
2017-10-08 16:50:00,0.0,gas_ocgt,MW,nem,NSW1
2017-10-08 16:55:00,0.0,gas_ocgt,MW,nem,NSW1
2017-10-08 17:00:00,0.0,gas_ocgt,MW,nem,NSW1
2017-10-08 17:05:00,0.0,gas_ocgt,MW,nem,NSW1
2017-10-08 17:10:00,0.0,gas_ocgt,MW,nem,NSW1
2017-10-08 17:15:00,0.0,gas_ocgt,MW,nem,NSW1
2017-10-08 17:20:00,0.0,gas_ocgt,MW,nem,NSW1
2017-10-08 17:25:00,0.0,gas_ocgt,MW,nem,NSW1
2017-10-08 17:30:00,0.0,gas_ocgt,MW,nem,NSW1
2017-10-08 17:35:00,0.0,gas_ocgt,MW,nem,NSW1
2017-10-08 17:40:00,0.0,gas_ocgt,MW,nem,NSW1
2017-10-08 17:45:00,0.0,gas_ocgt,MW,nem,NSW1
2017-10-08 17:50:00,0.0,gas_ocgt,MW,nem,NSW1
2017-10-08 17:55:00,0.0,gas_ocgt,MW,nem,NSW1
2017-10-08 18:00:00,0.0,gas_ocgt,MW,nem,NSW1
2017-10-08 18:05:00,0.0,gas_ocgt,MW,nem,NSW1
2017-10-08 18:10:00,0.0,gas_ocgt,MW,nem,NSW1
2017-10-08 18:15:00,0.0,gas_ocgt,MW,nem,NSW1
2017-10-08 18:20:00,0.0,gas_ocgt,MW,nem,NSW1
2017-10-08 18:25:00,0.0,gas_ocgt,MW,nem,NSW1
2017-10-08 18:30:00,0.0,gas_ocgt,MW,nem,NSW1
2017-10-08 18:35:00,0.0,gas_ocgt,MW,nem,NSW1
2017-10-08 18:40:00,0.0,gas_ocgt,MW,nem,NSW1
2017-10-08 18:45:00,0.0,gas_ocgt,MW,nem,NSW1
2017-10-08 18:50:00,0.0,gas_ocgt,MW,nem,NSW1
2017-10-08 18:55:00,0.0,gas_ocgt,MW,nem,NSW1
2017-10-08 19:00:00,0.0,gas_ocgt,MW,nem,NSW1
2017-10-08 19:05:00,0.0,gas_ocgt,MW,nem,NSW1
2017-10-08 19:10:00,0.0,gas_ocgt,MW,nem,NSW1
2017-10-08 19:15:00,0.0,gas_ocgt,MW,nem,NSW1
2017-10-08 19:20:00,0.0,gas_ocgt,MW,nem,NSW1
2017-10-08 19:25:00,0.0,gas_ocgt,MW,nem,NSW1
2017-10-08 19:30:00,0.0,gas_ocgt,MW,nem,NSW1
2017-10-08 19:35:00,0.0,gas_ocgt,MW,nem,NSW1
2017-10-08 19:40:00,0.0,gas_ocgt,MW,nem,NSW1
2017-10-08 19:45:00,0.0,gas_ocgt,MW,nem,NSW1
2017-10-08 19:50:00,0.0,gas_ocgt,MW,nem,NSW1
2017-10-08 19:55:00,0.0,gas_ocgt,MW,nem,NSW1
2017-10-08 20:00:00,0.0,gas_ocgt,MW,nem,NSW1
2017-10-08 20:05:00,0.0,gas_ocgt,MW,nem,NSW1
2017-10-08 20:10:00,0.0,gas_ocgt,MW,nem,NSW1
2017-10-08 20:15:00,0.0,gas_ocgt,MW,nem,NSW1
2017-10-08 20:20:00,0.0,gas_ocgt,MW,nem,NSW1
2017-10-08 20:25:00,0.0,gas_ocgt,MW,nem,NSW1
2017-10-08 20:30:00,0.0,gas_ocgt,MW,nem,NSW1
2017-10-08 20:35:00,0.0,gas_ocgt,MW,nem,NSW1
2017-10-08 20:40:00,0.0,gas_ocgt,MW,nem,NSW1
2017-10-08 20:45:00,0.0,gas_ocgt,MW,nem,NSW1
2017-10-08 20:50:00,0.0,gas_ocgt,MW,nem,NSW1
2017-10-08 20:55:00,0.0,gas_ocgt,MW,nem,NSW1
2017-10-08 21:00:00,0.0,gas_ocgt,MW,nem,NSW1
2017-10-08 21:05:00,0.0,gas_ocgt,MW,nem,NSW1
2017-10-08 21:10:00,0.0,gas_ocgt,MW,nem,NSW1
2017-10-08 21:15:00,0.0,gas_ocgt,MW,nem,NSW1
2017-10-08 21:20:00,0.0,gas_ocgt,MW,nem,NSW1
2017-10-08 21:25:00,0.0,gas_ocgt,MW,nem,NSW1
2017-10-08 21:30:00,0.0,gas_ocgt,MW,nem,NSW1
2017-10-08 21:35:00,0.0,gas_ocgt,MW,nem,NSW1
2017-10-08 21:40:00,0.0,gas_ocgt,MW,nem,NSW1
2017-10-08 21:45:00,0.0,gas_ocgt,MW,nem,NSW1
2017-10-08 21:50:00,0.0,gas_ocgt,MW,nem,NSW1
2017-10-08 21:55:00,0.0,gas_ocgt,MW,nem,NSW1
2017-10-08 22:00:00,0.0,gas_ocgt,MW,nem,NSW1
2017-10-08 22:05:00,0.0,gas_ocgt,MW,nem,NSW1
2017-10-08 22:10:00,0.0,gas_ocgt,MW,nem,NSW1
2017-10-08 22:15:00,0.0,gas_ocgt,MW,nem,NSW1
2017-10-08 22:20:00,0.0,gas_ocgt,MW,nem,NSW1
2017-10-08 22:25:00,0.0,gas_ocgt,MW,nem,NSW1
2017-10-08 22:30:00,0.0,gas_ocgt,MW,nem,NSW1
2017-10-08 22:35:00,0.0,gas_ocgt,MW,nem,NSW1
2017-10-08 22:40:00,0.0,gas_ocgt,MW,nem,NSW1
2017-10-08 22:45:00,0.0,gas_ocgt,MW,nem,NSW1
2017-10-08 22:50:00,0.0,gas_ocgt,MW,nem,NSW1
2017-10-08 22:55:00,0.0,gas_ocgt,MW,nem,NSW1
2017-10-08 23:00:00,0.0,gas_ocgt,MW,nem,NSW1
2017-10-08 23:05:00,0.0,gas_ocgt,MW,nem,NSW1
2017-10-08 23:10:00,0.0,gas_ocgt,MW,nem,NSW1
2017-10-08 23:15:00,0.0,gas_ocgt,MW,nem,NSW1
2017-10-08 23:20:00,0.0,gas_ocgt,MW,nem,NSW1
2017-10-08 23:25:00,0.0,gas_ocgt,MW,nem,NSW1
2017-10-08 23:30:00,0.0,gas_ocgt,MW,nem,NSW1
2017-10-08 23:35:00,0.0,gas_ocgt,MW,nem,NSW1
2017-10-08 23:40:00,0.0,gas_ocgt,MW,nem,NSW1
2017-10-08 23:45:00,0.0,gas_ocgt,MW,nem,NSW1
2017-10-08 23:50:00,0.0,gas_ocgt,MW,nem,NSW1
2017-10-08 23:55:00,0.0,gas_ocgt,MW,nem,NSW1
2017-10-09 00:00:00,0.0,gas_ocgt,MW,nem,NSW1
2017-10-09 00:05:00,0.0,gas_ocgt,MW,nem,NSW1
2017-10-09 00:10:00,0.0,gas_ocgt,MW,nem,NSW1
2017-10-09 00:15:00,0.0,gas_ocgt,MW,nem,NSW1
2017-10-09 00:20:00,0.0,gas_ocgt,MW,nem,NSW1
2017-10-09 00:25:00,0.0,gas_ocgt,MW,nem,NSW1
2017-10-09 00:30:00,0.0,gas_ocgt,MW,nem,NSW1
2017-10-09 00:35:00,0.0,gas_ocgt,MW,nem,NSW1
2017-10-09 00:40:00,0.0,gas_ocgt,MW,nem,NSW1
2017-10-09 00:45:00,0.0,gas_ocgt,MW,nem,NSW1
2017-10-09 00:50:00,0.0,gas_ocgt,MW,nem,NSW1
2017-10-09 00:55:00,0.0,gas_ocgt,MW,nem,NSW1
2017-10-09 01:00:00,0.0,gas_ocgt,MW,nem,NSW1
2017-10-09 01:05:00,0.0,gas_ocgt,MW,nem,NSW1
2017-10-09 01:10:00,0.0,gas_ocgt,MW,nem,NSW1
2017-10-09 01:15:00,0.0,gas_ocgt,MW,nem,NSW1
2017-10-09 01:20:00,0.0,gas_ocgt,MW,nem,NSW1
2017-10-09 01:25:00,0.0,gas_ocgt,MW,nem,NSW1
2017-10-09 01:30:00,0.0,gas_ocgt,MW,nem,NSW1
2017-10-09 01:35:00,0.0,gas_ocgt,MW,nem,NSW1
2017-10-09 01:40:00,0.0,gas_ocgt,MW,nem,NSW1
2017-10-09 01:45:00,0.0,gas_ocgt,MW,nem,NSW1
2017-10-09 01:50:00,0.0,gas_ocgt,MW,nem,NSW1
2017-10-09 01:55:00,0.0,gas_ocgt,MW,nem,NSW1
2017-10-09 02:00:00,0.0,gas_ocgt,MW,nem,NSW1
2017-10-09 02:05:00,0.0,gas_ocgt,MW,nem,NSW1
2017-10-09 02:10:00,0.0,gas_ocgt,MW,nem,NSW1
2017-10-09 02:15:00,0.0,gas_ocgt,MW,nem,NSW1
2017-10-09 02:20:00,0.0,gas_ocgt,MW,nem,NSW1
2017-10-09 02:25:00,0.0,gas_ocgt,MW,nem,NSW1
2017-10-09 02:30:00,0.0,gas_ocgt,MW,nem,NSW1
2017-10-09 02:35:00,0.0,gas_ocgt,MW,nem,NSW1
2017-10-09 02:40:00,0.0,gas_ocgt,MW,nem,NSW1
2017-10-09 02:45:00,0.0,gas_ocgt,MW,nem,NSW1
2017-10-09 02:50:00,0.0,gas_ocgt,MW,nem,NSW1
2017-10-09 02:55:00,0.0,gas_ocgt,MW,nem,NSW1
2017-10-09 03:00:00,0.0,gas_ocgt,MW,nem,NSW1
2017-10-09 03:05:00,0.0,gas_ocgt,MW,nem,NSW1
2017-10-09 03:10:00,0.0,gas_ocgt,MW,nem,NSW1
2017-10-09 03:15:00,0.0,gas_ocgt,MW,nem,NSW1
2017-10-09 03:20:00,0.0,gas_ocgt,MW,nem,NSW1
2017-10-09 03:25:00,0.0,gas_ocgt,MW,nem,NSW1
2017-10-09 03:30:00,0.0,gas_ocgt,MW,nem,NSW1
2017-10-09 03:35:00,0.0,gas_ocgt,MW,nem,NSW1
2017-10-09 03:40:00,0.0,gas_ocgt,MW,nem,NSW1
2017-10-09 03:45:00,0.0,gas_ocgt,MW,nem,NSW1
2017-10-09 03:50:00,0.0,gas_ocgt,MW,nem,NSW1
2017-10-09 03:55:00,0.0,gas_ocgt,MW,nem,NSW1
2017-10-09 04:00:00,0.0,gas_ocgt,MW,nem,NSW1
2017-10-09 04:05:00,0.0,gas_ocgt,MW,nem,NSW1
2017-10-09 04:10:00,0.0,gas_ocgt,MW,nem,NSW1
2017-10-09 04:15:00,0.0,gas_ocgt,MW,nem,NSW1
2017-10-09 04:20:00,0.0,gas_ocgt,MW,nem,NSW1
2017-10-09 04:25:00,0.0,gas_ocgt,MW,nem,NSW1
2017-10-09 04:30:00,0.0,gas_ocgt,MW,nem,NSW1
2017-10-09 04:35:00,0.0,gas_ocgt,MW,nem,NSW1
2017-10-09 04:40:00,0.0,gas_ocgt,MW,nem,NSW1
2017-10-09 04:45:00,0.0,gas_ocgt,MW,nem,NSW1
2017-10-09 04:50:00,0.0,gas_ocgt,MW,nem,NSW1
2017-10-09 04:55:00,0.0,gas_ocgt,MW,nem,NSW1
2017-10-09 05:00:00,0.0,gas_ocgt,MW,nem,NSW1
2017-10-09 05:05:00,0.0,gas_ocgt,MW,nem,NSW1
2017-10-09 05:10:00,0.0,gas_ocgt,MW,nem,NSW1
2017-10-09 05:15:00,0.0,gas_ocgt,MW,nem,NSW1
2017-10-09 05:20:00,0.0,gas_ocgt,MW,nem,NSW1
2017-10-09 05:25:00,0.0,gas_ocgt,MW,nem,NSW1
2017-10-09 05:30:00,0.0,gas_ocgt,MW,nem,NSW1
2017-10-09 05:35:00,0.0,gas_ocgt,MW,nem,NSW1
2017-10-09 05:40:00,0.0,gas_ocgt,MW,nem,NSW1
2017-10-09 05:45:00,0.0,gas_ocgt,MW,nem,NSW1
2017-10-09 05:50:00,0.0,gas_ocgt,MW,nem,NSW1
2017-10-09 05:55:00,0.0,gas_ocgt,MW,nem,NSW1
2017-10-09 06:00:00,0.0,gas_ocgt,MW,nem,NSW1
2017-10-09 06:05:00,0.0,gas_ocgt,MW,nem,NSW1
2017-10-09 06:10:00,0.0,gas_ocgt,MW,nem,NSW1
2017-10-09 06:15:00,0.0,gas_ocgt,MW,nem,NSW1
2017-10-09 06:20:00,0.0,gas_ocgt,MW,nem,NSW1
2017-10-09 06:25:00,0.0,gas_ocgt,MW,nem,NSW1
2017-10-09 06:30:00,0.0,gas_ocgt,MW,nem,NSW1
2017-10-09 06:35:00,0.0,gas_ocgt,MW,nem,NSW1
2017-10-09 06:40:00,0.0,gas_ocgt,MW,nem,NSW1
2017-10-09 06:45:00,0.0,gas_ocgt,MW,nem,NSW1
2017-10-09 06:50:00,0.0,gas_ocgt,MW,nem,NSW1
2017-10-09 06:55:00,0.0,gas_ocgt,MW,nem,NSW1
2017-10-09 07:00:00,0.0,gas_ocgt,MW,nem,NSW1
2017-10-09 07:05:00,0.0,gas_ocgt,MW,nem,NSW1
2017-10-09 07:10:00,0.0,gas_ocgt,MW,nem,NSW1
2017-10-09 07:15:00,0.0,gas_ocgt,MW,nem,NSW1
2017-10-09 07:20:00,0.0,gas_ocgt,MW,nem,NSW1
2017-10-09 07:25:00,0.0,gas_ocgt,MW,nem,NSW1
2017-10-09 07:30:00,0.0,gas_ocgt,MW,nem,NSW1
2017-10-09 07:35:00,0.0,gas_ocgt,MW,nem,NSW1
2017-10-09 07:40:00,0.0,gas_ocgt,MW,nem,NSW1
2017-10-09 07:45:00,0.0,gas_ocgt,MW,nem,NSW1
2017-10-09 07:50:00,0.0,gas_ocgt,MW,nem,NSW1
2017-10-09 07:55:00,0.0,gas_ocgt,MW,nem,NSW1
2017-10-09 08:00:00,0.0,gas_ocgt,MW,nem,NSW1
2017-10-09 08:05:00,0.0,gas_ocgt,MW,nem,NSW1
2017-10-09 08:10:00,0.0,gas_ocgt,MW,nem,NSW1
2017-10-09 08:15:00,0.0,gas_ocgt,MW,nem,NSW1
2017-10-09 08:20:00,0.0,gas_ocgt,MW,nem,NSW1
2017-10-09 08:25:00,0.0,gas_ocgt,MW,nem,NSW1
2017-10-09 08:30:00,0.0,gas_ocgt,MW,nem,NSW1
2017-10-09 08:35:00,0.0,gas_ocgt,MW,nem,NSW1
2017-10-09 08:40:00,0.0,gas_ocgt,MW,nem,NSW1
2017-10-09 08:45:00,0.0,gas_ocgt,MW,nem,NSW1
2017-10-09 08:50:00,0.0,gas_ocgt,MW,nem,NSW1
2017-10-09 08:55:00,0.0,gas_ocgt,MW,nem,NSW1
2017-10-09 09:00:00,0.0,gas_ocgt,MW,nem,NSW1
2017-10-09 09:05:00,0.0,gas_ocgt,MW,nem,NSW1
2017-10-09 09:10:00,0.0,gas_ocgt,MW,nem,NSW1
2017-10-09 09:15:00,0.0,gas_ocgt,MW,nem,NSW1
2017-10-09 09:20:00,0.0,gas_ocgt,MW,nem,NSW1
2017-10-09 09:25:00,0.0,gas_ocgt,MW,nem,NSW1
2017-10-09 09:30:00,0.0,gas_ocgt,MW,nem,NSW1
2017-10-09 09:35:00,0.0,gas_ocgt,MW,nem,NSW1
2017-10-09 09:40:00,0.0,gas_ocgt,MW,nem,NSW1
2017-10-09 09:45:00,0.0,gas_ocgt,MW,nem,NSW1
2017-10-09 09:50:00,0.0,gas_ocgt,MW,nem,NSW1
2017-10-09 09:55:00,0.0,gas_ocgt,MW,nem,NSW1
2017-10-09 10:00:00,0.0,gas_ocgt,MW,nem,NSW1
2017-10-09 10:05:00,0.0,gas_ocgt,MW,nem,NSW1
2017-10-09 10:10:00,0.0,gas_ocgt,MW,nem,NSW1
2017-10-09 10:15:00,0.0,gas_ocgt,MW,nem,NSW1
2017-10-09 10:20:00,0.0,gas_ocgt,MW,nem,NSW1
2017-10-09 10:25:00,0.0,gas_ocgt,MW,nem,NSW1
2017-10-09 10:30:00,0.0,gas_ocgt,MW,nem,NSW1
2017-10-09 10:35:00,0.0,gas_ocgt,MW,nem,NSW1
2017-10-09 10:40:00,0.0,gas_ocgt,MW,nem,NSW1
2017-10-09 10:45:00,0.0,gas_ocgt,MW,nem,NSW1
2017-10-09 10:50:00,0.0,gas_ocgt,MW,nem,NSW1
2017-10-09 10:55:00,0.0,gas_ocgt,MW,nem,NSW1
2017-10-09 11:00:00,0.0,gas_ocgt,MW,nem,NSW1
2017-10-09 11:05:00,0.0,gas_ocgt,MW,nem,NSW1
2017-10-09 11:10:00,0.0,gas_ocgt,MW,nem,NSW1
2017-10-09 11:15:00,0.0,gas_ocgt,MW,nem,NSW1
2017-10-09 11:20:00,0.0,gas_ocgt,MW,nem,NSW1
2017-10-09 11:25:00,0.0,gas_ocgt,MW,nem,NSW1
2017-10-09 11:30:00,0.0,gas_ocgt,MW,nem,NSW1
2017-10-09 11:35:00,0.0,gas_ocgt,MW,nem,NSW1
2017-10-09 11:40:00,0.0,gas_ocgt,MW,nem,NSW1
2017-10-09 11:45:00,0.0,gas_ocgt,MW,nem,NSW1
2017-10-09 11:50:00,0.0,gas_ocgt,MW,nem,NSW1
2017-10-09 11:55:00,0.0,gas_ocgt,MW,nem,NSW1
2017-10-09 12:00:00,0.0,gas_ocgt,MW,nem,NSW1
2017-10-09 12:05:00,0.0,gas_ocgt,MW,nem,NSW1
2017-10-09 12:10:00,0.0,gas_ocgt,MW,nem,NSW1
2017-10-09 12:15:00,0.0,gas_ocgt,MW,nem,NSW1
2017-10-09 12:20:00,0.0,gas_ocgt,MW,nem,NSW1
2017-10-09 12:25:00,0.0,gas_ocgt,MW,nem,NSW1
2017-10-09 12:30:00,0.0,gas_ocgt,MW,nem,NSW1
2017-10-09 12:35:00,0.0,gas_ocgt,MW,nem,NSW1
2017-10-09 12:40:00,0.0,gas_ocgt,MW,nem,NSW1
2017-10-09 12:45:00,0.0,gas_ocgt,MW,nem,NSW1
2017-10-09 12:50:00,0.0,gas_ocgt,MW,nem,NSW1
2017-10-09 12:55:00,0.0,gas_ocgt,MW,nem,NSW1
2017-10-09 13:00:00,0.0,gas_ocgt,MW,nem,NSW1
2017-10-09 13:05:00,0.0,gas_ocgt,MW,nem,NSW1
2017-10-09 13:10:00,0.0,gas_ocgt,MW,nem,NSW1
2017-10-09 13:15:00,0.0,gas_ocgt,MW,nem,NSW1
2017-10-09 13:20:00,0.0,gas_ocgt,MW,nem,NSW1
2017-10-09 13:25:00,0.0,gas_ocgt,MW,nem,NSW1
2017-10-09 13:30:00,0.0,gas_ocgt,MW,nem,NSW1
2017-10-09 13:35:00,0.0,gas_ocgt,MW,nem,NSW1
2017-10-09 13:40:00,0.0,gas_ocgt,MW,nem,NSW1
2017-10-09 13:45:00,0.0,gas_ocgt,MW,nem,NSW1
2017-10-09 13:50:00,0.0,gas_ocgt,MW,nem,NSW1
2017-10-09 13:55:00,0.0,gas_ocgt,MW,nem,NSW1
2017-10-09 14:00:00,0.0,gas_ocgt,MW,nem,NSW1
2017-10-09 14:05:00,0.0,gas_ocgt,MW,nem,NSW1
2017-10-09 14:10:00,0.0,gas_ocgt,MW,nem,NSW1
2017-10-09 14:15:00,0.0,gas_ocgt,MW,nem,NSW1
2017-10-09 14:20:00,0.0,gas_ocgt,MW,nem,NSW1
2017-10-09 14:25:00,0.0,gas_ocgt,MW,nem,NSW1
2017-10-09 14:30:00,0.0,gas_ocgt,MW,nem,NSW1
2017-10-09 14:35:00,0.0,gas_ocgt,MW,nem,NSW1
2017-10-09 14:40:00,0.0,gas_ocgt,MW,nem,NSW1
2017-10-09 14:45:00,0.0,gas_ocgt,MW,nem,NSW1
2017-10-09 14:50:00,0.0,gas_ocgt,MW,nem,NSW1
2017-10-09 14:55:00,0.0,gas_ocgt,MW,nem,NSW1
2017-10-09 15:00:00,0.0,gas_ocgt,MW,nem,NSW1
2017-10-09 15:05:00,0.0,gas_ocgt,MW,nem,NSW1
2017-10-09 15:10:00,0.0,gas_ocgt,MW,nem,NSW1
2017-10-09 15:15:00,0.0,gas_ocgt,MW,nem,NSW1
2017-10-09 15:20:00,0.0,gas_ocgt,MW,nem,NSW1
2017-10-09 15:25:00,0.0,gas_ocgt,MW,nem,NSW1
2017-10-09 15:30:00,0.0,gas_ocgt,MW,nem,NSW1
2017-10-09 15:35:00,0.0,gas_ocgt,MW,nem,NSW1
2017-10-09 15:40:00,0.0,gas_ocgt,MW,nem,NSW1
2017-10-09 15:45:00,0.0,gas_ocgt,MW,nem,NSW1
2017-10-09 15:50:00,0.0,gas_ocgt,MW,nem,NSW1
2017-10-09 15:55:00,0.0,gas_ocgt,MW,nem,NSW1
2017-10-09 16:00:00,0.0,gas_ocgt,MW,nem,NSW1
2017-10-09 16:05:00,0.0,gas_ocgt,MW,nem,NSW1
2017-10-09 16:10:00,0.0,gas_ocgt,MW,nem,NSW1
2017-10-09 16:15:00,0.0,gas_ocgt,MW,nem,NSW1
2017-10-09 16:20:00,0.0,gas_ocgt,MW,nem,NSW1
2017-10-09 16:25:00,0.0,gas_ocgt,MW,nem,NSW1
2017-10-09 16:30:00,0.0,gas_ocgt,MW,nem,NSW1
2017-10-09 16:35:00,0.0,gas_ocgt,MW,nem,NSW1
2017-10-09 16:40:00,0.0,gas_ocgt,MW,nem,NSW1
2017-10-09 16:45:00,0.0,gas_ocgt,MW,nem,NSW1
2017-10-09 16:50:00,0.0,gas_ocgt,MW,nem,NSW1
2017-10-09 16:55:00,0.0,gas_ocgt,MW,nem,NSW1
2017-10-09 17:00:00,0.0,gas_ocgt,MW,nem,NSW1
2017-10-09 17:05:00,0.0,gas_ocgt,MW,nem,NSW1
2017-10-09 17:10:00,0.0,gas_ocgt,MW,nem,NSW1
2017-10-09 17:15:00,0.0,gas_ocgt,MW,nem,NSW1
2017-10-09 17:20:00,0.0,gas_ocgt,MW,nem,NSW1
2017-10-09 17:25:00,0.0,gas_ocgt,MW,nem,NSW1
2017-10-09 17:30:00,0.0,gas_ocgt,MW,nem,NSW1
2017-10-09 17:35:00,0.0,gas_ocgt,MW,nem,NSW1
2017-10-09 17:40:00,0.0,gas_ocgt,MW,nem,NSW1
2017-10-09 17:45:00,0.0,gas_ocgt,MW,nem,NSW1
2017-10-09 17:50:00,0.0,gas_ocgt,MW,nem,NSW1
2017-10-09 17:55:00,0.0,gas_ocgt,MW,nem,NSW1
2017-10-09 18:00:00,0.0,gas_ocgt,MW,nem,NSW1
2017-10-09 18:05:00,0.0,gas_ocgt,MW,nem,NSW1
2017-10-09 18:10:00,0.0,gas_ocgt,MW,nem,NSW1
2017-10-09 18:15:00,0.0,gas_ocgt,MW,nem,NSW1
2017-10-09 18:20:00,0.0,gas_ocgt,MW,nem,NSW1
2017-10-09 18:25:00,0.0,gas_ocgt,MW,nem,NSW1
2017-10-09 18:30:00,0.0,gas_ocgt,MW,nem,NSW1
2017-10-09 18:35:00,0.0,gas_ocgt,MW,nem,NSW1
2017-10-09 18:40:00,0.0,gas_ocgt,MW,nem,NSW1
2017-10-09 18:45:00,0.0,gas_ocgt,MW,nem,NSW1
2017-10-09 18:50:00,0.0,gas_ocgt,MW,nem,NSW1
2017-10-09 18:55:00,0.0,gas_ocgt,MW,nem,NSW1
2017-10-09 19:00:00,0.0,gas_ocgt,MW,nem,NSW1
2017-10-09 19:05:00,0.0,gas_ocgt,MW,nem,NSW1
2017-10-09 19:10:00,0.0,gas_ocgt,MW,nem,NSW1
2017-10-09 19:15:00,0.0,gas_ocgt,MW,nem,NSW1
2017-10-09 19:20:00,0.0,gas_ocgt,MW,nem,NSW1
2017-10-09 19:25:00,0.0,gas_ocgt,MW,nem,NSW1
2017-10-09 19:30:00,0.0,gas_ocgt,MW,nem,NSW1
2017-10-09 19:35:00,0.0,gas_ocgt,MW,nem,NSW1
2017-10-09 19:40:00,0.0,gas_ocgt,MW,nem,NSW1
2017-10-09 19:45:00,0.0,gas_ocgt,MW,nem,NSW1
2017-10-09 19:50:00,0.0,gas_ocgt,MW,nem,NSW1
2017-10-09 19:55:00,0.0,gas_ocgt,MW,nem,NSW1
2017-10-09 20:00:00,0.0,gas_ocgt,MW,nem,NSW1
2017-10-09 20:05:00,0.0,gas_ocgt,MW,nem,NSW1
2017-10-09 20:10:00,0.0,gas_ocgt,MW,nem,NSW1
2017-10-09 20:15:00,0.0,gas_ocgt,MW,nem,NSW1
2017-10-09 20:20:00,0.0,gas_ocgt,MW,nem,NSW1
2017-10-09 20:25:00,0.0,gas_ocgt,MW,nem,NSW1
2017-10-09 20:30:00,0.0,gas_ocgt,MW,nem,NSW1
2017-10-09 20:35:00,0.0,gas_ocgt,MW,nem,NSW1
2017-10-09 20:40:00,0.0,gas_ocgt,MW,nem,NSW1
2017-10-09 20:45:00,0.0,gas_ocgt,MW,nem,NSW1
2017-10-09 20:50:00,0.0,gas_ocgt,MW,nem,NSW1
2017-10-09 20:55:00,0.0,gas_ocgt,MW,nem,NSW1
2017-10-09 21:00:00,0.0,gas_ocgt,MW,nem,NSW1
2017-10-09 21:05:00,0.0,gas_ocgt,MW,nem,NSW1
2017-10-09 21:10:00,0.0,gas_ocgt,MW,nem,NSW1
2017-10-09 21:15:00,0.0,gas_ocgt,MW,nem,NSW1
2017-10-09 21:20:00,0.0,gas_ocgt,MW,nem,NSW1
2017-10-09 21:25:00,0.0,gas_ocgt,MW,nem,NSW1
2017-10-09 21:30:00,0.0,gas_ocgt,MW,nem,NSW1
2017-10-09 21:35:00,0.0,gas_ocgt,MW,nem,NSW1
2017-10-09 21:40:00,0.0,gas_ocgt,MW,nem,NSW1
2017-10-09 21:45:00,0.0,gas_ocgt,MW,nem,NSW1
2017-10-09 21:50:00,0.0,gas_ocgt,MW,nem,NSW1
2017-10-09 21:55:00,0.0,gas_ocgt,MW,nem,NSW1
2017-10-09 22:00:00,0.0,gas_ocgt,MW,nem,NSW1
2017-10-09 22:05:00,0.0,gas_ocgt,MW,nem,NSW1
2017-10-09 22:10:00,0.0,gas_ocgt,MW,nem,NSW1
2017-10-09 22:15:00,0.0,gas_ocgt,MW,nem,NSW1
2017-10-09 22:20:00,0.0,gas_ocgt,MW,nem,NSW1
2017-10-09 22:25:00,0.0,gas_ocgt,MW,nem,NSW1
2017-10-09 22:30:00,0.0,gas_ocgt,MW,nem,NSW1
2017-10-09 22:35:00,0.0,gas_ocgt,MW,nem,NSW1
2017-10-09 22:40:00,0.0,gas_ocgt,MW,nem,NSW1
2017-10-09 22:45:00,0.0,gas_ocgt,MW,nem,NSW1
2017-10-09 22:50:00,0.0,gas_ocgt,MW,nem,NSW1
2017-10-09 22:55:00,0.0,gas_ocgt,MW,nem,NSW1
2017-10-09 23:00:00,0.0,gas_ocgt,MW,nem,NSW1
2017-10-09 23:05:00,0.0,gas_ocgt,MW,nem,NSW1
2017-10-09 23:10:00,0.0,gas_ocgt,MW,nem,NSW1
2017-10-09 23:15:00,0.0,gas_ocgt,MW,nem,NSW1
2017-10-09 23:20:00,0.0,gas_ocgt,MW,nem,NSW1
2017-10-09 23:25:00,0.0,gas_ocgt,MW,nem,NSW1
2017-10-09 23:30:00,0.0,gas_ocgt,MW,nem,NSW1
2017-10-09 23:35:00,0.0,gas_ocgt,MW,nem,NSW1
2017-10-09 23:40:00,0.0,gas_ocgt,MW,nem,NSW1
2017-10-09 23:45:00,0.0,gas_ocgt,MW,nem,NSW1
2017-10-09 23:50:00,0.0,gas_ocgt,MW,nem,NSW1
2017-10-09 23:55:00,0.0,gas_ocgt,MW,nem,NSW1
2017-10-10 00:00:00,0.0,gas_ocgt,MW,nem,NSW1
2017-10-10 00:05:00,0.0,gas_ocgt,MW,nem,NSW1
2017-10-10 00:10:00,0.0,gas_ocgt,MW,nem,NSW1
2017-10-10 00:15:00,0.0,gas_ocgt,MW,nem,NSW1
2017-10-10 00:20:00,0.0,gas_ocgt,MW,nem,NSW1
2017-10-10 00:25:00,0.0,gas_ocgt,MW,nem,NSW1
2017-10-10 00:30:00,0.0,gas_ocgt,MW,nem,NSW1
2017-10-10 00:35:00,0.0,gas_ocgt,MW,nem,NSW1
2017-10-10 00:40:00,0.0,gas_ocgt,MW,nem,NSW1
2017-10-10 00:45:00,0.0,gas_ocgt,MW,nem,NSW1
2017-10-10 00:50:00,0.0,gas_ocgt,MW,nem,NSW1
2017-10-10 00:55:00,0.0,gas_ocgt,MW,nem,NSW1
2017-10-10 01:00:00,0.0,gas_ocgt,MW,nem,NSW1
2017-10-10 01:05:00,0.0,gas_ocgt,MW,nem,NSW1
2017-10-10 01:10:00,0.0,gas_ocgt,MW,nem,NSW1
2017-10-10 01:15:00,0.0,gas_ocgt,MW,nem,NSW1
2017-10-10 01:20:00,0.0,gas_ocgt,MW,nem,NSW1
2017-10-10 01:25:00,0.0,gas_ocgt,MW,nem,NSW1
2017-10-10 01:30:00,0.0,gas_ocgt,MW,nem,NSW1
2017-10-10 01:35:00,0.0,gas_ocgt,MW,nem,NSW1
2017-10-10 01:40:00,0.0,gas_ocgt,MW,nem,NSW1
2017-10-10 01:45:00,0.0,gas_ocgt,MW,nem,NSW1
2017-10-10 01:50:00,0.0,gas_ocgt,MW,nem,NSW1
2017-10-10 01:55:00,0.0,gas_ocgt,MW,nem,NSW1
2017-10-10 02:00:00,0.0,gas_ocgt,MW,nem,NSW1
2017-10-10 02:05:00,0.0,gas_ocgt,MW,nem,NSW1
2017-10-10 02:10:00,0.0,gas_ocgt,MW,nem,NSW1
2017-10-10 02:15:00,0.0,gas_ocgt,MW,nem,NSW1
2017-10-10 02:20:00,0.0,gas_ocgt,MW,nem,NSW1
2017-10-10 02:25:00,0.0,gas_ocgt,MW,nem,NSW1
2017-10-10 02:30:00,0.0,gas_ocgt,MW,nem,NSW1
2017-10-10 02:35:00,0.0,gas_ocgt,MW,nem,NSW1
2017-10-10 02:40:00,0.0,gas_ocgt,MW,nem,NSW1
2017-10-10 02:45:00,0.0,gas_ocgt,MW,nem,NSW1
2017-10-10 02:50:00,0.0,gas_ocgt,MW,nem,NSW1
2017-10-10 02:55:00,0.0,gas_ocgt,MW,nem,NSW1
2017-10-10 03:00:00,0.0,gas_ocgt,MW,nem,NSW1
2017-10-10 03:05:00,0.0,gas_ocgt,MW,nem,NSW1
2017-10-10 03:10:00,0.0,gas_ocgt,MW,nem,NSW1
2017-10-10 03:15:00,0.0,gas_ocgt,MW,nem,NSW1
2017-10-10 03:20:00,0.0,gas_ocgt,MW,nem,NSW1
2017-10-10 03:25:00,0.0,gas_ocgt,MW,nem,NSW1
2017-10-10 03:30:00,0.0,gas_ocgt,MW,nem,NSW1
2017-10-10 03:35:00,0.0,gas_ocgt,MW,nem,NSW1
2017-10-10 03:40:00,0.0,gas_ocgt,MW,nem,NSW1
2017-10-10 03:45:00,0.0,gas_ocgt,MW,nem,NSW1
2017-10-10 03:50:00,0.0,gas_ocgt,MW,nem,NSW1
2017-10-10 03:55:00,0.0,gas_ocgt,MW,nem,NSW1
2017-10-10 04:00:00,0.0,gas_ocgt,MW,nem,NSW1
2017-10-10 04:05:00,0.0,gas_ocgt,MW,nem,NSW1
2017-10-10 04:10:00,0.0,gas_ocgt,MW,nem,NSW1
2017-10-10 04:15:00,0.0,gas_ocgt,MW,nem,NSW1
2017-10-10 04:20:00,0.0,gas_ocgt,MW,nem,NSW1
2017-10-10 04:25:00,0.0,gas_ocgt,MW,nem,NSW1
2017-10-10 04:30:00,0.0,gas_ocgt,MW,nem,NSW1
2017-10-10 04:35:00,0.0,gas_ocgt,MW,nem,NSW1
2017-10-10 04:40:00,0.0,gas_ocgt,MW,nem,NSW1
2017-10-10 04:45:00,0.0,gas_ocgt,MW,nem,NSW1
2017-10-10 04:50:00,0.0,gas_ocgt,MW,nem,NSW1
2017-10-10 04:55:00,0.0,gas_ocgt,MW,nem,NSW1
2017-10-10 05:00:00,0.0,gas_ocgt,MW,nem,NSW1
2017-10-10 05:05:00,0.0,gas_ocgt,MW,nem,NSW1
2017-10-10 05:10:00,0.0,gas_ocgt,MW,nem,NSW1
2017-10-10 05:15:00,0.0,gas_ocgt,MW,nem,NSW1
2017-10-10 05:20:00,0.0,gas_ocgt,MW,nem,NSW1
2017-10-10 05:25:00,0.0,gas_ocgt,MW,nem,NSW1
2017-10-10 05:30:00,0.0,gas_ocgt,MW,nem,NSW1
2017-10-10 05:35:00,0.0,gas_ocgt,MW,nem,NSW1
2017-10-10 05:40:00,0.0,gas_ocgt,MW,nem,NSW1
2017-10-10 05:45:00,0.0,gas_ocgt,MW,nem,NSW1
2017-10-10 05:50:00,0.0,gas_ocgt,MW,nem,NSW1
2017-10-10 05:55:00,0.0,gas_ocgt,MW,nem,NSW1
2017-10-10 06:00:00,0.0,gas_ocgt,MW,nem,NSW1
2017-10-10 06:05:00,0.0,gas_ocgt,MW,nem,NSW1
2017-10-10 06:10:00,0.0,gas_ocgt,MW,nem,NSW1
2017-10-10 06:15:00,0.0,gas_ocgt,MW,nem,NSW1
2017-10-10 06:20:00,0.0,gas_ocgt,MW,nem,NSW1
2017-10-10 06:25:00,0.0,gas_ocgt,MW,nem,NSW1
2017-10-10 06:30:00,0.0,gas_ocgt,MW,nem,NSW1
2017-10-10 06:35:00,0.0,gas_ocgt,MW,nem,NSW1
2017-10-10 06:40:00,0.0,gas_ocgt,MW,nem,NSW1
2017-10-10 06:45:00,0.0,gas_ocgt,MW,nem,NSW1
2017-10-10 06:50:00,0.0,gas_ocgt,MW,nem,NSW1
2017-10-10 06:55:00,0.0,gas_ocgt,MW,nem,NSW1
2017-10-10 07:00:00,0.0,gas_ocgt,MW,nem,NSW1
2017-10-10 07:05:00,0.0,gas_ocgt,MW,nem,NSW1
2017-10-10 07:10:00,0.0,gas_ocgt,MW,nem,NSW1
2017-10-10 07:15:00,0.0,gas_ocgt,MW,nem,NSW1
2017-10-10 07:20:00,0.0,gas_ocgt,MW,nem,NSW1
2017-10-10 07:25:00,0.0,gas_ocgt,MW,nem,NSW1
2017-10-10 07:30:00,0.0,gas_ocgt,MW,nem,NSW1
2017-10-10 07:35:00,0.0,gas_ocgt,MW,nem,NSW1
2017-10-10 07:40:00,0.0,gas_ocgt,MW,nem,NSW1
2017-10-10 07:45:00,0.0,gas_ocgt,MW,nem,NSW1
2017-10-10 07:50:00,0.0,gas_ocgt,MW,nem,NSW1
2017-10-10 07:55:00,0.0,gas_ocgt,MW,nem,NSW1
2017-10-10 08:00:00,0.0,gas_ocgt,MW,nem,NSW1
2017-10-10 08:05:00,0.0,gas_ocgt,MW,nem,NSW1
2017-10-10 08:10:00,0.0,gas_ocgt,MW,nem,NSW1
2017-10-10 08:15:00,0.0,gas_ocgt,MW,nem,NSW1
2017-10-10 08:20:00,0.0,gas_ocgt,MW,nem,NSW1
2017-10-10 08:25:00,0.0,gas_ocgt,MW,nem,NSW1
2017-10-10 08:30:00,0.0,gas_ocgt,MW,nem,NSW1
2017-10-10 08:35:00,0.0,gas_ocgt,MW,nem,NSW1
2017-10-10 08:40:00,0.0,gas_ocgt,MW,nem,NSW1
2017-10-10 08:45:00,0.0,gas_ocgt,MW,nem,NSW1
2017-10-10 08:50:00,0.0,gas_ocgt,MW,nem,NSW1
2017-10-10 08:55:00,0.0,gas_ocgt,MW,nem,NSW1
2017-10-10 09:00:00,0.0,gas_ocgt,MW,nem,NSW1
2017-10-10 09:05:00,0.0,gas_ocgt,MW,nem,NSW1
2017-10-10 09:10:00,0.0,gas_ocgt,MW,nem,NSW1
2017-10-10 09:15:00,0.0,gas_ocgt,MW,nem,NSW1
2017-10-10 09:20:00,0.0,gas_ocgt,MW,nem,NSW1
2017-10-10 09:25:00,0.0,gas_ocgt,MW,nem,NSW1
2017-10-10 09:30:00,0.0,gas_ocgt,MW,nem,NSW1
2017-10-10 09:35:00,0.0,gas_ocgt,MW,nem,NSW1
2017-10-10 09:40:00,0.0,gas_ocgt,MW,nem,NSW1
2017-10-10 09:45:00,0.0,gas_ocgt,MW,nem,NSW1
2017-10-10 09:50:00,0.0,gas_ocgt,MW,nem,NSW1
2017-10-10 09:55:00,0.0,gas_ocgt,MW,nem,NSW1
2017-10-10 10:00:00,0.0,gas_ocgt,MW,nem,NSW1
2017-10-10 10:05:00,0.0,gas_ocgt,MW,nem,NSW1
2017-10-10 10:10:00,0.0,gas_ocgt,MW,nem,NSW1
2017-10-10 10:15:00,0.0,gas_ocgt,MW,nem,NSW1
2017-10-10 10:20:00,0.0,gas_ocgt,MW,nem,NSW1
2017-10-10 10:25:00,0.0,gas_ocgt,MW,nem,NSW1
2017-10-10 10:30:00,0.0,gas_ocgt,MW,nem,NSW1
2017-10-10 10:35:00,0.0,gas_ocgt,MW,nem,NSW1
2017-10-10 10:40:00,0.0,gas_ocgt,MW,nem,NSW1
2017-10-10 10:45:00,0.0,gas_ocgt,MW,nem,NSW1
2017-10-10 10:50:00,0.0,gas_ocgt,MW,nem,NSW1
2017-10-10 10:55:00,0.0,gas_ocgt,MW,nem,NSW1
2017-10-10 11:00:00,0.0,gas_ocgt,MW,nem,NSW1
2017-10-10 11:05:00,0.0,gas_ocgt,MW,nem,NSW1
2017-10-10 11:10:00,0.0,gas_ocgt,MW,nem,NSW1
2017-10-10 11:15:00,0.0,gas_ocgt,MW,nem,NSW1
2017-10-10 11:20:00,0.0,gas_ocgt,MW,nem,NSW1
2017-10-10 11:25:00,0.0,gas_ocgt,MW,nem,NSW1
2017-10-10 11:30:00,0.0,gas_ocgt,MW,nem,NSW1
2017-10-10 11:35:00,0.0,gas_ocgt,MW,nem,NSW1
2017-10-10 11:40:00,0.0,gas_ocgt,MW,nem,NSW1
2017-10-10 11:45:00,0.0,gas_ocgt,MW,nem,NSW1
2017-10-10 11:50:00,0.0,gas_ocgt,MW,nem,NSW1
2017-10-10 11:55:00,0.0,gas_ocgt,MW,nem,NSW1
2017-10-10 12:00:00,0.0,gas_ocgt,MW,nem,NSW1
2017-10-10 12:05:00,0.0,gas_ocgt,MW,nem,NSW1
2017-10-10 12:10:00,0.0,gas_ocgt,MW,nem,NSW1
2017-10-10 12:15:00,0.0,gas_ocgt,MW,nem,NSW1
2017-10-10 12:20:00,0.0,gas_ocgt,MW,nem,NSW1
2017-10-10 12:25:00,0.0,gas_ocgt,MW,nem,NSW1
2017-10-10 12:30:00,0.0,gas_ocgt,MW,nem,NSW1
2017-10-10 12:35:00,0.0,gas_ocgt,MW,nem,NSW1
2017-10-10 12:40:00,0.0,gas_ocgt,MW,nem,NSW1
2017-10-10 12:45:00,0.0,gas_ocgt,MW,nem,NSW1
2017-10-10 12:50:00,0.0,gas_ocgt,MW,nem,NSW1
2017-10-10 12:55:00,0.0,gas_ocgt,MW,nem,NSW1
2017-10-10 13:00:00,0.0,gas_ocgt,MW,nem,NSW1
2017-10-10 13:05:00,0.0,gas_ocgt,MW,nem,NSW1
2017-10-10 13:10:00,0.0,gas_ocgt,MW,nem,NSW1
2017-10-10 13:15:00,0.0,gas_ocgt,MW,nem,NSW1
2017-10-10 13:20:00,0.0,gas_ocgt,MW,nem,NSW1
2017-10-10 13:25:00,0.0,gas_ocgt,MW,nem,NSW1
2017-10-10 13:30:00,0.0,gas_ocgt,MW,nem,NSW1
2017-10-10 13:35:00,0.0,gas_ocgt,MW,nem,NSW1
2017-10-10 13:40:00,0.0,gas_ocgt,MW,nem,NSW1
2017-10-10 13:45:00,0.0,gas_ocgt,MW,nem,NSW1
2017-10-10 13:50:00,0.0,gas_ocgt,MW,nem,NSW1
2017-10-10 13:55:00,0.0,gas_ocgt,MW,nem,NSW1
2017-10-10 14:00:00,0.0,gas_ocgt,MW,nem,NSW1
2017-10-10 14:05:00,0.0,gas_ocgt,MW,nem,NSW1
2017-10-10 14:10:00,0.0,gas_ocgt,MW,nem,NSW1
2017-10-10 14:15:00,0.0,gas_ocgt,MW,nem,NSW1
2017-10-10 14:20:00,0.0,gas_ocgt,MW,nem,NSW1
2017-10-10 14:25:00,0.0,gas_ocgt,MW,nem,NSW1
2017-10-10 14:30:00,0.0,gas_ocgt,MW,nem,NSW1
2017-10-10 14:35:00,0.0,gas_ocgt,MW,nem,NSW1
2017-10-10 14:40:00,0.0,gas_ocgt,MW,nem,NSW1
2017-10-10 14:45:00,0.0,gas_ocgt,MW,nem,NSW1
2017-10-10 14:50:00,0.0,gas_ocgt,MW,nem,NSW1
2017-10-10 14:55:00,0.0,gas_ocgt,MW,nem,NSW1
2017-10-10 15:00:00,0.0,gas_ocgt,MW,nem,NSW1
2017-10-10 15:05:00,0.0,gas_ocgt,MW,nem,NSW1
2017-10-10 15:10:00,0.0,gas_ocgt,MW,nem,NSW1
2017-10-10 15:15:00,0.0,gas_ocgt,MW,nem,NSW1
2017-10-10 15:20:00,0.0,gas_ocgt,MW,nem,NSW1
2017-10-10 15:25:00,0.0,gas_ocgt,MW,nem,NSW1
2017-10-10 15:30:00,0.0,gas_ocgt,MW,nem,NSW1
2017-10-10 15:35:00,0.0,gas_ocgt,MW,nem,NSW1
2017-10-10 15:40:00,0.0,gas_ocgt,MW,nem,NSW1
2017-10-10 15:45:00,0.0,gas_ocgt,MW,nem,NSW1
2017-10-10 15:50:00,0.0,gas_ocgt,MW,nem,NSW1
2017-10-10 15:55:00,0.0,gas_ocgt,MW,nem,NSW1
2017-10-10 16:00:00,0.0,gas_ocgt,MW,nem,NSW1
2017-10-10 16:05:00,0.0,gas_ocgt,MW,nem,NSW1
2017-10-10 16:10:00,0.0,gas_ocgt,MW,nem,NSW1
2017-10-10 16:15:00,0.0,gas_ocgt,MW,nem,NSW1
2017-10-10 16:20:00,0.0,gas_ocgt,MW,nem,NSW1
2017-10-10 16:25:00,0.0,gas_ocgt,MW,nem,NSW1
2017-10-10 16:30:00,0.0,gas_ocgt,MW,nem,NSW1
2017-10-10 16:35:00,0.0,gas_ocgt,MW,nem,NSW1
2017-10-10 16:40:00,0.0,gas_ocgt,MW,nem,NSW1
2017-10-10 16:45:00,0.0,gas_ocgt,MW,nem,NSW1
2017-10-10 16:50:00,0.0,gas_ocgt,MW,nem,NSW1
2017-10-10 16:55:00,0.0,gas_ocgt,MW,nem,NSW1
2017-10-10 17:00:00,0.0,gas_ocgt,MW,nem,NSW1
2017-10-10 17:05:00,0.0,gas_ocgt,MW,nem,NSW1
2017-10-10 17:10:00,0.0,gas_ocgt,MW,nem,NSW1
2017-10-10 17:15:00,0.0,gas_ocgt,MW,nem,NSW1
2017-10-10 17:20:00,0.0,gas_ocgt,MW,nem,NSW1
2017-10-10 17:25:00,0.0,gas_ocgt,MW,nem,NSW1
2017-10-10 17:30:00,0.0,gas_ocgt,MW,nem,NSW1
2017-10-10 17:35:00,0.0,gas_ocgt,MW,nem,NSW1
2017-10-10 17:40:00,0.0,gas_ocgt,MW,nem,NSW1
2017-10-10 17:45:00,0.0,gas_ocgt,MW,nem,NSW1
2017-10-10 17:50:00,0.0,gas_ocgt,MW,nem,NSW1
2017-10-10 17:55:00,0.0,gas_ocgt,MW,nem,NSW1
2017-10-10 18:00:00,0.0,gas_ocgt,MW,nem,NSW1
2017-10-10 18:05:00,0.0,gas_ocgt,MW,nem,NSW1
2017-10-10 18:10:00,0.0,gas_ocgt,MW,nem,NSW1
2017-10-10 18:15:00,0.0,gas_ocgt,MW,nem,NSW1
2017-10-10 18:20:00,0.0,gas_ocgt,MW,nem,NSW1
2017-10-10 18:25:00,0.0,gas_ocgt,MW,nem,NSW1
2017-10-10 18:30:00,0.0,gas_ocgt,MW,nem,NSW1
2017-10-10 18:35:00,0.0,gas_ocgt,MW,nem,NSW1
2017-10-10 18:40:00,0.0,gas_ocgt,MW,nem,NSW1
2017-10-10 18:45:00,0.0,gas_ocgt,MW,nem,NSW1
2017-10-10 18:50:00,0.0,gas_ocgt,MW,nem,NSW1
2017-10-10 18:55:00,0.0,gas_ocgt,MW,nem,NSW1
2017-10-10 19:00:00,0.0,gas_ocgt,MW,nem,NSW1
2017-10-10 19:05:00,0.0,gas_ocgt,MW,nem,NSW1
2017-10-10 19:10:00,0.0,gas_ocgt,MW,nem,NSW1
2017-10-10 19:15:00,0.0,gas_ocgt,MW,nem,NSW1
2017-10-10 19:20:00,0.0,gas_ocgt,MW,nem,NSW1
2017-10-10 19:25:00,0.0,gas_ocgt,MW,nem,NSW1
2017-10-10 19:30:00,0.0,gas_ocgt,MW,nem,NSW1
2017-10-10 19:35:00,0.0,gas_ocgt,MW,nem,NSW1
2017-10-10 19:40:00,0.0,gas_ocgt,MW,nem,NSW1
2017-10-10 19:45:00,0.0,gas_ocgt,MW,nem,NSW1
2017-10-10 19:50:00,0.0,gas_ocgt,MW,nem,NSW1
2017-10-10 19:55:00,0.0,gas_ocgt,MW,nem,NSW1
2017-10-10 20:00:00,0.0,gas_ocgt,MW,nem,NSW1
2017-10-10 20:05:00,0.0,gas_ocgt,MW,nem,NSW1
2017-10-10 20:10:00,0.0,gas_ocgt,MW,nem,NSW1
2017-10-10 20:15:00,0.0,gas_ocgt,MW,nem,NSW1
2017-10-10 20:20:00,0.0,gas_ocgt,MW,nem,NSW1
2017-10-10 20:25:00,0.0,gas_ocgt,MW,nem,NSW1
2017-10-10 20:30:00,0.0,gas_ocgt,MW,nem,NSW1
2017-10-10 20:35:00,0.0,gas_ocgt,MW,nem,NSW1
2017-10-10 20:40:00,0.0,gas_ocgt,MW,nem,NSW1
2017-10-10 20:45:00,0.0,gas_ocgt,MW,nem,NSW1
2017-10-10 20:50:00,0.0,gas_ocgt,MW,nem,NSW1
2017-10-10 20:55:00,0.0,gas_ocgt,MW,nem,NSW1
2017-10-10 21:00:00,0.0,gas_ocgt,MW,nem,NSW1
2017-10-10 21:05:00,0.0,gas_ocgt,MW,nem,NSW1
2017-10-10 21:10:00,0.0,gas_ocgt,MW,nem,NSW1
2017-10-10 21:15:00,0.0,gas_ocgt,MW,nem,NSW1
2017-10-10 21:20:00,0.0,gas_ocgt,MW,nem,NSW1
2017-10-10 21:25:00,0.0,gas_ocgt,MW,nem,NSW1
2017-10-10 21:30:00,0.0,gas_ocgt,MW,nem,NSW1
2017-10-10 21:35:00,0.0,gas_ocgt,MW,nem,NSW1
2017-10-10 21:40:00,0.0,gas_ocgt,MW,nem,NSW1
2017-10-10 21:45:00,0.0,gas_ocgt,MW,nem,NSW1
2017-10-10 21:50:00,0.0,gas_ocgt,MW,nem,NSW1
2017-10-10 21:55:00,0.0,gas_ocgt,MW,nem,NSW1
2017-10-10 22:00:00,0.0,gas_ocgt,MW,nem,NSW1
2017-10-10 22:05:00,0.0,gas_ocgt,MW,nem,NSW1
2017-10-10 22:10:00,0.0,gas_ocgt,MW,nem,NSW1
2017-10-10 22:15:00,0.0,gas_ocgt,MW,nem,NSW1
2017-10-10 22:20:00,0.0,gas_ocgt,MW,nem,NSW1
2017-10-10 22:25:00,0.0,gas_ocgt,MW,nem,NSW1
2017-10-10 22:30:00,0.0,gas_ocgt,MW,nem,NSW1
2017-10-10 22:35:00,0.0,gas_ocgt,MW,nem,NSW1
2017-10-10 22:40:00,0.0,gas_ocgt,MW,nem,NSW1
2017-10-10 22:45:00,0.0,gas_ocgt,MW,nem,NSW1
2017-10-10 22:50:00,0.0,gas_ocgt,MW,nem,NSW1
2017-10-10 22:55:00,0.0,gas_ocgt,MW,nem,NSW1
2017-10-10 23:00:00,0.0,gas_ocgt,MW,nem,NSW1
2017-10-10 23:05:00,0.0,gas_ocgt,MW,nem,NSW1
2017-10-10 23:10:00,0.0,gas_ocgt,MW,nem,NSW1
2017-10-10 23:15:00,0.0,gas_ocgt,MW,nem,NSW1
2017-10-10 23:20:00,0.0,gas_ocgt,MW,nem,NSW1
2017-10-10 23:25:00,0.0,gas_ocgt,MW,nem,NSW1
2017-10-10 23:30:00,0.0,gas_ocgt,MW,nem,NSW1
2017-10-10 23:35:00,0.0,gas_ocgt,MW,nem,NSW1
2017-10-10 23:40:00,0.0,gas_ocgt,MW,nem,NSW1
2017-10-10 23:45:00,0.0,gas_ocgt,MW,nem,NSW1
2017-10-10 23:50:00,0.0,gas_ocgt,MW,nem,NSW1
2017-10-10 23:55:00,0.0,gas_ocgt,MW,nem,NSW1
2017-10-11 00:00:00,0.0,gas_ocgt,MW,nem,NSW1
2017-10-11 00:05:00,0.0,gas_ocgt,MW,nem,NSW1
2017-10-11 00:10:00,0.0,gas_ocgt,MW,nem,NSW1
2017-10-11 00:15:00,0.0,gas_ocgt,MW,nem,NSW1
2017-10-11 00:20:00,0.0,gas_ocgt,MW,nem,NSW1
2017-10-11 00:25:00,0.0,gas_ocgt,MW,nem,NSW1
2017-10-11 00:30:00,0.0,gas_ocgt,MW,nem,NSW1
2017-10-11 00:35:00,0.0,gas_ocgt,MW,nem,NSW1
2017-10-11 00:40:00,0.0,gas_ocgt,MW,nem,NSW1
2017-10-11 00:45:00,0.0,gas_ocgt,MW,nem,NSW1
2017-10-11 00:50:00,0.0,gas_ocgt,MW,nem,NSW1
2017-10-11 00:55:00,0.0,gas_ocgt,MW,nem,NSW1
2017-10-11 01:00:00,0.0,gas_ocgt,MW,nem,NSW1
2017-10-11 01:05:00,0.0,gas_ocgt,MW,nem,NSW1
2017-10-11 01:10:00,0.0,gas_ocgt,MW,nem,NSW1
2017-10-11 01:15:00,0.0,gas_ocgt,MW,nem,NSW1
2017-10-11 01:20:00,0.0,gas_ocgt,MW,nem,NSW1
2017-10-11 01:25:00,0.0,gas_ocgt,MW,nem,NSW1
2017-10-11 01:30:00,0.0,gas_ocgt,MW,nem,NSW1
2017-10-11 01:35:00,0.0,gas_ocgt,MW,nem,NSW1
2017-10-11 01:40:00,0.0,gas_ocgt,MW,nem,NSW1
2017-10-11 01:45:00,0.0,gas_ocgt,MW,nem,NSW1
2017-10-11 01:50:00,0.0,gas_ocgt,MW,nem,NSW1
2017-10-11 01:55:00,0.0,gas_ocgt,MW,nem,NSW1
2017-10-11 02:00:00,0.0,gas_ocgt,MW,nem,NSW1
2017-10-11 02:05:00,0.0,gas_ocgt,MW,nem,NSW1
2017-10-11 02:10:00,0.0,gas_ocgt,MW,nem,NSW1
2017-10-11 02:15:00,0.0,gas_ocgt,MW,nem,NSW1
2017-10-11 02:20:00,0.0,gas_ocgt,MW,nem,NSW1
2017-10-11 02:25:00,0.0,gas_ocgt,MW,nem,NSW1
2017-10-11 02:30:00,0.0,gas_ocgt,MW,nem,NSW1
2017-10-11 02:35:00,0.0,gas_ocgt,MW,nem,NSW1
2017-10-11 02:40:00,0.0,gas_ocgt,MW,nem,NSW1
2017-10-11 02:45:00,0.0,gas_ocgt,MW,nem,NSW1
2017-10-11 02:50:00,0.0,gas_ocgt,MW,nem,NSW1
2017-10-11 02:55:00,0.0,gas_ocgt,MW,nem,NSW1
2017-10-11 03:00:00,0.0,gas_ocgt,MW,nem,NSW1
2017-10-11 03:05:00,0.0,gas_ocgt,MW,nem,NSW1
2017-10-11 03:10:00,0.0,gas_ocgt,MW,nem,NSW1
2017-10-11 03:15:00,0.0,gas_ocgt,MW,nem,NSW1
2017-10-11 03:20:00,0.0,gas_ocgt,MW,nem,NSW1
2017-10-11 03:25:00,0.0,gas_ocgt,MW,nem,NSW1
2017-10-11 03:30:00,0.0,gas_ocgt,MW,nem,NSW1
2017-10-11 03:35:00,0.0,gas_ocgt,MW,nem,NSW1
2017-10-11 03:40:00,0.0,gas_ocgt,MW,nem,NSW1
2017-10-11 03:45:00,0.0,gas_ocgt,MW,nem,NSW1
2017-10-11 03:50:00,0.0,gas_ocgt,MW,nem,NSW1
2017-10-11 03:55:00,0.0,gas_ocgt,MW,nem,NSW1
2017-10-11 04:00:00,0.0,gas_ocgt,MW,nem,NSW1
2017-10-11 04:05:00,0.0,gas_ocgt,MW,nem,NSW1
2017-10-11 04:10:00,0.0,gas_ocgt,MW,nem,NSW1
2017-10-11 04:15:00,0.0,gas_ocgt,MW,nem,NSW1
2017-10-11 04:20:00,0.0,gas_ocgt,MW,nem,NSW1
2017-10-11 04:25:00,0.0,gas_ocgt,MW,nem,NSW1
2017-10-11 04:30:00,0.0,gas_ocgt,MW,nem,NSW1
2017-10-11 04:35:00,0.0,gas_ocgt,MW,nem,NSW1
2017-10-11 04:40:00,0.0,gas_ocgt,MW,nem,NSW1
2017-10-11 04:45:00,0.0,gas_ocgt,MW,nem,NSW1
2017-10-11 04:50:00,0.0,gas_ocgt,MW,nem,NSW1
2017-10-11 04:55:00,0.0,gas_ocgt,MW,nem,NSW1
2017-10-11 05:00:00,0.0,gas_ocgt,MW,nem,NSW1
2017-10-11 05:05:00,0.0,gas_ocgt,MW,nem,NSW1
2017-10-11 05:10:00,0.0,gas_ocgt,MW,nem,NSW1
2017-10-11 05:15:00,0.0,gas_ocgt,MW,nem,NSW1
2017-10-11 05:20:00,0.0,gas_ocgt,MW,nem,NSW1
2017-10-11 05:25:00,0.0,gas_ocgt,MW,nem,NSW1
2017-10-11 05:30:00,0.0,gas_ocgt,MW,nem,NSW1
2017-10-11 05:35:00,0.0,gas_ocgt,MW,nem,NSW1
2017-10-11 05:40:00,0.0,gas_ocgt,MW,nem,NSW1
2017-10-11 05:45:00,0.0,gas_ocgt,MW,nem,NSW1
2017-10-11 05:50:00,0.0,gas_ocgt,MW,nem,NSW1
2017-10-11 05:55:00,0.0,gas_ocgt,MW,nem,NSW1
2017-10-11 06:00:00,0.0,gas_ocgt,MW,nem,NSW1
2017-10-11 06:05:00,0.0,gas_ocgt,MW,nem,NSW1
2017-10-11 06:10:00,0.0,gas_ocgt,MW,nem,NSW1
2017-10-11 06:15:00,0.0,gas_ocgt,MW,nem,NSW1
2017-10-11 06:20:00,0.0,gas_ocgt,MW,nem,NSW1
2017-10-11 06:25:00,0.0,gas_ocgt,MW,nem,NSW1
2017-10-11 06:30:00,0.0,gas_ocgt,MW,nem,NSW1
2017-10-11 06:35:00,0.0,gas_ocgt,MW,nem,NSW1
2017-10-11 06:40:00,0.0,gas_ocgt,MW,nem,NSW1
2017-10-11 06:45:00,0.0,gas_ocgt,MW,nem,NSW1
2017-10-11 06:50:00,0.0,gas_ocgt,MW,nem,NSW1
2017-10-11 06:55:00,0.0,gas_ocgt,MW,nem,NSW1
2017-10-11 07:00:00,0.0,gas_ocgt,MW,nem,NSW1
2017-10-11 07:05:00,0.0,gas_ocgt,MW,nem,NSW1
2017-10-11 07:10:00,0.0,gas_ocgt,MW,nem,NSW1
2017-10-11 07:15:00,0.0,gas_ocgt,MW,nem,NSW1
2017-10-11 07:20:00,51.48,gas_ocgt,MW,nem,NSW1
2017-10-11 07:25:00,110.5,gas_ocgt,MW,nem,NSW1
2017-10-11 07:30:00,160.3,gas_ocgt,MW,nem,NSW1
2017-10-11 07:35:00,160.1,gas_ocgt,MW,nem,NSW1
2017-10-11 07:40:00,159.6,gas_ocgt,MW,nem,NSW1
2017-10-11 07:45:00,160.5,gas_ocgt,MW,nem,NSW1
2017-10-11 07:50:00,160.2,gas_ocgt,MW,nem,NSW1
2017-10-11 07:55:00,160.2,gas_ocgt,MW,nem,NSW1
2017-10-11 08:00:00,160.0,gas_ocgt,MW,nem,NSW1
2017-10-11 08:05:00,160.2,gas_ocgt,MW,nem,NSW1
2017-10-11 08:10:00,159.6,gas_ocgt,MW,nem,NSW1
2017-10-11 08:15:00,130.5,gas_ocgt,MW,nem,NSW1
2017-10-11 08:20:00,129.8,gas_ocgt,MW,nem,NSW1
2017-10-11 08:25:00,130.4,gas_ocgt,MW,nem,NSW1
2017-10-11 08:30:00,129.9,gas_ocgt,MW,nem,NSW1
2017-10-11 08:35:00,159.9,gas_ocgt,MW,nem,NSW1
2017-10-11 08:40:00,159.7,gas_ocgt,MW,nem,NSW1
2017-10-11 08:45:00,112.5,gas_ocgt,MW,nem,NSW1
2017-10-11 08:50:00,50.51,gas_ocgt,MW,nem,NSW1
2017-10-11 08:55:00,16.59,gas_ocgt,MW,nem,NSW1
2017-10-11 09:00:00,0.0,gas_ocgt,MW,nem,NSW1
2017-10-11 09:05:00,0.0,gas_ocgt,MW,nem,NSW1
2017-10-11 09:10:00,0.0,gas_ocgt,MW,nem,NSW1
2017-10-11 09:15:00,0.0,gas_ocgt,MW,nem,NSW1
2017-10-11 09:20:00,56.02,gas_ocgt,MW,nem,NSW1
2017-10-11 09:25:00,115.2,gas_ocgt,MW,nem,NSW1
2017-10-11 09:30:00,160.2,gas_ocgt,MW,nem,NSW1
2017-10-11 09:35:00,160.0,gas_ocgt,MW,nem,NSW1
2017-10-11 09:40:00,160.1,gas_ocgt,MW,nem,NSW1
2017-10-11 09:45:00,159.8,gas_ocgt,MW,nem,NSW1
2017-10-11 09:50:00,160.2,gas_ocgt,MW,nem,NSW1
2017-10-11 09:55:00,160.0,gas_ocgt,MW,nem,NSW1
2017-10-11 10:00:00,130.2,gas_ocgt,MW,nem,NSW1
2017-10-11 10:05:00,129.8,gas_ocgt,MW,nem,NSW1
2017-10-11 10:10:00,129.5,gas_ocgt,MW,nem,NSW1
2017-10-11 10:15:00,129.6,gas_ocgt,MW,nem,NSW1
2017-10-11 10:20:00,129.9,gas_ocgt,MW,nem,NSW1
2017-10-11 10:25:00,80.01,gas_ocgt,MW,nem,NSW1
2017-10-11 10:30:00,40.26,gas_ocgt,MW,nem,NSW1
2017-10-11 10:35:00,0.0,gas_ocgt,MW,nem,NSW1
2017-10-11 10:40:00,0.0,gas_ocgt,MW,nem,NSW1
2017-10-11 10:45:00,0.0,gas_ocgt,MW,nem,NSW1
2017-10-11 10:50:00,0.0,gas_ocgt,MW,nem,NSW1
2017-10-11 10:55:00,0.0,gas_ocgt,MW,nem,NSW1
2017-10-11 11:00:00,0.0,gas_ocgt,MW,nem,NSW1
2017-10-11 11:05:00,0.0,gas_ocgt,MW,nem,NSW1
2017-10-11 11:10:00,0.0,gas_ocgt,MW,nem,NSW1
2017-10-11 11:15:00,0.0,gas_ocgt,MW,nem,NSW1
2017-10-11 11:20:00,0.0,gas_ocgt,MW,nem,NSW1
2017-10-11 11:25:00,0.0,gas_ocgt,MW,nem,NSW1
2017-10-11 11:30:00,0.0,gas_ocgt,MW,nem,NSW1
2017-10-11 11:35:00,0.0,gas_ocgt,MW,nem,NSW1
2017-10-11 11:40:00,0.0,gas_ocgt,MW,nem,NSW1
2017-10-11 11:45:00,0.0,gas_ocgt,MW,nem,NSW1
2017-10-11 11:50:00,0.0,gas_ocgt,MW,nem,NSW1
2017-10-11 11:55:00,0.0,gas_ocgt,MW,nem,NSW1
2017-10-11 12:00:00,0.0,gas_ocgt,MW,nem,NSW1
2017-10-11 12:05:00,0.0,gas_ocgt,MW,nem,NSW1
2017-10-11 12:10:00,0.0,gas_ocgt,MW,nem,NSW1
2017-10-11 12:15:00,0.0,gas_ocgt,MW,nem,NSW1
2017-10-11 12:20:00,0.0,gas_ocgt,MW,nem,NSW1
2017-10-11 12:25:00,0.0,gas_ocgt,MW,nem,NSW1
2017-10-11 12:30:00,0.0,gas_ocgt,MW,nem,NSW1
2017-10-11 12:35:00,0.0,gas_ocgt,MW,nem,NSW1
2017-10-11 12:40:00,0.0,gas_ocgt,MW,nem,NSW1
2017-10-11 12:45:00,62.5,gas_ocgt,MW,nem,NSW1
2017-10-11 12:50:00,118.1,gas_ocgt,MW,nem,NSW1
2017-10-11 12:55:00,160.2,gas_ocgt,MW,nem,NSW1
2017-10-11 13:00:00,160.1,gas_ocgt,MW,nem,NSW1
2017-10-11 13:05:00,159.8,gas_ocgt,MW,nem,NSW1
2017-10-11 13:10:00,159.9,gas_ocgt,MW,nem,NSW1
2017-10-11 13:15:00,159.7,gas_ocgt,MW,nem,NSW1
2017-10-11 13:20:00,130.2,gas_ocgt,MW,nem,NSW1
2017-10-11 13:25:00,129.9,gas_ocgt,MW,nem,NSW1
2017-10-11 13:30:00,130.4,gas_ocgt,MW,nem,NSW1
2017-10-11 13:35:00,129.9,gas_ocgt,MW,nem,NSW1
2017-10-11 13:40:00,129.6,gas_ocgt,MW,nem,NSW1
2017-10-11 13:45:00,130.2,gas_ocgt,MW,nem,NSW1
2017-10-11 13:50:00,192.1,gas_ocgt,MW,nem,NSW1
2017-10-11 13:55:00,198.0,gas_ocgt,MW,nem,NSW1
2017-10-11 14:00:00,199.8,gas_ocgt,MW,nem,NSW1
2017-10-11 14:05:00,160.0,gas_ocgt,MW,nem,NSW1
2017-10-11 14:10:00,159.9,gas_ocgt,MW,nem,NSW1
2017-10-11 14:15:00,159.7,gas_ocgt,MW,nem,NSW1
2017-10-11 14:20:00,159.2,gas_ocgt,MW,nem,NSW1
2017-10-11 14:25:00,159.1,gas_ocgt,MW,nem,NSW1
2017-10-11 14:30:00,159.6,gas_ocgt,MW,nem,NSW1
2017-10-11 14:35:00,129.8,gas_ocgt,MW,nem,NSW1
2017-10-11 14:40:00,129.8,gas_ocgt,MW,nem,NSW1
2017-10-11 14:45:00,130.2,gas_ocgt,MW,nem,NSW1
2017-10-11 14:50:00,129.9,gas_ocgt,MW,nem,NSW1
2017-10-11 14:55:00,130.2,gas_ocgt,MW,nem,NSW1
2017-10-11 15:00:00,79.21,gas_ocgt,MW,nem,NSW1
2017-10-11 15:05:00,39.96,gas_ocgt,MW,nem,NSW1
2017-10-11 15:10:00,0.0,gas_ocgt,MW,nem,NSW1
2017-10-11 15:15:00,0.0,gas_ocgt,MW,nem,NSW1
2017-10-11 15:20:00,0.0,gas_ocgt,MW,nem,NSW1
2017-10-11 15:25:00,0.0,gas_ocgt,MW,nem,NSW1
2017-10-11 15:30:00,0.0,gas_ocgt,MW,nem,NSW1
2017-10-11 15:35:00,0.0,gas_ocgt,MW,nem,NSW1
2017-10-11 15:40:00,0.0,gas_ocgt,MW,nem,NSW1
2017-10-11 15:45:00,0.0,gas_ocgt,MW,nem,NSW1
2017-10-11 15:50:00,0.0,gas_ocgt,MW,nem,NSW1
2017-10-11 15:55:00,0.0,gas_ocgt,MW,nem,NSW1
2017-10-11 16:00:00,0.0,gas_ocgt,MW,nem,NSW1
2017-10-11 16:05:00,0.0,gas_ocgt,MW,nem,NSW1
2017-10-11 16:10:00,0.0,gas_ocgt,MW,nem,NSW1
2017-10-11 16:15:00,0.0,gas_ocgt,MW,nem,NSW1
2017-10-11 16:20:00,0.0,gas_ocgt,MW,nem,NSW1
2017-10-11 16:25:00,0.0,gas_ocgt,MW,nem,NSW1
2017-10-11 16:30:00,0.0,gas_ocgt,MW,nem,NSW1
2017-10-11 16:35:00,0.0,gas_ocgt,MW,nem,NSW1
2017-10-11 16:40:00,0.0,gas_ocgt,MW,nem,NSW1
2017-10-11 16:45:00,0.0,gas_ocgt,MW,nem,NSW1
2017-10-11 16:50:00,0.0,gas_ocgt,MW,nem,NSW1
2017-10-11 16:55:00,0.0,gas_ocgt,MW,nem,NSW1
2017-10-11 17:00:00,0.0,gas_ocgt,MW,nem,NSW1
2017-10-11 17:05:00,0.0,gas_ocgt,MW,nem,NSW1
2017-10-11 17:10:00,0.0,gas_ocgt,MW,nem,NSW1
2017-10-11 17:15:00,0.0,gas_ocgt,MW,nem,NSW1
2017-10-11 17:20:00,0.0,gas_ocgt,MW,nem,NSW1
2017-10-11 17:25:00,0.0,gas_ocgt,MW,nem,NSW1
2017-10-11 17:30:00,0.0,gas_ocgt,MW,nem,NSW1
2017-10-11 17:35:00,0.0,gas_ocgt,MW,nem,NSW1
2017-10-11 17:40:00,0.0,gas_ocgt,MW,nem,NSW1
2017-10-11 17:45:00,0.0,gas_ocgt,MW,nem,NSW1
2017-10-11 17:50:00,0.0,gas_ocgt,MW,nem,NSW1
2017-10-11 17:55:00,0.0,gas_ocgt,MW,nem,NSW1
2017-10-11 18:00:00,0.0,gas_ocgt,MW,nem,NSW1
2017-10-11 18:05:00,0.0,gas_ocgt,MW,nem,NSW1
2017-10-11 18:10:00,0.0,gas_ocgt,MW,nem,NSW1
2017-10-11 18:15:00,0.0,gas_ocgt,MW,nem,NSW1
2017-10-11 18:20:00,0.0,gas_ocgt,MW,nem,NSW1
2017-10-11 18:25:00,0.0,gas_ocgt,MW,nem,NSW1
2017-10-11 18:30:00,0.0,gas_ocgt,MW,nem,NSW1
2017-10-11 18:35:00,0.0,gas_ocgt,MW,nem,NSW1
2017-10-11 18:40:00,0.0,gas_ocgt,MW,nem,NSW1
2017-10-11 18:45:00,0.0,gas_ocgt,MW,nem,NSW1
2017-10-11 18:50:00,0.0,gas_ocgt,MW,nem,NSW1
2017-10-11 18:55:00,0.0,gas_ocgt,MW,nem,NSW1
2017-10-11 19:00:00,0.0,gas_ocgt,MW,nem,NSW1
2017-10-11 19:05:00,0.0,gas_ocgt,MW,nem,NSW1
2017-10-11 19:10:00,0.0,gas_ocgt,MW,nem,NSW1
2017-10-11 19:15:00,0.0,gas_ocgt,MW,nem,NSW1
2017-10-11 19:20:00,0.0,gas_ocgt,MW,nem,NSW1
2017-10-11 19:25:00,0.0,gas_ocgt,MW,nem,NSW1
2017-10-11 19:30:00,0.0,gas_ocgt,MW,nem,NSW1
2017-10-11 19:35:00,0.0,gas_ocgt,MW,nem,NSW1
2017-10-11 19:40:00,0.0,gas_ocgt,MW,nem,NSW1
2017-10-11 19:45:00,0.0,gas_ocgt,MW,nem,NSW1
2017-10-11 19:50:00,0.0,gas_ocgt,MW,nem,NSW1
2017-10-11 19:55:00,0.0,gas_ocgt,MW,nem,NSW1
2017-10-11 20:00:00,0.0,gas_ocgt,MW,nem,NSW1
2017-10-11 20:05:00,0.0,gas_ocgt,MW,nem,NSW1
2017-10-11 20:10:00,0.0,gas_ocgt,MW,nem,NSW1
2017-10-11 20:15:00,0.0,gas_ocgt,MW,nem,NSW1
2017-10-11 20:20:00,0.0,gas_ocgt,MW,nem,NSW1
2017-10-11 20:25:00,0.0,gas_ocgt,MW,nem,NSW1
2017-10-11 20:30:00,0.0,gas_ocgt,MW,nem,NSW1
2017-10-11 20:35:00,0.0,gas_ocgt,MW,nem,NSW1
2017-10-11 20:40:00,0.0,gas_ocgt,MW,nem,NSW1
2017-10-11 20:45:00,0.0,gas_ocgt,MW,nem,NSW1
2017-10-11 20:50:00,0.0,gas_ocgt,MW,nem,NSW1
2017-10-11 20:55:00,0.0,gas_ocgt,MW,nem,NSW1
2017-10-11 21:00:00,0.0,gas_ocgt,MW,nem,NSW1
2017-10-11 21:05:00,0.0,gas_ocgt,MW,nem,NSW1
2017-10-11 21:10:00,0.0,gas_ocgt,MW,nem,NSW1
2017-10-11 21:15:00,0.0,gas_ocgt,MW,nem,NSW1
2017-10-11 21:20:00,0.0,gas_ocgt,MW,nem,NSW1
2017-10-11 21:25:00,0.0,gas_ocgt,MW,nem,NSW1
2017-10-11 21:30:00,0.0,gas_ocgt,MW,nem,NSW1
2017-10-11 21:35:00,0.0,gas_ocgt,MW,nem,NSW1
2017-10-11 21:40:00,0.0,gas_ocgt,MW,nem,NSW1
2017-10-11 21:45:00,0.0,gas_ocgt,MW,nem,NSW1
2017-10-11 21:50:00,0.0,gas_ocgt,MW,nem,NSW1
2017-10-11 21:55:00,0.0,gas_ocgt,MW,nem,NSW1
2017-10-11 22:00:00,0.0,gas_ocgt,MW,nem,NSW1
2017-10-11 22:05:00,0.0,gas_ocgt,MW,nem,NSW1
2017-10-11 22:10:00,0.0,gas_ocgt,MW,nem,NSW1
2017-10-11 22:15:00,0.0,gas_ocgt,MW,nem,NSW1
2017-10-11 22:20:00,0.0,gas_ocgt,MW,nem,NSW1
2017-10-11 22:25:00,0.0,gas_ocgt,MW,nem,NSW1
2017-10-11 22:30:00,0.0,gas_ocgt,MW,nem,NSW1
2017-10-11 22:35:00,0.0,gas_ocgt,MW,nem,NSW1
2017-10-11 22:40:00,0.0,gas_ocgt,MW,nem,NSW1
2017-10-11 22:45:00,0.0,gas_ocgt,MW,nem,NSW1
2017-10-11 22:50:00,0.0,gas_ocgt,MW,nem,NSW1
2017-10-11 22:55:00,0.0,gas_ocgt,MW,nem,NSW1
2017-10-11 23:00:00,0.0,gas_ocgt,MW,nem,NSW1
2017-10-11 23:05:00,0.0,gas_ocgt,MW,nem,NSW1
2017-10-11 23:10:00,0.0,gas_ocgt,MW,nem,NSW1
2017-10-11 23:15:00,0.0,gas_ocgt,MW,nem,NSW1
2017-10-11 23:20:00,0.0,gas_ocgt,MW,nem,NSW1
2017-10-11 23:25:00,0.0,gas_ocgt,MW,nem,NSW1
2017-10-11 23:30:00,0.0,gas_ocgt,MW,nem,NSW1
2017-10-11 23:35:00,0.0,gas_ocgt,MW,nem,NSW1
2017-10-11 23:40:00,0.0,gas_ocgt,MW,nem,NSW1
2017-10-11 23:45:00,0.0,gas_ocgt,MW,nem,NSW1
2017-10-11 23:50:00,0.0,gas_ocgt,MW,nem,NSW1
2017-10-11 23:55:00,0.0,gas_ocgt,MW,nem,NSW1
2017-10-12 00:00:00,0.0,gas_ocgt,MW,nem,NSW1
2017-10-12 00:05:00,0.0,gas_ocgt,MW,nem,NSW1
2017-10-12 00:10:00,0.0,gas_ocgt,MW,nem,NSW1
2017-10-12 00:15:00,0.0,gas_ocgt,MW,nem,NSW1
2017-10-12 00:20:00,0.0,gas_ocgt,MW,nem,NSW1
2017-10-12 00:25:00,0.0,gas_ocgt,MW,nem,NSW1
2017-10-12 00:30:00,0.0,gas_ocgt,MW,nem,NSW1
2017-10-12 00:35:00,0.0,gas_ocgt,MW,nem,NSW1
2017-10-12 00:40:00,0.0,gas_ocgt,MW,nem,NSW1
2017-10-12 00:45:00,0.0,gas_ocgt,MW,nem,NSW1
2017-10-12 00:50:00,0.0,gas_ocgt,MW,nem,NSW1
2017-10-12 00:55:00,0.0,gas_ocgt,MW,nem,NSW1
2017-10-12 01:00:00,0.0,gas_ocgt,MW,nem,NSW1
2017-10-12 01:05:00,0.0,gas_ocgt,MW,nem,NSW1
2017-10-12 01:10:00,0.0,gas_ocgt,MW,nem,NSW1
2017-10-12 01:15:00,0.0,gas_ocgt,MW,nem,NSW1
2017-10-12 01:20:00,0.0,gas_ocgt,MW,nem,NSW1
2017-10-12 01:25:00,0.0,gas_ocgt,MW,nem,NSW1
2017-10-12 01:30:00,0.0,gas_ocgt,MW,nem,NSW1
2017-10-12 01:35:00,0.0,gas_ocgt,MW,nem,NSW1
2017-10-12 01:40:00,0.0,gas_ocgt,MW,nem,NSW1
2017-10-12 01:45:00,0.0,gas_ocgt,MW,nem,NSW1
2017-10-12 01:50:00,0.0,gas_ocgt,MW,nem,NSW1
2017-10-12 01:55:00,0.0,gas_ocgt,MW,nem,NSW1
2017-10-12 02:00:00,0.0,gas_ocgt,MW,nem,NSW1
2017-10-12 02:05:00,0.0,gas_ocgt,MW,nem,NSW1
2017-10-12 02:10:00,0.0,gas_ocgt,MW,nem,NSW1
2017-10-12 02:15:00,0.0,gas_ocgt,MW,nem,NSW1
2017-10-12 02:20:00,0.0,gas_ocgt,MW,nem,NSW1
2017-10-12 02:25:00,0.0,gas_ocgt,MW,nem,NSW1
2017-10-12 02:30:00,0.0,gas_ocgt,MW,nem,NSW1
2017-10-12 02:35:00,0.0,gas_ocgt,MW,nem,NSW1
2017-10-12 02:40:00,0.0,gas_ocgt,MW,nem,NSW1
2017-10-12 02:45:00,0.0,gas_ocgt,MW,nem,NSW1
2017-10-12 02:50:00,0.0,gas_ocgt,MW,nem,NSW1
2017-10-12 02:55:00,0.0,gas_ocgt,MW,nem,NSW1
2017-10-12 03:00:00,0.0,gas_ocgt,MW,nem,NSW1
2017-10-12 03:05:00,0.0,gas_ocgt,MW,nem,NSW1
2017-10-12 03:10:00,0.0,gas_ocgt,MW,nem,NSW1
2017-10-12 03:15:00,0.0,gas_ocgt,MW,nem,NSW1
2017-10-12 03:20:00,0.0,gas_ocgt,MW,nem,NSW1
2017-10-12 03:25:00,0.0,gas_ocgt,MW,nem,NSW1
2017-10-12 03:30:00,0.0,gas_ocgt,MW,nem,NSW1
2017-10-12 03:35:00,0.0,gas_ocgt,MW,nem,NSW1
2017-10-12 03:40:00,0.0,gas_ocgt,MW,nem,NSW1
2017-10-12 03:45:00,0.0,gas_ocgt,MW,nem,NSW1
2017-10-12 03:50:00,0.0,gas_ocgt,MW,nem,NSW1
2017-10-12 03:55:00,0.0,gas_ocgt,MW,nem,NSW1
2017-10-12 04:00:00,0.0,gas_ocgt,MW,nem,NSW1
2017-10-12 04:05:00,0.0,gas_ocgt,MW,nem,NSW1
2017-10-12 04:10:00,0.0,gas_ocgt,MW,nem,NSW1
2017-10-12 04:15:00,0.0,gas_ocgt,MW,nem,NSW1
2017-10-12 04:20:00,0.0,gas_ocgt,MW,nem,NSW1
2017-10-12 04:25:00,0.0,gas_ocgt,MW,nem,NSW1
2017-10-12 04:30:00,0.0,gas_ocgt,MW,nem,NSW1
2017-10-12 04:35:00,0.0,gas_ocgt,MW,nem,NSW1
2017-10-12 04:40:00,0.0,gas_ocgt,MW,nem,NSW1
2017-10-12 04:45:00,0.0,gas_ocgt,MW,nem,NSW1
2017-10-12 04:50:00,0.0,gas_ocgt,MW,nem,NSW1
2017-10-12 04:55:00,0.0,gas_ocgt,MW,nem,NSW1
2017-10-12 05:00:00,0.0,gas_ocgt,MW,nem,NSW1
2017-10-12 05:05:00,0.0,gas_ocgt,MW,nem,NSW1
2017-10-12 05:10:00,0.0,gas_ocgt,MW,nem,NSW1
2017-10-12 05:15:00,0.0,gas_ocgt,MW,nem,NSW1
2017-10-12 05:20:00,0.0,gas_ocgt,MW,nem,NSW1
2017-10-12 05:25:00,0.0,gas_ocgt,MW,nem,NSW1
2017-10-12 05:30:00,0.0,gas_ocgt,MW,nem,NSW1
2017-10-12 05:35:00,0.0,gas_ocgt,MW,nem,NSW1
2017-10-12 05:40:00,0.0,gas_ocgt,MW,nem,NSW1
2017-10-12 05:45:00,0.0,gas_ocgt,MW,nem,NSW1
2017-10-12 05:50:00,0.0,gas_ocgt,MW,nem,NSW1
2017-10-12 05:55:00,0.0,gas_ocgt,MW,nem,NSW1
2017-10-12 06:00:00,0.0,gas_ocgt,MW,nem,NSW1
2017-10-12 06:05:00,0.0,gas_ocgt,MW,nem,NSW1
2017-10-12 06:10:00,0.0,gas_ocgt,MW,nem,NSW1
2017-10-12 06:15:00,0.0,gas_ocgt,MW,nem,NSW1
2017-10-12 06:20:00,0.0,gas_ocgt,MW,nem,NSW1
2017-10-12 06:25:00,0.0,gas_ocgt,MW,nem,NSW1
2017-10-12 06:30:00,0.0,gas_ocgt,MW,nem,NSW1
2017-10-12 06:35:00,0.0,gas_ocgt,MW,nem,NSW1
2017-10-12 06:40:00,0.0,gas_ocgt,MW,nem,NSW1
2017-10-12 06:45:00,0.0,gas_ocgt,MW,nem,NSW1
2017-10-12 06:50:00,0.0,gas_ocgt,MW,nem,NSW1
2017-10-12 06:55:00,0.0,gas_ocgt,MW,nem,NSW1
2017-10-12 07:00:00,0.0,gas_ocgt,MW,nem,NSW1
2017-10-12 07:05:00,0.0,gas_ocgt,MW,nem,NSW1
2017-10-12 07:10:00,0.0,gas_ocgt,MW,nem,NSW1
2017-10-12 07:15:00,0.0,gas_ocgt,MW,nem,NSW1
2017-10-12 07:20:00,0.0,gas_ocgt,MW,nem,NSW1
2017-10-12 07:25:00,0.0,gas_ocgt,MW,nem,NSW1
2017-10-12 07:30:00,0.0,gas_ocgt,MW,nem,NSW1
2017-10-12 07:35:00,0.0,gas_ocgt,MW,nem,NSW1
2017-10-12 07:40:00,0.0,gas_ocgt,MW,nem,NSW1
2017-10-12 07:45:00,0.0,gas_ocgt,MW,nem,NSW1
2017-10-12 07:50:00,0.0,gas_ocgt,MW,nem,NSW1
2017-10-12 07:55:00,0.0,gas_ocgt,MW,nem,NSW1
2017-10-12 08:00:00,0.0,gas_ocgt,MW,nem,NSW1
2017-10-12 08:05:00,0.0,gas_ocgt,MW,nem,NSW1
2017-10-12 08:10:00,0.0,gas_ocgt,MW,nem,NSW1
2017-10-12 08:15:00,0.0,gas_ocgt,MW,nem,NSW1
2017-10-12 08:20:00,0.0,gas_ocgt,MW,nem,NSW1
2017-10-12 08:25:00,0.0,gas_ocgt,MW,nem,NSW1
2017-10-12 08:30:00,0.0,gas_ocgt,MW,nem,NSW1
2017-10-12 08:35:00,0.0,gas_ocgt,MW,nem,NSW1
2017-10-12 08:40:00,0.0,gas_ocgt,MW,nem,NSW1
2017-10-12 08:45:00,0.0,gas_ocgt,MW,nem,NSW1
2017-10-12 08:50:00,0.0,gas_ocgt,MW,nem,NSW1
2017-10-12 08:55:00,0.0,gas_ocgt,MW,nem,NSW1
2017-10-12 09:00:00,0.0,gas_ocgt,MW,nem,NSW1
2017-10-12 09:05:00,0.0,gas_ocgt,MW,nem,NSW1
2017-10-12 09:10:00,0.0,gas_ocgt,MW,nem,NSW1
2017-10-12 09:15:00,0.0,gas_ocgt,MW,nem,NSW1
2017-10-12 09:20:00,0.0,gas_ocgt,MW,nem,NSW1
2017-10-12 09:25:00,0.0,gas_ocgt,MW,nem,NSW1
2017-10-12 09:30:00,0.0,gas_ocgt,MW,nem,NSW1
2017-10-12 09:35:00,0.0,gas_ocgt,MW,nem,NSW1
2017-10-12 09:40:00,0.0,gas_ocgt,MW,nem,NSW1
2017-10-12 09:45:00,0.0,gas_ocgt,MW,nem,NSW1
2017-10-12 09:50:00,0.0,gas_ocgt,MW,nem,NSW1
2017-10-12 09:55:00,0.0,gas_ocgt,MW,nem,NSW1
2017-10-12 10:00:00,0.0,gas_ocgt,MW,nem,NSW1
2017-10-12 10:05:00,0.0,gas_ocgt,MW,nem,NSW1
2017-10-12 10:10:00,0.0,gas_ocgt,MW,nem,NSW1
2017-10-12 10:15:00,0.0,gas_ocgt,MW,nem,NSW1
2017-10-12 10:20:00,0.0,gas_ocgt,MW,nem,NSW1
2017-10-12 10:25:00,0.0,gas_ocgt,MW,nem,NSW1
2017-10-12 10:30:00,0.0,gas_ocgt,MW,nem,NSW1
2017-10-12 10:35:00,0.0,gas_ocgt,MW,nem,NSW1
2017-10-12 10:40:00,0.0,gas_ocgt,MW,nem,NSW1
2017-10-12 10:45:00,0.0,gas_ocgt,MW,nem,NSW1
2017-10-12 10:50:00,0.0,gas_ocgt,MW,nem,NSW1
2017-10-12 10:55:00,0.0,gas_ocgt,MW,nem,NSW1
2017-10-12 11:00:00,0.0,gas_ocgt,MW,nem,NSW1
2017-10-12 11:05:00,0.0,gas_ocgt,MW,nem,NSW1
2017-10-12 11:10:00,0.0,gas_ocgt,MW,nem,NSW1
2017-10-12 11:15:00,0.0,gas_ocgt,MW,nem,NSW1
2017-10-12 11:20:00,0.0,gas_ocgt,MW,nem,NSW1
2017-10-12 11:25:00,0.0,gas_ocgt,MW,nem,NSW1
2017-10-12 11:30:00,0.0,gas_ocgt,MW,nem,NSW1
2017-10-12 11:35:00,0.0,gas_ocgt,MW,nem,NSW1
2017-10-12 11:40:00,0.0,gas_ocgt,MW,nem,NSW1
2017-10-12 11:45:00,0.0,gas_ocgt,MW,nem,NSW1
2017-10-12 11:50:00,0.0,gas_ocgt,MW,nem,NSW1
2017-10-12 11:55:00,0.0,gas_ocgt,MW,nem,NSW1
2017-10-12 12:00:00,0.0,gas_ocgt,MW,nem,NSW1
2017-10-12 12:05:00,0.0,gas_ocgt,MW,nem,NSW1
2017-10-12 12:10:00,0.0,gas_ocgt,MW,nem,NSW1
2017-10-12 12:15:00,0.0,gas_ocgt,MW,nem,NSW1
2017-10-12 12:20:00,0.0,gas_ocgt,MW,nem,NSW1
2017-10-12 12:25:00,0.0,gas_ocgt,MW,nem,NSW1
2017-10-12 12:30:00,0.0,gas_ocgt,MW,nem,NSW1
2017-10-12 12:35:00,0.0,gas_ocgt,MW,nem,NSW1
2017-10-12 12:40:00,0.0,gas_ocgt,MW,nem,NSW1
2017-10-12 12:45:00,0.0,gas_ocgt,MW,nem,NSW1
2017-10-12 12:50:00,0.0,gas_ocgt,MW,nem,NSW1
2017-10-12 12:55:00,0.0,gas_ocgt,MW,nem,NSW1
2017-10-12 13:00:00,0.0,gas_ocgt,MW,nem,NSW1
2017-10-12 13:05:00,0.0,gas_ocgt,MW,nem,NSW1
2017-10-12 13:10:00,0.0,gas_ocgt,MW,nem,NSW1
2017-10-12 13:15:00,0.0,gas_ocgt,MW,nem,NSW1
2017-10-12 13:20:00,0.0,gas_ocgt,MW,nem,NSW1
2017-10-12 13:25:00,0.0,gas_ocgt,MW,nem,NSW1
2017-10-12 13:30:00,0.0,gas_ocgt,MW,nem,NSW1
2017-10-12 13:35:00,0.0,gas_ocgt,MW,nem,NSW1
2017-10-12 13:40:00,0.0,gas_ocgt,MW,nem,NSW1
2017-10-12 13:45:00,0.0,gas_ocgt,MW,nem,NSW1
2017-10-12 13:50:00,0.0,gas_ocgt,MW,nem,NSW1
2017-10-12 13:55:00,0.0,gas_ocgt,MW,nem,NSW1
2017-10-12 14:00:00,0.0,gas_ocgt,MW,nem,NSW1
2017-10-12 14:05:00,0.0,gas_ocgt,MW,nem,NSW1
2017-10-12 14:10:00,0.0,gas_ocgt,MW,nem,NSW1
2017-10-12 14:15:00,0.0,gas_ocgt,MW,nem,NSW1
2017-10-12 14:20:00,0.0,gas_ocgt,MW,nem,NSW1
2017-10-12 14:25:00,0.0,gas_ocgt,MW,nem,NSW1
2017-10-12 14:30:00,0.0,gas_ocgt,MW,nem,NSW1
2017-10-12 14:35:00,0.0,gas_ocgt,MW,nem,NSW1
2017-10-12 14:40:00,0.0,gas_ocgt,MW,nem,NSW1
2017-10-12 14:45:00,0.0,gas_ocgt,MW,nem,NSW1
2017-10-12 14:50:00,0.0,gas_ocgt,MW,nem,NSW1
2017-10-12 14:55:00,0.0,gas_ocgt,MW,nem,NSW1
2017-10-12 15:00:00,0.0,gas_ocgt,MW,nem,NSW1
2017-10-12 15:05:00,0.0,gas_ocgt,MW,nem,NSW1
2017-10-12 15:10:00,0.0,gas_ocgt,MW,nem,NSW1
2017-10-12 15:15:00,0.0,gas_ocgt,MW,nem,NSW1
2017-10-12 15:20:00,0.0,gas_ocgt,MW,nem,NSW1
2017-10-12 15:25:00,0.0,gas_ocgt,MW,nem,NSW1
2017-10-12 15:30:00,0.0,gas_ocgt,MW,nem,NSW1
2017-10-12 15:35:00,0.0,gas_ocgt,MW,nem,NSW1
2017-10-12 15:40:00,0.0,gas_ocgt,MW,nem,NSW1
2017-10-12 15:45:00,0.0,gas_ocgt,MW,nem,NSW1
2017-10-12 15:50:00,0.0,gas_ocgt,MW,nem,NSW1
2017-10-12 15:55:00,0.0,gas_ocgt,MW,nem,NSW1
2017-10-12 16:00:00,0.0,gas_ocgt,MW,nem,NSW1
2017-10-12 16:05:00,0.0,gas_ocgt,MW,nem,NSW1
2017-10-12 16:10:00,0.0,gas_ocgt,MW,nem,NSW1
2017-10-12 16:15:00,0.0,gas_ocgt,MW,nem,NSW1
2017-10-12 16:20:00,0.0,gas_ocgt,MW,nem,NSW1
2017-10-12 16:25:00,0.0,gas_ocgt,MW,nem,NSW1
2017-10-12 16:30:00,0.0,gas_ocgt,MW,nem,NSW1
2017-10-12 16:35:00,0.0,gas_ocgt,MW,nem,NSW1
2017-10-12 16:40:00,0.0,gas_ocgt,MW,nem,NSW1
2017-10-12 16:45:00,0.0,gas_ocgt,MW,nem,NSW1
2017-10-12 16:50:00,0.0,gas_ocgt,MW,nem,NSW1
2017-10-12 16:55:00,0.0,gas_ocgt,MW,nem,NSW1
2017-10-12 17:00:00,0.0,gas_ocgt,MW,nem,NSW1
2017-10-12 17:05:00,0.0,gas_ocgt,MW,nem,NSW1
2017-10-12 17:10:00,0.0,gas_ocgt,MW,nem,NSW1
2017-10-12 17:15:00,0.0,gas_ocgt,MW,nem,NSW1
2017-10-12 17:20:00,0.0,gas_ocgt,MW,nem,NSW1
2017-10-12 17:25:00,0.0,gas_ocgt,MW,nem,NSW1
2017-10-12 17:30:00,0.0,gas_ocgt,MW,nem,NSW1
2017-10-12 17:35:00,0.0,gas_ocgt,MW,nem,NSW1
2017-10-12 17:40:00,0.0,gas_ocgt,MW,nem,NSW1
2017-10-12 17:45:00,0.0,gas_ocgt,MW,nem,NSW1
2017-10-12 17:50:00,0.0,gas_ocgt,MW,nem,NSW1
2017-10-12 17:55:00,0.0,gas_ocgt,MW,nem,NSW1
2017-10-12 18:00:00,0.0,gas_ocgt,MW,nem,NSW1
2017-10-12 18:05:00,0.0,gas_ocgt,MW,nem,NSW1
2017-10-12 18:10:00,0.0,gas_ocgt,MW,nem,NSW1
2017-10-12 18:15:00,0.0,gas_ocgt,MW,nem,NSW1
2017-10-12 18:20:00,0.0,gas_ocgt,MW,nem,NSW1
2017-10-12 18:25:00,0.0,gas_ocgt,MW,nem,NSW1
2017-10-12 18:30:00,0.0,gas_ocgt,MW,nem,NSW1
2017-10-12 18:35:00,0.0,gas_ocgt,MW,nem,NSW1
2017-10-12 18:40:00,0.0,gas_ocgt,MW,nem,NSW1
2017-10-12 18:45:00,0.0,gas_ocgt,MW,nem,NSW1
2017-10-12 18:50:00,0.0,gas_ocgt,MW,nem,NSW1
2017-10-12 18:55:00,0.0,gas_ocgt,MW,nem,NSW1
2017-10-12 19:00:00,0.0,gas_ocgt,MW,nem,NSW1
2017-10-12 19:05:00,0.0,gas_ocgt,MW,nem,NSW1
2017-10-12 19:10:00,0.0,gas_ocgt,MW,nem,NSW1
2017-10-12 19:15:00,0.0,gas_ocgt,MW,nem,NSW1
2017-10-12 19:20:00,0.0,gas_ocgt,MW,nem,NSW1
2017-10-12 19:25:00,0.0,gas_ocgt,MW,nem,NSW1
2017-10-12 19:30:00,0.0,gas_ocgt,MW,nem,NSW1
2017-10-12 19:35:00,0.0,gas_ocgt,MW,nem,NSW1
2017-10-12 19:40:00,0.0,gas_ocgt,MW,nem,NSW1
2017-10-12 19:45:00,0.0,gas_ocgt,MW,nem,NSW1
2017-10-12 19:50:00,0.0,gas_ocgt,MW,nem,NSW1
2017-10-12 19:55:00,0.0,gas_ocgt,MW,nem,NSW1
2017-10-12 20:00:00,0.0,gas_ocgt,MW,nem,NSW1
2017-10-12 20:05:00,0.0,gas_ocgt,MW,nem,NSW1
2017-10-12 20:10:00,0.0,gas_ocgt,MW,nem,NSW1
2017-10-12 20:15:00,0.0,gas_ocgt,MW,nem,NSW1
2017-10-12 20:20:00,0.0,gas_ocgt,MW,nem,NSW1
2017-10-12 20:25:00,0.0,gas_ocgt,MW,nem,NSW1
2017-10-12 20:30:00,0.0,gas_ocgt,MW,nem,NSW1
2017-10-12 20:35:00,0.0,gas_ocgt,MW,nem,NSW1
2017-10-12 20:40:00,0.0,gas_ocgt,MW,nem,NSW1
2017-10-12 20:45:00,0.0,gas_ocgt,MW,nem,NSW1
2017-10-12 20:50:00,0.0,gas_ocgt,MW,nem,NSW1
2017-10-12 20:55:00,0.0,gas_ocgt,MW,nem,NSW1
2017-10-12 21:00:00,0.0,gas_ocgt,MW,nem,NSW1
2017-10-12 21:05:00,0.0,gas_ocgt,MW,nem,NSW1
2017-10-12 21:10:00,0.0,gas_ocgt,MW,nem,NSW1
2017-10-12 21:15:00,0.0,gas_ocgt,MW,nem,NSW1
2017-10-12 21:20:00,0.0,gas_ocgt,MW,nem,NSW1
2017-10-12 21:25:00,0.0,gas_ocgt,MW,nem,NSW1
2017-10-12 21:30:00,0.0,gas_ocgt,MW,nem,NSW1
2017-10-12 21:35:00,0.0,gas_ocgt,MW,nem,NSW1
2017-10-12 21:40:00,0.0,gas_ocgt,MW,nem,NSW1
2017-10-12 21:45:00,0.0,gas_ocgt,MW,nem,NSW1
2017-10-12 21:50:00,0.0,gas_ocgt,MW,nem,NSW1
2017-10-12 21:55:00,0.0,gas_ocgt,MW,nem,NSW1
2017-10-12 22:00:00,0.0,gas_ocgt,MW,nem,NSW1
2017-10-12 22:05:00,0.0,gas_ocgt,MW,nem,NSW1
2017-10-12 22:10:00,0.0,gas_ocgt,MW,nem,NSW1
2017-10-12 22:15:00,0.0,gas_ocgt,MW,nem,NSW1
2017-10-12 22:20:00,0.0,gas_ocgt,MW,nem,NSW1
2017-10-12 22:25:00,0.0,gas_ocgt,MW,nem,NSW1
2017-10-12 22:30:00,0.0,gas_ocgt,MW,nem,NSW1
2017-10-12 22:35:00,0.0,gas_ocgt,MW,nem,NSW1
2017-10-12 22:40:00,0.0,gas_ocgt,MW,nem,NSW1
2017-10-12 22:45:00,0.0,gas_ocgt,MW,nem,NSW1
2017-10-12 22:50:00,0.0,gas_ocgt,MW,nem,NSW1
2017-10-12 22:55:00,0.0,gas_ocgt,MW,nem,NSW1
2017-10-12 23:00:00,0.0,gas_ocgt,MW,nem,NSW1
2017-10-12 23:05:00,0.0,gas_ocgt,MW,nem,NSW1
2017-10-12 23:10:00,0.0,gas_ocgt,MW,nem,NSW1
2017-10-12 23:15:00,0.0,gas_ocgt,MW,nem,NSW1
2017-10-12 23:20:00,0.0,gas_ocgt,MW,nem,NSW1
2017-10-12 23:25:00,0.0,gas_ocgt,MW,nem,NSW1
2017-10-12 23:30:00,0.0,gas_ocgt,MW,nem,NSW1
2017-10-12 23:35:00,0.0,gas_ocgt,MW,nem,NSW1
2017-10-12 23:40:00,0.0,gas_ocgt,MW,nem,NSW1
2017-10-12 23:45:00,0.0,gas_ocgt,MW,nem,NSW1
2017-10-12 23:50:00,0.0,gas_ocgt,MW,nem,NSW1
2017-10-12 23:55:00,0.0,gas_ocgt,MW,nem,NSW1
2017-10-13 00:00:00,0.0,gas_ocgt,MW,nem,NSW1
2017-10-13 00:05:00,0.0,gas_ocgt,MW,nem,NSW1
2017-10-13 00:10:00,0.0,gas_ocgt,MW,nem,NSW1
2017-10-13 00:15:00,0.0,gas_ocgt,MW,nem,NSW1
2017-10-13 00:20:00,0.0,gas_ocgt,MW,nem,NSW1
2017-10-13 00:25:00,0.0,gas_ocgt,MW,nem,NSW1
2017-10-13 00:30:00,0.0,gas_ocgt,MW,nem,NSW1
2017-10-13 00:35:00,0.0,gas_ocgt,MW,nem,NSW1
2017-10-13 00:40:00,0.0,gas_ocgt,MW,nem,NSW1
2017-10-13 00:45:00,0.0,gas_ocgt,MW,nem,NSW1
2017-10-13 00:50:00,0.0,gas_ocgt,MW,nem,NSW1
2017-10-13 00:55:00,0.0,gas_ocgt,MW,nem,NSW1
2017-10-13 01:00:00,0.0,gas_ocgt,MW,nem,NSW1
2017-10-13 01:05:00,0.0,gas_ocgt,MW,nem,NSW1
2017-10-13 01:10:00,0.0,gas_ocgt,MW,nem,NSW1
2017-10-13 01:15:00,0.0,gas_ocgt,MW,nem,NSW1
2017-10-13 01:20:00,0.0,gas_ocgt,MW,nem,NSW1
2017-10-13 01:25:00,0.0,gas_ocgt,MW,nem,NSW1
2017-10-13 01:30:00,0.0,gas_ocgt,MW,nem,NSW1
2017-10-13 01:35:00,0.0,gas_ocgt,MW,nem,NSW1
2017-10-13 01:40:00,0.0,gas_ocgt,MW,nem,NSW1
2017-10-13 01:45:00,0.0,gas_ocgt,MW,nem,NSW1
2017-10-13 01:50:00,0.0,gas_ocgt,MW,nem,NSW1
2017-10-13 01:55:00,0.0,gas_ocgt,MW,nem,NSW1
2017-10-13 02:00:00,0.0,gas_ocgt,MW,nem,NSW1
2017-10-13 02:05:00,0.0,gas_ocgt,MW,nem,NSW1
2017-10-13 02:10:00,0.0,gas_ocgt,MW,nem,NSW1
2017-10-13 02:15:00,0.0,gas_ocgt,MW,nem,NSW1
2017-10-13 02:20:00,0.0,gas_ocgt,MW,nem,NSW1
2017-10-13 02:25:00,0.0,gas_ocgt,MW,nem,NSW1
2017-10-13 02:30:00,0.0,gas_ocgt,MW,nem,NSW1
2017-10-13 02:35:00,0.0,gas_ocgt,MW,nem,NSW1
2017-10-13 02:40:00,0.0,gas_ocgt,MW,nem,NSW1
2017-10-13 02:45:00,0.0,gas_ocgt,MW,nem,NSW1
2017-10-13 02:50:00,0.0,gas_ocgt,MW,nem,NSW1
2017-10-13 02:55:00,0.0,gas_ocgt,MW,nem,NSW1
2017-10-13 03:00:00,0.0,gas_ocgt,MW,nem,NSW1
2017-10-13 03:05:00,0.0,gas_ocgt,MW,nem,NSW1
2017-10-13 03:10:00,0.0,gas_ocgt,MW,nem,NSW1
2017-10-13 03:15:00,0.0,gas_ocgt,MW,nem,NSW1
2017-10-13 03:20:00,0.0,gas_ocgt,MW,nem,NSW1
2017-10-13 03:25:00,0.0,gas_ocgt,MW,nem,NSW1
2017-10-13 03:30:00,0.0,gas_ocgt,MW,nem,NSW1
2017-10-13 03:35:00,0.0,gas_ocgt,MW,nem,NSW1
2017-10-13 03:40:00,0.0,gas_ocgt,MW,nem,NSW1
2017-10-13 03:45:00,0.0,gas_ocgt,MW,nem,NSW1
2017-10-13 03:50:00,0.0,gas_ocgt,MW,nem,NSW1
2017-10-13 03:55:00,0.0,gas_ocgt,MW,nem,NSW1
2017-10-13 04:00:00,0.0,gas_ocgt,MW,nem,NSW1
2017-10-13 04:05:00,0.0,gas_ocgt,MW,nem,NSW1
2017-10-13 04:10:00,0.0,gas_ocgt,MW,nem,NSW1
2017-10-13 04:15:00,0.0,gas_ocgt,MW,nem,NSW1
2017-10-13 04:20:00,0.0,gas_ocgt,MW,nem,NSW1
2017-10-13 04:25:00,0.0,gas_ocgt,MW,nem,NSW1
2017-10-13 04:30:00,0.0,gas_ocgt,MW,nem,NSW1
2017-10-13 04:35:00,0.0,gas_ocgt,MW,nem,NSW1
2017-10-13 04:40:00,0.0,gas_ocgt,MW,nem,NSW1
2017-10-13 04:45:00,0.0,gas_ocgt,MW,nem,NSW1
2017-10-13 04:50:00,0.0,gas_ocgt,MW,nem,NSW1
2017-10-13 04:55:00,0.0,gas_ocgt,MW,nem,NSW1
2017-10-13 05:00:00,0.0,gas_ocgt,MW,nem,NSW1
2017-10-13 05:05:00,0.0,gas_ocgt,MW,nem,NSW1
2017-10-13 05:10:00,0.0,gas_ocgt,MW,nem,NSW1
2017-10-13 05:15:00,0.0,gas_ocgt,MW,nem,NSW1
2017-10-13 05:20:00,0.0,gas_ocgt,MW,nem,NSW1
2017-10-13 05:25:00,0.0,gas_ocgt,MW,nem,NSW1
2017-10-13 05:30:00,0.0,gas_ocgt,MW,nem,NSW1
2017-10-13 05:35:00,0.0,gas_ocgt,MW,nem,NSW1
2017-10-13 05:40:00,0.0,gas_ocgt,MW,nem,NSW1
2017-10-13 05:45:00,0.0,gas_ocgt,MW,nem,NSW1
2017-10-13 05:50:00,0.0,gas_ocgt,MW,nem,NSW1
2017-10-13 05:55:00,0.0,gas_ocgt,MW,nem,NSW1
2017-10-13 06:00:00,0.0,gas_ocgt,MW,nem,NSW1
2017-10-13 06:05:00,0.0,gas_ocgt,MW,nem,NSW1
2017-10-13 06:10:00,0.0,gas_ocgt,MW,nem,NSW1
2017-10-13 06:15:00,0.0,gas_ocgt,MW,nem,NSW1
2017-10-13 06:20:00,0.0,gas_ocgt,MW,nem,NSW1
2017-10-13 06:25:00,0.0,gas_ocgt,MW,nem,NSW1
2017-10-13 06:30:00,0.0,gas_ocgt,MW,nem,NSW1
2017-10-13 06:35:00,0.0,gas_ocgt,MW,nem,NSW1
2017-10-13 06:40:00,0.0,gas_ocgt,MW,nem,NSW1
2017-10-13 06:45:00,0.0,gas_ocgt,MW,nem,NSW1
2017-10-13 06:50:00,0.0,gas_ocgt,MW,nem,NSW1
2017-10-13 06:55:00,0.0,gas_ocgt,MW,nem,NSW1
2017-10-13 07:00:00,0.0,gas_ocgt,MW,nem,NSW1
2017-10-13 07:05:00,0.0,gas_ocgt,MW,nem,NSW1
2017-10-13 07:10:00,0.0,gas_ocgt,MW,nem,NSW1
2017-10-13 07:15:00,0.0,gas_ocgt,MW,nem,NSW1
2017-10-13 07:20:00,0.0,gas_ocgt,MW,nem,NSW1
2017-10-13 07:25:00,0.0,gas_ocgt,MW,nem,NSW1
2017-10-13 07:30:00,0.0,gas_ocgt,MW,nem,NSW1
2017-10-13 07:35:00,0.0,gas_ocgt,MW,nem,NSW1
2017-10-13 07:40:00,0.0,gas_ocgt,MW,nem,NSW1
2017-10-13 07:45:00,0.0,gas_ocgt,MW,nem,NSW1
2017-10-13 07:50:00,0.0,gas_ocgt,MW,nem,NSW1
2017-10-13 07:55:00,0.0,gas_ocgt,MW,nem,NSW1
2017-10-13 08:00:00,0.0,gas_ocgt,MW,nem,NSW1
2017-10-13 08:05:00,0.0,gas_ocgt,MW,nem,NSW1
2017-10-13 08:10:00,0.0,gas_ocgt,MW,nem,NSW1
2017-10-13 08:15:00,0.0,gas_ocgt,MW,nem,NSW1
2017-10-13 08:20:00,0.0,gas_ocgt,MW,nem,NSW1
2017-10-13 08:25:00,0.0,gas_ocgt,MW,nem,NSW1
2017-10-13 08:30:00,0.0,gas_ocgt,MW,nem,NSW1
2017-10-13 08:35:00,0.0,gas_ocgt,MW,nem,NSW1
2017-10-13 08:40:00,0.0,gas_ocgt,MW,nem,NSW1
2017-10-13 08:45:00,0.0,gas_ocgt,MW,nem,NSW1
2017-10-13 08:50:00,0.0,gas_ocgt,MW,nem,NSW1
2017-10-13 08:55:00,0.0,gas_ocgt,MW,nem,NSW1
2017-10-13 09:00:00,0.0,gas_ocgt,MW,nem,NSW1
2017-10-13 09:05:00,0.0,gas_ocgt,MW,nem,NSW1
2017-10-13 09:10:00,0.0,gas_ocgt,MW,nem,NSW1
2017-10-13 09:15:00,0.0,gas_ocgt,MW,nem,NSW1
2017-10-13 09:20:00,0.0,gas_ocgt,MW,nem,NSW1
2017-10-13 09:25:00,0.0,gas_ocgt,MW,nem,NSW1
2017-10-13 09:30:00,0.0,gas_ocgt,MW,nem,NSW1
2017-10-13 09:35:00,0.0,gas_ocgt,MW,nem,NSW1
2017-10-13 09:40:00,0.0,gas_ocgt,MW,nem,NSW1
2017-10-13 09:45:00,0.0,gas_ocgt,MW,nem,NSW1
2017-10-13 09:50:00,0.0,gas_ocgt,MW,nem,NSW1
2017-10-13 09:55:00,0.0,gas_ocgt,MW,nem,NSW1
2017-10-13 10:00:00,0.0,gas_ocgt,MW,nem,NSW1
2017-10-13 10:05:00,0.0,gas_ocgt,MW,nem,NSW1
2017-10-13 10:10:00,0.0,gas_ocgt,MW,nem,NSW1
2017-10-13 10:15:00,0.0,gas_ocgt,MW,nem,NSW1
2017-10-13 10:20:00,0.0,gas_ocgt,MW,nem,NSW1
2017-10-13 10:25:00,0.0,gas_ocgt,MW,nem,NSW1
2017-10-13 10:30:00,0.0,gas_ocgt,MW,nem,NSW1
2017-10-13 10:35:00,0.0,gas_ocgt,MW,nem,NSW1
2017-10-13 10:40:00,0.0,gas_ocgt,MW,nem,NSW1
2017-10-13 10:45:00,0.0,gas_ocgt,MW,nem,NSW1
2017-10-13 10:50:00,0.0,gas_ocgt,MW,nem,NSW1
2017-10-13 10:55:00,0.0,gas_ocgt,MW,nem,NSW1
2017-10-13 11:00:00,0.0,gas_ocgt,MW,nem,NSW1
2017-10-13 11:05:00,0.0,gas_ocgt,MW,nem,NSW1
2017-10-13 11:10:00,0.0,gas_ocgt,MW,nem,NSW1
2017-10-13 11:15:00,0.0,gas_ocgt,MW,nem,NSW1
2017-10-13 11:20:00,0.0,gas_ocgt,MW,nem,NSW1
2017-10-13 11:25:00,0.0,gas_ocgt,MW,nem,NSW1
2017-10-13 11:30:00,0.0,gas_ocgt,MW,nem,NSW1
2017-10-13 11:35:00,0.0,gas_ocgt,MW,nem,NSW1
2017-10-13 11:40:00,0.0,gas_ocgt,MW,nem,NSW1
2017-10-13 11:45:00,0.0,gas_ocgt,MW,nem,NSW1
2017-10-13 11:50:00,0.0,gas_ocgt,MW,nem,NSW1
2017-10-13 11:55:00,0.0,gas_ocgt,MW,nem,NSW1
2017-10-13 12:00:00,0.0,gas_ocgt,MW,nem,NSW1
2017-10-13 12:05:00,0.0,gas_ocgt,MW,nem,NSW1
2017-10-13 12:10:00,0.0,gas_ocgt,MW,nem,NSW1
2017-10-13 12:15:00,0.0,gas_ocgt,MW,nem,NSW1
2017-10-13 12:20:00,0.0,gas_ocgt,MW,nem,NSW1
2017-10-13 12:25:00,0.0,gas_ocgt,MW,nem,NSW1
2017-10-13 12:30:00,0.0,gas_ocgt,MW,nem,NSW1
2017-10-13 12:35:00,0.0,gas_ocgt,MW,nem,NSW1
2017-10-13 12:40:00,0.0,gas_ocgt,MW,nem,NSW1
2017-10-13 12:45:00,0.0,gas_ocgt,MW,nem,NSW1
2017-10-13 12:50:00,0.0,gas_ocgt,MW,nem,NSW1
2017-10-13 12:55:00,0.0,gas_ocgt,MW,nem,NSW1
2017-10-13 13:00:00,0.0,gas_ocgt,MW,nem,NSW1
2017-10-13 13:05:00,0.0,gas_ocgt,MW,nem,NSW1
2017-10-13 13:10:00,0.0,gas_ocgt,MW,nem,NSW1
2017-10-13 13:15:00,0.0,gas_ocgt,MW,nem,NSW1
2017-10-13 13:20:00,0.0,gas_ocgt,MW,nem,NSW1
2017-10-13 13:25:00,0.0,gas_ocgt,MW,nem,NSW1
2017-10-13 13:30:00,0.0,gas_ocgt,MW,nem,NSW1
2017-10-13 13:35:00,0.0,gas_ocgt,MW,nem,NSW1
2017-10-13 13:40:00,0.0,gas_ocgt,MW,nem,NSW1
2017-10-13 13:45:00,0.0,gas_ocgt,MW,nem,NSW1
2017-10-13 13:50:00,0.0,gas_ocgt,MW,nem,NSW1
2017-10-13 13:55:00,0.0,gas_ocgt,MW,nem,NSW1
2017-10-13 14:00:00,0.0,gas_ocgt,MW,nem,NSW1
2017-10-13 14:05:00,0.0,gas_ocgt,MW,nem,NSW1
2017-10-13 14:10:00,0.0,gas_ocgt,MW,nem,NSW1
2017-10-13 14:15:00,0.0,gas_ocgt,MW,nem,NSW1
2017-10-13 14:20:00,0.0,gas_ocgt,MW,nem,NSW1
2017-10-13 14:25:00,0.0,gas_ocgt,MW,nem,NSW1
2017-10-13 14:30:00,0.0,gas_ocgt,MW,nem,NSW1
2017-10-13 14:35:00,0.0,gas_ocgt,MW,nem,NSW1
2017-10-13 14:40:00,0.0,gas_ocgt,MW,nem,NSW1
2017-10-13 14:45:00,0.0,gas_ocgt,MW,nem,NSW1
2017-10-13 14:50:00,0.0,gas_ocgt,MW,nem,NSW1
2017-10-13 14:55:00,0.0,gas_ocgt,MW,nem,NSW1
2017-10-13 15:00:00,0.0,gas_ocgt,MW,nem,NSW1
2017-10-13 15:05:00,0.0,gas_ocgt,MW,nem,NSW1
2017-10-13 15:10:00,0.0,gas_ocgt,MW,nem,NSW1
2017-10-13 15:15:00,0.0,gas_ocgt,MW,nem,NSW1
2017-10-13 15:20:00,0.0,gas_ocgt,MW,nem,NSW1
2017-10-13 15:25:00,0.0,gas_ocgt,MW,nem,NSW1
2017-10-13 15:30:00,0.0,gas_ocgt,MW,nem,NSW1
2017-10-13 15:35:00,0.0,gas_ocgt,MW,nem,NSW1
2017-10-13 15:40:00,0.0,gas_ocgt,MW,nem,NSW1
2017-10-13 15:45:00,0.0,gas_ocgt,MW,nem,NSW1
2017-10-13 15:50:00,0.0,gas_ocgt,MW,nem,NSW1
2017-10-13 15:55:00,0.0,gas_ocgt,MW,nem,NSW1
2017-10-13 16:00:00,0.0,gas_ocgt,MW,nem,NSW1
2017-10-13 16:05:00,0.0,gas_ocgt,MW,nem,NSW1
2017-10-13 16:10:00,0.0,gas_ocgt,MW,nem,NSW1
2017-10-13 16:15:00,0.0,gas_ocgt,MW,nem,NSW1
2017-10-13 16:20:00,0.0,gas_ocgt,MW,nem,NSW1
2017-10-13 16:25:00,0.0,gas_ocgt,MW,nem,NSW1
2017-10-13 16:30:00,0.0,gas_ocgt,MW,nem,NSW1
2017-10-13 16:35:00,0.0,gas_ocgt,MW,nem,NSW1
2017-10-13 16:40:00,0.0,gas_ocgt,MW,nem,NSW1
2017-10-13 16:45:00,0.0,gas_ocgt,MW,nem,NSW1
2017-10-13 16:50:00,0.0,gas_ocgt,MW,nem,NSW1
2017-10-13 16:55:00,0.0,gas_ocgt,MW,nem,NSW1
2017-10-13 17:00:00,0.0,gas_ocgt,MW,nem,NSW1
2017-10-13 17:05:00,0.0,gas_ocgt,MW,nem,NSW1
2017-10-13 17:10:00,0.0,gas_ocgt,MW,nem,NSW1
2017-10-13 17:15:00,0.0,gas_ocgt,MW,nem,NSW1
2017-10-13 17:20:00,0.0,gas_ocgt,MW,nem,NSW1
2017-10-13 17:25:00,0.0,gas_ocgt,MW,nem,NSW1
2017-10-13 17:30:00,0.0,gas_ocgt,MW,nem,NSW1
2017-10-13 17:35:00,0.0,gas_ocgt,MW,nem,NSW1
2017-10-13 17:40:00,0.0,gas_ocgt,MW,nem,NSW1
2017-10-13 17:45:00,0.0,gas_ocgt,MW,nem,NSW1
2017-10-13 17:50:00,0.0,gas_ocgt,MW,nem,NSW1
2017-10-13 17:55:00,0.0,gas_ocgt,MW,nem,NSW1
2017-10-13 18:00:00,0.0,gas_ocgt,MW,nem,NSW1
2017-10-13 18:05:00,0.0,gas_ocgt,MW,nem,NSW1
2017-10-13 18:10:00,0.0,gas_ocgt,MW,nem,NSW1
2017-10-13 18:15:00,0.0,gas_ocgt,MW,nem,NSW1
2017-10-13 18:20:00,0.0,gas_ocgt,MW,nem,NSW1
2017-10-13 18:25:00,0.0,gas_ocgt,MW,nem,NSW1
2017-10-13 18:30:00,0.0,gas_ocgt,MW,nem,NSW1
2017-10-13 18:35:00,0.0,gas_ocgt,MW,nem,NSW1
2017-10-13 18:40:00,0.0,gas_ocgt,MW,nem,NSW1
2017-10-13 18:45:00,0.0,gas_ocgt,MW,nem,NSW1
2017-10-13 18:50:00,0.0,gas_ocgt,MW,nem,NSW1
2017-10-13 18:55:00,0.0,gas_ocgt,MW,nem,NSW1
2017-10-13 19:00:00,0.0,gas_ocgt,MW,nem,NSW1
2017-10-13 19:05:00,0.0,gas_ocgt,MW,nem,NSW1
2017-10-13 19:10:00,0.0,gas_ocgt,MW,nem,NSW1
2017-10-13 19:15:00,0.0,gas_ocgt,MW,nem,NSW1
2017-10-13 19:20:00,0.0,gas_ocgt,MW,nem,NSW1
2017-10-13 19:25:00,0.0,gas_ocgt,MW,nem,NSW1
2017-10-13 19:30:00,0.0,gas_ocgt,MW,nem,NSW1
2017-10-13 19:35:00,0.0,gas_ocgt,MW,nem,NSW1
2017-10-13 19:40:00,0.0,gas_ocgt,MW,nem,NSW1
2017-10-13 19:45:00,0.0,gas_ocgt,MW,nem,NSW1
2017-10-13 19:50:00,0.0,gas_ocgt,MW,nem,NSW1
2017-10-13 19:55:00,0.0,gas_ocgt,MW,nem,NSW1
2017-10-13 20:00:00,0.0,gas_ocgt,MW,nem,NSW1
2017-10-13 20:05:00,0.0,gas_ocgt,MW,nem,NSW1
2017-10-13 20:10:00,0.0,gas_ocgt,MW,nem,NSW1
2017-10-13 20:15:00,0.0,gas_ocgt,MW,nem,NSW1
2017-10-13 20:20:00,0.0,gas_ocgt,MW,nem,NSW1
2017-10-13 20:25:00,0.0,gas_ocgt,MW,nem,NSW1
2017-10-13 20:30:00,0.0,gas_ocgt,MW,nem,NSW1
2017-10-13 20:35:00,0.0,gas_ocgt,MW,nem,NSW1
2017-10-13 20:40:00,0.0,gas_ocgt,MW,nem,NSW1
2017-10-13 20:45:00,0.0,gas_ocgt,MW,nem,NSW1
2017-10-13 20:50:00,0.0,gas_ocgt,MW,nem,NSW1
2017-10-13 20:55:00,0.0,gas_ocgt,MW,nem,NSW1
2017-10-13 21:00:00,0.0,gas_ocgt,MW,nem,NSW1
2017-10-13 21:05:00,0.0,gas_ocgt,MW,nem,NSW1
2017-10-13 21:10:00,0.0,gas_ocgt,MW,nem,NSW1
2017-10-13 21:15:00,0.0,gas_ocgt,MW,nem,NSW1
2017-10-13 21:20:00,0.0,gas_ocgt,MW,nem,NSW1
2017-10-13 21:25:00,0.0,gas_ocgt,MW,nem,NSW1
2017-10-13 21:30:00,0.0,gas_ocgt,MW,nem,NSW1
2017-10-13 21:35:00,0.0,gas_ocgt,MW,nem,NSW1
2017-10-13 21:40:00,0.0,gas_ocgt,MW,nem,NSW1
2017-10-13 21:45:00,0.0,gas_ocgt,MW,nem,NSW1
2017-10-13 21:50:00,0.0,gas_ocgt,MW,nem,NSW1
2017-10-13 21:55:00,0.0,gas_ocgt,MW,nem,NSW1
2017-10-13 22:00:00,0.0,gas_ocgt,MW,nem,NSW1
2017-10-13 22:05:00,0.0,gas_ocgt,MW,nem,NSW1
2017-10-13 22:10:00,0.0,gas_ocgt,MW,nem,NSW1
2017-10-13 22:15:00,0.0,gas_ocgt,MW,nem,NSW1
2017-10-13 22:20:00,0.0,gas_ocgt,MW,nem,NSW1
2017-10-13 22:25:00,0.0,gas_ocgt,MW,nem,NSW1
2017-10-13 22:30:00,0.0,gas_ocgt,MW,nem,NSW1
2017-10-13 22:35:00,0.0,gas_ocgt,MW,nem,NSW1
2017-10-13 22:40:00,0.0,gas_ocgt,MW,nem,NSW1
2017-10-13 22:45:00,0.0,gas_ocgt,MW,nem,NSW1
2017-10-13 22:50:00,0.0,gas_ocgt,MW,nem,NSW1
2017-10-13 22:55:00,0.0,gas_ocgt,MW,nem,NSW1
2017-10-13 23:00:00,0.0,gas_ocgt,MW,nem,NSW1
2017-10-13 23:05:00,0.0,gas_ocgt,MW,nem,NSW1
2017-10-13 23:10:00,0.0,gas_ocgt,MW,nem,NSW1
2017-10-13 23:15:00,0.0,gas_ocgt,MW,nem,NSW1
2017-10-13 23:20:00,0.0,gas_ocgt,MW,nem,NSW1
2017-10-13 23:25:00,0.0,gas_ocgt,MW,nem,NSW1
2017-10-13 23:30:00,0.0,gas_ocgt,MW,nem,NSW1
2017-10-13 23:35:00,0.0,gas_ocgt,MW,nem,NSW1
2017-10-13 23:40:00,0.0,gas_ocgt,MW,nem,NSW1
2017-10-13 23:45:00,0.0,gas_ocgt,MW,nem,NSW1
2017-10-13 23:50:00,0.0,gas_ocgt,MW,nem,NSW1
2017-10-13 23:55:00,0.0,gas_ocgt,MW,nem,NSW1
2017-10-14 00:00:00,0.0,gas_ocgt,MW,nem,NSW1
2017-10-14 00:05:00,0.0,gas_ocgt,MW,nem,NSW1
2017-10-14 00:10:00,0.0,gas_ocgt,MW,nem,NSW1
2017-10-14 00:15:00,0.0,gas_ocgt,MW,nem,NSW1
2017-10-14 00:20:00,0.0,gas_ocgt,MW,nem,NSW1
2017-10-14 00:25:00,0.0,gas_ocgt,MW,nem,NSW1
2017-10-14 00:30:00,0.0,gas_ocgt,MW,nem,NSW1
2017-10-14 00:35:00,0.0,gas_ocgt,MW,nem,NSW1
2017-10-14 00:40:00,0.0,gas_ocgt,MW,nem,NSW1
2017-10-14 00:45:00,0.0,gas_ocgt,MW,nem,NSW1
2017-10-14 00:50:00,0.0,gas_ocgt,MW,nem,NSW1
2017-10-14 00:55:00,0.0,gas_ocgt,MW,nem,NSW1
2017-10-14 01:00:00,0.0,gas_ocgt,MW,nem,NSW1
2017-10-14 01:05:00,0.0,gas_ocgt,MW,nem,NSW1
2017-10-14 01:10:00,0.0,gas_ocgt,MW,nem,NSW1
2017-10-14 01:15:00,0.0,gas_ocgt,MW,nem,NSW1
2017-10-14 01:20:00,0.0,gas_ocgt,MW,nem,NSW1
2017-10-14 01:25:00,0.0,gas_ocgt,MW,nem,NSW1
2017-10-14 01:30:00,0.0,gas_ocgt,MW,nem,NSW1
2017-10-14 01:35:00,0.0,gas_ocgt,MW,nem,NSW1
2017-10-14 01:40:00,0.0,gas_ocgt,MW,nem,NSW1
2017-10-14 01:45:00,0.0,gas_ocgt,MW,nem,NSW1
2017-10-14 01:50:00,0.0,gas_ocgt,MW,nem,NSW1
2017-10-14 01:55:00,0.0,gas_ocgt,MW,nem,NSW1
2017-10-14 02:00:00,0.0,gas_ocgt,MW,nem,NSW1
2017-10-14 02:05:00,0.0,gas_ocgt,MW,nem,NSW1
2017-10-14 02:10:00,0.0,gas_ocgt,MW,nem,NSW1
2017-10-14 02:15:00,0.0,gas_ocgt,MW,nem,NSW1
2017-10-14 02:20:00,0.0,gas_ocgt,MW,nem,NSW1
2017-10-14 02:25:00,0.0,gas_ocgt,MW,nem,NSW1
2017-10-14 02:30:00,0.0,gas_ocgt,MW,nem,NSW1
2017-10-14 02:35:00,0.0,gas_ocgt,MW,nem,NSW1
2017-10-14 02:40:00,0.0,gas_ocgt,MW,nem,NSW1
2017-10-14 02:45:00,0.0,gas_ocgt,MW,nem,NSW1
2017-10-14 02:50:00,0.0,gas_ocgt,MW,nem,NSW1
2017-10-14 02:55:00,0.0,gas_ocgt,MW,nem,NSW1
2017-10-14 03:00:00,0.0,gas_ocgt,MW,nem,NSW1
2017-10-14 03:05:00,0.0,gas_ocgt,MW,nem,NSW1
2017-10-14 03:10:00,0.0,gas_ocgt,MW,nem,NSW1
2017-10-14 03:15:00,0.0,gas_ocgt,MW,nem,NSW1
2017-10-14 03:20:00,0.0,gas_ocgt,MW,nem,NSW1
2017-10-14 03:25:00,0.0,gas_ocgt,MW,nem,NSW1
2017-10-14 03:30:00,0.0,gas_ocgt,MW,nem,NSW1
2017-10-14 03:35:00,0.0,gas_ocgt,MW,nem,NSW1
2017-10-14 03:40:00,0.0,gas_ocgt,MW,nem,NSW1
2017-10-14 03:45:00,0.0,gas_ocgt,MW,nem,NSW1
2017-10-14 03:50:00,0.0,gas_ocgt,MW,nem,NSW1
2017-10-14 03:55:00,0.0,gas_ocgt,MW,nem,NSW1
2017-10-14 04:00:00,0.0,gas_ocgt,MW,nem,NSW1
2017-10-14 04:05:00,0.0,gas_ocgt,MW,nem,NSW1
2017-10-14 04:10:00,0.0,gas_ocgt,MW,nem,NSW1
2017-10-14 04:15:00,0.0,gas_ocgt,MW,nem,NSW1
2017-10-14 04:20:00,0.0,gas_ocgt,MW,nem,NSW1
2017-10-14 04:25:00,0.0,gas_ocgt,MW,nem,NSW1
2017-10-14 04:30:00,0.0,gas_ocgt,MW,nem,NSW1
2017-10-14 04:35:00,0.0,gas_ocgt,MW,nem,NSW1
2017-10-14 04:40:00,0.0,gas_ocgt,MW,nem,NSW1
2017-10-14 04:45:00,0.0,gas_ocgt,MW,nem,NSW1
2017-10-14 04:50:00,0.0,gas_ocgt,MW,nem,NSW1
2017-10-14 04:55:00,0.0,gas_ocgt,MW,nem,NSW1
2017-10-14 05:00:00,0.0,gas_ocgt,MW,nem,NSW1
2017-10-14 05:05:00,0.0,gas_ocgt,MW,nem,NSW1
2017-10-14 05:10:00,0.0,gas_ocgt,MW,nem,NSW1
2017-10-14 05:15:00,0.0,gas_ocgt,MW,nem,NSW1
2017-10-14 05:20:00,0.0,gas_ocgt,MW,nem,NSW1
2017-10-14 05:25:00,0.0,gas_ocgt,MW,nem,NSW1
2017-10-14 05:30:00,0.0,gas_ocgt,MW,nem,NSW1
2017-10-14 05:35:00,0.0,gas_ocgt,MW,nem,NSW1
2017-10-14 05:40:00,0.0,gas_ocgt,MW,nem,NSW1
2017-10-14 05:45:00,0.0,gas_ocgt,MW,nem,NSW1
2017-10-14 05:50:00,0.0,gas_ocgt,MW,nem,NSW1
2017-10-14 05:55:00,0.0,gas_ocgt,MW,nem,NSW1
2017-10-14 06:00:00,0.0,gas_ocgt,MW,nem,NSW1
2017-10-14 06:05:00,0.0,gas_ocgt,MW,nem,NSW1
2017-10-14 06:10:00,0.0,gas_ocgt,MW,nem,NSW1
2017-10-14 06:15:00,0.0,gas_ocgt,MW,nem,NSW1
2017-10-14 06:20:00,0.0,gas_ocgt,MW,nem,NSW1
2017-10-14 06:25:00,0.0,gas_ocgt,MW,nem,NSW1
2017-10-14 06:30:00,0.0,gas_ocgt,MW,nem,NSW1
2017-10-14 06:35:00,0.0,gas_ocgt,MW,nem,NSW1
2017-10-14 06:40:00,0.0,gas_ocgt,MW,nem,NSW1
2017-10-14 06:45:00,0.0,gas_ocgt,MW,nem,NSW1
2017-10-14 06:50:00,0.0,gas_ocgt,MW,nem,NSW1
2017-10-14 06:55:00,0.0,gas_ocgt,MW,nem,NSW1
2017-10-14 07:00:00,0.0,gas_ocgt,MW,nem,NSW1
2017-10-14 07:05:00,0.0,gas_ocgt,MW,nem,NSW1
2017-10-14 07:10:00,0.0,gas_ocgt,MW,nem,NSW1
2017-10-14 07:15:00,0.0,gas_ocgt,MW,nem,NSW1
2017-10-14 07:20:00,0.0,gas_ocgt,MW,nem,NSW1
2017-10-14 07:25:00,0.0,gas_ocgt,MW,nem,NSW1
2017-10-14 07:30:00,0.0,gas_ocgt,MW,nem,NSW1
2017-10-14 07:35:00,0.0,gas_ocgt,MW,nem,NSW1
2017-10-14 07:40:00,0.0,gas_ocgt,MW,nem,NSW1
2017-10-14 07:45:00,0.0,gas_ocgt,MW,nem,NSW1
2017-10-14 07:50:00,0.0,gas_ocgt,MW,nem,NSW1
2017-10-14 07:55:00,0.0,gas_ocgt,MW,nem,NSW1
2017-10-14 08:00:00,0.0,gas_ocgt,MW,nem,NSW1
2017-10-14 08:05:00,0.0,gas_ocgt,MW,nem,NSW1
2017-10-14 08:10:00,0.0,gas_ocgt,MW,nem,NSW1
2017-10-14 08:15:00,0.0,gas_ocgt,MW,nem,NSW1
2017-10-14 08:20:00,0.0,gas_ocgt,MW,nem,NSW1
2017-10-14 08:25:00,0.0,gas_ocgt,MW,nem,NSW1
2017-10-14 08:30:00,0.0,gas_ocgt,MW,nem,NSW1
2017-10-14 08:35:00,0.0,gas_ocgt,MW,nem,NSW1
2017-10-14 08:40:00,0.0,gas_ocgt,MW,nem,NSW1
2017-10-14 08:45:00,0.0,gas_ocgt,MW,nem,NSW1
2017-10-14 08:50:00,0.0,gas_ocgt,MW,nem,NSW1
2017-10-14 08:55:00,0.0,gas_ocgt,MW,nem,NSW1
2017-10-14 09:00:00,0.0,gas_ocgt,MW,nem,NSW1
2017-10-14 09:05:00,0.0,gas_ocgt,MW,nem,NSW1
2017-10-14 09:10:00,0.0,gas_ocgt,MW,nem,NSW1
2017-10-14 09:15:00,0.0,gas_ocgt,MW,nem,NSW1
2017-10-14 09:20:00,0.0,gas_ocgt,MW,nem,NSW1
2017-10-14 09:25:00,0.0,gas_ocgt,MW,nem,NSW1
2017-10-14 09:30:00,0.0,gas_ocgt,MW,nem,NSW1
2017-10-14 09:35:00,0.0,gas_ocgt,MW,nem,NSW1
2017-10-14 09:40:00,0.0,gas_ocgt,MW,nem,NSW1
2017-10-14 09:45:00,0.0,gas_ocgt,MW,nem,NSW1
2017-10-14 09:50:00,0.0,gas_ocgt,MW,nem,NSW1
2017-10-14 09:55:00,0.0,gas_ocgt,MW,nem,NSW1
2017-10-14 10:00:00,0.0,gas_ocgt,MW,nem,NSW1
2017-10-14 10:05:00,0.0,gas_ocgt,MW,nem,NSW1
2017-10-14 10:10:00,0.0,gas_ocgt,MW,nem,NSW1
2017-10-14 10:15:00,0.0,gas_ocgt,MW,nem,NSW1
2017-10-14 10:20:00,0.0,gas_ocgt,MW,nem,NSW1
2017-10-14 10:25:00,0.0,gas_ocgt,MW,nem,NSW1
2017-10-14 10:30:00,0.0,gas_ocgt,MW,nem,NSW1
2017-10-14 10:35:00,0.0,gas_ocgt,MW,nem,NSW1
2017-10-14 10:40:00,0.0,gas_ocgt,MW,nem,NSW1
2017-10-14 10:45:00,0.0,gas_ocgt,MW,nem,NSW1
2017-10-14 10:50:00,0.0,gas_ocgt,MW,nem,NSW1
2017-10-14 10:55:00,0.0,gas_ocgt,MW,nem,NSW1
2017-10-14 11:00:00,0.0,gas_ocgt,MW,nem,NSW1
2017-10-14 11:05:00,0.0,gas_ocgt,MW,nem,NSW1
2017-10-14 11:10:00,0.0,gas_ocgt,MW,nem,NSW1
2017-10-14 11:15:00,0.0,gas_ocgt,MW,nem,NSW1
2017-10-14 11:20:00,0.0,gas_ocgt,MW,nem,NSW1
2017-10-14 11:25:00,0.0,gas_ocgt,MW,nem,NSW1
2017-10-14 11:30:00,0.0,gas_ocgt,MW,nem,NSW1
2017-10-14 11:35:00,0.0,gas_ocgt,MW,nem,NSW1
2017-10-14 11:40:00,0.0,gas_ocgt,MW,nem,NSW1
2017-10-14 11:45:00,0.0,gas_ocgt,MW,nem,NSW1
2017-10-14 11:50:00,0.0,gas_ocgt,MW,nem,NSW1
2017-10-14 11:55:00,0.0,gas_ocgt,MW,nem,NSW1
2017-10-14 12:00:00,0.0,gas_ocgt,MW,nem,NSW1
2017-10-14 12:05:00,0.0,gas_ocgt,MW,nem,NSW1
2017-10-14 12:10:00,0.0,gas_ocgt,MW,nem,NSW1
2017-10-14 12:15:00,0.0,gas_ocgt,MW,nem,NSW1
2017-10-14 12:20:00,0.0,gas_ocgt,MW,nem,NSW1
2017-10-14 12:25:00,0.0,gas_ocgt,MW,nem,NSW1
2017-10-14 12:30:00,0.0,gas_ocgt,MW,nem,NSW1
2017-10-14 12:35:00,0.0,gas_ocgt,MW,nem,NSW1
2017-10-14 12:40:00,0.0,gas_ocgt,MW,nem,NSW1
2017-10-14 12:45:00,0.0,gas_ocgt,MW,nem,NSW1
2017-10-14 12:50:00,0.0,gas_ocgt,MW,nem,NSW1
2017-10-14 12:55:00,0.0,gas_ocgt,MW,nem,NSW1
2017-10-14 13:00:00,0.0,gas_ocgt,MW,nem,NSW1
2017-10-14 13:05:00,0.0,gas_ocgt,MW,nem,NSW1
2017-10-14 13:10:00,0.0,gas_ocgt,MW,nem,NSW1
2017-10-14 13:15:00,0.0,gas_ocgt,MW,nem,NSW1
2017-10-14 13:20:00,0.0,gas_ocgt,MW,nem,NSW1
2017-10-14 13:25:00,0.0,gas_ocgt,MW,nem,NSW1
2017-10-14 13:30:00,0.0,gas_ocgt,MW,nem,NSW1
2017-10-14 13:35:00,0.0,gas_ocgt,MW,nem,NSW1
2017-10-14 13:40:00,0.0,gas_ocgt,MW,nem,NSW1
2017-10-14 13:45:00,0.0,gas_ocgt,MW,nem,NSW1
2017-10-14 13:50:00,0.0,gas_ocgt,MW,nem,NSW1
2017-10-14 13:55:00,0.0,gas_ocgt,MW,nem,NSW1
2017-10-14 14:00:00,0.0,gas_ocgt,MW,nem,NSW1
2017-10-14 14:05:00,0.0,gas_ocgt,MW,nem,NSW1
2017-10-14 14:10:00,0.0,gas_ocgt,MW,nem,NSW1
2017-10-14 14:15:00,0.0,gas_ocgt,MW,nem,NSW1
2017-10-14 14:20:00,0.0,gas_ocgt,MW,nem,NSW1
2017-10-14 14:25:00,0.0,gas_ocgt,MW,nem,NSW1
2017-10-14 14:30:00,0.0,gas_ocgt,MW,nem,NSW1
2017-10-14 14:35:00,0.0,gas_ocgt,MW,nem,NSW1
2017-10-14 14:40:00,0.0,gas_ocgt,MW,nem,NSW1
2017-10-14 14:45:00,0.0,gas_ocgt,MW,nem,NSW1
2017-10-14 14:50:00,0.0,gas_ocgt,MW,nem,NSW1
2017-10-14 14:55:00,0.0,gas_ocgt,MW,nem,NSW1
2017-10-14 15:00:00,0.0,gas_ocgt,MW,nem,NSW1
2017-10-14 15:05:00,0.0,gas_ocgt,MW,nem,NSW1
2017-10-14 15:10:00,0.0,gas_ocgt,MW,nem,NSW1
2017-10-14 15:15:00,0.0,gas_ocgt,MW,nem,NSW1
2017-10-14 15:20:00,0.0,gas_ocgt,MW,nem,NSW1
2017-10-14 15:25:00,0.0,gas_ocgt,MW,nem,NSW1
2017-10-14 15:30:00,0.0,gas_ocgt,MW,nem,NSW1
2017-10-14 15:35:00,0.0,gas_ocgt,MW,nem,NSW1
2017-10-14 15:40:00,0.0,gas_ocgt,MW,nem,NSW1
2017-10-14 15:45:00,0.0,gas_ocgt,MW,nem,NSW1
2017-10-14 15:50:00,0.0,gas_ocgt,MW,nem,NSW1
2017-10-14 15:55:00,0.0,gas_ocgt,MW,nem,NSW1
2017-10-14 16:00:00,0.0,gas_ocgt,MW,nem,NSW1
2017-10-14 16:05:00,0.0,gas_ocgt,MW,nem,NSW1
2017-10-14 16:10:00,0.0,gas_ocgt,MW,nem,NSW1
2017-10-14 16:15:00,0.0,gas_ocgt,MW,nem,NSW1
2017-10-14 16:20:00,0.0,gas_ocgt,MW,nem,NSW1
2017-10-14 16:25:00,0.0,gas_ocgt,MW,nem,NSW1
2017-10-14 16:30:00,0.0,gas_ocgt,MW,nem,NSW1
2017-10-14 16:35:00,0.0,gas_ocgt,MW,nem,NSW1
2017-10-14 16:40:00,0.0,gas_ocgt,MW,nem,NSW1
2017-10-14 16:45:00,0.0,gas_ocgt,MW,nem,NSW1
2017-10-14 16:50:00,0.0,gas_ocgt,MW,nem,NSW1
2017-10-14 16:55:00,0.0,gas_ocgt,MW,nem,NSW1
2017-10-14 17:00:00,0.0,gas_ocgt,MW,nem,NSW1
2017-10-14 17:05:00,0.0,gas_ocgt,MW,nem,NSW1
2017-10-14 17:10:00,0.0,gas_ocgt,MW,nem,NSW1
2017-10-14 17:15:00,0.0,gas_ocgt,MW,nem,NSW1
2017-10-14 17:20:00,0.0,gas_ocgt,MW,nem,NSW1
2017-10-14 17:25:00,0.0,gas_ocgt,MW,nem,NSW1
2017-10-14 17:30:00,0.0,gas_ocgt,MW,nem,NSW1
2017-10-14 17:35:00,0.0,gas_ocgt,MW,nem,NSW1
2017-10-14 17:40:00,0.0,gas_ocgt,MW,nem,NSW1
2017-10-14 17:45:00,0.0,gas_ocgt,MW,nem,NSW1
2017-10-14 17:50:00,0.0,gas_ocgt,MW,nem,NSW1
2017-10-14 17:55:00,0.0,gas_ocgt,MW,nem,NSW1
2017-10-14 18:00:00,0.0,gas_ocgt,MW,nem,NSW1
2017-10-14 18:05:00,0.0,gas_ocgt,MW,nem,NSW1
2017-10-14 18:10:00,0.0,gas_ocgt,MW,nem,NSW1
2017-10-14 18:15:00,0.0,gas_ocgt,MW,nem,NSW1
2017-10-14 18:20:00,0.0,gas_ocgt,MW,nem,NSW1
2017-10-14 18:25:00,0.0,gas_ocgt,MW,nem,NSW1
2017-10-14 18:30:00,0.0,gas_ocgt,MW,nem,NSW1
2017-10-14 18:35:00,0.0,gas_ocgt,MW,nem,NSW1
2017-10-14 18:40:00,0.0,gas_ocgt,MW,nem,NSW1
2017-10-14 18:45:00,0.0,gas_ocgt,MW,nem,NSW1
2017-10-14 18:50:00,0.0,gas_ocgt,MW,nem,NSW1
2017-10-14 18:55:00,0.0,gas_ocgt,MW,nem,NSW1
2017-10-14 19:00:00,0.0,gas_ocgt,MW,nem,NSW1
2017-10-14 19:05:00,0.0,gas_ocgt,MW,nem,NSW1
2017-10-14 19:10:00,0.0,gas_ocgt,MW,nem,NSW1
2017-10-14 19:15:00,0.0,gas_ocgt,MW,nem,NSW1
2017-10-14 19:20:00,0.0,gas_ocgt,MW,nem,NSW1
2017-10-14 19:25:00,0.0,gas_ocgt,MW,nem,NSW1
2017-10-14 19:30:00,0.0,gas_ocgt,MW,nem,NSW1
2017-10-14 19:35:00,0.0,gas_ocgt,MW,nem,NSW1
2017-10-14 19:40:00,0.0,gas_ocgt,MW,nem,NSW1
2017-10-14 19:45:00,0.0,gas_ocgt,MW,nem,NSW1
2017-10-14 19:50:00,0.0,gas_ocgt,MW,nem,NSW1
2017-10-14 19:55:00,0.0,gas_ocgt,MW,nem,NSW1
2017-10-14 20:00:00,0.0,gas_ocgt,MW,nem,NSW1
2017-10-14 20:05:00,0.0,gas_ocgt,MW,nem,NSW1
2017-10-14 20:10:00,0.0,gas_ocgt,MW,nem,NSW1
2017-10-14 20:15:00,0.0,gas_ocgt,MW,nem,NSW1
2017-10-14 20:20:00,0.0,gas_ocgt,MW,nem,NSW1
2017-10-14 20:25:00,0.0,gas_ocgt,MW,nem,NSW1
2017-10-14 20:30:00,0.0,gas_ocgt,MW,nem,NSW1
2017-10-14 20:35:00,0.0,gas_ocgt,MW,nem,NSW1
2017-10-14 20:40:00,0.0,gas_ocgt,MW,nem,NSW1
2017-10-14 20:45:00,0.0,gas_ocgt,MW,nem,NSW1
2017-10-14 20:50:00,0.0,gas_ocgt,MW,nem,NSW1
2017-10-14 20:55:00,0.0,gas_ocgt,MW,nem,NSW1
2017-10-14 21:00:00,0.0,gas_ocgt,MW,nem,NSW1
2017-10-14 21:05:00,0.0,gas_ocgt,MW,nem,NSW1
2017-10-14 21:10:00,0.0,gas_ocgt,MW,nem,NSW1
2017-10-14 21:15:00,0.0,gas_ocgt,MW,nem,NSW1
2017-10-14 21:20:00,0.0,gas_ocgt,MW,nem,NSW1
2017-10-14 21:25:00,0.0,gas_ocgt,MW,nem,NSW1
2017-10-14 21:30:00,0.0,gas_ocgt,MW,nem,NSW1
2017-10-14 21:35:00,0.0,gas_ocgt,MW,nem,NSW1
2017-10-14 21:40:00,0.0,gas_ocgt,MW,nem,NSW1
2017-10-14 21:45:00,0.0,gas_ocgt,MW,nem,NSW1
2017-10-14 21:50:00,0.0,gas_ocgt,MW,nem,NSW1
2017-10-14 21:55:00,0.0,gas_ocgt,MW,nem,NSW1
2017-10-14 22:00:00,0.0,gas_ocgt,MW,nem,NSW1
2017-10-14 22:05:00,0.0,gas_ocgt,MW,nem,NSW1
2017-10-14 22:10:00,0.0,gas_ocgt,MW,nem,NSW1
2017-10-14 22:15:00,0.0,gas_ocgt,MW,nem,NSW1
2017-10-14 22:20:00,0.0,gas_ocgt,MW,nem,NSW1
2017-10-14 22:25:00,0.0,gas_ocgt,MW,nem,NSW1
2017-10-14 22:30:00,0.0,gas_ocgt,MW,nem,NSW1
2017-10-14 22:35:00,0.0,gas_ocgt,MW,nem,NSW1
2017-10-14 22:40:00,0.0,gas_ocgt,MW,nem,NSW1
2017-10-14 22:45:00,0.0,gas_ocgt,MW,nem,NSW1
2017-10-14 22:50:00,0.0,gas_ocgt,MW,nem,NSW1
2017-10-14 22:55:00,0.0,gas_ocgt,MW,nem,NSW1
2017-10-14 23:00:00,0.0,gas_ocgt,MW,nem,NSW1
2017-10-14 23:05:00,0.0,gas_ocgt,MW,nem,NSW1
2017-10-14 23:10:00,0.0,gas_ocgt,MW,nem,NSW1
2017-10-14 23:15:00,0.0,gas_ocgt,MW,nem,NSW1
2017-10-14 23:20:00,0.0,gas_ocgt,MW,nem,NSW1
2017-10-14 23:25:00,0.0,gas_ocgt,MW,nem,NSW1
2017-10-14 23:30:00,0.0,gas_ocgt,MW,nem,NSW1
2017-10-14 23:35:00,0.0,gas_ocgt,MW,nem,NSW1
2017-10-14 23:40:00,0.0,gas_ocgt,MW,nem,NSW1
2017-10-14 23:45:00,0.0,gas_ocgt,MW,nem,NSW1
2017-10-14 23:50:00,0.0,gas_ocgt,MW,nem,NSW1
2017-10-14 23:55:00,0.0,gas_ocgt,MW,nem,NSW1
2017-10-15 00:00:00,0.0,gas_ocgt,MW,nem,NSW1
2017-10-15 00:05:00,0.0,gas_ocgt,MW,nem,NSW1
2017-10-15 00:10:00,0.0,gas_ocgt,MW,nem,NSW1
2017-10-15 00:15:00,0.0,gas_ocgt,MW,nem,NSW1
2017-10-15 00:20:00,0.0,gas_ocgt,MW,nem,NSW1
2017-10-15 00:25:00,0.0,gas_ocgt,MW,nem,NSW1
2017-10-15 00:30:00,0.0,gas_ocgt,MW,nem,NSW1
2017-10-15 00:35:00,0.0,gas_ocgt,MW,nem,NSW1
2017-10-15 00:40:00,0.0,gas_ocgt,MW,nem,NSW1
2017-10-15 00:45:00,0.0,gas_ocgt,MW,nem,NSW1
2017-10-15 00:50:00,0.0,gas_ocgt,MW,nem,NSW1
2017-10-15 00:55:00,0.0,gas_ocgt,MW,nem,NSW1
2017-10-15 01:00:00,0.0,gas_ocgt,MW,nem,NSW1
2017-10-15 01:05:00,0.0,gas_ocgt,MW,nem,NSW1
2017-10-15 01:10:00,0.0,gas_ocgt,MW,nem,NSW1
2017-10-15 01:15:00,0.0,gas_ocgt,MW,nem,NSW1
2017-10-15 01:20:00,0.0,gas_ocgt,MW,nem,NSW1
2017-10-15 01:25:00,0.0,gas_ocgt,MW,nem,NSW1
2017-10-15 01:30:00,0.0,gas_ocgt,MW,nem,NSW1
2017-10-15 01:35:00,0.0,gas_ocgt,MW,nem,NSW1
2017-10-15 01:40:00,0.0,gas_ocgt,MW,nem,NSW1
2017-10-15 01:45:00,0.0,gas_ocgt,MW,nem,NSW1
2017-10-15 01:50:00,0.0,gas_ocgt,MW,nem,NSW1
2017-10-15 01:55:00,0.0,gas_ocgt,MW,nem,NSW1
2017-10-15 02:00:00,0.0,gas_ocgt,MW,nem,NSW1
2017-10-15 02:05:00,0.0,gas_ocgt,MW,nem,NSW1
2017-10-15 02:10:00,0.0,gas_ocgt,MW,nem,NSW1
2017-10-15 02:15:00,0.0,gas_ocgt,MW,nem,NSW1
2017-10-15 02:20:00,0.0,gas_ocgt,MW,nem,NSW1
2017-10-15 02:25:00,0.0,gas_ocgt,MW,nem,NSW1
2017-10-15 02:30:00,0.0,gas_ocgt,MW,nem,NSW1
2017-10-15 02:35:00,0.0,gas_ocgt,MW,nem,NSW1
2017-10-15 02:40:00,0.0,gas_ocgt,MW,nem,NSW1
2017-10-15 02:45:00,0.0,gas_ocgt,MW,nem,NSW1
2017-10-15 02:50:00,0.0,gas_ocgt,MW,nem,NSW1
2017-10-15 02:55:00,0.0,gas_ocgt,MW,nem,NSW1
2017-10-15 03:00:00,0.0,gas_ocgt,MW,nem,NSW1
2017-10-15 03:05:00,0.0,gas_ocgt,MW,nem,NSW1
2017-10-15 03:10:00,0.0,gas_ocgt,MW,nem,NSW1
2017-10-15 03:15:00,0.0,gas_ocgt,MW,nem,NSW1
2017-10-15 03:20:00,0.0,gas_ocgt,MW,nem,NSW1
2017-10-15 03:25:00,0.0,gas_ocgt,MW,nem,NSW1
2017-10-15 03:30:00,0.0,gas_ocgt,MW,nem,NSW1
2017-10-15 03:35:00,0.0,gas_ocgt,MW,nem,NSW1
2017-10-15 03:40:00,0.0,gas_ocgt,MW,nem,NSW1
2017-10-15 03:45:00,0.0,gas_ocgt,MW,nem,NSW1
2017-10-15 03:50:00,0.0,gas_ocgt,MW,nem,NSW1
2017-10-15 03:55:00,0.0,gas_ocgt,MW,nem,NSW1
2017-10-15 04:00:00,0.0,gas_ocgt,MW,nem,NSW1
2017-10-15 04:05:00,0.0,gas_ocgt,MW,nem,NSW1
2017-10-15 04:10:00,0.0,gas_ocgt,MW,nem,NSW1
2017-10-15 04:15:00,0.0,gas_ocgt,MW,nem,NSW1
2017-10-15 04:20:00,0.0,gas_ocgt,MW,nem,NSW1
2017-10-15 04:25:00,0.0,gas_ocgt,MW,nem,NSW1
2017-10-15 04:30:00,0.0,gas_ocgt,MW,nem,NSW1
2017-10-15 04:35:00,0.0,gas_ocgt,MW,nem,NSW1
2017-10-15 04:40:00,0.0,gas_ocgt,MW,nem,NSW1
2017-10-15 04:45:00,0.0,gas_ocgt,MW,nem,NSW1
2017-10-15 04:50:00,0.0,gas_ocgt,MW,nem,NSW1
2017-10-15 04:55:00,0.0,gas_ocgt,MW,nem,NSW1
2017-10-15 05:00:00,0.0,gas_ocgt,MW,nem,NSW1
2017-10-15 05:05:00,0.0,gas_ocgt,MW,nem,NSW1
2017-10-15 05:10:00,0.0,gas_ocgt,MW,nem,NSW1
2017-10-15 05:15:00,0.0,gas_ocgt,MW,nem,NSW1
2017-10-15 05:20:00,0.0,gas_ocgt,MW,nem,NSW1
2017-10-15 05:25:00,0.0,gas_ocgt,MW,nem,NSW1
2017-10-15 05:30:00,0.0,gas_ocgt,MW,nem,NSW1
2017-10-15 05:35:00,0.0,gas_ocgt,MW,nem,NSW1
2017-10-15 05:40:00,0.0,gas_ocgt,MW,nem,NSW1
2017-10-15 05:45:00,0.0,gas_ocgt,MW,nem,NSW1
2017-10-15 05:50:00,0.0,gas_ocgt,MW,nem,NSW1
2017-10-15 05:55:00,0.0,gas_ocgt,MW,nem,NSW1
2017-10-15 06:00:00,0.0,gas_ocgt,MW,nem,NSW1
2017-10-15 06:05:00,0.0,gas_ocgt,MW,nem,NSW1
2017-10-15 06:10:00,0.0,gas_ocgt,MW,nem,NSW1
2017-10-15 06:15:00,0.0,gas_ocgt,MW,nem,NSW1
2017-10-15 06:20:00,0.0,gas_ocgt,MW,nem,NSW1
2017-10-15 06:25:00,0.0,gas_ocgt,MW,nem,NSW1
2017-10-15 06:30:00,0.0,gas_ocgt,MW,nem,NSW1
2017-10-15 06:35:00,0.0,gas_ocgt,MW,nem,NSW1
2017-10-15 06:40:00,0.0,gas_ocgt,MW,nem,NSW1
2017-10-15 06:45:00,0.0,gas_ocgt,MW,nem,NSW1
2017-10-15 06:50:00,0.0,gas_ocgt,MW,nem,NSW1
2017-10-15 06:55:00,0.0,gas_ocgt,MW,nem,NSW1
2017-10-15 07:00:00,0.0,gas_ocgt,MW,nem,NSW1
2017-10-15 07:05:00,0.0,gas_ocgt,MW,nem,NSW1
2017-10-15 07:10:00,0.0,gas_ocgt,MW,nem,NSW1
2017-10-15 07:15:00,0.0,gas_ocgt,MW,nem,NSW1
2017-10-15 07:20:00,0.0,gas_ocgt,MW,nem,NSW1
2017-10-15 07:25:00,0.0,gas_ocgt,MW,nem,NSW1
2017-10-15 07:30:00,0.0,gas_ocgt,MW,nem,NSW1
2017-10-15 07:35:00,0.0,gas_ocgt,MW,nem,NSW1
2017-10-15 07:40:00,0.0,gas_ocgt,MW,nem,NSW1
2017-10-15 07:45:00,0.0,gas_ocgt,MW,nem,NSW1
2017-10-15 07:50:00,0.0,gas_ocgt,MW,nem,NSW1
2017-10-15 07:55:00,0.0,gas_ocgt,MW,nem,NSW1
2017-10-15 08:00:00,0.0,gas_ocgt,MW,nem,NSW1
2017-10-15 08:05:00,0.0,gas_ocgt,MW,nem,NSW1
2017-10-15 08:10:00,0.0,gas_ocgt,MW,nem,NSW1
2017-10-15 08:15:00,0.0,gas_ocgt,MW,nem,NSW1
2017-10-15 08:20:00,0.0,gas_ocgt,MW,nem,NSW1
2017-10-15 08:25:00,0.0,gas_ocgt,MW,nem,NSW1
2017-10-15 08:30:00,0.0,gas_ocgt,MW,nem,NSW1
2017-10-15 08:35:00,0.0,gas_ocgt,MW,nem,NSW1
2017-10-15 08:40:00,0.0,gas_ocgt,MW,nem,NSW1
2017-10-15 08:45:00,0.0,gas_ocgt,MW,nem,NSW1
2017-10-15 08:50:00,0.0,gas_ocgt,MW,nem,NSW1
2017-10-15 08:55:00,0.0,gas_ocgt,MW,nem,NSW1
2017-10-15 09:00:00,0.0,gas_ocgt,MW,nem,NSW1
2017-10-15 09:05:00,0.0,gas_ocgt,MW,nem,NSW1
2017-10-15 09:10:00,0.0,gas_ocgt,MW,nem,NSW1
2017-10-15 09:15:00,0.0,gas_ocgt,MW,nem,NSW1
2017-10-15 09:20:00,0.0,gas_ocgt,MW,nem,NSW1
2017-10-15 09:25:00,0.0,gas_ocgt,MW,nem,NSW1
2017-10-15 09:30:00,0.0,gas_ocgt,MW,nem,NSW1
2017-10-15 09:35:00,0.0,gas_ocgt,MW,nem,NSW1
2017-10-15 09:40:00,0.0,gas_ocgt,MW,nem,NSW1
2017-10-15 09:45:00,0.0,gas_ocgt,MW,nem,NSW1
2017-10-15 09:50:00,0.0,gas_ocgt,MW,nem,NSW1
2017-10-15 09:55:00,0.0,gas_ocgt,MW,nem,NSW1
2017-10-15 10:00:00,0.0,gas_ocgt,MW,nem,NSW1
2017-10-15 10:05:00,0.0,gas_ocgt,MW,nem,NSW1
2017-10-15 10:10:00,0.0,gas_ocgt,MW,nem,NSW1
2017-10-15 10:15:00,0.0,gas_ocgt,MW,nem,NSW1
2017-10-15 10:20:00,0.0,gas_ocgt,MW,nem,NSW1
2017-10-15 10:25:00,0.0,gas_ocgt,MW,nem,NSW1
2017-10-15 10:30:00,0.0,gas_ocgt,MW,nem,NSW1
2017-10-15 10:35:00,0.0,gas_ocgt,MW,nem,NSW1
2017-10-15 10:40:00,0.0,gas_ocgt,MW,nem,NSW1
2017-10-15 10:45:00,0.0,gas_ocgt,MW,nem,NSW1
2017-10-15 10:50:00,0.0,gas_ocgt,MW,nem,NSW1
2017-10-15 10:55:00,0.0,gas_ocgt,MW,nem,NSW1
2017-10-15 11:00:00,0.0,gas_ocgt,MW,nem,NSW1
2017-10-15 11:05:00,0.0,gas_ocgt,MW,nem,NSW1
2017-10-15 11:10:00,0.0,gas_ocgt,MW,nem,NSW1
2017-10-15 11:15:00,0.0,gas_ocgt,MW,nem,NSW1
2017-10-15 11:20:00,0.0,gas_ocgt,MW,nem,NSW1
2017-10-15 11:25:00,0.0,gas_ocgt,MW,nem,NSW1
2017-10-15 11:30:00,0.0,gas_ocgt,MW,nem,NSW1
2017-10-15 11:35:00,0.0,gas_ocgt,MW,nem,NSW1
2017-10-15 11:40:00,0.0,gas_ocgt,MW,nem,NSW1
2017-10-15 11:45:00,0.0,gas_ocgt,MW,nem,NSW1
2017-10-15 11:50:00,0.0,gas_ocgt,MW,nem,NSW1
2017-10-15 11:55:00,0.0,gas_ocgt,MW,nem,NSW1
2017-10-15 12:00:00,0.0,gas_ocgt,MW,nem,NSW1
2017-10-15 12:05:00,0.0,gas_ocgt,MW,nem,NSW1
2017-10-15 12:10:00,0.0,gas_ocgt,MW,nem,NSW1
2017-10-15 12:15:00,0.0,gas_ocgt,MW,nem,NSW1
2017-10-15 12:20:00,0.0,gas_ocgt,MW,nem,NSW1
2017-10-15 12:25:00,0.0,gas_ocgt,MW,nem,NSW1
2017-10-15 12:30:00,0.0,gas_ocgt,MW,nem,NSW1
2017-10-15 12:35:00,0.0,gas_ocgt,MW,nem,NSW1
2017-10-15 12:40:00,0.0,gas_ocgt,MW,nem,NSW1
2017-10-15 12:45:00,0.0,gas_ocgt,MW,nem,NSW1
2017-10-15 12:50:00,0.0,gas_ocgt,MW,nem,NSW1
2017-10-15 12:55:00,0.0,gas_ocgt,MW,nem,NSW1
2017-10-15 13:00:00,0.0,gas_ocgt,MW,nem,NSW1
2017-10-15 13:05:00,0.0,gas_ocgt,MW,nem,NSW1
2017-10-15 13:10:00,0.0,gas_ocgt,MW,nem,NSW1
2017-10-15 13:15:00,0.0,gas_ocgt,MW,nem,NSW1
2017-10-15 13:20:00,0.0,gas_ocgt,MW,nem,NSW1
2017-10-15 13:25:00,0.0,gas_ocgt,MW,nem,NSW1
2017-10-15 13:30:00,0.0,gas_ocgt,MW,nem,NSW1
2017-10-15 13:35:00,0.0,gas_ocgt,MW,nem,NSW1
2017-10-15 13:40:00,0.0,gas_ocgt,MW,nem,NSW1
2017-10-15 13:45:00,0.0,gas_ocgt,MW,nem,NSW1
2017-10-15 13:50:00,0.0,gas_ocgt,MW,nem,NSW1
2017-10-15 13:55:00,0.0,gas_ocgt,MW,nem,NSW1
2017-10-15 14:00:00,0.0,gas_ocgt,MW,nem,NSW1
2017-10-15 14:05:00,0.0,gas_ocgt,MW,nem,NSW1
2017-10-15 14:10:00,0.0,gas_ocgt,MW,nem,NSW1
2017-10-15 14:15:00,0.0,gas_ocgt,MW,nem,NSW1
2017-10-15 14:20:00,0.0,gas_ocgt,MW,nem,NSW1
2017-10-15 14:25:00,0.0,gas_ocgt,MW,nem,NSW1
2017-10-15 14:30:00,0.0,gas_ocgt,MW,nem,NSW1
2017-10-15 14:35:00,0.0,gas_ocgt,MW,nem,NSW1
2017-10-15 14:40:00,0.0,gas_ocgt,MW,nem,NSW1
2017-10-15 14:45:00,0.0,gas_ocgt,MW,nem,NSW1
2017-10-15 14:50:00,0.0,gas_ocgt,MW,nem,NSW1
2017-10-15 14:55:00,0.0,gas_ocgt,MW,nem,NSW1
2017-10-15 15:00:00,0.0,gas_ocgt,MW,nem,NSW1
2017-10-15 15:05:00,0.0,gas_ocgt,MW,nem,NSW1
2017-10-15 15:10:00,0.0,gas_ocgt,MW,nem,NSW1
2017-10-15 15:15:00,0.0,gas_ocgt,MW,nem,NSW1
2017-10-15 15:20:00,0.0,gas_ocgt,MW,nem,NSW1
2017-10-15 15:25:00,0.0,gas_ocgt,MW,nem,NSW1
2017-10-15 15:30:00,0.0,gas_ocgt,MW,nem,NSW1
2017-10-15 15:35:00,0.0,gas_ocgt,MW,nem,NSW1
2017-10-15 15:40:00,0.0,gas_ocgt,MW,nem,NSW1
2017-10-15 15:45:00,0.0,gas_ocgt,MW,nem,NSW1
2017-10-15 15:50:00,0.0,gas_ocgt,MW,nem,NSW1
2017-10-15 15:55:00,0.0,gas_ocgt,MW,nem,NSW1
2017-10-15 16:00:00,0.0,gas_ocgt,MW,nem,NSW1
2017-10-15 16:05:00,0.0,gas_ocgt,MW,nem,NSW1
2017-10-15 16:10:00,0.0,gas_ocgt,MW,nem,NSW1
2017-10-15 16:15:00,0.0,gas_ocgt,MW,nem,NSW1
2017-10-15 16:20:00,0.0,gas_ocgt,MW,nem,NSW1
2017-10-15 16:25:00,0.0,gas_ocgt,MW,nem,NSW1
2017-10-15 16:30:00,0.0,gas_ocgt,MW,nem,NSW1
2017-10-15 16:35:00,0.0,gas_ocgt,MW,nem,NSW1
2017-10-15 16:40:00,0.0,gas_ocgt,MW,nem,NSW1
2017-10-15 16:45:00,0.0,gas_ocgt,MW,nem,NSW1
2017-10-15 16:50:00,0.0,gas_ocgt,MW,nem,NSW1
2017-10-15 16:55:00,0.0,gas_ocgt,MW,nem,NSW1
2017-10-15 17:00:00,0.0,gas_ocgt,MW,nem,NSW1
2017-10-15 17:05:00,0.0,gas_ocgt,MW,nem,NSW1
2017-10-15 17:10:00,0.0,gas_ocgt,MW,nem,NSW1
2017-10-15 17:15:00,0.0,gas_ocgt,MW,nem,NSW1
2017-10-15 17:20:00,0.0,gas_ocgt,MW,nem,NSW1
2017-10-15 17:25:00,0.0,gas_ocgt,MW,nem,NSW1
2017-10-15 17:30:00,0.0,gas_ocgt,MW,nem,NSW1
2017-10-15 17:35:00,0.0,gas_ocgt,MW,nem,NSW1
2017-10-15 17:40:00,0.0,gas_ocgt,MW,nem,NSW1
2017-10-15 17:45:00,0.0,gas_ocgt,MW,nem,NSW1
2017-10-15 17:50:00,0.0,gas_ocgt,MW,nem,NSW1
2017-10-15 17:55:00,0.0,gas_ocgt,MW,nem,NSW1
2017-10-15 18:00:00,0.0,gas_ocgt,MW,nem,NSW1
2017-10-15 18:05:00,0.0,gas_ocgt,MW,nem,NSW1
2017-10-15 18:10:00,0.0,gas_ocgt,MW,nem,NSW1
2017-10-15 18:15:00,0.0,gas_ocgt,MW,nem,NSW1
2017-10-15 18:20:00,0.0,gas_ocgt,MW,nem,NSW1
2017-10-15 18:25:00,0.0,gas_ocgt,MW,nem,NSW1
2017-10-15 18:30:00,0.0,gas_ocgt,MW,nem,NSW1
2017-10-15 18:35:00,0.0,gas_ocgt,MW,nem,NSW1
2017-10-15 18:40:00,0.0,gas_ocgt,MW,nem,NSW1
2017-10-15 18:45:00,0.0,gas_ocgt,MW,nem,NSW1
2017-10-15 18:50:00,0.0,gas_ocgt,MW,nem,NSW1
2017-10-15 18:55:00,0.0,gas_ocgt,MW,nem,NSW1
2017-10-15 19:00:00,0.0,gas_ocgt,MW,nem,NSW1
2017-10-15 19:05:00,0.0,gas_ocgt,MW,nem,NSW1
2017-10-15 19:10:00,0.0,gas_ocgt,MW,nem,NSW1
2017-10-15 19:15:00,0.0,gas_ocgt,MW,nem,NSW1
2017-10-15 19:20:00,0.0,gas_ocgt,MW,nem,NSW1
2017-10-15 19:25:00,0.0,gas_ocgt,MW,nem,NSW1
2017-10-15 19:30:00,0.0,gas_ocgt,MW,nem,NSW1
2017-10-15 19:35:00,0.0,gas_ocgt,MW,nem,NSW1
2017-10-15 19:40:00,0.0,gas_ocgt,MW,nem,NSW1
2017-10-15 19:45:00,0.0,gas_ocgt,MW,nem,NSW1
2017-10-15 19:50:00,0.0,gas_ocgt,MW,nem,NSW1
2017-10-15 19:55:00,0.0,gas_ocgt,MW,nem,NSW1
2017-10-15 20:00:00,0.0,gas_ocgt,MW,nem,NSW1
2017-10-15 20:05:00,0.0,gas_ocgt,MW,nem,NSW1
2017-10-15 20:10:00,0.0,gas_ocgt,MW,nem,NSW1
2017-10-15 20:15:00,0.0,gas_ocgt,MW,nem,NSW1
2017-10-15 20:20:00,0.0,gas_ocgt,MW,nem,NSW1
2017-10-15 20:25:00,0.0,gas_ocgt,MW,nem,NSW1
2017-10-15 20:30:00,0.0,gas_ocgt,MW,nem,NSW1
2017-10-15 20:35:00,0.0,gas_ocgt,MW,nem,NSW1
2017-10-15 20:40:00,0.0,gas_ocgt,MW,nem,NSW1
2017-10-15 20:45:00,0.0,gas_ocgt,MW,nem,NSW1
2017-10-15 20:50:00,0.0,gas_ocgt,MW,nem,NSW1
2017-10-15 20:55:00,0.0,gas_ocgt,MW,nem,NSW1
2017-10-15 21:00:00,0.0,gas_ocgt,MW,nem,NSW1
2017-10-15 21:05:00,0.0,gas_ocgt,MW,nem,NSW1
2017-10-15 21:10:00,0.0,gas_ocgt,MW,nem,NSW1
2017-10-15 21:15:00,0.0,gas_ocgt,MW,nem,NSW1
2017-10-15 21:20:00,0.0,gas_ocgt,MW,nem,NSW1
2017-10-15 21:25:00,0.0,gas_ocgt,MW,nem,NSW1
2017-10-15 21:30:00,0.0,gas_ocgt,MW,nem,NSW1
2017-10-15 21:35:00,0.0,gas_ocgt,MW,nem,NSW1
2017-10-15 21:40:00,0.0,gas_ocgt,MW,nem,NSW1
2017-10-15 21:45:00,0.0,gas_ocgt,MW,nem,NSW1
2017-10-15 21:50:00,0.0,gas_ocgt,MW,nem,NSW1
2017-10-15 21:55:00,0.0,gas_ocgt,MW,nem,NSW1
2017-10-15 22:00:00,0.0,gas_ocgt,MW,nem,NSW1
2017-10-15 22:05:00,0.0,gas_ocgt,MW,nem,NSW1
2017-10-15 22:10:00,0.0,gas_ocgt,MW,nem,NSW1
2017-10-15 22:15:00,0.0,gas_ocgt,MW,nem,NSW1
2017-10-15 22:20:00,0.0,gas_ocgt,MW,nem,NSW1
2017-10-15 22:25:00,0.0,gas_ocgt,MW,nem,NSW1
2017-10-15 22:30:00,0.0,gas_ocgt,MW,nem,NSW1
2017-10-15 22:35:00,0.0,gas_ocgt,MW,nem,NSW1
2017-10-15 22:40:00,0.0,gas_ocgt,MW,nem,NSW1
2017-10-15 22:45:00,0.0,gas_ocgt,MW,nem,NSW1
2017-10-15 22:50:00,0.0,gas_ocgt,MW,nem,NSW1
2017-10-15 22:55:00,0.0,gas_ocgt,MW,nem,NSW1
2017-10-15 23:00:00,0.0,gas_ocgt,MW,nem,NSW1
2017-10-15 23:05:00,0.0,gas_ocgt,MW,nem,NSW1
2017-10-15 23:10:00,0.0,gas_ocgt,MW,nem,NSW1
2017-10-15 23:15:00,0.0,gas_ocgt,MW,nem,NSW1
2017-10-15 23:20:00,0.0,gas_ocgt,MW,nem,NSW1
2017-10-15 23:25:00,0.0,gas_ocgt,MW,nem,NSW1
2017-10-15 23:30:00,0.0,gas_ocgt,MW,nem,NSW1
2017-10-15 23:35:00,0.0,gas_ocgt,MW,nem,NSW1
2017-10-15 23:40:00,0.0,gas_ocgt,MW,nem,NSW1
2017-10-15 23:45:00,0.0,gas_ocgt,MW,nem,NSW1
2017-10-15 23:50:00,0.0,gas_ocgt,MW,nem,NSW1
2017-10-15 23:55:00,0.0,gas_ocgt,MW,nem,NSW1
2017-10-16 00:00:00,0.0,gas_ocgt,MW,nem,NSW1
2017-10-16 00:05:00,0.0,gas_ocgt,MW,nem,NSW1
2017-10-16 00:10:00,0.0,gas_ocgt,MW,nem,NSW1
2017-10-16 00:15:00,0.0,gas_ocgt,MW,nem,NSW1
2017-10-16 00:20:00,0.0,gas_ocgt,MW,nem,NSW1
2017-10-16 00:25:00,0.0,gas_ocgt,MW,nem,NSW1
2017-10-16 00:30:00,0.0,gas_ocgt,MW,nem,NSW1
2017-10-16 00:35:00,0.0,gas_ocgt,MW,nem,NSW1
2017-10-16 00:40:00,0.0,gas_ocgt,MW,nem,NSW1
2017-10-16 00:45:00,0.0,gas_ocgt,MW,nem,NSW1
2017-10-16 00:50:00,0.0,gas_ocgt,MW,nem,NSW1
2017-10-16 00:55:00,0.0,gas_ocgt,MW,nem,NSW1
2017-10-16 01:00:00,0.0,gas_ocgt,MW,nem,NSW1
2017-10-16 01:05:00,0.0,gas_ocgt,MW,nem,NSW1
2017-10-16 01:10:00,0.0,gas_ocgt,MW,nem,NSW1
2017-10-16 01:15:00,0.0,gas_ocgt,MW,nem,NSW1
2017-10-16 01:20:00,0.0,gas_ocgt,MW,nem,NSW1
2017-10-16 01:25:00,0.0,gas_ocgt,MW,nem,NSW1
2017-10-16 01:30:00,0.0,gas_ocgt,MW,nem,NSW1
2017-10-16 01:35:00,0.0,gas_ocgt,MW,nem,NSW1
2017-10-16 01:40:00,0.0,gas_ocgt,MW,nem,NSW1
2017-10-16 01:45:00,0.0,gas_ocgt,MW,nem,NSW1
2017-10-16 01:50:00,0.0,gas_ocgt,MW,nem,NSW1
2017-10-16 01:55:00,0.0,gas_ocgt,MW,nem,NSW1
2017-10-16 02:00:00,0.0,gas_ocgt,MW,nem,NSW1
2017-10-16 02:05:00,0.0,gas_ocgt,MW,nem,NSW1
2017-10-16 02:10:00,0.0,gas_ocgt,MW,nem,NSW1
2017-10-16 02:15:00,0.0,gas_ocgt,MW,nem,NSW1
2017-10-16 02:20:00,0.0,gas_ocgt,MW,nem,NSW1
2017-10-16 02:25:00,0.0,gas_ocgt,MW,nem,NSW1
2017-10-16 02:30:00,0.0,gas_ocgt,MW,nem,NSW1
2017-10-16 02:35:00,0.0,gas_ocgt,MW,nem,NSW1
2017-10-16 02:40:00,0.0,gas_ocgt,MW,nem,NSW1
2017-10-16 02:45:00,0.0,gas_ocgt,MW,nem,NSW1
2017-10-16 02:50:00,0.0,gas_ocgt,MW,nem,NSW1
2017-10-16 02:55:00,0.0,gas_ocgt,MW,nem,NSW1
2017-10-16 03:00:00,0.0,gas_ocgt,MW,nem,NSW1
2017-10-16 03:05:00,0.0,gas_ocgt,MW,nem,NSW1
2017-10-16 03:10:00,0.0,gas_ocgt,MW,nem,NSW1
2017-10-16 03:15:00,0.0,gas_ocgt,MW,nem,NSW1
2017-10-16 03:20:00,0.0,gas_ocgt,MW,nem,NSW1
2017-10-16 03:25:00,0.0,gas_ocgt,MW,nem,NSW1
2017-10-16 03:30:00,0.0,gas_ocgt,MW,nem,NSW1
2017-10-16 03:35:00,0.0,gas_ocgt,MW,nem,NSW1
2017-10-16 03:40:00,0.0,gas_ocgt,MW,nem,NSW1
2017-10-16 03:45:00,0.0,gas_ocgt,MW,nem,NSW1
2017-10-16 03:50:00,0.0,gas_ocgt,MW,nem,NSW1
2017-10-16 03:55:00,0.0,gas_ocgt,MW,nem,NSW1
2017-10-16 04:00:00,0.0,gas_ocgt,MW,nem,NSW1
2017-10-16 04:05:00,0.0,gas_ocgt,MW,nem,NSW1
2017-10-16 04:10:00,0.0,gas_ocgt,MW,nem,NSW1
2017-10-16 04:15:00,0.0,gas_ocgt,MW,nem,NSW1
2017-10-16 04:20:00,0.0,gas_ocgt,MW,nem,NSW1
2017-10-16 04:25:00,0.0,gas_ocgt,MW,nem,NSW1
2017-10-16 04:30:00,0.0,gas_ocgt,MW,nem,NSW1
2017-10-16 04:35:00,0.0,gas_ocgt,MW,nem,NSW1
2017-10-16 04:40:00,0.0,gas_ocgt,MW,nem,NSW1
2017-10-16 04:45:00,0.0,gas_ocgt,MW,nem,NSW1
2017-10-16 04:50:00,0.0,gas_ocgt,MW,nem,NSW1
2017-10-16 04:55:00,0.0,gas_ocgt,MW,nem,NSW1
2017-10-16 05:00:00,0.0,gas_ocgt,MW,nem,NSW1
2017-10-16 05:05:00,0.0,gas_ocgt,MW,nem,NSW1
2017-10-16 05:10:00,0.0,gas_ocgt,MW,nem,NSW1
2017-10-16 05:15:00,0.0,gas_ocgt,MW,nem,NSW1
2017-10-16 05:20:00,0.0,gas_ocgt,MW,nem,NSW1
2017-10-16 05:25:00,0.0,gas_ocgt,MW,nem,NSW1
2017-10-16 05:30:00,0.0,gas_ocgt,MW,nem,NSW1
2017-10-16 05:35:00,0.0,gas_ocgt,MW,nem,NSW1
2017-10-16 05:40:00,0.0,gas_ocgt,MW,nem,NSW1
2017-10-16 05:45:00,0.0,gas_ocgt,MW,nem,NSW1
2017-10-16 05:50:00,0.0,gas_ocgt,MW,nem,NSW1
2017-10-16 05:55:00,0.0,gas_ocgt,MW,nem,NSW1
2017-10-16 06:00:00,0.0,gas_ocgt,MW,nem,NSW1
2017-10-16 06:05:00,0.0,gas_ocgt,MW,nem,NSW1
2017-10-16 06:10:00,0.0,gas_ocgt,MW,nem,NSW1
2017-10-16 06:15:00,0.0,gas_ocgt,MW,nem,NSW1
2017-10-16 06:20:00,0.0,gas_ocgt,MW,nem,NSW1
2017-10-16 06:25:00,0.0,gas_ocgt,MW,nem,NSW1
2017-10-16 06:30:00,0.0,gas_ocgt,MW,nem,NSW1
2017-10-16 06:35:00,0.0,gas_ocgt,MW,nem,NSW1
2017-10-16 06:40:00,0.0,gas_ocgt,MW,nem,NSW1
2017-10-16 06:45:00,0.0,gas_ocgt,MW,nem,NSW1
2017-10-16 06:50:00,0.0,gas_ocgt,MW,nem,NSW1
2017-10-16 06:55:00,0.0,gas_ocgt,MW,nem,NSW1
2017-10-16 07:00:00,0.0,gas_ocgt,MW,nem,NSW1
2017-10-16 07:05:00,0.0,gas_ocgt,MW,nem,NSW1
2017-10-16 07:10:00,0.0,gas_ocgt,MW,nem,NSW1
2017-10-16 07:15:00,0.0,gas_ocgt,MW,nem,NSW1
2017-10-16 07:20:00,0.0,gas_ocgt,MW,nem,NSW1
2017-10-16 07:25:00,0.0,gas_ocgt,MW,nem,NSW1
2017-10-16 07:30:00,0.0,gas_ocgt,MW,nem,NSW1
2017-10-16 07:35:00,0.0,gas_ocgt,MW,nem,NSW1
2017-10-16 07:40:00,0.0,gas_ocgt,MW,nem,NSW1
2017-10-16 07:45:00,0.0,gas_ocgt,MW,nem,NSW1
2017-10-16 07:50:00,0.0,gas_ocgt,MW,nem,NSW1
2017-10-16 07:55:00,0.0,gas_ocgt,MW,nem,NSW1
2017-10-16 08:00:00,0.0,gas_ocgt,MW,nem,NSW1
2017-10-16 08:05:00,0.0,gas_ocgt,MW,nem,NSW1
2017-10-16 08:10:00,0.0,gas_ocgt,MW,nem,NSW1
2017-10-16 08:15:00,0.0,gas_ocgt,MW,nem,NSW1
2017-10-16 08:20:00,0.0,gas_ocgt,MW,nem,NSW1
2017-10-16 08:25:00,0.0,gas_ocgt,MW,nem,NSW1
2017-10-16 08:30:00,0.0,gas_ocgt,MW,nem,NSW1
2017-10-16 08:35:00,0.0,gas_ocgt,MW,nem,NSW1
2017-10-16 08:40:00,0.0,gas_ocgt,MW,nem,NSW1
2017-10-16 08:45:00,0.0,gas_ocgt,MW,nem,NSW1
2017-10-16 08:50:00,0.0,gas_ocgt,MW,nem,NSW1
2017-10-16 08:55:00,0.0,gas_ocgt,MW,nem,NSW1
2017-10-16 09:00:00,0.0,gas_ocgt,MW,nem,NSW1
2017-10-16 09:05:00,0.0,gas_ocgt,MW,nem,NSW1
2017-10-16 09:10:00,0.0,gas_ocgt,MW,nem,NSW1
2017-10-16 09:15:00,0.0,gas_ocgt,MW,nem,NSW1
2017-10-16 09:20:00,0.0,gas_ocgt,MW,nem,NSW1
2017-10-16 09:25:00,0.0,gas_ocgt,MW,nem,NSW1
2017-10-16 09:30:00,0.0,gas_ocgt,MW,nem,NSW1
2017-10-16 09:35:00,0.0,gas_ocgt,MW,nem,NSW1
2017-10-16 09:40:00,0.0,gas_ocgt,MW,nem,NSW1
2017-10-16 09:45:00,0.0,gas_ocgt,MW,nem,NSW1
2017-10-16 09:50:00,0.0,gas_ocgt,MW,nem,NSW1
2017-10-16 09:55:00,0.0,gas_ocgt,MW,nem,NSW1
2017-10-16 10:00:00,0.0,gas_ocgt,MW,nem,NSW1
2017-10-16 10:05:00,0.0,gas_ocgt,MW,nem,NSW1
2017-10-16 10:10:00,0.0,gas_ocgt,MW,nem,NSW1
2017-10-16 10:15:00,0.0,gas_ocgt,MW,nem,NSW1
2017-10-16 10:20:00,0.0,gas_ocgt,MW,nem,NSW1
2017-10-16 10:25:00,0.0,gas_ocgt,MW,nem,NSW1
2017-10-16 10:30:00,0.0,gas_ocgt,MW,nem,NSW1
2017-10-16 10:35:00,0.0,gas_ocgt,MW,nem,NSW1
2017-10-16 10:40:00,0.0,gas_ocgt,MW,nem,NSW1
2017-10-16 10:45:00,0.0,gas_ocgt,MW,nem,NSW1
2017-10-16 10:50:00,0.0,gas_ocgt,MW,nem,NSW1
2017-10-16 10:55:00,0.0,gas_ocgt,MW,nem,NSW1
2017-10-16 11:00:00,0.0,gas_ocgt,MW,nem,NSW1
2017-10-16 11:05:00,0.0,gas_ocgt,MW,nem,NSW1
2017-10-16 11:10:00,0.0,gas_ocgt,MW,nem,NSW1
2017-10-16 11:15:00,0.0,gas_ocgt,MW,nem,NSW1
2017-10-16 11:20:00,0.0,gas_ocgt,MW,nem,NSW1
2017-10-16 11:25:00,0.0,gas_ocgt,MW,nem,NSW1
2017-10-16 11:30:00,0.0,gas_ocgt,MW,nem,NSW1
2017-10-16 11:35:00,0.0,gas_ocgt,MW,nem,NSW1
2017-10-16 11:40:00,0.0,gas_ocgt,MW,nem,NSW1
2017-10-16 11:45:00,0.0,gas_ocgt,MW,nem,NSW1
2017-10-16 11:50:00,0.0,gas_ocgt,MW,nem,NSW1
2017-10-16 11:55:00,0.0,gas_ocgt,MW,nem,NSW1
2017-10-16 12:00:00,0.0,gas_ocgt,MW,nem,NSW1
2017-10-16 12:05:00,0.0,gas_ocgt,MW,nem,NSW1
2017-10-16 12:10:00,0.0,gas_ocgt,MW,nem,NSW1
2017-10-16 12:15:00,0.0,gas_ocgt,MW,nem,NSW1
2017-10-16 12:20:00,0.0,gas_ocgt,MW,nem,NSW1
2017-10-16 12:25:00,0.0,gas_ocgt,MW,nem,NSW1
2017-10-16 12:30:00,0.0,gas_ocgt,MW,nem,NSW1
2017-10-16 12:35:00,0.0,gas_ocgt,MW,nem,NSW1
2017-10-16 12:40:00,0.0,gas_ocgt,MW,nem,NSW1
2017-10-16 12:45:00,0.0,gas_ocgt,MW,nem,NSW1
2017-10-16 12:50:00,0.0,gas_ocgt,MW,nem,NSW1
2017-10-16 12:55:00,0.0,gas_ocgt,MW,nem,NSW1
2017-10-16 13:00:00,0.0,gas_ocgt,MW,nem,NSW1
2017-10-16 13:05:00,0.0,gas_ocgt,MW,nem,NSW1
2017-10-16 13:10:00,0.0,gas_ocgt,MW,nem,NSW1
2017-10-16 13:15:00,0.0,gas_ocgt,MW,nem,NSW1
2017-10-16 13:20:00,0.0,gas_ocgt,MW,nem,NSW1
2017-10-16 13:25:00,0.0,gas_ocgt,MW,nem,NSW1
2017-10-16 13:30:00,0.0,gas_ocgt,MW,nem,NSW1
2017-10-16 13:35:00,0.0,gas_ocgt,MW,nem,NSW1
2017-10-16 13:40:00,0.0,gas_ocgt,MW,nem,NSW1
2017-10-16 13:45:00,0.0,gas_ocgt,MW,nem,NSW1
2017-10-16 13:50:00,0.0,gas_ocgt,MW,nem,NSW1
2017-10-16 13:55:00,0.0,gas_ocgt,MW,nem,NSW1
2017-10-16 14:00:00,0.0,gas_ocgt,MW,nem,NSW1
2017-10-16 14:05:00,0.0,gas_ocgt,MW,nem,NSW1
2017-10-16 14:10:00,0.0,gas_ocgt,MW,nem,NSW1
2017-10-16 14:15:00,0.0,gas_ocgt,MW,nem,NSW1
2017-10-16 14:20:00,0.0,gas_ocgt,MW,nem,NSW1
2017-10-16 14:25:00,0.0,gas_ocgt,MW,nem,NSW1
2017-10-16 14:30:00,0.0,gas_ocgt,MW,nem,NSW1
2017-10-16 14:35:00,0.0,gas_ocgt,MW,nem,NSW1
2017-10-16 14:40:00,0.0,gas_ocgt,MW,nem,NSW1
2017-10-16 14:45:00,0.0,gas_ocgt,MW,nem,NSW1
2017-10-16 14:50:00,0.0,gas_ocgt,MW,nem,NSW1
2017-10-16 14:55:00,0.0,gas_ocgt,MW,nem,NSW1
2017-10-16 15:00:00,0.0,gas_ocgt,MW,nem,NSW1
2017-10-16 15:05:00,0.0,gas_ocgt,MW,nem,NSW1
2017-10-16 15:10:00,0.0,gas_ocgt,MW,nem,NSW1
2017-10-16 15:15:00,0.0,gas_ocgt,MW,nem,NSW1
2017-10-16 15:20:00,0.0,gas_ocgt,MW,nem,NSW1
2017-10-16 15:25:00,0.0,gas_ocgt,MW,nem,NSW1
2017-10-16 15:30:00,0.0,gas_ocgt,MW,nem,NSW1
2017-10-16 15:35:00,0.0,gas_ocgt,MW,nem,NSW1
2017-10-16 15:40:00,0.0,gas_ocgt,MW,nem,NSW1
2017-10-16 15:45:00,0.0,gas_ocgt,MW,nem,NSW1
2017-10-16 15:50:00,0.0,gas_ocgt,MW,nem,NSW1
2017-10-16 15:55:00,0.0,gas_ocgt,MW,nem,NSW1
2017-10-16 16:00:00,0.0,gas_ocgt,MW,nem,NSW1
2017-10-16 16:05:00,0.0,gas_ocgt,MW,nem,NSW1
2017-10-16 16:10:00,0.0,gas_ocgt,MW,nem,NSW1
2017-10-16 16:15:00,0.0,gas_ocgt,MW,nem,NSW1
2017-10-16 16:20:00,0.0,gas_ocgt,MW,nem,NSW1
2017-10-16 16:25:00,0.0,gas_ocgt,MW,nem,NSW1
2017-10-16 16:30:00,0.0,gas_ocgt,MW,nem,NSW1
2017-10-16 16:35:00,0.0,gas_ocgt,MW,nem,NSW1
2017-10-16 16:40:00,0.0,gas_ocgt,MW,nem,NSW1
2017-10-16 16:45:00,0.0,gas_ocgt,MW,nem,NSW1
2017-10-16 16:50:00,0.0,gas_ocgt,MW,nem,NSW1
2017-10-16 16:55:00,0.0,gas_ocgt,MW,nem,NSW1
2017-10-16 17:00:00,0.0,gas_ocgt,MW,nem,NSW1
2017-10-16 17:05:00,0.0,gas_ocgt,MW,nem,NSW1
2017-10-16 17:10:00,0.0,gas_ocgt,MW,nem,NSW1
2017-10-16 17:15:00,0.0,gas_ocgt,MW,nem,NSW1
2017-10-16 17:20:00,0.0,gas_ocgt,MW,nem,NSW1
2017-10-16 17:25:00,0.0,gas_ocgt,MW,nem,NSW1
2017-10-16 17:30:00,0.0,gas_ocgt,MW,nem,NSW1
2017-10-16 17:35:00,0.0,gas_ocgt,MW,nem,NSW1
2017-10-16 17:40:00,0.0,gas_ocgt,MW,nem,NSW1
2017-10-16 17:45:00,0.0,gas_ocgt,MW,nem,NSW1
2017-10-16 17:50:00,0.0,gas_ocgt,MW,nem,NSW1
2017-10-16 17:55:00,0.0,gas_ocgt,MW,nem,NSW1
2017-10-16 18:00:00,0.0,gas_ocgt,MW,nem,NSW1
2017-10-16 18:05:00,0.0,gas_ocgt,MW,nem,NSW1
2017-10-16 18:10:00,0.0,gas_ocgt,MW,nem,NSW1
2017-10-16 18:15:00,0.0,gas_ocgt,MW,nem,NSW1
2017-10-16 18:20:00,0.0,gas_ocgt,MW,nem,NSW1
2017-10-16 18:25:00,0.0,gas_ocgt,MW,nem,NSW1
2017-10-16 18:30:00,0.0,gas_ocgt,MW,nem,NSW1
2017-10-16 18:35:00,0.0,gas_ocgt,MW,nem,NSW1
2017-10-16 18:40:00,0.0,gas_ocgt,MW,nem,NSW1
2017-10-16 18:45:00,0.0,gas_ocgt,MW,nem,NSW1
2017-10-16 18:50:00,0.0,gas_ocgt,MW,nem,NSW1
2017-10-16 18:55:00,0.0,gas_ocgt,MW,nem,NSW1
2017-10-16 19:00:00,0.0,gas_ocgt,MW,nem,NSW1
2017-10-16 19:05:00,0.0,gas_ocgt,MW,nem,NSW1
2017-10-16 19:10:00,0.0,gas_ocgt,MW,nem,NSW1
2017-10-16 19:15:00,0.0,gas_ocgt,MW,nem,NSW1
2017-10-16 19:20:00,0.0,gas_ocgt,MW,nem,NSW1
2017-10-16 19:25:00,0.0,gas_ocgt,MW,nem,NSW1
2017-10-16 19:30:00,0.0,gas_ocgt,MW,nem,NSW1
2017-10-16 19:35:00,0.0,gas_ocgt,MW,nem,NSW1
2017-10-16 19:40:00,0.0,gas_ocgt,MW,nem,NSW1
2017-10-16 19:45:00,0.0,gas_ocgt,MW,nem,NSW1
2017-10-16 19:50:00,0.0,gas_ocgt,MW,nem,NSW1
2017-10-16 19:55:00,0.0,gas_ocgt,MW,nem,NSW1
2017-10-16 20:00:00,0.0,gas_ocgt,MW,nem,NSW1
2017-10-16 20:05:00,0.0,gas_ocgt,MW,nem,NSW1
2017-10-16 20:10:00,0.0,gas_ocgt,MW,nem,NSW1
2017-10-16 20:15:00,0.0,gas_ocgt,MW,nem,NSW1
2017-10-16 20:20:00,0.0,gas_ocgt,MW,nem,NSW1
2017-10-16 20:25:00,0.0,gas_ocgt,MW,nem,NSW1
2017-10-16 20:30:00,0.0,gas_ocgt,MW,nem,NSW1
2017-10-16 20:35:00,0.0,gas_ocgt,MW,nem,NSW1
2017-10-16 20:40:00,0.0,gas_ocgt,MW,nem,NSW1
2017-10-16 20:45:00,0.0,gas_ocgt,MW,nem,NSW1
2017-10-16 20:50:00,0.0,gas_ocgt,MW,nem,NSW1
2017-10-16 20:55:00,0.0,gas_ocgt,MW,nem,NSW1
2017-10-16 21:00:00,0.0,gas_ocgt,MW,nem,NSW1
2017-10-16 21:05:00,0.0,gas_ocgt,MW,nem,NSW1
2017-10-16 21:10:00,0.0,gas_ocgt,MW,nem,NSW1
2017-10-16 21:15:00,0.0,gas_ocgt,MW,nem,NSW1
2017-10-16 21:20:00,0.0,gas_ocgt,MW,nem,NSW1
2017-10-16 21:25:00,0.0,gas_ocgt,MW,nem,NSW1
2017-10-16 21:30:00,0.0,gas_ocgt,MW,nem,NSW1
2017-10-16 21:35:00,0.0,gas_ocgt,MW,nem,NSW1
2017-10-16 21:40:00,0.0,gas_ocgt,MW,nem,NSW1
2017-10-16 21:45:00,0.0,gas_ocgt,MW,nem,NSW1
2017-10-16 21:50:00,0.0,gas_ocgt,MW,nem,NSW1
2017-10-16 21:55:00,0.0,gas_ocgt,MW,nem,NSW1
2017-10-16 22:00:00,0.0,gas_ocgt,MW,nem,NSW1
2017-10-16 22:05:00,0.0,gas_ocgt,MW,nem,NSW1
2017-10-16 22:10:00,0.0,gas_ocgt,MW,nem,NSW1
2017-10-16 22:15:00,0.0,gas_ocgt,MW,nem,NSW1
2017-10-16 22:20:00,0.0,gas_ocgt,MW,nem,NSW1
2017-10-16 22:25:00,0.0,gas_ocgt,MW,nem,NSW1
2017-10-16 22:30:00,0.0,gas_ocgt,MW,nem,NSW1
2017-10-16 22:35:00,0.0,gas_ocgt,MW,nem,NSW1
2017-10-16 22:40:00,0.0,gas_ocgt,MW,nem,NSW1
2017-10-16 22:45:00,0.0,gas_ocgt,MW,nem,NSW1
2017-10-16 22:50:00,0.0,gas_ocgt,MW,nem,NSW1
2017-10-16 22:55:00,0.0,gas_ocgt,MW,nem,NSW1
2017-10-16 23:00:00,0.0,gas_ocgt,MW,nem,NSW1
2017-10-16 23:05:00,0.0,gas_ocgt,MW,nem,NSW1
2017-10-16 23:10:00,0.0,gas_ocgt,MW,nem,NSW1
2017-10-16 23:15:00,0.0,gas_ocgt,MW,nem,NSW1
2017-10-16 23:20:00,0.0,gas_ocgt,MW,nem,NSW1
2017-10-16 23:25:00,0.0,gas_ocgt,MW,nem,NSW1
2017-10-16 23:30:00,0.0,gas_ocgt,MW,nem,NSW1
2017-10-16 23:35:00,0.0,gas_ocgt,MW,nem,NSW1
2017-10-16 23:40:00,0.0,gas_ocgt,MW,nem,NSW1
2017-10-16 23:45:00,0.0,gas_ocgt,MW,nem,NSW1
2017-10-16 23:50:00,0.0,gas_ocgt,MW,nem,NSW1
2017-10-16 23:55:00,0.0,gas_ocgt,MW,nem,NSW1
2017-10-17 00:00:00,0.0,gas_ocgt,MW,nem,NSW1
2017-10-17 00:05:00,0.0,gas_ocgt,MW,nem,NSW1
2017-10-17 00:10:00,0.0,gas_ocgt,MW,nem,NSW1
2017-10-17 00:15:00,0.0,gas_ocgt,MW,nem,NSW1
2017-10-17 00:20:00,0.0,gas_ocgt,MW,nem,NSW1
2017-10-17 00:25:00,0.0,gas_ocgt,MW,nem,NSW1
2017-10-17 00:30:00,0.0,gas_ocgt,MW,nem,NSW1
2017-10-17 00:35:00,0.0,gas_ocgt,MW,nem,NSW1
2017-10-17 00:40:00,0.0,gas_ocgt,MW,nem,NSW1
2017-10-17 00:45:00,0.0,gas_ocgt,MW,nem,NSW1
2017-10-17 00:50:00,0.0,gas_ocgt,MW,nem,NSW1
2017-10-17 00:55:00,0.0,gas_ocgt,MW,nem,NSW1
2017-10-17 01:00:00,0.0,gas_ocgt,MW,nem,NSW1
2017-10-17 01:05:00,0.0,gas_ocgt,MW,nem,NSW1
2017-10-17 01:10:00,0.0,gas_ocgt,MW,nem,NSW1
2017-10-17 01:15:00,0.0,gas_ocgt,MW,nem,NSW1
2017-10-17 01:20:00,0.0,gas_ocgt,MW,nem,NSW1
2017-10-17 01:25:00,0.0,gas_ocgt,MW,nem,NSW1
2017-10-17 01:30:00,0.0,gas_ocgt,MW,nem,NSW1
2017-10-17 01:35:00,0.0,gas_ocgt,MW,nem,NSW1
2017-10-17 01:40:00,0.0,gas_ocgt,MW,nem,NSW1
2017-10-17 01:45:00,0.0,gas_ocgt,MW,nem,NSW1
2017-10-17 01:50:00,0.0,gas_ocgt,MW,nem,NSW1
2017-10-17 01:55:00,0.0,gas_ocgt,MW,nem,NSW1
2017-10-17 02:00:00,0.0,gas_ocgt,MW,nem,NSW1
2017-10-17 02:05:00,0.0,gas_ocgt,MW,nem,NSW1
2017-10-17 02:10:00,0.0,gas_ocgt,MW,nem,NSW1
2017-10-17 02:15:00,0.0,gas_ocgt,MW,nem,NSW1
2017-10-17 02:20:00,0.0,gas_ocgt,MW,nem,NSW1
2017-10-17 02:25:00,0.0,gas_ocgt,MW,nem,NSW1
2017-10-17 02:30:00,0.0,gas_ocgt,MW,nem,NSW1
2017-10-17 02:35:00,0.0,gas_ocgt,MW,nem,NSW1
2017-10-17 02:40:00,0.0,gas_ocgt,MW,nem,NSW1
2017-10-17 02:45:00,0.0,gas_ocgt,MW,nem,NSW1
2017-10-17 02:50:00,0.0,gas_ocgt,MW,nem,NSW1
2017-10-17 02:55:00,0.0,gas_ocgt,MW,nem,NSW1
2017-10-17 03:00:00,0.0,gas_ocgt,MW,nem,NSW1
2017-10-17 03:05:00,0.0,gas_ocgt,MW,nem,NSW1
2017-10-17 03:10:00,0.0,gas_ocgt,MW,nem,NSW1
2017-10-17 03:15:00,0.0,gas_ocgt,MW,nem,NSW1
2017-10-17 03:20:00,0.0,gas_ocgt,MW,nem,NSW1
2017-10-17 03:25:00,0.0,gas_ocgt,MW,nem,NSW1
2017-10-17 03:30:00,0.0,gas_ocgt,MW,nem,NSW1
2017-10-17 03:35:00,0.0,gas_ocgt,MW,nem,NSW1
2017-10-17 03:40:00,0.0,gas_ocgt,MW,nem,NSW1
2017-10-17 03:45:00,0.0,gas_ocgt,MW,nem,NSW1
2017-10-17 03:50:00,0.0,gas_ocgt,MW,nem,NSW1
2017-10-17 03:55:00,0.0,gas_ocgt,MW,nem,NSW1
2017-10-17 04:00:00,0.0,gas_ocgt,MW,nem,NSW1
2017-10-17 04:05:00,0.0,gas_ocgt,MW,nem,NSW1
2017-10-17 04:10:00,0.0,gas_ocgt,MW,nem,NSW1
2017-10-17 04:15:00,0.0,gas_ocgt,MW,nem,NSW1
2017-10-17 04:20:00,0.0,gas_ocgt,MW,nem,NSW1
2017-10-17 04:25:00,0.0,gas_ocgt,MW,nem,NSW1
2017-10-17 04:30:00,0.0,gas_ocgt,MW,nem,NSW1
2017-10-17 04:35:00,0.0,gas_ocgt,MW,nem,NSW1
2017-10-17 04:40:00,0.0,gas_ocgt,MW,nem,NSW1
2017-10-17 04:45:00,0.0,gas_ocgt,MW,nem,NSW1
2017-10-17 04:50:00,0.0,gas_ocgt,MW,nem,NSW1
2017-10-17 04:55:00,0.0,gas_ocgt,MW,nem,NSW1
2017-10-17 05:00:00,0.0,gas_ocgt,MW,nem,NSW1
2017-10-17 05:05:00,0.0,gas_ocgt,MW,nem,NSW1
2017-10-17 05:10:00,0.0,gas_ocgt,MW,nem,NSW1
2017-10-17 05:15:00,0.0,gas_ocgt,MW,nem,NSW1
2017-10-17 05:20:00,0.0,gas_ocgt,MW,nem,NSW1
2017-10-17 05:25:00,0.0,gas_ocgt,MW,nem,NSW1
2017-10-17 05:30:00,0.0,gas_ocgt,MW,nem,NSW1
2017-10-17 05:35:00,0.0,gas_ocgt,MW,nem,NSW1
2017-10-17 05:40:00,0.0,gas_ocgt,MW,nem,NSW1
2017-10-17 05:45:00,0.0,gas_ocgt,MW,nem,NSW1
2017-10-17 05:50:00,0.0,gas_ocgt,MW,nem,NSW1
2017-10-17 05:55:00,0.0,gas_ocgt,MW,nem,NSW1
2017-10-17 06:00:00,0.0,gas_ocgt,MW,nem,NSW1
2017-10-17 06:05:00,0.0,gas_ocgt,MW,nem,NSW1
2017-10-17 06:10:00,0.0,gas_ocgt,MW,nem,NSW1
2017-10-17 06:15:00,0.0,gas_ocgt,MW,nem,NSW1
2017-10-17 06:20:00,0.0,gas_ocgt,MW,nem,NSW1
2017-10-17 06:25:00,0.0,gas_ocgt,MW,nem,NSW1
2017-10-17 06:30:00,0.0,gas_ocgt,MW,nem,NSW1
2017-10-17 06:35:00,0.0,gas_ocgt,MW,nem,NSW1
2017-10-17 06:40:00,0.0,gas_ocgt,MW,nem,NSW1
2017-10-17 06:45:00,0.0,gas_ocgt,MW,nem,NSW1
2017-10-17 06:50:00,0.0,gas_ocgt,MW,nem,NSW1
2017-10-17 06:55:00,0.0,gas_ocgt,MW,nem,NSW1
2017-10-17 07:00:00,0.0,gas_ocgt,MW,nem,NSW1
2017-10-17 07:05:00,0.0,gas_ocgt,MW,nem,NSW1
2017-10-17 07:10:00,0.0,gas_ocgt,MW,nem,NSW1
2017-10-17 07:15:00,0.0,gas_ocgt,MW,nem,NSW1
2017-10-17 07:20:00,0.0,gas_ocgt,MW,nem,NSW1
2017-10-17 07:25:00,0.0,gas_ocgt,MW,nem,NSW1
2017-10-17 07:30:00,0.0,gas_ocgt,MW,nem,NSW1
2017-10-17 07:35:00,0.0,gas_ocgt,MW,nem,NSW1
2017-10-17 07:40:00,0.0,gas_ocgt,MW,nem,NSW1
2017-10-17 07:45:00,0.0,gas_ocgt,MW,nem,NSW1
2017-10-17 07:50:00,0.0,gas_ocgt,MW,nem,NSW1
2017-10-17 07:55:00,0.0,gas_ocgt,MW,nem,NSW1
2017-10-17 08:00:00,0.0,gas_ocgt,MW,nem,NSW1
2017-10-17 08:05:00,0.0,gas_ocgt,MW,nem,NSW1
2017-10-17 08:10:00,0.0,gas_ocgt,MW,nem,NSW1
2017-10-17 08:15:00,0.0,gas_ocgt,MW,nem,NSW1
2017-10-17 08:20:00,0.0,gas_ocgt,MW,nem,NSW1
2017-10-17 08:25:00,0.0,gas_ocgt,MW,nem,NSW1
2017-10-17 08:30:00,0.0,gas_ocgt,MW,nem,NSW1
2017-10-17 08:35:00,0.0,gas_ocgt,MW,nem,NSW1
2017-10-17 08:40:00,0.0,gas_ocgt,MW,nem,NSW1
2017-10-17 08:45:00,0.0,gas_ocgt,MW,nem,NSW1
2017-10-17 08:50:00,0.0,gas_ocgt,MW,nem,NSW1
2017-10-17 08:55:00,0.0,gas_ocgt,MW,nem,NSW1
2017-10-17 09:00:00,0.0,gas_ocgt,MW,nem,NSW1
2017-10-17 09:05:00,0.0,gas_ocgt,MW,nem,NSW1
2017-10-17 09:10:00,0.0,gas_ocgt,MW,nem,NSW1
2017-10-17 09:15:00,0.0,gas_ocgt,MW,nem,NSW1
2017-10-17 09:20:00,0.0,gas_ocgt,MW,nem,NSW1
2017-10-17 09:25:00,0.0,gas_ocgt,MW,nem,NSW1
2017-10-17 09:30:00,0.0,gas_ocgt,MW,nem,NSW1
2017-10-17 09:35:00,0.0,gas_ocgt,MW,nem,NSW1
2017-10-17 09:40:00,0.0,gas_ocgt,MW,nem,NSW1
2017-10-17 09:45:00,0.0,gas_ocgt,MW,nem,NSW1
2017-10-17 09:50:00,0.0,gas_ocgt,MW,nem,NSW1
2017-10-17 09:55:00,0.0,gas_ocgt,MW,nem,NSW1
2017-10-17 10:00:00,0.0,gas_ocgt,MW,nem,NSW1
2017-10-17 10:05:00,0.0,gas_ocgt,MW,nem,NSW1
2017-10-17 10:10:00,0.0,gas_ocgt,MW,nem,NSW1
2017-10-17 10:15:00,0.0,gas_ocgt,MW,nem,NSW1
2017-10-17 10:20:00,0.0,gas_ocgt,MW,nem,NSW1
2017-10-17 10:25:00,0.0,gas_ocgt,MW,nem,NSW1
2017-10-17 10:30:00,0.0,gas_ocgt,MW,nem,NSW1
2017-10-17 10:35:00,0.0,gas_ocgt,MW,nem,NSW1
2017-10-17 10:40:00,0.0,gas_ocgt,MW,nem,NSW1
2017-10-17 10:45:00,0.0,gas_ocgt,MW,nem,NSW1
2017-10-17 10:50:00,0.0,gas_ocgt,MW,nem,NSW1
2017-10-17 10:55:00,0.0,gas_ocgt,MW,nem,NSW1
2017-10-17 11:00:00,0.0,gas_ocgt,MW,nem,NSW1
2017-10-17 11:05:00,0.0,gas_ocgt,MW,nem,NSW1
2017-10-17 11:10:00,0.0,gas_ocgt,MW,nem,NSW1
2017-10-17 11:15:00,0.0,gas_ocgt,MW,nem,NSW1
2017-10-17 11:20:00,0.0,gas_ocgt,MW,nem,NSW1
2017-10-17 11:25:00,0.0,gas_ocgt,MW,nem,NSW1
2017-10-17 11:30:00,0.0,gas_ocgt,MW,nem,NSW1
2017-10-17 11:35:00,0.0,gas_ocgt,MW,nem,NSW1
2017-10-17 11:40:00,0.0,gas_ocgt,MW,nem,NSW1
2017-10-17 11:45:00,0.0,gas_ocgt,MW,nem,NSW1
2017-10-17 11:50:00,0.0,gas_ocgt,MW,nem,NSW1
2017-10-17 11:55:00,0.0,gas_ocgt,MW,nem,NSW1
2017-10-17 12:00:00,0.0,gas_ocgt,MW,nem,NSW1
2017-10-17 12:05:00,0.0,gas_ocgt,MW,nem,NSW1
2017-10-17 12:10:00,0.0,gas_ocgt,MW,nem,NSW1
2017-10-17 12:15:00,0.0,gas_ocgt,MW,nem,NSW1
2017-10-17 12:20:00,0.0,gas_ocgt,MW,nem,NSW1
2017-10-17 12:25:00,0.0,gas_ocgt,MW,nem,NSW1
2017-10-17 12:30:00,0.0,gas_ocgt,MW,nem,NSW1
2017-10-17 12:35:00,0.0,gas_ocgt,MW,nem,NSW1
2017-10-17 12:40:00,0.0,gas_ocgt,MW,nem,NSW1
2017-10-17 12:45:00,0.0,gas_ocgt,MW,nem,NSW1
2017-10-17 12:50:00,0.0,gas_ocgt,MW,nem,NSW1
2017-10-17 12:55:00,0.0,gas_ocgt,MW,nem,NSW1
2017-10-17 13:00:00,0.0,gas_ocgt,MW,nem,NSW1
2017-10-17 13:05:00,0.0,gas_ocgt,MW,nem,NSW1
2017-10-17 13:10:00,0.0,gas_ocgt,MW,nem,NSW1
2017-10-17 13:15:00,0.0,gas_ocgt,MW,nem,NSW1
2017-10-17 13:20:00,0.0,gas_ocgt,MW,nem,NSW1
2017-10-17 13:25:00,0.0,gas_ocgt,MW,nem,NSW1
2017-10-17 13:30:00,0.0,gas_ocgt,MW,nem,NSW1
2017-10-17 13:35:00,0.0,gas_ocgt,MW,nem,NSW1
2017-10-17 13:40:00,0.0,gas_ocgt,MW,nem,NSW1
2017-10-17 13:45:00,0.0,gas_ocgt,MW,nem,NSW1
2017-10-17 13:50:00,0.0,gas_ocgt,MW,nem,NSW1
2017-10-17 13:55:00,0.0,gas_ocgt,MW,nem,NSW1
2017-10-17 14:00:00,0.0,gas_ocgt,MW,nem,NSW1
2017-10-17 14:05:00,0.0,gas_ocgt,MW,nem,NSW1
2017-10-17 14:10:00,0.0,gas_ocgt,MW,nem,NSW1
2017-10-17 14:15:00,0.0,gas_ocgt,MW,nem,NSW1
2017-10-17 14:20:00,0.0,gas_ocgt,MW,nem,NSW1
2017-10-17 14:25:00,0.0,gas_ocgt,MW,nem,NSW1
2017-10-17 14:30:00,0.0,gas_ocgt,MW,nem,NSW1
2017-10-17 14:35:00,0.0,gas_ocgt,MW,nem,NSW1
2017-10-17 14:40:00,0.0,gas_ocgt,MW,nem,NSW1
2017-10-17 14:45:00,0.0,gas_ocgt,MW,nem,NSW1
2017-10-17 14:50:00,0.0,gas_ocgt,MW,nem,NSW1
2017-10-17 14:55:00,0.0,gas_ocgt,MW,nem,NSW1
2017-10-17 15:00:00,0.0,gas_ocgt,MW,nem,NSW1
2017-10-17 15:05:00,0.0,gas_ocgt,MW,nem,NSW1
2017-10-17 15:10:00,0.0,gas_ocgt,MW,nem,NSW1
2017-10-17 15:15:00,0.0,gas_ocgt,MW,nem,NSW1
2017-10-17 15:20:00,0.0,gas_ocgt,MW,nem,NSW1
2017-10-17 15:25:00,0.0,gas_ocgt,MW,nem,NSW1
2017-10-17 15:30:00,0.0,gas_ocgt,MW,nem,NSW1
2017-10-17 15:35:00,0.0,gas_ocgt,MW,nem,NSW1
2017-10-17 15:40:00,0.0,gas_ocgt,MW,nem,NSW1
2017-10-17 15:45:00,0.0,gas_ocgt,MW,nem,NSW1
2017-10-17 15:50:00,0.0,gas_ocgt,MW,nem,NSW1
2017-10-17 15:55:00,0.0,gas_ocgt,MW,nem,NSW1
2017-10-17 16:00:00,0.0,gas_ocgt,MW,nem,NSW1
2017-10-17 16:05:00,0.0,gas_ocgt,MW,nem,NSW1
2017-10-17 16:10:00,0.0,gas_ocgt,MW,nem,NSW1
2017-10-17 16:15:00,0.0,gas_ocgt,MW,nem,NSW1
2017-10-17 16:20:00,0.0,gas_ocgt,MW,nem,NSW1
2017-10-17 16:25:00,0.0,gas_ocgt,MW,nem,NSW1
2017-10-17 16:30:00,0.0,gas_ocgt,MW,nem,NSW1
2017-10-17 16:35:00,0.0,gas_ocgt,MW,nem,NSW1
2017-10-17 16:40:00,0.0,gas_ocgt,MW,nem,NSW1
2017-10-17 16:45:00,0.0,gas_ocgt,MW,nem,NSW1
2017-10-17 16:50:00,0.0,gas_ocgt,MW,nem,NSW1
2017-10-17 16:55:00,0.0,gas_ocgt,MW,nem,NSW1
2017-10-17 17:00:00,0.0,gas_ocgt,MW,nem,NSW1
2017-10-17 17:05:00,0.0,gas_ocgt,MW,nem,NSW1
2017-10-17 17:10:00,0.0,gas_ocgt,MW,nem,NSW1
2017-10-17 17:15:00,0.0,gas_ocgt,MW,nem,NSW1
2017-10-17 17:20:00,0.0,gas_ocgt,MW,nem,NSW1
2017-10-17 17:25:00,0.0,gas_ocgt,MW,nem,NSW1
2017-10-17 17:30:00,0.0,gas_ocgt,MW,nem,NSW1
2017-10-17 17:35:00,0.0,gas_ocgt,MW,nem,NSW1
2017-10-17 17:40:00,0.0,gas_ocgt,MW,nem,NSW1
2017-10-17 17:45:00,0.0,gas_ocgt,MW,nem,NSW1
2017-10-17 17:50:00,0.0,gas_ocgt,MW,nem,NSW1
2017-10-17 17:55:00,0.0,gas_ocgt,MW,nem,NSW1
2017-10-17 18:00:00,0.0,gas_ocgt,MW,nem,NSW1
2017-10-17 18:05:00,0.0,gas_ocgt,MW,nem,NSW1
2017-10-17 18:10:00,0.0,gas_ocgt,MW,nem,NSW1
2017-10-17 18:15:00,0.0,gas_ocgt,MW,nem,NSW1
2017-10-17 18:20:00,0.0,gas_ocgt,MW,nem,NSW1
2017-10-17 18:25:00,0.0,gas_ocgt,MW,nem,NSW1
2017-10-17 18:30:00,0.0,gas_ocgt,MW,nem,NSW1
2017-10-17 18:35:00,0.0,gas_ocgt,MW,nem,NSW1
2017-10-17 18:40:00,0.0,gas_ocgt,MW,nem,NSW1
2017-10-17 18:45:00,0.0,gas_ocgt,MW,nem,NSW1
2017-10-17 18:50:00,0.0,gas_ocgt,MW,nem,NSW1
2017-10-17 18:55:00,0.0,gas_ocgt,MW,nem,NSW1
2017-10-17 19:00:00,0.0,gas_ocgt,MW,nem,NSW1
2017-10-17 19:05:00,0.0,gas_ocgt,MW,nem,NSW1
2017-10-17 19:10:00,0.0,gas_ocgt,MW,nem,NSW1
2017-10-17 19:15:00,0.0,gas_ocgt,MW,nem,NSW1
2017-10-17 19:20:00,0.0,gas_ocgt,MW,nem,NSW1
2017-10-17 19:25:00,0.0,gas_ocgt,MW,nem,NSW1
2017-10-17 19:30:00,0.0,gas_ocgt,MW,nem,NSW1
2017-10-17 19:35:00,0.0,gas_ocgt,MW,nem,NSW1
2017-10-17 19:40:00,0.0,gas_ocgt,MW,nem,NSW1
2017-10-17 19:45:00,0.0,gas_ocgt,MW,nem,NSW1
2017-10-17 19:50:00,0.0,gas_ocgt,MW,nem,NSW1
2017-10-17 19:55:00,0.0,gas_ocgt,MW,nem,NSW1
2017-10-17 20:00:00,0.0,gas_ocgt,MW,nem,NSW1
2017-10-17 20:05:00,0.0,gas_ocgt,MW,nem,NSW1
2017-10-17 20:10:00,0.0,gas_ocgt,MW,nem,NSW1
2017-10-17 20:15:00,0.0,gas_ocgt,MW,nem,NSW1
2017-10-17 20:20:00,0.0,gas_ocgt,MW,nem,NSW1
2017-10-17 20:25:00,0.0,gas_ocgt,MW,nem,NSW1
2017-10-17 20:30:00,0.0,gas_ocgt,MW,nem,NSW1
2017-10-17 20:35:00,0.0,gas_ocgt,MW,nem,NSW1
2017-10-17 20:40:00,0.0,gas_ocgt,MW,nem,NSW1
2017-10-17 20:45:00,0.0,gas_ocgt,MW,nem,NSW1
2017-10-17 20:50:00,0.0,gas_ocgt,MW,nem,NSW1
2017-10-17 20:55:00,0.0,gas_ocgt,MW,nem,NSW1
2017-10-17 21:00:00,0.0,gas_ocgt,MW,nem,NSW1
2017-10-17 21:05:00,0.0,gas_ocgt,MW,nem,NSW1
2017-10-17 21:10:00,0.0,gas_ocgt,MW,nem,NSW1
2017-10-17 21:15:00,0.0,gas_ocgt,MW,nem,NSW1
2017-10-17 21:20:00,0.0,gas_ocgt,MW,nem,NSW1
2017-10-17 21:25:00,0.0,gas_ocgt,MW,nem,NSW1
2017-10-17 21:30:00,0.0,gas_ocgt,MW,nem,NSW1
2017-10-17 21:35:00,0.0,gas_ocgt,MW,nem,NSW1
2017-10-17 21:40:00,0.0,gas_ocgt,MW,nem,NSW1
2017-10-17 21:45:00,0.0,gas_ocgt,MW,nem,NSW1
2017-10-17 21:50:00,0.0,gas_ocgt,MW,nem,NSW1
2017-10-17 21:55:00,0.0,gas_ocgt,MW,nem,NSW1
2017-10-17 22:00:00,0.0,gas_ocgt,MW,nem,NSW1
2017-10-17 22:05:00,0.0,gas_ocgt,MW,nem,NSW1
2017-10-17 22:10:00,0.0,gas_ocgt,MW,nem,NSW1
2017-10-17 22:15:00,0.0,gas_ocgt,MW,nem,NSW1
2017-10-17 22:20:00,0.0,gas_ocgt,MW,nem,NSW1
2017-10-17 22:25:00,0.0,gas_ocgt,MW,nem,NSW1
2017-10-17 22:30:00,0.0,gas_ocgt,MW,nem,NSW1
2017-10-17 22:35:00,0.0,gas_ocgt,MW,nem,NSW1
2017-10-17 22:40:00,0.0,gas_ocgt,MW,nem,NSW1
2017-10-17 22:45:00,0.0,gas_ocgt,MW,nem,NSW1
2017-10-17 22:50:00,0.0,gas_ocgt,MW,nem,NSW1
2017-10-17 22:55:00,0.0,gas_ocgt,MW,nem,NSW1
2017-10-17 23:00:00,0.0,gas_ocgt,MW,nem,NSW1
2017-10-17 23:05:00,0.0,gas_ocgt,MW,nem,NSW1
2017-10-17 23:10:00,0.0,gas_ocgt,MW,nem,NSW1
2017-10-17 23:15:00,0.0,gas_ocgt,MW,nem,NSW1
2017-10-17 23:20:00,0.0,gas_ocgt,MW,nem,NSW1
2017-10-17 23:25:00,0.0,gas_ocgt,MW,nem,NSW1
2017-10-17 23:30:00,0.0,gas_ocgt,MW,nem,NSW1
2017-10-17 23:35:00,0.0,gas_ocgt,MW,nem,NSW1
2017-10-17 23:40:00,0.0,gas_ocgt,MW,nem,NSW1
2017-10-17 23:45:00,0.0,gas_ocgt,MW,nem,NSW1
2017-10-17 23:50:00,0.0,gas_ocgt,MW,nem,NSW1
2017-10-17 23:55:00,0.0,gas_ocgt,MW,nem,NSW1
2017-10-18 00:00:00,0.0,gas_ocgt,MW,nem,NSW1
2017-10-18 00:05:00,0.0,gas_ocgt,MW,nem,NSW1
2017-10-18 00:10:00,0.0,gas_ocgt,MW,nem,NSW1
2017-10-18 00:15:00,0.0,gas_ocgt,MW,nem,NSW1
2017-10-18 00:20:00,0.0,gas_ocgt,MW,nem,NSW1
2017-10-18 00:25:00,0.0,gas_ocgt,MW,nem,NSW1
2017-10-18 00:30:00,0.0,gas_ocgt,MW,nem,NSW1
2017-10-18 00:35:00,0.0,gas_ocgt,MW,nem,NSW1
2017-10-18 00:40:00,0.0,gas_ocgt,MW,nem,NSW1
2017-10-18 00:45:00,0.0,gas_ocgt,MW,nem,NSW1
2017-10-18 00:50:00,0.0,gas_ocgt,MW,nem,NSW1
2017-10-18 00:55:00,0.0,gas_ocgt,MW,nem,NSW1
2017-10-18 01:00:00,0.0,gas_ocgt,MW,nem,NSW1
2017-10-18 01:05:00,0.0,gas_ocgt,MW,nem,NSW1
2017-10-18 01:10:00,0.0,gas_ocgt,MW,nem,NSW1
2017-10-18 01:15:00,0.0,gas_ocgt,MW,nem,NSW1
2017-10-18 01:20:00,0.0,gas_ocgt,MW,nem,NSW1
2017-10-18 01:25:00,0.0,gas_ocgt,MW,nem,NSW1
2017-10-18 01:30:00,0.0,gas_ocgt,MW,nem,NSW1
2017-10-18 01:35:00,0.0,gas_ocgt,MW,nem,NSW1
2017-10-18 01:40:00,0.0,gas_ocgt,MW,nem,NSW1
2017-10-18 01:45:00,0.0,gas_ocgt,MW,nem,NSW1
2017-10-18 01:50:00,0.0,gas_ocgt,MW,nem,NSW1
2017-10-18 01:55:00,0.0,gas_ocgt,MW,nem,NSW1
2017-10-18 02:00:00,0.0,gas_ocgt,MW,nem,NSW1
2017-10-18 02:05:00,0.0,gas_ocgt,MW,nem,NSW1
2017-10-18 02:10:00,0.0,gas_ocgt,MW,nem,NSW1
2017-10-18 02:15:00,0.0,gas_ocgt,MW,nem,NSW1
2017-10-18 02:20:00,0.0,gas_ocgt,MW,nem,NSW1
2017-10-18 02:25:00,0.0,gas_ocgt,MW,nem,NSW1
2017-10-18 02:30:00,0.0,gas_ocgt,MW,nem,NSW1
2017-10-18 02:35:00,0.0,gas_ocgt,MW,nem,NSW1
2017-10-18 02:40:00,0.0,gas_ocgt,MW,nem,NSW1
2017-10-18 02:45:00,0.0,gas_ocgt,MW,nem,NSW1
2017-10-18 02:50:00,0.0,gas_ocgt,MW,nem,NSW1
2017-10-18 02:55:00,0.0,gas_ocgt,MW,nem,NSW1
2017-10-18 03:00:00,0.0,gas_ocgt,MW,nem,NSW1
2017-10-18 03:05:00,0.0,gas_ocgt,MW,nem,NSW1
2017-10-18 03:10:00,0.0,gas_ocgt,MW,nem,NSW1
2017-10-18 03:15:00,0.0,gas_ocgt,MW,nem,NSW1
2017-10-18 03:20:00,0.0,gas_ocgt,MW,nem,NSW1
2017-10-18 03:25:00,0.0,gas_ocgt,MW,nem,NSW1
2017-10-18 03:30:00,0.0,gas_ocgt,MW,nem,NSW1
2017-10-18 03:35:00,0.0,gas_ocgt,MW,nem,NSW1
2017-10-18 03:40:00,0.0,gas_ocgt,MW,nem,NSW1
2017-10-18 03:45:00,0.0,gas_ocgt,MW,nem,NSW1
2017-10-18 03:50:00,0.0,gas_ocgt,MW,nem,NSW1
2017-10-18 03:55:00,0.0,gas_ocgt,MW,nem,NSW1
2017-10-18 04:00:00,0.0,gas_ocgt,MW,nem,NSW1
2017-10-18 04:05:00,0.0,gas_ocgt,MW,nem,NSW1
2017-10-18 04:10:00,0.0,gas_ocgt,MW,nem,NSW1
2017-10-18 04:15:00,0.0,gas_ocgt,MW,nem,NSW1
2017-10-18 04:20:00,0.0,gas_ocgt,MW,nem,NSW1
2017-10-18 04:25:00,0.0,gas_ocgt,MW,nem,NSW1
2017-10-18 04:30:00,0.0,gas_ocgt,MW,nem,NSW1
2017-10-18 04:35:00,0.0,gas_ocgt,MW,nem,NSW1
2017-10-18 04:40:00,0.0,gas_ocgt,MW,nem,NSW1
2017-10-18 04:45:00,0.0,gas_ocgt,MW,nem,NSW1
2017-10-18 04:50:00,0.0,gas_ocgt,MW,nem,NSW1
2017-10-18 04:55:00,0.0,gas_ocgt,MW,nem,NSW1
2017-10-18 05:00:00,0.0,gas_ocgt,MW,nem,NSW1
2017-10-18 05:05:00,0.0,gas_ocgt,MW,nem,NSW1
2017-10-18 05:10:00,0.0,gas_ocgt,MW,nem,NSW1
2017-10-18 05:15:00,0.0,gas_ocgt,MW,nem,NSW1
2017-10-18 05:20:00,0.0,gas_ocgt,MW,nem,NSW1
2017-10-18 05:25:00,0.0,gas_ocgt,MW,nem,NSW1
2017-10-18 05:30:00,0.0,gas_ocgt,MW,nem,NSW1
2017-10-18 05:35:00,0.0,gas_ocgt,MW,nem,NSW1
2017-10-18 05:40:00,0.0,gas_ocgt,MW,nem,NSW1
2017-10-18 05:45:00,0.0,gas_ocgt,MW,nem,NSW1
2017-10-18 05:50:00,0.0,gas_ocgt,MW,nem,NSW1
2017-10-18 05:55:00,0.0,gas_ocgt,MW,nem,NSW1
2017-10-18 06:00:00,0.0,gas_ocgt,MW,nem,NSW1
2017-10-18 06:05:00,0.0,gas_ocgt,MW,nem,NSW1
2017-10-18 06:10:00,0.0,gas_ocgt,MW,nem,NSW1
2017-10-18 06:15:00,0.0,gas_ocgt,MW,nem,NSW1
2017-10-18 06:20:00,0.0,gas_ocgt,MW,nem,NSW1
2017-10-18 06:25:00,0.0,gas_ocgt,MW,nem,NSW1
2017-10-18 06:30:00,0.0,gas_ocgt,MW,nem,NSW1
2017-10-18 06:35:00,0.0,gas_ocgt,MW,nem,NSW1
2017-10-18 06:40:00,0.0,gas_ocgt,MW,nem,NSW1
2017-10-18 06:45:00,0.0,gas_ocgt,MW,nem,NSW1
2017-10-18 06:50:00,0.0,gas_ocgt,MW,nem,NSW1
2017-10-18 06:55:00,0.0,gas_ocgt,MW,nem,NSW1
2017-10-18 07:00:00,0.0,gas_ocgt,MW,nem,NSW1
2017-10-18 07:05:00,0.0,gas_ocgt,MW,nem,NSW1
2017-10-18 07:10:00,0.0,gas_ocgt,MW,nem,NSW1
2017-10-18 07:15:00,0.0,gas_ocgt,MW,nem,NSW1
2017-10-18 07:20:00,0.0,gas_ocgt,MW,nem,NSW1
2017-10-18 07:25:00,0.0,gas_ocgt,MW,nem,NSW1
2017-10-18 07:30:00,0.0,gas_ocgt,MW,nem,NSW1
2017-10-18 07:35:00,0.0,gas_ocgt,MW,nem,NSW1
2017-10-18 07:40:00,0.0,gas_ocgt,MW,nem,NSW1
2017-10-18 07:45:00,0.0,gas_ocgt,MW,nem,NSW1
2017-10-18 07:50:00,0.0,gas_ocgt,MW,nem,NSW1
2017-10-18 07:55:00,0.0,gas_ocgt,MW,nem,NSW1
2017-10-18 08:00:00,0.0,gas_ocgt,MW,nem,NSW1
2017-10-18 08:05:00,0.0,gas_ocgt,MW,nem,NSW1
2017-10-18 08:10:00,0.0,gas_ocgt,MW,nem,NSW1
2017-10-18 08:15:00,0.0,gas_ocgt,MW,nem,NSW1
2017-10-18 08:20:00,0.0,gas_ocgt,MW,nem,NSW1
2017-10-18 08:25:00,0.0,gas_ocgt,MW,nem,NSW1
2017-10-18 08:30:00,0.0,gas_ocgt,MW,nem,NSW1
2017-10-18 08:35:00,0.0,gas_ocgt,MW,nem,NSW1
2017-10-18 08:40:00,0.0,gas_ocgt,MW,nem,NSW1
2017-10-18 08:45:00,0.0,gas_ocgt,MW,nem,NSW1
2017-10-18 08:50:00,0.0,gas_ocgt,MW,nem,NSW1
2017-10-18 08:55:00,0.0,gas_ocgt,MW,nem,NSW1
2017-10-18 09:00:00,0.0,gas_ocgt,MW,nem,NSW1
2017-10-18 09:05:00,0.0,gas_ocgt,MW,nem,NSW1
2017-10-18 09:10:00,0.0,gas_ocgt,MW,nem,NSW1
2017-10-18 09:15:00,0.0,gas_ocgt,MW,nem,NSW1
2017-10-18 09:20:00,0.0,gas_ocgt,MW,nem,NSW1
2017-10-18 09:25:00,0.0,gas_ocgt,MW,nem,NSW1
2017-10-18 09:30:00,0.0,gas_ocgt,MW,nem,NSW1
2017-10-18 09:35:00,0.0,gas_ocgt,MW,nem,NSW1
2017-10-18 09:40:00,0.0,gas_ocgt,MW,nem,NSW1
2017-10-18 09:45:00,0.0,gas_ocgt,MW,nem,NSW1
2017-10-18 09:50:00,0.0,gas_ocgt,MW,nem,NSW1
2017-10-18 09:55:00,0.0,gas_ocgt,MW,nem,NSW1
2017-10-18 10:00:00,0.0,gas_ocgt,MW,nem,NSW1
2017-10-18 10:05:00,0.0,gas_ocgt,MW,nem,NSW1
2017-10-18 10:10:00,0.0,gas_ocgt,MW,nem,NSW1
2017-10-18 10:15:00,0.0,gas_ocgt,MW,nem,NSW1
2017-10-18 10:20:00,0.0,gas_ocgt,MW,nem,NSW1
2017-10-18 10:25:00,0.0,gas_ocgt,MW,nem,NSW1
2017-10-18 10:30:00,0.0,gas_ocgt,MW,nem,NSW1
2017-10-18 10:35:00,0.0,gas_ocgt,MW,nem,NSW1
2017-10-18 10:40:00,0.0,gas_ocgt,MW,nem,NSW1
2017-10-18 10:45:00,0.0,gas_ocgt,MW,nem,NSW1
2017-10-18 10:50:00,0.0,gas_ocgt,MW,nem,NSW1
2017-10-18 10:55:00,0.0,gas_ocgt,MW,nem,NSW1
2017-10-18 11:00:00,0.0,gas_ocgt,MW,nem,NSW1
2017-10-18 11:05:00,0.0,gas_ocgt,MW,nem,NSW1
2017-10-18 11:10:00,0.0,gas_ocgt,MW,nem,NSW1
2017-10-18 11:15:00,0.0,gas_ocgt,MW,nem,NSW1
2017-10-18 11:20:00,0.0,gas_ocgt,MW,nem,NSW1
2017-10-18 11:25:00,0.0,gas_ocgt,MW,nem,NSW1
2017-10-18 11:30:00,0.0,gas_ocgt,MW,nem,NSW1
2017-10-18 11:35:00,0.0,gas_ocgt,MW,nem,NSW1
2017-10-18 11:40:00,0.0,gas_ocgt,MW,nem,NSW1
2017-10-18 11:45:00,0.0,gas_ocgt,MW,nem,NSW1
2017-10-18 11:50:00,0.0,gas_ocgt,MW,nem,NSW1
2017-10-18 11:55:00,0.0,gas_ocgt,MW,nem,NSW1
2017-10-18 12:00:00,0.0,gas_ocgt,MW,nem,NSW1
2017-10-18 12:05:00,0.0,gas_ocgt,MW,nem,NSW1
2017-10-18 12:10:00,0.0,gas_ocgt,MW,nem,NSW1
2017-10-18 12:15:00,0.0,gas_ocgt,MW,nem,NSW1
2017-10-18 12:20:00,0.0,gas_ocgt,MW,nem,NSW1
2017-10-18 12:25:00,0.0,gas_ocgt,MW,nem,NSW1
2017-10-18 12:30:00,0.0,gas_ocgt,MW,nem,NSW1
2017-10-18 12:35:00,0.0,gas_ocgt,MW,nem,NSW1
2017-10-18 12:40:00,0.0,gas_ocgt,MW,nem,NSW1
2017-10-18 12:45:00,0.0,gas_ocgt,MW,nem,NSW1
2017-10-18 12:50:00,0.0,gas_ocgt,MW,nem,NSW1
2017-10-18 12:55:00,0.0,gas_ocgt,MW,nem,NSW1
2017-10-18 13:00:00,0.0,gas_ocgt,MW,nem,NSW1
2017-10-18 13:05:00,0.0,gas_ocgt,MW,nem,NSW1
2017-10-18 13:10:00,0.0,gas_ocgt,MW,nem,NSW1
2017-10-18 13:15:00,0.0,gas_ocgt,MW,nem,NSW1
2017-10-18 13:20:00,0.0,gas_ocgt,MW,nem,NSW1
2017-10-18 13:25:00,0.0,gas_ocgt,MW,nem,NSW1
2017-10-18 13:30:00,0.0,gas_ocgt,MW,nem,NSW1
2017-10-18 13:35:00,0.0,gas_ocgt,MW,nem,NSW1
2017-10-18 13:40:00,0.0,gas_ocgt,MW,nem,NSW1
2017-10-18 13:45:00,0.0,gas_ocgt,MW,nem,NSW1
2017-10-18 13:50:00,0.0,gas_ocgt,MW,nem,NSW1
2017-10-18 13:55:00,0.0,gas_ocgt,MW,nem,NSW1
2017-10-18 14:00:00,0.0,gas_ocgt,MW,nem,NSW1
2017-10-18 14:05:00,0.0,gas_ocgt,MW,nem,NSW1
2017-10-18 14:10:00,0.0,gas_ocgt,MW,nem,NSW1
2017-10-18 14:15:00,0.0,gas_ocgt,MW,nem,NSW1
2017-10-18 14:20:00,0.0,gas_ocgt,MW,nem,NSW1
2017-10-18 14:25:00,0.0,gas_ocgt,MW,nem,NSW1
2017-10-18 14:30:00,0.0,gas_ocgt,MW,nem,NSW1
2017-10-18 14:35:00,0.0,gas_ocgt,MW,nem,NSW1
2017-10-18 14:40:00,0.0,gas_ocgt,MW,nem,NSW1
2017-10-18 14:45:00,0.0,gas_ocgt,MW,nem,NSW1
2017-10-18 14:50:00,0.0,gas_ocgt,MW,nem,NSW1
2017-10-18 14:55:00,0.0,gas_ocgt,MW,nem,NSW1
2017-10-18 15:00:00,0.0,gas_ocgt,MW,nem,NSW1
2017-10-18 15:05:00,0.0,gas_ocgt,MW,nem,NSW1
2017-10-18 15:10:00,0.0,gas_ocgt,MW,nem,NSW1
2017-10-18 15:15:00,0.0,gas_ocgt,MW,nem,NSW1
2017-10-18 15:20:00,0.0,gas_ocgt,MW,nem,NSW1
2017-10-18 15:25:00,0.0,gas_ocgt,MW,nem,NSW1
2017-10-18 15:30:00,0.0,gas_ocgt,MW,nem,NSW1
2017-10-18 15:35:00,0.0,gas_ocgt,MW,nem,NSW1
2017-10-18 15:40:00,0.0,gas_ocgt,MW,nem,NSW1
2017-10-18 15:45:00,0.0,gas_ocgt,MW,nem,NSW1
2017-10-18 15:50:00,0.0,gas_ocgt,MW,nem,NSW1
2017-10-18 15:55:00,0.0,gas_ocgt,MW,nem,NSW1
2017-10-18 16:00:00,0.0,gas_ocgt,MW,nem,NSW1
2017-10-18 16:05:00,0.0,gas_ocgt,MW,nem,NSW1
2017-10-18 16:10:00,0.0,gas_ocgt,MW,nem,NSW1
2017-10-18 16:15:00,0.0,gas_ocgt,MW,nem,NSW1
2017-10-18 16:20:00,0.0,gas_ocgt,MW,nem,NSW1
2017-10-18 16:25:00,0.0,gas_ocgt,MW,nem,NSW1
2017-10-18 16:30:00,0.0,gas_ocgt,MW,nem,NSW1
2017-10-18 16:35:00,0.0,gas_ocgt,MW,nem,NSW1
2017-10-18 16:40:00,0.0,gas_ocgt,MW,nem,NSW1
2017-10-18 16:45:00,0.0,gas_ocgt,MW,nem,NSW1
2017-10-18 16:50:00,0.0,gas_ocgt,MW,nem,NSW1
2017-10-18 16:55:00,0.0,gas_ocgt,MW,nem,NSW1
2017-10-18 17:00:00,0.0,gas_ocgt,MW,nem,NSW1
2017-10-18 17:05:00,0.0,gas_ocgt,MW,nem,NSW1
2017-10-18 17:10:00,0.0,gas_ocgt,MW,nem,NSW1
2017-10-18 17:15:00,0.0,gas_ocgt,MW,nem,NSW1
2017-10-18 17:20:00,0.0,gas_ocgt,MW,nem,NSW1
2017-10-18 17:25:00,0.0,gas_ocgt,MW,nem,NSW1
2017-10-18 17:30:00,0.0,gas_ocgt,MW,nem,NSW1
2017-10-18 17:35:00,0.0,gas_ocgt,MW,nem,NSW1
2017-10-18 17:40:00,0.0,gas_ocgt,MW,nem,NSW1
2017-10-18 17:45:00,0.0,gas_ocgt,MW,nem,NSW1
2017-10-18 17:50:00,0.0,gas_ocgt,MW,nem,NSW1
2017-10-18 17:55:00,0.0,gas_ocgt,MW,nem,NSW1
2017-10-18 18:00:00,0.0,gas_ocgt,MW,nem,NSW1
2017-10-18 18:05:00,0.0,gas_ocgt,MW,nem,NSW1
2017-10-18 18:10:00,0.0,gas_ocgt,MW,nem,NSW1
2017-10-18 18:15:00,0.0,gas_ocgt,MW,nem,NSW1
2017-10-18 18:20:00,0.0,gas_ocgt,MW,nem,NSW1
2017-10-18 18:25:00,0.0,gas_ocgt,MW,nem,NSW1
2017-10-18 18:30:00,0.0,gas_ocgt,MW,nem,NSW1
2017-10-18 18:35:00,0.0,gas_ocgt,MW,nem,NSW1
2017-10-18 18:40:00,0.0,gas_ocgt,MW,nem,NSW1
2017-10-18 18:45:00,0.0,gas_ocgt,MW,nem,NSW1
2017-10-18 18:50:00,0.0,gas_ocgt,MW,nem,NSW1
2017-10-18 18:55:00,0.0,gas_ocgt,MW,nem,NSW1
2017-10-18 19:00:00,0.0,gas_ocgt,MW,nem,NSW1
2017-10-18 19:05:00,0.0,gas_ocgt,MW,nem,NSW1
2017-10-18 19:10:00,0.0,gas_ocgt,MW,nem,NSW1
2017-10-18 19:15:00,0.0,gas_ocgt,MW,nem,NSW1
2017-10-18 19:20:00,0.0,gas_ocgt,MW,nem,NSW1
2017-10-18 19:25:00,0.0,gas_ocgt,MW,nem,NSW1
2017-10-18 19:30:00,0.0,gas_ocgt,MW,nem,NSW1
2017-10-18 19:35:00,0.0,gas_ocgt,MW,nem,NSW1
2017-10-18 19:40:00,0.0,gas_ocgt,MW,nem,NSW1
2017-10-18 19:45:00,0.0,gas_ocgt,MW,nem,NSW1
2017-10-18 19:50:00,0.0,gas_ocgt,MW,nem,NSW1
2017-10-18 19:55:00,0.0,gas_ocgt,MW,nem,NSW1
2017-10-18 20:00:00,0.0,gas_ocgt,MW,nem,NSW1
2017-10-18 20:05:00,0.0,gas_ocgt,MW,nem,NSW1
2017-10-18 20:10:00,0.0,gas_ocgt,MW,nem,NSW1
2017-10-18 20:15:00,0.0,gas_ocgt,MW,nem,NSW1
2017-10-18 20:20:00,0.0,gas_ocgt,MW,nem,NSW1
2017-10-18 20:25:00,0.0,gas_ocgt,MW,nem,NSW1
2017-10-18 20:30:00,0.0,gas_ocgt,MW,nem,NSW1
2017-10-18 20:35:00,0.0,gas_ocgt,MW,nem,NSW1
2017-10-18 20:40:00,0.0,gas_ocgt,MW,nem,NSW1
2017-10-18 20:45:00,0.0,gas_ocgt,MW,nem,NSW1
2017-10-18 20:50:00,0.0,gas_ocgt,MW,nem,NSW1
2017-10-18 20:55:00,0.0,gas_ocgt,MW,nem,NSW1
2017-10-18 21:00:00,0.0,gas_ocgt,MW,nem,NSW1
2017-10-18 21:05:00,0.0,gas_ocgt,MW,nem,NSW1
2017-10-18 21:10:00,0.0,gas_ocgt,MW,nem,NSW1
2017-10-18 21:15:00,0.0,gas_ocgt,MW,nem,NSW1
2017-10-18 21:20:00,0.0,gas_ocgt,MW,nem,NSW1
2017-10-18 21:25:00,0.0,gas_ocgt,MW,nem,NSW1
2017-10-18 21:30:00,0.0,gas_ocgt,MW,nem,NSW1
2017-10-18 21:35:00,0.0,gas_ocgt,MW,nem,NSW1
2017-10-18 21:40:00,0.0,gas_ocgt,MW,nem,NSW1
2017-10-18 21:45:00,0.0,gas_ocgt,MW,nem,NSW1
2017-10-18 21:50:00,0.0,gas_ocgt,MW,nem,NSW1
2017-10-18 21:55:00,0.0,gas_ocgt,MW,nem,NSW1
2017-10-18 22:00:00,0.0,gas_ocgt,MW,nem,NSW1
2017-10-18 22:05:00,0.0,gas_ocgt,MW,nem,NSW1
2017-10-18 22:10:00,0.0,gas_ocgt,MW,nem,NSW1
2017-10-18 22:15:00,0.0,gas_ocgt,MW,nem,NSW1
2017-10-18 22:20:00,0.0,gas_ocgt,MW,nem,NSW1
2017-10-18 22:25:00,0.0,gas_ocgt,MW,nem,NSW1
2017-10-18 22:30:00,0.0,gas_ocgt,MW,nem,NSW1
2017-10-18 22:35:00,0.0,gas_ocgt,MW,nem,NSW1
2017-10-18 22:40:00,0.0,gas_ocgt,MW,nem,NSW1
2017-10-18 22:45:00,0.0,gas_ocgt,MW,nem,NSW1
2017-10-18 22:50:00,0.0,gas_ocgt,MW,nem,NSW1
2017-10-18 22:55:00,0.0,gas_ocgt,MW,nem,NSW1
2017-10-18 23:00:00,0.0,gas_ocgt,MW,nem,NSW1
2017-10-18 23:05:00,0.0,gas_ocgt,MW,nem,NSW1
2017-10-18 23:10:00,0.0,gas_ocgt,MW,nem,NSW1
2017-10-18 23:15:00,0.0,gas_ocgt,MW,nem,NSW1
2017-10-18 23:20:00,0.0,gas_ocgt,MW,nem,NSW1
2017-10-18 23:25:00,0.0,gas_ocgt,MW,nem,NSW1
2017-10-18 23:30:00,0.0,gas_ocgt,MW,nem,NSW1
2017-10-18 23:35:00,0.0,gas_ocgt,MW,nem,NSW1
2017-10-18 23:40:00,0.0,gas_ocgt,MW,nem,NSW1
2017-10-18 23:45:00,0.0,gas_ocgt,MW,nem,NSW1
2017-10-18 23:50:00,0.0,gas_ocgt,MW,nem,NSW1
2017-10-18 23:55:00,0.0,gas_ocgt,MW,nem,NSW1
2017-10-19 00:00:00,0.0,gas_ocgt,MW,nem,NSW1
2017-10-19 00:05:00,0.0,gas_ocgt,MW,nem,NSW1
2017-10-19 00:10:00,0.0,gas_ocgt,MW,nem,NSW1
2017-10-19 00:15:00,0.0,gas_ocgt,MW,nem,NSW1
2017-10-19 00:20:00,0.0,gas_ocgt,MW,nem,NSW1
2017-10-19 00:25:00,0.0,gas_ocgt,MW,nem,NSW1
2017-10-19 00:30:00,0.0,gas_ocgt,MW,nem,NSW1
2017-10-19 00:35:00,0.0,gas_ocgt,MW,nem,NSW1
2017-10-19 00:40:00,0.0,gas_ocgt,MW,nem,NSW1
2017-10-19 00:45:00,0.0,gas_ocgt,MW,nem,NSW1
2017-10-19 00:50:00,0.0,gas_ocgt,MW,nem,NSW1
2017-10-19 00:55:00,0.0,gas_ocgt,MW,nem,NSW1
2017-10-19 01:00:00,0.0,gas_ocgt,MW,nem,NSW1
2017-10-19 01:05:00,0.0,gas_ocgt,MW,nem,NSW1
2017-10-19 01:10:00,0.0,gas_ocgt,MW,nem,NSW1
2017-10-19 01:15:00,0.0,gas_ocgt,MW,nem,NSW1
2017-10-19 01:20:00,0.0,gas_ocgt,MW,nem,NSW1
2017-10-19 01:25:00,0.0,gas_ocgt,MW,nem,NSW1
2017-10-19 01:30:00,0.0,gas_ocgt,MW,nem,NSW1
2017-10-19 01:35:00,0.0,gas_ocgt,MW,nem,NSW1
2017-10-19 01:40:00,0.0,gas_ocgt,MW,nem,NSW1
2017-10-19 01:45:00,0.0,gas_ocgt,MW,nem,NSW1
2017-10-19 01:50:00,0.0,gas_ocgt,MW,nem,NSW1
2017-10-19 01:55:00,0.0,gas_ocgt,MW,nem,NSW1
2017-10-19 02:00:00,0.0,gas_ocgt,MW,nem,NSW1
2017-10-19 02:05:00,0.0,gas_ocgt,MW,nem,NSW1
2017-10-19 02:10:00,0.0,gas_ocgt,MW,nem,NSW1
2017-10-19 02:15:00,0.0,gas_ocgt,MW,nem,NSW1
2017-10-19 02:20:00,0.0,gas_ocgt,MW,nem,NSW1
2017-10-19 02:25:00,0.0,gas_ocgt,MW,nem,NSW1
2017-10-19 02:30:00,0.0,gas_ocgt,MW,nem,NSW1
2017-10-19 02:35:00,0.0,gas_ocgt,MW,nem,NSW1
2017-10-19 02:40:00,0.0,gas_ocgt,MW,nem,NSW1
2017-10-19 02:45:00,0.0,gas_ocgt,MW,nem,NSW1
2017-10-19 02:50:00,0.0,gas_ocgt,MW,nem,NSW1
2017-10-19 02:55:00,0.0,gas_ocgt,MW,nem,NSW1
2017-10-19 03:00:00,0.0,gas_ocgt,MW,nem,NSW1
2017-10-19 03:05:00,0.0,gas_ocgt,MW,nem,NSW1
2017-10-19 03:10:00,0.0,gas_ocgt,MW,nem,NSW1
2017-10-19 03:15:00,0.0,gas_ocgt,MW,nem,NSW1
2017-10-19 03:20:00,0.0,gas_ocgt,MW,nem,NSW1
2017-10-19 03:25:00,0.0,gas_ocgt,MW,nem,NSW1
2017-10-19 03:30:00,0.0,gas_ocgt,MW,nem,NSW1
2017-10-19 03:35:00,0.0,gas_ocgt,MW,nem,NSW1
2017-10-19 03:40:00,0.0,gas_ocgt,MW,nem,NSW1
2017-10-19 03:45:00,0.0,gas_ocgt,MW,nem,NSW1
2017-10-19 03:50:00,0.0,gas_ocgt,MW,nem,NSW1
2017-10-19 03:55:00,0.0,gas_ocgt,MW,nem,NSW1
2017-10-19 04:00:00,0.0,gas_ocgt,MW,nem,NSW1
2017-10-19 04:05:00,0.0,gas_ocgt,MW,nem,NSW1
2017-10-19 04:10:00,0.0,gas_ocgt,MW,nem,NSW1
2017-10-19 04:15:00,0.0,gas_ocgt,MW,nem,NSW1
2017-10-19 04:20:00,0.0,gas_ocgt,MW,nem,NSW1
2017-10-19 04:25:00,0.0,gas_ocgt,MW,nem,NSW1
2017-10-19 04:30:00,0.0,gas_ocgt,MW,nem,NSW1
2017-10-19 04:35:00,0.0,gas_ocgt,MW,nem,NSW1
2017-10-19 04:40:00,0.0,gas_ocgt,MW,nem,NSW1
2017-10-19 04:45:00,0.0,gas_ocgt,MW,nem,NSW1
2017-10-19 04:50:00,0.0,gas_ocgt,MW,nem,NSW1
2017-10-19 04:55:00,0.0,gas_ocgt,MW,nem,NSW1
2017-10-19 05:00:00,0.0,gas_ocgt,MW,nem,NSW1
2017-10-19 05:05:00,0.0,gas_ocgt,MW,nem,NSW1
2017-10-19 05:10:00,0.0,gas_ocgt,MW,nem,NSW1
2017-10-19 05:15:00,0.0,gas_ocgt,MW,nem,NSW1
2017-10-19 05:20:00,0.0,gas_ocgt,MW,nem,NSW1
2017-10-19 05:25:00,0.0,gas_ocgt,MW,nem,NSW1
2017-10-19 05:30:00,0.0,gas_ocgt,MW,nem,NSW1
2017-10-19 05:35:00,0.0,gas_ocgt,MW,nem,NSW1
2017-10-19 05:40:00,0.0,gas_ocgt,MW,nem,NSW1
2017-10-19 05:45:00,0.0,gas_ocgt,MW,nem,NSW1
2017-10-19 05:50:00,0.0,gas_ocgt,MW,nem,NSW1
2017-10-19 05:55:00,0.0,gas_ocgt,MW,nem,NSW1
2017-10-19 06:00:00,0.0,gas_ocgt,MW,nem,NSW1
2017-10-19 06:05:00,0.0,gas_ocgt,MW,nem,NSW1
2017-10-19 06:10:00,0.0,gas_ocgt,MW,nem,NSW1
2017-10-19 06:15:00,0.0,gas_ocgt,MW,nem,NSW1
2017-10-19 06:20:00,0.0,gas_ocgt,MW,nem,NSW1
2017-10-19 06:25:00,0.0,gas_ocgt,MW,nem,NSW1
2017-10-19 06:30:00,0.0,gas_ocgt,MW,nem,NSW1
2017-10-19 06:35:00,0.0,gas_ocgt,MW,nem,NSW1
2017-10-19 06:40:00,0.0,gas_ocgt,MW,nem,NSW1
2017-10-19 06:45:00,0.0,gas_ocgt,MW,nem,NSW1
2017-10-19 06:50:00,0.0,gas_ocgt,MW,nem,NSW1
2017-10-19 06:55:00,0.0,gas_ocgt,MW,nem,NSW1
2017-10-19 07:00:00,0.0,gas_ocgt,MW,nem,NSW1
2017-10-19 07:05:00,0.0,gas_ocgt,MW,nem,NSW1
2017-10-19 07:10:00,0.0,gas_ocgt,MW,nem,NSW1
2017-10-19 07:15:00,0.0,gas_ocgt,MW,nem,NSW1
2017-10-19 07:20:00,0.0,gas_ocgt,MW,nem,NSW1
2017-10-19 07:25:00,0.0,gas_ocgt,MW,nem,NSW1
2017-10-19 07:30:00,0.0,gas_ocgt,MW,nem,NSW1
2017-10-19 07:35:00,0.0,gas_ocgt,MW,nem,NSW1
2017-10-19 07:40:00,0.0,gas_ocgt,MW,nem,NSW1
2017-10-19 07:45:00,0.0,gas_ocgt,MW,nem,NSW1
2017-10-19 07:50:00,0.0,gas_ocgt,MW,nem,NSW1
2017-10-19 07:55:00,0.0,gas_ocgt,MW,nem,NSW1
2017-10-19 08:00:00,0.0,gas_ocgt,MW,nem,NSW1
2017-10-19 08:05:00,0.0,gas_ocgt,MW,nem,NSW1
2017-10-19 08:10:00,0.0,gas_ocgt,MW,nem,NSW1
2017-10-19 08:15:00,0.0,gas_ocgt,MW,nem,NSW1
2017-10-19 08:20:00,0.0,gas_ocgt,MW,nem,NSW1
2017-10-19 08:25:00,0.0,gas_ocgt,MW,nem,NSW1
2017-10-19 08:30:00,0.0,gas_ocgt,MW,nem,NSW1
2017-10-19 08:35:00,0.0,gas_ocgt,MW,nem,NSW1
2017-10-19 08:40:00,0.0,gas_ocgt,MW,nem,NSW1
2017-10-19 08:45:00,0.0,gas_ocgt,MW,nem,NSW1
2017-10-19 08:50:00,0.0,gas_ocgt,MW,nem,NSW1
2017-10-19 08:55:00,0.0,gas_ocgt,MW,nem,NSW1
2017-10-19 09:00:00,0.0,gas_ocgt,MW,nem,NSW1
2017-10-19 09:05:00,0.0,gas_ocgt,MW,nem,NSW1
2017-10-19 09:10:00,0.0,gas_ocgt,MW,nem,NSW1
2017-10-19 09:15:00,0.0,gas_ocgt,MW,nem,NSW1
2017-10-19 09:20:00,0.0,gas_ocgt,MW,nem,NSW1
2017-10-19 09:25:00,0.0,gas_ocgt,MW,nem,NSW1
2017-10-19 09:30:00,0.0,gas_ocgt,MW,nem,NSW1
2017-10-19 09:35:00,0.0,gas_ocgt,MW,nem,NSW1
2017-10-19 09:40:00,0.0,gas_ocgt,MW,nem,NSW1
2017-10-19 09:45:00,0.0,gas_ocgt,MW,nem,NSW1
2017-10-19 09:50:00,0.0,gas_ocgt,MW,nem,NSW1
2017-10-19 09:55:00,0.0,gas_ocgt,MW,nem,NSW1
2017-10-19 10:00:00,0.0,gas_ocgt,MW,nem,NSW1
2017-10-19 10:05:00,0.0,gas_ocgt,MW,nem,NSW1
2017-10-19 10:10:00,0.0,gas_ocgt,MW,nem,NSW1
2017-10-19 10:15:00,0.0,gas_ocgt,MW,nem,NSW1
2017-10-19 10:20:00,0.0,gas_ocgt,MW,nem,NSW1
2017-10-19 10:25:00,0.0,gas_ocgt,MW,nem,NSW1
2017-10-19 10:30:00,0.0,gas_ocgt,MW,nem,NSW1
2017-10-19 10:35:00,0.0,gas_ocgt,MW,nem,NSW1
2017-10-19 10:40:00,0.0,gas_ocgt,MW,nem,NSW1
2017-10-19 10:45:00,0.0,gas_ocgt,MW,nem,NSW1
2017-10-19 10:50:00,0.0,gas_ocgt,MW,nem,NSW1
2017-10-19 10:55:00,0.0,gas_ocgt,MW,nem,NSW1
2017-10-19 11:00:00,0.0,gas_ocgt,MW,nem,NSW1
2017-10-19 11:05:00,0.0,gas_ocgt,MW,nem,NSW1
2017-10-19 11:10:00,0.0,gas_ocgt,MW,nem,NSW1
2017-10-19 11:15:00,0.0,gas_ocgt,MW,nem,NSW1
2017-10-19 11:20:00,0.0,gas_ocgt,MW,nem,NSW1
2017-10-19 11:25:00,0.0,gas_ocgt,MW,nem,NSW1
2017-10-19 11:30:00,0.0,gas_ocgt,MW,nem,NSW1
2017-10-19 11:35:00,0.0,gas_ocgt,MW,nem,NSW1
2017-10-19 11:40:00,0.0,gas_ocgt,MW,nem,NSW1
2017-10-19 11:45:00,0.0,gas_ocgt,MW,nem,NSW1
2017-10-19 11:50:00,0.0,gas_ocgt,MW,nem,NSW1
2017-10-19 11:55:00,0.0,gas_ocgt,MW,nem,NSW1
2017-10-19 12:00:00,0.0,gas_ocgt,MW,nem,NSW1
2017-10-19 12:05:00,0.0,gas_ocgt,MW,nem,NSW1
2017-10-19 12:10:00,0.0,gas_ocgt,MW,nem,NSW1
2017-10-19 12:15:00,0.0,gas_ocgt,MW,nem,NSW1
2017-10-19 12:20:00,0.0,gas_ocgt,MW,nem,NSW1
2017-10-19 12:25:00,0.0,gas_ocgt,MW,nem,NSW1
2017-10-19 12:30:00,0.0,gas_ocgt,MW,nem,NSW1
2017-10-19 12:35:00,0.0,gas_ocgt,MW,nem,NSW1
2017-10-19 12:40:00,0.0,gas_ocgt,MW,nem,NSW1
2017-10-19 12:45:00,0.0,gas_ocgt,MW,nem,NSW1
2017-10-19 12:50:00,0.0,gas_ocgt,MW,nem,NSW1
2017-10-19 12:55:00,0.0,gas_ocgt,MW,nem,NSW1
2017-10-19 13:00:00,0.0,gas_ocgt,MW,nem,NSW1
2017-10-19 13:05:00,0.0,gas_ocgt,MW,nem,NSW1
2017-10-19 13:10:00,0.0,gas_ocgt,MW,nem,NSW1
2017-10-19 13:15:00,0.0,gas_ocgt,MW,nem,NSW1
2017-10-19 13:20:00,0.0,gas_ocgt,MW,nem,NSW1
2017-10-19 13:25:00,0.0,gas_ocgt,MW,nem,NSW1
2017-10-19 13:30:00,0.0,gas_ocgt,MW,nem,NSW1
2017-10-19 13:35:00,0.0,gas_ocgt,MW,nem,NSW1
2017-10-19 13:40:00,0.0,gas_ocgt,MW,nem,NSW1
2017-10-19 13:45:00,0.0,gas_ocgt,MW,nem,NSW1
2017-10-19 13:50:00,0.0,gas_ocgt,MW,nem,NSW1
2017-10-19 13:55:00,0.0,gas_ocgt,MW,nem,NSW1
2017-10-19 14:00:00,0.0,gas_ocgt,MW,nem,NSW1
2017-10-19 14:05:00,0.0,gas_ocgt,MW,nem,NSW1
2017-10-19 14:10:00,0.0,gas_ocgt,MW,nem,NSW1
2017-10-19 14:15:00,0.0,gas_ocgt,MW,nem,NSW1
2017-10-19 14:20:00,0.0,gas_ocgt,MW,nem,NSW1
2017-10-19 14:25:00,0.0,gas_ocgt,MW,nem,NSW1
2017-10-19 14:30:00,0.0,gas_ocgt,MW,nem,NSW1
2017-10-19 14:35:00,0.0,gas_ocgt,MW,nem,NSW1
2017-10-19 14:40:00,0.0,gas_ocgt,MW,nem,NSW1
2017-10-19 14:45:00,0.0,gas_ocgt,MW,nem,NSW1
2017-10-19 14:50:00,0.0,gas_ocgt,MW,nem,NSW1
2017-10-19 14:55:00,0.0,gas_ocgt,MW,nem,NSW1
2017-10-19 15:00:00,0.0,gas_ocgt,MW,nem,NSW1
2017-10-19 15:05:00,0.0,gas_ocgt,MW,nem,NSW1
2017-10-19 15:10:00,0.0,gas_ocgt,MW,nem,NSW1
2017-10-19 15:15:00,0.0,gas_ocgt,MW,nem,NSW1
2017-10-19 15:20:00,0.0,gas_ocgt,MW,nem,NSW1
2017-10-19 15:25:00,0.0,gas_ocgt,MW,nem,NSW1
2017-10-19 15:30:00,0.0,gas_ocgt,MW,nem,NSW1
2017-10-19 15:35:00,0.0,gas_ocgt,MW,nem,NSW1
2017-10-19 15:40:00,0.0,gas_ocgt,MW,nem,NSW1
2017-10-19 15:45:00,0.0,gas_ocgt,MW,nem,NSW1
2017-10-19 15:50:00,0.0,gas_ocgt,MW,nem,NSW1
2017-10-19 15:55:00,0.0,gas_ocgt,MW,nem,NSW1
2017-10-19 16:00:00,0.0,gas_ocgt,MW,nem,NSW1
2017-10-19 16:05:00,0.0,gas_ocgt,MW,nem,NSW1
2017-10-19 16:10:00,0.0,gas_ocgt,MW,nem,NSW1
2017-10-19 16:15:00,0.0,gas_ocgt,MW,nem,NSW1
2017-10-19 16:20:00,0.0,gas_ocgt,MW,nem,NSW1
2017-10-19 16:25:00,0.0,gas_ocgt,MW,nem,NSW1
2017-10-19 16:30:00,0.0,gas_ocgt,MW,nem,NSW1
2017-10-19 16:35:00,0.0,gas_ocgt,MW,nem,NSW1
2017-10-19 16:40:00,0.0,gas_ocgt,MW,nem,NSW1
2017-10-19 16:45:00,0.0,gas_ocgt,MW,nem,NSW1
2017-10-19 16:50:00,0.0,gas_ocgt,MW,nem,NSW1
2017-10-19 16:55:00,0.0,gas_ocgt,MW,nem,NSW1
2017-10-19 17:00:00,0.0,gas_ocgt,MW,nem,NSW1
2017-10-19 17:05:00,0.0,gas_ocgt,MW,nem,NSW1
2017-10-19 17:10:00,0.0,gas_ocgt,MW,nem,NSW1
2017-10-19 17:15:00,0.0,gas_ocgt,MW,nem,NSW1
2017-10-19 17:20:00,0.0,gas_ocgt,MW,nem,NSW1
2017-10-19 17:25:00,0.0,gas_ocgt,MW,nem,NSW1
2017-10-19 17:30:00,0.0,gas_ocgt,MW,nem,NSW1
2017-10-19 17:35:00,0.0,gas_ocgt,MW,nem,NSW1
2017-10-19 17:40:00,0.0,gas_ocgt,MW,nem,NSW1
2017-10-19 17:45:00,0.0,gas_ocgt,MW,nem,NSW1
2017-10-19 17:50:00,0.0,gas_ocgt,MW,nem,NSW1
2017-10-19 17:55:00,0.0,gas_ocgt,MW,nem,NSW1
2017-10-19 18:00:00,0.0,gas_ocgt,MW,nem,NSW1
2017-10-19 18:05:00,0.0,gas_ocgt,MW,nem,NSW1
2017-10-19 18:10:00,0.0,gas_ocgt,MW,nem,NSW1
2017-10-19 18:15:00,0.0,gas_ocgt,MW,nem,NSW1
2017-10-19 18:20:00,0.0,gas_ocgt,MW,nem,NSW1
2017-10-19 18:25:00,0.0,gas_ocgt,MW,nem,NSW1
2017-10-19 18:30:00,0.0,gas_ocgt,MW,nem,NSW1
2017-10-19 18:35:00,0.0,gas_ocgt,MW,nem,NSW1
2017-10-19 18:40:00,0.0,gas_ocgt,MW,nem,NSW1
2017-10-19 18:45:00,0.0,gas_ocgt,MW,nem,NSW1
2017-10-19 18:50:00,0.0,gas_ocgt,MW,nem,NSW1
2017-10-19 18:55:00,0.0,gas_ocgt,MW,nem,NSW1
2017-10-19 19:00:00,0.0,gas_ocgt,MW,nem,NSW1
2017-10-19 19:05:00,0.0,gas_ocgt,MW,nem,NSW1
2017-10-19 19:10:00,0.0,gas_ocgt,MW,nem,NSW1
2017-10-19 19:15:00,0.0,gas_ocgt,MW,nem,NSW1
2017-10-19 19:20:00,0.0,gas_ocgt,MW,nem,NSW1
2017-10-19 19:25:00,0.0,gas_ocgt,MW,nem,NSW1
2017-10-19 19:30:00,0.0,gas_ocgt,MW,nem,NSW1
2017-10-19 19:35:00,0.0,gas_ocgt,MW,nem,NSW1
2017-10-19 19:40:00,0.0,gas_ocgt,MW,nem,NSW1
2017-10-19 19:45:00,0.0,gas_ocgt,MW,nem,NSW1
2017-10-19 19:50:00,0.0,gas_ocgt,MW,nem,NSW1
2017-10-19 19:55:00,0.0,gas_ocgt,MW,nem,NSW1
2017-10-19 20:00:00,0.0,gas_ocgt,MW,nem,NSW1
2017-10-19 20:05:00,0.0,gas_ocgt,MW,nem,NSW1
2017-10-19 20:10:00,0.0,gas_ocgt,MW,nem,NSW1
2017-10-19 20:15:00,0.0,gas_ocgt,MW,nem,NSW1
2017-10-19 20:20:00,0.0,gas_ocgt,MW,nem,NSW1
2017-10-19 20:25:00,0.0,gas_ocgt,MW,nem,NSW1
2017-10-19 20:30:00,0.0,gas_ocgt,MW,nem,NSW1
2017-10-19 20:35:00,0.0,gas_ocgt,MW,nem,NSW1
2017-10-19 20:40:00,0.0,gas_ocgt,MW,nem,NSW1
2017-10-19 20:45:00,0.0,gas_ocgt,MW,nem,NSW1
2017-10-19 20:50:00,0.0,gas_ocgt,MW,nem,NSW1
2017-10-19 20:55:00,0.0,gas_ocgt,MW,nem,NSW1
2017-10-19 21:00:00,0.0,gas_ocgt,MW,nem,NSW1
2017-10-19 21:05:00,0.0,gas_ocgt,MW,nem,NSW1
2017-10-19 21:10:00,0.0,gas_ocgt,MW,nem,NSW1
2017-10-19 21:15:00,0.0,gas_ocgt,MW,nem,NSW1
2017-10-19 21:20:00,0.0,gas_ocgt,MW,nem,NSW1
2017-10-19 21:25:00,0.0,gas_ocgt,MW,nem,NSW1
2017-10-19 21:30:00,0.0,gas_ocgt,MW,nem,NSW1
2017-10-19 21:35:00,0.0,gas_ocgt,MW,nem,NSW1
2017-10-19 21:40:00,0.0,gas_ocgt,MW,nem,NSW1
2017-10-19 21:45:00,0.0,gas_ocgt,MW,nem,NSW1
2017-10-19 21:50:00,0.0,gas_ocgt,MW,nem,NSW1
2017-10-19 21:55:00,0.0,gas_ocgt,MW,nem,NSW1
2017-10-19 22:00:00,0.0,gas_ocgt,MW,nem,NSW1
2017-10-19 22:05:00,0.0,gas_ocgt,MW,nem,NSW1
2017-10-19 22:10:00,0.0,gas_ocgt,MW,nem,NSW1
2017-10-19 22:15:00,0.0,gas_ocgt,MW,nem,NSW1
2017-10-19 22:20:00,0.0,gas_ocgt,MW,nem,NSW1
2017-10-19 22:25:00,0.0,gas_ocgt,MW,nem,NSW1
2017-10-19 22:30:00,0.0,gas_ocgt,MW,nem,NSW1
2017-10-19 22:35:00,0.0,gas_ocgt,MW,nem,NSW1
2017-10-19 22:40:00,0.0,gas_ocgt,MW,nem,NSW1
2017-10-19 22:45:00,0.0,gas_ocgt,MW,nem,NSW1
2017-10-19 22:50:00,0.0,gas_ocgt,MW,nem,NSW1
2017-10-19 22:55:00,0.0,gas_ocgt,MW,nem,NSW1
2017-10-19 23:00:00,0.0,gas_ocgt,MW,nem,NSW1
2017-10-19 23:05:00,0.0,gas_ocgt,MW,nem,NSW1
2017-10-19 23:10:00,0.0,gas_ocgt,MW,nem,NSW1
2017-10-19 23:15:00,0.0,gas_ocgt,MW,nem,NSW1
2017-10-19 23:20:00,0.0,gas_ocgt,MW,nem,NSW1
2017-10-19 23:25:00,0.0,gas_ocgt,MW,nem,NSW1
2017-10-19 23:30:00,0.0,gas_ocgt,MW,nem,NSW1
2017-10-19 23:35:00,0.0,gas_ocgt,MW,nem,NSW1
2017-10-19 23:40:00,0.0,gas_ocgt,MW,nem,NSW1
2017-10-19 23:45:00,0.0,gas_ocgt,MW,nem,NSW1
2017-10-19 23:50:00,0.0,gas_ocgt,MW,nem,NSW1
2017-10-19 23:55:00,0.0,gas_ocgt,MW,nem,NSW1
2017-10-20 00:00:00,0.0,gas_ocgt,MW,nem,NSW1
2017-10-20 00:05:00,0.0,gas_ocgt,MW,nem,NSW1
2017-10-20 00:10:00,0.0,gas_ocgt,MW,nem,NSW1
2017-10-20 00:15:00,0.0,gas_ocgt,MW,nem,NSW1
2017-10-20 00:20:00,0.0,gas_ocgt,MW,nem,NSW1
2017-10-20 00:25:00,0.0,gas_ocgt,MW,nem,NSW1
2017-10-20 00:30:00,0.0,gas_ocgt,MW,nem,NSW1
2017-10-20 00:35:00,0.0,gas_ocgt,MW,nem,NSW1
2017-10-20 00:40:00,0.0,gas_ocgt,MW,nem,NSW1
2017-10-20 00:45:00,0.0,gas_ocgt,MW,nem,NSW1
2017-10-20 00:50:00,0.0,gas_ocgt,MW,nem,NSW1
2017-10-20 00:55:00,0.0,gas_ocgt,MW,nem,NSW1
2017-10-20 01:00:00,0.0,gas_ocgt,MW,nem,NSW1
2017-10-20 01:05:00,0.0,gas_ocgt,MW,nem,NSW1
2017-10-20 01:10:00,0.0,gas_ocgt,MW,nem,NSW1
2017-10-20 01:15:00,0.0,gas_ocgt,MW,nem,NSW1
2017-10-20 01:20:00,0.0,gas_ocgt,MW,nem,NSW1
2017-10-20 01:25:00,0.0,gas_ocgt,MW,nem,NSW1
2017-10-20 01:30:00,0.0,gas_ocgt,MW,nem,NSW1
2017-10-20 01:35:00,0.0,gas_ocgt,MW,nem,NSW1
2017-10-20 01:40:00,0.0,gas_ocgt,MW,nem,NSW1
2017-10-20 01:45:00,0.0,gas_ocgt,MW,nem,NSW1
2017-10-20 01:50:00,0.0,gas_ocgt,MW,nem,NSW1
2017-10-20 01:55:00,0.0,gas_ocgt,MW,nem,NSW1
2017-10-20 02:00:00,0.0,gas_ocgt,MW,nem,NSW1
2017-10-20 02:05:00,0.0,gas_ocgt,MW,nem,NSW1
2017-10-20 02:10:00,0.0,gas_ocgt,MW,nem,NSW1
2017-10-20 02:15:00,0.0,gas_ocgt,MW,nem,NSW1
2017-10-20 02:20:00,0.0,gas_ocgt,MW,nem,NSW1
2017-10-20 02:25:00,0.0,gas_ocgt,MW,nem,NSW1
2017-10-20 02:30:00,0.0,gas_ocgt,MW,nem,NSW1
2017-10-20 02:35:00,0.0,gas_ocgt,MW,nem,NSW1
2017-10-20 02:40:00,0.0,gas_ocgt,MW,nem,NSW1
2017-10-20 02:45:00,0.0,gas_ocgt,MW,nem,NSW1
2017-10-20 02:50:00,0.0,gas_ocgt,MW,nem,NSW1
2017-10-20 02:55:00,0.0,gas_ocgt,MW,nem,NSW1
2017-10-20 03:00:00,0.0,gas_ocgt,MW,nem,NSW1
2017-10-20 03:05:00,0.0,gas_ocgt,MW,nem,NSW1
2017-10-20 03:10:00,0.0,gas_ocgt,MW,nem,NSW1
2017-10-20 03:15:00,0.0,gas_ocgt,MW,nem,NSW1
2017-10-20 03:20:00,0.0,gas_ocgt,MW,nem,NSW1
2017-10-20 03:25:00,0.0,gas_ocgt,MW,nem,NSW1
2017-10-20 03:30:00,0.0,gas_ocgt,MW,nem,NSW1
2017-10-20 03:35:00,0.0,gas_ocgt,MW,nem,NSW1
2017-10-20 03:40:00,0.0,gas_ocgt,MW,nem,NSW1
2017-10-20 03:45:00,0.0,gas_ocgt,MW,nem,NSW1
2017-10-20 03:50:00,0.0,gas_ocgt,MW,nem,NSW1
2017-10-20 03:55:00,0.0,gas_ocgt,MW,nem,NSW1
2017-10-20 04:00:00,0.0,gas_ocgt,MW,nem,NSW1
2017-10-20 04:05:00,0.0,gas_ocgt,MW,nem,NSW1
2017-10-20 04:10:00,0.0,gas_ocgt,MW,nem,NSW1
2017-10-20 04:15:00,0.0,gas_ocgt,MW,nem,NSW1
2017-10-20 04:20:00,0.0,gas_ocgt,MW,nem,NSW1
2017-10-20 04:25:00,0.0,gas_ocgt,MW,nem,NSW1
2017-10-20 04:30:00,0.0,gas_ocgt,MW,nem,NSW1
2017-10-20 04:35:00,0.0,gas_ocgt,MW,nem,NSW1
2017-10-20 04:40:00,0.0,gas_ocgt,MW,nem,NSW1
2017-10-20 04:45:00,0.0,gas_ocgt,MW,nem,NSW1
2017-10-20 04:50:00,0.0,gas_ocgt,MW,nem,NSW1
2017-10-20 04:55:00,0.0,gas_ocgt,MW,nem,NSW1
2017-10-20 05:00:00,0.0,gas_ocgt,MW,nem,NSW1
2017-10-20 05:05:00,0.0,gas_ocgt,MW,nem,NSW1
2017-10-20 05:10:00,0.0,gas_ocgt,MW,nem,NSW1
2017-10-20 05:15:00,0.0,gas_ocgt,MW,nem,NSW1
2017-10-20 05:20:00,0.0,gas_ocgt,MW,nem,NSW1
2017-10-20 05:25:00,0.0,gas_ocgt,MW,nem,NSW1
2017-10-20 05:30:00,0.0,gas_ocgt,MW,nem,NSW1
2017-10-20 05:35:00,0.0,gas_ocgt,MW,nem,NSW1
2017-10-20 05:40:00,0.0,gas_ocgt,MW,nem,NSW1
2017-10-20 05:45:00,0.0,gas_ocgt,MW,nem,NSW1
2017-10-20 05:50:00,0.0,gas_ocgt,MW,nem,NSW1
2017-10-20 05:55:00,0.0,gas_ocgt,MW,nem,NSW1
2017-10-20 06:00:00,0.0,gas_ocgt,MW,nem,NSW1
2017-10-20 06:05:00,0.0,gas_ocgt,MW,nem,NSW1
2017-10-20 06:10:00,0.0,gas_ocgt,MW,nem,NSW1
2017-10-20 06:15:00,0.0,gas_ocgt,MW,nem,NSW1
2017-10-20 06:20:00,0.0,gas_ocgt,MW,nem,NSW1
2017-10-20 06:25:00,0.0,gas_ocgt,MW,nem,NSW1
2017-10-20 06:30:00,0.0,gas_ocgt,MW,nem,NSW1
2017-10-20 06:35:00,0.0,gas_ocgt,MW,nem,NSW1
2017-10-20 06:40:00,0.0,gas_ocgt,MW,nem,NSW1
2017-10-20 06:45:00,0.0,gas_ocgt,MW,nem,NSW1
2017-10-20 06:50:00,0.0,gas_ocgt,MW,nem,NSW1
2017-10-20 06:55:00,0.0,gas_ocgt,MW,nem,NSW1
2017-10-20 07:00:00,0.0,gas_ocgt,MW,nem,NSW1
2017-10-20 07:05:00,0.0,gas_ocgt,MW,nem,NSW1
2017-10-20 07:10:00,0.0,gas_ocgt,MW,nem,NSW1
2017-10-20 07:15:00,0.0,gas_ocgt,MW,nem,NSW1
2017-10-20 07:20:00,0.0,gas_ocgt,MW,nem,NSW1
2017-10-20 07:25:00,0.0,gas_ocgt,MW,nem,NSW1
2017-10-20 07:30:00,0.0,gas_ocgt,MW,nem,NSW1
2017-10-20 07:35:00,0.0,gas_ocgt,MW,nem,NSW1
2017-10-20 07:40:00,0.0,gas_ocgt,MW,nem,NSW1
2017-10-20 07:45:00,0.0,gas_ocgt,MW,nem,NSW1
2017-10-20 07:50:00,0.0,gas_ocgt,MW,nem,NSW1
2017-10-20 07:55:00,0.0,gas_ocgt,MW,nem,NSW1
2017-10-20 08:00:00,0.0,gas_ocgt,MW,nem,NSW1
2017-10-20 08:05:00,0.0,gas_ocgt,MW,nem,NSW1
2017-10-20 08:10:00,0.0,gas_ocgt,MW,nem,NSW1
2017-10-20 08:15:00,0.0,gas_ocgt,MW,nem,NSW1
2017-10-20 08:20:00,0.0,gas_ocgt,MW,nem,NSW1
2017-10-20 08:25:00,0.0,gas_ocgt,MW,nem,NSW1
2017-10-20 08:30:00,0.0,gas_ocgt,MW,nem,NSW1
2017-10-20 08:35:00,0.0,gas_ocgt,MW,nem,NSW1
2017-10-20 08:40:00,0.0,gas_ocgt,MW,nem,NSW1
2017-10-20 08:45:00,0.0,gas_ocgt,MW,nem,NSW1
2017-10-20 08:50:00,0.0,gas_ocgt,MW,nem,NSW1
2017-10-20 08:55:00,0.0,gas_ocgt,MW,nem,NSW1
2017-10-20 09:00:00,0.0,gas_ocgt,MW,nem,NSW1
2017-10-20 09:05:00,0.0,gas_ocgt,MW,nem,NSW1
2017-10-20 09:10:00,0.0,gas_ocgt,MW,nem,NSW1
2017-10-20 09:15:00,0.0,gas_ocgt,MW,nem,NSW1
2017-10-20 09:20:00,0.0,gas_ocgt,MW,nem,NSW1
2017-10-20 09:25:00,0.0,gas_ocgt,MW,nem,NSW1
2017-10-20 09:30:00,0.0,gas_ocgt,MW,nem,NSW1
2017-10-20 09:35:00,0.0,gas_ocgt,MW,nem,NSW1
2017-10-20 09:40:00,0.0,gas_ocgt,MW,nem,NSW1
2017-10-20 09:45:00,0.0,gas_ocgt,MW,nem,NSW1
2017-10-20 09:50:00,0.0,gas_ocgt,MW,nem,NSW1
2017-10-20 09:55:00,0.0,gas_ocgt,MW,nem,NSW1
2017-10-20 10:00:00,0.0,gas_ocgt,MW,nem,NSW1
2017-10-20 10:05:00,0.0,gas_ocgt,MW,nem,NSW1
2017-10-20 10:10:00,0.0,gas_ocgt,MW,nem,NSW1
2017-10-20 10:15:00,0.0,gas_ocgt,MW,nem,NSW1
2017-10-20 10:20:00,0.0,gas_ocgt,MW,nem,NSW1
2017-10-20 10:25:00,0.0,gas_ocgt,MW,nem,NSW1
2017-10-20 10:30:00,0.0,gas_ocgt,MW,nem,NSW1
2017-10-20 10:35:00,0.0,gas_ocgt,MW,nem,NSW1
2017-10-20 10:40:00,0.0,gas_ocgt,MW,nem,NSW1
2017-10-20 10:45:00,0.0,gas_ocgt,MW,nem,NSW1
2017-10-20 10:50:00,0.0,gas_ocgt,MW,nem,NSW1
2017-10-20 10:55:00,0.0,gas_ocgt,MW,nem,NSW1
2017-10-20 11:00:00,0.0,gas_ocgt,MW,nem,NSW1
2017-10-20 11:05:00,0.0,gas_ocgt,MW,nem,NSW1
2017-10-20 11:10:00,0.0,gas_ocgt,MW,nem,NSW1
2017-10-20 11:15:00,0.0,gas_ocgt,MW,nem,NSW1
2017-10-20 11:20:00,0.0,gas_ocgt,MW,nem,NSW1
2017-10-20 11:25:00,0.0,gas_ocgt,MW,nem,NSW1
2017-10-20 11:30:00,0.0,gas_ocgt,MW,nem,NSW1
2017-10-20 11:35:00,0.0,gas_ocgt,MW,nem,NSW1
2017-10-20 11:40:00,0.0,gas_ocgt,MW,nem,NSW1
2017-10-20 11:45:00,0.0,gas_ocgt,MW,nem,NSW1
2017-10-20 11:50:00,0.0,gas_ocgt,MW,nem,NSW1
2017-10-20 11:55:00,0.0,gas_ocgt,MW,nem,NSW1
2017-10-20 12:00:00,0.0,gas_ocgt,MW,nem,NSW1
2017-10-20 12:05:00,0.0,gas_ocgt,MW,nem,NSW1
2017-10-20 12:10:00,0.0,gas_ocgt,MW,nem,NSW1
2017-10-20 12:15:00,0.0,gas_ocgt,MW,nem,NSW1
2017-10-20 12:20:00,0.0,gas_ocgt,MW,nem,NSW1
2017-10-20 12:25:00,0.0,gas_ocgt,MW,nem,NSW1
2017-10-20 12:30:00,0.0,gas_ocgt,MW,nem,NSW1
2017-10-20 12:35:00,0.0,gas_ocgt,MW,nem,NSW1
2017-10-20 12:40:00,0.0,gas_ocgt,MW,nem,NSW1
2017-10-20 12:45:00,0.0,gas_ocgt,MW,nem,NSW1
2017-10-20 12:50:00,0.0,gas_ocgt,MW,nem,NSW1
2017-10-20 12:55:00,0.0,gas_ocgt,MW,nem,NSW1
2017-10-20 13:00:00,0.0,gas_ocgt,MW,nem,NSW1
2017-10-20 13:05:00,0.0,gas_ocgt,MW,nem,NSW1
2017-10-20 13:10:00,0.0,gas_ocgt,MW,nem,NSW1
2017-10-20 13:15:00,0.0,gas_ocgt,MW,nem,NSW1
2017-10-20 13:20:00,0.0,gas_ocgt,MW,nem,NSW1
2017-10-20 13:25:00,0.0,gas_ocgt,MW,nem,NSW1
2017-10-20 13:30:00,0.0,gas_ocgt,MW,nem,NSW1
2017-10-20 13:35:00,0.0,gas_ocgt,MW,nem,NSW1
2017-10-20 13:40:00,0.0,gas_ocgt,MW,nem,NSW1
2017-10-20 13:45:00,0.0,gas_ocgt,MW,nem,NSW1
2017-10-20 13:50:00,0.0,gas_ocgt,MW,nem,NSW1
2017-10-20 13:55:00,0.0,gas_ocgt,MW,nem,NSW1
2017-10-20 14:00:00,0.0,gas_ocgt,MW,nem,NSW1
2017-10-20 14:05:00,0.0,gas_ocgt,MW,nem,NSW1
2017-10-20 14:10:00,0.0,gas_ocgt,MW,nem,NSW1
2017-10-20 14:15:00,0.0,gas_ocgt,MW,nem,NSW1
2017-10-20 14:20:00,0.0,gas_ocgt,MW,nem,NSW1
2017-10-20 14:25:00,0.0,gas_ocgt,MW,nem,NSW1
2017-10-20 14:30:00,0.0,gas_ocgt,MW,nem,NSW1
2017-10-20 14:35:00,0.0,gas_ocgt,MW,nem,NSW1
2017-10-20 14:40:00,0.0,gas_ocgt,MW,nem,NSW1
2017-10-20 14:45:00,0.0,gas_ocgt,MW,nem,NSW1
2017-10-20 14:50:00,0.0,gas_ocgt,MW,nem,NSW1
2017-10-20 14:55:00,0.0,gas_ocgt,MW,nem,NSW1
2017-10-20 15:00:00,0.0,gas_ocgt,MW,nem,NSW1
2017-10-20 15:05:00,0.0,gas_ocgt,MW,nem,NSW1
2017-10-20 15:10:00,0.0,gas_ocgt,MW,nem,NSW1
2017-10-20 15:15:00,0.0,gas_ocgt,MW,nem,NSW1
2017-10-20 15:20:00,0.0,gas_ocgt,MW,nem,NSW1
2017-10-20 15:25:00,0.0,gas_ocgt,MW,nem,NSW1
2017-10-20 15:30:00,0.0,gas_ocgt,MW,nem,NSW1
2017-10-20 15:35:00,0.0,gas_ocgt,MW,nem,NSW1
2017-10-20 15:40:00,0.0,gas_ocgt,MW,nem,NSW1
2017-10-20 15:45:00,0.0,gas_ocgt,MW,nem,NSW1
2017-10-20 15:50:00,0.0,gas_ocgt,MW,nem,NSW1
2017-10-20 15:55:00,0.0,gas_ocgt,MW,nem,NSW1
2017-10-20 16:00:00,0.0,gas_ocgt,MW,nem,NSW1
2017-10-20 16:05:00,0.0,gas_ocgt,MW,nem,NSW1
2017-10-20 16:10:00,0.0,gas_ocgt,MW,nem,NSW1
2017-10-20 16:15:00,0.0,gas_ocgt,MW,nem,NSW1
2017-10-20 16:20:00,0.0,gas_ocgt,MW,nem,NSW1
2017-10-20 16:25:00,0.0,gas_ocgt,MW,nem,NSW1
2017-10-20 16:30:00,0.0,gas_ocgt,MW,nem,NSW1
2017-10-20 16:35:00,0.0,gas_ocgt,MW,nem,NSW1
2017-10-20 16:40:00,0.0,gas_ocgt,MW,nem,NSW1
2017-10-20 16:45:00,0.0,gas_ocgt,MW,nem,NSW1
2017-10-20 16:50:00,0.0,gas_ocgt,MW,nem,NSW1
2017-10-20 16:55:00,0.0,gas_ocgt,MW,nem,NSW1
2017-10-20 17:00:00,0.0,gas_ocgt,MW,nem,NSW1
2017-10-20 17:05:00,0.0,gas_ocgt,MW,nem,NSW1
2017-10-20 17:10:00,0.0,gas_ocgt,MW,nem,NSW1
2017-10-20 17:15:00,0.0,gas_ocgt,MW,nem,NSW1
2017-10-20 17:20:00,0.0,gas_ocgt,MW,nem,NSW1
2017-10-20 17:25:00,0.0,gas_ocgt,MW,nem,NSW1
2017-10-20 17:30:00,0.0,gas_ocgt,MW,nem,NSW1
2017-10-20 17:35:00,0.0,gas_ocgt,MW,nem,NSW1
2017-10-20 17:40:00,0.0,gas_ocgt,MW,nem,NSW1
2017-10-20 17:45:00,0.0,gas_ocgt,MW,nem,NSW1
2017-10-20 17:50:00,0.0,gas_ocgt,MW,nem,NSW1
2017-10-20 17:55:00,0.0,gas_ocgt,MW,nem,NSW1
2017-10-20 18:00:00,0.0,gas_ocgt,MW,nem,NSW1
2017-10-20 18:05:00,0.0,gas_ocgt,MW,nem,NSW1
2017-10-20 18:10:00,0.0,gas_ocgt,MW,nem,NSW1
2017-10-20 18:15:00,0.0,gas_ocgt,MW,nem,NSW1
2017-10-20 18:20:00,0.0,gas_ocgt,MW,nem,NSW1
2017-10-20 18:25:00,0.0,gas_ocgt,MW,nem,NSW1
2017-10-20 18:30:00,0.0,gas_ocgt,MW,nem,NSW1
2017-10-20 18:35:00,0.0,gas_ocgt,MW,nem,NSW1
2017-10-20 18:40:00,0.0,gas_ocgt,MW,nem,NSW1
2017-10-20 18:45:00,0.0,gas_ocgt,MW,nem,NSW1
2017-10-20 18:50:00,0.0,gas_ocgt,MW,nem,NSW1
2017-10-20 18:55:00,0.0,gas_ocgt,MW,nem,NSW1
2017-10-20 19:00:00,0.0,gas_ocgt,MW,nem,NSW1
2017-10-20 19:05:00,0.0,gas_ocgt,MW,nem,NSW1
2017-10-20 19:10:00,0.0,gas_ocgt,MW,nem,NSW1
2017-10-20 19:15:00,0.0,gas_ocgt,MW,nem,NSW1
2017-10-20 19:20:00,0.0,gas_ocgt,MW,nem,NSW1
2017-10-20 19:25:00,0.0,gas_ocgt,MW,nem,NSW1
2017-10-20 19:30:00,0.0,gas_ocgt,MW,nem,NSW1
2017-10-20 19:35:00,0.0,gas_ocgt,MW,nem,NSW1
2017-10-20 19:40:00,0.0,gas_ocgt,MW,nem,NSW1
2017-10-20 19:45:00,0.0,gas_ocgt,MW,nem,NSW1
2017-10-20 19:50:00,0.0,gas_ocgt,MW,nem,NSW1
2017-10-20 19:55:00,0.0,gas_ocgt,MW,nem,NSW1
2017-10-20 20:00:00,0.0,gas_ocgt,MW,nem,NSW1
2017-10-20 20:05:00,0.0,gas_ocgt,MW,nem,NSW1
2017-10-20 20:10:00,0.0,gas_ocgt,MW,nem,NSW1
2017-10-20 20:15:00,0.0,gas_ocgt,MW,nem,NSW1
2017-10-20 20:20:00,0.0,gas_ocgt,MW,nem,NSW1
2017-10-20 20:25:00,0.0,gas_ocgt,MW,nem,NSW1
2017-10-20 20:30:00,0.0,gas_ocgt,MW,nem,NSW1
2017-10-20 20:35:00,0.0,gas_ocgt,MW,nem,NSW1
2017-10-20 20:40:00,0.0,gas_ocgt,MW,nem,NSW1
2017-10-20 20:45:00,0.0,gas_ocgt,MW,nem,NSW1
2017-10-20 20:50:00,0.0,gas_ocgt,MW,nem,NSW1
2017-10-20 20:55:00,0.0,gas_ocgt,MW,nem,NSW1
2017-10-20 21:00:00,0.0,gas_ocgt,MW,nem,NSW1
2017-10-20 21:05:00,0.0,gas_ocgt,MW,nem,NSW1
2017-10-20 21:10:00,0.0,gas_ocgt,MW,nem,NSW1
2017-10-20 21:15:00,0.0,gas_ocgt,MW,nem,NSW1
2017-10-20 21:20:00,0.0,gas_ocgt,MW,nem,NSW1
2017-10-20 21:25:00,0.0,gas_ocgt,MW,nem,NSW1
2017-10-20 21:30:00,0.0,gas_ocgt,MW,nem,NSW1
2017-10-20 21:35:00,0.0,gas_ocgt,MW,nem,NSW1
2017-10-20 21:40:00,0.0,gas_ocgt,MW,nem,NSW1
2017-10-20 21:45:00,0.0,gas_ocgt,MW,nem,NSW1
2017-10-20 21:50:00,0.0,gas_ocgt,MW,nem,NSW1
2017-10-20 21:55:00,0.0,gas_ocgt,MW,nem,NSW1
2017-10-20 22:00:00,0.0,gas_ocgt,MW,nem,NSW1
2017-10-20 22:05:00,0.0,gas_ocgt,MW,nem,NSW1
2017-10-20 22:10:00,0.0,gas_ocgt,MW,nem,NSW1
2017-10-20 22:15:00,0.0,gas_ocgt,MW,nem,NSW1
2017-10-20 22:20:00,0.0,gas_ocgt,MW,nem,NSW1
2017-10-20 22:25:00,0.0,gas_ocgt,MW,nem,NSW1
2017-10-20 22:30:00,0.0,gas_ocgt,MW,nem,NSW1
2017-10-20 22:35:00,0.0,gas_ocgt,MW,nem,NSW1
2017-10-20 22:40:00,0.0,gas_ocgt,MW,nem,NSW1
2017-10-20 22:45:00,0.0,gas_ocgt,MW,nem,NSW1
2017-10-20 22:50:00,0.0,gas_ocgt,MW,nem,NSW1
2017-10-20 22:55:00,0.0,gas_ocgt,MW,nem,NSW1
2017-10-20 23:00:00,0.0,gas_ocgt,MW,nem,NSW1
2017-10-20 23:05:00,0.0,gas_ocgt,MW,nem,NSW1
2017-10-20 23:10:00,0.0,gas_ocgt,MW,nem,NSW1
2017-10-20 23:15:00,0.0,gas_ocgt,MW,nem,NSW1
2017-10-20 23:20:00,0.0,gas_ocgt,MW,nem,NSW1
2017-10-20 23:25:00,0.0,gas_ocgt,MW,nem,NSW1
2017-10-20 23:30:00,0.0,gas_ocgt,MW,nem,NSW1
2017-10-20 23:35:00,0.0,gas_ocgt,MW,nem,NSW1
2017-10-20 23:40:00,0.0,gas_ocgt,MW,nem,NSW1
2017-10-20 23:45:00,0.0,gas_ocgt,MW,nem,NSW1
2017-10-20 23:50:00,0.0,gas_ocgt,MW,nem,NSW1
2017-10-20 23:55:00,0.0,gas_ocgt,MW,nem,NSW1
2017-10-21 00:00:00,0.0,gas_ocgt,MW,nem,NSW1
2017-10-21 00:05:00,0.0,gas_ocgt,MW,nem,NSW1
2017-10-21 00:10:00,0.0,gas_ocgt,MW,nem,NSW1
2017-10-21 00:15:00,0.0,gas_ocgt,MW,nem,NSW1
2017-10-21 00:20:00,0.0,gas_ocgt,MW,nem,NSW1
2017-10-21 00:25:00,0.0,gas_ocgt,MW,nem,NSW1
2017-10-21 00:30:00,0.0,gas_ocgt,MW,nem,NSW1
2017-10-21 00:35:00,0.0,gas_ocgt,MW,nem,NSW1
2017-10-21 00:40:00,0.0,gas_ocgt,MW,nem,NSW1
2017-10-21 00:45:00,0.0,gas_ocgt,MW,nem,NSW1
2017-10-21 00:50:00,0.0,gas_ocgt,MW,nem,NSW1
2017-10-21 00:55:00,0.0,gas_ocgt,MW,nem,NSW1
2017-10-21 01:00:00,0.0,gas_ocgt,MW,nem,NSW1
2017-10-21 01:05:00,0.0,gas_ocgt,MW,nem,NSW1
2017-10-21 01:10:00,0.0,gas_ocgt,MW,nem,NSW1
2017-10-21 01:15:00,0.0,gas_ocgt,MW,nem,NSW1
2017-10-21 01:20:00,0.0,gas_ocgt,MW,nem,NSW1
2017-10-21 01:25:00,0.0,gas_ocgt,MW,nem,NSW1
2017-10-21 01:30:00,0.0,gas_ocgt,MW,nem,NSW1
2017-10-21 01:35:00,0.0,gas_ocgt,MW,nem,NSW1
2017-10-21 01:40:00,0.0,gas_ocgt,MW,nem,NSW1
2017-10-21 01:45:00,0.0,gas_ocgt,MW,nem,NSW1
2017-10-21 01:50:00,0.0,gas_ocgt,MW,nem,NSW1
2017-10-21 01:55:00,0.0,gas_ocgt,MW,nem,NSW1
2017-10-21 02:00:00,0.0,gas_ocgt,MW,nem,NSW1
2017-10-21 02:05:00,0.0,gas_ocgt,MW,nem,NSW1
2017-10-21 02:10:00,0.0,gas_ocgt,MW,nem,NSW1
2017-10-21 02:15:00,0.0,gas_ocgt,MW,nem,NSW1
2017-10-21 02:20:00,0.0,gas_ocgt,MW,nem,NSW1
2017-10-21 02:25:00,0.0,gas_ocgt,MW,nem,NSW1
2017-10-21 02:30:00,0.0,gas_ocgt,MW,nem,NSW1
2017-10-21 02:35:00,0.0,gas_ocgt,MW,nem,NSW1
2017-10-21 02:40:00,0.0,gas_ocgt,MW,nem,NSW1
2017-10-21 02:45:00,0.0,gas_ocgt,MW,nem,NSW1
2017-10-21 02:50:00,0.0,gas_ocgt,MW,nem,NSW1
2017-10-21 02:55:00,0.0,gas_ocgt,MW,nem,NSW1
2017-10-21 03:00:00,0.0,gas_ocgt,MW,nem,NSW1
2017-10-21 03:05:00,0.0,gas_ocgt,MW,nem,NSW1
2017-10-21 03:10:00,0.0,gas_ocgt,MW,nem,NSW1
2017-10-21 03:15:00,0.0,gas_ocgt,MW,nem,NSW1
2017-10-21 03:20:00,0.0,gas_ocgt,MW,nem,NSW1
2017-10-21 03:25:00,0.0,gas_ocgt,MW,nem,NSW1
2017-10-21 03:30:00,0.0,gas_ocgt,MW,nem,NSW1
2017-10-21 03:35:00,0.0,gas_ocgt,MW,nem,NSW1
2017-10-21 03:40:00,0.0,gas_ocgt,MW,nem,NSW1
2017-10-21 03:45:00,0.0,gas_ocgt,MW,nem,NSW1
2017-10-21 03:50:00,0.0,gas_ocgt,MW,nem,NSW1
2017-10-21 03:55:00,0.0,gas_ocgt,MW,nem,NSW1
2017-10-21 04:00:00,0.0,gas_ocgt,MW,nem,NSW1
2017-10-21 04:05:00,0.0,gas_ocgt,MW,nem,NSW1
2017-10-21 04:10:00,0.0,gas_ocgt,MW,nem,NSW1
2017-10-21 04:15:00,0.0,gas_ocgt,MW,nem,NSW1
2017-10-21 04:20:00,0.0,gas_ocgt,MW,nem,NSW1
2017-10-21 04:25:00,0.0,gas_ocgt,MW,nem,NSW1
2017-10-21 04:30:00,0.0,gas_ocgt,MW,nem,NSW1
2017-10-21 04:35:00,0.0,gas_ocgt,MW,nem,NSW1
2017-10-21 04:40:00,0.0,gas_ocgt,MW,nem,NSW1
2017-10-21 04:45:00,0.0,gas_ocgt,MW,nem,NSW1
2017-10-21 04:50:00,0.0,gas_ocgt,MW,nem,NSW1
2017-10-21 04:55:00,0.0,gas_ocgt,MW,nem,NSW1
2017-10-21 05:00:00,0.0,gas_ocgt,MW,nem,NSW1
2017-10-21 05:05:00,0.0,gas_ocgt,MW,nem,NSW1
2017-10-21 05:10:00,0.0,gas_ocgt,MW,nem,NSW1
2017-10-21 05:15:00,0.0,gas_ocgt,MW,nem,NSW1
2017-10-21 05:20:00,0.0,gas_ocgt,MW,nem,NSW1
2017-10-21 05:25:00,0.0,gas_ocgt,MW,nem,NSW1
2017-10-21 05:30:00,0.0,gas_ocgt,MW,nem,NSW1
2017-10-21 05:35:00,0.0,gas_ocgt,MW,nem,NSW1
2017-10-21 05:40:00,0.0,gas_ocgt,MW,nem,NSW1
2017-10-21 05:45:00,0.0,gas_ocgt,MW,nem,NSW1
2017-10-21 05:50:00,0.0,gas_ocgt,MW,nem,NSW1
2017-10-21 05:55:00,0.0,gas_ocgt,MW,nem,NSW1
2017-10-21 06:00:00,0.0,gas_ocgt,MW,nem,NSW1
2017-10-21 06:05:00,0.0,gas_ocgt,MW,nem,NSW1
2017-10-21 06:10:00,0.0,gas_ocgt,MW,nem,NSW1
2017-10-21 06:15:00,0.0,gas_ocgt,MW,nem,NSW1
2017-10-21 06:20:00,0.0,gas_ocgt,MW,nem,NSW1
2017-10-21 06:25:00,0.0,gas_ocgt,MW,nem,NSW1
2017-10-21 06:30:00,0.0,gas_ocgt,MW,nem,NSW1
2017-10-21 06:35:00,0.0,gas_ocgt,MW,nem,NSW1
2017-10-21 06:40:00,0.0,gas_ocgt,MW,nem,NSW1
2017-10-21 06:45:00,0.0,gas_ocgt,MW,nem,NSW1
2017-10-21 06:50:00,0.0,gas_ocgt,MW,nem,NSW1
2017-10-21 06:55:00,0.0,gas_ocgt,MW,nem,NSW1
2017-10-21 07:00:00,0.0,gas_ocgt,MW,nem,NSW1
2017-10-21 07:05:00,0.0,gas_ocgt,MW,nem,NSW1
2017-10-21 07:10:00,0.0,gas_ocgt,MW,nem,NSW1
2017-10-21 07:15:00,0.0,gas_ocgt,MW,nem,NSW1
2017-10-21 07:20:00,0.0,gas_ocgt,MW,nem,NSW1
2017-10-21 07:25:00,0.0,gas_ocgt,MW,nem,NSW1
2017-10-21 07:30:00,0.0,gas_ocgt,MW,nem,NSW1
2017-10-21 07:35:00,0.0,gas_ocgt,MW,nem,NSW1
2017-10-21 07:40:00,0.0,gas_ocgt,MW,nem,NSW1
2017-10-21 07:45:00,0.0,gas_ocgt,MW,nem,NSW1
2017-10-21 07:50:00,0.0,gas_ocgt,MW,nem,NSW1
2017-10-21 07:55:00,0.0,gas_ocgt,MW,nem,NSW1
2017-10-21 08:00:00,0.0,gas_ocgt,MW,nem,NSW1
2017-10-21 08:05:00,0.0,gas_ocgt,MW,nem,NSW1
2017-10-21 08:10:00,0.0,gas_ocgt,MW,nem,NSW1
2017-10-21 08:15:00,0.0,gas_ocgt,MW,nem,NSW1
2017-10-21 08:20:00,0.0,gas_ocgt,MW,nem,NSW1
2017-10-21 08:25:00,0.0,gas_ocgt,MW,nem,NSW1
2017-10-21 08:30:00,0.0,gas_ocgt,MW,nem,NSW1
2017-10-21 08:35:00,0.0,gas_ocgt,MW,nem,NSW1
2017-10-21 08:40:00,0.0,gas_ocgt,MW,nem,NSW1
2017-10-21 08:45:00,0.0,gas_ocgt,MW,nem,NSW1
2017-10-21 08:50:00,0.0,gas_ocgt,MW,nem,NSW1
2017-10-21 08:55:00,0.0,gas_ocgt,MW,nem,NSW1
2017-10-21 09:00:00,0.0,gas_ocgt,MW,nem,NSW1
2017-10-21 09:05:00,0.0,gas_ocgt,MW,nem,NSW1
2017-10-21 09:10:00,0.0,gas_ocgt,MW,nem,NSW1
2017-10-21 09:15:00,0.0,gas_ocgt,MW,nem,NSW1
2017-10-21 09:20:00,0.0,gas_ocgt,MW,nem,NSW1
2017-10-21 09:25:00,0.0,gas_ocgt,MW,nem,NSW1
2017-10-21 09:30:00,0.0,gas_ocgt,MW,nem,NSW1
2017-10-21 09:35:00,0.0,gas_ocgt,MW,nem,NSW1
2017-10-21 09:40:00,0.0,gas_ocgt,MW,nem,NSW1
2017-10-21 09:45:00,0.0,gas_ocgt,MW,nem,NSW1
2017-10-21 09:50:00,0.0,gas_ocgt,MW,nem,NSW1
2017-10-21 09:55:00,0.0,gas_ocgt,MW,nem,NSW1
2017-10-21 10:00:00,0.0,gas_ocgt,MW,nem,NSW1
2017-10-21 10:05:00,0.0,gas_ocgt,MW,nem,NSW1
2017-10-21 10:10:00,0.0,gas_ocgt,MW,nem,NSW1
2017-10-21 10:15:00,0.0,gas_ocgt,MW,nem,NSW1
2017-10-21 10:20:00,0.0,gas_ocgt,MW,nem,NSW1
2017-10-21 10:25:00,0.0,gas_ocgt,MW,nem,NSW1
2017-10-21 10:30:00,0.0,gas_ocgt,MW,nem,NSW1
2017-10-21 10:35:00,0.0,gas_ocgt,MW,nem,NSW1
2017-10-21 10:40:00,0.0,gas_ocgt,MW,nem,NSW1
2017-10-21 10:45:00,0.0,gas_ocgt,MW,nem,NSW1
2017-10-21 10:50:00,0.0,gas_ocgt,MW,nem,NSW1
2017-10-21 10:55:00,0.0,gas_ocgt,MW,nem,NSW1
2017-10-21 11:00:00,0.0,gas_ocgt,MW,nem,NSW1
2017-10-21 11:05:00,0.0,gas_ocgt,MW,nem,NSW1
2017-10-21 11:10:00,0.0,gas_ocgt,MW,nem,NSW1
2017-10-21 11:15:00,0.0,gas_ocgt,MW,nem,NSW1
2017-10-21 11:20:00,0.0,gas_ocgt,MW,nem,NSW1
2017-10-21 11:25:00,0.0,gas_ocgt,MW,nem,NSW1
2017-10-21 11:30:00,0.0,gas_ocgt,MW,nem,NSW1
2017-10-21 11:35:00,0.0,gas_ocgt,MW,nem,NSW1
2017-10-21 11:40:00,0.0,gas_ocgt,MW,nem,NSW1
2017-10-21 11:45:00,0.0,gas_ocgt,MW,nem,NSW1
2017-10-21 11:50:00,0.0,gas_ocgt,MW,nem,NSW1
2017-10-21 11:55:00,0.0,gas_ocgt,MW,nem,NSW1
2017-10-21 12:00:00,0.0,gas_ocgt,MW,nem,NSW1
2017-10-21 12:05:00,0.0,gas_ocgt,MW,nem,NSW1
2017-10-21 12:10:00,0.0,gas_ocgt,MW,nem,NSW1
2017-10-21 12:15:00,0.0,gas_ocgt,MW,nem,NSW1
2017-10-21 12:20:00,0.0,gas_ocgt,MW,nem,NSW1
2017-10-21 12:25:00,0.0,gas_ocgt,MW,nem,NSW1
2017-10-21 12:30:00,0.0,gas_ocgt,MW,nem,NSW1
2017-10-21 12:35:00,0.0,gas_ocgt,MW,nem,NSW1
2017-10-21 12:40:00,0.0,gas_ocgt,MW,nem,NSW1
2017-10-21 12:45:00,0.0,gas_ocgt,MW,nem,NSW1
2017-10-21 12:50:00,0.0,gas_ocgt,MW,nem,NSW1
2017-10-21 12:55:00,0.0,gas_ocgt,MW,nem,NSW1
2017-10-21 13:00:00,0.0,gas_ocgt,MW,nem,NSW1
2017-10-21 13:05:00,0.0,gas_ocgt,MW,nem,NSW1
2017-10-21 13:10:00,0.0,gas_ocgt,MW,nem,NSW1
2017-10-21 13:15:00,0.0,gas_ocgt,MW,nem,NSW1
2017-10-21 13:20:00,0.0,gas_ocgt,MW,nem,NSW1
2017-10-21 13:25:00,0.0,gas_ocgt,MW,nem,NSW1
2017-10-21 13:30:00,0.0,gas_ocgt,MW,nem,NSW1
2017-10-21 13:35:00,0.0,gas_ocgt,MW,nem,NSW1
2017-10-21 13:40:00,0.0,gas_ocgt,MW,nem,NSW1
2017-10-21 13:45:00,0.0,gas_ocgt,MW,nem,NSW1
2017-10-21 13:50:00,0.0,gas_ocgt,MW,nem,NSW1
2017-10-21 13:55:00,0.0,gas_ocgt,MW,nem,NSW1
2017-10-21 14:00:00,0.0,gas_ocgt,MW,nem,NSW1
2017-10-21 14:05:00,0.0,gas_ocgt,MW,nem,NSW1
2017-10-21 14:10:00,0.0,gas_ocgt,MW,nem,NSW1
2017-10-21 14:15:00,0.0,gas_ocgt,MW,nem,NSW1
2017-10-21 14:20:00,0.0,gas_ocgt,MW,nem,NSW1
2017-10-21 14:25:00,0.0,gas_ocgt,MW,nem,NSW1
2017-10-21 14:30:00,0.0,gas_ocgt,MW,nem,NSW1
2017-10-21 14:35:00,0.0,gas_ocgt,MW,nem,NSW1
2017-10-21 14:40:00,0.0,gas_ocgt,MW,nem,NSW1
2017-10-21 14:45:00,0.0,gas_ocgt,MW,nem,NSW1
2017-10-21 14:50:00,0.0,gas_ocgt,MW,nem,NSW1
2017-10-21 14:55:00,0.0,gas_ocgt,MW,nem,NSW1
2017-10-21 15:00:00,0.0,gas_ocgt,MW,nem,NSW1
2017-10-21 15:05:00,0.0,gas_ocgt,MW,nem,NSW1
2017-10-21 15:10:00,0.0,gas_ocgt,MW,nem,NSW1
2017-10-21 15:15:00,0.0,gas_ocgt,MW,nem,NSW1
2017-10-21 15:20:00,0.0,gas_ocgt,MW,nem,NSW1
2017-10-21 15:25:00,0.0,gas_ocgt,MW,nem,NSW1
2017-10-21 15:30:00,0.0,gas_ocgt,MW,nem,NSW1
2017-10-21 15:35:00,0.0,gas_ocgt,MW,nem,NSW1
2017-10-21 15:40:00,0.0,gas_ocgt,MW,nem,NSW1
2017-10-21 15:45:00,0.0,gas_ocgt,MW,nem,NSW1
2017-10-21 15:50:00,0.0,gas_ocgt,MW,nem,NSW1
2017-10-21 15:55:00,0.0,gas_ocgt,MW,nem,NSW1
2017-10-21 16:00:00,0.0,gas_ocgt,MW,nem,NSW1
2017-10-21 16:05:00,0.0,gas_ocgt,MW,nem,NSW1
2017-10-21 16:10:00,0.0,gas_ocgt,MW,nem,NSW1
2017-10-21 16:15:00,0.0,gas_ocgt,MW,nem,NSW1
2017-10-21 16:20:00,0.0,gas_ocgt,MW,nem,NSW1
2017-10-21 16:25:00,0.0,gas_ocgt,MW,nem,NSW1
2017-10-21 16:30:00,0.0,gas_ocgt,MW,nem,NSW1
2017-10-21 16:35:00,0.0,gas_ocgt,MW,nem,NSW1
2017-10-21 16:40:00,0.0,gas_ocgt,MW,nem,NSW1
2017-10-21 16:45:00,0.0,gas_ocgt,MW,nem,NSW1
2017-10-21 16:50:00,0.0,gas_ocgt,MW,nem,NSW1
2017-10-21 16:55:00,0.0,gas_ocgt,MW,nem,NSW1
2017-10-21 17:00:00,0.0,gas_ocgt,MW,nem,NSW1
2017-10-21 17:05:00,0.0,gas_ocgt,MW,nem,NSW1
2017-10-21 17:10:00,0.0,gas_ocgt,MW,nem,NSW1
2017-10-21 17:15:00,0.0,gas_ocgt,MW,nem,NSW1
2017-10-21 17:20:00,0.0,gas_ocgt,MW,nem,NSW1
2017-10-21 17:25:00,0.0,gas_ocgt,MW,nem,NSW1
2017-10-21 17:30:00,0.0,gas_ocgt,MW,nem,NSW1
2017-10-21 17:35:00,0.0,gas_ocgt,MW,nem,NSW1
2017-10-21 17:40:00,0.0,gas_ocgt,MW,nem,NSW1
2017-10-21 17:45:00,0.0,gas_ocgt,MW,nem,NSW1
2017-10-21 17:50:00,0.0,gas_ocgt,MW,nem,NSW1
2017-10-21 17:55:00,0.0,gas_ocgt,MW,nem,NSW1
2017-10-21 18:00:00,0.0,gas_ocgt,MW,nem,NSW1
2017-10-21 18:05:00,0.0,gas_ocgt,MW,nem,NSW1
2017-10-21 18:10:00,0.0,gas_ocgt,MW,nem,NSW1
2017-10-21 18:15:00,0.0,gas_ocgt,MW,nem,NSW1
2017-10-21 18:20:00,0.0,gas_ocgt,MW,nem,NSW1
2017-10-21 18:25:00,0.0,gas_ocgt,MW,nem,NSW1
2017-10-21 18:30:00,0.0,gas_ocgt,MW,nem,NSW1
2017-10-21 18:35:00,0.0,gas_ocgt,MW,nem,NSW1
2017-10-21 18:40:00,0.0,gas_ocgt,MW,nem,NSW1
2017-10-21 18:45:00,0.0,gas_ocgt,MW,nem,NSW1
2017-10-21 18:50:00,0.0,gas_ocgt,MW,nem,NSW1
2017-10-21 18:55:00,0.0,gas_ocgt,MW,nem,NSW1
2017-10-21 19:00:00,0.0,gas_ocgt,MW,nem,NSW1
2017-10-21 19:05:00,0.0,gas_ocgt,MW,nem,NSW1
2017-10-21 19:10:00,0.0,gas_ocgt,MW,nem,NSW1
2017-10-21 19:15:00,0.0,gas_ocgt,MW,nem,NSW1
2017-10-21 19:20:00,0.0,gas_ocgt,MW,nem,NSW1
2017-10-21 19:25:00,0.0,gas_ocgt,MW,nem,NSW1
2017-10-21 19:30:00,0.0,gas_ocgt,MW,nem,NSW1
2017-10-21 19:35:00,0.0,gas_ocgt,MW,nem,NSW1
2017-10-21 19:40:00,0.0,gas_ocgt,MW,nem,NSW1
2017-10-21 19:45:00,0.0,gas_ocgt,MW,nem,NSW1
2017-10-21 19:50:00,0.0,gas_ocgt,MW,nem,NSW1
2017-10-21 19:55:00,0.0,gas_ocgt,MW,nem,NSW1
2017-10-21 20:00:00,0.0,gas_ocgt,MW,nem,NSW1
2017-10-21 20:05:00,0.0,gas_ocgt,MW,nem,NSW1
2017-10-21 20:10:00,0.0,gas_ocgt,MW,nem,NSW1
2017-10-21 20:15:00,0.0,gas_ocgt,MW,nem,NSW1
2017-10-21 20:20:00,0.0,gas_ocgt,MW,nem,NSW1
2017-10-21 20:25:00,0.0,gas_ocgt,MW,nem,NSW1
2017-10-21 20:30:00,0.0,gas_ocgt,MW,nem,NSW1
2017-10-21 20:35:00,0.0,gas_ocgt,MW,nem,NSW1
2017-10-21 20:40:00,0.0,gas_ocgt,MW,nem,NSW1
2017-10-21 20:45:00,0.0,gas_ocgt,MW,nem,NSW1
2017-10-21 20:50:00,0.0,gas_ocgt,MW,nem,NSW1
2017-10-21 20:55:00,0.0,gas_ocgt,MW,nem,NSW1
2017-10-21 21:00:00,0.0,gas_ocgt,MW,nem,NSW1
2017-10-21 21:05:00,0.0,gas_ocgt,MW,nem,NSW1
2017-10-21 21:10:00,0.0,gas_ocgt,MW,nem,NSW1
2017-10-21 21:15:00,0.0,gas_ocgt,MW,nem,NSW1
2017-10-21 21:20:00,0.0,gas_ocgt,MW,nem,NSW1
2017-10-21 21:25:00,0.0,gas_ocgt,MW,nem,NSW1
2017-10-21 21:30:00,0.0,gas_ocgt,MW,nem,NSW1
2017-10-21 21:35:00,0.0,gas_ocgt,MW,nem,NSW1
2017-10-21 21:40:00,0.0,gas_ocgt,MW,nem,NSW1
2017-10-21 21:45:00,0.0,gas_ocgt,MW,nem,NSW1
2017-10-21 21:50:00,0.0,gas_ocgt,MW,nem,NSW1
2017-10-21 21:55:00,0.0,gas_ocgt,MW,nem,NSW1
2017-10-21 22:00:00,0.0,gas_ocgt,MW,nem,NSW1
2017-10-21 22:05:00,0.0,gas_ocgt,MW,nem,NSW1
2017-10-21 22:10:00,0.0,gas_ocgt,MW,nem,NSW1
2017-10-21 22:15:00,0.0,gas_ocgt,MW,nem,NSW1
2017-10-21 22:20:00,0.0,gas_ocgt,MW,nem,NSW1
2017-10-21 22:25:00,0.0,gas_ocgt,MW,nem,NSW1
2017-10-21 22:30:00,0.0,gas_ocgt,MW,nem,NSW1
2017-10-21 22:35:00,0.0,gas_ocgt,MW,nem,NSW1
2017-10-21 22:40:00,0.0,gas_ocgt,MW,nem,NSW1
2017-10-21 22:45:00,0.0,gas_ocgt,MW,nem,NSW1
2017-10-21 22:50:00,0.0,gas_ocgt,MW,nem,NSW1
2017-10-21 22:55:00,0.0,gas_ocgt,MW,nem,NSW1
2017-10-21 23:00:00,0.0,gas_ocgt,MW,nem,NSW1
2017-10-21 23:05:00,0.0,gas_ocgt,MW,nem,NSW1
2017-10-21 23:10:00,0.0,gas_ocgt,MW,nem,NSW1
2017-10-21 23:15:00,0.0,gas_ocgt,MW,nem,NSW1
2017-10-21 23:20:00,0.0,gas_ocgt,MW,nem,NSW1
2017-10-21 23:25:00,0.0,gas_ocgt,MW,nem,NSW1
2017-10-21 23:30:00,0.0,gas_ocgt,MW,nem,NSW1
2017-10-21 23:35:00,0.0,gas_ocgt,MW,nem,NSW1
2017-10-21 23:40:00,0.0,gas_ocgt,MW,nem,NSW1
2017-10-21 23:45:00,0.0,gas_ocgt,MW,nem,NSW1
2017-10-21 23:50:00,0.0,gas_ocgt,MW,nem,NSW1
2017-10-21 23:55:00,0.0,gas_ocgt,MW,nem,NSW1
2017-10-22 00:00:00,0.0,gas_ocgt,MW,nem,NSW1
2017-10-22 00:05:00,0.0,gas_ocgt,MW,nem,NSW1
2017-10-22 00:10:00,0.0,gas_ocgt,MW,nem,NSW1
2017-10-22 00:15:00,0.0,gas_ocgt,MW,nem,NSW1
2017-10-22 00:20:00,0.0,gas_ocgt,MW,nem,NSW1
2017-10-22 00:25:00,0.0,gas_ocgt,MW,nem,NSW1
2017-10-22 00:30:00,0.0,gas_ocgt,MW,nem,NSW1
2017-10-22 00:35:00,0.0,gas_ocgt,MW,nem,NSW1
2017-10-22 00:40:00,0.0,gas_ocgt,MW,nem,NSW1
2017-10-22 00:45:00,0.0,gas_ocgt,MW,nem,NSW1
2017-10-22 00:50:00,0.0,gas_ocgt,MW,nem,NSW1
2017-10-22 00:55:00,0.0,gas_ocgt,MW,nem,NSW1
2017-10-22 01:00:00,0.0,gas_ocgt,MW,nem,NSW1
2017-10-22 01:05:00,0.0,gas_ocgt,MW,nem,NSW1
2017-10-22 01:10:00,0.0,gas_ocgt,MW,nem,NSW1
2017-10-22 01:15:00,0.0,gas_ocgt,MW,nem,NSW1
2017-10-22 01:20:00,0.0,gas_ocgt,MW,nem,NSW1
2017-10-22 01:25:00,0.0,gas_ocgt,MW,nem,NSW1
2017-10-22 01:30:00,0.0,gas_ocgt,MW,nem,NSW1
2017-10-22 01:35:00,0.0,gas_ocgt,MW,nem,NSW1
2017-10-22 01:40:00,0.0,gas_ocgt,MW,nem,NSW1
2017-10-22 01:45:00,0.0,gas_ocgt,MW,nem,NSW1
2017-10-22 01:50:00,0.0,gas_ocgt,MW,nem,NSW1
2017-10-22 01:55:00,0.0,gas_ocgt,MW,nem,NSW1
2017-10-22 02:00:00,0.0,gas_ocgt,MW,nem,NSW1
2017-10-22 02:05:00,0.0,gas_ocgt,MW,nem,NSW1
2017-10-22 02:10:00,0.0,gas_ocgt,MW,nem,NSW1
2017-10-22 02:15:00,0.0,gas_ocgt,MW,nem,NSW1
2017-10-22 02:20:00,0.0,gas_ocgt,MW,nem,NSW1
2017-10-22 02:25:00,0.0,gas_ocgt,MW,nem,NSW1
2017-10-22 02:30:00,0.0,gas_ocgt,MW,nem,NSW1
2017-10-22 02:35:00,0.0,gas_ocgt,MW,nem,NSW1
2017-10-22 02:40:00,0.0,gas_ocgt,MW,nem,NSW1
2017-10-22 02:45:00,0.0,gas_ocgt,MW,nem,NSW1
2017-10-22 02:50:00,0.0,gas_ocgt,MW,nem,NSW1
2017-10-22 02:55:00,0.0,gas_ocgt,MW,nem,NSW1
2017-10-22 03:00:00,0.0,gas_ocgt,MW,nem,NSW1
2017-10-22 03:05:00,0.0,gas_ocgt,MW,nem,NSW1
2017-10-22 03:10:00,0.0,gas_ocgt,MW,nem,NSW1
2017-10-22 03:15:00,0.0,gas_ocgt,MW,nem,NSW1
2017-10-22 03:20:00,0.0,gas_ocgt,MW,nem,NSW1
2017-10-22 03:25:00,0.0,gas_ocgt,MW,nem,NSW1
2017-10-22 03:30:00,0.0,gas_ocgt,MW,nem,NSW1
2017-10-22 03:35:00,0.0,gas_ocgt,MW,nem,NSW1
2017-10-22 03:40:00,0.0,gas_ocgt,MW,nem,NSW1
2017-10-22 03:45:00,0.0,gas_ocgt,MW,nem,NSW1
2017-10-22 03:50:00,0.0,gas_ocgt,MW,nem,NSW1
2017-10-22 03:55:00,0.0,gas_ocgt,MW,nem,NSW1
2017-10-22 04:00:00,0.0,gas_ocgt,MW,nem,NSW1
2017-10-22 04:05:00,0.0,gas_ocgt,MW,nem,NSW1
2017-10-22 04:10:00,0.0,gas_ocgt,MW,nem,NSW1
2017-10-22 04:15:00,0.0,gas_ocgt,MW,nem,NSW1
2017-10-22 04:20:00,0.0,gas_ocgt,MW,nem,NSW1
2017-10-22 04:25:00,0.0,gas_ocgt,MW,nem,NSW1
2017-10-22 04:30:00,0.0,gas_ocgt,MW,nem,NSW1
2017-10-22 04:35:00,0.0,gas_ocgt,MW,nem,NSW1
2017-10-22 04:40:00,0.0,gas_ocgt,MW,nem,NSW1
2017-10-22 04:45:00,0.0,gas_ocgt,MW,nem,NSW1
2017-10-22 04:50:00,0.0,gas_ocgt,MW,nem,NSW1
2017-10-22 04:55:00,0.0,gas_ocgt,MW,nem,NSW1
2017-10-22 05:00:00,0.0,gas_ocgt,MW,nem,NSW1
2017-10-22 05:05:00,0.0,gas_ocgt,MW,nem,NSW1
2017-10-22 05:10:00,0.0,gas_ocgt,MW,nem,NSW1
2017-10-22 05:15:00,0.0,gas_ocgt,MW,nem,NSW1
2017-10-22 05:20:00,0.0,gas_ocgt,MW,nem,NSW1
2017-10-22 05:25:00,0.0,gas_ocgt,MW,nem,NSW1
2017-10-22 05:30:00,0.0,gas_ocgt,MW,nem,NSW1
2017-10-22 05:35:00,0.0,gas_ocgt,MW,nem,NSW1
2017-10-22 05:40:00,0.0,gas_ocgt,MW,nem,NSW1
2017-10-22 05:45:00,0.0,gas_ocgt,MW,nem,NSW1
2017-10-22 05:50:00,0.0,gas_ocgt,MW,nem,NSW1
2017-10-22 05:55:00,0.0,gas_ocgt,MW,nem,NSW1
2017-10-22 06:00:00,0.0,gas_ocgt,MW,nem,NSW1
2017-10-22 06:05:00,0.0,gas_ocgt,MW,nem,NSW1
2017-10-22 06:10:00,0.0,gas_ocgt,MW,nem,NSW1
2017-10-22 06:15:00,0.0,gas_ocgt,MW,nem,NSW1
2017-10-22 06:20:00,0.0,gas_ocgt,MW,nem,NSW1
2017-10-22 06:25:00,0.0,gas_ocgt,MW,nem,NSW1
2017-10-22 06:30:00,0.0,gas_ocgt,MW,nem,NSW1
2017-10-22 06:35:00,0.0,gas_ocgt,MW,nem,NSW1
2017-10-22 06:40:00,0.0,gas_ocgt,MW,nem,NSW1
2017-10-22 06:45:00,0.0,gas_ocgt,MW,nem,NSW1
2017-10-22 06:50:00,0.0,gas_ocgt,MW,nem,NSW1
2017-10-22 06:55:00,0.0,gas_ocgt,MW,nem,NSW1
2017-10-22 07:00:00,0.0,gas_ocgt,MW,nem,NSW1
2017-10-22 07:05:00,0.0,gas_ocgt,MW,nem,NSW1
2017-10-22 07:10:00,0.0,gas_ocgt,MW,nem,NSW1
2017-10-22 07:15:00,0.0,gas_ocgt,MW,nem,NSW1
2017-10-22 07:20:00,0.0,gas_ocgt,MW,nem,NSW1
2017-10-22 07:25:00,0.0,gas_ocgt,MW,nem,NSW1
2017-10-22 07:30:00,0.0,gas_ocgt,MW,nem,NSW1
2017-10-22 07:35:00,0.0,gas_ocgt,MW,nem,NSW1
2017-10-22 07:40:00,0.0,gas_ocgt,MW,nem,NSW1
2017-10-22 07:45:00,0.0,gas_ocgt,MW,nem,NSW1
2017-10-22 07:50:00,0.0,gas_ocgt,MW,nem,NSW1
2017-10-22 07:55:00,0.0,gas_ocgt,MW,nem,NSW1
2017-10-22 08:00:00,0.0,gas_ocgt,MW,nem,NSW1
2017-10-22 08:05:00,0.0,gas_ocgt,MW,nem,NSW1
2017-10-22 08:10:00,0.0,gas_ocgt,MW,nem,NSW1
2017-10-22 08:15:00,0.0,gas_ocgt,MW,nem,NSW1
2017-10-22 08:20:00,0.0,gas_ocgt,MW,nem,NSW1
2017-10-22 08:25:00,0.0,gas_ocgt,MW,nem,NSW1
2017-10-22 08:30:00,0.0,gas_ocgt,MW,nem,NSW1
2017-10-22 08:35:00,0.0,gas_ocgt,MW,nem,NSW1
2017-10-22 08:40:00,0.0,gas_ocgt,MW,nem,NSW1
2017-10-22 08:45:00,0.0,gas_ocgt,MW,nem,NSW1
2017-10-22 08:50:00,0.0,gas_ocgt,MW,nem,NSW1
2017-10-22 08:55:00,0.0,gas_ocgt,MW,nem,NSW1
2017-10-22 09:00:00,0.0,gas_ocgt,MW,nem,NSW1
2017-10-22 09:05:00,0.0,gas_ocgt,MW,nem,NSW1
2017-10-22 09:10:00,0.0,gas_ocgt,MW,nem,NSW1
2017-10-22 09:15:00,0.0,gas_ocgt,MW,nem,NSW1
2017-10-22 09:20:00,0.0,gas_ocgt,MW,nem,NSW1
2017-10-22 09:25:00,0.0,gas_ocgt,MW,nem,NSW1
2017-10-22 09:30:00,0.0,gas_ocgt,MW,nem,NSW1
2017-10-22 09:35:00,0.0,gas_ocgt,MW,nem,NSW1
2017-10-22 09:40:00,0.0,gas_ocgt,MW,nem,NSW1
2017-10-22 09:45:00,0.0,gas_ocgt,MW,nem,NSW1
2017-10-22 09:50:00,0.0,gas_ocgt,MW,nem,NSW1
2017-10-22 09:55:00,0.0,gas_ocgt,MW,nem,NSW1
2017-10-22 10:00:00,0.0,gas_ocgt,MW,nem,NSW1
2017-10-22 10:05:00,0.0,gas_ocgt,MW,nem,NSW1
2017-10-22 10:10:00,0.0,gas_ocgt,MW,nem,NSW1
2017-10-22 10:15:00,0.0,gas_ocgt,MW,nem,NSW1
2017-10-22 10:20:00,0.0,gas_ocgt,MW,nem,NSW1
2017-10-22 10:25:00,0.0,gas_ocgt,MW,nem,NSW1
2017-10-22 10:30:00,0.0,gas_ocgt,MW,nem,NSW1
2017-10-22 10:35:00,0.0,gas_ocgt,MW,nem,NSW1
2017-10-22 10:40:00,0.0,gas_ocgt,MW,nem,NSW1
2017-10-22 10:45:00,0.0,gas_ocgt,MW,nem,NSW1
2017-10-22 10:50:00,0.0,gas_ocgt,MW,nem,NSW1
2017-10-22 10:55:00,0.0,gas_ocgt,MW,nem,NSW1
2017-10-22 11:00:00,0.0,gas_ocgt,MW,nem,NSW1
2017-10-22 11:05:00,0.0,gas_ocgt,MW,nem,NSW1
2017-10-22 11:10:00,0.0,gas_ocgt,MW,nem,NSW1
2017-10-22 11:15:00,0.0,gas_ocgt,MW,nem,NSW1
2017-10-22 11:20:00,0.0,gas_ocgt,MW,nem,NSW1
2017-10-22 11:25:00,0.0,gas_ocgt,MW,nem,NSW1
2017-10-22 11:30:00,0.0,gas_ocgt,MW,nem,NSW1
2017-10-22 11:35:00,0.0,gas_ocgt,MW,nem,NSW1
2017-10-22 11:40:00,0.0,gas_ocgt,MW,nem,NSW1
2017-10-22 11:45:00,0.0,gas_ocgt,MW,nem,NSW1
2017-10-22 11:50:00,0.0,gas_ocgt,MW,nem,NSW1
2017-10-22 11:55:00,0.0,gas_ocgt,MW,nem,NSW1
2017-10-22 12:00:00,0.0,gas_ocgt,MW,nem,NSW1
2017-10-22 12:05:00,0.0,gas_ocgt,MW,nem,NSW1
2017-10-22 12:10:00,0.0,gas_ocgt,MW,nem,NSW1
2017-10-22 12:15:00,0.0,gas_ocgt,MW,nem,NSW1
2017-10-22 12:20:00,0.0,gas_ocgt,MW,nem,NSW1
2017-10-22 12:25:00,0.0,gas_ocgt,MW,nem,NSW1
2017-10-22 12:30:00,0.0,gas_ocgt,MW,nem,NSW1
2017-10-22 12:35:00,0.0,gas_ocgt,MW,nem,NSW1
2017-10-22 12:40:00,0.0,gas_ocgt,MW,nem,NSW1
2017-10-22 12:45:00,0.0,gas_ocgt,MW,nem,NSW1
2017-10-22 12:50:00,0.0,gas_ocgt,MW,nem,NSW1
2017-10-22 12:55:00,0.0,gas_ocgt,MW,nem,NSW1
2017-10-22 13:00:00,0.0,gas_ocgt,MW,nem,NSW1
2017-10-22 13:05:00,0.0,gas_ocgt,MW,nem,NSW1
2017-10-22 13:10:00,0.0,gas_ocgt,MW,nem,NSW1
2017-10-22 13:15:00,0.0,gas_ocgt,MW,nem,NSW1
2017-10-22 13:20:00,0.0,gas_ocgt,MW,nem,NSW1
2017-10-22 13:25:00,0.0,gas_ocgt,MW,nem,NSW1
2017-10-22 13:30:00,0.0,gas_ocgt,MW,nem,NSW1
2017-10-22 13:35:00,0.0,gas_ocgt,MW,nem,NSW1
2017-10-22 13:40:00,0.0,gas_ocgt,MW,nem,NSW1
2017-10-22 13:45:00,0.0,gas_ocgt,MW,nem,NSW1
2017-10-22 13:50:00,0.0,gas_ocgt,MW,nem,NSW1
2017-10-22 13:55:00,0.0,gas_ocgt,MW,nem,NSW1
2017-10-22 14:00:00,0.0,gas_ocgt,MW,nem,NSW1
2017-10-22 14:05:00,0.0,gas_ocgt,MW,nem,NSW1
2017-10-22 14:10:00,0.0,gas_ocgt,MW,nem,NSW1
2017-10-22 14:15:00,0.0,gas_ocgt,MW,nem,NSW1
2017-10-22 14:20:00,0.0,gas_ocgt,MW,nem,NSW1
2017-10-22 14:25:00,0.0,gas_ocgt,MW,nem,NSW1
2017-10-22 14:30:00,0.0,gas_ocgt,MW,nem,NSW1
2017-10-22 14:35:00,0.0,gas_ocgt,MW,nem,NSW1
2017-10-22 14:40:00,0.0,gas_ocgt,MW,nem,NSW1
2017-10-22 14:45:00,0.0,gas_ocgt,MW,nem,NSW1
2017-10-22 14:50:00,0.0,gas_ocgt,MW,nem,NSW1
2017-10-22 14:55:00,0.0,gas_ocgt,MW,nem,NSW1
2017-10-22 15:00:00,0.0,gas_ocgt,MW,nem,NSW1
2017-10-22 15:05:00,0.0,gas_ocgt,MW,nem,NSW1
2017-10-22 15:10:00,0.0,gas_ocgt,MW,nem,NSW1
2017-10-22 15:15:00,0.0,gas_ocgt,MW,nem,NSW1
2017-10-22 15:20:00,0.0,gas_ocgt,MW,nem,NSW1
2017-10-22 15:25:00,0.0,gas_ocgt,MW,nem,NSW1
2017-10-22 15:30:00,0.0,gas_ocgt,MW,nem,NSW1
2017-10-22 15:35:00,0.0,gas_ocgt,MW,nem,NSW1
2017-10-22 15:40:00,0.0,gas_ocgt,MW,nem,NSW1
2017-10-22 15:45:00,0.0,gas_ocgt,MW,nem,NSW1
2017-10-22 15:50:00,0.0,gas_ocgt,MW,nem,NSW1
2017-10-22 15:55:00,0.0,gas_ocgt,MW,nem,NSW1
2017-10-22 16:00:00,0.0,gas_ocgt,MW,nem,NSW1
2017-10-22 16:05:00,0.0,gas_ocgt,MW,nem,NSW1
2017-10-22 16:10:00,0.0,gas_ocgt,MW,nem,NSW1
2017-10-22 16:15:00,0.0,gas_ocgt,MW,nem,NSW1
2017-10-22 16:20:00,0.0,gas_ocgt,MW,nem,NSW1
2017-10-22 16:25:00,0.0,gas_ocgt,MW,nem,NSW1
2017-10-22 16:30:00,0.0,gas_ocgt,MW,nem,NSW1
2017-10-22 16:35:00,0.0,gas_ocgt,MW,nem,NSW1
2017-10-22 16:40:00,0.0,gas_ocgt,MW,nem,NSW1
2017-10-22 16:45:00,0.0,gas_ocgt,MW,nem,NSW1
2017-10-22 16:50:00,0.0,gas_ocgt,MW,nem,NSW1
2017-10-22 16:55:00,0.0,gas_ocgt,MW,nem,NSW1
2017-10-22 17:00:00,0.0,gas_ocgt,MW,nem,NSW1
2017-10-22 17:05:00,0.0,gas_ocgt,MW,nem,NSW1
2017-10-22 17:10:00,0.0,gas_ocgt,MW,nem,NSW1
2017-10-22 17:15:00,0.0,gas_ocgt,MW,nem,NSW1
2017-10-22 17:20:00,0.0,gas_ocgt,MW,nem,NSW1
2017-10-22 17:25:00,0.0,gas_ocgt,MW,nem,NSW1
2017-10-22 17:30:00,0.0,gas_ocgt,MW,nem,NSW1
2017-10-22 17:35:00,0.0,gas_ocgt,MW,nem,NSW1
2017-10-22 17:40:00,0.0,gas_ocgt,MW,nem,NSW1
2017-10-22 17:45:00,0.0,gas_ocgt,MW,nem,NSW1
2017-10-22 17:50:00,0.0,gas_ocgt,MW,nem,NSW1
2017-10-22 17:55:00,0.0,gas_ocgt,MW,nem,NSW1
2017-10-22 18:00:00,0.0,gas_ocgt,MW,nem,NSW1
2017-10-22 18:05:00,0.0,gas_ocgt,MW,nem,NSW1
2017-10-22 18:10:00,0.0,gas_ocgt,MW,nem,NSW1
2017-10-22 18:15:00,0.0,gas_ocgt,MW,nem,NSW1
2017-10-22 18:20:00,0.0,gas_ocgt,MW,nem,NSW1
2017-10-22 18:25:00,0.0,gas_ocgt,MW,nem,NSW1
2017-10-22 18:30:00,0.0,gas_ocgt,MW,nem,NSW1
2017-10-22 18:35:00,0.0,gas_ocgt,MW,nem,NSW1
2017-10-22 18:40:00,0.0,gas_ocgt,MW,nem,NSW1
2017-10-22 18:45:00,0.0,gas_ocgt,MW,nem,NSW1
2017-10-22 18:50:00,0.0,gas_ocgt,MW,nem,NSW1
2017-10-22 18:55:00,0.0,gas_ocgt,MW,nem,NSW1
2017-10-22 19:00:00,0.0,gas_ocgt,MW,nem,NSW1
2017-10-22 19:05:00,0.0,gas_ocgt,MW,nem,NSW1
2017-10-22 19:10:00,0.0,gas_ocgt,MW,nem,NSW1
2017-10-22 19:15:00,0.0,gas_ocgt,MW,nem,NSW1
2017-10-22 19:20:00,0.0,gas_ocgt,MW,nem,NSW1
2017-10-22 19:25:00,0.0,gas_ocgt,MW,nem,NSW1
2017-10-22 19:30:00,0.0,gas_ocgt,MW,nem,NSW1
2017-10-22 19:35:00,0.0,gas_ocgt,MW,nem,NSW1
2017-10-22 19:40:00,0.0,gas_ocgt,MW,nem,NSW1
2017-10-22 19:45:00,0.0,gas_ocgt,MW,nem,NSW1
2017-10-22 19:50:00,0.0,gas_ocgt,MW,nem,NSW1
2017-10-22 19:55:00,0.0,gas_ocgt,MW,nem,NSW1
2017-10-22 20:00:00,0.0,gas_ocgt,MW,nem,NSW1
2017-10-22 20:05:00,0.0,gas_ocgt,MW,nem,NSW1
2017-10-22 20:10:00,0.0,gas_ocgt,MW,nem,NSW1
2017-10-22 20:15:00,0.0,gas_ocgt,MW,nem,NSW1
2017-10-22 20:20:00,0.0,gas_ocgt,MW,nem,NSW1
2017-10-22 20:25:00,0.0,gas_ocgt,MW,nem,NSW1
2017-10-22 20:30:00,0.0,gas_ocgt,MW,nem,NSW1
2017-10-22 20:35:00,0.0,gas_ocgt,MW,nem,NSW1
2017-10-22 20:40:00,0.0,gas_ocgt,MW,nem,NSW1
2017-10-22 20:45:00,0.0,gas_ocgt,MW,nem,NSW1
2017-10-22 20:50:00,0.0,gas_ocgt,MW,nem,NSW1
2017-10-22 20:55:00,0.0,gas_ocgt,MW,nem,NSW1
2017-10-22 21:00:00,0.0,gas_ocgt,MW,nem,NSW1
2017-10-22 21:05:00,0.0,gas_ocgt,MW,nem,NSW1
2017-10-22 21:10:00,0.0,gas_ocgt,MW,nem,NSW1
2017-10-22 21:15:00,0.0,gas_ocgt,MW,nem,NSW1
2017-10-22 21:20:00,0.0,gas_ocgt,MW,nem,NSW1
2017-10-22 21:25:00,0.0,gas_ocgt,MW,nem,NSW1
2017-10-22 21:30:00,0.0,gas_ocgt,MW,nem,NSW1
2017-10-22 21:35:00,0.0,gas_ocgt,MW,nem,NSW1
2017-10-22 21:40:00,0.0,gas_ocgt,MW,nem,NSW1
2017-10-22 21:45:00,0.0,gas_ocgt,MW,nem,NSW1
2017-10-22 21:50:00,0.0,gas_ocgt,MW,nem,NSW1
2017-10-22 21:55:00,0.0,gas_ocgt,MW,nem,NSW1
2017-10-22 22:00:00,0.0,gas_ocgt,MW,nem,NSW1
2017-10-22 22:05:00,0.0,gas_ocgt,MW,nem,NSW1
2017-10-22 22:10:00,0.0,gas_ocgt,MW,nem,NSW1
2017-10-22 22:15:00,0.0,gas_ocgt,MW,nem,NSW1
2017-10-22 22:20:00,0.0,gas_ocgt,MW,nem,NSW1
2017-10-22 22:25:00,0.0,gas_ocgt,MW,nem,NSW1
2017-10-22 22:30:00,0.0,gas_ocgt,MW,nem,NSW1
2017-10-22 22:35:00,0.0,gas_ocgt,MW,nem,NSW1
2017-10-22 22:40:00,0.0,gas_ocgt,MW,nem,NSW1
2017-10-22 22:45:00,0.0,gas_ocgt,MW,nem,NSW1
2017-10-22 22:50:00,0.0,gas_ocgt,MW,nem,NSW1
2017-10-22 22:55:00,0.0,gas_ocgt,MW,nem,NSW1
2017-10-22 23:00:00,0.0,gas_ocgt,MW,nem,NSW1
2017-10-22 23:05:00,0.0,gas_ocgt,MW,nem,NSW1
2017-10-22 23:10:00,0.0,gas_ocgt,MW,nem,NSW1
2017-10-22 23:15:00,0.0,gas_ocgt,MW,nem,NSW1
2017-10-22 23:20:00,0.0,gas_ocgt,MW,nem,NSW1
2017-10-22 23:25:00,0.0,gas_ocgt,MW,nem,NSW1
2017-10-22 23:30:00,0.0,gas_ocgt,MW,nem,NSW1
2017-10-22 23:35:00,0.0,gas_ocgt,MW,nem,NSW1
2017-10-22 23:40:00,0.0,gas_ocgt,MW,nem,NSW1
2017-10-22 23:45:00,0.0,gas_ocgt,MW,nem,NSW1
2017-10-22 23:50:00,0.0,gas_ocgt,MW,nem,NSW1
2017-10-22 23:55:00,0.0,gas_ocgt,MW,nem,NSW1
2017-10-23 00:00:00,0.0,gas_ocgt,MW,nem,NSW1
2017-10-23 00:05:00,0.0,gas_ocgt,MW,nem,NSW1
2017-10-23 00:10:00,0.0,gas_ocgt,MW,nem,NSW1
2017-10-23 00:15:00,0.0,gas_ocgt,MW,nem,NSW1
2017-10-23 00:20:00,0.0,gas_ocgt,MW,nem,NSW1
2017-10-23 00:25:00,0.0,gas_ocgt,MW,nem,NSW1
2017-10-23 00:30:00,0.0,gas_ocgt,MW,nem,NSW1
2017-10-23 00:35:00,0.0,gas_ocgt,MW,nem,NSW1
2017-10-23 00:40:00,0.0,gas_ocgt,MW,nem,NSW1
2017-10-23 00:45:00,0.0,gas_ocgt,MW,nem,NSW1
2017-10-23 00:50:00,0.0,gas_ocgt,MW,nem,NSW1
2017-10-23 00:55:00,0.0,gas_ocgt,MW,nem,NSW1
2017-10-23 01:00:00,0.0,gas_ocgt,MW,nem,NSW1
2017-10-23 01:05:00,0.0,gas_ocgt,MW,nem,NSW1
2017-10-23 01:10:00,0.0,gas_ocgt,MW,nem,NSW1
2017-10-23 01:15:00,0.0,gas_ocgt,MW,nem,NSW1
2017-10-23 01:20:00,0.0,gas_ocgt,MW,nem,NSW1
2017-10-23 01:25:00,0.0,gas_ocgt,MW,nem,NSW1
2017-10-23 01:30:00,0.0,gas_ocgt,MW,nem,NSW1
2017-10-23 01:35:00,0.0,gas_ocgt,MW,nem,NSW1
2017-10-23 01:40:00,0.0,gas_ocgt,MW,nem,NSW1
2017-10-23 01:45:00,0.0,gas_ocgt,MW,nem,NSW1
2017-10-23 01:50:00,0.0,gas_ocgt,MW,nem,NSW1
2017-10-23 01:55:00,0.0,gas_ocgt,MW,nem,NSW1
2017-10-23 02:00:00,0.0,gas_ocgt,MW,nem,NSW1
2017-10-23 02:05:00,0.0,gas_ocgt,MW,nem,NSW1
2017-10-23 02:10:00,0.0,gas_ocgt,MW,nem,NSW1
2017-10-23 02:15:00,0.0,gas_ocgt,MW,nem,NSW1
2017-10-23 02:20:00,0.0,gas_ocgt,MW,nem,NSW1
2017-10-23 02:25:00,0.0,gas_ocgt,MW,nem,NSW1
2017-10-23 02:30:00,0.0,gas_ocgt,MW,nem,NSW1
2017-10-23 02:35:00,0.0,gas_ocgt,MW,nem,NSW1
2017-10-23 02:40:00,0.0,gas_ocgt,MW,nem,NSW1
2017-10-23 02:45:00,0.0,gas_ocgt,MW,nem,NSW1
2017-10-23 02:50:00,0.0,gas_ocgt,MW,nem,NSW1
2017-10-23 02:55:00,0.0,gas_ocgt,MW,nem,NSW1
2017-10-23 03:00:00,0.0,gas_ocgt,MW,nem,NSW1
2017-10-23 03:05:00,0.0,gas_ocgt,MW,nem,NSW1
2017-10-23 03:10:00,0.0,gas_ocgt,MW,nem,NSW1
2017-10-23 03:15:00,0.0,gas_ocgt,MW,nem,NSW1
2017-10-23 03:20:00,0.0,gas_ocgt,MW,nem,NSW1
2017-10-23 03:25:00,0.0,gas_ocgt,MW,nem,NSW1
2017-10-23 03:30:00,0.0,gas_ocgt,MW,nem,NSW1
2017-10-23 03:35:00,0.0,gas_ocgt,MW,nem,NSW1
2017-10-23 03:40:00,0.0,gas_ocgt,MW,nem,NSW1
2017-10-23 03:45:00,0.0,gas_ocgt,MW,nem,NSW1
2017-10-23 03:50:00,0.0,gas_ocgt,MW,nem,NSW1
2017-10-23 03:55:00,0.0,gas_ocgt,MW,nem,NSW1
2017-10-23 04:00:00,0.0,gas_ocgt,MW,nem,NSW1
2017-10-23 04:05:00,0.0,gas_ocgt,MW,nem,NSW1
2017-10-23 04:10:00,0.0,gas_ocgt,MW,nem,NSW1
2017-10-23 04:15:00,0.0,gas_ocgt,MW,nem,NSW1
2017-10-23 04:20:00,0.0,gas_ocgt,MW,nem,NSW1
2017-10-23 04:25:00,0.0,gas_ocgt,MW,nem,NSW1
2017-10-23 04:30:00,0.0,gas_ocgt,MW,nem,NSW1
2017-10-23 04:35:00,0.0,gas_ocgt,MW,nem,NSW1
2017-10-23 04:40:00,0.0,gas_ocgt,MW,nem,NSW1
2017-10-23 04:45:00,0.0,gas_ocgt,MW,nem,NSW1
2017-10-23 04:50:00,0.0,gas_ocgt,MW,nem,NSW1
2017-10-23 04:55:00,0.0,gas_ocgt,MW,nem,NSW1
2017-10-23 05:00:00,0.0,gas_ocgt,MW,nem,NSW1
2017-10-23 05:05:00,0.0,gas_ocgt,MW,nem,NSW1
2017-10-23 05:10:00,0.0,gas_ocgt,MW,nem,NSW1
2017-10-23 05:15:00,0.0,gas_ocgt,MW,nem,NSW1
2017-10-23 05:20:00,0.0,gas_ocgt,MW,nem,NSW1
2017-10-23 05:25:00,0.0,gas_ocgt,MW,nem,NSW1
2017-10-23 05:30:00,0.0,gas_ocgt,MW,nem,NSW1
2017-10-23 05:35:00,0.0,gas_ocgt,MW,nem,NSW1
2017-10-23 05:40:00,0.0,gas_ocgt,MW,nem,NSW1
2017-10-23 05:45:00,0.0,gas_ocgt,MW,nem,NSW1
2017-10-23 05:50:00,0.0,gas_ocgt,MW,nem,NSW1
2017-10-23 05:55:00,0.0,gas_ocgt,MW,nem,NSW1
2017-10-23 06:00:00,0.0,gas_ocgt,MW,nem,NSW1
2017-10-23 06:05:00,0.0,gas_ocgt,MW,nem,NSW1
2017-10-23 06:10:00,0.0,gas_ocgt,MW,nem,NSW1
2017-10-23 06:15:00,0.0,gas_ocgt,MW,nem,NSW1
2017-10-23 06:20:00,0.0,gas_ocgt,MW,nem,NSW1
2017-10-23 06:25:00,0.0,gas_ocgt,MW,nem,NSW1
2017-10-23 06:30:00,0.0,gas_ocgt,MW,nem,NSW1
2017-10-23 06:35:00,0.0,gas_ocgt,MW,nem,NSW1
2017-10-23 06:40:00,0.0,gas_ocgt,MW,nem,NSW1
2017-10-23 06:45:00,0.0,gas_ocgt,MW,nem,NSW1
2017-10-23 06:50:00,0.0,gas_ocgt,MW,nem,NSW1
2017-10-23 06:55:00,0.0,gas_ocgt,MW,nem,NSW1
2017-10-23 07:00:00,0.0,gas_ocgt,MW,nem,NSW1
2017-10-23 07:05:00,0.0,gas_ocgt,MW,nem,NSW1
2017-10-23 07:10:00,0.0,gas_ocgt,MW,nem,NSW1
2017-10-23 07:15:00,0.0,gas_ocgt,MW,nem,NSW1
2017-10-23 07:20:00,0.0,gas_ocgt,MW,nem,NSW1
2017-10-23 07:25:00,0.0,gas_ocgt,MW,nem,NSW1
2017-10-23 07:30:00,0.0,gas_ocgt,MW,nem,NSW1
2017-10-23 07:35:00,0.0,gas_ocgt,MW,nem,NSW1
2017-10-23 07:40:00,0.0,gas_ocgt,MW,nem,NSW1
2017-10-23 07:45:00,0.0,gas_ocgt,MW,nem,NSW1
2017-10-23 07:50:00,0.0,gas_ocgt,MW,nem,NSW1
2017-10-23 07:55:00,0.0,gas_ocgt,MW,nem,NSW1
2017-10-23 08:00:00,0.0,gas_ocgt,MW,nem,NSW1
2017-10-23 08:05:00,0.0,gas_ocgt,MW,nem,NSW1
2017-10-23 08:10:00,0.0,gas_ocgt,MW,nem,NSW1
2017-10-23 08:15:00,0.0,gas_ocgt,MW,nem,NSW1
2017-10-23 08:20:00,0.0,gas_ocgt,MW,nem,NSW1
2017-10-23 08:25:00,0.0,gas_ocgt,MW,nem,NSW1
2017-10-23 08:30:00,0.0,gas_ocgt,MW,nem,NSW1
2017-10-23 08:35:00,0.0,gas_ocgt,MW,nem,NSW1
2017-10-23 08:40:00,0.0,gas_ocgt,MW,nem,NSW1
2017-10-23 08:45:00,0.0,gas_ocgt,MW,nem,NSW1
2017-10-23 08:50:00,0.0,gas_ocgt,MW,nem,NSW1
2017-10-23 08:55:00,0.0,gas_ocgt,MW,nem,NSW1
2017-10-23 09:00:00,0.0,gas_ocgt,MW,nem,NSW1
2017-10-23 09:05:00,0.0,gas_ocgt,MW,nem,NSW1
2017-10-23 09:10:00,0.0,gas_ocgt,MW,nem,NSW1
2017-10-23 09:15:00,0.0,gas_ocgt,MW,nem,NSW1
2017-10-23 09:20:00,0.0,gas_ocgt,MW,nem,NSW1
2017-10-23 09:25:00,0.0,gas_ocgt,MW,nem,NSW1
2017-10-23 09:30:00,0.0,gas_ocgt,MW,nem,NSW1
2017-10-23 09:35:00,0.0,gas_ocgt,MW,nem,NSW1
2017-10-23 09:40:00,0.0,gas_ocgt,MW,nem,NSW1
2017-10-23 09:45:00,0.0,gas_ocgt,MW,nem,NSW1
2017-10-23 09:50:00,0.0,gas_ocgt,MW,nem,NSW1
2017-10-23 09:55:00,0.0,gas_ocgt,MW,nem,NSW1
2017-10-23 10:00:00,0.0,gas_ocgt,MW,nem,NSW1
2017-10-23 10:05:00,0.0,gas_ocgt,MW,nem,NSW1
2017-10-23 10:10:00,0.0,gas_ocgt,MW,nem,NSW1
2017-10-23 10:15:00,0.0,gas_ocgt,MW,nem,NSW1
2017-10-23 10:20:00,0.0,gas_ocgt,MW,nem,NSW1
2017-10-23 10:25:00,0.0,gas_ocgt,MW,nem,NSW1
2017-10-23 10:30:00,0.0,gas_ocgt,MW,nem,NSW1
2017-10-23 10:35:00,0.0,gas_ocgt,MW,nem,NSW1
2017-10-23 10:40:00,0.0,gas_ocgt,MW,nem,NSW1
2017-10-23 10:45:00,0.0,gas_ocgt,MW,nem,NSW1
2017-10-23 10:50:00,0.0,gas_ocgt,MW,nem,NSW1
2017-10-23 10:55:00,0.0,gas_ocgt,MW,nem,NSW1
2017-10-23 11:00:00,0.0,gas_ocgt,MW,nem,NSW1
2017-10-23 11:05:00,0.0,gas_ocgt,MW,nem,NSW1
2017-10-23 11:10:00,0.0,gas_ocgt,MW,nem,NSW1
2017-10-23 11:15:00,0.0,gas_ocgt,MW,nem,NSW1
2017-10-23 11:20:00,0.0,gas_ocgt,MW,nem,NSW1
2017-10-23 11:25:00,0.0,gas_ocgt,MW,nem,NSW1
2017-10-23 11:30:00,0.0,gas_ocgt,MW,nem,NSW1
2017-10-23 11:35:00,0.0,gas_ocgt,MW,nem,NSW1
2017-10-23 11:40:00,0.0,gas_ocgt,MW,nem,NSW1
2017-10-23 11:45:00,0.0,gas_ocgt,MW,nem,NSW1
2017-10-23 11:50:00,0.0,gas_ocgt,MW,nem,NSW1
2017-10-23 11:55:00,0.0,gas_ocgt,MW,nem,NSW1
2017-10-23 12:00:00,0.0,gas_ocgt,MW,nem,NSW1
2017-10-23 12:05:00,0.0,gas_ocgt,MW,nem,NSW1
2017-10-23 12:10:00,0.0,gas_ocgt,MW,nem,NSW1
2017-10-23 12:15:00,0.0,gas_ocgt,MW,nem,NSW1
2017-10-23 12:20:00,0.0,gas_ocgt,MW,nem,NSW1
2017-10-23 12:25:00,0.0,gas_ocgt,MW,nem,NSW1
2017-10-23 12:30:00,0.0,gas_ocgt,MW,nem,NSW1
2017-10-23 12:35:00,0.0,gas_ocgt,MW,nem,NSW1
2017-10-23 12:40:00,0.0,gas_ocgt,MW,nem,NSW1
2017-10-23 12:45:00,0.0,gas_ocgt,MW,nem,NSW1
2017-10-23 12:50:00,0.0,gas_ocgt,MW,nem,NSW1
2017-10-23 12:55:00,0.0,gas_ocgt,MW,nem,NSW1
2017-10-23 13:00:00,0.0,gas_ocgt,MW,nem,NSW1
2017-10-23 13:05:00,0.0,gas_ocgt,MW,nem,NSW1
2017-10-23 13:10:00,0.0,gas_ocgt,MW,nem,NSW1
2017-10-23 13:15:00,0.0,gas_ocgt,MW,nem,NSW1
2017-10-23 13:20:00,0.0,gas_ocgt,MW,nem,NSW1
2017-10-23 13:25:00,0.0,gas_ocgt,MW,nem,NSW1
2017-10-23 13:30:00,0.0,gas_ocgt,MW,nem,NSW1
2017-10-23 13:35:00,0.0,gas_ocgt,MW,nem,NSW1
2017-10-23 13:40:00,0.0,gas_ocgt,MW,nem,NSW1
2017-10-23 13:45:00,0.0,gas_ocgt,MW,nem,NSW1
2017-10-23 13:50:00,0.0,gas_ocgt,MW,nem,NSW1
2017-10-23 13:55:00,0.0,gas_ocgt,MW,nem,NSW1
2017-10-23 14:00:00,0.0,gas_ocgt,MW,nem,NSW1
2017-10-23 14:05:00,0.0,gas_ocgt,MW,nem,NSW1
2017-10-23 14:10:00,0.0,gas_ocgt,MW,nem,NSW1
2017-10-23 14:15:00,0.0,gas_ocgt,MW,nem,NSW1
2017-10-23 14:20:00,0.0,gas_ocgt,MW,nem,NSW1
2017-10-23 14:25:00,0.0,gas_ocgt,MW,nem,NSW1
2017-10-23 14:30:00,0.0,gas_ocgt,MW,nem,NSW1
2017-10-23 14:35:00,0.0,gas_ocgt,MW,nem,NSW1
2017-10-23 14:40:00,0.0,gas_ocgt,MW,nem,NSW1
2017-10-23 14:45:00,0.0,gas_ocgt,MW,nem,NSW1
2017-10-23 14:50:00,0.0,gas_ocgt,MW,nem,NSW1
2017-10-23 14:55:00,0.0,gas_ocgt,MW,nem,NSW1
2017-10-23 15:00:00,0.0,gas_ocgt,MW,nem,NSW1
2017-10-23 15:05:00,0.0,gas_ocgt,MW,nem,NSW1
2017-10-23 15:10:00,0.0,gas_ocgt,MW,nem,NSW1
2017-10-23 15:15:00,0.0,gas_ocgt,MW,nem,NSW1
2017-10-23 15:20:00,0.0,gas_ocgt,MW,nem,NSW1
2017-10-23 15:25:00,0.0,gas_ocgt,MW,nem,NSW1
2017-10-23 15:30:00,0.0,gas_ocgt,MW,nem,NSW1
2017-10-23 15:35:00,0.0,gas_ocgt,MW,nem,NSW1
2017-10-23 15:40:00,0.0,gas_ocgt,MW,nem,NSW1
2017-10-23 15:45:00,0.0,gas_ocgt,MW,nem,NSW1
2017-10-23 15:50:00,0.0,gas_ocgt,MW,nem,NSW1
2017-10-23 15:55:00,0.0,gas_ocgt,MW,nem,NSW1
2017-10-23 16:00:00,0.0,gas_ocgt,MW,nem,NSW1
2017-10-23 16:05:00,0.0,gas_ocgt,MW,nem,NSW1
2017-10-23 16:10:00,0.0,gas_ocgt,MW,nem,NSW1
2017-10-23 16:15:00,0.0,gas_ocgt,MW,nem,NSW1
2017-10-23 16:20:00,0.0,gas_ocgt,MW,nem,NSW1
2017-10-23 16:25:00,0.0,gas_ocgt,MW,nem,NSW1
2017-10-23 16:30:00,0.0,gas_ocgt,MW,nem,NSW1
2017-10-23 16:35:00,0.0,gas_ocgt,MW,nem,NSW1
2017-10-23 16:40:00,0.0,gas_ocgt,MW,nem,NSW1
2017-10-23 16:45:00,0.0,gas_ocgt,MW,nem,NSW1
2017-10-23 16:50:00,0.0,gas_ocgt,MW,nem,NSW1
2017-10-23 16:55:00,0.0,gas_ocgt,MW,nem,NSW1
2017-10-23 17:00:00,0.0,gas_ocgt,MW,nem,NSW1
2017-10-23 17:05:00,0.0,gas_ocgt,MW,nem,NSW1
2017-10-23 17:10:00,0.0,gas_ocgt,MW,nem,NSW1
2017-10-23 17:15:00,0.0,gas_ocgt,MW,nem,NSW1
2017-10-23 17:20:00,0.0,gas_ocgt,MW,nem,NSW1
2017-10-23 17:25:00,0.0,gas_ocgt,MW,nem,NSW1
2017-10-23 17:30:00,0.0,gas_ocgt,MW,nem,NSW1
2017-10-23 17:35:00,0.0,gas_ocgt,MW,nem,NSW1
2017-10-23 17:40:00,0.0,gas_ocgt,MW,nem,NSW1
2017-10-23 17:45:00,0.0,gas_ocgt,MW,nem,NSW1
2017-10-23 17:50:00,0.0,gas_ocgt,MW,nem,NSW1
2017-10-23 17:55:00,0.0,gas_ocgt,MW,nem,NSW1
2017-10-23 18:00:00,0.0,gas_ocgt,MW,nem,NSW1
2017-10-23 18:05:00,0.0,gas_ocgt,MW,nem,NSW1
2017-10-23 18:10:00,0.0,gas_ocgt,MW,nem,NSW1
2017-10-23 18:15:00,0.0,gas_ocgt,MW,nem,NSW1
2017-10-23 18:20:00,0.0,gas_ocgt,MW,nem,NSW1
2017-10-23 18:25:00,0.0,gas_ocgt,MW,nem,NSW1
2017-10-23 18:30:00,0.0,gas_ocgt,MW,nem,NSW1
2017-10-23 18:35:00,0.0,gas_ocgt,MW,nem,NSW1
2017-10-23 18:40:00,0.0,gas_ocgt,MW,nem,NSW1
2017-10-23 18:45:00,0.0,gas_ocgt,MW,nem,NSW1
2017-10-23 18:50:00,0.0,gas_ocgt,MW,nem,NSW1
2017-10-23 18:55:00,0.0,gas_ocgt,MW,nem,NSW1
2017-10-23 19:00:00,0.0,gas_ocgt,MW,nem,NSW1
2017-10-23 19:05:00,0.0,gas_ocgt,MW,nem,NSW1
2017-10-23 19:10:00,0.0,gas_ocgt,MW,nem,NSW1
2017-10-23 19:15:00,0.0,gas_ocgt,MW,nem,NSW1
2017-10-23 19:20:00,0.0,gas_ocgt,MW,nem,NSW1
2017-10-23 19:25:00,0.0,gas_ocgt,MW,nem,NSW1
2017-10-23 19:30:00,0.0,gas_ocgt,MW,nem,NSW1
2017-10-23 19:35:00,0.0,gas_ocgt,MW,nem,NSW1
2017-10-23 19:40:00,0.0,gas_ocgt,MW,nem,NSW1
2017-10-23 19:45:00,0.0,gas_ocgt,MW,nem,NSW1
2017-10-23 19:50:00,0.0,gas_ocgt,MW,nem,NSW1
2017-10-23 19:55:00,0.0,gas_ocgt,MW,nem,NSW1
2017-10-23 20:00:00,0.0,gas_ocgt,MW,nem,NSW1
2017-10-23 20:05:00,0.0,gas_ocgt,MW,nem,NSW1
2017-10-23 20:10:00,0.0,gas_ocgt,MW,nem,NSW1
2017-10-23 20:15:00,0.0,gas_ocgt,MW,nem,NSW1
2017-10-23 20:20:00,0.0,gas_ocgt,MW,nem,NSW1
2017-10-23 20:25:00,0.0,gas_ocgt,MW,nem,NSW1
2017-10-23 20:30:00,0.0,gas_ocgt,MW,nem,NSW1
2017-10-23 20:35:00,0.0,gas_ocgt,MW,nem,NSW1
2017-10-23 20:40:00,0.0,gas_ocgt,MW,nem,NSW1
2017-10-23 20:45:00,0.0,gas_ocgt,MW,nem,NSW1
2017-10-23 20:50:00,0.0,gas_ocgt,MW,nem,NSW1
2017-10-23 20:55:00,0.0,gas_ocgt,MW,nem,NSW1
2017-10-23 21:00:00,0.0,gas_ocgt,MW,nem,NSW1
2017-10-23 21:05:00,0.0,gas_ocgt,MW,nem,NSW1
2017-10-23 21:10:00,0.0,gas_ocgt,MW,nem,NSW1
2017-10-23 21:15:00,0.0,gas_ocgt,MW,nem,NSW1
2017-10-23 21:20:00,0.0,gas_ocgt,MW,nem,NSW1
2017-10-23 21:25:00,0.0,gas_ocgt,MW,nem,NSW1
2017-10-23 21:30:00,0.0,gas_ocgt,MW,nem,NSW1
2017-10-23 21:35:00,0.0,gas_ocgt,MW,nem,NSW1
2017-10-23 21:40:00,0.0,gas_ocgt,MW,nem,NSW1
2017-10-23 21:45:00,0.0,gas_ocgt,MW,nem,NSW1
2017-10-23 21:50:00,0.0,gas_ocgt,MW,nem,NSW1
2017-10-23 21:55:00,0.0,gas_ocgt,MW,nem,NSW1
2017-10-23 22:00:00,0.0,gas_ocgt,MW,nem,NSW1
2017-10-23 22:05:00,0.0,gas_ocgt,MW,nem,NSW1
2017-10-23 22:10:00,0.0,gas_ocgt,MW,nem,NSW1
2017-10-23 22:15:00,0.0,gas_ocgt,MW,nem,NSW1
2017-10-23 22:20:00,0.0,gas_ocgt,MW,nem,NSW1
2017-10-23 22:25:00,0.0,gas_ocgt,MW,nem,NSW1
2017-10-23 22:30:00,0.0,gas_ocgt,MW,nem,NSW1
2017-10-23 22:35:00,0.0,gas_ocgt,MW,nem,NSW1
2017-10-23 22:40:00,0.0,gas_ocgt,MW,nem,NSW1
2017-10-23 22:45:00,0.0,gas_ocgt,MW,nem,NSW1
2017-10-23 22:50:00,0.0,gas_ocgt,MW,nem,NSW1
2017-10-23 22:55:00,0.0,gas_ocgt,MW,nem,NSW1
2017-10-23 23:00:00,0.0,gas_ocgt,MW,nem,NSW1
2017-10-23 23:05:00,0.0,gas_ocgt,MW,nem,NSW1
2017-10-23 23:10:00,0.0,gas_ocgt,MW,nem,NSW1
2017-10-23 23:15:00,0.0,gas_ocgt,MW,nem,NSW1
2017-10-23 23:20:00,0.0,gas_ocgt,MW,nem,NSW1
2017-10-23 23:25:00,0.0,gas_ocgt,MW,nem,NSW1
2017-10-23 23:30:00,0.0,gas_ocgt,MW,nem,NSW1
2017-10-23 23:35:00,0.0,gas_ocgt,MW,nem,NSW1
2017-10-23 23:40:00,0.0,gas_ocgt,MW,nem,NSW1
2017-10-23 23:45:00,0.0,gas_ocgt,MW,nem,NSW1
2017-10-23 23:50:00,0.0,gas_ocgt,MW,nem,NSW1
2017-10-23 23:55:00,0.0,gas_ocgt,MW,nem,NSW1
2017-10-24 00:00:00,0.0,gas_ocgt,MW,nem,NSW1
2017-10-24 00:05:00,0.0,gas_ocgt,MW,nem,NSW1
2017-10-24 00:10:00,0.0,gas_ocgt,MW,nem,NSW1
2017-10-24 00:15:00,0.0,gas_ocgt,MW,nem,NSW1
2017-10-24 00:20:00,0.0,gas_ocgt,MW,nem,NSW1
2017-10-24 00:25:00,0.0,gas_ocgt,MW,nem,NSW1
2017-10-24 00:30:00,0.0,gas_ocgt,MW,nem,NSW1
2017-10-24 00:35:00,0.0,gas_ocgt,MW,nem,NSW1
2017-10-24 00:40:00,0.0,gas_ocgt,MW,nem,NSW1
2017-10-24 00:45:00,0.0,gas_ocgt,MW,nem,NSW1
2017-10-24 00:50:00,0.0,gas_ocgt,MW,nem,NSW1
2017-10-24 00:55:00,0.0,gas_ocgt,MW,nem,NSW1
2017-10-24 01:00:00,0.0,gas_ocgt,MW,nem,NSW1
2017-10-24 01:05:00,0.0,gas_ocgt,MW,nem,NSW1
2017-10-24 01:10:00,0.0,gas_ocgt,MW,nem,NSW1
2017-10-24 01:15:00,0.0,gas_ocgt,MW,nem,NSW1
2017-10-24 01:20:00,0.0,gas_ocgt,MW,nem,NSW1
2017-10-24 01:25:00,0.0,gas_ocgt,MW,nem,NSW1
2017-10-24 01:30:00,0.0,gas_ocgt,MW,nem,NSW1
2017-10-24 01:35:00,0.0,gas_ocgt,MW,nem,NSW1
2017-10-24 01:40:00,0.0,gas_ocgt,MW,nem,NSW1
2017-10-24 01:45:00,0.0,gas_ocgt,MW,nem,NSW1
2017-10-24 01:50:00,0.0,gas_ocgt,MW,nem,NSW1
2017-10-24 01:55:00,0.0,gas_ocgt,MW,nem,NSW1
2017-10-24 02:00:00,0.0,gas_ocgt,MW,nem,NSW1
2017-10-24 02:05:00,0.0,gas_ocgt,MW,nem,NSW1
2017-10-24 02:10:00,0.0,gas_ocgt,MW,nem,NSW1
2017-10-24 02:15:00,0.0,gas_ocgt,MW,nem,NSW1
2017-10-24 02:20:00,0.0,gas_ocgt,MW,nem,NSW1
2017-10-24 02:25:00,0.0,gas_ocgt,MW,nem,NSW1
2017-10-24 02:30:00,0.0,gas_ocgt,MW,nem,NSW1
2017-10-24 02:35:00,0.0,gas_ocgt,MW,nem,NSW1
2017-10-24 02:40:00,0.0,gas_ocgt,MW,nem,NSW1
2017-10-24 02:45:00,0.0,gas_ocgt,MW,nem,NSW1
2017-10-24 02:50:00,0.0,gas_ocgt,MW,nem,NSW1
2017-10-24 02:55:00,0.0,gas_ocgt,MW,nem,NSW1
2017-10-24 03:00:00,0.0,gas_ocgt,MW,nem,NSW1
2017-10-24 03:05:00,0.0,gas_ocgt,MW,nem,NSW1
2017-10-24 03:10:00,0.0,gas_ocgt,MW,nem,NSW1
2017-10-24 03:15:00,0.0,gas_ocgt,MW,nem,NSW1
2017-10-24 03:20:00,0.0,gas_ocgt,MW,nem,NSW1
2017-10-24 03:25:00,0.0,gas_ocgt,MW,nem,NSW1
2017-10-24 03:30:00,0.0,gas_ocgt,MW,nem,NSW1
2017-10-24 03:35:00,0.0,gas_ocgt,MW,nem,NSW1
2017-10-24 03:40:00,0.0,gas_ocgt,MW,nem,NSW1
2017-10-24 03:45:00,0.0,gas_ocgt,MW,nem,NSW1
2017-10-24 03:50:00,0.0,gas_ocgt,MW,nem,NSW1
2017-10-24 03:55:00,0.0,gas_ocgt,MW,nem,NSW1
2017-10-24 04:00:00,0.0,gas_ocgt,MW,nem,NSW1
2017-10-24 04:05:00,0.0,gas_ocgt,MW,nem,NSW1
2017-10-24 04:10:00,0.0,gas_ocgt,MW,nem,NSW1
2017-10-24 04:15:00,0.0,gas_ocgt,MW,nem,NSW1
2017-10-24 04:20:00,0.0,gas_ocgt,MW,nem,NSW1
2017-10-24 04:25:00,0.0,gas_ocgt,MW,nem,NSW1
2017-10-24 04:30:00,0.0,gas_ocgt,MW,nem,NSW1
2017-10-24 04:35:00,0.0,gas_ocgt,MW,nem,NSW1
2017-10-24 04:40:00,0.0,gas_ocgt,MW,nem,NSW1
2017-10-24 04:45:00,0.0,gas_ocgt,MW,nem,NSW1
2017-10-24 04:50:00,0.0,gas_ocgt,MW,nem,NSW1
2017-10-24 04:55:00,0.0,gas_ocgt,MW,nem,NSW1
2017-10-24 05:00:00,0.0,gas_ocgt,MW,nem,NSW1
2017-10-24 05:05:00,0.0,gas_ocgt,MW,nem,NSW1
2017-10-24 05:10:00,0.0,gas_ocgt,MW,nem,NSW1
2017-10-24 05:15:00,0.0,gas_ocgt,MW,nem,NSW1
2017-10-24 05:20:00,0.0,gas_ocgt,MW,nem,NSW1
2017-10-24 05:25:00,0.0,gas_ocgt,MW,nem,NSW1
2017-10-24 05:30:00,0.0,gas_ocgt,MW,nem,NSW1
2017-10-24 05:35:00,0.0,gas_ocgt,MW,nem,NSW1
2017-10-24 05:40:00,0.0,gas_ocgt,MW,nem,NSW1
2017-10-24 05:45:00,0.0,gas_ocgt,MW,nem,NSW1
2017-10-24 05:50:00,0.0,gas_ocgt,MW,nem,NSW1
2017-10-24 05:55:00,0.0,gas_ocgt,MW,nem,NSW1
2017-10-24 06:00:00,0.0,gas_ocgt,MW,nem,NSW1
2017-10-24 06:05:00,0.0,gas_ocgt,MW,nem,NSW1
2017-10-24 06:10:00,0.0,gas_ocgt,MW,nem,NSW1
2017-10-24 06:15:00,0.0,gas_ocgt,MW,nem,NSW1
2017-10-24 06:20:00,0.0,gas_ocgt,MW,nem,NSW1
2017-10-24 06:25:00,0.0,gas_ocgt,MW,nem,NSW1
2017-10-24 06:30:00,0.0,gas_ocgt,MW,nem,NSW1
2017-10-24 06:35:00,0.0,gas_ocgt,MW,nem,NSW1
2017-10-24 06:40:00,0.0,gas_ocgt,MW,nem,NSW1
2017-10-24 06:45:00,0.0,gas_ocgt,MW,nem,NSW1
2017-10-24 06:50:00,0.0,gas_ocgt,MW,nem,NSW1
2017-10-24 06:55:00,0.0,gas_ocgt,MW,nem,NSW1
2017-10-24 07:00:00,0.0,gas_ocgt,MW,nem,NSW1
2017-10-24 07:05:00,0.0,gas_ocgt,MW,nem,NSW1
2017-10-24 07:10:00,0.0,gas_ocgt,MW,nem,NSW1
2017-10-24 07:15:00,0.0,gas_ocgt,MW,nem,NSW1
2017-10-24 07:20:00,0.0,gas_ocgt,MW,nem,NSW1
2017-10-24 07:25:00,0.0,gas_ocgt,MW,nem,NSW1
2017-10-24 07:30:00,0.0,gas_ocgt,MW,nem,NSW1
2017-10-24 07:35:00,0.0,gas_ocgt,MW,nem,NSW1
2017-10-24 07:40:00,0.0,gas_ocgt,MW,nem,NSW1
2017-10-24 07:45:00,0.0,gas_ocgt,MW,nem,NSW1
2017-10-24 07:50:00,0.0,gas_ocgt,MW,nem,NSW1
2017-10-24 07:55:00,0.0,gas_ocgt,MW,nem,NSW1
2017-10-24 08:00:00,0.0,gas_ocgt,MW,nem,NSW1
2017-10-24 08:05:00,0.0,gas_ocgt,MW,nem,NSW1
2017-10-24 08:10:00,0.0,gas_ocgt,MW,nem,NSW1
2017-10-24 08:15:00,0.0,gas_ocgt,MW,nem,NSW1
2017-10-24 08:20:00,0.0,gas_ocgt,MW,nem,NSW1
2017-10-24 08:25:00,0.0,gas_ocgt,MW,nem,NSW1
2017-10-24 08:30:00,0.0,gas_ocgt,MW,nem,NSW1
2017-10-24 08:35:00,0.0,gas_ocgt,MW,nem,NSW1
2017-10-24 08:40:00,0.0,gas_ocgt,MW,nem,NSW1
2017-10-24 08:45:00,0.0,gas_ocgt,MW,nem,NSW1
2017-10-24 08:50:00,0.0,gas_ocgt,MW,nem,NSW1
2017-10-24 08:55:00,0.0,gas_ocgt,MW,nem,NSW1
2017-10-24 09:00:00,0.0,gas_ocgt,MW,nem,NSW1
2017-10-24 09:05:00,0.0,gas_ocgt,MW,nem,NSW1
2017-10-24 09:10:00,0.0,gas_ocgt,MW,nem,NSW1
2017-10-24 09:15:00,0.0,gas_ocgt,MW,nem,NSW1
2017-10-24 09:20:00,0.0,gas_ocgt,MW,nem,NSW1
2017-10-24 09:25:00,0.0,gas_ocgt,MW,nem,NSW1
2017-10-24 09:30:00,0.0,gas_ocgt,MW,nem,NSW1
2017-10-24 09:35:00,0.0,gas_ocgt,MW,nem,NSW1
2017-10-24 09:40:00,0.0,gas_ocgt,MW,nem,NSW1
2017-10-24 09:45:00,0.0,gas_ocgt,MW,nem,NSW1
2017-10-24 09:50:00,0.0,gas_ocgt,MW,nem,NSW1
2017-10-24 09:55:00,0.0,gas_ocgt,MW,nem,NSW1
2017-10-24 10:00:00,0.0,gas_ocgt,MW,nem,NSW1
2017-10-24 10:05:00,0.0,gas_ocgt,MW,nem,NSW1
2017-10-24 10:10:00,0.0,gas_ocgt,MW,nem,NSW1
2017-10-24 10:15:00,0.0,gas_ocgt,MW,nem,NSW1
2017-10-24 10:20:00,0.0,gas_ocgt,MW,nem,NSW1
2017-10-24 10:25:00,0.0,gas_ocgt,MW,nem,NSW1
2017-10-24 10:30:00,0.0,gas_ocgt,MW,nem,NSW1
2017-10-24 10:35:00,0.0,gas_ocgt,MW,nem,NSW1
2017-10-24 10:40:00,0.0,gas_ocgt,MW,nem,NSW1
2017-10-24 10:45:00,0.0,gas_ocgt,MW,nem,NSW1
2017-10-24 10:50:00,0.0,gas_ocgt,MW,nem,NSW1
2017-10-24 10:55:00,0.0,gas_ocgt,MW,nem,NSW1
2017-10-24 11:00:00,0.0,gas_ocgt,MW,nem,NSW1
2017-10-24 11:05:00,0.0,gas_ocgt,MW,nem,NSW1
2017-10-24 11:10:00,0.0,gas_ocgt,MW,nem,NSW1
2017-10-24 11:15:00,0.0,gas_ocgt,MW,nem,NSW1
2017-10-24 11:20:00,0.0,gas_ocgt,MW,nem,NSW1
2017-10-24 11:25:00,0.0,gas_ocgt,MW,nem,NSW1
2017-10-24 11:30:00,0.0,gas_ocgt,MW,nem,NSW1
2017-10-24 11:35:00,0.0,gas_ocgt,MW,nem,NSW1
2017-10-24 11:40:00,0.0,gas_ocgt,MW,nem,NSW1
2017-10-24 11:45:00,0.0,gas_ocgt,MW,nem,NSW1
2017-10-24 11:50:00,0.0,gas_ocgt,MW,nem,NSW1
2017-10-24 11:55:00,0.0,gas_ocgt,MW,nem,NSW1
2017-10-24 12:00:00,0.0,gas_ocgt,MW,nem,NSW1
2017-10-24 12:05:00,0.0,gas_ocgt,MW,nem,NSW1
2017-10-24 12:10:00,0.0,gas_ocgt,MW,nem,NSW1
2017-10-24 12:15:00,0.0,gas_ocgt,MW,nem,NSW1
2017-10-24 12:20:00,0.0,gas_ocgt,MW,nem,NSW1
2017-10-24 12:25:00,0.0,gas_ocgt,MW,nem,NSW1
2017-10-24 12:30:00,0.0,gas_ocgt,MW,nem,NSW1
2017-10-24 12:35:00,0.0,gas_ocgt,MW,nem,NSW1
2017-10-24 12:40:00,0.0,gas_ocgt,MW,nem,NSW1
2017-10-24 12:45:00,0.0,gas_ocgt,MW,nem,NSW1
2017-10-24 12:50:00,0.0,gas_ocgt,MW,nem,NSW1
2017-10-24 12:55:00,0.0,gas_ocgt,MW,nem,NSW1
2017-10-24 13:00:00,0.0,gas_ocgt,MW,nem,NSW1
2017-10-24 13:05:00,0.0,gas_ocgt,MW,nem,NSW1
2017-10-24 13:10:00,0.0,gas_ocgt,MW,nem,NSW1
2017-10-24 13:15:00,0.0,gas_ocgt,MW,nem,NSW1
2017-10-24 13:20:00,0.0,gas_ocgt,MW,nem,NSW1
2017-10-24 13:25:00,0.0,gas_ocgt,MW,nem,NSW1
2017-10-24 13:30:00,0.0,gas_ocgt,MW,nem,NSW1
2017-10-24 13:35:00,0.0,gas_ocgt,MW,nem,NSW1
2017-10-24 13:40:00,0.0,gas_ocgt,MW,nem,NSW1
2017-10-24 13:45:00,0.0,gas_ocgt,MW,nem,NSW1
2017-10-24 13:50:00,0.0,gas_ocgt,MW,nem,NSW1
2017-10-24 13:55:00,0.0,gas_ocgt,MW,nem,NSW1
2017-10-24 14:00:00,0.0,gas_ocgt,MW,nem,NSW1
2017-10-24 14:05:00,0.0,gas_ocgt,MW,nem,NSW1
2017-10-24 14:10:00,0.0,gas_ocgt,MW,nem,NSW1
2017-10-24 14:15:00,0.0,gas_ocgt,MW,nem,NSW1
2017-10-24 14:20:00,0.0,gas_ocgt,MW,nem,NSW1
2017-10-24 14:25:00,0.0,gas_ocgt,MW,nem,NSW1
2017-10-24 14:30:00,-1.55,gas_ocgt,MW,nem,NSW1
2017-10-24 14:35:00,0.0,gas_ocgt,MW,nem,NSW1
2017-10-24 14:40:00,0.0,gas_ocgt,MW,nem,NSW1
2017-10-24 14:45:00,0.0,gas_ocgt,MW,nem,NSW1
2017-10-24 14:50:00,0.0,gas_ocgt,MW,nem,NSW1
2017-10-24 14:55:00,0.0,gas_ocgt,MW,nem,NSW1
2017-10-24 15:00:00,0.0,gas_ocgt,MW,nem,NSW1
2017-10-24 15:05:00,0.0,gas_ocgt,MW,nem,NSW1
2017-10-24 15:10:00,0.0,gas_ocgt,MW,nem,NSW1
2017-10-24 15:15:00,0.0,gas_ocgt,MW,nem,NSW1
2017-10-24 15:20:00,0.0,gas_ocgt,MW,nem,NSW1
2017-10-24 15:25:00,0.0,gas_ocgt,MW,nem,NSW1
2017-10-24 15:30:00,0.0,gas_ocgt,MW,nem,NSW1
2017-10-24 15:35:00,0.0,gas_ocgt,MW,nem,NSW1
2017-10-24 15:40:00,0.0,gas_ocgt,MW,nem,NSW1
2017-10-24 15:45:00,0.0,gas_ocgt,MW,nem,NSW1
2017-10-24 15:50:00,0.0,gas_ocgt,MW,nem,NSW1
2017-10-24 15:55:00,0.0,gas_ocgt,MW,nem,NSW1
2017-10-24 16:00:00,0.0,gas_ocgt,MW,nem,NSW1
2017-10-24 16:05:00,0.0,gas_ocgt,MW,nem,NSW1
2017-10-24 16:10:00,0.0,gas_ocgt,MW,nem,NSW1
2017-10-24 16:15:00,0.0,gas_ocgt,MW,nem,NSW1
2017-10-24 16:20:00,0.0,gas_ocgt,MW,nem,NSW1
2017-10-24 16:25:00,0.0,gas_ocgt,MW,nem,NSW1
2017-10-24 16:30:00,0.0,gas_ocgt,MW,nem,NSW1
2017-10-24 16:35:00,0.0,gas_ocgt,MW,nem,NSW1
2017-10-24 16:40:00,0.0,gas_ocgt,MW,nem,NSW1
2017-10-24 16:45:00,0.0,gas_ocgt,MW,nem,NSW1
2017-10-24 16:50:00,0.0,gas_ocgt,MW,nem,NSW1
2017-10-24 16:55:00,0.0,gas_ocgt,MW,nem,NSW1
2017-10-24 17:00:00,0.0,gas_ocgt,MW,nem,NSW1
2017-10-24 17:05:00,0.0,gas_ocgt,MW,nem,NSW1
2017-10-24 17:10:00,0.0,gas_ocgt,MW,nem,NSW1
2017-10-24 17:15:00,0.0,gas_ocgt,MW,nem,NSW1
2017-10-24 17:20:00,0.0,gas_ocgt,MW,nem,NSW1
2017-10-24 17:25:00,0.0,gas_ocgt,MW,nem,NSW1
2017-10-24 17:30:00,0.0,gas_ocgt,MW,nem,NSW1
2017-10-24 17:35:00,0.0,gas_ocgt,MW,nem,NSW1
2017-10-24 17:40:00,0.0,gas_ocgt,MW,nem,NSW1
2017-10-24 17:45:00,0.0,gas_ocgt,MW,nem,NSW1
2017-10-24 17:50:00,0.0,gas_ocgt,MW,nem,NSW1
2017-10-24 17:55:00,0.0,gas_ocgt,MW,nem,NSW1
2017-10-24 18:00:00,0.0,gas_ocgt,MW,nem,NSW1
2017-10-24 18:05:00,0.0,gas_ocgt,MW,nem,NSW1
2017-10-24 18:10:00,0.0,gas_ocgt,MW,nem,NSW1
2017-10-24 18:15:00,-3.85,gas_ocgt,MW,nem,NSW1
2017-10-24 18:20:00,35.51,gas_ocgt,MW,nem,NSW1
2017-10-24 18:25:00,80.13,gas_ocgt,MW,nem,NSW1
2017-10-24 18:30:00,80.02,gas_ocgt,MW,nem,NSW1
2017-10-24 18:35:00,79.9,gas_ocgt,MW,nem,NSW1
2017-10-24 18:40:00,61.62,gas_ocgt,MW,nem,NSW1
2017-10-24 18:45:00,13.13,gas_ocgt,MW,nem,NSW1
2017-10-24 18:50:00,0.0,gas_ocgt,MW,nem,NSW1
2017-10-24 18:55:00,0.0,gas_ocgt,MW,nem,NSW1
2017-10-24 19:00:00,0.0,gas_ocgt,MW,nem,NSW1
2017-10-24 19:05:00,0.0,gas_ocgt,MW,nem,NSW1
2017-10-24 19:10:00,0.0,gas_ocgt,MW,nem,NSW1
2017-10-24 19:15:00,0.0,gas_ocgt,MW,nem,NSW1
2017-10-24 19:20:00,0.0,gas_ocgt,MW,nem,NSW1
2017-10-24 19:25:00,0.0,gas_ocgt,MW,nem,NSW1
2017-10-24 19:30:00,0.0,gas_ocgt,MW,nem,NSW1
2017-10-24 19:35:00,0.0,gas_ocgt,MW,nem,NSW1
2017-10-24 19:40:00,0.0,gas_ocgt,MW,nem,NSW1
2017-10-24 19:45:00,0.0,gas_ocgt,MW,nem,NSW1
2017-10-24 19:50:00,0.0,gas_ocgt,MW,nem,NSW1
2017-10-24 19:55:00,0.0,gas_ocgt,MW,nem,NSW1
2017-10-24 20:00:00,0.0,gas_ocgt,MW,nem,NSW1
2017-10-24 20:05:00,0.0,gas_ocgt,MW,nem,NSW1
2017-10-24 20:10:00,0.0,gas_ocgt,MW,nem,NSW1
2017-10-24 20:15:00,0.0,gas_ocgt,MW,nem,NSW1
2017-10-24 20:20:00,0.0,gas_ocgt,MW,nem,NSW1
2017-10-24 20:25:00,0.0,gas_ocgt,MW,nem,NSW1
2017-10-24 20:30:00,0.0,gas_ocgt,MW,nem,NSW1
2017-10-24 20:35:00,0.0,gas_ocgt,MW,nem,NSW1
2017-10-24 20:40:00,0.0,gas_ocgt,MW,nem,NSW1
2017-10-24 20:45:00,0.0,gas_ocgt,MW,nem,NSW1
2017-10-24 20:50:00,0.0,gas_ocgt,MW,nem,NSW1
2017-10-24 20:55:00,0.0,gas_ocgt,MW,nem,NSW1
2017-10-24 21:00:00,0.0,gas_ocgt,MW,nem,NSW1
2017-10-24 21:05:00,0.0,gas_ocgt,MW,nem,NSW1
2017-10-24 21:10:00,0.0,gas_ocgt,MW,nem,NSW1
2017-10-24 21:15:00,0.0,gas_ocgt,MW,nem,NSW1
2017-10-24 21:20:00,0.0,gas_ocgt,MW,nem,NSW1
2017-10-24 21:25:00,0.0,gas_ocgt,MW,nem,NSW1
2017-10-24 21:30:00,0.0,gas_ocgt,MW,nem,NSW1
2017-10-24 21:35:00,0.0,gas_ocgt,MW,nem,NSW1
2017-10-24 21:40:00,0.0,gas_ocgt,MW,nem,NSW1
2017-10-24 21:45:00,0.0,gas_ocgt,MW,nem,NSW1
2017-10-24 21:50:00,0.0,gas_ocgt,MW,nem,NSW1
2017-10-24 21:55:00,0.0,gas_ocgt,MW,nem,NSW1
2017-10-24 22:00:00,0.0,gas_ocgt,MW,nem,NSW1
2017-10-24 22:05:00,0.0,gas_ocgt,MW,nem,NSW1
2017-10-24 22:10:00,0.0,gas_ocgt,MW,nem,NSW1
2017-10-24 22:15:00,0.0,gas_ocgt,MW,nem,NSW1
2017-10-24 22:20:00,0.0,gas_ocgt,MW,nem,NSW1
2017-10-24 22:25:00,0.0,gas_ocgt,MW,nem,NSW1
2017-10-24 22:30:00,0.0,gas_ocgt,MW,nem,NSW1
2017-10-24 22:35:00,0.0,gas_ocgt,MW,nem,NSW1
2017-10-24 22:40:00,0.0,gas_ocgt,MW,nem,NSW1
2017-10-24 22:45:00,0.0,gas_ocgt,MW,nem,NSW1
2017-10-24 22:50:00,0.0,gas_ocgt,MW,nem,NSW1
2017-10-24 22:55:00,0.0,gas_ocgt,MW,nem,NSW1
2017-10-24 23:00:00,0.0,gas_ocgt,MW,nem,NSW1
2017-10-24 23:05:00,0.0,gas_ocgt,MW,nem,NSW1
2017-10-24 23:10:00,0.0,gas_ocgt,MW,nem,NSW1
2017-10-24 23:15:00,0.0,gas_ocgt,MW,nem,NSW1
2017-10-24 23:20:00,0.0,gas_ocgt,MW,nem,NSW1
2017-10-24 23:25:00,0.0,gas_ocgt,MW,nem,NSW1
2017-10-24 23:30:00,0.0,gas_ocgt,MW,nem,NSW1
2017-10-24 23:35:00,0.0,gas_ocgt,MW,nem,NSW1
2017-10-24 23:40:00,0.0,gas_ocgt,MW,nem,NSW1
2017-10-24 23:45:00,0.0,gas_ocgt,MW,nem,NSW1
2017-10-24 23:50:00,0.0,gas_ocgt,MW,nem,NSW1
2017-10-24 23:55:00,0.0,gas_ocgt,MW,nem,NSW1
2017-10-25 00:00:00,0.0,gas_ocgt,MW,nem,NSW1
2017-10-25 00:05:00,0.0,gas_ocgt,MW,nem,NSW1
2017-10-25 00:10:00,0.0,gas_ocgt,MW,nem,NSW1
2017-10-25 00:15:00,0.0,gas_ocgt,MW,nem,NSW1
2017-10-25 00:20:00,0.0,gas_ocgt,MW,nem,NSW1
2017-10-25 00:25:00,0.0,gas_ocgt,MW,nem,NSW1
2017-10-25 00:30:00,0.0,gas_ocgt,MW,nem,NSW1
2017-10-25 00:35:00,0.0,gas_ocgt,MW,nem,NSW1
2017-10-25 00:40:00,0.0,gas_ocgt,MW,nem,NSW1
2017-10-25 00:45:00,0.0,gas_ocgt,MW,nem,NSW1
2017-10-25 00:50:00,0.0,gas_ocgt,MW,nem,NSW1
2017-10-25 00:55:00,0.0,gas_ocgt,MW,nem,NSW1
2017-10-25 01:00:00,0.0,gas_ocgt,MW,nem,NSW1
2017-10-25 01:05:00,0.0,gas_ocgt,MW,nem,NSW1
2017-10-25 01:10:00,0.0,gas_ocgt,MW,nem,NSW1
2017-10-25 01:15:00,0.0,gas_ocgt,MW,nem,NSW1
2017-10-25 01:20:00,0.0,gas_ocgt,MW,nem,NSW1
2017-10-25 01:25:00,0.0,gas_ocgt,MW,nem,NSW1
2017-10-25 01:30:00,0.0,gas_ocgt,MW,nem,NSW1
2017-10-25 01:35:00,0.0,gas_ocgt,MW,nem,NSW1
2017-10-25 01:40:00,0.0,gas_ocgt,MW,nem,NSW1
2017-10-25 01:45:00,0.0,gas_ocgt,MW,nem,NSW1
2017-10-25 01:50:00,0.0,gas_ocgt,MW,nem,NSW1
2017-10-25 01:55:00,0.0,gas_ocgt,MW,nem,NSW1
2017-10-25 02:00:00,0.0,gas_ocgt,MW,nem,NSW1
2017-10-25 02:05:00,0.0,gas_ocgt,MW,nem,NSW1
2017-10-25 02:10:00,0.0,gas_ocgt,MW,nem,NSW1
2017-10-25 02:15:00,0.0,gas_ocgt,MW,nem,NSW1
2017-10-25 02:20:00,0.0,gas_ocgt,MW,nem,NSW1
2017-10-25 02:25:00,0.0,gas_ocgt,MW,nem,NSW1
2017-10-25 02:30:00,0.0,gas_ocgt,MW,nem,NSW1
2017-10-25 02:35:00,0.0,gas_ocgt,MW,nem,NSW1
2017-10-25 02:40:00,0.0,gas_ocgt,MW,nem,NSW1
2017-10-25 02:45:00,0.0,gas_ocgt,MW,nem,NSW1
2017-10-25 02:50:00,0.0,gas_ocgt,MW,nem,NSW1
2017-10-25 02:55:00,0.0,gas_ocgt,MW,nem,NSW1
2017-10-25 03:00:00,0.0,gas_ocgt,MW,nem,NSW1
2017-10-25 03:05:00,0.0,gas_ocgt,MW,nem,NSW1
2017-10-25 03:10:00,0.0,gas_ocgt,MW,nem,NSW1
2017-10-25 03:15:00,0.0,gas_ocgt,MW,nem,NSW1
2017-10-25 03:20:00,0.0,gas_ocgt,MW,nem,NSW1
2017-10-25 03:25:00,0.0,gas_ocgt,MW,nem,NSW1
2017-10-25 03:30:00,0.0,gas_ocgt,MW,nem,NSW1
2017-10-25 03:35:00,0.0,gas_ocgt,MW,nem,NSW1
2017-10-25 03:40:00,0.0,gas_ocgt,MW,nem,NSW1
2017-10-25 03:45:00,0.0,gas_ocgt,MW,nem,NSW1
2017-10-25 03:50:00,0.0,gas_ocgt,MW,nem,NSW1
2017-10-25 03:55:00,0.0,gas_ocgt,MW,nem,NSW1
2017-10-25 04:00:00,0.0,gas_ocgt,MW,nem,NSW1
2017-10-25 04:05:00,0.0,gas_ocgt,MW,nem,NSW1
2017-10-25 04:10:00,0.0,gas_ocgt,MW,nem,NSW1
2017-10-25 04:15:00,0.0,gas_ocgt,MW,nem,NSW1
2017-10-25 04:20:00,0.0,gas_ocgt,MW,nem,NSW1
2017-10-25 04:25:00,0.0,gas_ocgt,MW,nem,NSW1
2017-10-25 04:30:00,0.0,gas_ocgt,MW,nem,NSW1
2017-10-25 04:35:00,0.0,gas_ocgt,MW,nem,NSW1
2017-10-25 04:40:00,0.0,gas_ocgt,MW,nem,NSW1
2017-10-25 04:45:00,0.0,gas_ocgt,MW,nem,NSW1
2017-10-25 04:50:00,0.0,gas_ocgt,MW,nem,NSW1
2017-10-25 04:55:00,0.0,gas_ocgt,MW,nem,NSW1
2017-10-25 05:00:00,0.0,gas_ocgt,MW,nem,NSW1
2017-10-25 05:05:00,0.0,gas_ocgt,MW,nem,NSW1
2017-10-25 05:10:00,0.0,gas_ocgt,MW,nem,NSW1
2017-10-25 05:15:00,0.0,gas_ocgt,MW,nem,NSW1
2017-10-25 05:20:00,0.0,gas_ocgt,MW,nem,NSW1
2017-10-25 05:25:00,0.0,gas_ocgt,MW,nem,NSW1
2017-10-25 05:30:00,0.0,gas_ocgt,MW,nem,NSW1
2017-10-25 05:35:00,0.0,gas_ocgt,MW,nem,NSW1
2017-10-25 05:40:00,0.0,gas_ocgt,MW,nem,NSW1
2017-10-25 05:45:00,0.0,gas_ocgt,MW,nem,NSW1
2017-10-25 05:50:00,0.0,gas_ocgt,MW,nem,NSW1
2017-10-25 05:55:00,0.0,gas_ocgt,MW,nem,NSW1
2017-10-25 06:00:00,0.0,gas_ocgt,MW,nem,NSW1
2017-10-25 06:05:00,0.0,gas_ocgt,MW,nem,NSW1
2017-10-25 06:10:00,0.0,gas_ocgt,MW,nem,NSW1
2017-10-25 06:15:00,0.0,gas_ocgt,MW,nem,NSW1
2017-10-25 06:20:00,-3.931,gas_ocgt,MW,nem,NSW1
2017-10-25 06:25:00,37.7,gas_ocgt,MW,nem,NSW1
2017-10-25 06:30:00,80.3,gas_ocgt,MW,nem,NSW1
2017-10-25 06:35:00,80.04,gas_ocgt,MW,nem,NSW1
2017-10-25 06:40:00,125.0,gas_ocgt,MW,nem,NSW1
2017-10-25 06:45:00,156.6,gas_ocgt,MW,nem,NSW1
2017-10-25 06:50:00,154.5,gas_ocgt,MW,nem,NSW1
2017-10-25 06:55:00,153.5,gas_ocgt,MW,nem,NSW1
2017-10-25 07:00:00,154.1,gas_ocgt,MW,nem,NSW1
2017-10-25 07:05:00,153.8,gas_ocgt,MW,nem,NSW1
2017-10-25 07:10:00,152.8,gas_ocgt,MW,nem,NSW1
2017-10-25 07:15:00,153.7,gas_ocgt,MW,nem,NSW1
2017-10-25 07:20:00,153.0,gas_ocgt,MW,nem,NSW1
2017-10-25 07:25:00,153.0,gas_ocgt,MW,nem,NSW1
2017-10-25 07:30:00,152.7,gas_ocgt,MW,nem,NSW1
2017-10-25 07:35:00,152.9,gas_ocgt,MW,nem,NSW1
2017-10-25 07:40:00,152.2,gas_ocgt,MW,nem,NSW1
2017-10-25 07:45:00,152.6,gas_ocgt,MW,nem,NSW1
2017-10-25 07:50:00,152.4,gas_ocgt,MW,nem,NSW1
2017-10-25 07:55:00,151.9,gas_ocgt,MW,nem,NSW1
2017-10-25 08:00:00,152.3,gas_ocgt,MW,nem,NSW1
2017-10-25 08:05:00,152.1,gas_ocgt,MW,nem,NSW1
2017-10-25 08:10:00,150.7,gas_ocgt,MW,nem,NSW1
2017-10-25 08:15:00,150.3,gas_ocgt,MW,nem,NSW1
2017-10-25 08:20:00,151.3,gas_ocgt,MW,nem,NSW1
2017-10-25 08:25:00,151.7,gas_ocgt,MW,nem,NSW1
2017-10-25 08:30:00,150.6,gas_ocgt,MW,nem,NSW1
2017-10-25 08:35:00,150.8,gas_ocgt,MW,nem,NSW1
2017-10-25 08:40:00,151.1,gas_ocgt,MW,nem,NSW1
2017-10-25 08:45:00,150.7,gas_ocgt,MW,nem,NSW1
2017-10-25 08:50:00,151.0,gas_ocgt,MW,nem,NSW1
2017-10-25 08:55:00,151.1,gas_ocgt,MW,nem,NSW1
2017-10-25 09:00:00,151.2,gas_ocgt,MW,nem,NSW1
2017-10-25 09:05:00,150.9,gas_ocgt,MW,nem,NSW1
2017-10-25 09:10:00,150.2,gas_ocgt,MW,nem,NSW1
2017-10-25 09:15:00,150.3,gas_ocgt,MW,nem,NSW1
2017-10-25 09:20:00,150.0,gas_ocgt,MW,nem,NSW1
2017-10-25 09:25:00,150.6,gas_ocgt,MW,nem,NSW1
2017-10-25 09:30:00,149.8,gas_ocgt,MW,nem,NSW1
2017-10-25 09:35:00,150.1,gas_ocgt,MW,nem,NSW1
2017-10-25 09:40:00,149.1,gas_ocgt,MW,nem,NSW1
2017-10-25 09:45:00,149.4,gas_ocgt,MW,nem,NSW1
2017-10-25 09:50:00,149.1,gas_ocgt,MW,nem,NSW1
2017-10-25 09:55:00,149.2,gas_ocgt,MW,nem,NSW1
2017-10-25 10:00:00,149.1,gas_ocgt,MW,nem,NSW1
2017-10-25 10:05:00,148.6,gas_ocgt,MW,nem,NSW1
2017-10-25 10:10:00,148.1,gas_ocgt,MW,nem,NSW1
2017-10-25 10:15:00,147.8,gas_ocgt,MW,nem,NSW1
2017-10-25 10:20:00,148.1,gas_ocgt,MW,nem,NSW1
2017-10-25 10:25:00,147.9,gas_ocgt,MW,nem,NSW1
2017-10-25 10:30:00,148.4,gas_ocgt,MW,nem,NSW1
2017-10-25 10:35:00,146.6,gas_ocgt,MW,nem,NSW1
2017-10-25 10:40:00,146.6,gas_ocgt,MW,nem,NSW1
2017-10-25 10:45:00,147.0,gas_ocgt,MW,nem,NSW1
2017-10-25 10:50:00,146.6,gas_ocgt,MW,nem,NSW1
2017-10-25 10:55:00,146.6,gas_ocgt,MW,nem,NSW1
2017-10-25 11:00:00,146.8,gas_ocgt,MW,nem,NSW1
2017-10-25 11:05:00,146.7,gas_ocgt,MW,nem,NSW1
2017-10-25 11:10:00,146.1,gas_ocgt,MW,nem,NSW1
2017-10-25 11:15:00,146.1,gas_ocgt,MW,nem,NSW1
2017-10-25 11:20:00,145.7,gas_ocgt,MW,nem,NSW1
2017-10-25 11:25:00,146.3,gas_ocgt,MW,nem,NSW1
2017-10-25 11:30:00,146.0,gas_ocgt,MW,nem,NSW1
2017-10-25 11:35:00,145.8,gas_ocgt,MW,nem,NSW1
2017-10-25 11:40:00,145.8,gas_ocgt,MW,nem,NSW1
2017-10-25 11:45:00,144.7,gas_ocgt,MW,nem,NSW1
2017-10-25 11:50:00,145.1,gas_ocgt,MW,nem,NSW1
2017-10-25 11:55:00,144.6,gas_ocgt,MW,nem,NSW1
2017-10-25 12:00:00,145.1,gas_ocgt,MW,nem,NSW1
2017-10-25 12:05:00,145.0,gas_ocgt,MW,nem,NSW1
2017-10-25 12:10:00,144.5,gas_ocgt,MW,nem,NSW1
2017-10-25 12:15:00,144.6,gas_ocgt,MW,nem,NSW1
2017-10-25 12:20:00,144.5,gas_ocgt,MW,nem,NSW1
2017-10-25 12:25:00,144.3,gas_ocgt,MW,nem,NSW1
2017-10-25 12:30:00,144.2,gas_ocgt,MW,nem,NSW1
2017-10-25 12:35:00,147.1,gas_ocgt,MW,nem,NSW1
2017-10-25 12:40:00,146.9,gas_ocgt,MW,nem,NSW1
2017-10-25 12:45:00,147.3,gas_ocgt,MW,nem,NSW1
2017-10-25 12:50:00,146.3,gas_ocgt,MW,nem,NSW1
2017-10-25 12:55:00,147.0,gas_ocgt,MW,nem,NSW1
2017-10-25 13:00:00,146.0,gas_ocgt,MW,nem,NSW1
2017-10-25 13:05:00,147.1,gas_ocgt,MW,nem,NSW1
2017-10-25 13:10:00,146.4,gas_ocgt,MW,nem,NSW1
2017-10-25 13:15:00,146.3,gas_ocgt,MW,nem,NSW1
2017-10-25 13:20:00,146.1,gas_ocgt,MW,nem,NSW1
2017-10-25 13:25:00,146.1,gas_ocgt,MW,nem,NSW1
2017-10-25 13:30:00,142.3,gas_ocgt,MW,nem,NSW1
2017-10-25 13:35:00,189.2,gas_ocgt,MW,nem,NSW1
2017-10-25 13:40:00,241.5,gas_ocgt,MW,nem,NSW1
2017-10-25 13:45:00,296.0,gas_ocgt,MW,nem,NSW1
2017-10-25 13:50:00,296.2,gas_ocgt,MW,nem,NSW1
2017-10-25 13:55:00,293.7,gas_ocgt,MW,nem,NSW1
2017-10-25 14:00:00,294.5,gas_ocgt,MW,nem,NSW1
2017-10-25 14:05:00,295.7,gas_ocgt,MW,nem,NSW1
2017-10-25 14:10:00,294.3,gas_ocgt,MW,nem,NSW1
2017-10-25 14:15:00,294.4,gas_ocgt,MW,nem,NSW1
2017-10-25 14:20:00,295.3,gas_ocgt,MW,nem,NSW1
2017-10-25 14:25:00,295.8,gas_ocgt,MW,nem,NSW1
2017-10-25 14:30:00,295.4,gas_ocgt,MW,nem,NSW1
2017-10-25 14:35:00,293.4,gas_ocgt,MW,nem,NSW1
2017-10-25 14:40:00,295.1,gas_ocgt,MW,nem,NSW1
2017-10-25 14:45:00,294.7,gas_ocgt,MW,nem,NSW1
2017-10-25 14:50:00,294.7,gas_ocgt,MW,nem,NSW1
2017-10-25 14:55:00,293.0,gas_ocgt,MW,nem,NSW1
2017-10-25 15:00:00,293.6,gas_ocgt,MW,nem,NSW1
2017-10-25 15:05:00,295.1,gas_ocgt,MW,nem,NSW1
2017-10-25 15:10:00,296.2,gas_ocgt,MW,nem,NSW1
2017-10-25 15:15:00,291.5,gas_ocgt,MW,nem,NSW1
2017-10-25 15:20:00,347.4,gas_ocgt,MW,nem,NSW1
2017-10-25 15:25:00,375.7,gas_ocgt,MW,nem,NSW1
2017-10-25 15:30:00,428.0,gas_ocgt,MW,nem,NSW1
2017-10-25 15:35:00,445.9,gas_ocgt,MW,nem,NSW1
2017-10-25 15:40:00,517.8,gas_ocgt,MW,nem,NSW1
2017-10-25 15:45:00,545.2,gas_ocgt,MW,nem,NSW1
2017-10-25 15:50:00,581.1,gas_ocgt,MW,nem,NSW1
2017-10-25 15:55:00,619.0,gas_ocgt,MW,nem,NSW1
2017-10-25 16:00:00,616.2,gas_ocgt,MW,nem,NSW1
2017-10-25 16:05:00,621.8,gas_ocgt,MW,nem,NSW1
2017-10-25 16:10:00,621.8,gas_ocgt,MW,nem,NSW1
2017-10-25 16:15:00,623.0,gas_ocgt,MW,nem,NSW1
2017-10-25 16:20:00,623.3,gas_ocgt,MW,nem,NSW1
2017-10-25 16:25:00,621.9,gas_ocgt,MW,nem,NSW1
2017-10-25 16:30:00,621.1,gas_ocgt,MW,nem,NSW1
2017-10-25 16:35:00,622.2,gas_ocgt,MW,nem,NSW1
2017-10-25 16:40:00,622.9,gas_ocgt,MW,nem,NSW1
2017-10-25 16:45:00,619.5,gas_ocgt,MW,nem,NSW1
2017-10-25 16:50:00,621.8,gas_ocgt,MW,nem,NSW1
2017-10-25 16:55:00,622.5,gas_ocgt,MW,nem,NSW1
2017-10-25 17:00:00,623.2,gas_ocgt,MW,nem,NSW1
2017-10-25 17:05:00,624.3,gas_ocgt,MW,nem,NSW1
2017-10-25 17:10:00,623.7,gas_ocgt,MW,nem,NSW1
2017-10-25 17:15:00,622.4,gas_ocgt,MW,nem,NSW1
2017-10-25 17:20:00,623.4,gas_ocgt,MW,nem,NSW1
2017-10-25 17:25:00,624.0,gas_ocgt,MW,nem,NSW1
2017-10-25 17:30:00,621.7,gas_ocgt,MW,nem,NSW1
2017-10-25 17:35:00,621.8,gas_ocgt,MW,nem,NSW1
2017-10-25 17:40:00,620.9,gas_ocgt,MW,nem,NSW1
2017-10-25 17:45:00,623.0,gas_ocgt,MW,nem,NSW1
2017-10-25 17:50:00,622.8,gas_ocgt,MW,nem,NSW1
2017-10-25 17:55:00,623.3,gas_ocgt,MW,nem,NSW1
2017-10-25 18:00:00,624.0,gas_ocgt,MW,nem,NSW1
2017-10-25 18:05:00,622.1,gas_ocgt,MW,nem,NSW1
2017-10-25 18:10:00,623.0,gas_ocgt,MW,nem,NSW1
2017-10-25 18:15:00,624.6,gas_ocgt,MW,nem,NSW1
2017-10-25 18:20:00,623.8,gas_ocgt,MW,nem,NSW1
2017-10-25 18:25:00,621.1,gas_ocgt,MW,nem,NSW1
2017-10-25 18:30:00,622.9,gas_ocgt,MW,nem,NSW1
2017-10-25 18:35:00,625.8,gas_ocgt,MW,nem,NSW1
2017-10-25 18:40:00,506.9,gas_ocgt,MW,nem,NSW1
2017-10-25 18:45:00,386.3,gas_ocgt,MW,nem,NSW1
2017-10-25 18:50:00,319.8,gas_ocgt,MW,nem,NSW1
2017-10-25 18:55:00,320.3,gas_ocgt,MW,nem,NSW1
2017-10-25 19:00:00,321.2,gas_ocgt,MW,nem,NSW1
2017-10-25 19:05:00,319.1,gas_ocgt,MW,nem,NSW1
2017-10-25 19:10:00,196.9,gas_ocgt,MW,nem,NSW1
2017-10-25 19:15:00,0.0,gas_ocgt,MW,nem,NSW1
2017-10-25 19:20:00,0.0,gas_ocgt,MW,nem,NSW1
2017-10-25 19:25:00,0.0,gas_ocgt,MW,nem,NSW1
2017-10-25 19:30:00,0.0,gas_ocgt,MW,nem,NSW1
2017-10-25 19:35:00,0.0,gas_ocgt,MW,nem,NSW1
2017-10-25 19:40:00,0.0,gas_ocgt,MW,nem,NSW1
2017-10-25 19:45:00,0.0,gas_ocgt,MW,nem,NSW1
2017-10-25 19:50:00,0.0,gas_ocgt,MW,nem,NSW1
2017-10-25 19:55:00,0.0,gas_ocgt,MW,nem,NSW1
2017-10-25 20:00:00,0.0,gas_ocgt,MW,nem,NSW1
2017-10-25 20:05:00,0.0,gas_ocgt,MW,nem,NSW1
2017-10-25 20:10:00,0.0,gas_ocgt,MW,nem,NSW1
2017-10-25 20:15:00,0.0,gas_ocgt,MW,nem,NSW1
2017-10-25 20:20:00,0.0,gas_ocgt,MW,nem,NSW1
2017-10-25 20:25:00,0.0,gas_ocgt,MW,nem,NSW1
2017-10-25 20:30:00,0.0,gas_ocgt,MW,nem,NSW1
2017-10-25 20:35:00,0.0,gas_ocgt,MW,nem,NSW1
2017-10-25 20:40:00,0.0,gas_ocgt,MW,nem,NSW1
2017-10-25 20:45:00,0.0,gas_ocgt,MW,nem,NSW1
2017-10-25 20:50:00,0.0,gas_ocgt,MW,nem,NSW1
2017-10-25 20:55:00,0.0,gas_ocgt,MW,nem,NSW1
2017-10-25 21:00:00,0.0,gas_ocgt,MW,nem,NSW1
2017-10-25 21:05:00,0.0,gas_ocgt,MW,nem,NSW1
2017-10-25 21:10:00,0.0,gas_ocgt,MW,nem,NSW1
2017-10-25 21:15:00,0.0,gas_ocgt,MW,nem,NSW1
2017-10-25 21:20:00,0.0,gas_ocgt,MW,nem,NSW1
2017-10-25 21:25:00,0.0,gas_ocgt,MW,nem,NSW1
2017-10-25 21:30:00,0.0,gas_ocgt,MW,nem,NSW1
2017-10-25 21:35:00,0.0,gas_ocgt,MW,nem,NSW1
2017-10-25 21:40:00,0.0,gas_ocgt,MW,nem,NSW1
2017-10-25 21:45:00,0.0,gas_ocgt,MW,nem,NSW1
2017-10-25 21:50:00,0.0,gas_ocgt,MW,nem,NSW1
2017-10-25 21:55:00,0.0,gas_ocgt,MW,nem,NSW1
2017-10-25 22:00:00,0.0,gas_ocgt,MW,nem,NSW1
2017-10-25 22:05:00,0.0,gas_ocgt,MW,nem,NSW1
2017-10-25 22:10:00,0.0,gas_ocgt,MW,nem,NSW1
2017-10-25 22:15:00,0.0,gas_ocgt,MW,nem,NSW1
2017-10-25 22:20:00,0.0,gas_ocgt,MW,nem,NSW1
2017-10-25 22:25:00,0.0,gas_ocgt,MW,nem,NSW1
2017-10-25 22:30:00,0.0,gas_ocgt,MW,nem,NSW1
2017-10-25 22:35:00,0.0,gas_ocgt,MW,nem,NSW1
2017-10-25 22:40:00,0.0,gas_ocgt,MW,nem,NSW1
2017-10-25 22:45:00,0.0,gas_ocgt,MW,nem,NSW1
2017-10-25 22:50:00,0.0,gas_ocgt,MW,nem,NSW1
2017-10-25 22:55:00,0.0,gas_ocgt,MW,nem,NSW1
2017-10-25 23:00:00,0.0,gas_ocgt,MW,nem,NSW1
2017-10-25 23:05:00,0.0,gas_ocgt,MW,nem,NSW1
2017-10-25 23:10:00,0.0,gas_ocgt,MW,nem,NSW1
2017-10-25 23:15:00,0.0,gas_ocgt,MW,nem,NSW1
2017-10-25 23:20:00,0.0,gas_ocgt,MW,nem,NSW1
2017-10-25 23:25:00,0.0,gas_ocgt,MW,nem,NSW1
2017-10-25 23:30:00,0.0,gas_ocgt,MW,nem,NSW1
2017-10-25 23:35:00,0.0,gas_ocgt,MW,nem,NSW1
2017-10-25 23:40:00,0.0,gas_ocgt,MW,nem,NSW1
2017-10-25 23:45:00,0.0,gas_ocgt,MW,nem,NSW1
2017-10-25 23:50:00,0.0,gas_ocgt,MW,nem,NSW1
2017-10-25 23:55:00,0.0,gas_ocgt,MW,nem,NSW1
2017-10-26 00:00:00,0.0,gas_ocgt,MW,nem,NSW1
2017-10-26 00:05:00,0.0,gas_ocgt,MW,nem,NSW1
2017-10-26 00:10:00,0.0,gas_ocgt,MW,nem,NSW1
2017-10-26 00:15:00,0.0,gas_ocgt,MW,nem,NSW1
2017-10-26 00:20:00,0.0,gas_ocgt,MW,nem,NSW1
2017-10-26 00:25:00,0.0,gas_ocgt,MW,nem,NSW1
2017-10-26 00:30:00,0.0,gas_ocgt,MW,nem,NSW1
2017-10-26 00:35:00,0.0,gas_ocgt,MW,nem,NSW1
2017-10-26 00:40:00,0.0,gas_ocgt,MW,nem,NSW1
2017-10-26 00:45:00,0.0,gas_ocgt,MW,nem,NSW1
2017-10-26 00:50:00,0.0,gas_ocgt,MW,nem,NSW1
2017-10-26 00:55:00,0.0,gas_ocgt,MW,nem,NSW1
2017-10-26 01:00:00,0.0,gas_ocgt,MW,nem,NSW1
2017-10-26 01:05:00,0.0,gas_ocgt,MW,nem,NSW1
2017-10-26 01:10:00,0.0,gas_ocgt,MW,nem,NSW1
2017-10-26 01:15:00,0.0,gas_ocgt,MW,nem,NSW1
2017-10-26 01:20:00,0.0,gas_ocgt,MW,nem,NSW1
2017-10-26 01:25:00,0.0,gas_ocgt,MW,nem,NSW1
2017-10-26 01:30:00,0.0,gas_ocgt,MW,nem,NSW1
2017-10-26 01:35:00,0.0,gas_ocgt,MW,nem,NSW1
2017-10-26 01:40:00,0.0,gas_ocgt,MW,nem,NSW1
2017-10-26 01:45:00,0.0,gas_ocgt,MW,nem,NSW1
2017-10-26 01:50:00,0.0,gas_ocgt,MW,nem,NSW1
2017-10-26 01:55:00,0.0,gas_ocgt,MW,nem,NSW1
2017-10-26 02:00:00,0.0,gas_ocgt,MW,nem,NSW1
2017-10-26 02:05:00,0.0,gas_ocgt,MW,nem,NSW1
2017-10-26 02:10:00,0.0,gas_ocgt,MW,nem,NSW1
2017-10-26 02:15:00,0.0,gas_ocgt,MW,nem,NSW1
2017-10-26 02:20:00,0.0,gas_ocgt,MW,nem,NSW1
2017-10-26 02:25:00,0.0,gas_ocgt,MW,nem,NSW1
2017-10-26 02:30:00,0.0,gas_ocgt,MW,nem,NSW1
2017-10-26 02:35:00,0.0,gas_ocgt,MW,nem,NSW1
2017-10-26 02:40:00,0.0,gas_ocgt,MW,nem,NSW1
2017-10-26 02:45:00,0.0,gas_ocgt,MW,nem,NSW1
2017-10-26 02:50:00,0.0,gas_ocgt,MW,nem,NSW1
2017-10-26 02:55:00,0.0,gas_ocgt,MW,nem,NSW1
2017-10-26 03:00:00,0.0,gas_ocgt,MW,nem,NSW1
2017-10-26 03:05:00,0.0,gas_ocgt,MW,nem,NSW1
2017-10-26 03:10:00,0.0,gas_ocgt,MW,nem,NSW1
2017-10-26 03:15:00,0.0,gas_ocgt,MW,nem,NSW1
2017-10-26 03:20:00,0.0,gas_ocgt,MW,nem,NSW1
2017-10-26 03:25:00,0.0,gas_ocgt,MW,nem,NSW1
2017-10-26 03:30:00,0.0,gas_ocgt,MW,nem,NSW1
2017-10-26 03:35:00,0.0,gas_ocgt,MW,nem,NSW1
2017-10-26 03:40:00,0.0,gas_ocgt,MW,nem,NSW1
2017-10-26 03:45:00,0.0,gas_ocgt,MW,nem,NSW1
2017-10-26 03:50:00,0.0,gas_ocgt,MW,nem,NSW1
2017-10-26 03:55:00,0.0,gas_ocgt,MW,nem,NSW1
2017-10-26 04:00:00,0.0,gas_ocgt,MW,nem,NSW1
2017-10-26 04:05:00,0.0,gas_ocgt,MW,nem,NSW1
2017-10-26 04:10:00,0.0,gas_ocgt,MW,nem,NSW1
2017-10-26 04:15:00,0.0,gas_ocgt,MW,nem,NSW1
2017-10-26 04:20:00,0.0,gas_ocgt,MW,nem,NSW1
2017-10-26 04:25:00,0.0,gas_ocgt,MW,nem,NSW1
2017-10-26 04:30:00,0.0,gas_ocgt,MW,nem,NSW1
2017-10-26 04:35:00,0.0,gas_ocgt,MW,nem,NSW1
2017-10-26 04:40:00,0.0,gas_ocgt,MW,nem,NSW1
2017-10-26 04:45:00,0.0,gas_ocgt,MW,nem,NSW1
2017-10-26 04:50:00,0.0,gas_ocgt,MW,nem,NSW1
2017-10-26 04:55:00,0.0,gas_ocgt,MW,nem,NSW1
2017-10-26 05:00:00,0.0,gas_ocgt,MW,nem,NSW1
2017-10-26 05:05:00,0.0,gas_ocgt,MW,nem,NSW1
2017-10-26 05:10:00,0.0,gas_ocgt,MW,nem,NSW1
2017-10-26 05:15:00,0.0,gas_ocgt,MW,nem,NSW1
2017-10-26 05:20:00,0.0,gas_ocgt,MW,nem,NSW1
2017-10-26 05:25:00,0.0,gas_ocgt,MW,nem,NSW1
2017-10-26 05:30:00,0.0,gas_ocgt,MW,nem,NSW1
2017-10-26 05:35:00,0.0,gas_ocgt,MW,nem,NSW1
2017-10-26 05:40:00,0.0,gas_ocgt,MW,nem,NSW1
2017-10-26 05:45:00,0.0,gas_ocgt,MW,nem,NSW1
2017-10-26 05:50:00,0.0,gas_ocgt,MW,nem,NSW1
2017-10-26 05:55:00,0.0,gas_ocgt,MW,nem,NSW1
2017-10-26 06:00:00,0.0,gas_ocgt,MW,nem,NSW1
2017-10-26 06:05:00,0.0,gas_ocgt,MW,nem,NSW1
2017-10-26 06:10:00,0.0,gas_ocgt,MW,nem,NSW1
2017-10-26 06:15:00,0.0,gas_ocgt,MW,nem,NSW1
2017-10-26 06:20:00,0.0,gas_ocgt,MW,nem,NSW1
2017-10-26 06:25:00,0.0,gas_ocgt,MW,nem,NSW1
2017-10-26 06:30:00,0.0,gas_ocgt,MW,nem,NSW1
2017-10-26 06:35:00,0.0,gas_ocgt,MW,nem,NSW1
2017-10-26 06:40:00,0.0,gas_ocgt,MW,nem,NSW1
2017-10-26 06:45:00,0.0,gas_ocgt,MW,nem,NSW1
2017-10-26 06:50:00,0.0,gas_ocgt,MW,nem,NSW1
2017-10-26 06:55:00,0.0,gas_ocgt,MW,nem,NSW1
2017-10-26 07:00:00,0.0,gas_ocgt,MW,nem,NSW1
2017-10-26 07:05:00,0.0,gas_ocgt,MW,nem,NSW1
2017-10-26 07:10:00,0.0,gas_ocgt,MW,nem,NSW1
2017-10-26 07:15:00,0.0,gas_ocgt,MW,nem,NSW1
2017-10-26 07:20:00,0.0,gas_ocgt,MW,nem,NSW1
2017-10-26 07:25:00,0.0,gas_ocgt,MW,nem,NSW1
2017-10-26 07:30:00,0.0,gas_ocgt,MW,nem,NSW1
2017-10-26 07:35:00,0.0,gas_ocgt,MW,nem,NSW1
2017-10-26 07:40:00,0.0,gas_ocgt,MW,nem,NSW1
2017-10-26 07:45:00,0.0,gas_ocgt,MW,nem,NSW1
2017-10-26 07:50:00,0.0,gas_ocgt,MW,nem,NSW1
2017-10-26 07:55:00,0.0,gas_ocgt,MW,nem,NSW1
2017-10-26 08:00:00,0.0,gas_ocgt,MW,nem,NSW1
2017-10-26 08:05:00,0.0,gas_ocgt,MW,nem,NSW1
2017-10-26 08:10:00,0.0,gas_ocgt,MW,nem,NSW1
2017-10-26 08:15:00,0.0,gas_ocgt,MW,nem,NSW1
2017-10-26 08:20:00,0.0,gas_ocgt,MW,nem,NSW1
2017-10-26 08:25:00,0.0,gas_ocgt,MW,nem,NSW1
2017-10-26 08:30:00,0.0,gas_ocgt,MW,nem,NSW1
2017-10-26 08:35:00,0.0,gas_ocgt,MW,nem,NSW1
2017-10-26 08:40:00,0.0,gas_ocgt,MW,nem,NSW1
2017-10-26 08:45:00,0.0,gas_ocgt,MW,nem,NSW1
2017-10-26 08:50:00,0.0,gas_ocgt,MW,nem,NSW1
2017-10-26 08:55:00,0.0,gas_ocgt,MW,nem,NSW1
2017-10-26 09:00:00,0.0,gas_ocgt,MW,nem,NSW1
2017-10-26 09:05:00,0.0,gas_ocgt,MW,nem,NSW1
2017-10-26 09:10:00,0.0,gas_ocgt,MW,nem,NSW1
2017-10-26 09:15:00,0.0,gas_ocgt,MW,nem,NSW1
2017-10-26 09:20:00,0.0,gas_ocgt,MW,nem,NSW1
2017-10-26 09:25:00,0.0,gas_ocgt,MW,nem,NSW1
2017-10-26 09:30:00,0.0,gas_ocgt,MW,nem,NSW1
2017-10-26 09:35:00,0.0,gas_ocgt,MW,nem,NSW1
2017-10-26 09:40:00,0.0,gas_ocgt,MW,nem,NSW1
2017-10-26 09:45:00,0.0,gas_ocgt,MW,nem,NSW1
2017-10-26 09:50:00,0.0,gas_ocgt,MW,nem,NSW1
2017-10-26 09:55:00,0.0,gas_ocgt,MW,nem,NSW1
2017-10-26 10:00:00,0.0,gas_ocgt,MW,nem,NSW1
2017-10-26 10:05:00,0.0,gas_ocgt,MW,nem,NSW1
2017-10-26 10:10:00,0.0,gas_ocgt,MW,nem,NSW1
2017-10-26 10:15:00,0.0,gas_ocgt,MW,nem,NSW1
2017-10-26 10:20:00,0.0,gas_ocgt,MW,nem,NSW1
2017-10-26 10:25:00,0.0,gas_ocgt,MW,nem,NSW1
2017-10-26 10:30:00,0.0,gas_ocgt,MW,nem,NSW1
2017-10-26 10:35:00,0.0,gas_ocgt,MW,nem,NSW1
2017-10-26 10:40:00,0.0,gas_ocgt,MW,nem,NSW1
2017-10-26 10:45:00,0.0,gas_ocgt,MW,nem,NSW1
2017-10-26 10:50:00,0.0,gas_ocgt,MW,nem,NSW1
2017-10-26 10:55:00,0.0,gas_ocgt,MW,nem,NSW1
2017-10-26 11:00:00,0.0,gas_ocgt,MW,nem,NSW1
2017-10-26 11:05:00,0.0,gas_ocgt,MW,nem,NSW1
2017-10-26 11:10:00,0.0,gas_ocgt,MW,nem,NSW1
2017-10-26 11:15:00,0.0,gas_ocgt,MW,nem,NSW1
2017-10-26 11:20:00,0.0,gas_ocgt,MW,nem,NSW1
2017-10-26 11:25:00,0.0,gas_ocgt,MW,nem,NSW1
2017-10-26 11:30:00,0.0,gas_ocgt,MW,nem,NSW1
2017-10-26 11:35:00,0.0,gas_ocgt,MW,nem,NSW1
2017-10-26 11:40:00,0.0,gas_ocgt,MW,nem,NSW1
2017-10-26 11:45:00,0.0,gas_ocgt,MW,nem,NSW1
2017-10-26 11:50:00,0.0,gas_ocgt,MW,nem,NSW1
2017-10-26 11:55:00,0.0,gas_ocgt,MW,nem,NSW1
2017-10-26 12:00:00,0.0,gas_ocgt,MW,nem,NSW1
2017-10-26 12:05:00,0.0,gas_ocgt,MW,nem,NSW1
2017-10-26 12:10:00,0.0,gas_ocgt,MW,nem,NSW1
2017-10-26 12:15:00,0.0,gas_ocgt,MW,nem,NSW1
2017-10-26 12:20:00,0.0,gas_ocgt,MW,nem,NSW1
2017-10-26 12:25:00,0.0,gas_ocgt,MW,nem,NSW1
2017-10-26 12:30:00,0.0,gas_ocgt,MW,nem,NSW1
2017-10-26 12:35:00,0.0,gas_ocgt,MW,nem,NSW1
2017-10-26 12:40:00,0.0,gas_ocgt,MW,nem,NSW1
2017-10-26 12:45:00,0.0,gas_ocgt,MW,nem,NSW1
2017-10-26 12:50:00,0.0,gas_ocgt,MW,nem,NSW1
2017-10-26 12:55:00,0.0,gas_ocgt,MW,nem,NSW1
2017-10-26 13:00:00,0.0,gas_ocgt,MW,nem,NSW1
2017-10-26 13:05:00,0.0,gas_ocgt,MW,nem,NSW1
2017-10-26 13:10:00,0.0,gas_ocgt,MW,nem,NSW1
2017-10-26 13:15:00,0.0,gas_ocgt,MW,nem,NSW1
2017-10-26 13:20:00,0.0,gas_ocgt,MW,nem,NSW1
2017-10-26 13:25:00,0.0,gas_ocgt,MW,nem,NSW1
2017-10-26 13:30:00,0.0,gas_ocgt,MW,nem,NSW1
2017-10-26 13:35:00,0.0,gas_ocgt,MW,nem,NSW1
2017-10-26 13:40:00,0.0,gas_ocgt,MW,nem,NSW1
2017-10-26 13:45:00,0.0,gas_ocgt,MW,nem,NSW1
2017-10-26 13:50:00,0.0,gas_ocgt,MW,nem,NSW1
2017-10-26 13:55:00,0.0,gas_ocgt,MW,nem,NSW1
2017-10-26 14:00:00,0.0,gas_ocgt,MW,nem,NSW1
2017-10-26 14:05:00,0.0,gas_ocgt,MW,nem,NSW1
2017-10-26 14:10:00,0.0,gas_ocgt,MW,nem,NSW1
2017-10-26 14:15:00,0.0,gas_ocgt,MW,nem,NSW1
2017-10-26 14:20:00,0.0,gas_ocgt,MW,nem,NSW1
2017-10-26 14:25:00,0.0,gas_ocgt,MW,nem,NSW1
2017-10-26 14:30:00,0.0,gas_ocgt,MW,nem,NSW1
2017-10-26 14:35:00,0.0,gas_ocgt,MW,nem,NSW1
2017-10-26 14:40:00,0.0,gas_ocgt,MW,nem,NSW1
2017-10-26 14:45:00,0.0,gas_ocgt,MW,nem,NSW1
2017-10-26 14:50:00,0.0,gas_ocgt,MW,nem,NSW1
2017-10-26 14:55:00,0.0,gas_ocgt,MW,nem,NSW1
2017-10-26 15:00:00,0.0,gas_ocgt,MW,nem,NSW1
2017-10-26 15:05:00,0.0,gas_ocgt,MW,nem,NSW1
2017-10-26 15:10:00,0.0,gas_ocgt,MW,nem,NSW1
2017-10-26 15:15:00,0.0,gas_ocgt,MW,nem,NSW1
2017-10-26 15:20:00,0.0,gas_ocgt,MW,nem,NSW1
2017-10-26 15:25:00,0.0,gas_ocgt,MW,nem,NSW1
2017-10-26 15:30:00,0.0,gas_ocgt,MW,nem,NSW1
2017-10-26 15:35:00,0.0,gas_ocgt,MW,nem,NSW1
2017-10-26 15:40:00,0.0,gas_ocgt,MW,nem,NSW1
2017-10-26 15:45:00,0.0,gas_ocgt,MW,nem,NSW1
2017-10-26 15:50:00,0.0,gas_ocgt,MW,nem,NSW1
2017-10-26 15:55:00,0.0,gas_ocgt,MW,nem,NSW1
2017-10-26 16:00:00,0.0,gas_ocgt,MW,nem,NSW1
2017-10-26 16:05:00,0.0,gas_ocgt,MW,nem,NSW1
2017-10-26 16:10:00,0.0,gas_ocgt,MW,nem,NSW1
2017-10-26 16:15:00,0.0,gas_ocgt,MW,nem,NSW1
2017-10-26 16:20:00,0.0,gas_ocgt,MW,nem,NSW1
2017-10-26 16:25:00,0.0,gas_ocgt,MW,nem,NSW1
2017-10-26 16:30:00,0.0,gas_ocgt,MW,nem,NSW1
2017-10-26 16:35:00,0.0,gas_ocgt,MW,nem,NSW1
2017-10-26 16:40:00,0.0,gas_ocgt,MW,nem,NSW1
2017-10-26 16:45:00,0.0,gas_ocgt,MW,nem,NSW1
2017-10-26 16:50:00,0.0,gas_ocgt,MW,nem,NSW1
2017-10-26 16:55:00,0.0,gas_ocgt,MW,nem,NSW1
2017-10-26 17:00:00,0.0,gas_ocgt,MW,nem,NSW1
2017-10-26 17:05:00,0.0,gas_ocgt,MW,nem,NSW1
2017-10-26 17:10:00,0.0,gas_ocgt,MW,nem,NSW1
2017-10-26 17:15:00,0.0,gas_ocgt,MW,nem,NSW1
2017-10-26 17:20:00,0.0,gas_ocgt,MW,nem,NSW1
2017-10-26 17:25:00,0.0,gas_ocgt,MW,nem,NSW1
2017-10-26 17:30:00,0.0,gas_ocgt,MW,nem,NSW1
2017-10-26 17:35:00,0.0,gas_ocgt,MW,nem,NSW1
2017-10-26 17:40:00,0.0,gas_ocgt,MW,nem,NSW1
2017-10-26 17:45:00,0.0,gas_ocgt,MW,nem,NSW1
2017-10-26 17:50:00,0.0,gas_ocgt,MW,nem,NSW1
2017-10-26 17:55:00,0.0,gas_ocgt,MW,nem,NSW1
2017-10-26 18:00:00,0.0,gas_ocgt,MW,nem,NSW1
2017-10-26 18:05:00,0.0,gas_ocgt,MW,nem,NSW1
2017-10-26 18:10:00,0.0,gas_ocgt,MW,nem,NSW1
2017-10-26 18:15:00,0.0,gas_ocgt,MW,nem,NSW1
2017-10-26 18:20:00,0.0,gas_ocgt,MW,nem,NSW1
2017-10-26 18:25:00,0.0,gas_ocgt,MW,nem,NSW1
2017-10-26 18:30:00,0.0,gas_ocgt,MW,nem,NSW1
2017-10-26 18:35:00,0.0,gas_ocgt,MW,nem,NSW1
2017-10-26 18:40:00,0.0,gas_ocgt,MW,nem,NSW1
2017-10-26 18:45:00,0.0,gas_ocgt,MW,nem,NSW1
2017-10-26 18:50:00,0.0,gas_ocgt,MW,nem,NSW1
2017-10-26 18:55:00,0.0,gas_ocgt,MW,nem,NSW1
2017-10-26 19:00:00,0.0,gas_ocgt,MW,nem,NSW1
2017-10-26 19:05:00,0.0,gas_ocgt,MW,nem,NSW1
2017-10-26 19:10:00,0.0,gas_ocgt,MW,nem,NSW1
2017-10-26 19:15:00,0.0,gas_ocgt,MW,nem,NSW1
2017-10-26 19:20:00,0.0,gas_ocgt,MW,nem,NSW1
2017-10-26 19:25:00,0.0,gas_ocgt,MW,nem,NSW1
2017-10-26 19:30:00,0.0,gas_ocgt,MW,nem,NSW1
2017-10-26 19:35:00,0.0,gas_ocgt,MW,nem,NSW1
2017-10-26 19:40:00,0.0,gas_ocgt,MW,nem,NSW1
2017-10-26 19:45:00,0.0,gas_ocgt,MW,nem,NSW1
2017-10-26 19:50:00,0.0,gas_ocgt,MW,nem,NSW1
2017-10-26 19:55:00,0.0,gas_ocgt,MW,nem,NSW1
2017-10-26 20:00:00,0.0,gas_ocgt,MW,nem,NSW1
2017-10-26 20:05:00,0.0,gas_ocgt,MW,nem,NSW1
2017-10-26 20:10:00,0.0,gas_ocgt,MW,nem,NSW1
2017-10-26 20:15:00,0.0,gas_ocgt,MW,nem,NSW1
2017-10-26 20:20:00,0.0,gas_ocgt,MW,nem,NSW1
2017-10-26 20:25:00,0.0,gas_ocgt,MW,nem,NSW1
2017-10-26 20:30:00,0.0,gas_ocgt,MW,nem,NSW1
2017-10-26 20:35:00,0.0,gas_ocgt,MW,nem,NSW1
2017-10-26 20:40:00,0.0,gas_ocgt,MW,nem,NSW1
2017-10-26 20:45:00,0.0,gas_ocgt,MW,nem,NSW1
2017-10-26 20:50:00,0.0,gas_ocgt,MW,nem,NSW1
2017-10-26 20:55:00,0.0,gas_ocgt,MW,nem,NSW1
2017-10-26 21:00:00,0.0,gas_ocgt,MW,nem,NSW1
2017-10-26 21:05:00,0.0,gas_ocgt,MW,nem,NSW1
2017-10-26 21:10:00,0.0,gas_ocgt,MW,nem,NSW1
2017-10-26 21:15:00,0.0,gas_ocgt,MW,nem,NSW1
2017-10-26 21:20:00,0.0,gas_ocgt,MW,nem,NSW1
2017-10-26 21:25:00,0.0,gas_ocgt,MW,nem,NSW1
2017-10-26 21:30:00,0.0,gas_ocgt,MW,nem,NSW1
2017-10-26 21:35:00,0.0,gas_ocgt,MW,nem,NSW1
2017-10-26 21:40:00,0.0,gas_ocgt,MW,nem,NSW1
2017-10-26 21:45:00,0.0,gas_ocgt,MW,nem,NSW1
2017-10-26 21:50:00,0.0,gas_ocgt,MW,nem,NSW1
2017-10-26 21:55:00,0.0,gas_ocgt,MW,nem,NSW1
2017-10-26 22:00:00,0.0,gas_ocgt,MW,nem,NSW1
2017-10-26 22:05:00,0.0,gas_ocgt,MW,nem,NSW1
2017-10-26 22:10:00,0.0,gas_ocgt,MW,nem,NSW1
2017-10-26 22:15:00,0.0,gas_ocgt,MW,nem,NSW1
2017-10-26 22:20:00,0.0,gas_ocgt,MW,nem,NSW1
2017-10-26 22:25:00,0.0,gas_ocgt,MW,nem,NSW1
2017-10-26 22:30:00,0.0,gas_ocgt,MW,nem,NSW1
2017-10-26 22:35:00,0.0,gas_ocgt,MW,nem,NSW1
2017-10-26 22:40:00,0.0,gas_ocgt,MW,nem,NSW1
2017-10-26 22:45:00,0.0,gas_ocgt,MW,nem,NSW1
2017-10-26 22:50:00,0.0,gas_ocgt,MW,nem,NSW1
2017-10-26 22:55:00,0.0,gas_ocgt,MW,nem,NSW1
2017-10-26 23:00:00,0.0,gas_ocgt,MW,nem,NSW1
2017-10-26 23:05:00,0.0,gas_ocgt,MW,nem,NSW1
2017-10-26 23:10:00,0.0,gas_ocgt,MW,nem,NSW1
2017-10-26 23:15:00,0.0,gas_ocgt,MW,nem,NSW1
2017-10-26 23:20:00,0.0,gas_ocgt,MW,nem,NSW1
2017-10-26 23:25:00,0.0,gas_ocgt,MW,nem,NSW1
2017-10-26 23:30:00,0.0,gas_ocgt,MW,nem,NSW1
2017-10-26 23:35:00,0.0,gas_ocgt,MW,nem,NSW1
2017-10-26 23:40:00,0.0,gas_ocgt,MW,nem,NSW1
2017-10-26 23:45:00,0.0,gas_ocgt,MW,nem,NSW1
2017-10-26 23:50:00,0.0,gas_ocgt,MW,nem,NSW1
2017-10-26 23:55:00,0.0,gas_ocgt,MW,nem,NSW1
2017-10-27 00:00:00,0.0,gas_ocgt,MW,nem,NSW1
2017-10-27 00:05:00,0.0,gas_ocgt,MW,nem,NSW1
2017-10-27 00:10:00,0.0,gas_ocgt,MW,nem,NSW1
2017-10-27 00:15:00,0.0,gas_ocgt,MW,nem,NSW1
2017-10-27 00:20:00,0.0,gas_ocgt,MW,nem,NSW1
2017-10-27 00:25:00,0.0,gas_ocgt,MW,nem,NSW1
2017-10-27 00:30:00,0.0,gas_ocgt,MW,nem,NSW1
2017-10-27 00:35:00,0.0,gas_ocgt,MW,nem,NSW1
2017-10-27 00:40:00,0.0,gas_ocgt,MW,nem,NSW1
2017-10-27 00:45:00,0.0,gas_ocgt,MW,nem,NSW1
2017-10-27 00:50:00,0.0,gas_ocgt,MW,nem,NSW1
2017-10-27 00:55:00,0.0,gas_ocgt,MW,nem,NSW1
2017-10-27 01:00:00,0.0,gas_ocgt,MW,nem,NSW1
2017-10-27 01:05:00,0.0,gas_ocgt,MW,nem,NSW1
2017-10-27 01:10:00,0.0,gas_ocgt,MW,nem,NSW1
2017-10-27 01:15:00,0.0,gas_ocgt,MW,nem,NSW1
2017-10-27 01:20:00,0.0,gas_ocgt,MW,nem,NSW1
2017-10-27 01:25:00,0.0,gas_ocgt,MW,nem,NSW1
2017-10-27 01:30:00,0.0,gas_ocgt,MW,nem,NSW1
2017-10-27 01:35:00,0.0,gas_ocgt,MW,nem,NSW1
2017-10-27 01:40:00,0.0,gas_ocgt,MW,nem,NSW1
2017-10-27 01:45:00,0.0,gas_ocgt,MW,nem,NSW1
2017-10-27 01:50:00,0.0,gas_ocgt,MW,nem,NSW1
2017-10-27 01:55:00,0.0,gas_ocgt,MW,nem,NSW1
2017-10-27 02:00:00,0.0,gas_ocgt,MW,nem,NSW1
2017-10-27 02:05:00,0.0,gas_ocgt,MW,nem,NSW1
2017-10-27 02:10:00,0.0,gas_ocgt,MW,nem,NSW1
2017-10-27 02:15:00,0.0,gas_ocgt,MW,nem,NSW1
2017-10-27 02:20:00,0.0,gas_ocgt,MW,nem,NSW1
2017-10-27 02:25:00,0.0,gas_ocgt,MW,nem,NSW1
2017-10-27 02:30:00,0.0,gas_ocgt,MW,nem,NSW1
2017-10-27 02:35:00,0.0,gas_ocgt,MW,nem,NSW1
2017-10-27 02:40:00,0.0,gas_ocgt,MW,nem,NSW1
2017-10-27 02:45:00,0.0,gas_ocgt,MW,nem,NSW1
2017-10-27 02:50:00,0.0,gas_ocgt,MW,nem,NSW1
2017-10-27 02:55:00,0.0,gas_ocgt,MW,nem,NSW1
2017-10-27 03:00:00,0.0,gas_ocgt,MW,nem,NSW1
2017-10-27 03:05:00,0.0,gas_ocgt,MW,nem,NSW1
2017-10-27 03:10:00,0.0,gas_ocgt,MW,nem,NSW1
2017-10-27 03:15:00,0.0,gas_ocgt,MW,nem,NSW1
2017-10-27 03:20:00,0.0,gas_ocgt,MW,nem,NSW1
2017-10-27 03:25:00,0.0,gas_ocgt,MW,nem,NSW1
2017-10-27 03:30:00,0.0,gas_ocgt,MW,nem,NSW1
2017-10-27 03:35:00,0.0,gas_ocgt,MW,nem,NSW1
2017-10-27 03:40:00,0.0,gas_ocgt,MW,nem,NSW1
2017-10-27 03:45:00,0.0,gas_ocgt,MW,nem,NSW1
2017-10-27 03:50:00,0.0,gas_ocgt,MW,nem,NSW1
2017-10-27 03:55:00,0.0,gas_ocgt,MW,nem,NSW1
2017-10-27 04:00:00,0.0,gas_ocgt,MW,nem,NSW1
2017-10-27 04:05:00,0.0,gas_ocgt,MW,nem,NSW1
2017-10-27 04:10:00,0.0,gas_ocgt,MW,nem,NSW1
2017-10-27 04:15:00,0.0,gas_ocgt,MW,nem,NSW1
2017-10-27 04:20:00,0.0,gas_ocgt,MW,nem,NSW1
2017-10-27 04:25:00,0.0,gas_ocgt,MW,nem,NSW1
2017-10-27 04:30:00,0.0,gas_ocgt,MW,nem,NSW1
2017-10-27 04:35:00,0.0,gas_ocgt,MW,nem,NSW1
2017-10-27 04:40:00,0.0,gas_ocgt,MW,nem,NSW1
2017-10-27 04:45:00,0.0,gas_ocgt,MW,nem,NSW1
2017-10-27 04:50:00,0.0,gas_ocgt,MW,nem,NSW1
2017-10-27 04:55:00,0.0,gas_ocgt,MW,nem,NSW1
2017-10-27 05:00:00,0.0,gas_ocgt,MW,nem,NSW1
2017-10-27 05:05:00,0.0,gas_ocgt,MW,nem,NSW1
2017-10-27 05:10:00,0.0,gas_ocgt,MW,nem,NSW1
2017-10-27 05:15:00,0.0,gas_ocgt,MW,nem,NSW1
2017-10-27 05:20:00,0.0,gas_ocgt,MW,nem,NSW1
2017-10-27 05:25:00,0.0,gas_ocgt,MW,nem,NSW1
2017-10-27 05:30:00,0.0,gas_ocgt,MW,nem,NSW1
2017-10-27 05:35:00,0.0,gas_ocgt,MW,nem,NSW1
2017-10-27 05:40:00,0.0,gas_ocgt,MW,nem,NSW1
2017-10-27 05:45:00,0.0,gas_ocgt,MW,nem,NSW1
2017-10-27 05:50:00,0.0,gas_ocgt,MW,nem,NSW1
2017-10-27 05:55:00,0.0,gas_ocgt,MW,nem,NSW1
2017-10-27 06:00:00,0.0,gas_ocgt,MW,nem,NSW1
2017-10-27 06:05:00,0.0,gas_ocgt,MW,nem,NSW1
2017-10-27 06:10:00,0.0,gas_ocgt,MW,nem,NSW1
2017-10-27 06:15:00,0.0,gas_ocgt,MW,nem,NSW1
2017-10-27 06:20:00,0.0,gas_ocgt,MW,nem,NSW1
2017-10-27 06:25:00,0.0,gas_ocgt,MW,nem,NSW1
2017-10-27 06:30:00,0.0,gas_ocgt,MW,nem,NSW1
2017-10-27 06:35:00,0.0,gas_ocgt,MW,nem,NSW1
2017-10-27 06:40:00,0.0,gas_ocgt,MW,nem,NSW1
2017-10-27 06:45:00,0.0,gas_ocgt,MW,nem,NSW1
2017-10-27 06:50:00,0.0,gas_ocgt,MW,nem,NSW1
2017-10-27 06:55:00,0.0,gas_ocgt,MW,nem,NSW1
2017-10-27 07:00:00,0.0,gas_ocgt,MW,nem,NSW1
2017-10-27 07:05:00,0.0,gas_ocgt,MW,nem,NSW1
2017-10-27 07:10:00,0.0,gas_ocgt,MW,nem,NSW1
2017-10-27 07:15:00,0.0,gas_ocgt,MW,nem,NSW1
2017-10-27 07:20:00,0.0,gas_ocgt,MW,nem,NSW1
2017-10-27 07:25:00,0.0,gas_ocgt,MW,nem,NSW1
2017-10-27 07:30:00,0.0,gas_ocgt,MW,nem,NSW1
2017-10-27 07:35:00,0.0,gas_ocgt,MW,nem,NSW1
2017-10-27 07:40:00,0.0,gas_ocgt,MW,nem,NSW1
2017-10-27 07:45:00,0.0,gas_ocgt,MW,nem,NSW1
2017-10-27 07:50:00,0.0,gas_ocgt,MW,nem,NSW1
2017-10-27 07:55:00,0.0,gas_ocgt,MW,nem,NSW1
2017-10-27 08:00:00,0.0,gas_ocgt,MW,nem,NSW1
2017-10-27 08:05:00,0.0,gas_ocgt,MW,nem,NSW1
2017-10-27 08:10:00,0.0,gas_ocgt,MW,nem,NSW1
2017-10-27 08:15:00,0.0,gas_ocgt,MW,nem,NSW1
2017-10-27 08:20:00,0.0,gas_ocgt,MW,nem,NSW1
2017-10-27 08:25:00,0.0,gas_ocgt,MW,nem,NSW1
2017-10-27 08:30:00,0.0,gas_ocgt,MW,nem,NSW1
2017-10-27 08:35:00,0.0,gas_ocgt,MW,nem,NSW1
2017-10-27 08:40:00,0.0,gas_ocgt,MW,nem,NSW1
2017-10-27 08:45:00,0.0,gas_ocgt,MW,nem,NSW1
2017-10-27 08:50:00,0.0,gas_ocgt,MW,nem,NSW1
2017-10-27 08:55:00,0.0,gas_ocgt,MW,nem,NSW1
2017-10-27 09:00:00,0.0,gas_ocgt,MW,nem,NSW1
2017-10-27 09:05:00,0.0,gas_ocgt,MW,nem,NSW1
2017-10-27 09:10:00,0.0,gas_ocgt,MW,nem,NSW1
2017-10-27 09:15:00,0.0,gas_ocgt,MW,nem,NSW1
2017-10-27 09:20:00,0.0,gas_ocgt,MW,nem,NSW1
2017-10-27 09:25:00,0.0,gas_ocgt,MW,nem,NSW1
2017-10-27 09:30:00,0.0,gas_ocgt,MW,nem,NSW1
2017-10-27 09:35:00,0.0,gas_ocgt,MW,nem,NSW1
2017-10-27 09:40:00,0.0,gas_ocgt,MW,nem,NSW1
2017-10-27 09:45:00,0.0,gas_ocgt,MW,nem,NSW1
2017-10-27 09:50:00,0.0,gas_ocgt,MW,nem,NSW1
2017-10-27 09:55:00,0.0,gas_ocgt,MW,nem,NSW1
2017-10-27 10:00:00,0.0,gas_ocgt,MW,nem,NSW1
2017-10-27 10:05:00,0.0,gas_ocgt,MW,nem,NSW1
2017-10-27 10:10:00,0.0,gas_ocgt,MW,nem,NSW1
2017-10-27 10:15:00,0.0,gas_ocgt,MW,nem,NSW1
2017-10-27 10:20:00,0.0,gas_ocgt,MW,nem,NSW1
2017-10-27 10:25:00,0.0,gas_ocgt,MW,nem,NSW1
2017-10-27 10:30:00,0.0,gas_ocgt,MW,nem,NSW1
2017-10-27 10:35:00,0.0,gas_ocgt,MW,nem,NSW1
2017-10-27 10:40:00,0.0,gas_ocgt,MW,nem,NSW1
2017-10-27 10:45:00,0.0,gas_ocgt,MW,nem,NSW1
2017-10-27 10:50:00,0.0,gas_ocgt,MW,nem,NSW1
2017-10-27 10:55:00,0.0,gas_ocgt,MW,nem,NSW1
2017-10-27 11:00:00,0.0,gas_ocgt,MW,nem,NSW1
2017-10-27 11:05:00,0.0,gas_ocgt,MW,nem,NSW1
2017-10-27 11:10:00,0.0,gas_ocgt,MW,nem,NSW1
2017-10-27 11:15:00,0.0,gas_ocgt,MW,nem,NSW1
2017-10-27 11:20:00,0.0,gas_ocgt,MW,nem,NSW1
2017-10-27 11:25:00,0.0,gas_ocgt,MW,nem,NSW1
2017-10-27 11:30:00,0.0,gas_ocgt,MW,nem,NSW1
2017-10-27 11:35:00,0.0,gas_ocgt,MW,nem,NSW1
2017-10-27 11:40:00,0.0,gas_ocgt,MW,nem,NSW1
2017-10-27 11:45:00,0.0,gas_ocgt,MW,nem,NSW1
2017-10-27 11:50:00,0.0,gas_ocgt,MW,nem,NSW1
2017-10-27 11:55:00,0.0,gas_ocgt,MW,nem,NSW1
2017-10-27 12:00:00,0.0,gas_ocgt,MW,nem,NSW1
2017-10-27 12:05:00,0.0,gas_ocgt,MW,nem,NSW1
2017-10-27 12:10:00,0.0,gas_ocgt,MW,nem,NSW1
2017-10-27 12:15:00,0.0,gas_ocgt,MW,nem,NSW1
2017-10-27 12:20:00,0.0,gas_ocgt,MW,nem,NSW1
2017-10-27 12:25:00,0.0,gas_ocgt,MW,nem,NSW1
2017-10-27 12:30:00,0.0,gas_ocgt,MW,nem,NSW1
2017-10-27 12:35:00,0.0,gas_ocgt,MW,nem,NSW1
2017-10-27 12:40:00,0.0,gas_ocgt,MW,nem,NSW1
2017-10-27 12:45:00,0.0,gas_ocgt,MW,nem,NSW1
2017-10-27 12:50:00,0.0,gas_ocgt,MW,nem,NSW1
2017-10-27 12:55:00,0.0,gas_ocgt,MW,nem,NSW1
2017-10-27 13:00:00,0.0,gas_ocgt,MW,nem,NSW1
2017-10-27 13:05:00,0.0,gas_ocgt,MW,nem,NSW1
2017-10-27 13:10:00,0.0,gas_ocgt,MW,nem,NSW1
2017-10-27 13:15:00,0.0,gas_ocgt,MW,nem,NSW1
2017-10-27 13:20:00,0.0,gas_ocgt,MW,nem,NSW1
2017-10-27 13:25:00,0.0,gas_ocgt,MW,nem,NSW1
2017-10-27 13:30:00,0.0,gas_ocgt,MW,nem,NSW1
2017-10-27 13:35:00,0.0,gas_ocgt,MW,nem,NSW1
2017-10-27 13:40:00,0.0,gas_ocgt,MW,nem,NSW1
2017-10-27 13:45:00,0.0,gas_ocgt,MW,nem,NSW1
2017-10-27 13:50:00,0.0,gas_ocgt,MW,nem,NSW1
2017-10-27 13:55:00,0.0,gas_ocgt,MW,nem,NSW1
2017-10-27 14:00:00,0.0,gas_ocgt,MW,nem,NSW1
2017-10-27 14:05:00,0.0,gas_ocgt,MW,nem,NSW1
2017-10-27 14:10:00,0.0,gas_ocgt,MW,nem,NSW1
2017-10-27 14:15:00,0.0,gas_ocgt,MW,nem,NSW1
2017-10-27 14:20:00,0.0,gas_ocgt,MW,nem,NSW1
2017-10-27 14:25:00,0.0,gas_ocgt,MW,nem,NSW1
2017-10-27 14:30:00,0.0,gas_ocgt,MW,nem,NSW1
2017-10-27 14:35:00,0.0,gas_ocgt,MW,nem,NSW1
2017-10-27 14:40:00,0.0,gas_ocgt,MW,nem,NSW1
2017-10-27 14:45:00,0.0,gas_ocgt,MW,nem,NSW1
2017-10-27 14:50:00,0.0,gas_ocgt,MW,nem,NSW1
2017-10-27 14:55:00,0.0,gas_ocgt,MW,nem,NSW1
2017-10-27 15:00:00,0.0,gas_ocgt,MW,nem,NSW1
2017-10-27 15:05:00,0.0,gas_ocgt,MW,nem,NSW1
2017-10-27 15:10:00,0.0,gas_ocgt,MW,nem,NSW1
2017-10-27 15:15:00,0.0,gas_ocgt,MW,nem,NSW1
2017-10-27 15:20:00,0.0,gas_ocgt,MW,nem,NSW1
2017-10-27 15:25:00,0.0,gas_ocgt,MW,nem,NSW1
2017-10-27 15:30:00,0.0,gas_ocgt,MW,nem,NSW1
2017-10-27 15:35:00,0.0,gas_ocgt,MW,nem,NSW1
2017-10-27 15:40:00,0.0,gas_ocgt,MW,nem,NSW1
2017-10-27 15:45:00,0.0,gas_ocgt,MW,nem,NSW1
2017-10-27 15:50:00,0.0,gas_ocgt,MW,nem,NSW1
2017-10-27 15:55:00,0.0,gas_ocgt,MW,nem,NSW1
2017-10-27 16:00:00,0.0,gas_ocgt,MW,nem,NSW1
2017-10-27 16:05:00,0.0,gas_ocgt,MW,nem,NSW1
2017-10-27 16:10:00,0.0,gas_ocgt,MW,nem,NSW1
2017-10-27 16:15:00,0.0,gas_ocgt,MW,nem,NSW1
2017-10-27 16:20:00,0.0,gas_ocgt,MW,nem,NSW1
2017-10-27 16:25:00,0.0,gas_ocgt,MW,nem,NSW1
2017-10-27 16:30:00,0.0,gas_ocgt,MW,nem,NSW1
2017-10-27 16:35:00,0.0,gas_ocgt,MW,nem,NSW1
2017-10-27 16:40:00,0.0,gas_ocgt,MW,nem,NSW1
2017-10-27 16:45:00,0.0,gas_ocgt,MW,nem,NSW1
2017-10-27 16:50:00,0.0,gas_ocgt,MW,nem,NSW1
2017-10-27 16:55:00,0.0,gas_ocgt,MW,nem,NSW1
2017-10-27 17:00:00,0.0,gas_ocgt,MW,nem,NSW1
2017-10-27 17:05:00,0.0,gas_ocgt,MW,nem,NSW1
2017-10-27 17:10:00,0.0,gas_ocgt,MW,nem,NSW1
2017-10-27 17:15:00,0.0,gas_ocgt,MW,nem,NSW1
2017-10-27 17:20:00,0.0,gas_ocgt,MW,nem,NSW1
2017-10-27 17:25:00,0.0,gas_ocgt,MW,nem,NSW1
2017-10-27 17:30:00,0.0,gas_ocgt,MW,nem,NSW1
2017-10-27 17:35:00,0.0,gas_ocgt,MW,nem,NSW1
2017-10-27 17:40:00,0.0,gas_ocgt,MW,nem,NSW1
2017-10-27 17:45:00,0.0,gas_ocgt,MW,nem,NSW1
2017-10-27 17:50:00,0.0,gas_ocgt,MW,nem,NSW1
2017-10-27 17:55:00,0.0,gas_ocgt,MW,nem,NSW1
2017-10-27 18:00:00,0.0,gas_ocgt,MW,nem,NSW1
2017-10-27 18:05:00,0.0,gas_ocgt,MW,nem,NSW1
2017-10-27 18:10:00,0.0,gas_ocgt,MW,nem,NSW1
2017-10-27 18:15:00,0.0,gas_ocgt,MW,nem,NSW1
2017-10-27 18:20:00,0.0,gas_ocgt,MW,nem,NSW1
2017-10-27 18:25:00,0.0,gas_ocgt,MW,nem,NSW1
2017-10-27 18:30:00,0.0,gas_ocgt,MW,nem,NSW1
2017-10-27 18:35:00,0.0,gas_ocgt,MW,nem,NSW1
2017-10-27 18:40:00,0.0,gas_ocgt,MW,nem,NSW1
2017-10-27 18:45:00,0.0,gas_ocgt,MW,nem,NSW1
2017-10-27 18:50:00,0.0,gas_ocgt,MW,nem,NSW1
2017-10-27 18:55:00,0.0,gas_ocgt,MW,nem,NSW1
2017-10-27 19:00:00,0.0,gas_ocgt,MW,nem,NSW1
2017-10-27 19:05:00,0.0,gas_ocgt,MW,nem,NSW1
2017-10-27 19:10:00,0.0,gas_ocgt,MW,nem,NSW1
2017-10-27 19:15:00,0.0,gas_ocgt,MW,nem,NSW1
2017-10-27 19:20:00,0.0,gas_ocgt,MW,nem,NSW1
2017-10-27 19:25:00,0.0,gas_ocgt,MW,nem,NSW1
2017-10-27 19:30:00,0.0,gas_ocgt,MW,nem,NSW1
2017-10-27 19:35:00,0.0,gas_ocgt,MW,nem,NSW1
2017-10-27 19:40:00,0.0,gas_ocgt,MW,nem,NSW1
2017-10-27 19:45:00,0.0,gas_ocgt,MW,nem,NSW1
2017-10-27 19:50:00,0.0,gas_ocgt,MW,nem,NSW1
2017-10-27 19:55:00,0.0,gas_ocgt,MW,nem,NSW1
2017-10-27 20:00:00,0.0,gas_ocgt,MW,nem,NSW1
2017-10-27 20:05:00,0.0,gas_ocgt,MW,nem,NSW1
2017-10-27 20:10:00,0.0,gas_ocgt,MW,nem,NSW1
2017-10-27 20:15:00,0.0,gas_ocgt,MW,nem,NSW1
2017-10-27 20:20:00,0.0,gas_ocgt,MW,nem,NSW1
2017-10-27 20:25:00,0.0,gas_ocgt,MW,nem,NSW1
2017-10-27 20:30:00,0.0,gas_ocgt,MW,nem,NSW1
2017-10-27 20:35:00,0.0,gas_ocgt,MW,nem,NSW1
2017-10-27 20:40:00,0.0,gas_ocgt,MW,nem,NSW1
2017-10-27 20:45:00,0.0,gas_ocgt,MW,nem,NSW1
2017-10-27 20:50:00,0.0,gas_ocgt,MW,nem,NSW1
2017-10-27 20:55:00,0.0,gas_ocgt,MW,nem,NSW1
2017-10-27 21:00:00,0.0,gas_ocgt,MW,nem,NSW1
2017-10-27 21:05:00,0.0,gas_ocgt,MW,nem,NSW1
2017-10-27 21:10:00,0.0,gas_ocgt,MW,nem,NSW1
2017-10-27 21:15:00,0.0,gas_ocgt,MW,nem,NSW1
2017-10-27 21:20:00,0.0,gas_ocgt,MW,nem,NSW1
2017-10-27 21:25:00,0.0,gas_ocgt,MW,nem,NSW1
2017-10-27 21:30:00,0.0,gas_ocgt,MW,nem,NSW1
2017-10-27 21:35:00,0.0,gas_ocgt,MW,nem,NSW1
2017-10-27 21:40:00,0.0,gas_ocgt,MW,nem,NSW1
2017-10-27 21:45:00,0.0,gas_ocgt,MW,nem,NSW1
2017-10-27 21:50:00,0.0,gas_ocgt,MW,nem,NSW1
2017-10-27 21:55:00,0.0,gas_ocgt,MW,nem,NSW1
2017-10-27 22:00:00,0.0,gas_ocgt,MW,nem,NSW1
2017-10-27 22:05:00,0.0,gas_ocgt,MW,nem,NSW1
2017-10-27 22:10:00,0.0,gas_ocgt,MW,nem,NSW1
2017-10-27 22:15:00,0.0,gas_ocgt,MW,nem,NSW1
2017-10-27 22:20:00,0.0,gas_ocgt,MW,nem,NSW1
2017-10-27 22:25:00,0.0,gas_ocgt,MW,nem,NSW1
2017-10-27 22:30:00,0.0,gas_ocgt,MW,nem,NSW1
2017-10-27 22:35:00,0.0,gas_ocgt,MW,nem,NSW1
2017-10-27 22:40:00,0.0,gas_ocgt,MW,nem,NSW1
2017-10-27 22:45:00,0.0,gas_ocgt,MW,nem,NSW1
2017-10-27 22:50:00,0.0,gas_ocgt,MW,nem,NSW1
2017-10-27 22:55:00,0.0,gas_ocgt,MW,nem,NSW1
2017-10-27 23:00:00,0.0,gas_ocgt,MW,nem,NSW1
2017-10-27 23:05:00,0.0,gas_ocgt,MW,nem,NSW1
2017-10-27 23:10:00,0.0,gas_ocgt,MW,nem,NSW1
2017-10-27 23:15:00,0.0,gas_ocgt,MW,nem,NSW1
2017-10-27 23:20:00,0.0,gas_ocgt,MW,nem,NSW1
2017-10-27 23:25:00,0.0,gas_ocgt,MW,nem,NSW1
2017-10-27 23:30:00,0.0,gas_ocgt,MW,nem,NSW1
2017-10-27 23:35:00,0.0,gas_ocgt,MW,nem,NSW1
2017-10-27 23:40:00,0.0,gas_ocgt,MW,nem,NSW1
2017-10-27 23:45:00,0.0,gas_ocgt,MW,nem,NSW1
2017-10-27 23:50:00,0.0,gas_ocgt,MW,nem,NSW1
2017-10-27 23:55:00,0.0,gas_ocgt,MW,nem,NSW1
2017-10-28 00:00:00,0.0,gas_ocgt,MW,nem,NSW1
2017-10-28 00:05:00,0.0,gas_ocgt,MW,nem,NSW1
2017-10-28 00:10:00,0.0,gas_ocgt,MW,nem,NSW1
2017-10-28 00:15:00,0.0,gas_ocgt,MW,nem,NSW1
2017-10-28 00:20:00,0.0,gas_ocgt,MW,nem,NSW1
2017-10-28 00:25:00,0.0,gas_ocgt,MW,nem,NSW1
2017-10-28 00:30:00,0.0,gas_ocgt,MW,nem,NSW1
2017-10-28 00:35:00,0.0,gas_ocgt,MW,nem,NSW1
2017-10-28 00:40:00,0.0,gas_ocgt,MW,nem,NSW1
2017-10-28 00:45:00,0.0,gas_ocgt,MW,nem,NSW1
2017-10-28 00:50:00,0.0,gas_ocgt,MW,nem,NSW1
2017-10-28 00:55:00,0.0,gas_ocgt,MW,nem,NSW1
2017-10-28 01:00:00,0.0,gas_ocgt,MW,nem,NSW1
2017-10-28 01:05:00,0.0,gas_ocgt,MW,nem,NSW1
2017-10-28 01:10:00,0.0,gas_ocgt,MW,nem,NSW1
2017-10-28 01:15:00,0.0,gas_ocgt,MW,nem,NSW1
2017-10-28 01:20:00,0.0,gas_ocgt,MW,nem,NSW1
2017-10-28 01:25:00,0.0,gas_ocgt,MW,nem,NSW1
2017-10-28 01:30:00,0.0,gas_ocgt,MW,nem,NSW1
2017-10-28 01:35:00,0.0,gas_ocgt,MW,nem,NSW1
2017-10-28 01:40:00,0.0,gas_ocgt,MW,nem,NSW1
2017-10-28 01:45:00,0.0,gas_ocgt,MW,nem,NSW1
2017-10-28 01:50:00,0.0,gas_ocgt,MW,nem,NSW1
2017-10-28 01:55:00,0.0,gas_ocgt,MW,nem,NSW1
2017-10-28 02:00:00,0.0,gas_ocgt,MW,nem,NSW1
2017-10-28 02:05:00,0.0,gas_ocgt,MW,nem,NSW1
2017-10-28 02:10:00,0.0,gas_ocgt,MW,nem,NSW1
2017-10-28 02:15:00,0.0,gas_ocgt,MW,nem,NSW1
2017-10-28 02:20:00,0.0,gas_ocgt,MW,nem,NSW1
2017-10-28 02:25:00,0.0,gas_ocgt,MW,nem,NSW1
2017-10-28 02:30:00,0.0,gas_ocgt,MW,nem,NSW1
2017-10-28 02:35:00,0.0,gas_ocgt,MW,nem,NSW1
2017-10-28 02:40:00,0.0,gas_ocgt,MW,nem,NSW1
2017-10-28 02:45:00,0.0,gas_ocgt,MW,nem,NSW1
2017-10-28 02:50:00,0.0,gas_ocgt,MW,nem,NSW1
2017-10-28 02:55:00,0.0,gas_ocgt,MW,nem,NSW1
2017-10-28 03:00:00,0.0,gas_ocgt,MW,nem,NSW1
2017-10-28 03:05:00,0.0,gas_ocgt,MW,nem,NSW1
2017-10-28 03:10:00,0.0,gas_ocgt,MW,nem,NSW1
2017-10-28 03:15:00,0.0,gas_ocgt,MW,nem,NSW1
2017-10-28 03:20:00,0.0,gas_ocgt,MW,nem,NSW1
2017-10-28 03:25:00,0.0,gas_ocgt,MW,nem,NSW1
2017-10-28 03:30:00,0.0,gas_ocgt,MW,nem,NSW1
2017-10-28 03:35:00,0.0,gas_ocgt,MW,nem,NSW1
2017-10-28 03:40:00,0.0,gas_ocgt,MW,nem,NSW1
2017-10-28 03:45:00,0.0,gas_ocgt,MW,nem,NSW1
2017-10-28 03:50:00,0.0,gas_ocgt,MW,nem,NSW1
2017-10-28 03:55:00,0.0,gas_ocgt,MW,nem,NSW1
2017-10-28 04:00:00,0.0,gas_ocgt,MW,nem,NSW1
2017-10-28 04:05:00,0.0,gas_ocgt,MW,nem,NSW1
2017-10-28 04:10:00,0.0,gas_ocgt,MW,nem,NSW1
2017-10-28 04:15:00,0.0,gas_ocgt,MW,nem,NSW1
2017-10-28 04:20:00,0.0,gas_ocgt,MW,nem,NSW1
2017-10-28 04:25:00,0.0,gas_ocgt,MW,nem,NSW1
2017-10-28 04:30:00,0.0,gas_ocgt,MW,nem,NSW1
2017-10-28 04:35:00,0.0,gas_ocgt,MW,nem,NSW1
2017-10-28 04:40:00,0.0,gas_ocgt,MW,nem,NSW1
2017-10-28 04:45:00,0.0,gas_ocgt,MW,nem,NSW1
2017-10-28 04:50:00,0.0,gas_ocgt,MW,nem,NSW1
2017-10-28 04:55:00,0.0,gas_ocgt,MW,nem,NSW1
2017-10-28 05:00:00,0.0,gas_ocgt,MW,nem,NSW1
2017-10-28 05:05:00,0.0,gas_ocgt,MW,nem,NSW1
2017-10-28 05:10:00,0.0,gas_ocgt,MW,nem,NSW1
2017-10-28 05:15:00,0.0,gas_ocgt,MW,nem,NSW1
2017-10-28 05:20:00,0.0,gas_ocgt,MW,nem,NSW1
2017-10-28 05:25:00,0.0,gas_ocgt,MW,nem,NSW1
2017-10-28 05:30:00,0.0,gas_ocgt,MW,nem,NSW1
2017-10-28 05:35:00,0.0,gas_ocgt,MW,nem,NSW1
2017-10-28 05:40:00,0.0,gas_ocgt,MW,nem,NSW1
2017-10-28 05:45:00,0.0,gas_ocgt,MW,nem,NSW1
2017-10-28 05:50:00,0.0,gas_ocgt,MW,nem,NSW1
2017-10-28 05:55:00,0.0,gas_ocgt,MW,nem,NSW1
2017-10-28 06:00:00,0.0,gas_ocgt,MW,nem,NSW1
2017-10-28 06:05:00,0.0,gas_ocgt,MW,nem,NSW1
2017-10-28 06:10:00,0.0,gas_ocgt,MW,nem,NSW1
2017-10-28 06:15:00,0.0,gas_ocgt,MW,nem,NSW1
2017-10-28 06:20:00,0.0,gas_ocgt,MW,nem,NSW1
2017-10-28 06:25:00,0.0,gas_ocgt,MW,nem,NSW1
2017-10-28 06:30:00,0.0,gas_ocgt,MW,nem,NSW1
2017-10-28 06:35:00,0.0,gas_ocgt,MW,nem,NSW1
2017-10-28 06:40:00,0.0,gas_ocgt,MW,nem,NSW1
2017-10-28 06:45:00,0.0,gas_ocgt,MW,nem,NSW1
2017-10-28 06:50:00,0.0,gas_ocgt,MW,nem,NSW1
2017-10-28 06:55:00,0.0,gas_ocgt,MW,nem,NSW1
2017-10-28 07:00:00,0.0,gas_ocgt,MW,nem,NSW1
2017-10-28 07:05:00,0.0,gas_ocgt,MW,nem,NSW1
2017-10-28 07:10:00,0.0,gas_ocgt,MW,nem,NSW1
2017-10-28 07:15:00,0.0,gas_ocgt,MW,nem,NSW1
2017-10-28 07:20:00,0.0,gas_ocgt,MW,nem,NSW1
2017-10-28 07:25:00,0.0,gas_ocgt,MW,nem,NSW1
2017-10-28 07:30:00,0.0,gas_ocgt,MW,nem,NSW1
2017-10-28 07:35:00,0.0,gas_ocgt,MW,nem,NSW1
2017-10-28 07:40:00,0.0,gas_ocgt,MW,nem,NSW1
2017-10-28 07:45:00,0.0,gas_ocgt,MW,nem,NSW1
2017-10-28 07:50:00,0.0,gas_ocgt,MW,nem,NSW1
2017-10-28 07:55:00,0.0,gas_ocgt,MW,nem,NSW1
2017-10-28 08:00:00,0.0,gas_ocgt,MW,nem,NSW1
2017-10-28 08:05:00,0.0,gas_ocgt,MW,nem,NSW1
2017-10-28 08:10:00,0.0,gas_ocgt,MW,nem,NSW1
2017-10-28 08:15:00,0.0,gas_ocgt,MW,nem,NSW1
2017-10-28 08:20:00,0.0,gas_ocgt,MW,nem,NSW1
2017-10-28 08:25:00,0.0,gas_ocgt,MW,nem,NSW1
2017-10-28 08:30:00,0.0,gas_ocgt,MW,nem,NSW1
2017-10-28 08:35:00,0.0,gas_ocgt,MW,nem,NSW1
2017-10-28 08:40:00,0.0,gas_ocgt,MW,nem,NSW1
2017-10-28 08:45:00,0.0,gas_ocgt,MW,nem,NSW1
2017-10-28 08:50:00,0.0,gas_ocgt,MW,nem,NSW1
2017-10-28 08:55:00,0.0,gas_ocgt,MW,nem,NSW1
2017-10-28 09:00:00,0.0,gas_ocgt,MW,nem,NSW1
2017-10-28 09:05:00,0.0,gas_ocgt,MW,nem,NSW1
2017-10-28 09:10:00,0.0,gas_ocgt,MW,nem,NSW1
2017-10-28 09:15:00,0.0,gas_ocgt,MW,nem,NSW1
2017-10-28 09:20:00,0.0,gas_ocgt,MW,nem,NSW1
2017-10-28 09:25:00,0.0,gas_ocgt,MW,nem,NSW1
2017-10-28 09:30:00,0.0,gas_ocgt,MW,nem,NSW1
2017-10-28 09:35:00,0.0,gas_ocgt,MW,nem,NSW1
2017-10-28 09:40:00,0.0,gas_ocgt,MW,nem,NSW1
2017-10-28 09:45:00,0.0,gas_ocgt,MW,nem,NSW1
2017-10-28 09:50:00,0.0,gas_ocgt,MW,nem,NSW1
2017-10-28 09:55:00,0.0,gas_ocgt,MW,nem,NSW1
2017-10-28 10:00:00,0.0,gas_ocgt,MW,nem,NSW1
2017-10-28 10:05:00,0.0,gas_ocgt,MW,nem,NSW1
2017-10-28 10:10:00,0.0,gas_ocgt,MW,nem,NSW1
2017-10-28 10:15:00,0.0,gas_ocgt,MW,nem,NSW1
2017-10-28 10:20:00,0.0,gas_ocgt,MW,nem,NSW1
2017-10-28 10:25:00,0.0,gas_ocgt,MW,nem,NSW1
2017-10-28 10:30:00,0.0,gas_ocgt,MW,nem,NSW1
2017-10-28 10:35:00,0.0,gas_ocgt,MW,nem,NSW1
2017-10-28 10:40:00,0.0,gas_ocgt,MW,nem,NSW1
2017-10-28 10:45:00,0.0,gas_ocgt,MW,nem,NSW1
2017-10-28 10:50:00,0.0,gas_ocgt,MW,nem,NSW1
2017-10-28 10:55:00,0.0,gas_ocgt,MW,nem,NSW1
2017-10-28 11:00:00,0.0,gas_ocgt,MW,nem,NSW1
2017-10-28 11:05:00,0.0,gas_ocgt,MW,nem,NSW1
2017-10-28 11:10:00,0.0,gas_ocgt,MW,nem,NSW1
2017-10-28 11:15:00,0.0,gas_ocgt,MW,nem,NSW1
2017-10-28 11:20:00,0.0,gas_ocgt,MW,nem,NSW1
2017-10-28 11:25:00,0.0,gas_ocgt,MW,nem,NSW1
2017-10-28 11:30:00,0.0,gas_ocgt,MW,nem,NSW1
2017-10-28 11:35:00,0.0,gas_ocgt,MW,nem,NSW1
2017-10-28 11:40:00,0.0,gas_ocgt,MW,nem,NSW1
2017-10-28 11:45:00,0.0,gas_ocgt,MW,nem,NSW1
2017-10-28 11:50:00,0.0,gas_ocgt,MW,nem,NSW1
2017-10-28 11:55:00,0.0,gas_ocgt,MW,nem,NSW1
2017-10-28 12:00:00,0.0,gas_ocgt,MW,nem,NSW1
2017-10-28 12:05:00,0.0,gas_ocgt,MW,nem,NSW1
2017-10-28 12:10:00,0.0,gas_ocgt,MW,nem,NSW1
2017-10-28 12:15:00,0.0,gas_ocgt,MW,nem,NSW1
2017-10-28 12:20:00,0.0,gas_ocgt,MW,nem,NSW1
2017-10-28 12:25:00,0.0,gas_ocgt,MW,nem,NSW1
2017-10-28 12:30:00,0.0,gas_ocgt,MW,nem,NSW1
2017-10-28 12:35:00,0.0,gas_ocgt,MW,nem,NSW1
2017-10-28 12:40:00,0.0,gas_ocgt,MW,nem,NSW1
2017-10-28 12:45:00,0.0,gas_ocgt,MW,nem,NSW1
2017-10-28 12:50:00,0.0,gas_ocgt,MW,nem,NSW1
2017-10-28 12:55:00,0.0,gas_ocgt,MW,nem,NSW1
2017-10-28 13:00:00,0.0,gas_ocgt,MW,nem,NSW1
2017-10-28 13:05:00,0.0,gas_ocgt,MW,nem,NSW1
2017-10-28 13:10:00,0.0,gas_ocgt,MW,nem,NSW1
2017-10-28 13:15:00,0.0,gas_ocgt,MW,nem,NSW1
2017-10-28 13:20:00,0.0,gas_ocgt,MW,nem,NSW1
2017-10-28 13:25:00,0.0,gas_ocgt,MW,nem,NSW1
2017-10-28 13:30:00,0.0,gas_ocgt,MW,nem,NSW1
2017-10-28 13:35:00,0.0,gas_ocgt,MW,nem,NSW1
2017-10-28 13:40:00,0.0,gas_ocgt,MW,nem,NSW1
2017-10-28 13:45:00,0.0,gas_ocgt,MW,nem,NSW1
2017-10-28 13:50:00,0.0,gas_ocgt,MW,nem,NSW1
2017-10-28 13:55:00,0.0,gas_ocgt,MW,nem,NSW1
2017-10-28 14:00:00,0.0,gas_ocgt,MW,nem,NSW1
2017-10-28 14:05:00,0.0,gas_ocgt,MW,nem,NSW1
2017-10-28 14:10:00,0.0,gas_ocgt,MW,nem,NSW1
2017-10-28 14:15:00,0.0,gas_ocgt,MW,nem,NSW1
2017-10-28 14:20:00,0.0,gas_ocgt,MW,nem,NSW1
2017-10-28 14:25:00,0.0,gas_ocgt,MW,nem,NSW1
2017-10-28 14:30:00,0.0,gas_ocgt,MW,nem,NSW1
2017-10-28 14:35:00,0.0,gas_ocgt,MW,nem,NSW1
2017-10-28 14:40:00,0.0,gas_ocgt,MW,nem,NSW1
2017-10-28 14:45:00,0.0,gas_ocgt,MW,nem,NSW1
2017-10-28 14:50:00,0.0,gas_ocgt,MW,nem,NSW1
2017-10-28 14:55:00,0.0,gas_ocgt,MW,nem,NSW1
2017-10-28 15:00:00,0.0,gas_ocgt,MW,nem,NSW1
2017-10-28 15:05:00,0.0,gas_ocgt,MW,nem,NSW1
2017-10-28 15:10:00,0.0,gas_ocgt,MW,nem,NSW1
2017-10-28 15:15:00,0.0,gas_ocgt,MW,nem,NSW1
2017-10-28 15:20:00,0.0,gas_ocgt,MW,nem,NSW1
2017-10-28 15:25:00,0.0,gas_ocgt,MW,nem,NSW1
2017-10-28 15:30:00,0.0,gas_ocgt,MW,nem,NSW1
2017-10-28 15:35:00,0.0,gas_ocgt,MW,nem,NSW1
2017-10-28 15:40:00,0.0,gas_ocgt,MW,nem,NSW1
2017-10-28 15:45:00,0.0,gas_ocgt,MW,nem,NSW1
2017-10-28 15:50:00,0.0,gas_ocgt,MW,nem,NSW1
2017-10-28 15:55:00,0.0,gas_ocgt,MW,nem,NSW1
2017-10-28 16:00:00,0.0,gas_ocgt,MW,nem,NSW1
2017-10-28 16:05:00,0.0,gas_ocgt,MW,nem,NSW1
2017-10-28 16:10:00,0.0,gas_ocgt,MW,nem,NSW1
2017-10-28 16:15:00,0.0,gas_ocgt,MW,nem,NSW1
2017-10-28 16:20:00,0.0,gas_ocgt,MW,nem,NSW1
2017-10-28 16:25:00,0.0,gas_ocgt,MW,nem,NSW1
2017-10-28 16:30:00,0.0,gas_ocgt,MW,nem,NSW1
2017-10-28 16:35:00,0.0,gas_ocgt,MW,nem,NSW1
2017-10-28 16:40:00,0.0,gas_ocgt,MW,nem,NSW1
2017-10-28 16:45:00,0.0,gas_ocgt,MW,nem,NSW1
2017-10-28 16:50:00,0.0,gas_ocgt,MW,nem,NSW1
2017-10-28 16:55:00,0.0,gas_ocgt,MW,nem,NSW1
2017-10-28 17:00:00,0.0,gas_ocgt,MW,nem,NSW1
2017-10-28 17:05:00,0.0,gas_ocgt,MW,nem,NSW1
2017-10-28 17:10:00,0.0,gas_ocgt,MW,nem,NSW1
2017-10-28 17:15:00,0.0,gas_ocgt,MW,nem,NSW1
2017-10-28 17:20:00,0.0,gas_ocgt,MW,nem,NSW1
2017-10-28 17:25:00,0.0,gas_ocgt,MW,nem,NSW1
2017-10-28 17:30:00,0.0,gas_ocgt,MW,nem,NSW1
2017-10-28 17:35:00,0.0,gas_ocgt,MW,nem,NSW1
2017-10-28 17:40:00,0.0,gas_ocgt,MW,nem,NSW1
2017-10-28 17:45:00,0.0,gas_ocgt,MW,nem,NSW1
2017-10-28 17:50:00,0.0,gas_ocgt,MW,nem,NSW1
2017-10-28 17:55:00,0.0,gas_ocgt,MW,nem,NSW1
2017-10-28 18:00:00,0.0,gas_ocgt,MW,nem,NSW1
2017-10-28 18:05:00,0.0,gas_ocgt,MW,nem,NSW1
2017-10-28 18:10:00,0.0,gas_ocgt,MW,nem,NSW1
2017-10-28 18:15:00,0.0,gas_ocgt,MW,nem,NSW1
2017-10-28 18:20:00,0.0,gas_ocgt,MW,nem,NSW1
2017-10-28 18:25:00,0.0,gas_ocgt,MW,nem,NSW1
2017-10-28 18:30:00,0.0,gas_ocgt,MW,nem,NSW1
2017-10-28 18:35:00,0.0,gas_ocgt,MW,nem,NSW1
2017-10-28 18:40:00,0.0,gas_ocgt,MW,nem,NSW1
2017-10-28 18:45:00,0.0,gas_ocgt,MW,nem,NSW1
2017-10-28 18:50:00,0.0,gas_ocgt,MW,nem,NSW1
2017-10-28 18:55:00,0.0,gas_ocgt,MW,nem,NSW1
2017-10-28 19:00:00,0.0,gas_ocgt,MW,nem,NSW1
2017-10-28 19:05:00,0.0,gas_ocgt,MW,nem,NSW1
2017-10-28 19:10:00,0.0,gas_ocgt,MW,nem,NSW1
2017-10-28 19:15:00,0.0,gas_ocgt,MW,nem,NSW1
2017-10-28 19:20:00,0.0,gas_ocgt,MW,nem,NSW1
2017-10-28 19:25:00,0.0,gas_ocgt,MW,nem,NSW1
2017-10-28 19:30:00,0.0,gas_ocgt,MW,nem,NSW1
2017-10-28 19:35:00,0.0,gas_ocgt,MW,nem,NSW1
2017-10-28 19:40:00,0.0,gas_ocgt,MW,nem,NSW1
2017-10-28 19:45:00,0.0,gas_ocgt,MW,nem,NSW1
2017-10-28 19:50:00,0.0,gas_ocgt,MW,nem,NSW1
2017-10-28 19:55:00,0.0,gas_ocgt,MW,nem,NSW1
2017-10-28 20:00:00,0.0,gas_ocgt,MW,nem,NSW1
2017-10-28 20:05:00,0.0,gas_ocgt,MW,nem,NSW1
2017-10-28 20:10:00,0.0,gas_ocgt,MW,nem,NSW1
2017-10-28 20:15:00,0.0,gas_ocgt,MW,nem,NSW1
2017-10-28 20:20:00,0.0,gas_ocgt,MW,nem,NSW1
2017-10-28 20:25:00,0.0,gas_ocgt,MW,nem,NSW1
2017-10-28 20:30:00,0.0,gas_ocgt,MW,nem,NSW1
2017-10-28 20:35:00,0.0,gas_ocgt,MW,nem,NSW1
2017-10-28 20:40:00,0.0,gas_ocgt,MW,nem,NSW1
2017-10-28 20:45:00,0.0,gas_ocgt,MW,nem,NSW1
2017-10-28 20:50:00,0.0,gas_ocgt,MW,nem,NSW1
2017-10-28 20:55:00,0.0,gas_ocgt,MW,nem,NSW1
2017-10-28 21:00:00,0.0,gas_ocgt,MW,nem,NSW1
2017-10-28 21:05:00,0.0,gas_ocgt,MW,nem,NSW1
2017-10-28 21:10:00,0.0,gas_ocgt,MW,nem,NSW1
2017-10-28 21:15:00,0.0,gas_ocgt,MW,nem,NSW1
2017-10-28 21:20:00,0.0,gas_ocgt,MW,nem,NSW1
2017-10-28 21:25:00,0.0,gas_ocgt,MW,nem,NSW1
2017-10-28 21:30:00,0.0,gas_ocgt,MW,nem,NSW1
2017-10-28 21:35:00,0.0,gas_ocgt,MW,nem,NSW1
2017-10-28 21:40:00,0.0,gas_ocgt,MW,nem,NSW1
2017-10-28 21:45:00,0.0,gas_ocgt,MW,nem,NSW1
2017-10-28 21:50:00,0.0,gas_ocgt,MW,nem,NSW1
2017-10-28 21:55:00,0.0,gas_ocgt,MW,nem,NSW1
2017-10-28 22:00:00,0.0,gas_ocgt,MW,nem,NSW1
2017-10-28 22:05:00,0.0,gas_ocgt,MW,nem,NSW1
2017-10-28 22:10:00,0.0,gas_ocgt,MW,nem,NSW1
2017-10-28 22:15:00,0.0,gas_ocgt,MW,nem,NSW1
2017-10-28 22:20:00,0.0,gas_ocgt,MW,nem,NSW1
2017-10-28 22:25:00,0.0,gas_ocgt,MW,nem,NSW1
2017-10-28 22:30:00,0.0,gas_ocgt,MW,nem,NSW1
2017-10-28 22:35:00,0.0,gas_ocgt,MW,nem,NSW1
2017-10-28 22:40:00,0.0,gas_ocgt,MW,nem,NSW1
2017-10-28 22:45:00,0.0,gas_ocgt,MW,nem,NSW1
2017-10-28 22:50:00,0.0,gas_ocgt,MW,nem,NSW1
2017-10-28 22:55:00,0.0,gas_ocgt,MW,nem,NSW1
2017-10-28 23:00:00,0.0,gas_ocgt,MW,nem,NSW1
2017-10-28 23:05:00,0.0,gas_ocgt,MW,nem,NSW1
2017-10-28 23:10:00,0.0,gas_ocgt,MW,nem,NSW1
2017-10-28 23:15:00,0.0,gas_ocgt,MW,nem,NSW1
2017-10-28 23:20:00,0.0,gas_ocgt,MW,nem,NSW1
2017-10-28 23:25:00,0.0,gas_ocgt,MW,nem,NSW1
2017-10-28 23:30:00,0.0,gas_ocgt,MW,nem,NSW1
2017-10-28 23:35:00,0.0,gas_ocgt,MW,nem,NSW1
2017-10-28 23:40:00,0.0,gas_ocgt,MW,nem,NSW1
2017-10-28 23:45:00,0.0,gas_ocgt,MW,nem,NSW1
2017-10-28 23:50:00,0.0,gas_ocgt,MW,nem,NSW1
2017-10-28 23:55:00,0.0,gas_ocgt,MW,nem,NSW1
2017-10-29 00:00:00,0.0,gas_ocgt,MW,nem,NSW1
2017-10-29 00:05:00,0.0,gas_ocgt,MW,nem,NSW1
2017-10-29 00:10:00,0.0,gas_ocgt,MW,nem,NSW1
2017-10-29 00:15:00,0.0,gas_ocgt,MW,nem,NSW1
2017-10-29 00:20:00,0.0,gas_ocgt,MW,nem,NSW1
2017-10-29 00:25:00,0.0,gas_ocgt,MW,nem,NSW1
2017-10-29 00:30:00,0.0,gas_ocgt,MW,nem,NSW1
2017-10-29 00:35:00,0.0,gas_ocgt,MW,nem,NSW1
2017-10-29 00:40:00,0.0,gas_ocgt,MW,nem,NSW1
2017-10-29 00:45:00,0.0,gas_ocgt,MW,nem,NSW1
2017-10-29 00:50:00,0.0,gas_ocgt,MW,nem,NSW1
2017-10-29 00:55:00,0.0,gas_ocgt,MW,nem,NSW1
2017-10-29 01:00:00,0.0,gas_ocgt,MW,nem,NSW1
2017-10-29 01:05:00,0.0,gas_ocgt,MW,nem,NSW1
2017-10-29 01:10:00,0.0,gas_ocgt,MW,nem,NSW1
2017-10-29 01:15:00,0.0,gas_ocgt,MW,nem,NSW1
2017-10-29 01:20:00,0.0,gas_ocgt,MW,nem,NSW1
2017-10-29 01:25:00,0.0,gas_ocgt,MW,nem,NSW1
2017-10-29 01:30:00,0.0,gas_ocgt,MW,nem,NSW1
2017-10-29 01:35:00,0.0,gas_ocgt,MW,nem,NSW1
2017-10-29 01:40:00,0.0,gas_ocgt,MW,nem,NSW1
2017-10-29 01:45:00,0.0,gas_ocgt,MW,nem,NSW1
2017-10-29 01:50:00,0.0,gas_ocgt,MW,nem,NSW1
2017-10-29 01:55:00,0.0,gas_ocgt,MW,nem,NSW1
2017-10-29 02:00:00,0.0,gas_ocgt,MW,nem,NSW1
2017-10-29 02:05:00,0.0,gas_ocgt,MW,nem,NSW1
2017-10-29 02:10:00,0.0,gas_ocgt,MW,nem,NSW1
2017-10-29 02:15:00,0.0,gas_ocgt,MW,nem,NSW1
2017-10-29 02:20:00,0.0,gas_ocgt,MW,nem,NSW1
2017-10-29 02:25:00,0.0,gas_ocgt,MW,nem,NSW1
2017-10-29 02:30:00,0.0,gas_ocgt,MW,nem,NSW1
2017-10-29 02:35:00,0.0,gas_ocgt,MW,nem,NSW1
2017-10-29 02:40:00,0.0,gas_ocgt,MW,nem,NSW1
2017-10-29 02:45:00,0.0,gas_ocgt,MW,nem,NSW1
2017-10-29 02:50:00,0.0,gas_ocgt,MW,nem,NSW1
2017-10-29 02:55:00,0.0,gas_ocgt,MW,nem,NSW1
2017-10-29 03:00:00,0.0,gas_ocgt,MW,nem,NSW1
2017-10-29 03:05:00,0.0,gas_ocgt,MW,nem,NSW1
2017-10-29 03:10:00,0.0,gas_ocgt,MW,nem,NSW1
2017-10-29 03:15:00,0.0,gas_ocgt,MW,nem,NSW1
2017-10-29 03:20:00,0.0,gas_ocgt,MW,nem,NSW1
2017-10-29 03:25:00,0.0,gas_ocgt,MW,nem,NSW1
2017-10-29 03:30:00,0.0,gas_ocgt,MW,nem,NSW1
2017-10-29 03:35:00,0.0,gas_ocgt,MW,nem,NSW1
2017-10-29 03:40:00,0.0,gas_ocgt,MW,nem,NSW1
2017-10-29 03:45:00,0.0,gas_ocgt,MW,nem,NSW1
2017-10-29 03:50:00,0.0,gas_ocgt,MW,nem,NSW1
2017-10-29 03:55:00,0.0,gas_ocgt,MW,nem,NSW1
2017-10-29 04:00:00,0.0,gas_ocgt,MW,nem,NSW1
2017-10-29 04:05:00,0.0,gas_ocgt,MW,nem,NSW1
2017-10-29 04:10:00,0.0,gas_ocgt,MW,nem,NSW1
2017-10-29 04:15:00,0.0,gas_ocgt,MW,nem,NSW1
2017-10-29 04:20:00,0.0,gas_ocgt,MW,nem,NSW1
2017-10-29 04:25:00,0.0,gas_ocgt,MW,nem,NSW1
2017-10-29 04:30:00,0.0,gas_ocgt,MW,nem,NSW1
2017-10-29 04:35:00,0.0,gas_ocgt,MW,nem,NSW1
2017-10-29 04:40:00,0.0,gas_ocgt,MW,nem,NSW1
2017-10-29 04:45:00,0.0,gas_ocgt,MW,nem,NSW1
2017-10-29 04:50:00,0.0,gas_ocgt,MW,nem,NSW1
2017-10-29 04:55:00,0.0,gas_ocgt,MW,nem,NSW1
2017-10-29 05:00:00,0.0,gas_ocgt,MW,nem,NSW1
2017-10-29 05:05:00,0.0,gas_ocgt,MW,nem,NSW1
2017-10-29 05:10:00,0.0,gas_ocgt,MW,nem,NSW1
2017-10-29 05:15:00,0.0,gas_ocgt,MW,nem,NSW1
2017-10-29 05:20:00,0.0,gas_ocgt,MW,nem,NSW1
2017-10-29 05:25:00,0.0,gas_ocgt,MW,nem,NSW1
2017-10-29 05:30:00,0.0,gas_ocgt,MW,nem,NSW1
2017-10-29 05:35:00,0.0,gas_ocgt,MW,nem,NSW1
2017-10-29 05:40:00,0.0,gas_ocgt,MW,nem,NSW1
2017-10-29 05:45:00,0.0,gas_ocgt,MW,nem,NSW1
2017-10-29 05:50:00,0.0,gas_ocgt,MW,nem,NSW1
2017-10-29 05:55:00,0.0,gas_ocgt,MW,nem,NSW1
2017-10-29 06:00:00,0.0,gas_ocgt,MW,nem,NSW1
2017-10-29 06:05:00,0.0,gas_ocgt,MW,nem,NSW1
2017-10-29 06:10:00,0.0,gas_ocgt,MW,nem,NSW1
2017-10-29 06:15:00,0.0,gas_ocgt,MW,nem,NSW1
2017-10-29 06:20:00,0.0,gas_ocgt,MW,nem,NSW1
2017-10-29 06:25:00,0.0,gas_ocgt,MW,nem,NSW1
2017-10-29 06:30:00,0.0,gas_ocgt,MW,nem,NSW1
2017-10-29 06:35:00,0.0,gas_ocgt,MW,nem,NSW1
2017-10-29 06:40:00,0.0,gas_ocgt,MW,nem,NSW1
2017-10-29 06:45:00,0.0,gas_ocgt,MW,nem,NSW1
2017-10-29 06:50:00,0.0,gas_ocgt,MW,nem,NSW1
2017-10-29 06:55:00,0.0,gas_ocgt,MW,nem,NSW1
2017-10-29 07:00:00,0.0,gas_ocgt,MW,nem,NSW1
2017-10-29 07:05:00,0.0,gas_ocgt,MW,nem,NSW1
2017-10-29 07:10:00,0.0,gas_ocgt,MW,nem,NSW1
2017-10-29 07:15:00,0.0,gas_ocgt,MW,nem,NSW1
2017-10-29 07:20:00,0.0,gas_ocgt,MW,nem,NSW1
2017-10-29 07:25:00,0.0,gas_ocgt,MW,nem,NSW1
2017-10-29 07:30:00,0.0,gas_ocgt,MW,nem,NSW1
2017-10-29 07:35:00,0.0,gas_ocgt,MW,nem,NSW1
2017-10-29 07:40:00,0.0,gas_ocgt,MW,nem,NSW1
2017-10-29 07:45:00,0.0,gas_ocgt,MW,nem,NSW1
2017-10-29 07:50:00,0.0,gas_ocgt,MW,nem,NSW1
2017-10-29 07:55:00,0.0,gas_ocgt,MW,nem,NSW1
2017-10-29 08:00:00,0.0,gas_ocgt,MW,nem,NSW1
2017-10-29 08:05:00,0.0,gas_ocgt,MW,nem,NSW1
2017-10-29 08:10:00,0.0,gas_ocgt,MW,nem,NSW1
2017-10-29 08:15:00,0.0,gas_ocgt,MW,nem,NSW1
2017-10-29 08:20:00,0.0,gas_ocgt,MW,nem,NSW1
2017-10-29 08:25:00,0.0,gas_ocgt,MW,nem,NSW1
2017-10-29 08:30:00,0.0,gas_ocgt,MW,nem,NSW1
2017-10-29 08:35:00,0.0,gas_ocgt,MW,nem,NSW1
2017-10-29 08:40:00,0.0,gas_ocgt,MW,nem,NSW1
2017-10-29 08:45:00,0.0,gas_ocgt,MW,nem,NSW1
2017-10-29 08:50:00,0.0,gas_ocgt,MW,nem,NSW1
2017-10-29 08:55:00,0.0,gas_ocgt,MW,nem,NSW1
2017-10-29 09:00:00,0.0,gas_ocgt,MW,nem,NSW1
2017-10-29 09:05:00,0.0,gas_ocgt,MW,nem,NSW1
2017-10-29 09:10:00,0.0,gas_ocgt,MW,nem,NSW1
2017-10-29 09:15:00,0.0,gas_ocgt,MW,nem,NSW1
2017-10-29 09:20:00,0.0,gas_ocgt,MW,nem,NSW1
2017-10-29 09:25:00,0.0,gas_ocgt,MW,nem,NSW1
2017-10-29 09:30:00,0.0,gas_ocgt,MW,nem,NSW1
2017-10-29 09:35:00,0.0,gas_ocgt,MW,nem,NSW1
2017-10-29 09:40:00,0.0,gas_ocgt,MW,nem,NSW1
2017-10-29 09:45:00,0.0,gas_ocgt,MW,nem,NSW1
2017-10-29 09:50:00,0.0,gas_ocgt,MW,nem,NSW1
2017-10-29 09:55:00,0.0,gas_ocgt,MW,nem,NSW1
2017-10-29 10:00:00,0.0,gas_ocgt,MW,nem,NSW1
2017-10-29 10:05:00,0.0,gas_ocgt,MW,nem,NSW1
2017-10-29 10:10:00,0.0,gas_ocgt,MW,nem,NSW1
2017-10-29 10:15:00,0.0,gas_ocgt,MW,nem,NSW1
2017-10-29 10:20:00,0.0,gas_ocgt,MW,nem,NSW1
2017-10-29 10:25:00,0.0,gas_ocgt,MW,nem,NSW1
2017-10-29 10:30:00,0.0,gas_ocgt,MW,nem,NSW1
2017-10-29 10:35:00,0.0,gas_ocgt,MW,nem,NSW1
2017-10-29 10:40:00,0.0,gas_ocgt,MW,nem,NSW1
2017-10-29 10:45:00,0.0,gas_ocgt,MW,nem,NSW1
2017-10-29 10:50:00,0.0,gas_ocgt,MW,nem,NSW1
2017-10-29 10:55:00,0.0,gas_ocgt,MW,nem,NSW1
2017-10-29 11:00:00,0.0,gas_ocgt,MW,nem,NSW1
2017-10-29 11:05:00,0.0,gas_ocgt,MW,nem,NSW1
2017-10-29 11:10:00,0.0,gas_ocgt,MW,nem,NSW1
2017-10-29 11:15:00,0.0,gas_ocgt,MW,nem,NSW1
2017-10-29 11:20:00,0.0,gas_ocgt,MW,nem,NSW1
2017-10-29 11:25:00,0.0,gas_ocgt,MW,nem,NSW1
2017-10-29 11:30:00,0.0,gas_ocgt,MW,nem,NSW1
2017-10-29 11:35:00,0.0,gas_ocgt,MW,nem,NSW1
2017-10-29 11:40:00,0.0,gas_ocgt,MW,nem,NSW1
2017-10-29 11:45:00,0.0,gas_ocgt,MW,nem,NSW1
2017-10-29 11:50:00,0.0,gas_ocgt,MW,nem,NSW1
2017-10-29 11:55:00,0.0,gas_ocgt,MW,nem,NSW1
2017-10-29 12:00:00,0.0,gas_ocgt,MW,nem,NSW1
2017-10-29 12:05:00,0.0,gas_ocgt,MW,nem,NSW1
2017-10-29 12:10:00,0.0,gas_ocgt,MW,nem,NSW1
2017-10-29 12:15:00,0.0,gas_ocgt,MW,nem,NSW1
2017-10-29 12:20:00,0.0,gas_ocgt,MW,nem,NSW1
2017-10-29 12:25:00,0.0,gas_ocgt,MW,nem,NSW1
2017-10-29 12:30:00,0.0,gas_ocgt,MW,nem,NSW1
2017-10-29 12:35:00,0.0,gas_ocgt,MW,nem,NSW1
2017-10-29 12:40:00,0.0,gas_ocgt,MW,nem,NSW1
2017-10-29 12:45:00,0.0,gas_ocgt,MW,nem,NSW1
2017-10-29 12:50:00,0.0,gas_ocgt,MW,nem,NSW1
2017-10-29 12:55:00,0.0,gas_ocgt,MW,nem,NSW1
2017-10-29 13:00:00,0.0,gas_ocgt,MW,nem,NSW1
2017-10-29 13:05:00,0.0,gas_ocgt,MW,nem,NSW1
2017-10-29 13:10:00,0.0,gas_ocgt,MW,nem,NSW1
2017-10-29 13:15:00,0.0,gas_ocgt,MW,nem,NSW1
2017-10-29 13:20:00,0.0,gas_ocgt,MW,nem,NSW1
2017-10-29 13:25:00,0.0,gas_ocgt,MW,nem,NSW1
2017-10-29 13:30:00,0.0,gas_ocgt,MW,nem,NSW1
2017-10-29 13:35:00,0.0,gas_ocgt,MW,nem,NSW1
2017-10-29 13:40:00,0.0,gas_ocgt,MW,nem,NSW1
2017-10-29 13:45:00,0.0,gas_ocgt,MW,nem,NSW1
2017-10-29 13:50:00,0.0,gas_ocgt,MW,nem,NSW1
2017-10-29 13:55:00,0.0,gas_ocgt,MW,nem,NSW1
2017-10-29 14:00:00,0.0,gas_ocgt,MW,nem,NSW1
2017-10-29 14:05:00,0.0,gas_ocgt,MW,nem,NSW1
2017-10-29 14:10:00,0.0,gas_ocgt,MW,nem,NSW1
2017-10-29 14:15:00,0.0,gas_ocgt,MW,nem,NSW1
2017-10-29 14:20:00,0.0,gas_ocgt,MW,nem,NSW1
2017-10-29 14:25:00,0.0,gas_ocgt,MW,nem,NSW1
2017-10-29 14:30:00,0.0,gas_ocgt,MW,nem,NSW1
2017-10-29 14:35:00,0.0,gas_ocgt,MW,nem,NSW1
2017-10-29 14:40:00,0.0,gas_ocgt,MW,nem,NSW1
2017-10-29 14:45:00,0.0,gas_ocgt,MW,nem,NSW1
2017-10-29 14:50:00,0.0,gas_ocgt,MW,nem,NSW1
2017-10-29 14:55:00,0.0,gas_ocgt,MW,nem,NSW1
2017-10-29 15:00:00,0.0,gas_ocgt,MW,nem,NSW1
2017-10-29 15:05:00,0.0,gas_ocgt,MW,nem,NSW1
2017-10-29 15:10:00,0.0,gas_ocgt,MW,nem,NSW1
2017-10-29 15:15:00,0.0,gas_ocgt,MW,nem,NSW1
2017-10-29 15:20:00,0.0,gas_ocgt,MW,nem,NSW1
2017-10-29 15:25:00,0.0,gas_ocgt,MW,nem,NSW1
2017-10-29 15:30:00,0.0,gas_ocgt,MW,nem,NSW1
2017-10-29 15:35:00,0.0,gas_ocgt,MW,nem,NSW1
2017-10-29 15:40:00,0.0,gas_ocgt,MW,nem,NSW1
2017-10-29 15:45:00,0.0,gas_ocgt,MW,nem,NSW1
2017-10-29 15:50:00,0.0,gas_ocgt,MW,nem,NSW1
2017-10-29 15:55:00,0.0,gas_ocgt,MW,nem,NSW1
2017-10-29 16:00:00,0.0,gas_ocgt,MW,nem,NSW1
2017-10-29 16:05:00,0.0,gas_ocgt,MW,nem,NSW1
2017-10-29 16:10:00,0.0,gas_ocgt,MW,nem,NSW1
2017-10-29 16:15:00,0.0,gas_ocgt,MW,nem,NSW1
2017-10-29 16:20:00,0.0,gas_ocgt,MW,nem,NSW1
2017-10-29 16:25:00,0.0,gas_ocgt,MW,nem,NSW1
2017-10-29 16:30:00,0.0,gas_ocgt,MW,nem,NSW1
2017-10-29 16:35:00,0.0,gas_ocgt,MW,nem,NSW1
2017-10-29 16:40:00,0.0,gas_ocgt,MW,nem,NSW1
2017-10-29 16:45:00,0.0,gas_ocgt,MW,nem,NSW1
2017-10-29 16:50:00,0.0,gas_ocgt,MW,nem,NSW1
2017-10-29 16:55:00,0.0,gas_ocgt,MW,nem,NSW1
2017-10-29 17:00:00,0.0,gas_ocgt,MW,nem,NSW1
2017-10-29 17:05:00,0.0,gas_ocgt,MW,nem,NSW1
2017-10-29 17:10:00,0.0,gas_ocgt,MW,nem,NSW1
2017-10-29 17:15:00,0.0,gas_ocgt,MW,nem,NSW1
2017-10-29 17:20:00,0.0,gas_ocgt,MW,nem,NSW1
2017-10-29 17:25:00,0.0,gas_ocgt,MW,nem,NSW1
2017-10-29 17:30:00,0.0,gas_ocgt,MW,nem,NSW1
2017-10-29 17:35:00,0.0,gas_ocgt,MW,nem,NSW1
2017-10-29 17:40:00,0.0,gas_ocgt,MW,nem,NSW1
2017-10-29 17:45:00,0.0,gas_ocgt,MW,nem,NSW1
2017-10-29 17:50:00,0.0,gas_ocgt,MW,nem,NSW1
2017-10-29 17:55:00,0.0,gas_ocgt,MW,nem,NSW1
2017-10-29 18:00:00,0.0,gas_ocgt,MW,nem,NSW1
2017-10-29 18:05:00,0.0,gas_ocgt,MW,nem,NSW1
2017-10-29 18:10:00,0.0,gas_ocgt,MW,nem,NSW1
2017-10-29 18:15:00,0.0,gas_ocgt,MW,nem,NSW1
2017-10-29 18:20:00,0.0,gas_ocgt,MW,nem,NSW1
2017-10-29 18:25:00,0.0,gas_ocgt,MW,nem,NSW1
2017-10-29 18:30:00,0.0,gas_ocgt,MW,nem,NSW1
2017-10-29 18:35:00,0.0,gas_ocgt,MW,nem,NSW1
2017-10-29 18:40:00,0.0,gas_ocgt,MW,nem,NSW1
2017-10-29 18:45:00,0.0,gas_ocgt,MW,nem,NSW1
2017-10-29 18:50:00,0.0,gas_ocgt,MW,nem,NSW1
2017-10-29 18:55:00,0.0,gas_ocgt,MW,nem,NSW1
2017-10-29 19:00:00,0.0,gas_ocgt,MW,nem,NSW1
2017-10-29 19:05:00,0.0,gas_ocgt,MW,nem,NSW1
2017-10-29 19:10:00,0.0,gas_ocgt,MW,nem,NSW1
2017-10-29 19:15:00,0.0,gas_ocgt,MW,nem,NSW1
2017-10-29 19:20:00,0.0,gas_ocgt,MW,nem,NSW1
2017-10-29 19:25:00,0.0,gas_ocgt,MW,nem,NSW1
2017-10-29 19:30:00,0.0,gas_ocgt,MW,nem,NSW1
2017-10-29 19:35:00,0.0,gas_ocgt,MW,nem,NSW1
2017-10-29 19:40:00,0.0,gas_ocgt,MW,nem,NSW1
2017-10-29 19:45:00,0.0,gas_ocgt,MW,nem,NSW1
2017-10-29 19:50:00,0.0,gas_ocgt,MW,nem,NSW1
2017-10-29 19:55:00,0.0,gas_ocgt,MW,nem,NSW1
2017-10-29 20:00:00,0.0,gas_ocgt,MW,nem,NSW1
2017-10-29 20:05:00,0.0,gas_ocgt,MW,nem,NSW1
2017-10-29 20:10:00,0.0,gas_ocgt,MW,nem,NSW1
2017-10-29 20:15:00,0.0,gas_ocgt,MW,nem,NSW1
2017-10-29 20:20:00,0.0,gas_ocgt,MW,nem,NSW1
2017-10-29 20:25:00,0.0,gas_ocgt,MW,nem,NSW1
2017-10-29 20:30:00,0.0,gas_ocgt,MW,nem,NSW1
2017-10-29 20:35:00,0.0,gas_ocgt,MW,nem,NSW1
2017-10-29 20:40:00,0.0,gas_ocgt,MW,nem,NSW1
2017-10-29 20:45:00,0.0,gas_ocgt,MW,nem,NSW1
2017-10-29 20:50:00,0.0,gas_ocgt,MW,nem,NSW1
2017-10-29 20:55:00,0.0,gas_ocgt,MW,nem,NSW1
2017-10-29 21:00:00,0.0,gas_ocgt,MW,nem,NSW1
2017-10-29 21:05:00,0.0,gas_ocgt,MW,nem,NSW1
2017-10-29 21:10:00,0.0,gas_ocgt,MW,nem,NSW1
2017-10-29 21:15:00,0.0,gas_ocgt,MW,nem,NSW1
2017-10-29 21:20:00,0.0,gas_ocgt,MW,nem,NSW1
2017-10-29 21:25:00,0.0,gas_ocgt,MW,nem,NSW1
2017-10-29 21:30:00,0.0,gas_ocgt,MW,nem,NSW1
2017-10-29 21:35:00,0.0,gas_ocgt,MW,nem,NSW1
2017-10-29 21:40:00,0.0,gas_ocgt,MW,nem,NSW1
2017-10-29 21:45:00,0.0,gas_ocgt,MW,nem,NSW1
2017-10-29 21:50:00,0.0,gas_ocgt,MW,nem,NSW1
2017-10-29 21:55:00,0.0,gas_ocgt,MW,nem,NSW1
2017-10-29 22:00:00,0.0,gas_ocgt,MW,nem,NSW1
2017-10-29 22:05:00,0.0,gas_ocgt,MW,nem,NSW1
2017-10-29 22:10:00,0.0,gas_ocgt,MW,nem,NSW1
2017-10-29 22:15:00,0.0,gas_ocgt,MW,nem,NSW1
2017-10-29 22:20:00,0.0,gas_ocgt,MW,nem,NSW1
2017-10-29 22:25:00,0.0,gas_ocgt,MW,nem,NSW1
2017-10-29 22:30:00,0.0,gas_ocgt,MW,nem,NSW1
2017-10-29 22:35:00,0.0,gas_ocgt,MW,nem,NSW1
2017-10-29 22:40:00,0.0,gas_ocgt,MW,nem,NSW1
2017-10-29 22:45:00,0.0,gas_ocgt,MW,nem,NSW1
2017-10-29 22:50:00,0.0,gas_ocgt,MW,nem,NSW1
2017-10-29 22:55:00,0.0,gas_ocgt,MW,nem,NSW1
2017-10-29 23:00:00,0.0,gas_ocgt,MW,nem,NSW1
2017-10-29 23:05:00,0.0,gas_ocgt,MW,nem,NSW1
2017-10-29 23:10:00,0.0,gas_ocgt,MW,nem,NSW1
2017-10-29 23:15:00,0.0,gas_ocgt,MW,nem,NSW1
2017-10-29 23:20:00,0.0,gas_ocgt,MW,nem,NSW1
2017-10-29 23:25:00,0.0,gas_ocgt,MW,nem,NSW1
2017-10-29 23:30:00,0.0,gas_ocgt,MW,nem,NSW1
2017-10-29 23:35:00,0.0,gas_ocgt,MW,nem,NSW1
2017-10-29 23:40:00,0.0,gas_ocgt,MW,nem,NSW1
2017-10-29 23:45:00,0.0,gas_ocgt,MW,nem,NSW1
2017-10-29 23:50:00,0.0,gas_ocgt,MW,nem,NSW1
2017-10-29 23:55:00,0.0,gas_ocgt,MW,nem,NSW1
2017-10-30 00:00:00,0.0,gas_ocgt,MW,nem,NSW1
2017-10-30 00:05:00,0.0,gas_ocgt,MW,nem,NSW1
2017-10-30 00:10:00,0.0,gas_ocgt,MW,nem,NSW1
2017-10-30 00:15:00,0.0,gas_ocgt,MW,nem,NSW1
2017-10-30 00:20:00,0.0,gas_ocgt,MW,nem,NSW1
2017-10-30 00:25:00,0.0,gas_ocgt,MW,nem,NSW1
2017-10-30 00:30:00,0.0,gas_ocgt,MW,nem,NSW1
2017-10-30 00:35:00,0.0,gas_ocgt,MW,nem,NSW1
2017-10-30 00:40:00,0.0,gas_ocgt,MW,nem,NSW1
2017-10-30 00:45:00,0.0,gas_ocgt,MW,nem,NSW1
2017-10-30 00:50:00,0.0,gas_ocgt,MW,nem,NSW1
2017-10-30 00:55:00,0.0,gas_ocgt,MW,nem,NSW1
2017-10-30 01:00:00,0.0,gas_ocgt,MW,nem,NSW1
2017-10-30 01:05:00,0.0,gas_ocgt,MW,nem,NSW1
2017-10-30 01:10:00,0.0,gas_ocgt,MW,nem,NSW1
2017-10-30 01:15:00,0.0,gas_ocgt,MW,nem,NSW1
2017-10-30 01:20:00,0.0,gas_ocgt,MW,nem,NSW1
2017-10-30 01:25:00,0.0,gas_ocgt,MW,nem,NSW1
2017-10-30 01:30:00,0.0,gas_ocgt,MW,nem,NSW1
2017-10-30 01:35:00,0.0,gas_ocgt,MW,nem,NSW1
2017-10-30 01:40:00,0.0,gas_ocgt,MW,nem,NSW1
2017-10-30 01:45:00,0.0,gas_ocgt,MW,nem,NSW1
2017-10-30 01:50:00,0.0,gas_ocgt,MW,nem,NSW1
2017-10-30 01:55:00,0.0,gas_ocgt,MW,nem,NSW1
2017-10-30 02:00:00,0.0,gas_ocgt,MW,nem,NSW1
2017-10-30 02:05:00,0.0,gas_ocgt,MW,nem,NSW1
2017-10-30 02:10:00,0.0,gas_ocgt,MW,nem,NSW1
2017-10-30 02:15:00,0.0,gas_ocgt,MW,nem,NSW1
2017-10-30 02:20:00,0.0,gas_ocgt,MW,nem,NSW1
2017-10-30 02:25:00,0.0,gas_ocgt,MW,nem,NSW1
2017-10-30 02:30:00,0.0,gas_ocgt,MW,nem,NSW1
2017-10-30 02:35:00,0.0,gas_ocgt,MW,nem,NSW1
2017-10-30 02:40:00,0.0,gas_ocgt,MW,nem,NSW1
2017-10-30 02:45:00,0.0,gas_ocgt,MW,nem,NSW1
2017-10-30 02:50:00,0.0,gas_ocgt,MW,nem,NSW1
2017-10-30 02:55:00,0.0,gas_ocgt,MW,nem,NSW1
2017-10-30 03:00:00,0.0,gas_ocgt,MW,nem,NSW1
2017-10-30 03:05:00,0.0,gas_ocgt,MW,nem,NSW1
2017-10-30 03:10:00,0.0,gas_ocgt,MW,nem,NSW1
2017-10-30 03:15:00,0.0,gas_ocgt,MW,nem,NSW1
2017-10-30 03:20:00,0.0,gas_ocgt,MW,nem,NSW1
2017-10-30 03:25:00,0.0,gas_ocgt,MW,nem,NSW1
2017-10-30 03:30:00,0.0,gas_ocgt,MW,nem,NSW1
2017-10-30 03:35:00,0.0,gas_ocgt,MW,nem,NSW1
2017-10-30 03:40:00,0.0,gas_ocgt,MW,nem,NSW1
2017-10-30 03:45:00,0.0,gas_ocgt,MW,nem,NSW1
2017-10-30 03:50:00,0.0,gas_ocgt,MW,nem,NSW1
2017-10-30 03:55:00,0.0,gas_ocgt,MW,nem,NSW1
2017-10-30 04:00:00,0.0,gas_ocgt,MW,nem,NSW1
2017-10-30 04:05:00,0.0,gas_ocgt,MW,nem,NSW1
2017-10-30 04:10:00,0.0,gas_ocgt,MW,nem,NSW1
2017-10-30 04:15:00,0.0,gas_ocgt,MW,nem,NSW1
2017-10-30 04:20:00,0.0,gas_ocgt,MW,nem,NSW1
2017-10-30 04:25:00,0.0,gas_ocgt,MW,nem,NSW1
2017-10-30 04:30:00,0.0,gas_ocgt,MW,nem,NSW1
2017-10-30 04:35:00,0.0,gas_ocgt,MW,nem,NSW1
2017-10-30 04:40:00,0.0,gas_ocgt,MW,nem,NSW1
2017-10-30 04:45:00,0.0,gas_ocgt,MW,nem,NSW1
2017-10-30 04:50:00,0.0,gas_ocgt,MW,nem,NSW1
2017-10-30 04:55:00,0.0,gas_ocgt,MW,nem,NSW1
2017-10-30 05:00:00,0.0,gas_ocgt,MW,nem,NSW1
2017-10-30 05:05:00,0.0,gas_ocgt,MW,nem,NSW1
2017-10-30 05:10:00,0.0,gas_ocgt,MW,nem,NSW1
2017-10-30 05:15:00,0.0,gas_ocgt,MW,nem,NSW1
2017-10-30 05:20:00,0.0,gas_ocgt,MW,nem,NSW1
2017-10-30 05:25:00,0.0,gas_ocgt,MW,nem,NSW1
2017-10-30 05:30:00,0.0,gas_ocgt,MW,nem,NSW1
2017-10-30 05:35:00,0.0,gas_ocgt,MW,nem,NSW1
2017-10-30 05:40:00,0.0,gas_ocgt,MW,nem,NSW1
2017-10-30 05:45:00,0.0,gas_ocgt,MW,nem,NSW1
2017-10-30 05:50:00,0.0,gas_ocgt,MW,nem,NSW1
2017-10-30 05:55:00,0.0,gas_ocgt,MW,nem,NSW1
2017-10-30 06:00:00,0.0,gas_ocgt,MW,nem,NSW1
2017-10-30 06:05:00,0.0,gas_ocgt,MW,nem,NSW1
2017-10-30 06:10:00,0.0,gas_ocgt,MW,nem,NSW1
2017-10-30 06:15:00,0.0,gas_ocgt,MW,nem,NSW1
2017-10-30 06:20:00,0.0,gas_ocgt,MW,nem,NSW1
2017-10-30 06:25:00,0.0,gas_ocgt,MW,nem,NSW1
2017-10-30 06:30:00,0.0,gas_ocgt,MW,nem,NSW1
2017-10-30 06:35:00,0.0,gas_ocgt,MW,nem,NSW1
2017-10-30 06:40:00,0.0,gas_ocgt,MW,nem,NSW1
2017-10-30 06:45:00,0.0,gas_ocgt,MW,nem,NSW1
2017-10-30 06:50:00,0.0,gas_ocgt,MW,nem,NSW1
2017-10-30 06:55:00,0.0,gas_ocgt,MW,nem,NSW1
2017-10-30 07:00:00,0.0,gas_ocgt,MW,nem,NSW1
2017-10-30 07:05:00,0.0,gas_ocgt,MW,nem,NSW1
2017-10-30 07:10:00,0.0,gas_ocgt,MW,nem,NSW1
2017-10-30 07:15:00,0.0,gas_ocgt,MW,nem,NSW1
2017-10-30 07:20:00,0.0,gas_ocgt,MW,nem,NSW1
2017-10-30 07:25:00,0.0,gas_ocgt,MW,nem,NSW1
2017-10-30 07:30:00,0.0,gas_ocgt,MW,nem,NSW1
2017-10-30 07:35:00,0.0,gas_ocgt,MW,nem,NSW1
2017-10-30 07:40:00,0.0,gas_ocgt,MW,nem,NSW1
2017-10-30 07:45:00,0.0,gas_ocgt,MW,nem,NSW1
2017-10-30 07:50:00,0.0,gas_ocgt,MW,nem,NSW1
2017-10-30 07:55:00,0.0,gas_ocgt,MW,nem,NSW1
2017-10-30 08:00:00,0.0,gas_ocgt,MW,nem,NSW1
2017-10-30 08:05:00,0.0,gas_ocgt,MW,nem,NSW1
2017-10-30 08:10:00,0.0,gas_ocgt,MW,nem,NSW1
2017-10-30 08:15:00,0.0,gas_ocgt,MW,nem,NSW1
2017-10-30 08:20:00,0.0,gas_ocgt,MW,nem,NSW1
2017-10-30 08:25:00,0.0,gas_ocgt,MW,nem,NSW1
2017-10-30 08:30:00,0.0,gas_ocgt,MW,nem,NSW1
2017-10-30 08:35:00,0.0,gas_ocgt,MW,nem,NSW1
2017-10-30 08:40:00,0.0,gas_ocgt,MW,nem,NSW1
2017-10-30 08:45:00,0.0,gas_ocgt,MW,nem,NSW1
2017-10-30 08:50:00,0.0,gas_ocgt,MW,nem,NSW1
2017-10-30 08:55:00,0.0,gas_ocgt,MW,nem,NSW1
2017-10-30 09:00:00,0.0,gas_ocgt,MW,nem,NSW1
2017-10-30 09:05:00,0.0,gas_ocgt,MW,nem,NSW1
2017-10-30 09:10:00,0.0,gas_ocgt,MW,nem,NSW1
2017-10-30 09:15:00,0.0,gas_ocgt,MW,nem,NSW1
2017-10-30 09:20:00,0.0,gas_ocgt,MW,nem,NSW1
2017-10-30 09:25:00,0.0,gas_ocgt,MW,nem,NSW1
2017-10-30 09:30:00,0.0,gas_ocgt,MW,nem,NSW1
2017-10-30 09:35:00,-4.006,gas_ocgt,MW,nem,NSW1
2017-10-30 09:40:00,44.09,gas_ocgt,MW,nem,NSW1
2017-10-30 09:45:00,79.82,gas_ocgt,MW,nem,NSW1
2017-10-30 09:50:00,83.7,gas_ocgt,MW,nem,NSW1
2017-10-30 09:55:00,138.1,gas_ocgt,MW,nem,NSW1
2017-10-30 10:00:00,159.8,gas_ocgt,MW,nem,NSW1
2017-10-30 10:05:00,157.4,gas_ocgt,MW,nem,NSW1
2017-10-30 10:10:00,157.2,gas_ocgt,MW,nem,NSW1
2017-10-30 10:15:00,157.1,gas_ocgt,MW,nem,NSW1
2017-10-30 10:20:00,157.2,gas_ocgt,MW,nem,NSW1
2017-10-30 10:25:00,158.1,gas_ocgt,MW,nem,NSW1
2017-10-30 10:30:00,157.2,gas_ocgt,MW,nem,NSW1
2017-10-30 10:35:00,156.6,gas_ocgt,MW,nem,NSW1
2017-10-30 10:40:00,154.3,gas_ocgt,MW,nem,NSW1
2017-10-30 10:45:00,194.7,gas_ocgt,MW,nem,NSW1
2017-10-30 10:50:00,243.9,gas_ocgt,MW,nem,NSW1
2017-10-30 10:55:00,296.8,gas_ocgt,MW,nem,NSW1
2017-10-30 11:00:00,314.2,gas_ocgt,MW,nem,NSW1
2017-10-30 11:05:00,311.9,gas_ocgt,MW,nem,NSW1
2017-10-30 11:10:00,310.0,gas_ocgt,MW,nem,NSW1
2017-10-30 11:15:00,312.1,gas_ocgt,MW,nem,NSW1
2017-10-30 11:20:00,311.4,gas_ocgt,MW,nem,NSW1
2017-10-30 11:25:00,311.7,gas_ocgt,MW,nem,NSW1
2017-10-30 11:30:00,309.4,gas_ocgt,MW,nem,NSW1
2017-10-30 11:35:00,309.6,gas_ocgt,MW,nem,NSW1
2017-10-30 11:40:00,311.8,gas_ocgt,MW,nem,NSW1
2017-10-30 11:45:00,312.9,gas_ocgt,MW,nem,NSW1
2017-10-30 11:50:00,307.8,gas_ocgt,MW,nem,NSW1
2017-10-30 11:55:00,353.1,gas_ocgt,MW,nem,NSW1
2017-10-30 12:00:00,403.9,gas_ocgt,MW,nem,NSW1
2017-10-30 12:05:00,456.4,gas_ocgt,MW,nem,NSW1
2017-10-30 12:10:00,469.7,gas_ocgt,MW,nem,NSW1
2017-10-30 12:15:00,468.4,gas_ocgt,MW,nem,NSW1
2017-10-30 12:20:00,460.3,gas_ocgt,MW,nem,NSW1
2017-10-30 12:25:00,505.8,gas_ocgt,MW,nem,NSW1
2017-10-30 12:30:00,562.3,gas_ocgt,MW,nem,NSW1
2017-10-30 12:35:00,613.0,gas_ocgt,MW,nem,NSW1
2017-10-30 12:40:00,623.8,gas_ocgt,MW,nem,NSW1
2017-10-30 12:45:00,627.9,gas_ocgt,MW,nem,NSW1
2017-10-30 12:50:00,620.1,gas_ocgt,MW,nem,NSW1
2017-10-30 12:55:00,619.6,gas_ocgt,MW,nem,NSW1
2017-10-30 13:00:00,623.8,gas_ocgt,MW,nem,NSW1
2017-10-30 13:05:00,624.7,gas_ocgt,MW,nem,NSW1
2017-10-30 13:10:00,632.4,gas_ocgt,MW,nem,NSW1
2017-10-30 13:15:00,634.3,gas_ocgt,MW,nem,NSW1
2017-10-30 13:20:00,635.8,gas_ocgt,MW,nem,NSW1
2017-10-30 13:25:00,635.2,gas_ocgt,MW,nem,NSW1
2017-10-30 13:30:00,633.6,gas_ocgt,MW,nem,NSW1
2017-10-30 13:35:00,636.4,gas_ocgt,MW,nem,NSW1
2017-10-30 13:40:00,634.3,gas_ocgt,MW,nem,NSW1
2017-10-30 13:45:00,634.3,gas_ocgt,MW,nem,NSW1
2017-10-30 13:50:00,635.4,gas_ocgt,MW,nem,NSW1
2017-10-30 13:55:00,635.7,gas_ocgt,MW,nem,NSW1
2017-10-30 14:00:00,604.5,gas_ocgt,MW,nem,NSW1
2017-10-30 14:05:00,608.7,gas_ocgt,MW,nem,NSW1
2017-10-30 14:10:00,634.9,gas_ocgt,MW,nem,NSW1
2017-10-30 14:15:00,632.8,gas_ocgt,MW,nem,NSW1
2017-10-30 14:20:00,633.2,gas_ocgt,MW,nem,NSW1
2017-10-30 14:25:00,634.6,gas_ocgt,MW,nem,NSW1
2017-10-30 14:30:00,633.1,gas_ocgt,MW,nem,NSW1
2017-10-30 14:35:00,635.2,gas_ocgt,MW,nem,NSW1
2017-10-30 14:40:00,635.0,gas_ocgt,MW,nem,NSW1
2017-10-30 14:45:00,634.7,gas_ocgt,MW,nem,NSW1
2017-10-30 14:50:00,633.9,gas_ocgt,MW,nem,NSW1
2017-10-30 14:55:00,632.8,gas_ocgt,MW,nem,NSW1
2017-10-30 15:00:00,635.3,gas_ocgt,MW,nem,NSW1
2017-10-30 15:05:00,634.6,gas_ocgt,MW,nem,NSW1
2017-10-30 15:10:00,636.0,gas_ocgt,MW,nem,NSW1
2017-10-30 15:15:00,637.6,gas_ocgt,MW,nem,NSW1
2017-10-30 15:20:00,637.1,gas_ocgt,MW,nem,NSW1
2017-10-30 15:25:00,637.8,gas_ocgt,MW,nem,NSW1
2017-10-30 15:30:00,637.5,gas_ocgt,MW,nem,NSW1
2017-10-30 15:35:00,636.7,gas_ocgt,MW,nem,NSW1
2017-10-30 15:40:00,636.4,gas_ocgt,MW,nem,NSW1
2017-10-30 15:45:00,637.3,gas_ocgt,MW,nem,NSW1
2017-10-30 15:50:00,638.2,gas_ocgt,MW,nem,NSW1
2017-10-30 15:55:00,637.1,gas_ocgt,MW,nem,NSW1
2017-10-30 16:00:00,637.0,gas_ocgt,MW,nem,NSW1
2017-10-30 16:05:00,636.4,gas_ocgt,MW,nem,NSW1
2017-10-30 16:10:00,637.9,gas_ocgt,MW,nem,NSW1
2017-10-30 16:15:00,637.1,gas_ocgt,MW,nem,NSW1
2017-10-30 16:20:00,637.3,gas_ocgt,MW,nem,NSW1
2017-10-30 16:25:00,638.2,gas_ocgt,MW,nem,NSW1
2017-10-30 16:30:00,638.3,gas_ocgt,MW,nem,NSW1
2017-10-30 16:35:00,638.3,gas_ocgt,MW,nem,NSW1
2017-10-30 16:40:00,637.4,gas_ocgt,MW,nem,NSW1
2017-10-30 16:45:00,638.8,gas_ocgt,MW,nem,NSW1
2017-10-30 16:50:00,637.4,gas_ocgt,MW,nem,NSW1
2017-10-30 16:55:00,638.4,gas_ocgt,MW,nem,NSW1
2017-10-30 17:00:00,637.7,gas_ocgt,MW,nem,NSW1
2017-10-30 17:05:00,638.3,gas_ocgt,MW,nem,NSW1
2017-10-30 17:10:00,639.4,gas_ocgt,MW,nem,NSW1
2017-10-30 17:15:00,641.2,gas_ocgt,MW,nem,NSW1
2017-10-30 17:20:00,639.7,gas_ocgt,MW,nem,NSW1
2017-10-30 17:25:00,637.9,gas_ocgt,MW,nem,NSW1
2017-10-30 17:30:00,639.5,gas_ocgt,MW,nem,NSW1
2017-10-30 17:35:00,640.5,gas_ocgt,MW,nem,NSW1
2017-10-30 17:40:00,640.3,gas_ocgt,MW,nem,NSW1
2017-10-30 17:45:00,638.5,gas_ocgt,MW,nem,NSW1
2017-10-30 17:50:00,639.6,gas_ocgt,MW,nem,NSW1
2017-10-30 17:55:00,641.0,gas_ocgt,MW,nem,NSW1
2017-10-30 18:00:00,641.2,gas_ocgt,MW,nem,NSW1
2017-10-30 18:05:00,641.8,gas_ocgt,MW,nem,NSW1
2017-10-30 18:10:00,640.1,gas_ocgt,MW,nem,NSW1
2017-10-30 18:15:00,642.7,gas_ocgt,MW,nem,NSW1
2017-10-30 18:20:00,639.6,gas_ocgt,MW,nem,NSW1
2017-10-30 18:25:00,642.3,gas_ocgt,MW,nem,NSW1
2017-10-30 18:30:00,642.5,gas_ocgt,MW,nem,NSW1
2017-10-30 18:35:00,644.3,gas_ocgt,MW,nem,NSW1
2017-10-30 18:40:00,522.4,gas_ocgt,MW,nem,NSW1
2017-10-30 18:45:00,404.5,gas_ocgt,MW,nem,NSW1
2017-10-30 18:50:00,219.2,gas_ocgt,MW,nem,NSW1
2017-10-30 18:55:00,30.49,gas_ocgt,MW,nem,NSW1
2017-10-30 19:00:00,0.0,gas_ocgt,MW,nem,NSW1
2017-10-30 19:05:00,0.0,gas_ocgt,MW,nem,NSW1
2017-10-30 19:10:00,0.0,gas_ocgt,MW,nem,NSW1
2017-10-30 19:15:00,0.0,gas_ocgt,MW,nem,NSW1
2017-10-30 19:20:00,0.0,gas_ocgt,MW,nem,NSW1
2017-10-30 19:25:00,0.0,gas_ocgt,MW,nem,NSW1
2017-10-30 19:30:00,0.0,gas_ocgt,MW,nem,NSW1
2017-10-30 19:35:00,0.0,gas_ocgt,MW,nem,NSW1
2017-10-30 19:40:00,0.0,gas_ocgt,MW,nem,NSW1
2017-10-30 19:45:00,0.0,gas_ocgt,MW,nem,NSW1
2017-10-30 19:50:00,0.0,gas_ocgt,MW,nem,NSW1
2017-10-30 19:55:00,0.0,gas_ocgt,MW,nem,NSW1
2017-10-30 20:00:00,0.0,gas_ocgt,MW,nem,NSW1
2017-10-30 20:05:00,0.0,gas_ocgt,MW,nem,NSW1
2017-10-30 20:10:00,0.0,gas_ocgt,MW,nem,NSW1
2017-10-30 20:15:00,0.0,gas_ocgt,MW,nem,NSW1
2017-10-30 20:20:00,0.0,gas_ocgt,MW,nem,NSW1
2017-10-30 20:25:00,0.0,gas_ocgt,MW,nem,NSW1
2017-10-30 20:30:00,0.0,gas_ocgt,MW,nem,NSW1
2017-10-30 20:35:00,0.0,gas_ocgt,MW,nem,NSW1
2017-10-30 20:40:00,0.0,gas_ocgt,MW,nem,NSW1
2017-10-30 20:45:00,0.0,gas_ocgt,MW,nem,NSW1
2017-10-30 20:50:00,0.0,gas_ocgt,MW,nem,NSW1
2017-10-30 20:55:00,0.0,gas_ocgt,MW,nem,NSW1
2017-10-30 21:00:00,0.0,gas_ocgt,MW,nem,NSW1
2017-10-30 21:05:00,0.0,gas_ocgt,MW,nem,NSW1
2017-10-30 21:10:00,0.0,gas_ocgt,MW,nem,NSW1
2017-10-30 21:15:00,0.0,gas_ocgt,MW,nem,NSW1
2017-10-30 21:20:00,0.0,gas_ocgt,MW,nem,NSW1
2017-10-30 21:25:00,0.0,gas_ocgt,MW,nem,NSW1
2017-10-30 21:30:00,0.0,gas_ocgt,MW,nem,NSW1
2017-10-30 21:35:00,0.0,gas_ocgt,MW,nem,NSW1
2017-10-30 21:40:00,0.0,gas_ocgt,MW,nem,NSW1
2017-10-30 21:45:00,0.0,gas_ocgt,MW,nem,NSW1
2017-10-30 21:50:00,0.0,gas_ocgt,MW,nem,NSW1
2017-10-30 21:55:00,0.0,gas_ocgt,MW,nem,NSW1
2017-10-30 22:00:00,0.0,gas_ocgt,MW,nem,NSW1
2017-10-30 22:05:00,0.0,gas_ocgt,MW,nem,NSW1
2017-10-30 22:10:00,0.0,gas_ocgt,MW,nem,NSW1
2017-10-30 22:15:00,0.0,gas_ocgt,MW,nem,NSW1
2017-10-30 22:20:00,0.0,gas_ocgt,MW,nem,NSW1
2017-10-30 22:25:00,0.0,gas_ocgt,MW,nem,NSW1
2017-10-30 22:30:00,0.0,gas_ocgt,MW,nem,NSW1
2017-10-30 22:35:00,0.0,gas_ocgt,MW,nem,NSW1
2017-10-30 22:40:00,0.0,gas_ocgt,MW,nem,NSW1
2017-10-30 22:45:00,0.0,gas_ocgt,MW,nem,NSW1
2017-10-30 22:50:00,0.0,gas_ocgt,MW,nem,NSW1
2017-10-30 22:55:00,0.0,gas_ocgt,MW,nem,NSW1
2017-10-30 23:00:00,0.0,gas_ocgt,MW,nem,NSW1
2017-10-30 23:05:00,0.0,gas_ocgt,MW,nem,NSW1
2017-10-30 23:10:00,0.0,gas_ocgt,MW,nem,NSW1
2017-10-30 23:15:00,0.0,gas_ocgt,MW,nem,NSW1
2017-10-30 23:20:00,0.0,gas_ocgt,MW,nem,NSW1
2017-10-30 23:25:00,0.0,gas_ocgt,MW,nem,NSW1
2017-10-30 23:30:00,0.0,gas_ocgt,MW,nem,NSW1
2017-10-30 23:35:00,0.0,gas_ocgt,MW,nem,NSW1
2017-10-30 23:40:00,0.0,gas_ocgt,MW,nem,NSW1
2017-10-30 23:45:00,0.0,gas_ocgt,MW,nem,NSW1
2017-10-30 23:50:00,0.0,gas_ocgt,MW,nem,NSW1
2017-10-30 23:55:00,0.0,gas_ocgt,MW,nem,NSW1
2017-10-31 00:00:00,0.0,gas_ocgt,MW,nem,NSW1
2017-10-31 00:05:00,0.0,gas_ocgt,MW,nem,NSW1
2017-10-31 00:10:00,0.0,gas_ocgt,MW,nem,NSW1
2017-10-31 00:15:00,0.0,gas_ocgt,MW,nem,NSW1
2017-10-31 00:20:00,0.0,gas_ocgt,MW,nem,NSW1
2017-10-31 00:25:00,0.0,gas_ocgt,MW,nem,NSW1
2017-10-31 00:30:00,0.0,gas_ocgt,MW,nem,NSW1
2017-10-31 00:35:00,0.0,gas_ocgt,MW,nem,NSW1
2017-10-31 00:40:00,0.0,gas_ocgt,MW,nem,NSW1
2017-10-31 00:45:00,0.0,gas_ocgt,MW,nem,NSW1
2017-10-31 00:50:00,0.0,gas_ocgt,MW,nem,NSW1
2017-10-31 00:55:00,0.0,gas_ocgt,MW,nem,NSW1
2017-10-31 01:00:00,0.0,gas_ocgt,MW,nem,NSW1
2017-10-31 01:05:00,0.0,gas_ocgt,MW,nem,NSW1
2017-10-31 01:10:00,0.0,gas_ocgt,MW,nem,NSW1
2017-10-31 01:15:00,0.0,gas_ocgt,MW,nem,NSW1
2017-10-31 01:20:00,0.0,gas_ocgt,MW,nem,NSW1
2017-10-31 01:25:00,0.0,gas_ocgt,MW,nem,NSW1
2017-10-31 01:30:00,0.0,gas_ocgt,MW,nem,NSW1
2017-10-31 01:35:00,0.0,gas_ocgt,MW,nem,NSW1
2017-10-31 01:40:00,0.0,gas_ocgt,MW,nem,NSW1
2017-10-31 01:45:00,0.0,gas_ocgt,MW,nem,NSW1
2017-10-31 01:50:00,0.0,gas_ocgt,MW,nem,NSW1
2017-10-31 01:55:00,0.0,gas_ocgt,MW,nem,NSW1
2017-10-31 02:00:00,0.0,gas_ocgt,MW,nem,NSW1
2017-10-31 02:05:00,0.0,gas_ocgt,MW,nem,NSW1
2017-10-31 02:10:00,0.0,gas_ocgt,MW,nem,NSW1
2017-10-31 02:15:00,0.0,gas_ocgt,MW,nem,NSW1
2017-10-31 02:20:00,0.0,gas_ocgt,MW,nem,NSW1
2017-10-31 02:25:00,0.0,gas_ocgt,MW,nem,NSW1
2017-10-31 02:30:00,0.0,gas_ocgt,MW,nem,NSW1
2017-10-31 02:35:00,0.0,gas_ocgt,MW,nem,NSW1
2017-10-31 02:40:00,0.0,gas_ocgt,MW,nem,NSW1
2017-10-31 02:45:00,0.0,gas_ocgt,MW,nem,NSW1
2017-10-31 02:50:00,0.0,gas_ocgt,MW,nem,NSW1
2017-10-31 02:55:00,0.0,gas_ocgt,MW,nem,NSW1
2017-10-31 03:00:00,0.0,gas_ocgt,MW,nem,NSW1
2017-10-31 03:05:00,0.0,gas_ocgt,MW,nem,NSW1
2017-10-31 03:10:00,0.0,gas_ocgt,MW,nem,NSW1
2017-10-31 03:15:00,0.0,gas_ocgt,MW,nem,NSW1
2017-10-31 03:20:00,0.0,gas_ocgt,MW,nem,NSW1
2017-10-31 03:25:00,0.0,gas_ocgt,MW,nem,NSW1
2017-10-31 03:30:00,0.0,gas_ocgt,MW,nem,NSW1
2017-10-31 03:35:00,0.0,gas_ocgt,MW,nem,NSW1
2017-10-31 03:40:00,0.0,gas_ocgt,MW,nem,NSW1
2017-10-31 03:45:00,0.0,gas_ocgt,MW,nem,NSW1
2017-10-31 03:50:00,0.0,gas_ocgt,MW,nem,NSW1
2017-10-31 03:55:00,0.0,gas_ocgt,MW,nem,NSW1
2017-10-31 04:00:00,0.0,gas_ocgt,MW,nem,NSW1
2017-10-31 04:05:00,0.0,gas_ocgt,MW,nem,NSW1
2017-10-31 04:10:00,0.0,gas_ocgt,MW,nem,NSW1
2017-10-31 04:15:00,0.0,gas_ocgt,MW,nem,NSW1
2017-10-31 04:20:00,0.0,gas_ocgt,MW,nem,NSW1
2017-10-31 04:25:00,0.0,gas_ocgt,MW,nem,NSW1
2017-10-31 04:30:00,0.0,gas_ocgt,MW,nem,NSW1
2017-10-31 04:35:00,0.0,gas_ocgt,MW,nem,NSW1
2017-10-31 04:40:00,0.0,gas_ocgt,MW,nem,NSW1
2017-10-31 04:45:00,0.0,gas_ocgt,MW,nem,NSW1
2017-10-31 04:50:00,0.0,gas_ocgt,MW,nem,NSW1
2017-10-31 04:55:00,0.0,gas_ocgt,MW,nem,NSW1
2017-10-31 05:00:00,0.0,gas_ocgt,MW,nem,NSW1
2017-10-31 05:05:00,0.0,gas_ocgt,MW,nem,NSW1
2017-10-31 05:10:00,0.0,gas_ocgt,MW,nem,NSW1
2017-10-31 05:15:00,0.0,gas_ocgt,MW,nem,NSW1
2017-10-31 05:20:00,0.0,gas_ocgt,MW,nem,NSW1
2017-10-31 05:25:00,0.0,gas_ocgt,MW,nem,NSW1
2017-10-31 05:30:00,0.0,gas_ocgt,MW,nem,NSW1
2017-10-31 05:35:00,0.0,gas_ocgt,MW,nem,NSW1
2017-10-31 05:40:00,0.0,gas_ocgt,MW,nem,NSW1
2017-10-31 05:45:00,0.0,gas_ocgt,MW,nem,NSW1
2017-10-31 05:50:00,0.0,gas_ocgt,MW,nem,NSW1
2017-10-31 05:55:00,0.0,gas_ocgt,MW,nem,NSW1
2017-10-31 06:00:00,0.0,gas_ocgt,MW,nem,NSW1
2017-10-31 06:05:00,0.0,gas_ocgt,MW,nem,NSW1
2017-10-31 06:10:00,0.0,gas_ocgt,MW,nem,NSW1
2017-10-31 06:15:00,0.0,gas_ocgt,MW,nem,NSW1
2017-10-31 06:20:00,0.0,gas_ocgt,MW,nem,NSW1
2017-10-31 06:25:00,0.0,gas_ocgt,MW,nem,NSW1
2017-10-31 06:30:00,0.0,gas_ocgt,MW,nem,NSW1
2017-10-31 06:35:00,0.0,gas_ocgt,MW,nem,NSW1
2017-10-31 06:40:00,-3.881,gas_ocgt,MW,nem,NSW1
2017-10-31 06:45:00,41.21,gas_ocgt,MW,nem,NSW1
2017-10-31 06:50:00,96.43,gas_ocgt,MW,nem,NSW1
2017-10-31 06:55:00,150.3,gas_ocgt,MW,nem,NSW1
2017-10-31 07:00:00,165.6,gas_ocgt,MW,nem,NSW1
2017-10-31 07:05:00,166.0,gas_ocgt,MW,nem,NSW1
2017-10-31 07:10:00,165.1,gas_ocgt,MW,nem,NSW1
2017-10-31 07:15:00,164.9,gas_ocgt,MW,nem,NSW1
2017-10-31 07:20:00,165.2,gas_ocgt,MW,nem,NSW1
2017-10-31 07:25:00,165.1,gas_ocgt,MW,nem,NSW1
2017-10-31 07:30:00,164.9,gas_ocgt,MW,nem,NSW1
2017-10-31 07:35:00,165.5,gas_ocgt,MW,nem,NSW1
2017-10-31 07:40:00,163.9,gas_ocgt,MW,nem,NSW1
2017-10-31 07:45:00,163.8,gas_ocgt,MW,nem,NSW1
2017-10-31 07:50:00,164.6,gas_ocgt,MW,nem,NSW1
2017-10-31 07:55:00,163.9,gas_ocgt,MW,nem,NSW1
2017-10-31 08:00:00,163.6,gas_ocgt,MW,nem,NSW1
2017-10-31 08:05:00,163.8,gas_ocgt,MW,nem,NSW1
2017-10-31 08:10:00,162.4,gas_ocgt,MW,nem,NSW1
2017-10-31 08:15:00,163.3,gas_ocgt,MW,nem,NSW1
2017-10-31 08:20:00,163.2,gas_ocgt,MW,nem,NSW1
2017-10-31 08:25:00,162.8,gas_ocgt,MW,nem,NSW1
2017-10-31 08:30:00,162.9,gas_ocgt,MW,nem,NSW1
2017-10-31 08:35:00,162.9,gas_ocgt,MW,nem,NSW1
2017-10-31 08:40:00,161.6,gas_ocgt,MW,nem,NSW1
2017-10-31 08:45:00,161.8,gas_ocgt,MW,nem,NSW1
2017-10-31 08:50:00,161.9,gas_ocgt,MW,nem,NSW1
2017-10-31 08:55:00,161.6,gas_ocgt,MW,nem,NSW1
2017-10-31 09:00:00,161.6,gas_ocgt,MW,nem,NSW1
2017-10-31 09:05:00,162.3,gas_ocgt,MW,nem,NSW1
2017-10-31 09:10:00,160.8,gas_ocgt,MW,nem,NSW1
2017-10-31 09:15:00,161.4,gas_ocgt,MW,nem,NSW1
2017-10-31 09:20:00,161.1,gas_ocgt,MW,nem,NSW1
2017-10-31 09:25:00,161.1,gas_ocgt,MW,nem,NSW1
2017-10-31 09:30:00,161.3,gas_ocgt,MW,nem,NSW1
2017-10-31 09:35:00,161.0,gas_ocgt,MW,nem,NSW1
2017-10-31 09:40:00,159.8,gas_ocgt,MW,nem,NSW1
2017-10-31 09:45:00,160.4,gas_ocgt,MW,nem,NSW1
2017-10-31 09:50:00,160.1,gas_ocgt,MW,nem,NSW1
2017-10-31 09:55:00,160.1,gas_ocgt,MW,nem,NSW1
2017-10-31 10:00:00,160.1,gas_ocgt,MW,nem,NSW1
2017-10-31 10:05:00,160.1,gas_ocgt,MW,nem,NSW1
2017-10-31 10:10:00,159.5,gas_ocgt,MW,nem,NSW1
2017-10-31 10:15:00,159.4,gas_ocgt,MW,nem,NSW1
2017-10-31 10:20:00,158.9,gas_ocgt,MW,nem,NSW1
2017-10-31 10:25:00,158.7,gas_ocgt,MW,nem,NSW1
2017-10-31 10:30:00,158.6,gas_ocgt,MW,nem,NSW1
2017-10-31 10:35:00,196.7,gas_ocgt,MW,nem,NSW1
2017-10-31 10:40:00,252.0,gas_ocgt,MW,nem,NSW1
2017-10-31 10:45:00,306.4,gas_ocgt,MW,nem,NSW1
2017-10-31 10:50:00,315.9,gas_ocgt,MW,nem,NSW1
2017-10-31 10:55:00,315.9,gas_ocgt,MW,nem,NSW1
2017-10-31 11:00:00,316.5,gas_ocgt,MW,nem,NSW1
2017-10-31 11:05:00,315.1,gas_ocgt,MW,nem,NSW1
2017-10-31 11:10:00,314.1,gas_ocgt,MW,nem,NSW1
2017-10-31 11:15:00,313.8,gas_ocgt,MW,nem,NSW1
2017-10-31 11:20:00,314.0,gas_ocgt,MW,nem,NSW1
2017-10-31 11:25:00,313.8,gas_ocgt,MW,nem,NSW1
2017-10-31 11:30:00,314.5,gas_ocgt,MW,nem,NSW1
2017-10-31 11:35:00,313.3,gas_ocgt,MW,nem,NSW1
2017-10-31 11:40:00,312.4,gas_ocgt,MW,nem,NSW1
2017-10-31 11:45:00,311.5,gas_ocgt,MW,nem,NSW1
2017-10-31 11:50:00,312.1,gas_ocgt,MW,nem,NSW1
2017-10-31 11:55:00,312.7,gas_ocgt,MW,nem,NSW1
2017-10-31 12:00:00,311.7,gas_ocgt,MW,nem,NSW1
2017-10-31 12:05:00,311.2,gas_ocgt,MW,nem,NSW1
2017-10-31 12:10:00,270.3,gas_ocgt,MW,nem,NSW1
2017-10-31 12:15:00,215.3,gas_ocgt,MW,nem,NSW1
2017-10-31 12:20:00,166.1,gas_ocgt,MW,nem,NSW1
2017-10-31 12:25:00,157.2,gas_ocgt,MW,nem,NSW1
2017-10-31 12:30:00,157.2,gas_ocgt,MW,nem,NSW1
2017-10-31 12:35:00,157.1,gas_ocgt,MW,nem,NSW1
2017-10-31 12:40:00,156.0,gas_ocgt,MW,nem,NSW1
2017-10-31 12:45:00,155.9,gas_ocgt,MW,nem,NSW1
2017-10-31 12:50:00,156.2,gas_ocgt,MW,nem,NSW1
2017-10-31 12:55:00,156.2,gas_ocgt,MW,nem,NSW1
2017-10-31 13:00:00,155.2,gas_ocgt,MW,nem,NSW1
2017-10-31 13:05:00,156.0,gas_ocgt,MW,nem,NSW1
2017-10-31 13:10:00,156.0,gas_ocgt,MW,nem,NSW1
2017-10-31 13:15:00,155.4,gas_ocgt,MW,nem,NSW1
2017-10-31 13:20:00,155.9,gas_ocgt,MW,nem,NSW1
2017-10-31 13:25:00,195.2,gas_ocgt,MW,nem,NSW1
2017-10-31 13:30:00,244.9,gas_ocgt,MW,nem,NSW1
2017-10-31 13:35:00,264.7,gas_ocgt,MW,nem,NSW1
2017-10-31 13:40:00,316.5,gas_ocgt,MW,nem,NSW1
2017-10-31 13:45:00,267.0,gas_ocgt,MW,nem,NSW1
2017-10-31 13:50:00,312.2,gas_ocgt,MW,nem,NSW1
2017-10-31 13:55:00,312.8,gas_ocgt,MW,nem,NSW1
2017-10-31 14:00:00,314.5,gas_ocgt,MW,nem,NSW1
2017-10-31 14:05:00,312.9,gas_ocgt,MW,nem,NSW1
2017-10-31 14:10:00,311.7,gas_ocgt,MW,nem,NSW1
2017-10-31 14:15:00,299.5,gas_ocgt,MW,nem,NSW1
2017-10-31 14:20:00,288.7,gas_ocgt,MW,nem,NSW1
2017-10-31 14:25:00,313.1,gas_ocgt,MW,nem,NSW1
2017-10-31 14:30:00,312.8,gas_ocgt,MW,nem,NSW1
2017-10-31 14:35:00,313.6,gas_ocgt,MW,nem,NSW1
2017-10-31 14:40:00,313.8,gas_ocgt,MW,nem,NSW1
2017-10-31 14:45:00,314.0,gas_ocgt,MW,nem,NSW1
2017-10-31 14:50:00,312.9,gas_ocgt,MW,nem,NSW1
2017-10-31 14:55:00,314.2,gas_ocgt,MW,nem,NSW1
2017-10-31 15:00:00,312.6,gas_ocgt,MW,nem,NSW1
2017-10-31 15:05:00,314.2,gas_ocgt,MW,nem,NSW1
2017-10-31 15:10:00,266.7,gas_ocgt,MW,nem,NSW1
2017-10-31 15:15:00,258.4,gas_ocgt,MW,nem,NSW1
2017-10-31 15:20:00,214.5,gas_ocgt,MW,nem,NSW1
2017-10-31 15:25:00,164.9,gas_ocgt,MW,nem,NSW1
2017-10-31 15:30:00,155.3,gas_ocgt,MW,nem,NSW1
2017-10-31 15:35:00,156.2,gas_ocgt,MW,nem,NSW1
2017-10-31 15:40:00,157.1,gas_ocgt,MW,nem,NSW1
2017-10-31 15:45:00,156.1,gas_ocgt,MW,nem,NSW1
2017-10-31 15:50:00,156.3,gas_ocgt,MW,nem,NSW1
2017-10-31 15:55:00,157.3,gas_ocgt,MW,nem,NSW1
2017-10-31 16:00:00,157.3,gas_ocgt,MW,nem,NSW1
2017-10-31 16:05:00,157.4,gas_ocgt,MW,nem,NSW1
2017-10-31 16:10:00,156.5,gas_ocgt,MW,nem,NSW1
2017-10-31 16:15:00,156.8,gas_ocgt,MW,nem,NSW1
2017-10-31 16:20:00,157.2,gas_ocgt,MW,nem,NSW1
2017-10-31 16:25:00,155.9,gas_ocgt,MW,nem,NSW1
2017-10-31 16:30:00,157.0,gas_ocgt,MW,nem,NSW1
2017-10-31 16:35:00,157.0,gas_ocgt,MW,nem,NSW1
2017-10-31 16:40:00,156.7,gas_ocgt,MW,nem,NSW1
2017-10-31 16:45:00,156.6,gas_ocgt,MW,nem,NSW1
2017-10-31 16:50:00,157.1,gas_ocgt,MW,nem,NSW1
2017-10-31 16:55:00,157.0,gas_ocgt,MW,nem,NSW1
2017-10-31 17:00:00,156.4,gas_ocgt,MW,nem,NSW1
2017-10-31 17:05:00,157.2,gas_ocgt,MW,nem,NSW1
2017-10-31 17:10:00,158.1,gas_ocgt,MW,nem,NSW1
2017-10-31 17:15:00,158.2,gas_ocgt,MW,nem,NSW1
2017-10-31 17:20:00,158.1,gas_ocgt,MW,nem,NSW1
2017-10-31 17:25:00,158.2,gas_ocgt,MW,nem,NSW1
2017-10-31 17:30:00,158.3,gas_ocgt,MW,nem,NSW1
2017-10-31 17:35:00,158.1,gas_ocgt,MW,nem,NSW1
2017-10-31 17:40:00,158.8,gas_ocgt,MW,nem,NSW1
2017-10-31 17:45:00,118.9,gas_ocgt,MW,nem,NSW1
2017-10-31 17:50:00,159.1,gas_ocgt,MW,nem,NSW1
2017-10-31 17:55:00,158.4,gas_ocgt,MW,nem,NSW1
2017-10-31 18:00:00,158.5,gas_ocgt,MW,nem,NSW1
2017-10-31 18:05:00,159.1,gas_ocgt,MW,nem,NSW1
2017-10-31 18:10:00,159.7,gas_ocgt,MW,nem,NSW1
2017-10-31 18:15:00,159.3,gas_ocgt,MW,nem,NSW1
2017-10-31 18:20:00,159.6,gas_ocgt,MW,nem,NSW1
2017-10-31 18:25:00,160.3,gas_ocgt,MW,nem,NSW1
2017-10-31 18:30:00,159.9,gas_ocgt,MW,nem,NSW1
2017-10-31 18:35:00,159.5,gas_ocgt,MW,nem,NSW1
2017-10-31 18:40:00,128.9,gas_ocgt,MW,nem,NSW1
2017-10-31 18:45:00,98.48,gas_ocgt,MW,nem,NSW1
2017-10-31 18:50:00,59.44,gas_ocgt,MW,nem,NSW1
2017-10-31 18:55:00,9.119,gas_ocgt,MW,nem,NSW1
2017-10-31 19:00:00,0.0,gas_ocgt,MW,nem,NSW1
2017-10-31 19:05:00,0.0,gas_ocgt,MW,nem,NSW1
2017-10-31 19:10:00,0.0,gas_ocgt,MW,nem,NSW1
2017-10-31 19:15:00,0.0,gas_ocgt,MW,nem,NSW1
2017-10-31 19:20:00,0.0,gas_ocgt,MW,nem,NSW1
2017-10-31 19:25:00,0.0,gas_ocgt,MW,nem,NSW1
2017-10-31 19:30:00,0.0,gas_ocgt,MW,nem,NSW1
2017-10-31 19:35:00,0.0,gas_ocgt,MW,nem,NSW1
2017-10-31 19:40:00,0.0,gas_ocgt,MW,nem,NSW1
2017-10-31 19:45:00,0.0,gas_ocgt,MW,nem,NSW1
2017-10-31 19:50:00,0.0,gas_ocgt,MW,nem,NSW1
2017-10-31 19:55:00,0.0,gas_ocgt,MW,nem,NSW1
2017-10-31 20:00:00,0.0,gas_ocgt,MW,nem,NSW1
2017-10-31 20:05:00,0.0,gas_ocgt,MW,nem,NSW1
2017-10-31 20:10:00,0.0,gas_ocgt,MW,nem,NSW1
2017-10-31 20:15:00,0.0,gas_ocgt,MW,nem,NSW1
2017-10-31 20:20:00,0.0,gas_ocgt,MW,nem,NSW1
2017-10-31 20:25:00,0.0,gas_ocgt,MW,nem,NSW1
2017-10-31 20:30:00,0.0,gas_ocgt,MW,nem,NSW1
2017-10-31 20:35:00,0.0,gas_ocgt,MW,nem,NSW1
2017-10-31 20:40:00,0.0,gas_ocgt,MW,nem,NSW1
2017-10-31 20:45:00,0.0,gas_ocgt,MW,nem,NSW1
2017-10-31 20:50:00,0.0,gas_ocgt,MW,nem,NSW1
2017-10-31 20:55:00,0.0,gas_ocgt,MW,nem,NSW1
2017-10-31 21:00:00,0.0,gas_ocgt,MW,nem,NSW1
2017-10-31 21:05:00,0.0,gas_ocgt,MW,nem,NSW1
2017-10-31 21:10:00,0.0,gas_ocgt,MW,nem,NSW1
2017-10-31 21:15:00,0.0,gas_ocgt,MW,nem,NSW1
2017-10-31 21:20:00,0.0,gas_ocgt,MW,nem,NSW1
2017-10-31 21:25:00,0.0,gas_ocgt,MW,nem,NSW1
2017-10-31 21:30:00,0.0,gas_ocgt,MW,nem,NSW1
2017-10-31 21:35:00,0.0,gas_ocgt,MW,nem,NSW1
2017-10-31 21:40:00,0.0,gas_ocgt,MW,nem,NSW1
2017-10-31 21:45:00,0.0,gas_ocgt,MW,nem,NSW1
2017-10-31 21:50:00,0.0,gas_ocgt,MW,nem,NSW1
2017-10-31 21:55:00,0.0,gas_ocgt,MW,nem,NSW1
2017-10-31 22:00:00,0.0,gas_ocgt,MW,nem,NSW1
2017-10-31 22:05:00,0.0,gas_ocgt,MW,nem,NSW1
2017-10-31 22:10:00,0.0,gas_ocgt,MW,nem,NSW1
2017-10-31 22:15:00,0.0,gas_ocgt,MW,nem,NSW1
2017-10-31 22:20:00,0.0,gas_ocgt,MW,nem,NSW1
2017-10-31 22:25:00,0.0,gas_ocgt,MW,nem,NSW1
2017-10-31 22:30:00,0.0,gas_ocgt,MW,nem,NSW1
2017-10-31 22:35:00,0.0,gas_ocgt,MW,nem,NSW1
2017-10-31 22:40:00,0.0,gas_ocgt,MW,nem,NSW1
2017-10-31 22:45:00,0.0,gas_ocgt,MW,nem,NSW1
2017-10-31 22:50:00,0.0,gas_ocgt,MW,nem,NSW1
2017-10-31 22:55:00,0.0,gas_ocgt,MW,nem,NSW1
2017-10-31 23:00:00,0.0,gas_ocgt,MW,nem,NSW1
2017-10-31 23:05:00,0.0,gas_ocgt,MW,nem,NSW1
2017-10-31 23:10:00,0.0,gas_ocgt,MW,nem,NSW1
2017-10-31 23:15:00,0.0,gas_ocgt,MW,nem,NSW1
2017-10-31 23:20:00,0.0,gas_ocgt,MW,nem,NSW1
2017-10-31 23:25:00,0.0,gas_ocgt,MW,nem,NSW1
2017-10-31 23:30:00,0.0,gas_ocgt,MW,nem,NSW1
2017-10-31 23:35:00,0.0,gas_ocgt,MW,nem,NSW1
2017-10-31 23:40:00,0.0,gas_ocgt,MW,nem,NSW1
2017-10-31 23:45:00,0.0,gas_ocgt,MW,nem,NSW1
2017-10-31 23:50:00,0.0,gas_ocgt,MW,nem,NSW1
2017-10-31 23:55:00,0.0,gas_ocgt,MW,nem,NSW1
2017-10-01 00:00:00,5392.0,coal_black,MW,nem,NSW1
2017-10-01 00:05:00,5296.0,coal_black,MW,nem,NSW1
2017-10-01 00:10:00,5456.0,coal_black,MW,nem,NSW1
2017-10-01 00:15:00,5573.0,coal_black,MW,nem,NSW1
2017-10-01 00:20:00,5614.0,coal_black,MW,nem,NSW1
2017-10-01 00:25:00,5605.0,coal_black,MW,nem,NSW1
2017-10-01 00:30:00,5461.0,coal_black,MW,nem,NSW1
2017-10-01 00:35:00,5478.0,coal_black,MW,nem,NSW1
2017-10-01 00:40:00,5446.0,coal_black,MW,nem,NSW1
2017-10-01 00:45:00,5300.0,coal_black,MW,nem,NSW1
2017-10-01 00:50:00,5276.0,coal_black,MW,nem,NSW1
2017-10-01 00:55:00,5310.0,coal_black,MW,nem,NSW1
2017-10-01 01:00:00,5377.0,coal_black,MW,nem,NSW1
2017-10-01 01:05:00,5301.0,coal_black,MW,nem,NSW1
2017-10-01 01:10:00,5295.0,coal_black,MW,nem,NSW1
2017-10-01 01:15:00,5279.0,coal_black,MW,nem,NSW1
2017-10-01 01:20:00,5286.0,coal_black,MW,nem,NSW1
2017-10-01 01:25:00,5198.0,coal_black,MW,nem,NSW1
2017-10-01 01:30:00,5105.0,coal_black,MW,nem,NSW1
2017-10-01 01:35:00,5008.0,coal_black,MW,nem,NSW1
2017-10-01 01:40:00,5037.0,coal_black,MW,nem,NSW1
2017-10-01 01:45:00,5018.0,coal_black,MW,nem,NSW1
2017-10-01 01:50:00,4999.0,coal_black,MW,nem,NSW1
2017-10-01 01:55:00,4974.0,coal_black,MW,nem,NSW1
2017-10-01 02:00:00,4869.0,coal_black,MW,nem,NSW1
2017-10-01 02:05:00,4809.0,coal_black,MW,nem,NSW1
2017-10-01 02:10:00,4773.0,coal_black,MW,nem,NSW1
2017-10-01 02:15:00,4696.0,coal_black,MW,nem,NSW1
2017-10-01 02:20:00,4633.0,coal_black,MW,nem,NSW1
2017-10-01 02:25:00,4630.0,coal_black,MW,nem,NSW1
2017-10-01 02:30:00,4628.0,coal_black,MW,nem,NSW1
2017-10-01 02:35:00,4556.0,coal_black,MW,nem,NSW1
2017-10-01 02:40:00,4522.0,coal_black,MW,nem,NSW1
2017-10-01 02:45:00,4533.0,coal_black,MW,nem,NSW1
2017-10-01 02:50:00,4543.0,coal_black,MW,nem,NSW1
2017-10-01 02:55:00,4468.0,coal_black,MW,nem,NSW1
2017-10-01 03:00:00,4507.0,coal_black,MW,nem,NSW1
2017-10-01 03:05:00,4401.0,coal_black,MW,nem,NSW1
2017-10-01 03:10:00,4428.0,coal_black,MW,nem,NSW1
2017-10-01 03:15:00,4456.0,coal_black,MW,nem,NSW1
2017-10-01 03:20:00,4466.0,coal_black,MW,nem,NSW1
2017-10-01 03:25:00,4421.0,coal_black,MW,nem,NSW1
2017-10-01 03:30:00,4388.0,coal_black,MW,nem,NSW1
2017-10-01 03:35:00,4385.0,coal_black,MW,nem,NSW1
2017-10-01 03:40:00,4365.0,coal_black,MW,nem,NSW1
2017-10-01 03:45:00,4373.0,coal_black,MW,nem,NSW1
2017-10-01 03:50:00,4365.0,coal_black,MW,nem,NSW1
2017-10-01 03:55:00,4279.0,coal_black,MW,nem,NSW1
2017-10-01 04:00:00,4222.0,coal_black,MW,nem,NSW1
2017-10-01 04:05:00,4236.0,coal_black,MW,nem,NSW1
2017-10-01 04:10:00,4251.0,coal_black,MW,nem,NSW1
2017-10-01 04:15:00,4271.0,coal_black,MW,nem,NSW1
2017-10-01 04:20:00,4306.0,coal_black,MW,nem,NSW1
2017-10-01 04:25:00,4311.0,coal_black,MW,nem,NSW1
2017-10-01 04:30:00,4362.0,coal_black,MW,nem,NSW1
2017-10-01 04:35:00,4372.0,coal_black,MW,nem,NSW1
2017-10-01 04:40:00,4372.0,coal_black,MW,nem,NSW1
2017-10-01 04:45:00,4329.0,coal_black,MW,nem,NSW1
2017-10-01 04:50:00,4417.0,coal_black,MW,nem,NSW1
2017-10-01 04:55:00,4462.0,coal_black,MW,nem,NSW1
2017-10-01 05:00:00,4457.0,coal_black,MW,nem,NSW1
2017-10-01 05:05:00,4455.0,coal_black,MW,nem,NSW1
2017-10-01 05:10:00,4524.0,coal_black,MW,nem,NSW1
2017-10-01 05:15:00,4518.0,coal_black,MW,nem,NSW1
2017-10-01 05:20:00,4474.0,coal_black,MW,nem,NSW1
2017-10-01 05:25:00,4445.0,coal_black,MW,nem,NSW1
2017-10-01 05:30:00,4423.0,coal_black,MW,nem,NSW1
2017-10-01 05:35:00,4470.0,coal_black,MW,nem,NSW1
2017-10-01 05:40:00,4524.0,coal_black,MW,nem,NSW1
2017-10-01 05:45:00,4584.0,coal_black,MW,nem,NSW1
2017-10-01 05:50:00,4559.0,coal_black,MW,nem,NSW1
2017-10-01 05:55:00,4559.0,coal_black,MW,nem,NSW1
2017-10-01 06:00:00,4545.0,coal_black,MW,nem,NSW1
2017-10-01 06:05:00,4571.0,coal_black,MW,nem,NSW1
2017-10-01 06:10:00,4521.0,coal_black,MW,nem,NSW1
2017-10-01 06:15:00,4580.0,coal_black,MW,nem,NSW1
2017-10-01 06:20:00,4654.0,coal_black,MW,nem,NSW1
2017-10-01 06:25:00,4677.0,coal_black,MW,nem,NSW1
2017-10-01 06:30:00,4665.0,coal_black,MW,nem,NSW1
2017-10-01 06:35:00,4707.0,coal_black,MW,nem,NSW1
2017-10-01 06:40:00,4770.0,coal_black,MW,nem,NSW1
2017-10-01 06:45:00,4851.0,coal_black,MW,nem,NSW1
2017-10-01 06:50:00,4885.0,coal_black,MW,nem,NSW1
2017-10-01 06:55:00,4894.0,coal_black,MW,nem,NSW1
2017-10-01 07:00:00,4983.0,coal_black,MW,nem,NSW1
2017-10-01 07:05:00,5039.0,coal_black,MW,nem,NSW1
2017-10-01 07:10:00,4959.0,coal_black,MW,nem,NSW1
2017-10-01 07:15:00,4962.0,coal_black,MW,nem,NSW1
2017-10-01 07:20:00,5034.0,coal_black,MW,nem,NSW1
2017-10-01 07:25:00,5076.0,coal_black,MW,nem,NSW1
2017-10-01 07:30:00,5087.0,coal_black,MW,nem,NSW1
2017-10-01 07:35:00,5050.0,coal_black,MW,nem,NSW1
2017-10-01 07:40:00,5149.0,coal_black,MW,nem,NSW1
2017-10-01 07:45:00,5177.0,coal_black,MW,nem,NSW1
2017-10-01 07:50:00,5206.0,coal_black,MW,nem,NSW1
2017-10-01 07:55:00,5200.0,coal_black,MW,nem,NSW1
2017-10-01 08:00:00,5164.0,coal_black,MW,nem,NSW1
2017-10-01 08:05:00,5196.0,coal_black,MW,nem,NSW1
2017-10-01 08:10:00,5269.0,coal_black,MW,nem,NSW1
2017-10-01 08:15:00,5346.0,coal_black,MW,nem,NSW1
2017-10-01 08:20:00,5447.0,coal_black,MW,nem,NSW1
2017-10-01 08:25:00,5514.0,coal_black,MW,nem,NSW1
2017-10-01 08:30:00,5546.0,coal_black,MW,nem,NSW1
2017-10-01 08:35:00,5560.0,coal_black,MW,nem,NSW1
2017-10-01 08:40:00,5577.0,coal_black,MW,nem,NSW1
2017-10-01 08:45:00,5642.0,coal_black,MW,nem,NSW1
2017-10-01 08:50:00,5566.0,coal_black,MW,nem,NSW1
2017-10-01 08:55:00,5514.0,coal_black,MW,nem,NSW1
2017-10-01 09:00:00,5583.0,coal_black,MW,nem,NSW1
2017-10-01 09:05:00,5564.0,coal_black,MW,nem,NSW1
2017-10-01 09:10:00,5599.0,coal_black,MW,nem,NSW1
2017-10-01 09:15:00,5578.0,coal_black,MW,nem,NSW1
2017-10-01 09:20:00,5563.0,coal_black,MW,nem,NSW1
2017-10-01 09:25:00,5594.0,coal_black,MW,nem,NSW1
2017-10-01 09:30:00,5505.0,coal_black,MW,nem,NSW1
2017-10-01 09:35:00,5427.0,coal_black,MW,nem,NSW1
2017-10-01 09:40:00,5370.0,coal_black,MW,nem,NSW1
2017-10-01 09:45:00,5285.0,coal_black,MW,nem,NSW1
2017-10-01 09:50:00,5251.0,coal_black,MW,nem,NSW1
2017-10-01 09:55:00,5269.0,coal_black,MW,nem,NSW1
2017-10-01 10:00:00,5242.0,coal_black,MW,nem,NSW1
2017-10-01 10:05:00,5269.0,coal_black,MW,nem,NSW1
2017-10-01 10:10:00,5169.0,coal_black,MW,nem,NSW1
2017-10-01 10:15:00,5157.0,coal_black,MW,nem,NSW1
2017-10-01 10:20:00,5104.0,coal_black,MW,nem,NSW1
2017-10-01 10:25:00,5113.0,coal_black,MW,nem,NSW1
2017-10-01 10:30:00,5039.0,coal_black,MW,nem,NSW1
2017-10-01 10:35:00,4962.0,coal_black,MW,nem,NSW1
2017-10-01 10:40:00,4904.0,coal_black,MW,nem,NSW1
2017-10-01 10:45:00,4856.0,coal_black,MW,nem,NSW1
2017-10-01 10:50:00,4833.0,coal_black,MW,nem,NSW1
2017-10-01 10:55:00,4801.0,coal_black,MW,nem,NSW1
2017-10-01 11:00:00,4744.0,coal_black,MW,nem,NSW1
2017-10-01 11:05:00,4697.0,coal_black,MW,nem,NSW1
2017-10-01 11:10:00,4753.0,coal_black,MW,nem,NSW1
2017-10-01 11:15:00,4671.0,coal_black,MW,nem,NSW1
2017-10-01 11:20:00,4633.0,coal_black,MW,nem,NSW1
2017-10-01 11:25:00,4603.0,coal_black,MW,nem,NSW1
2017-10-01 11:30:00,4599.0,coal_black,MW,nem,NSW1
2017-10-01 11:35:00,4617.0,coal_black,MW,nem,NSW1
2017-10-01 11:40:00,4542.0,coal_black,MW,nem,NSW1
2017-10-01 11:45:00,4493.0,coal_black,MW,nem,NSW1
2017-10-01 11:50:00,4490.0,coal_black,MW,nem,NSW1
2017-10-01 11:55:00,4445.0,coal_black,MW,nem,NSW1
2017-10-01 12:00:00,4427.0,coal_black,MW,nem,NSW1
2017-10-01 12:05:00,4418.0,coal_black,MW,nem,NSW1
2017-10-01 12:10:00,4357.0,coal_black,MW,nem,NSW1
2017-10-01 12:15:00,4381.0,coal_black,MW,nem,NSW1
2017-10-01 12:20:00,4400.0,coal_black,MW,nem,NSW1
2017-10-01 12:25:00,4463.0,coal_black,MW,nem,NSW1
2017-10-01 12:30:00,4519.0,coal_black,MW,nem,NSW1
2017-10-01 12:35:00,4450.0,coal_black,MW,nem,NSW1
2017-10-01 12:40:00,4396.0,coal_black,MW,nem,NSW1
2017-10-01 12:45:00,4337.0,coal_black,MW,nem,NSW1
2017-10-01 12:50:00,4244.0,coal_black,MW,nem,NSW1
2017-10-01 12:55:00,4283.0,coal_black,MW,nem,NSW1
2017-10-01 13:00:00,4303.0,coal_black,MW,nem,NSW1
2017-10-01 13:05:00,4246.0,coal_black,MW,nem,NSW1
2017-10-01 13:10:00,4208.0,coal_black,MW,nem,NSW1
2017-10-01 13:15:00,4314.0,coal_black,MW,nem,NSW1
2017-10-01 13:20:00,4297.0,coal_black,MW,nem,NSW1
2017-10-01 13:25:00,4239.0,coal_black,MW,nem,NSW1
2017-10-01 13:30:00,4232.0,coal_black,MW,nem,NSW1
2017-10-01 13:35:00,4267.0,coal_black,MW,nem,NSW1
2017-10-01 13:40:00,4267.0,coal_black,MW,nem,NSW1
2017-10-01 13:45:00,4283.0,coal_black,MW,nem,NSW1
2017-10-01 13:50:00,4295.0,coal_black,MW,nem,NSW1
2017-10-01 13:55:00,4283.0,coal_black,MW,nem,NSW1
2017-10-01 14:00:00,4318.0,coal_black,MW,nem,NSW1
2017-10-01 14:05:00,4313.0,coal_black,MW,nem,NSW1
2017-10-01 14:10:00,4300.0,coal_black,MW,nem,NSW1
2017-10-01 14:15:00,4259.0,coal_black,MW,nem,NSW1
2017-10-01 14:20:00,4280.0,coal_black,MW,nem,NSW1
2017-10-01 14:25:00,4253.0,coal_black,MW,nem,NSW1
2017-10-01 14:30:00,4330.0,coal_black,MW,nem,NSW1
2017-10-01 14:35:00,4372.0,coal_black,MW,nem,NSW1
2017-10-01 14:40:00,4471.0,coal_black,MW,nem,NSW1
2017-10-01 14:45:00,4435.0,coal_black,MW,nem,NSW1
2017-10-01 14:50:00,4400.0,coal_black,MW,nem,NSW1
2017-10-01 14:55:00,4468.0,coal_black,MW,nem,NSW1
2017-10-01 15:00:00,4524.0,coal_black,MW,nem,NSW1
2017-10-01 15:05:00,4497.0,coal_black,MW,nem,NSW1
2017-10-01 15:10:00,4531.0,coal_black,MW,nem,NSW1
2017-10-01 15:15:00,4672.0,coal_black,MW,nem,NSW1
2017-10-01 15:20:00,4782.0,coal_black,MW,nem,NSW1
2017-10-01 15:25:00,4867.0,coal_black,MW,nem,NSW1
2017-10-01 15:30:00,4890.0,coal_black,MW,nem,NSW1
2017-10-01 15:35:00,4884.0,coal_black,MW,nem,NSW1
2017-10-01 15:40:00,4945.0,coal_black,MW,nem,NSW1
2017-10-01 15:45:00,5090.0,coal_black,MW,nem,NSW1
2017-10-01 15:50:00,5140.0,coal_black,MW,nem,NSW1
2017-10-01 15:55:00,5188.0,coal_black,MW,nem,NSW1
2017-10-01 16:00:00,5077.0,coal_black,MW,nem,NSW1
2017-10-01 16:05:00,5012.0,coal_black,MW,nem,NSW1
2017-10-01 16:10:00,5019.0,coal_black,MW,nem,NSW1
2017-10-01 16:15:00,5041.0,coal_black,MW,nem,NSW1
2017-10-01 16:20:00,5048.0,coal_black,MW,nem,NSW1
2017-10-01 16:25:00,5082.0,coal_black,MW,nem,NSW1
2017-10-01 16:30:00,5177.0,coal_black,MW,nem,NSW1
2017-10-01 16:35:00,5305.0,coal_black,MW,nem,NSW1
2017-10-01 16:40:00,5377.0,coal_black,MW,nem,NSW1
2017-10-01 16:45:00,5441.0,coal_black,MW,nem,NSW1
2017-10-01 16:50:00,5521.0,coal_black,MW,nem,NSW1
2017-10-01 16:55:00,5534.0,coal_black,MW,nem,NSW1
2017-10-01 17:00:00,5629.0,coal_black,MW,nem,NSW1
2017-10-01 17:05:00,5777.0,coal_black,MW,nem,NSW1
2017-10-01 17:10:00,5826.0,coal_black,MW,nem,NSW1
2017-10-01 17:15:00,5947.0,coal_black,MW,nem,NSW1
2017-10-01 17:20:00,5986.0,coal_black,MW,nem,NSW1
2017-10-01 17:25:00,6083.0,coal_black,MW,nem,NSW1
2017-10-01 17:30:00,6135.0,coal_black,MW,nem,NSW1
2017-10-01 17:35:00,6239.0,coal_black,MW,nem,NSW1
2017-10-01 17:40:00,6226.0,coal_black,MW,nem,NSW1
2017-10-01 17:45:00,6278.0,coal_black,MW,nem,NSW1
2017-10-01 17:50:00,6299.0,coal_black,MW,nem,NSW1
2017-10-01 17:55:00,6340.0,coal_black,MW,nem,NSW1
2017-10-01 18:00:00,6389.0,coal_black,MW,nem,NSW1
2017-10-01 18:05:00,6352.0,coal_black,MW,nem,NSW1
2017-10-01 18:10:00,6280.0,coal_black,MW,nem,NSW1
2017-10-01 18:15:00,6194.0,coal_black,MW,nem,NSW1
2017-10-01 18:20:00,6195.0,coal_black,MW,nem,NSW1
2017-10-01 18:25:00,6230.0,coal_black,MW,nem,NSW1
2017-10-01 18:30:00,6238.0,coal_black,MW,nem,NSW1
2017-10-01 18:35:00,6246.0,coal_black,MW,nem,NSW1
2017-10-01 18:40:00,6226.0,coal_black,MW,nem,NSW1
2017-10-01 18:45:00,6196.0,coal_black,MW,nem,NSW1
2017-10-01 18:50:00,6174.0,coal_black,MW,nem,NSW1
2017-10-01 18:55:00,6111.0,coal_black,MW,nem,NSW1
2017-10-01 19:00:00,6054.0,coal_black,MW,nem,NSW1
2017-10-01 19:05:00,6064.0,coal_black,MW,nem,NSW1
2017-10-01 19:10:00,6133.0,coal_black,MW,nem,NSW1
2017-10-01 19:15:00,6163.0,coal_black,MW,nem,NSW1
2017-10-01 19:20:00,6162.0,coal_black,MW,nem,NSW1
2017-10-01 19:25:00,6117.0,coal_black,MW,nem,NSW1
2017-10-01 19:30:00,6145.0,coal_black,MW,nem,NSW1
2017-10-01 19:35:00,6191.0,coal_black,MW,nem,NSW1
2017-10-01 19:40:00,6164.0,coal_black,MW,nem,NSW1
2017-10-01 19:45:00,6137.0,coal_black,MW,nem,NSW1
2017-10-01 19:50:00,6115.0,coal_black,MW,nem,NSW1
2017-10-01 19:55:00,6154.0,coal_black,MW,nem,NSW1
2017-10-01 20:00:00,6104.0,coal_black,MW,nem,NSW1
2017-10-01 20:05:00,6083.0,coal_black,MW,nem,NSW1
2017-10-01 20:10:00,6208.0,coal_black,MW,nem,NSW1
2017-10-01 20:15:00,6163.0,coal_black,MW,nem,NSW1
2017-10-01 20:20:00,6134.0,coal_black,MW,nem,NSW1
2017-10-01 20:25:00,6131.0,coal_black,MW,nem,NSW1
2017-10-01 20:30:00,6054.0,coal_black,MW,nem,NSW1
2017-10-01 20:35:00,5994.0,coal_black,MW,nem,NSW1
2017-10-01 20:40:00,5923.0,coal_black,MW,nem,NSW1
2017-10-01 20:45:00,5906.0,coal_black,MW,nem,NSW1
2017-10-01 20:50:00,5950.0,coal_black,MW,nem,NSW1
2017-10-01 20:55:00,5846.0,coal_black,MW,nem,NSW1
2017-10-01 21:00:00,5755.0,coal_black,MW,nem,NSW1
2017-10-01 21:05:00,5755.0,coal_black,MW,nem,NSW1
2017-10-01 21:10:00,5798.0,coal_black,MW,nem,NSW1
2017-10-01 21:15:00,5873.0,coal_black,MW,nem,NSW1
2017-10-01 21:20:00,5911.0,coal_black,MW,nem,NSW1
2017-10-01 21:25:00,5948.0,coal_black,MW,nem,NSW1
2017-10-01 21:30:00,5888.0,coal_black,MW,nem,NSW1
2017-10-01 21:35:00,5806.0,coal_black,MW,nem,NSW1
2017-10-01 21:40:00,5777.0,coal_black,MW,nem,NSW1
2017-10-01 21:45:00,5745.0,coal_black,MW,nem,NSW1
2017-10-01 21:50:00,5634.0,coal_black,MW,nem,NSW1
2017-10-01 21:55:00,5553.0,coal_black,MW,nem,NSW1
2017-10-01 22:00:00,5481.0,coal_black,MW,nem,NSW1
2017-10-01 22:05:00,5331.0,coal_black,MW,nem,NSW1
2017-10-01 22:10:00,5506.0,coal_black,MW,nem,NSW1
2017-10-01 22:15:00,5612.0,coal_black,MW,nem,NSW1
2017-10-01 22:20:00,5686.0,coal_black,MW,nem,NSW1
2017-10-01 22:25:00,5750.0,coal_black,MW,nem,NSW1
2017-10-01 22:30:00,5893.0,coal_black,MW,nem,NSW1
2017-10-01 22:35:00,5982.0,coal_black,MW,nem,NSW1
2017-10-01 22:40:00,6012.0,coal_black,MW,nem,NSW1
2017-10-01 22:45:00,5974.0,coal_black,MW,nem,NSW1
2017-10-01 22:50:00,5933.0,coal_black,MW,nem,NSW1
2017-10-01 22:55:00,5859.0,coal_black,MW,nem,NSW1
2017-10-01 23:00:00,5757.0,coal_black,MW,nem,NSW1
2017-10-01 23:05:00,5665.0,coal_black,MW,nem,NSW1
2017-10-01 23:10:00,5778.0,coal_black,MW,nem,NSW1
2017-10-01 23:15:00,5806.0,coal_black,MW,nem,NSW1
2017-10-01 23:20:00,5688.0,coal_black,MW,nem,NSW1
2017-10-01 23:25:00,5712.0,coal_black,MW,nem,NSW1
2017-10-01 23:30:00,5769.0,coal_black,MW,nem,NSW1
2017-10-01 23:35:00,5722.0,coal_black,MW,nem,NSW1
2017-10-01 23:40:00,5834.0,coal_black,MW,nem,NSW1
2017-10-01 23:45:00,5785.0,coal_black,MW,nem,NSW1
2017-10-01 23:50:00,5694.0,coal_black,MW,nem,NSW1
2017-10-01 23:55:00,5562.0,coal_black,MW,nem,NSW1
2017-10-02 00:00:00,5396.0,coal_black,MW,nem,NSW1
2017-10-02 00:05:00,5285.0,coal_black,MW,nem,NSW1
2017-10-02 00:10:00,5182.0,coal_black,MW,nem,NSW1
2017-10-02 00:15:00,5108.0,coal_black,MW,nem,NSW1
2017-10-02 00:20:00,5067.0,coal_black,MW,nem,NSW1
2017-10-02 00:25:00,5024.0,coal_black,MW,nem,NSW1
2017-10-02 00:30:00,4918.0,coal_black,MW,nem,NSW1
2017-10-02 00:35:00,4857.0,coal_black,MW,nem,NSW1
2017-10-02 00:40:00,4887.0,coal_black,MW,nem,NSW1
2017-10-02 00:45:00,4914.0,coal_black,MW,nem,NSW1
2017-10-02 00:50:00,4816.0,coal_black,MW,nem,NSW1
2017-10-02 00:55:00,4711.0,coal_black,MW,nem,NSW1
2017-10-02 01:00:00,4615.0,coal_black,MW,nem,NSW1
2017-10-02 01:05:00,4548.0,coal_black,MW,nem,NSW1
2017-10-02 01:10:00,4569.0,coal_black,MW,nem,NSW1
2017-10-02 01:15:00,4551.0,coal_black,MW,nem,NSW1
2017-10-02 01:20:00,4478.0,coal_black,MW,nem,NSW1
2017-10-02 01:25:00,4434.0,coal_black,MW,nem,NSW1
2017-10-02 01:30:00,4431.0,coal_black,MW,nem,NSW1
2017-10-02 01:35:00,4465.0,coal_black,MW,nem,NSW1
2017-10-02 01:40:00,4501.0,coal_black,MW,nem,NSW1
2017-10-02 01:45:00,4441.0,coal_black,MW,nem,NSW1
2017-10-02 01:50:00,4428.0,coal_black,MW,nem,NSW1
2017-10-02 01:55:00,4404.0,coal_black,MW,nem,NSW1
2017-10-02 02:00:00,4317.0,coal_black,MW,nem,NSW1
2017-10-02 02:05:00,4271.0,coal_black,MW,nem,NSW1
2017-10-02 02:10:00,4198.0,coal_black,MW,nem,NSW1
2017-10-02 02:15:00,4181.0,coal_black,MW,nem,NSW1
2017-10-02 02:20:00,4190.0,coal_black,MW,nem,NSW1
2017-10-02 02:25:00,4201.0,coal_black,MW,nem,NSW1
2017-10-02 02:30:00,4150.0,coal_black,MW,nem,NSW1
2017-10-02 02:35:00,4112.0,coal_black,MW,nem,NSW1
2017-10-02 02:40:00,4075.0,coal_black,MW,nem,NSW1
2017-10-02 02:45:00,4148.0,coal_black,MW,nem,NSW1
2017-10-02 02:50:00,4168.0,coal_black,MW,nem,NSW1
2017-10-02 02:55:00,4116.0,coal_black,MW,nem,NSW1
2017-10-02 03:00:00,4159.0,coal_black,MW,nem,NSW1
2017-10-02 03:05:00,4109.0,coal_black,MW,nem,NSW1
2017-10-02 03:10:00,4103.0,coal_black,MW,nem,NSW1
2017-10-02 03:15:00,4167.0,coal_black,MW,nem,NSW1
2017-10-02 03:20:00,4195.0,coal_black,MW,nem,NSW1
2017-10-02 03:25:00,4137.0,coal_black,MW,nem,NSW1
2017-10-02 03:30:00,4099.0,coal_black,MW,nem,NSW1
2017-10-02 03:35:00,4111.0,coal_black,MW,nem,NSW1
2017-10-02 03:40:00,4126.0,coal_black,MW,nem,NSW1
2017-10-02 03:45:00,4119.0,coal_black,MW,nem,NSW1
2017-10-02 03:50:00,4139.0,coal_black,MW,nem,NSW1
2017-10-02 03:55:00,4099.0,coal_black,MW,nem,NSW1
2017-10-02 04:00:00,4137.0,coal_black,MW,nem,NSW1
2017-10-02 04:05:00,4102.0,coal_black,MW,nem,NSW1
2017-10-02 04:10:00,4157.0,coal_black,MW,nem,NSW1
2017-10-02 04:15:00,4099.0,coal_black,MW,nem,NSW1
2017-10-02 04:20:00,4135.0,coal_black,MW,nem,NSW1
2017-10-02 04:25:00,4117.0,coal_black,MW,nem,NSW1
2017-10-02 04:30:00,4073.0,coal_black,MW,nem,NSW1
2017-10-02 04:35:00,4139.0,coal_black,MW,nem,NSW1
2017-10-02 04:40:00,4246.0,coal_black,MW,nem,NSW1
2017-10-02 04:45:00,4235.0,coal_black,MW,nem,NSW1
2017-10-02 04:50:00,4297.0,coal_black,MW,nem,NSW1
2017-10-02 04:55:00,4373.0,coal_black,MW,nem,NSW1
2017-10-02 05:00:00,4377.0,coal_black,MW,nem,NSW1
2017-10-02 05:05:00,4411.0,coal_black,MW,nem,NSW1
2017-10-02 05:10:00,4459.0,coal_black,MW,nem,NSW1
2017-10-02 05:15:00,4619.0,coal_black,MW,nem,NSW1
2017-10-02 05:20:00,4750.0,coal_black,MW,nem,NSW1
2017-10-02 05:25:00,4744.0,coal_black,MW,nem,NSW1
2017-10-02 05:30:00,4751.0,coal_black,MW,nem,NSW1
2017-10-02 05:35:00,4783.0,coal_black,MW,nem,NSW1
2017-10-02 05:40:00,4749.0,coal_black,MW,nem,NSW1
2017-10-02 05:45:00,4855.0,coal_black,MW,nem,NSW1
2017-10-02 05:50:00,4856.0,coal_black,MW,nem,NSW1
2017-10-02 05:55:00,4943.0,coal_black,MW,nem,NSW1
2017-10-02 06:00:00,5051.0,coal_black,MW,nem,NSW1
2017-10-02 06:05:00,5178.0,coal_black,MW,nem,NSW1
2017-10-02 06:10:00,5128.0,coal_black,MW,nem,NSW1
2017-10-02 06:15:00,5287.0,coal_black,MW,nem,NSW1
2017-10-02 06:20:00,5348.0,coal_black,MW,nem,NSW1
2017-10-02 06:25:00,5321.0,coal_black,MW,nem,NSW1
2017-10-02 06:30:00,5404.0,coal_black,MW,nem,NSW1
2017-10-02 06:35:00,5425.0,coal_black,MW,nem,NSW1
2017-10-02 06:40:00,5416.0,coal_black,MW,nem,NSW1
2017-10-02 06:45:00,5418.0,coal_black,MW,nem,NSW1
2017-10-02 06:50:00,5458.0,coal_black,MW,nem,NSW1
2017-10-02 06:55:00,5409.0,coal_black,MW,nem,NSW1
2017-10-02 07:00:00,5401.0,coal_black,MW,nem,NSW1
2017-10-02 07:05:00,5431.0,coal_black,MW,nem,NSW1
2017-10-02 07:10:00,5416.0,coal_black,MW,nem,NSW1
2017-10-02 07:15:00,5417.0,coal_black,MW,nem,NSW1
2017-10-02 07:20:00,5479.0,coal_black,MW,nem,NSW1
2017-10-02 07:25:00,5504.0,coal_black,MW,nem,NSW1
2017-10-02 07:30:00,5453.0,coal_black,MW,nem,NSW1
2017-10-02 07:35:00,5505.0,coal_black,MW,nem,NSW1
2017-10-02 07:40:00,5625.0,coal_black,MW,nem,NSW1
2017-10-02 07:45:00,5608.0,coal_black,MW,nem,NSW1
2017-10-02 07:50:00,5712.0,coal_black,MW,nem,NSW1
2017-10-02 07:55:00,5725.0,coal_black,MW,nem,NSW1
2017-10-02 08:00:00,5758.0,coal_black,MW,nem,NSW1
2017-10-02 08:05:00,5829.0,coal_black,MW,nem,NSW1
2017-10-02 08:10:00,5909.0,coal_black,MW,nem,NSW1
2017-10-02 08:15:00,5956.0,coal_black,MW,nem,NSW1
2017-10-02 08:20:00,6011.0,coal_black,MW,nem,NSW1
2017-10-02 08:25:00,5988.0,coal_black,MW,nem,NSW1
2017-10-02 08:30:00,5981.0,coal_black,MW,nem,NSW1
2017-10-02 08:35:00,6074.0,coal_black,MW,nem,NSW1
2017-10-02 08:40:00,6085.0,coal_black,MW,nem,NSW1
2017-10-02 08:45:00,6066.0,coal_black,MW,nem,NSW1
2017-10-02 08:50:00,6145.0,coal_black,MW,nem,NSW1
2017-10-02 08:55:00,6129.0,coal_black,MW,nem,NSW1
2017-10-02 09:00:00,6108.0,coal_black,MW,nem,NSW1
2017-10-02 09:05:00,6127.0,coal_black,MW,nem,NSW1
2017-10-02 09:10:00,6155.0,coal_black,MW,nem,NSW1
2017-10-02 09:15:00,6146.0,coal_black,MW,nem,NSW1
2017-10-02 09:20:00,6159.0,coal_black,MW,nem,NSW1
2017-10-02 09:25:00,6228.0,coal_black,MW,nem,NSW1
2017-10-02 09:30:00,6252.0,coal_black,MW,nem,NSW1
2017-10-02 09:35:00,6232.0,coal_black,MW,nem,NSW1
2017-10-02 09:40:00,6254.0,coal_black,MW,nem,NSW1
2017-10-02 09:45:00,6264.0,coal_black,MW,nem,NSW1
2017-10-02 09:50:00,6243.0,coal_black,MW,nem,NSW1
2017-10-02 09:55:00,6249.0,coal_black,MW,nem,NSW1
2017-10-02 10:00:00,6205.0,coal_black,MW,nem,NSW1
2017-10-02 10:05:00,6239.0,coal_black,MW,nem,NSW1
2017-10-02 10:10:00,6193.0,coal_black,MW,nem,NSW1
2017-10-02 10:15:00,6171.0,coal_black,MW,nem,NSW1
2017-10-02 10:20:00,6136.0,coal_black,MW,nem,NSW1
2017-10-02 10:25:00,6170.0,coal_black,MW,nem,NSW1
2017-10-02 10:30:00,6182.0,coal_black,MW,nem,NSW1
2017-10-02 10:35:00,6087.0,coal_black,MW,nem,NSW1
2017-10-02 10:40:00,5986.0,coal_black,MW,nem,NSW1
2017-10-02 10:45:00,6022.0,coal_black,MW,nem,NSW1
2017-10-02 10:50:00,6058.0,coal_black,MW,nem,NSW1
2017-10-02 10:55:00,5990.0,coal_black,MW,nem,NSW1
2017-10-02 11:00:00,5903.0,coal_black,MW,nem,NSW1
2017-10-02 11:05:00,5849.0,coal_black,MW,nem,NSW1
2017-10-02 11:10:00,5805.0,coal_black,MW,nem,NSW1
2017-10-02 11:15:00,5820.0,coal_black,MW,nem,NSW1
2017-10-02 11:20:00,5757.0,coal_black,MW,nem,NSW1
2017-10-02 11:25:00,5733.0,coal_black,MW,nem,NSW1
2017-10-02 11:30:00,5671.0,coal_black,MW,nem,NSW1
2017-10-02 11:35:00,5638.0,coal_black,MW,nem,NSW1
2017-10-02 11:40:00,5641.0,coal_black,MW,nem,NSW1
2017-10-02 11:45:00,5734.0,coal_black,MW,nem,NSW1
2017-10-02 11:50:00,5652.0,coal_black,MW,nem,NSW1
2017-10-02 11:55:00,5604.0,coal_black,MW,nem,NSW1
2017-10-02 12:00:00,5594.0,coal_black,MW,nem,NSW1
2017-10-02 12:05:00,5620.0,coal_black,MW,nem,NSW1
2017-10-02 12:10:00,5643.0,coal_black,MW,nem,NSW1
2017-10-02 12:15:00,5563.0,coal_black,MW,nem,NSW1
2017-10-02 12:20:00,5585.0,coal_black,MW,nem,NSW1
2017-10-02 12:25:00,5606.0,coal_black,MW,nem,NSW1
2017-10-02 12:30:00,5543.0,coal_black,MW,nem,NSW1
2017-10-02 12:35:00,5437.0,coal_black,MW,nem,NSW1
2017-10-02 12:40:00,5373.0,coal_black,MW,nem,NSW1
2017-10-02 12:45:00,5303.0,coal_black,MW,nem,NSW1
2017-10-02 12:50:00,5229.0,coal_black,MW,nem,NSW1
2017-10-02 12:55:00,5190.0,coal_black,MW,nem,NSW1
2017-10-02 13:00:00,5168.0,coal_black,MW,nem,NSW1
2017-10-02 13:05:00,5248.0,coal_black,MW,nem,NSW1
2017-10-02 13:10:00,5366.0,coal_black,MW,nem,NSW1
2017-10-02 13:15:00,5321.0,coal_black,MW,nem,NSW1
2017-10-02 13:20:00,5266.0,coal_black,MW,nem,NSW1
2017-10-02 13:25:00,5294.0,coal_black,MW,nem,NSW1
2017-10-02 13:30:00,5336.0,coal_black,MW,nem,NSW1
2017-10-02 13:35:00,5256.0,coal_black,MW,nem,NSW1
2017-10-02 13:40:00,5224.0,coal_black,MW,nem,NSW1
2017-10-02 13:45:00,5259.0,coal_black,MW,nem,NSW1
2017-10-02 13:50:00,5331.0,coal_black,MW,nem,NSW1
2017-10-02 13:55:00,5339.0,coal_black,MW,nem,NSW1
2017-10-02 14:00:00,5262.0,coal_black,MW,nem,NSW1
2017-10-02 14:05:00,5268.0,coal_black,MW,nem,NSW1
2017-10-02 14:10:00,5352.0,coal_black,MW,nem,NSW1
2017-10-02 14:15:00,5357.0,coal_black,MW,nem,NSW1
2017-10-02 14:20:00,5291.0,coal_black,MW,nem,NSW1
2017-10-02 14:25:00,5313.0,coal_black,MW,nem,NSW1
2017-10-02 14:30:00,5317.0,coal_black,MW,nem,NSW1
2017-10-02 14:35:00,5362.0,coal_black,MW,nem,NSW1
2017-10-02 14:40:00,5389.0,coal_black,MW,nem,NSW1
2017-10-02 14:45:00,5398.0,coal_black,MW,nem,NSW1
2017-10-02 14:50:00,5503.0,coal_black,MW,nem,NSW1
2017-10-02 14:55:00,5570.0,coal_black,MW,nem,NSW1
2017-10-02 15:00:00,5603.0,coal_black,MW,nem,NSW1
2017-10-02 15:05:00,5609.0,coal_black,MW,nem,NSW1
2017-10-02 15:10:00,5669.0,coal_black,MW,nem,NSW1
2017-10-02 15:15:00,5678.0,coal_black,MW,nem,NSW1
2017-10-02 15:20:00,5723.0,coal_black,MW,nem,NSW1
2017-10-02 15:25:00,5768.0,coal_black,MW,nem,NSW1
2017-10-02 15:30:00,5821.0,coal_black,MW,nem,NSW1
2017-10-02 15:35:00,5860.0,coal_black,MW,nem,NSW1
2017-10-02 15:40:00,5863.0,coal_black,MW,nem,NSW1
2017-10-02 15:45:00,6010.0,coal_black,MW,nem,NSW1
2017-10-02 15:50:00,6126.0,coal_black,MW,nem,NSW1
2017-10-02 15:55:00,6181.0,coal_black,MW,nem,NSW1
2017-10-02 16:00:00,6218.0,coal_black,MW,nem,NSW1
2017-10-02 16:05:00,6304.0,coal_black,MW,nem,NSW1
2017-10-02 16:10:00,6384.0,coal_black,MW,nem,NSW1
2017-10-02 16:15:00,6494.0,coal_black,MW,nem,NSW1
2017-10-02 16:20:00,6506.0,coal_black,MW,nem,NSW1
2017-10-02 16:25:00,6595.0,coal_black,MW,nem,NSW1
2017-10-02 16:30:00,6518.0,coal_black,MW,nem,NSW1
2017-10-02 16:35:00,6607.0,coal_black,MW,nem,NSW1
2017-10-02 16:40:00,6697.0,coal_black,MW,nem,NSW1
2017-10-02 16:45:00,6694.0,coal_black,MW,nem,NSW1
2017-10-02 16:50:00,6744.0,coal_black,MW,nem,NSW1
2017-10-02 16:55:00,6685.0,coal_black,MW,nem,NSW1
2017-10-02 17:00:00,6769.0,coal_black,MW,nem,NSW1
2017-10-02 17:05:00,6828.0,coal_black,MW,nem,NSW1
2017-10-02 17:10:00,6801.0,coal_black,MW,nem,NSW1
2017-10-02 17:15:00,6885.0,coal_black,MW,nem,NSW1
2017-10-02 17:20:00,6930.0,coal_black,MW,nem,NSW1
2017-10-02 17:25:00,6904.0,coal_black,MW,nem,NSW1
2017-10-02 17:30:00,6839.0,coal_black,MW,nem,NSW1
2017-10-02 17:35:00,6928.0,coal_black,MW,nem,NSW1
2017-10-02 17:40:00,6841.0,coal_black,MW,nem,NSW1
2017-10-02 17:45:00,6864.0,coal_black,MW,nem,NSW1
2017-10-02 17:50:00,6921.0,coal_black,MW,nem,NSW1
2017-10-02 17:55:00,6905.0,coal_black,MW,nem,NSW1
2017-10-02 18:00:00,6956.0,coal_black,MW,nem,NSW1
2017-10-02 18:05:00,6943.0,coal_black,MW,nem,NSW1
2017-10-02 18:10:00,7096.0,coal_black,MW,nem,NSW1
2017-10-02 18:15:00,7120.0,coal_black,MW,nem,NSW1
2017-10-02 18:20:00,7149.0,coal_black,MW,nem,NSW1
2017-10-02 18:25:00,7212.0,coal_black,MW,nem,NSW1
2017-10-02 18:30:00,7162.0,coal_black,MW,nem,NSW1
2017-10-02 18:35:00,7116.0,coal_black,MW,nem,NSW1
2017-10-02 18:40:00,7223.0,coal_black,MW,nem,NSW1
2017-10-02 18:45:00,7287.0,coal_black,MW,nem,NSW1
2017-10-02 18:50:00,7382.0,coal_black,MW,nem,NSW1
2017-10-02 18:55:00,7401.0,coal_black,MW,nem,NSW1
2017-10-02 19:00:00,7309.0,coal_black,MW,nem,NSW1
2017-10-02 19:05:00,7249.0,coal_black,MW,nem,NSW1
2017-10-02 19:10:00,7285.0,coal_black,MW,nem,NSW1
2017-10-02 19:15:00,7210.0,coal_black,MW,nem,NSW1
2017-10-02 19:20:00,7178.0,coal_black,MW,nem,NSW1
2017-10-02 19:25:00,7260.0,coal_black,MW,nem,NSW1
2017-10-02 19:30:00,7239.0,coal_black,MW,nem,NSW1
2017-10-02 19:35:00,7195.0,coal_black,MW,nem,NSW1
2017-10-02 19:40:00,7204.0,coal_black,MW,nem,NSW1
2017-10-02 19:45:00,7094.0,coal_black,MW,nem,NSW1
2017-10-02 19:50:00,7135.0,coal_black,MW,nem,NSW1
2017-10-02 19:55:00,7175.0,coal_black,MW,nem,NSW1
2017-10-02 20:00:00,7139.0,coal_black,MW,nem,NSW1
2017-10-02 20:05:00,7012.0,coal_black,MW,nem,NSW1
2017-10-02 20:10:00,7095.0,coal_black,MW,nem,NSW1
2017-10-02 20:15:00,7079.0,coal_black,MW,nem,NSW1
2017-10-02 20:20:00,7009.0,coal_black,MW,nem,NSW1
2017-10-02 20:25:00,6858.0,coal_black,MW,nem,NSW1
2017-10-02 20:30:00,6708.0,coal_black,MW,nem,NSW1
2017-10-02 20:35:00,6596.0,coal_black,MW,nem,NSW1
2017-10-02 20:40:00,6722.0,coal_black,MW,nem,NSW1
2017-10-02 20:45:00,6885.0,coal_black,MW,nem,NSW1
2017-10-02 20:50:00,7008.0,coal_black,MW,nem,NSW1
2017-10-02 20:55:00,7002.0,coal_black,MW,nem,NSW1
2017-10-02 21:00:00,6988.0,coal_black,MW,nem,NSW1
2017-10-02 21:05:00,6934.0,coal_black,MW,nem,NSW1
2017-10-02 21:10:00,6943.0,coal_black,MW,nem,NSW1
2017-10-02 21:15:00,6909.0,coal_black,MW,nem,NSW1
2017-10-02 21:20:00,6822.0,coal_black,MW,nem,NSW1
2017-10-02 21:25:00,6693.0,coal_black,MW,nem,NSW1
2017-10-02 21:30:00,6609.0,coal_black,MW,nem,NSW1
2017-10-02 21:35:00,6491.0,coal_black,MW,nem,NSW1
2017-10-02 21:40:00,6558.0,coal_black,MW,nem,NSW1
2017-10-02 21:45:00,6465.0,coal_black,MW,nem,NSW1
2017-10-02 21:50:00,6333.0,coal_black,MW,nem,NSW1
2017-10-02 21:55:00,6186.0,coal_black,MW,nem,NSW1
2017-10-02 22:00:00,6155.0,coal_black,MW,nem,NSW1
2017-10-02 22:05:00,6075.0,coal_black,MW,nem,NSW1
2017-10-02 22:10:00,6226.0,coal_black,MW,nem,NSW1
2017-10-02 22:15:00,6266.0,coal_black,MW,nem,NSW1
2017-10-02 22:20:00,6315.0,coal_black,MW,nem,NSW1
2017-10-02 22:25:00,6346.0,coal_black,MW,nem,NSW1
2017-10-02 22:30:00,6443.0,coal_black,MW,nem,NSW1
2017-10-02 22:35:00,6335.0,coal_black,MW,nem,NSW1
2017-10-02 22:40:00,6321.0,coal_black,MW,nem,NSW1
2017-10-02 22:45:00,6406.0,coal_black,MW,nem,NSW1
2017-10-02 22:50:00,6477.0,coal_black,MW,nem,NSW1
2017-10-02 22:55:00,6404.0,coal_black,MW,nem,NSW1
2017-10-02 23:00:00,6243.0,coal_black,MW,nem,NSW1
2017-10-02 23:05:00,6185.0,coal_black,MW,nem,NSW1
2017-10-02 23:10:00,6354.0,coal_black,MW,nem,NSW1
2017-10-02 23:15:00,6461.0,coal_black,MW,nem,NSW1
2017-10-02 23:20:00,6494.0,coal_black,MW,nem,NSW1
2017-10-02 23:25:00,6459.0,coal_black,MW,nem,NSW1
2017-10-02 23:30:00,6420.0,coal_black,MW,nem,NSW1
2017-10-02 23:35:00,6445.0,coal_black,MW,nem,NSW1
2017-10-02 23:40:00,6527.0,coal_black,MW,nem,NSW1
2017-10-02 23:45:00,6518.0,coal_black,MW,nem,NSW1
2017-10-02 23:50:00,6385.0,coal_black,MW,nem,NSW1
2017-10-02 23:55:00,6405.0,coal_black,MW,nem,NSW1
2017-10-03 00:00:00,6383.0,coal_black,MW,nem,NSW1
2017-10-03 00:05:00,6311.0,coal_black,MW,nem,NSW1
2017-10-03 00:10:00,6222.0,coal_black,MW,nem,NSW1
2017-10-03 00:15:00,6193.0,coal_black,MW,nem,NSW1
2017-10-03 00:20:00,6168.0,coal_black,MW,nem,NSW1
2017-10-03 00:25:00,6090.0,coal_black,MW,nem,NSW1
2017-10-03 00:30:00,5889.0,coal_black,MW,nem,NSW1
2017-10-03 00:35:00,5782.0,coal_black,MW,nem,NSW1
2017-10-03 00:40:00,5781.0,coal_black,MW,nem,NSW1
2017-10-03 00:45:00,5730.0,coal_black,MW,nem,NSW1
2017-10-03 00:50:00,5734.0,coal_black,MW,nem,NSW1
2017-10-03 00:55:00,5663.0,coal_black,MW,nem,NSW1
2017-10-03 01:00:00,5630.0,coal_black,MW,nem,NSW1
2017-10-03 01:05:00,5419.0,coal_black,MW,nem,NSW1
2017-10-03 01:10:00,5362.0,coal_black,MW,nem,NSW1
2017-10-03 01:15:00,5352.0,coal_black,MW,nem,NSW1
2017-10-03 01:20:00,5218.0,coal_black,MW,nem,NSW1
2017-10-03 01:25:00,5198.0,coal_black,MW,nem,NSW1
2017-10-03 01:30:00,5245.0,coal_black,MW,nem,NSW1
2017-10-03 01:35:00,5220.0,coal_black,MW,nem,NSW1
2017-10-03 01:40:00,5326.0,coal_black,MW,nem,NSW1
2017-10-03 01:45:00,5250.0,coal_black,MW,nem,NSW1
2017-10-03 01:50:00,5211.0,coal_black,MW,nem,NSW1
2017-10-03 01:55:00,5210.0,coal_black,MW,nem,NSW1
2017-10-03 02:00:00,5150.0,coal_black,MW,nem,NSW1
2017-10-03 02:05:00,5121.0,coal_black,MW,nem,NSW1
2017-10-03 02:10:00,5074.0,coal_black,MW,nem,NSW1
2017-10-03 02:15:00,5050.0,coal_black,MW,nem,NSW1
2017-10-03 02:20:00,5049.0,coal_black,MW,nem,NSW1
2017-10-03 02:25:00,5039.0,coal_black,MW,nem,NSW1
2017-10-03 02:30:00,4994.0,coal_black,MW,nem,NSW1
2017-10-03 02:35:00,5005.0,coal_black,MW,nem,NSW1
2017-10-03 02:40:00,5012.0,coal_black,MW,nem,NSW1
2017-10-03 02:45:00,4954.0,coal_black,MW,nem,NSW1
2017-10-03 02:50:00,4966.0,coal_black,MW,nem,NSW1
2017-10-03 02:55:00,4952.0,coal_black,MW,nem,NSW1
2017-10-03 03:00:00,4952.0,coal_black,MW,nem,NSW1
2017-10-03 03:05:00,4986.0,coal_black,MW,nem,NSW1
2017-10-03 03:10:00,4933.0,coal_black,MW,nem,NSW1
2017-10-03 03:15:00,4915.0,coal_black,MW,nem,NSW1
2017-10-03 03:20:00,4966.0,coal_black,MW,nem,NSW1
2017-10-03 03:25:00,4967.0,coal_black,MW,nem,NSW1
2017-10-03 03:30:00,4919.0,coal_black,MW,nem,NSW1
2017-10-03 03:35:00,4868.0,coal_black,MW,nem,NSW1
2017-10-03 03:40:00,4877.0,coal_black,MW,nem,NSW1
2017-10-03 03:45:00,4907.0,coal_black,MW,nem,NSW1
2017-10-03 03:50:00,4909.0,coal_black,MW,nem,NSW1
2017-10-03 03:55:00,4921.0,coal_black,MW,nem,NSW1
2017-10-03 04:00:00,4991.0,coal_black,MW,nem,NSW1
2017-10-03 04:05:00,4977.0,coal_black,MW,nem,NSW1
2017-10-03 04:10:00,4995.0,coal_black,MW,nem,NSW1
2017-10-03 04:15:00,5073.0,coal_black,MW,nem,NSW1
2017-10-03 04:20:00,5154.0,coal_black,MW,nem,NSW1
2017-10-03 04:25:00,5161.0,coal_black,MW,nem,NSW1
2017-10-03 04:30:00,5055.0,coal_black,MW,nem,NSW1
2017-10-03 04:35:00,5076.0,coal_black,MW,nem,NSW1
2017-10-03 04:40:00,5233.0,coal_black,MW,nem,NSW1
2017-10-03 04:45:00,5358.0,coal_black,MW,nem,NSW1
2017-10-03 04:50:00,5375.0,coal_black,MW,nem,NSW1
2017-10-03 04:55:00,5364.0,coal_black,MW,nem,NSW1
2017-10-03 05:00:00,5491.0,coal_black,MW,nem,NSW1
2017-10-03 05:05:00,5499.0,coal_black,MW,nem,NSW1
2017-10-03 05:10:00,5682.0,coal_black,MW,nem,NSW1
2017-10-03 05:15:00,5818.0,coal_black,MW,nem,NSW1
2017-10-03 05:20:00,6003.0,coal_black,MW,nem,NSW1
2017-10-03 05:25:00,6193.0,coal_black,MW,nem,NSW1
2017-10-03 05:30:00,6368.0,coal_black,MW,nem,NSW1
2017-10-03 05:35:00,6442.0,coal_black,MW,nem,NSW1
2017-10-03 05:40:00,6515.0,coal_black,MW,nem,NSW1
2017-10-03 05:45:00,6648.0,coal_black,MW,nem,NSW1
2017-10-03 05:50:00,6719.0,coal_black,MW,nem,NSW1
2017-10-03 05:55:00,6845.0,coal_black,MW,nem,NSW1
2017-10-03 06:00:00,6950.0,coal_black,MW,nem,NSW1
2017-10-03 06:05:00,7080.0,coal_black,MW,nem,NSW1
2017-10-03 06:10:00,7047.0,coal_black,MW,nem,NSW1
2017-10-03 06:15:00,7061.0,coal_black,MW,nem,NSW1
2017-10-03 06:20:00,7154.0,coal_black,MW,nem,NSW1
2017-10-03 06:25:00,7181.0,coal_black,MW,nem,NSW1
2017-10-03 06:30:00,7261.0,coal_black,MW,nem,NSW1
2017-10-03 06:35:00,7317.0,coal_black,MW,nem,NSW1
2017-10-03 06:40:00,7351.0,coal_black,MW,nem,NSW1
2017-10-03 06:45:00,7392.0,coal_black,MW,nem,NSW1
2017-10-03 06:50:00,7402.0,coal_black,MW,nem,NSW1
2017-10-03 06:55:00,7487.0,coal_black,MW,nem,NSW1
2017-10-03 07:00:00,7535.0,coal_black,MW,nem,NSW1
2017-10-03 07:05:00,7550.0,coal_black,MW,nem,NSW1
2017-10-03 07:10:00,7419.0,coal_black,MW,nem,NSW1
2017-10-03 07:15:00,7383.0,coal_black,MW,nem,NSW1
2017-10-03 07:20:00,7395.0,coal_black,MW,nem,NSW1
2017-10-03 07:25:00,7361.0,coal_black,MW,nem,NSW1
2017-10-03 07:30:00,7349.0,coal_black,MW,nem,NSW1
2017-10-03 07:35:00,7330.0,coal_black,MW,nem,NSW1
2017-10-03 07:40:00,7372.0,coal_black,MW,nem,NSW1
2017-10-03 07:45:00,7317.0,coal_black,MW,nem,NSW1
2017-10-03 07:50:00,7306.0,coal_black,MW,nem,NSW1
2017-10-03 07:55:00,7349.0,coal_black,MW,nem,NSW1
2017-10-03 08:00:00,7319.0,coal_black,MW,nem,NSW1
2017-10-03 08:05:00,7256.0,coal_black,MW,nem,NSW1
2017-10-03 08:10:00,7267.0,coal_black,MW,nem,NSW1
2017-10-03 08:15:00,7205.0,coal_black,MW,nem,NSW1
2017-10-03 08:20:00,7184.0,coal_black,MW,nem,NSW1
2017-10-03 08:25:00,7215.0,coal_black,MW,nem,NSW1
2017-10-03 08:30:00,7133.0,coal_black,MW,nem,NSW1
2017-10-03 08:35:00,7110.0,coal_black,MW,nem,NSW1
2017-10-03 08:40:00,7044.0,coal_black,MW,nem,NSW1
2017-10-03 08:45:00,7011.0,coal_black,MW,nem,NSW1
2017-10-03 08:50:00,7039.0,coal_black,MW,nem,NSW1
2017-10-03 08:55:00,6981.0,coal_black,MW,nem,NSW1
2017-10-03 09:00:00,7012.0,coal_black,MW,nem,NSW1
2017-10-03 09:05:00,6992.0,coal_black,MW,nem,NSW1
2017-10-03 09:10:00,6977.0,coal_black,MW,nem,NSW1
2017-10-03 09:15:00,6961.0,coal_black,MW,nem,NSW1
2017-10-03 09:20:00,6871.0,coal_black,MW,nem,NSW1
2017-10-03 09:25:00,6829.0,coal_black,MW,nem,NSW1
2017-10-03 09:30:00,6848.0,coal_black,MW,nem,NSW1
2017-10-03 09:35:00,6744.0,coal_black,MW,nem,NSW1
2017-10-03 09:40:00,6790.0,coal_black,MW,nem,NSW1
2017-10-03 09:45:00,6788.0,coal_black,MW,nem,NSW1
2017-10-03 09:50:00,6701.0,coal_black,MW,nem,NSW1
2017-10-03 09:55:00,6723.0,coal_black,MW,nem,NSW1
2017-10-03 10:00:00,6722.0,coal_black,MW,nem,NSW1
2017-10-03 10:05:00,6675.0,coal_black,MW,nem,NSW1
2017-10-03 10:10:00,6642.0,coal_black,MW,nem,NSW1
2017-10-03 10:15:00,6595.0,coal_black,MW,nem,NSW1
2017-10-03 10:20:00,6609.0,coal_black,MW,nem,NSW1
2017-10-03 10:25:00,6562.0,coal_black,MW,nem,NSW1
2017-10-03 10:30:00,6532.0,coal_black,MW,nem,NSW1
2017-10-03 10:35:00,6565.0,coal_black,MW,nem,NSW1
2017-10-03 10:40:00,6613.0,coal_black,MW,nem,NSW1
2017-10-03 10:45:00,6561.0,coal_black,MW,nem,NSW1
2017-10-03 10:50:00,6554.0,coal_black,MW,nem,NSW1
2017-10-03 10:55:00,6618.0,coal_black,MW,nem,NSW1
2017-10-03 11:00:00,6614.0,coal_black,MW,nem,NSW1
2017-10-03 11:05:00,6650.0,coal_black,MW,nem,NSW1
2017-10-03 11:10:00,6626.0,coal_black,MW,nem,NSW1
2017-10-03 11:15:00,6534.0,coal_black,MW,nem,NSW1
2017-10-03 11:20:00,6605.0,coal_black,MW,nem,NSW1
2017-10-03 11:25:00,6567.0,coal_black,MW,nem,NSW1
2017-10-03 11:30:00,6510.0,coal_black,MW,nem,NSW1
2017-10-03 11:35:00,6617.0,coal_black,MW,nem,NSW1
2017-10-03 11:40:00,6627.0,coal_black,MW,nem,NSW1
2017-10-03 11:45:00,6689.0,coal_black,MW,nem,NSW1
2017-10-03 11:50:00,6637.0,coal_black,MW,nem,NSW1
2017-10-03 11:55:00,6675.0,coal_black,MW,nem,NSW1
2017-10-03 12:00:00,6651.0,coal_black,MW,nem,NSW1
2017-10-03 12:05:00,6597.0,coal_black,MW,nem,NSW1
2017-10-03 12:10:00,6580.0,coal_black,MW,nem,NSW1
2017-10-03 12:15:00,6637.0,coal_black,MW,nem,NSW1
2017-10-03 12:20:00,6627.0,coal_black,MW,nem,NSW1
2017-10-03 12:25:00,6600.0,coal_black,MW,nem,NSW1
2017-10-03 12:30:00,6562.0,coal_black,MW,nem,NSW1
2017-10-03 12:35:00,6594.0,coal_black,MW,nem,NSW1
2017-10-03 12:40:00,6548.0,coal_black,MW,nem,NSW1
2017-10-03 12:45:00,6551.0,coal_black,MW,nem,NSW1
2017-10-03 12:50:00,6523.0,coal_black,MW,nem,NSW1
2017-10-03 12:55:00,6605.0,coal_black,MW,nem,NSW1
2017-10-03 13:00:00,6562.0,coal_black,MW,nem,NSW1
2017-10-03 13:05:00,6558.0,coal_black,MW,nem,NSW1
2017-10-03 13:10:00,6604.0,coal_black,MW,nem,NSW1
2017-10-03 13:15:00,6611.0,coal_black,MW,nem,NSW1
2017-10-03 13:20:00,6621.0,coal_black,MW,nem,NSW1
2017-10-03 13:25:00,6594.0,coal_black,MW,nem,NSW1
2017-10-03 13:30:00,6583.0,coal_black,MW,nem,NSW1
2017-10-03 13:35:00,6641.0,coal_black,MW,nem,NSW1
2017-10-03 13:40:00,6620.0,coal_black,MW,nem,NSW1
2017-10-03 13:45:00,6610.0,coal_black,MW,nem,NSW1
2017-10-03 13:50:00,6659.0,coal_black,MW,nem,NSW1
2017-10-03 13:55:00,6630.0,coal_black,MW,nem,NSW1
2017-10-03 14:00:00,6681.0,coal_black,MW,nem,NSW1
2017-10-03 14:05:00,6694.0,coal_black,MW,nem,NSW1
2017-10-03 14:10:00,6754.0,coal_black,MW,nem,NSW1
2017-10-03 14:15:00,6832.0,coal_black,MW,nem,NSW1
2017-10-03 14:20:00,6864.0,coal_black,MW,nem,NSW1
2017-10-03 14:25:00,6803.0,coal_black,MW,nem,NSW1
2017-10-03 14:30:00,6880.0,coal_black,MW,nem,NSW1
2017-10-03 14:35:00,6948.0,coal_black,MW,nem,NSW1
2017-10-03 14:40:00,6951.0,coal_black,MW,nem,NSW1
2017-10-03 14:45:00,6966.0,coal_black,MW,nem,NSW1
2017-10-03 14:50:00,6919.0,coal_black,MW,nem,NSW1
2017-10-03 14:55:00,6979.0,coal_black,MW,nem,NSW1
2017-10-03 15:00:00,7057.0,coal_black,MW,nem,NSW1
2017-10-03 15:05:00,7033.0,coal_black,MW,nem,NSW1
2017-10-03 15:10:00,7145.0,coal_black,MW,nem,NSW1
2017-10-03 15:15:00,7202.0,coal_black,MW,nem,NSW1
2017-10-03 15:20:00,7200.0,coal_black,MW,nem,NSW1
2017-10-03 15:25:00,7242.0,coal_black,MW,nem,NSW1
2017-10-03 15:30:00,7332.0,coal_black,MW,nem,NSW1
2017-10-03 15:35:00,7326.0,coal_black,MW,nem,NSW1
2017-10-03 15:40:00,7385.0,coal_black,MW,nem,NSW1
2017-10-03 15:45:00,7440.0,coal_black,MW,nem,NSW1
2017-10-03 15:50:00,7463.0,coal_black,MW,nem,NSW1
2017-10-03 15:55:00,7463.0,coal_black,MW,nem,NSW1
2017-10-03 16:00:00,7453.0,coal_black,MW,nem,NSW1
2017-10-03 16:05:00,7451.0,coal_black,MW,nem,NSW1
2017-10-03 16:10:00,7472.0,coal_black,MW,nem,NSW1
2017-10-03 16:15:00,7498.0,coal_black,MW,nem,NSW1
2017-10-03 16:20:00,7533.0,coal_black,MW,nem,NSW1
2017-10-03 16:25:00,7558.0,coal_black,MW,nem,NSW1
2017-10-03 16:30:00,7540.0,coal_black,MW,nem,NSW1
2017-10-03 16:35:00,7482.0,coal_black,MW,nem,NSW1
2017-10-03 16:40:00,7459.0,coal_black,MW,nem,NSW1
2017-10-03 16:45:00,7448.0,coal_black,MW,nem,NSW1
2017-10-03 16:50:00,7357.0,coal_black,MW,nem,NSW1
2017-10-03 16:55:00,7344.0,coal_black,MW,nem,NSW1
2017-10-03 17:00:00,7362.0,coal_black,MW,nem,NSW1
2017-10-03 17:05:00,7382.0,coal_black,MW,nem,NSW1
2017-10-03 17:10:00,7346.0,coal_black,MW,nem,NSW1
2017-10-03 17:15:00,7330.0,coal_black,MW,nem,NSW1
2017-10-03 17:20:00,7294.0,coal_black,MW,nem,NSW1
2017-10-03 17:25:00,7322.0,coal_black,MW,nem,NSW1
2017-10-03 17:30:00,7355.0,coal_black,MW,nem,NSW1
2017-10-03 17:35:00,7362.0,coal_black,MW,nem,NSW1
2017-10-03 17:40:00,7411.0,coal_black,MW,nem,NSW1
2017-10-03 17:45:00,7469.0,coal_black,MW,nem,NSW1
2017-10-03 17:50:00,7444.0,coal_black,MW,nem,NSW1
2017-10-03 17:55:00,7463.0,coal_black,MW,nem,NSW1
2017-10-03 18:00:00,7412.0,coal_black,MW,nem,NSW1
2017-10-03 18:05:00,7450.0,coal_black,MW,nem,NSW1
2017-10-03 18:10:00,7486.0,coal_black,MW,nem,NSW1
2017-10-03 18:15:00,7555.0,coal_black,MW,nem,NSW1
2017-10-03 18:20:00,7611.0,coal_black,MW,nem,NSW1
2017-10-03 18:25:00,7605.0,coal_black,MW,nem,NSW1
2017-10-03 18:30:00,7597.0,coal_black,MW,nem,NSW1
2017-10-03 18:35:00,7651.0,coal_black,MW,nem,NSW1
2017-10-03 18:40:00,7768.0,coal_black,MW,nem,NSW1
2017-10-03 18:45:00,7860.0,coal_black,MW,nem,NSW1
2017-10-03 18:50:00,7835.0,coal_black,MW,nem,NSW1
2017-10-03 18:55:00,7851.0,coal_black,MW,nem,NSW1
2017-10-03 19:00:00,7791.0,coal_black,MW,nem,NSW1
2017-10-03 19:05:00,7722.0,coal_black,MW,nem,NSW1
2017-10-03 19:10:00,7711.0,coal_black,MW,nem,NSW1
2017-10-03 19:15:00,7651.0,coal_black,MW,nem,NSW1
2017-10-03 19:20:00,7625.0,coal_black,MW,nem,NSW1
2017-10-03 19:25:00,7711.0,coal_black,MW,nem,NSW1
2017-10-03 19:30:00,7671.0,coal_black,MW,nem,NSW1
2017-10-03 19:35:00,7657.0,coal_black,MW,nem,NSW1
2017-10-03 19:40:00,7605.0,coal_black,MW,nem,NSW1
2017-10-03 19:45:00,7567.0,coal_black,MW,nem,NSW1
2017-10-03 19:50:00,7593.0,coal_black,MW,nem,NSW1
2017-10-03 19:55:00,7559.0,coal_black,MW,nem,NSW1
2017-10-03 20:00:00,7562.0,coal_black,MW,nem,NSW1
2017-10-03 20:05:00,7535.0,coal_black,MW,nem,NSW1
2017-10-03 20:10:00,7569.0,coal_black,MW,nem,NSW1
2017-10-03 20:15:00,7681.0,coal_black,MW,nem,NSW1
2017-10-03 20:20:00,7697.0,coal_black,MW,nem,NSW1
2017-10-03 20:25:00,7681.0,coal_black,MW,nem,NSW1
2017-10-03 20:30:00,7680.0,coal_black,MW,nem,NSW1
2017-10-03 20:35:00,7583.0,coal_black,MW,nem,NSW1
2017-10-03 20:40:00,7701.0,coal_black,MW,nem,NSW1
2017-10-03 20:45:00,7666.0,coal_black,MW,nem,NSW1
2017-10-03 20:50:00,7594.0,coal_black,MW,nem,NSW1
2017-10-03 20:55:00,7532.0,coal_black,MW,nem,NSW1
2017-10-03 21:00:00,7587.0,coal_black,MW,nem,NSW1
2017-10-03 21:05:00,7488.0,coal_black,MW,nem,NSW1
2017-10-03 21:10:00,7490.0,coal_black,MW,nem,NSW1
2017-10-03 21:15:00,7494.0,coal_black,MW,nem,NSW1
2017-10-03 21:20:00,7444.0,coal_black,MW,nem,NSW1
2017-10-03 21:25:00,7478.0,coal_black,MW,nem,NSW1
2017-10-03 21:30:00,7417.0,coal_black,MW,nem,NSW1
2017-10-03 21:35:00,7464.0,coal_black,MW,nem,NSW1
2017-10-03 21:40:00,7389.0,coal_black,MW,nem,NSW1
2017-10-03 21:45:00,7172.0,coal_black,MW,nem,NSW1
2017-10-03 21:50:00,7035.0,coal_black,MW,nem,NSW1
2017-10-03 21:55:00,6976.0,coal_black,MW,nem,NSW1
2017-10-03 22:00:00,6957.0,coal_black,MW,nem,NSW1
2017-10-03 22:05:00,6868.0,coal_black,MW,nem,NSW1
2017-10-03 22:10:00,6918.0,coal_black,MW,nem,NSW1
2017-10-03 22:15:00,6973.0,coal_black,MW,nem,NSW1
2017-10-03 22:20:00,7039.0,coal_black,MW,nem,NSW1
2017-10-03 22:25:00,7048.0,coal_black,MW,nem,NSW1
2017-10-03 22:30:00,6962.0,coal_black,MW,nem,NSW1
2017-10-03 22:35:00,6907.0,coal_black,MW,nem,NSW1
2017-10-03 22:40:00,6949.0,coal_black,MW,nem,NSW1
2017-10-03 22:45:00,6989.0,coal_black,MW,nem,NSW1
2017-10-03 22:50:00,7007.0,coal_black,MW,nem,NSW1
2017-10-03 22:55:00,6976.0,coal_black,MW,nem,NSW1
2017-10-03 23:00:00,6916.0,coal_black,MW,nem,NSW1
2017-10-03 23:05:00,6821.0,coal_black,MW,nem,NSW1
2017-10-03 23:10:00,6887.0,coal_black,MW,nem,NSW1
2017-10-03 23:15:00,6836.0,coal_black,MW,nem,NSW1
2017-10-03 23:20:00,6828.0,coal_black,MW,nem,NSW1
2017-10-03 23:25:00,6847.0,coal_black,MW,nem,NSW1
2017-10-03 23:30:00,6895.0,coal_black,MW,nem,NSW1
2017-10-03 23:35:00,6833.0,coal_black,MW,nem,NSW1
2017-10-03 23:40:00,6793.0,coal_black,MW,nem,NSW1
2017-10-03 23:45:00,6715.0,coal_black,MW,nem,NSW1
2017-10-03 23:50:00,6661.0,coal_black,MW,nem,NSW1
2017-10-03 23:55:00,6633.0,coal_black,MW,nem,NSW1
2017-10-04 00:00:00,6688.0,coal_black,MW,nem,NSW1
2017-10-04 00:05:00,6657.0,coal_black,MW,nem,NSW1
2017-10-04 00:10:00,6623.0,coal_black,MW,nem,NSW1
2017-10-04 00:15:00,6522.0,coal_black,MW,nem,NSW1
2017-10-04 00:20:00,6443.0,coal_black,MW,nem,NSW1
2017-10-04 00:25:00,6335.0,coal_black,MW,nem,NSW1
2017-10-04 00:30:00,6201.0,coal_black,MW,nem,NSW1
2017-10-04 00:35:00,6073.0,coal_black,MW,nem,NSW1
2017-10-04 00:40:00,5989.0,coal_black,MW,nem,NSW1
2017-10-04 00:45:00,5923.0,coal_black,MW,nem,NSW1
2017-10-04 00:50:00,5812.0,coal_black,MW,nem,NSW1
2017-10-04 00:55:00,5690.0,coal_black,MW,nem,NSW1
2017-10-04 01:00:00,5685.0,coal_black,MW,nem,NSW1
2017-10-04 01:05:00,5642.0,coal_black,MW,nem,NSW1
2017-10-04 01:10:00,5623.0,coal_black,MW,nem,NSW1
2017-10-04 01:15:00,5632.0,coal_black,MW,nem,NSW1
2017-10-04 01:20:00,5586.0,coal_black,MW,nem,NSW1
2017-10-04 01:25:00,5511.0,coal_black,MW,nem,NSW1
2017-10-04 01:30:00,5451.0,coal_black,MW,nem,NSW1
2017-10-04 01:35:00,5365.0,coal_black,MW,nem,NSW1
2017-10-04 01:40:00,5294.0,coal_black,MW,nem,NSW1
2017-10-04 01:45:00,5458.0,coal_black,MW,nem,NSW1
2017-10-04 01:50:00,5526.0,coal_black,MW,nem,NSW1
2017-10-04 01:55:00,5435.0,coal_black,MW,nem,NSW1
2017-10-04 02:00:00,5357.0,coal_black,MW,nem,NSW1
2017-10-04 02:05:00,5308.0,coal_black,MW,nem,NSW1
2017-10-04 02:10:00,5324.0,coal_black,MW,nem,NSW1
2017-10-04 02:15:00,5328.0,coal_black,MW,nem,NSW1
2017-10-04 02:20:00,5231.0,coal_black,MW,nem,NSW1
2017-10-04 02:25:00,5239.0,coal_black,MW,nem,NSW1
2017-10-04 02:30:00,5177.0,coal_black,MW,nem,NSW1
2017-10-04 02:35:00,5137.0,coal_black,MW,nem,NSW1
2017-10-04 02:40:00,5087.0,coal_black,MW,nem,NSW1
2017-10-04 02:45:00,5079.0,coal_black,MW,nem,NSW1
2017-10-04 02:50:00,5121.0,coal_black,MW,nem,NSW1
2017-10-04 02:55:00,5083.0,coal_black,MW,nem,NSW1
2017-10-04 03:00:00,4954.0,coal_black,MW,nem,NSW1
2017-10-04 03:05:00,4926.0,coal_black,MW,nem,NSW1
2017-10-04 03:10:00,4920.0,coal_black,MW,nem,NSW1
2017-10-04 03:15:00,4887.0,coal_black,MW,nem,NSW1
2017-10-04 03:20:00,4860.0,coal_black,MW,nem,NSW1
2017-10-04 03:25:00,4859.0,coal_black,MW,nem,NSW1
2017-10-04 03:30:00,4825.0,coal_black,MW,nem,NSW1
2017-10-04 03:35:00,4772.0,coal_black,MW,nem,NSW1
2017-10-04 03:40:00,4763.0,coal_black,MW,nem,NSW1
2017-10-04 03:45:00,4790.0,coal_black,MW,nem,NSW1
2017-10-04 03:50:00,4754.0,coal_black,MW,nem,NSW1
2017-10-04 03:55:00,4709.0,coal_black,MW,nem,NSW1
2017-10-04 04:00:00,4798.0,coal_black,MW,nem,NSW1
2017-10-04 04:05:00,4867.0,coal_black,MW,nem,NSW1
2017-10-04 04:10:00,4930.0,coal_black,MW,nem,NSW1
2017-10-04 04:15:00,4892.0,coal_black,MW,nem,NSW1
2017-10-04 04:20:00,4994.0,coal_black,MW,nem,NSW1
2017-10-04 04:25:00,5051.0,coal_black,MW,nem,NSW1
2017-10-04 04:30:00,5107.0,coal_black,MW,nem,NSW1
2017-10-04 04:35:00,5172.0,coal_black,MW,nem,NSW1
2017-10-04 04:40:00,5302.0,coal_black,MW,nem,NSW1
2017-10-04 04:45:00,5392.0,coal_black,MW,nem,NSW1
2017-10-04 04:50:00,5394.0,coal_black,MW,nem,NSW1
2017-10-04 04:55:00,5472.0,coal_black,MW,nem,NSW1
2017-10-04 05:00:00,5607.0,coal_black,MW,nem,NSW1
2017-10-04 05:05:00,5709.0,coal_black,MW,nem,NSW1
2017-10-04 05:10:00,5939.0,coal_black,MW,nem,NSW1
2017-10-04 05:15:00,6135.0,coal_black,MW,nem,NSW1
2017-10-04 05:20:00,6264.0,coal_black,MW,nem,NSW1
2017-10-04 05:25:00,6343.0,coal_black,MW,nem,NSW1
2017-10-04 05:30:00,6323.0,coal_black,MW,nem,NSW1
2017-10-04 05:35:00,6371.0,coal_black,MW,nem,NSW1
2017-10-04 05:40:00,6416.0,coal_black,MW,nem,NSW1
2017-10-04 05:45:00,6482.0,coal_black,MW,nem,NSW1
2017-10-04 05:50:00,6570.0,coal_black,MW,nem,NSW1
2017-10-04 05:55:00,6629.0,coal_black,MW,nem,NSW1
2017-10-04 06:00:00,6676.0,coal_black,MW,nem,NSW1
2017-10-04 06:05:00,6745.0,coal_black,MW,nem,NSW1
2017-10-04 06:10:00,6699.0,coal_black,MW,nem,NSW1
2017-10-04 06:15:00,6684.0,coal_black,MW,nem,NSW1
2017-10-04 06:20:00,6712.0,coal_black,MW,nem,NSW1
2017-10-04 06:25:00,6720.0,coal_black,MW,nem,NSW1
2017-10-04 06:30:00,6787.0,coal_black,MW,nem,NSW1
2017-10-04 06:35:00,6783.0,coal_black,MW,nem,NSW1
2017-10-04 06:40:00,6922.0,coal_black,MW,nem,NSW1
2017-10-04 06:45:00,6953.0,coal_black,MW,nem,NSW1
2017-10-04 06:50:00,7003.0,coal_black,MW,nem,NSW1
2017-10-04 06:55:00,7001.0,coal_black,MW,nem,NSW1
2017-10-04 07:00:00,6950.0,coal_black,MW,nem,NSW1
2017-10-04 07:05:00,6966.0,coal_black,MW,nem,NSW1
2017-10-04 07:10:00,6965.0,coal_black,MW,nem,NSW1
2017-10-04 07:15:00,6955.0,coal_black,MW,nem,NSW1
2017-10-04 07:20:00,6930.0,coal_black,MW,nem,NSW1
2017-10-04 07:25:00,6927.0,coal_black,MW,nem,NSW1
2017-10-04 07:30:00,6892.0,coal_black,MW,nem,NSW1
2017-10-04 07:35:00,6909.0,coal_black,MW,nem,NSW1
2017-10-04 07:40:00,6883.0,coal_black,MW,nem,NSW1
2017-10-04 07:45:00,6869.0,coal_black,MW,nem,NSW1
2017-10-04 07:50:00,6880.0,coal_black,MW,nem,NSW1
2017-10-04 07:55:00,6879.0,coal_black,MW,nem,NSW1
2017-10-04 08:00:00,6857.0,coal_black,MW,nem,NSW1
2017-10-04 08:05:00,6797.0,coal_black,MW,nem,NSW1
2017-10-04 08:10:00,6789.0,coal_black,MW,nem,NSW1
2017-10-04 08:15:00,6739.0,coal_black,MW,nem,NSW1
2017-10-04 08:20:00,6722.0,coal_black,MW,nem,NSW1
2017-10-04 08:25:00,6727.0,coal_black,MW,nem,NSW1
2017-10-04 08:30:00,6758.0,coal_black,MW,nem,NSW1
2017-10-04 08:35:00,6765.0,coal_black,MW,nem,NSW1
2017-10-04 08:40:00,6753.0,coal_black,MW,nem,NSW1
2017-10-04 08:45:00,6654.0,coal_black,MW,nem,NSW1
2017-10-04 08:50:00,6653.0,coal_black,MW,nem,NSW1
2017-10-04 08:55:00,6673.0,coal_black,MW,nem,NSW1
2017-10-04 09:00:00,6631.0,coal_black,MW,nem,NSW1
2017-10-04 09:05:00,6616.0,coal_black,MW,nem,NSW1
2017-10-04 09:10:00,6702.0,coal_black,MW,nem,NSW1
2017-10-04 09:15:00,6778.0,coal_black,MW,nem,NSW1
2017-10-04 09:20:00,6753.0,coal_black,MW,nem,NSW1
2017-10-04 09:25:00,6697.0,coal_black,MW,nem,NSW1
2017-10-04 09:30:00,6733.0,coal_black,MW,nem,NSW1
2017-10-04 09:35:00,6800.0,coal_black,MW,nem,NSW1
2017-10-04 09:40:00,6656.0,coal_black,MW,nem,NSW1
2017-10-04 09:45:00,6651.0,coal_black,MW,nem,NSW1
2017-10-04 09:50:00,6627.0,coal_black,MW,nem,NSW1
2017-10-04 09:55:00,6658.0,coal_black,MW,nem,NSW1
2017-10-04 10:00:00,6741.0,coal_black,MW,nem,NSW1
2017-10-04 10:05:00,6757.0,coal_black,MW,nem,NSW1
2017-10-04 10:10:00,6842.0,coal_black,MW,nem,NSW1
2017-10-04 10:15:00,6900.0,coal_black,MW,nem,NSW1
2017-10-04 10:20:00,6966.0,coal_black,MW,nem,NSW1
2017-10-04 10:25:00,7053.0,coal_black,MW,nem,NSW1
2017-10-04 10:30:00,7089.0,coal_black,MW,nem,NSW1
2017-10-04 10:35:00,7052.0,coal_black,MW,nem,NSW1
2017-10-04 10:40:00,7008.0,coal_black,MW,nem,NSW1
2017-10-04 10:45:00,6992.0,coal_black,MW,nem,NSW1
2017-10-04 10:50:00,7014.0,coal_black,MW,nem,NSW1
2017-10-04 10:55:00,7002.0,coal_black,MW,nem,NSW1
2017-10-04 11:00:00,6978.0,coal_black,MW,nem,NSW1
2017-10-04 11:05:00,7035.0,coal_black,MW,nem,NSW1
2017-10-04 11:10:00,7005.0,coal_black,MW,nem,NSW1
2017-10-04 11:15:00,7000.0,coal_black,MW,nem,NSW1
2017-10-04 11:20:00,7054.0,coal_black,MW,nem,NSW1
2017-10-04 11:25:00,6934.0,coal_black,MW,nem,NSW1
2017-10-04 11:30:00,6789.0,coal_black,MW,nem,NSW1
2017-10-04 11:35:00,6732.0,coal_black,MW,nem,NSW1
2017-10-04 11:40:00,6720.0,coal_black,MW,nem,NSW1
2017-10-04 11:45:00,6732.0,coal_black,MW,nem,NSW1
2017-10-04 11:50:00,6663.0,coal_black,MW,nem,NSW1
2017-10-04 11:55:00,6670.0,coal_black,MW,nem,NSW1
2017-10-04 12:00:00,6753.0,coal_black,MW,nem,NSW1
2017-10-04 12:05:00,6688.0,coal_black,MW,nem,NSW1
2017-10-04 12:10:00,6782.0,coal_black,MW,nem,NSW1
2017-10-04 12:15:00,6819.0,coal_black,MW,nem,NSW1
2017-10-04 12:20:00,6830.0,coal_black,MW,nem,NSW1
2017-10-04 12:25:00,6764.0,coal_black,MW,nem,NSW1
2017-10-04 12:30:00,6710.0,coal_black,MW,nem,NSW1
2017-10-04 12:35:00,6697.0,coal_black,MW,nem,NSW1
2017-10-04 12:40:00,6767.0,coal_black,MW,nem,NSW1
2017-10-04 12:45:00,6759.0,coal_black,MW,nem,NSW1
2017-10-04 12:50:00,6807.0,coal_black,MW,nem,NSW1
2017-10-04 12:55:00,6741.0,coal_black,MW,nem,NSW1
2017-10-04 13:00:00,6725.0,coal_black,MW,nem,NSW1
2017-10-04 13:05:00,6728.0,coal_black,MW,nem,NSW1
2017-10-04 13:10:00,6816.0,coal_black,MW,nem,NSW1
2017-10-04 13:15:00,6875.0,coal_black,MW,nem,NSW1
2017-10-04 13:20:00,6975.0,coal_black,MW,nem,NSW1
2017-10-04 13:25:00,7025.0,coal_black,MW,nem,NSW1
2017-10-04 13:30:00,7055.0,coal_black,MW,nem,NSW1
2017-10-04 13:35:00,7037.0,coal_black,MW,nem,NSW1
2017-10-04 13:40:00,7180.0,coal_black,MW,nem,NSW1
2017-10-04 13:45:00,7151.0,coal_black,MW,nem,NSW1
2017-10-04 13:50:00,7069.0,coal_black,MW,nem,NSW1
2017-10-04 13:55:00,7093.0,coal_black,MW,nem,NSW1
2017-10-04 14:00:00,7091.0,coal_black,MW,nem,NSW1
2017-10-04 14:05:00,7087.0,coal_black,MW,nem,NSW1
2017-10-04 14:10:00,7222.0,coal_black,MW,nem,NSW1
2017-10-04 14:15:00,7198.0,coal_black,MW,nem,NSW1
2017-10-04 14:20:00,7182.0,coal_black,MW,nem,NSW1
2017-10-04 14:25:00,7233.0,coal_black,MW,nem,NSW1
2017-10-04 14:30:00,7271.0,coal_black,MW,nem,NSW1
2017-10-04 14:35:00,7288.0,coal_black,MW,nem,NSW1
2017-10-04 14:40:00,7291.0,coal_black,MW,nem,NSW1
2017-10-04 14:45:00,7286.0,coal_black,MW,nem,NSW1
2017-10-04 14:50:00,7142.0,coal_black,MW,nem,NSW1
2017-10-04 14:55:00,7177.0,coal_black,MW,nem,NSW1
2017-10-04 15:00:00,7284.0,coal_black,MW,nem,NSW1
2017-10-04 15:05:00,7246.0,coal_black,MW,nem,NSW1
2017-10-04 15:10:00,7205.0,coal_black,MW,nem,NSW1
2017-10-04 15:15:00,7211.0,coal_black,MW,nem,NSW1
2017-10-04 15:20:00,7206.0,coal_black,MW,nem,NSW1
2017-10-04 15:25:00,7235.0,coal_black,MW,nem,NSW1
2017-10-04 15:30:00,7255.0,coal_black,MW,nem,NSW1
2017-10-04 15:35:00,7228.0,coal_black,MW,nem,NSW1
2017-10-04 15:40:00,7269.0,coal_black,MW,nem,NSW1
2017-10-04 15:45:00,7275.0,coal_black,MW,nem,NSW1
2017-10-04 15:50:00,7322.0,coal_black,MW,nem,NSW1
2017-10-04 15:55:00,7360.0,coal_black,MW,nem,NSW1
2017-10-04 16:00:00,7332.0,coal_black,MW,nem,NSW1
2017-10-04 16:05:00,7403.0,coal_black,MW,nem,NSW1
2017-10-04 16:10:00,7396.0,coal_black,MW,nem,NSW1
2017-10-04 16:15:00,7351.0,coal_black,MW,nem,NSW1
2017-10-04 16:20:00,7466.0,coal_black,MW,nem,NSW1
2017-10-04 16:25:00,7467.0,coal_black,MW,nem,NSW1
2017-10-04 16:30:00,7435.0,coal_black,MW,nem,NSW1
2017-10-04 16:35:00,7406.0,coal_black,MW,nem,NSW1
2017-10-04 16:40:00,7273.0,coal_black,MW,nem,NSW1
2017-10-04 16:45:00,7237.0,coal_black,MW,nem,NSW1
2017-10-04 16:50:00,7296.0,coal_black,MW,nem,NSW1
2017-10-04 16:55:00,7271.0,coal_black,MW,nem,NSW1
2017-10-04 17:00:00,7241.0,coal_black,MW,nem,NSW1
2017-10-04 17:05:00,7221.0,coal_black,MW,nem,NSW1
2017-10-04 17:10:00,7236.0,coal_black,MW,nem,NSW1
2017-10-04 17:15:00,7226.0,coal_black,MW,nem,NSW1
2017-10-04 17:20:00,7236.0,coal_black,MW,nem,NSW1
2017-10-04 17:25:00,7154.0,coal_black,MW,nem,NSW1
2017-10-04 17:30:00,7128.0,coal_black,MW,nem,NSW1
2017-10-04 17:35:00,7109.0,coal_black,MW,nem,NSW1
2017-10-04 17:40:00,7187.0,coal_black,MW,nem,NSW1
2017-10-04 17:45:00,7194.0,coal_black,MW,nem,NSW1
2017-10-04 17:50:00,7323.0,coal_black,MW,nem,NSW1
2017-10-04 17:55:00,7342.0,coal_black,MW,nem,NSW1
2017-10-04 18:00:00,7299.0,coal_black,MW,nem,NSW1
2017-10-04 18:05:00,7231.0,coal_black,MW,nem,NSW1
2017-10-04 18:10:00,7284.0,coal_black,MW,nem,NSW1
2017-10-04 18:15:00,7375.0,coal_black,MW,nem,NSW1
2017-10-04 18:20:00,7402.0,coal_black,MW,nem,NSW1
2017-10-04 18:25:00,7331.0,coal_black,MW,nem,NSW1
2017-10-04 18:30:00,7414.0,coal_black,MW,nem,NSW1
2017-10-04 18:35:00,7411.0,coal_black,MW,nem,NSW1
2017-10-04 18:40:00,7524.0,coal_black,MW,nem,NSW1
2017-10-04 18:45:00,7530.0,coal_black,MW,nem,NSW1
2017-10-04 18:50:00,7455.0,coal_black,MW,nem,NSW1
2017-10-04 18:55:00,7419.0,coal_black,MW,nem,NSW1
2017-10-04 19:00:00,7392.0,coal_black,MW,nem,NSW1
2017-10-04 19:05:00,7350.0,coal_black,MW,nem,NSW1
2017-10-04 19:10:00,7396.0,coal_black,MW,nem,NSW1
2017-10-04 19:15:00,7307.0,coal_black,MW,nem,NSW1
2017-10-04 19:20:00,7299.0,coal_black,MW,nem,NSW1
2017-10-04 19:25:00,7339.0,coal_black,MW,nem,NSW1
2017-10-04 19:30:00,7287.0,coal_black,MW,nem,NSW1
2017-10-04 19:35:00,7185.0,coal_black,MW,nem,NSW1
2017-10-04 19:40:00,7249.0,coal_black,MW,nem,NSW1
2017-10-04 19:45:00,7254.0,coal_black,MW,nem,NSW1
2017-10-04 19:50:00,7181.0,coal_black,MW,nem,NSW1
2017-10-04 19:55:00,7241.0,coal_black,MW,nem,NSW1
2017-10-04 20:00:00,7255.0,coal_black,MW,nem,NSW1
2017-10-04 20:05:00,7291.0,coal_black,MW,nem,NSW1
2017-10-04 20:10:00,7246.0,coal_black,MW,nem,NSW1
2017-10-04 20:15:00,7100.0,coal_black,MW,nem,NSW1
2017-10-04 20:20:00,7065.0,coal_black,MW,nem,NSW1
2017-10-04 20:25:00,6950.0,coal_black,MW,nem,NSW1
2017-10-04 20:30:00,6786.0,coal_black,MW,nem,NSW1
2017-10-04 20:35:00,6703.0,coal_black,MW,nem,NSW1
2017-10-04 20:40:00,6737.0,coal_black,MW,nem,NSW1
2017-10-04 20:45:00,6714.0,coal_black,MW,nem,NSW1
2017-10-04 20:50:00,6685.0,coal_black,MW,nem,NSW1
2017-10-04 20:55:00,6760.0,coal_black,MW,nem,NSW1
2017-10-04 21:00:00,6809.0,coal_black,MW,nem,NSW1
2017-10-04 21:05:00,6679.0,coal_black,MW,nem,NSW1
2017-10-04 21:10:00,6790.0,coal_black,MW,nem,NSW1
2017-10-04 21:15:00,6661.0,coal_black,MW,nem,NSW1
2017-10-04 21:20:00,6680.0,coal_black,MW,nem,NSW1
2017-10-04 21:25:00,6701.0,coal_black,MW,nem,NSW1
2017-10-04 21:30:00,6716.0,coal_black,MW,nem,NSW1
2017-10-04 21:35:00,6766.0,coal_black,MW,nem,NSW1
2017-10-04 21:40:00,6752.0,coal_black,MW,nem,NSW1
2017-10-04 21:45:00,6665.0,coal_black,MW,nem,NSW1
2017-10-04 21:50:00,6560.0,coal_black,MW,nem,NSW1
2017-10-04 21:55:00,6484.0,coal_black,MW,nem,NSW1
2017-10-04 22:00:00,6430.0,coal_black,MW,nem,NSW1
2017-10-04 22:05:00,6422.0,coal_black,MW,nem,NSW1
2017-10-04 22:10:00,6566.0,coal_black,MW,nem,NSW1
2017-10-04 22:15:00,6677.0,coal_black,MW,nem,NSW1
2017-10-04 22:20:00,6769.0,coal_black,MW,nem,NSW1
2017-10-04 22:25:00,6747.0,coal_black,MW,nem,NSW1
2017-10-04 22:30:00,6744.0,coal_black,MW,nem,NSW1
2017-10-04 22:35:00,6612.0,coal_black,MW,nem,NSW1
2017-10-04 22:40:00,6593.0,coal_black,MW,nem,NSW1
2017-10-04 22:45:00,6509.0,coal_black,MW,nem,NSW1
2017-10-04 22:50:00,6582.0,coal_black,MW,nem,NSW1
2017-10-04 22:55:00,6568.0,coal_black,MW,nem,NSW1
2017-10-04 23:00:00,6573.0,coal_black,MW,nem,NSW1
2017-10-04 23:05:00,6540.0,coal_black,MW,nem,NSW1
2017-10-04 23:10:00,6539.0,coal_black,MW,nem,NSW1
2017-10-04 23:15:00,6494.0,coal_black,MW,nem,NSW1
2017-10-04 23:20:00,6524.0,coal_black,MW,nem,NSW1
2017-10-04 23:25:00,6594.0,coal_black,MW,nem,NSW1
2017-10-04 23:30:00,6533.0,coal_black,MW,nem,NSW1
2017-10-04 23:35:00,6517.0,coal_black,MW,nem,NSW1
2017-10-04 23:40:00,6560.0,coal_black,MW,nem,NSW1
2017-10-04 23:45:00,6637.0,coal_black,MW,nem,NSW1
2017-10-04 23:50:00,6506.0,coal_black,MW,nem,NSW1
2017-10-04 23:55:00,6387.0,coal_black,MW,nem,NSW1
2017-10-05 00:00:00,6408.0,coal_black,MW,nem,NSW1
2017-10-05 00:05:00,6420.0,coal_black,MW,nem,NSW1
2017-10-05 00:10:00,6344.0,coal_black,MW,nem,NSW1
2017-10-05 00:15:00,6279.0,coal_black,MW,nem,NSW1
2017-10-05 00:20:00,6235.0,coal_black,MW,nem,NSW1
2017-10-05 00:25:00,6242.0,coal_black,MW,nem,NSW1
2017-10-05 00:30:00,6092.0,coal_black,MW,nem,NSW1
2017-10-05 00:35:00,5936.0,coal_black,MW,nem,NSW1
2017-10-05 00:40:00,5916.0,coal_black,MW,nem,NSW1
2017-10-05 00:45:00,5879.0,coal_black,MW,nem,NSW1
2017-10-05 00:50:00,5791.0,coal_black,MW,nem,NSW1
2017-10-05 00:55:00,5677.0,coal_black,MW,nem,NSW1
2017-10-05 01:00:00,5637.0,coal_black,MW,nem,NSW1
2017-10-05 01:05:00,5528.0,coal_black,MW,nem,NSW1
2017-10-05 01:10:00,5566.0,coal_black,MW,nem,NSW1
2017-10-05 01:15:00,5546.0,coal_black,MW,nem,NSW1
2017-10-05 01:20:00,5517.0,coal_black,MW,nem,NSW1
2017-10-05 01:25:00,5550.0,coal_black,MW,nem,NSW1
2017-10-05 01:30:00,5482.0,coal_black,MW,nem,NSW1
2017-10-05 01:35:00,5412.0,coal_black,MW,nem,NSW1
2017-10-05 01:40:00,5353.0,coal_black,MW,nem,NSW1
2017-10-05 01:45:00,5233.0,coal_black,MW,nem,NSW1
2017-10-05 01:50:00,5177.0,coal_black,MW,nem,NSW1
2017-10-05 01:55:00,5087.0,coal_black,MW,nem,NSW1
2017-10-05 02:00:00,5040.0,coal_black,MW,nem,NSW1
2017-10-05 02:05:00,4985.0,coal_black,MW,nem,NSW1
2017-10-05 02:10:00,4943.0,coal_black,MW,nem,NSW1
2017-10-05 02:15:00,5077.0,coal_black,MW,nem,NSW1
2017-10-05 02:20:00,5131.0,coal_black,MW,nem,NSW1
2017-10-05 02:25:00,5097.0,coal_black,MW,nem,NSW1
2017-10-05 02:30:00,5111.0,coal_black,MW,nem,NSW1
2017-10-05 02:35:00,5097.0,coal_black,MW,nem,NSW1
2017-10-05 02:40:00,5091.0,coal_black,MW,nem,NSW1
2017-10-05 02:45:00,4975.0,coal_black,MW,nem,NSW1
2017-10-05 02:50:00,4921.0,coal_black,MW,nem,NSW1
2017-10-05 02:55:00,4914.0,coal_black,MW,nem,NSW1
2017-10-05 03:00:00,4912.0,coal_black,MW,nem,NSW1
2017-10-05 03:05:00,4935.0,coal_black,MW,nem,NSW1
2017-10-05 03:10:00,4865.0,coal_black,MW,nem,NSW1
2017-10-05 03:15:00,4808.0,coal_black,MW,nem,NSW1
2017-10-05 03:20:00,4810.0,coal_black,MW,nem,NSW1
2017-10-05 03:25:00,4742.0,coal_black,MW,nem,NSW1
2017-10-05 03:30:00,4755.0,coal_black,MW,nem,NSW1
2017-10-05 03:35:00,4788.0,coal_black,MW,nem,NSW1
2017-10-05 03:40:00,4787.0,coal_black,MW,nem,NSW1
2017-10-05 03:45:00,4772.0,coal_black,MW,nem,NSW1
2017-10-05 03:50:00,4783.0,coal_black,MW,nem,NSW1
2017-10-05 03:55:00,4810.0,coal_black,MW,nem,NSW1
2017-10-05 04:00:00,4767.0,coal_black,MW,nem,NSW1
2017-10-05 04:05:00,4847.0,coal_black,MW,nem,NSW1
2017-10-05 04:10:00,4863.0,coal_black,MW,nem,NSW1
2017-10-05 04:15:00,4959.0,coal_black,MW,nem,NSW1
2017-10-05 04:20:00,5020.0,coal_black,MW,nem,NSW1
2017-10-05 04:25:00,5050.0,coal_black,MW,nem,NSW1
2017-10-05 04:30:00,5102.0,coal_black,MW,nem,NSW1
2017-10-05 04:35:00,5137.0,coal_black,MW,nem,NSW1
2017-10-05 04:40:00,5216.0,coal_black,MW,nem,NSW1
2017-10-05 04:45:00,5243.0,coal_black,MW,nem,NSW1
2017-10-05 04:50:00,5370.0,coal_black,MW,nem,NSW1
2017-10-05 04:55:00,5426.0,coal_black,MW,nem,NSW1
2017-10-05 05:00:00,5547.0,coal_black,MW,nem,NSW1
2017-10-05 05:05:00,5717.0,coal_black,MW,nem,NSW1
2017-10-05 05:10:00,5613.0,coal_black,MW,nem,NSW1
2017-10-05 05:15:00,5615.0,coal_black,MW,nem,NSW1
2017-10-05 05:20:00,5677.0,coal_black,MW,nem,NSW1
2017-10-05 05:25:00,5743.0,coal_black,MW,nem,NSW1
2017-10-05 05:30:00,5707.0,coal_black,MW,nem,NSW1
2017-10-05 05:35:00,5676.0,coal_black,MW,nem,NSW1
2017-10-05 05:40:00,5604.0,coal_black,MW,nem,NSW1
2017-10-05 05:45:00,5617.0,coal_black,MW,nem,NSW1
2017-10-05 05:50:00,5779.0,coal_black,MW,nem,NSW1
2017-10-05 05:55:00,5846.0,coal_black,MW,nem,NSW1
2017-10-05 06:00:00,5969.0,coal_black,MW,nem,NSW1
2017-10-05 06:05:00,6011.0,coal_black,MW,nem,NSW1
2017-10-05 06:10:00,6040.0,coal_black,MW,nem,NSW1
2017-10-05 06:15:00,6142.0,coal_black,MW,nem,NSW1
2017-10-05 06:20:00,6296.0,coal_black,MW,nem,NSW1
2017-10-05 06:25:00,6301.0,coal_black,MW,nem,NSW1
2017-10-05 06:30:00,6419.0,coal_black,MW,nem,NSW1
2017-10-05 06:35:00,6572.0,coal_black,MW,nem,NSW1
2017-10-05 06:40:00,6645.0,coal_black,MW,nem,NSW1
2017-10-05 06:45:00,6771.0,coal_black,MW,nem,NSW1
2017-10-05 06:50:00,6796.0,coal_black,MW,nem,NSW1
2017-10-05 06:55:00,6798.0,coal_black,MW,nem,NSW1
2017-10-05 07:00:00,6823.0,coal_black,MW,nem,NSW1
2017-10-05 07:05:00,6885.0,coal_black,MW,nem,NSW1
2017-10-05 07:10:00,6935.0,coal_black,MW,nem,NSW1
2017-10-05 07:15:00,6971.0,coal_black,MW,nem,NSW1
2017-10-05 07:20:00,6963.0,coal_black,MW,nem,NSW1
2017-10-05 07:25:00,6931.0,coal_black,MW,nem,NSW1
2017-10-05 07:30:00,6943.0,coal_black,MW,nem,NSW1
2017-10-05 07:35:00,6919.0,coal_black,MW,nem,NSW1
2017-10-05 07:40:00,6890.0,coal_black,MW,nem,NSW1
2017-10-05 07:45:00,6952.0,coal_black,MW,nem,NSW1
2017-10-05 07:50:00,6971.0,coal_black,MW,nem,NSW1
2017-10-05 07:55:00,6977.0,coal_black,MW,nem,NSW1
2017-10-05 08:00:00,6995.0,coal_black,MW,nem,NSW1
2017-10-05 08:05:00,6941.0,coal_black,MW,nem,NSW1
2017-10-05 08:10:00,6901.0,coal_black,MW,nem,NSW1
2017-10-05 08:15:00,6855.0,coal_black,MW,nem,NSW1
2017-10-05 08:20:00,6847.0,coal_black,MW,nem,NSW1
2017-10-05 08:25:00,6866.0,coal_black,MW,nem,NSW1
2017-10-05 08:30:00,6906.0,coal_black,MW,nem,NSW1
2017-10-05 08:35:00,6906.0,coal_black,MW,nem,NSW1
2017-10-05 08:40:00,6859.0,coal_black,MW,nem,NSW1
2017-10-05 08:45:00,6838.0,coal_black,MW,nem,NSW1
2017-10-05 08:50:00,6818.0,coal_black,MW,nem,NSW1
2017-10-05 08:55:00,6846.0,coal_black,MW,nem,NSW1
2017-10-05 09:00:00,6837.0,coal_black,MW,nem,NSW1
2017-10-05 09:05:00,6794.0,coal_black,MW,nem,NSW1
2017-10-05 09:10:00,6893.0,coal_black,MW,nem,NSW1
2017-10-05 09:15:00,6930.0,coal_black,MW,nem,NSW1
2017-10-05 09:20:00,6828.0,coal_black,MW,nem,NSW1
2017-10-05 09:25:00,6940.0,coal_black,MW,nem,NSW1
2017-10-05 09:30:00,6952.0,coal_black,MW,nem,NSW1
2017-10-05 09:35:00,7012.0,coal_black,MW,nem,NSW1
2017-10-05 09:40:00,7084.0,coal_black,MW,nem,NSW1
2017-10-05 09:45:00,7133.0,coal_black,MW,nem,NSW1
2017-10-05 09:50:00,7076.0,coal_black,MW,nem,NSW1
2017-10-05 09:55:00,7000.0,coal_black,MW,nem,NSW1
2017-10-05 10:00:00,6953.0,coal_black,MW,nem,NSW1
2017-10-05 10:05:00,6867.0,coal_black,MW,nem,NSW1
2017-10-05 10:10:00,6874.0,coal_black,MW,nem,NSW1
2017-10-05 10:15:00,6809.0,coal_black,MW,nem,NSW1
2017-10-05 10:20:00,6707.0,coal_black,MW,nem,NSW1
2017-10-05 10:25:00,6661.0,coal_black,MW,nem,NSW1
2017-10-05 10:30:00,6560.0,coal_black,MW,nem,NSW1
2017-10-05 10:35:00,6484.0,coal_black,MW,nem,NSW1
2017-10-05 10:40:00,6526.0,coal_black,MW,nem,NSW1
2017-10-05 10:45:00,6474.0,coal_black,MW,nem,NSW1
2017-10-05 10:50:00,6447.0,coal_black,MW,nem,NSW1
2017-10-05 10:55:00,6388.0,coal_black,MW,nem,NSW1
2017-10-05 11:00:00,6320.0,coal_black,MW,nem,NSW1
2017-10-05 11:05:00,6280.0,coal_black,MW,nem,NSW1
2017-10-05 11:10:00,6301.0,coal_black,MW,nem,NSW1
2017-10-05 11:15:00,6343.0,coal_black,MW,nem,NSW1
2017-10-05 11:20:00,6492.0,coal_black,MW,nem,NSW1
2017-10-05 11:25:00,6546.0,coal_black,MW,nem,NSW1
2017-10-05 11:30:00,6510.0,coal_black,MW,nem,NSW1
2017-10-05 11:35:00,6495.0,coal_black,MW,nem,NSW1
2017-10-05 11:40:00,6459.0,coal_black,MW,nem,NSW1
2017-10-05 11:45:00,6414.0,coal_black,MW,nem,NSW1
2017-10-05 11:50:00,6395.0,coal_black,MW,nem,NSW1
2017-10-05 11:55:00,6360.0,coal_black,MW,nem,NSW1
2017-10-05 12:00:00,6305.0,coal_black,MW,nem,NSW1
2017-10-05 12:05:00,6327.0,coal_black,MW,nem,NSW1
2017-10-05 12:10:00,6406.0,coal_black,MW,nem,NSW1
2017-10-05 12:15:00,6549.0,coal_black,MW,nem,NSW1
2017-10-05 12:20:00,6562.0,coal_black,MW,nem,NSW1
2017-10-05 12:25:00,6487.0,coal_black,MW,nem,NSW1
2017-10-05 12:30:00,6403.0,coal_black,MW,nem,NSW1
2017-10-05 12:35:00,6305.0,coal_black,MW,nem,NSW1
2017-10-05 12:40:00,6338.0,coal_black,MW,nem,NSW1
2017-10-05 12:45:00,6435.0,coal_black,MW,nem,NSW1
2017-10-05 12:50:00,6548.0,coal_black,MW,nem,NSW1
2017-10-05 12:55:00,6621.0,coal_black,MW,nem,NSW1
2017-10-05 13:00:00,6665.0,coal_black,MW,nem,NSW1
2017-10-05 13:05:00,6640.0,coal_black,MW,nem,NSW1
2017-10-05 13:10:00,6698.0,coal_black,MW,nem,NSW1
2017-10-05 13:15:00,6807.0,coal_black,MW,nem,NSW1
2017-10-05 13:20:00,6748.0,coal_black,MW,nem,NSW1
2017-10-05 13:25:00,6743.0,coal_black,MW,nem,NSW1
2017-10-05 13:30:00,6766.0,coal_black,MW,nem,NSW1
2017-10-05 13:35:00,6774.0,coal_black,MW,nem,NSW1
2017-10-05 13:40:00,6712.0,coal_black,MW,nem,NSW1
2017-10-05 13:45:00,6776.0,coal_black,MW,nem,NSW1
2017-10-05 13:50:00,6751.0,coal_black,MW,nem,NSW1
2017-10-05 13:55:00,6704.0,coal_black,MW,nem,NSW1
2017-10-05 14:00:00,6716.0,coal_black,MW,nem,NSW1
2017-10-05 14:05:00,6700.0,coal_black,MW,nem,NSW1
2017-10-05 14:10:00,6712.0,coal_black,MW,nem,NSW1
2017-10-05 14:15:00,6791.0,coal_black,MW,nem,NSW1
2017-10-05 14:20:00,6926.0,coal_black,MW,nem,NSW1
2017-10-05 14:25:00,6915.0,coal_black,MW,nem,NSW1
2017-10-05 14:30:00,6795.0,coal_black,MW,nem,NSW1
2017-10-05 14:35:00,6784.0,coal_black,MW,nem,NSW1
2017-10-05 14:40:00,6776.0,coal_black,MW,nem,NSW1
2017-10-05 14:45:00,6762.0,coal_black,MW,nem,NSW1
2017-10-05 14:50:00,6812.0,coal_black,MW,nem,NSW1
2017-10-05 14:55:00,6775.0,coal_black,MW,nem,NSW1
2017-10-05 15:00:00,6864.0,coal_black,MW,nem,NSW1
2017-10-05 15:05:00,6867.0,coal_black,MW,nem,NSW1
2017-10-05 15:10:00,6927.0,coal_black,MW,nem,NSW1
2017-10-05 15:15:00,7044.0,coal_black,MW,nem,NSW1
2017-10-05 15:20:00,7000.0,coal_black,MW,nem,NSW1
2017-10-05 15:25:00,6928.0,coal_black,MW,nem,NSW1
2017-10-05 15:30:00,6944.0,coal_black,MW,nem,NSW1
2017-10-05 15:35:00,6976.0,coal_black,MW,nem,NSW1
2017-10-05 15:40:00,7000.0,coal_black,MW,nem,NSW1
2017-10-05 15:45:00,7042.0,coal_black,MW,nem,NSW1
2017-10-05 15:50:00,7118.0,coal_black,MW,nem,NSW1
2017-10-05 15:55:00,7073.0,coal_black,MW,nem,NSW1
2017-10-05 16:00:00,7014.0,coal_black,MW,nem,NSW1
2017-10-05 16:05:00,7100.0,coal_black,MW,nem,NSW1
2017-10-05 16:10:00,7094.0,coal_black,MW,nem,NSW1
2017-10-05 16:15:00,7059.0,coal_black,MW,nem,NSW1
2017-10-05 16:20:00,7043.0,coal_black,MW,nem,NSW1
2017-10-05 16:25:00,7114.0,coal_black,MW,nem,NSW1
2017-10-05 16:30:00,7150.0,coal_black,MW,nem,NSW1
2017-10-05 16:35:00,7154.0,coal_black,MW,nem,NSW1
2017-10-05 16:40:00,7139.0,coal_black,MW,nem,NSW1
2017-10-05 16:45:00,7186.0,coal_black,MW,nem,NSW1
2017-10-05 16:50:00,7170.0,coal_black,MW,nem,NSW1
2017-10-05 16:55:00,7228.0,coal_black,MW,nem,NSW1
2017-10-05 17:00:00,7362.0,coal_black,MW,nem,NSW1
2017-10-05 17:05:00,7399.0,coal_black,MW,nem,NSW1
2017-10-05 17:10:00,7262.0,coal_black,MW,nem,NSW1
2017-10-05 17:15:00,7244.0,coal_black,MW,nem,NSW1
2017-10-05 17:20:00,7205.0,coal_black,MW,nem,NSW1
2017-10-05 17:25:00,7261.0,coal_black,MW,nem,NSW1
2017-10-05 17:30:00,7323.0,coal_black,MW,nem,NSW1
2017-10-05 17:35:00,7366.0,coal_black,MW,nem,NSW1
2017-10-05 17:40:00,7302.0,coal_black,MW,nem,NSW1
2017-10-05 17:45:00,7232.0,coal_black,MW,nem,NSW1
2017-10-05 17:50:00,7235.0,coal_black,MW,nem,NSW1
2017-10-05 17:55:00,7242.0,coal_black,MW,nem,NSW1
2017-10-05 18:00:00,7256.0,coal_black,MW,nem,NSW1
2017-10-05 18:05:00,7265.0,coal_black,MW,nem,NSW1
2017-10-05 18:10:00,7349.0,coal_black,MW,nem,NSW1
2017-10-05 18:15:00,7380.0,coal_black,MW,nem,NSW1
2017-10-05 18:20:00,7298.0,coal_black,MW,nem,NSW1
2017-10-05 18:25:00,7283.0,coal_black,MW,nem,NSW1
2017-10-05 18:30:00,7298.0,coal_black,MW,nem,NSW1
2017-10-05 18:35:00,7251.0,coal_black,MW,nem,NSW1
2017-10-05 18:40:00,7302.0,coal_black,MW,nem,NSW1
2017-10-05 18:45:00,7299.0,coal_black,MW,nem,NSW1
2017-10-05 18:50:00,7356.0,coal_black,MW,nem,NSW1
2017-10-05 18:55:00,7323.0,coal_black,MW,nem,NSW1
2017-10-05 19:00:00,7291.0,coal_black,MW,nem,NSW1
2017-10-05 19:05:00,7338.0,coal_black,MW,nem,NSW1
2017-10-05 19:10:00,7379.0,coal_black,MW,nem,NSW1
2017-10-05 19:15:00,7349.0,coal_black,MW,nem,NSW1
2017-10-05 19:20:00,7359.0,coal_black,MW,nem,NSW1
2017-10-05 19:25:00,7243.0,coal_black,MW,nem,NSW1
2017-10-05 19:30:00,7377.0,coal_black,MW,nem,NSW1
2017-10-05 19:35:00,7248.0,coal_black,MW,nem,NSW1
2017-10-05 19:40:00,7226.0,coal_black,MW,nem,NSW1
2017-10-05 19:45:00,7110.0,coal_black,MW,nem,NSW1
2017-10-05 19:50:00,7061.0,coal_black,MW,nem,NSW1
2017-10-05 19:55:00,7068.0,coal_black,MW,nem,NSW1
2017-10-05 20:00:00,7072.0,coal_black,MW,nem,NSW1
2017-10-05 20:05:00,7032.0,coal_black,MW,nem,NSW1
2017-10-05 20:10:00,6906.0,coal_black,MW,nem,NSW1
2017-10-05 20:15:00,6705.0,coal_black,MW,nem,NSW1
2017-10-05 20:20:00,6683.0,coal_black,MW,nem,NSW1
2017-10-05 20:25:00,6630.0,coal_black,MW,nem,NSW1
2017-10-05 20:30:00,6603.0,coal_black,MW,nem,NSW1
2017-10-05 20:35:00,6652.0,coal_black,MW,nem,NSW1
2017-10-05 20:40:00,6639.0,coal_black,MW,nem,NSW1
2017-10-05 20:45:00,6674.0,coal_black,MW,nem,NSW1
2017-10-05 20:50:00,6676.0,coal_black,MW,nem,NSW1
2017-10-05 20:55:00,6711.0,coal_black,MW,nem,NSW1
2017-10-05 21:00:00,6619.0,coal_black,MW,nem,NSW1
2017-10-05 21:05:00,6581.0,coal_black,MW,nem,NSW1
2017-10-05 21:10:00,6548.0,coal_black,MW,nem,NSW1
2017-10-05 21:15:00,6579.0,coal_black,MW,nem,NSW1
2017-10-05 21:20:00,6553.0,coal_black,MW,nem,NSW1
2017-10-05 21:25:00,6524.0,coal_black,MW,nem,NSW1
2017-10-05 21:30:00,6433.0,coal_black,MW,nem,NSW1
2017-10-05 21:35:00,6327.0,coal_black,MW,nem,NSW1
2017-10-05 21:40:00,6342.0,coal_black,MW,nem,NSW1
2017-10-05 21:45:00,6321.0,coal_black,MW,nem,NSW1
2017-10-05 21:50:00,6146.0,coal_black,MW,nem,NSW1
2017-10-05 21:55:00,5969.0,coal_black,MW,nem,NSW1
2017-10-05 22:00:00,5891.0,coal_black,MW,nem,NSW1
2017-10-05 22:05:00,5785.0,coal_black,MW,nem,NSW1
2017-10-05 22:10:00,5969.0,coal_black,MW,nem,NSW1
2017-10-05 22:15:00,6120.0,coal_black,MW,nem,NSW1
2017-10-05 22:20:00,6173.0,coal_black,MW,nem,NSW1
2017-10-05 22:25:00,6150.0,coal_black,MW,nem,NSW1
2017-10-05 22:30:00,6109.0,coal_black,MW,nem,NSW1
2017-10-05 22:35:00,6090.0,coal_black,MW,nem,NSW1
2017-10-05 22:40:00,6147.0,coal_black,MW,nem,NSW1
2017-10-05 22:45:00,6149.0,coal_black,MW,nem,NSW1
2017-10-05 22:50:00,6121.0,coal_black,MW,nem,NSW1
2017-10-05 22:55:00,6086.0,coal_black,MW,nem,NSW1
2017-10-05 23:00:00,6028.0,coal_black,MW,nem,NSW1
2017-10-05 23:05:00,5896.0,coal_black,MW,nem,NSW1
2017-10-05 23:10:00,5833.0,coal_black,MW,nem,NSW1
2017-10-05 23:15:00,5805.0,coal_black,MW,nem,NSW1
2017-10-05 23:20:00,5777.0,coal_black,MW,nem,NSW1
2017-10-05 23:25:00,5705.0,coal_black,MW,nem,NSW1
2017-10-05 23:30:00,5646.0,coal_black,MW,nem,NSW1
2017-10-05 23:35:00,5626.0,coal_black,MW,nem,NSW1
2017-10-05 23:40:00,5794.0,coal_black,MW,nem,NSW1
2017-10-05 23:45:00,5804.0,coal_black,MW,nem,NSW1
2017-10-05 23:50:00,5667.0,coal_black,MW,nem,NSW1
2017-10-05 23:55:00,5575.0,coal_black,MW,nem,NSW1
2017-10-06 00:00:00,5575.0,coal_black,MW,nem,NSW1
2017-10-06 00:05:00,5560.0,coal_black,MW,nem,NSW1
2017-10-06 00:10:00,5559.0,coal_black,MW,nem,NSW1
2017-10-06 00:15:00,5503.0,coal_black,MW,nem,NSW1
2017-10-06 00:20:00,5389.0,coal_black,MW,nem,NSW1
2017-10-06 00:25:00,5335.0,coal_black,MW,nem,NSW1
2017-10-06 00:30:00,5271.0,coal_black,MW,nem,NSW1
2017-10-06 00:35:00,5218.0,coal_black,MW,nem,NSW1
2017-10-06 00:40:00,5147.0,coal_black,MW,nem,NSW1
2017-10-06 00:45:00,5040.0,coal_black,MW,nem,NSW1
2017-10-06 00:50:00,5025.0,coal_black,MW,nem,NSW1
2017-10-06 00:55:00,4904.0,coal_black,MW,nem,NSW1
2017-10-06 01:00:00,4779.0,coal_black,MW,nem,NSW1
2017-10-06 01:05:00,4728.0,coal_black,MW,nem,NSW1
2017-10-06 01:10:00,4580.0,coal_black,MW,nem,NSW1
2017-10-06 01:15:00,4493.0,coal_black,MW,nem,NSW1
2017-10-06 01:20:00,4426.0,coal_black,MW,nem,NSW1
2017-10-06 01:25:00,4370.0,coal_black,MW,nem,NSW1
2017-10-06 01:30:00,4340.0,coal_black,MW,nem,NSW1
2017-10-06 01:35:00,4328.0,coal_black,MW,nem,NSW1
2017-10-06 01:40:00,4336.0,coal_black,MW,nem,NSW1
2017-10-06 01:45:00,4294.0,coal_black,MW,nem,NSW1
2017-10-06 01:50:00,4173.0,coal_black,MW,nem,NSW1
2017-10-06 01:55:00,4196.0,coal_black,MW,nem,NSW1
2017-10-06 02:00:00,4109.0,coal_black,MW,nem,NSW1
2017-10-06 02:05:00,4073.0,coal_black,MW,nem,NSW1
2017-10-06 02:10:00,4119.0,coal_black,MW,nem,NSW1
2017-10-06 02:15:00,4022.0,coal_black,MW,nem,NSW1
2017-10-06 02:20:00,4050.0,coal_black,MW,nem,NSW1
2017-10-06 02:25:00,4045.0,coal_black,MW,nem,NSW1
2017-10-06 02:30:00,4044.0,coal_black,MW,nem,NSW1
2017-10-06 02:35:00,4006.0,coal_black,MW,nem,NSW1
2017-10-06 02:40:00,3965.0,coal_black,MW,nem,NSW1
2017-10-06 02:45:00,3911.0,coal_black,MW,nem,NSW1
2017-10-06 02:50:00,3950.0,coal_black,MW,nem,NSW1
2017-10-06 02:55:00,3999.0,coal_black,MW,nem,NSW1
2017-10-06 03:00:00,3973.0,coal_black,MW,nem,NSW1
2017-10-06 03:05:00,3999.0,coal_black,MW,nem,NSW1
2017-10-06 03:10:00,3948.0,coal_black,MW,nem,NSW1
2017-10-06 03:15:00,3983.0,coal_black,MW,nem,NSW1
2017-10-06 03:20:00,3945.0,coal_black,MW,nem,NSW1
2017-10-06 03:25:00,3985.0,coal_black,MW,nem,NSW1
2017-10-06 03:30:00,3900.0,coal_black,MW,nem,NSW1
2017-10-06 03:35:00,4035.0,coal_black,MW,nem,NSW1
2017-10-06 03:40:00,4051.0,coal_black,MW,nem,NSW1
2017-10-06 03:45:00,4059.0,coal_black,MW,nem,NSW1
2017-10-06 03:50:00,4019.0,coal_black,MW,nem,NSW1
2017-10-06 03:55:00,4006.0,coal_black,MW,nem,NSW1
2017-10-06 04:00:00,4010.0,coal_black,MW,nem,NSW1
2017-10-06 04:05:00,4058.0,coal_black,MW,nem,NSW1
2017-10-06 04:10:00,4215.0,coal_black,MW,nem,NSW1
2017-10-06 04:15:00,4281.0,coal_black,MW,nem,NSW1
2017-10-06 04:20:00,4353.0,coal_black,MW,nem,NSW1
2017-10-06 04:25:00,4342.0,coal_black,MW,nem,NSW1
2017-10-06 04:30:00,4432.0,coal_black,MW,nem,NSW1
2017-10-06 04:35:00,4433.0,coal_black,MW,nem,NSW1
2017-10-06 04:40:00,4503.0,coal_black,MW,nem,NSW1
2017-10-06 04:45:00,4447.0,coal_black,MW,nem,NSW1
2017-10-06 04:50:00,4464.0,coal_black,MW,nem,NSW1
2017-10-06 04:55:00,4482.0,coal_black,MW,nem,NSW1
2017-10-06 05:00:00,4611.0,coal_black,MW,nem,NSW1
2017-10-06 05:05:00,4772.0,coal_black,MW,nem,NSW1
2017-10-06 05:10:00,4991.0,coal_black,MW,nem,NSW1
2017-10-06 05:15:00,5139.0,coal_black,MW,nem,NSW1
2017-10-06 05:20:00,5281.0,coal_black,MW,nem,NSW1
2017-10-06 05:25:00,5378.0,coal_black,MW,nem,NSW1
2017-10-06 05:30:00,5425.0,coal_black,MW,nem,NSW1
2017-10-06 05:35:00,5494.0,coal_black,MW,nem,NSW1
2017-10-06 05:40:00,5538.0,coal_black,MW,nem,NSW1
2017-10-06 05:45:00,5654.0,coal_black,MW,nem,NSW1
2017-10-06 05:50:00,5730.0,coal_black,MW,nem,NSW1
2017-10-06 05:55:00,5825.0,coal_black,MW,nem,NSW1
2017-10-06 06:00:00,5920.0,coal_black,MW,nem,NSW1
2017-10-06 06:05:00,5920.0,coal_black,MW,nem,NSW1
2017-10-06 06:10:00,6004.0,coal_black,MW,nem,NSW1
2017-10-06 06:15:00,6138.0,coal_black,MW,nem,NSW1
2017-10-06 06:20:00,6185.0,coal_black,MW,nem,NSW1
2017-10-06 06:25:00,6209.0,coal_black,MW,nem,NSW1
2017-10-06 06:30:00,6198.0,coal_black,MW,nem,NSW1
2017-10-06 06:35:00,6254.0,coal_black,MW,nem,NSW1
2017-10-06 06:40:00,6123.0,coal_black,MW,nem,NSW1
2017-10-06 06:45:00,6039.0,coal_black,MW,nem,NSW1
2017-10-06 06:50:00,6107.0,coal_black,MW,nem,NSW1
2017-10-06 06:55:00,6183.0,coal_black,MW,nem,NSW1
2017-10-06 07:00:00,6315.0,coal_black,MW,nem,NSW1
2017-10-06 07:05:00,6343.0,coal_black,MW,nem,NSW1
2017-10-06 07:10:00,6257.0,coal_black,MW,nem,NSW1
2017-10-06 07:15:00,6200.0,coal_black,MW,nem,NSW1
2017-10-06 07:20:00,6156.0,coal_black,MW,nem,NSW1
2017-10-06 07:25:00,6102.0,coal_black,MW,nem,NSW1
2017-10-06 07:30:00,6089.0,coal_black,MW,nem,NSW1
2017-10-06 07:35:00,6091.0,coal_black,MW,nem,NSW1
2017-10-06 07:40:00,6114.0,coal_black,MW,nem,NSW1
2017-10-06 07:45:00,6337.0,coal_black,MW,nem,NSW1
2017-10-06 07:50:00,6370.0,coal_black,MW,nem,NSW1
2017-10-06 07:55:00,6403.0,coal_black,MW,nem,NSW1
2017-10-06 08:00:00,6460.0,coal_black,MW,nem,NSW1
2017-10-06 08:05:00,6460.0,coal_black,MW,nem,NSW1
2017-10-06 08:10:00,6417.0,coal_black,MW,nem,NSW1
2017-10-06 08:15:00,6464.0,coal_black,MW,nem,NSW1
2017-10-06 08:20:00,6420.0,coal_black,MW,nem,NSW1
2017-10-06 08:25:00,6407.0,coal_black,MW,nem,NSW1
2017-10-06 08:30:00,6390.0,coal_black,MW,nem,NSW1
2017-10-06 08:35:00,6398.0,coal_black,MW,nem,NSW1
2017-10-06 08:40:00,6381.0,coal_black,MW,nem,NSW1
2017-10-06 08:45:00,6401.0,coal_black,MW,nem,NSW1
2017-10-06 08:50:00,6399.0,coal_black,MW,nem,NSW1
2017-10-06 08:55:00,6420.0,coal_black,MW,nem,NSW1
2017-10-06 09:00:00,6454.0,coal_black,MW,nem,NSW1
2017-10-06 09:05:00,6456.0,coal_black,MW,nem,NSW1
2017-10-06 09:10:00,6378.0,coal_black,MW,nem,NSW1
2017-10-06 09:15:00,6384.0,coal_black,MW,nem,NSW1
2017-10-06 09:20:00,6379.0,coal_black,MW,nem,NSW1
2017-10-06 09:25:00,6366.0,coal_black,MW,nem,NSW1
2017-10-06 09:30:00,6367.0,coal_black,MW,nem,NSW1
2017-10-06 09:35:00,6427.0,coal_black,MW,nem,NSW1
2017-10-06 09:40:00,6418.0,coal_black,MW,nem,NSW1
2017-10-06 09:45:00,6420.0,coal_black,MW,nem,NSW1
2017-10-06 09:50:00,6499.0,coal_black,MW,nem,NSW1
2017-10-06 09:55:00,6544.0,coal_black,MW,nem,NSW1
2017-10-06 10:00:00,6642.0,coal_black,MW,nem,NSW1
2017-10-06 10:05:00,6632.0,coal_black,MW,nem,NSW1
2017-10-06 10:10:00,6675.0,coal_black,MW,nem,NSW1
2017-10-06 10:15:00,6729.0,coal_black,MW,nem,NSW1
2017-10-06 10:20:00,6738.0,coal_black,MW,nem,NSW1
2017-10-06 10:25:00,6783.0,coal_black,MW,nem,NSW1
2017-10-06 10:30:00,6777.0,coal_black,MW,nem,NSW1
2017-10-06 10:35:00,6700.0,coal_black,MW,nem,NSW1
2017-10-06 10:40:00,6674.0,coal_black,MW,nem,NSW1
2017-10-06 10:45:00,6569.0,coal_black,MW,nem,NSW1
2017-10-06 10:50:00,6626.0,coal_black,MW,nem,NSW1
2017-10-06 10:55:00,6562.0,coal_black,MW,nem,NSW1
2017-10-06 11:00:00,6562.0,coal_black,MW,nem,NSW1
2017-10-06 11:05:00,6556.0,coal_black,MW,nem,NSW1
2017-10-06 11:10:00,6507.0,coal_black,MW,nem,NSW1
2017-10-06 11:15:00,6385.0,coal_black,MW,nem,NSW1
2017-10-06 11:20:00,6426.0,coal_black,MW,nem,NSW1
2017-10-06 11:25:00,6454.0,coal_black,MW,nem,NSW1
2017-10-06 11:30:00,6390.0,coal_black,MW,nem,NSW1
2017-10-06 11:35:00,6362.0,coal_black,MW,nem,NSW1
2017-10-06 11:40:00,6300.0,coal_black,MW,nem,NSW1
2017-10-06 11:45:00,6233.0,coal_black,MW,nem,NSW1
2017-10-06 11:50:00,6243.0,coal_black,MW,nem,NSW1
2017-10-06 11:55:00,6214.0,coal_black,MW,nem,NSW1
2017-10-06 12:00:00,6167.0,coal_black,MW,nem,NSW1
2017-10-06 12:05:00,6105.0,coal_black,MW,nem,NSW1
2017-10-06 12:10:00,6104.0,coal_black,MW,nem,NSW1
2017-10-06 12:15:00,6083.0,coal_black,MW,nem,NSW1
2017-10-06 12:20:00,6166.0,coal_black,MW,nem,NSW1
2017-10-06 12:25:00,6096.0,coal_black,MW,nem,NSW1
2017-10-06 12:30:00,6149.0,coal_black,MW,nem,NSW1
2017-10-06 12:35:00,6137.0,coal_black,MW,nem,NSW1
2017-10-06 12:40:00,6166.0,coal_black,MW,nem,NSW1
2017-10-06 12:45:00,6128.0,coal_black,MW,nem,NSW1
2017-10-06 12:50:00,6191.0,coal_black,MW,nem,NSW1
2017-10-06 12:55:00,6250.0,coal_black,MW,nem,NSW1
2017-10-06 13:00:00,6175.0,coal_black,MW,nem,NSW1
2017-10-06 13:05:00,6076.0,coal_black,MW,nem,NSW1
2017-10-06 13:10:00,6138.0,coal_black,MW,nem,NSW1
2017-10-06 13:15:00,6153.0,coal_black,MW,nem,NSW1
2017-10-06 13:20:00,6130.0,coal_black,MW,nem,NSW1
2017-10-06 13:25:00,6170.0,coal_black,MW,nem,NSW1
2017-10-06 13:30:00,6153.0,coal_black,MW,nem,NSW1
2017-10-06 13:35:00,6194.0,coal_black,MW,nem,NSW1
2017-10-06 13:40:00,6105.0,coal_black,MW,nem,NSW1
2017-10-06 13:45:00,6072.0,coal_black,MW,nem,NSW1
2017-10-06 13:50:00,6059.0,coal_black,MW,nem,NSW1
2017-10-06 13:55:00,6053.0,coal_black,MW,nem,NSW1
2017-10-06 14:00:00,6045.0,coal_black,MW,nem,NSW1
2017-10-06 14:05:00,6065.0,coal_black,MW,nem,NSW1
2017-10-06 14:10:00,6127.0,coal_black,MW,nem,NSW1
2017-10-06 14:15:00,6111.0,coal_black,MW,nem,NSW1
2017-10-06 14:20:00,6103.0,coal_black,MW,nem,NSW1
2017-10-06 14:25:00,6276.0,coal_black,MW,nem,NSW1
2017-10-06 14:30:00,6413.0,coal_black,MW,nem,NSW1
2017-10-06 14:35:00,6475.0,coal_black,MW,nem,NSW1
2017-10-06 14:40:00,6400.0,coal_black,MW,nem,NSW1
2017-10-06 14:45:00,6472.0,coal_black,MW,nem,NSW1
2017-10-06 14:50:00,6538.0,coal_black,MW,nem,NSW1
2017-10-06 14:55:00,6516.0,coal_black,MW,nem,NSW1
2017-10-06 15:00:00,6488.0,coal_black,MW,nem,NSW1
2017-10-06 15:05:00,6373.0,coal_black,MW,nem,NSW1
2017-10-06 15:10:00,6503.0,coal_black,MW,nem,NSW1
2017-10-06 15:15:00,6661.0,coal_black,MW,nem,NSW1
2017-10-06 15:20:00,6749.0,coal_black,MW,nem,NSW1
2017-10-06 15:25:00,6713.0,coal_black,MW,nem,NSW1
2017-10-06 15:30:00,6779.0,coal_black,MW,nem,NSW1
2017-10-06 15:35:00,6746.0,coal_black,MW,nem,NSW1
2017-10-06 15:40:00,6731.0,coal_black,MW,nem,NSW1
2017-10-06 15:45:00,6756.0,coal_black,MW,nem,NSW1
2017-10-06 15:50:00,6725.0,coal_black,MW,nem,NSW1
2017-10-06 15:55:00,6794.0,coal_black,MW,nem,NSW1
2017-10-06 16:00:00,6759.0,coal_black,MW,nem,NSW1
2017-10-06 16:05:00,6817.0,coal_black,MW,nem,NSW1
2017-10-06 16:10:00,6806.0,coal_black,MW,nem,NSW1
2017-10-06 16:15:00,6753.0,coal_black,MW,nem,NSW1
2017-10-06 16:20:00,6716.0,coal_black,MW,nem,NSW1
2017-10-06 16:25:00,6739.0,coal_black,MW,nem,NSW1
2017-10-06 16:30:00,6792.0,coal_black,MW,nem,NSW1
2017-10-06 16:35:00,6812.0,coal_black,MW,nem,NSW1
2017-10-06 16:40:00,6873.0,coal_black,MW,nem,NSW1
2017-10-06 16:45:00,6929.0,coal_black,MW,nem,NSW1
2017-10-06 16:50:00,6935.0,coal_black,MW,nem,NSW1
2017-10-06 16:55:00,7019.0,coal_black,MW,nem,NSW1
2017-10-06 17:00:00,6990.0,coal_black,MW,nem,NSW1
2017-10-06 17:05:00,7008.0,coal_black,MW,nem,NSW1
2017-10-06 17:10:00,6873.0,coal_black,MW,nem,NSW1
2017-10-06 17:15:00,6796.0,coal_black,MW,nem,NSW1
2017-10-06 17:20:00,6843.0,coal_black,MW,nem,NSW1
2017-10-06 17:25:00,6884.0,coal_black,MW,nem,NSW1
2017-10-06 17:30:00,6908.0,coal_black,MW,nem,NSW1
2017-10-06 17:35:00,6869.0,coal_black,MW,nem,NSW1
2017-10-06 17:40:00,6888.0,coal_black,MW,nem,NSW1
2017-10-06 17:45:00,6941.0,coal_black,MW,nem,NSW1
2017-10-06 17:50:00,6999.0,coal_black,MW,nem,NSW1
2017-10-06 17:55:00,6978.0,coal_black,MW,nem,NSW1
2017-10-06 18:00:00,7041.0,coal_black,MW,nem,NSW1
2017-10-06 18:05:00,7099.0,coal_black,MW,nem,NSW1
2017-10-06 18:10:00,7082.0,coal_black,MW,nem,NSW1
2017-10-06 18:15:00,7012.0,coal_black,MW,nem,NSW1
2017-10-06 18:20:00,7070.0,coal_black,MW,nem,NSW1
2017-10-06 18:25:00,7117.0,coal_black,MW,nem,NSW1
2017-10-06 18:30:00,7032.0,coal_black,MW,nem,NSW1
2017-10-06 18:35:00,7057.0,coal_black,MW,nem,NSW1
2017-10-06 18:40:00,7100.0,coal_black,MW,nem,NSW1
2017-10-06 18:45:00,7080.0,coal_black,MW,nem,NSW1
2017-10-06 18:50:00,6954.0,coal_black,MW,nem,NSW1
2017-10-06 18:55:00,6985.0,coal_black,MW,nem,NSW1
2017-10-06 19:00:00,6914.0,coal_black,MW,nem,NSW1
2017-10-06 19:05:00,6916.0,coal_black,MW,nem,NSW1
2017-10-06 19:10:00,6912.0,coal_black,MW,nem,NSW1
2017-10-06 19:15:00,6951.0,coal_black,MW,nem,NSW1
2017-10-06 19:20:00,6948.0,coal_black,MW,nem,NSW1
2017-10-06 19:25:00,6950.0,coal_black,MW,nem,NSW1
2017-10-06 19:30:00,6998.0,coal_black,MW,nem,NSW1
2017-10-06 19:35:00,6926.0,coal_black,MW,nem,NSW1
2017-10-06 19:40:00,6847.0,coal_black,MW,nem,NSW1
2017-10-06 19:45:00,6817.0,coal_black,MW,nem,NSW1
2017-10-06 19:50:00,6808.0,coal_black,MW,nem,NSW1
2017-10-06 19:55:00,6771.0,coal_black,MW,nem,NSW1
2017-10-06 20:00:00,6700.0,coal_black,MW,nem,NSW1
2017-10-06 20:05:00,6590.0,coal_black,MW,nem,NSW1
2017-10-06 20:10:00,6681.0,coal_black,MW,nem,NSW1
2017-10-06 20:15:00,6729.0,coal_black,MW,nem,NSW1
2017-10-06 20:20:00,6607.0,coal_black,MW,nem,NSW1
2017-10-06 20:25:00,6510.0,coal_black,MW,nem,NSW1
2017-10-06 20:30:00,6475.0,coal_black,MW,nem,NSW1
2017-10-06 20:35:00,6328.0,coal_black,MW,nem,NSW1
2017-10-06 20:40:00,6334.0,coal_black,MW,nem,NSW1
2017-10-06 20:45:00,6329.0,coal_black,MW,nem,NSW1
2017-10-06 20:50:00,6419.0,coal_black,MW,nem,NSW1
2017-10-06 20:55:00,6442.0,coal_black,MW,nem,NSW1
2017-10-06 21:00:00,6411.0,coal_black,MW,nem,NSW1
2017-10-06 21:05:00,6349.0,coal_black,MW,nem,NSW1
2017-10-06 21:10:00,6447.0,coal_black,MW,nem,NSW1
2017-10-06 21:15:00,6450.0,coal_black,MW,nem,NSW1
2017-10-06 21:20:00,6491.0,coal_black,MW,nem,NSW1
2017-10-06 21:25:00,6444.0,coal_black,MW,nem,NSW1
2017-10-06 21:30:00,6518.0,coal_black,MW,nem,NSW1
2017-10-06 21:35:00,6616.0,coal_black,MW,nem,NSW1
2017-10-06 21:40:00,6701.0,coal_black,MW,nem,NSW1
2017-10-06 21:45:00,6668.0,coal_black,MW,nem,NSW1
2017-10-06 21:50:00,6640.0,coal_black,MW,nem,NSW1
2017-10-06 21:55:00,6629.0,coal_black,MW,nem,NSW1
2017-10-06 22:00:00,6584.0,coal_black,MW,nem,NSW1
2017-10-06 22:05:00,6574.0,coal_black,MW,nem,NSW1
2017-10-06 22:10:00,6499.0,coal_black,MW,nem,NSW1
2017-10-06 22:15:00,6519.0,coal_black,MW,nem,NSW1
2017-10-06 22:20:00,6549.0,coal_black,MW,nem,NSW1
2017-10-06 22:25:00,6509.0,coal_black,MW,nem,NSW1
2017-10-06 22:30:00,6532.0,coal_black,MW,nem,NSW1
2017-10-06 22:35:00,6389.0,coal_black,MW,nem,NSW1
2017-10-06 22:40:00,6526.0,coal_black,MW,nem,NSW1
2017-10-06 22:45:00,6598.0,coal_black,MW,nem,NSW1
2017-10-06 22:50:00,6598.0,coal_black,MW,nem,NSW1
2017-10-06 22:55:00,6559.0,coal_black,MW,nem,NSW1
2017-10-06 23:00:00,6515.0,coal_black,MW,nem,NSW1
2017-10-06 23:05:00,6457.0,coal_black,MW,nem,NSW1
2017-10-06 23:10:00,6500.0,coal_black,MW,nem,NSW1
2017-10-06 23:15:00,6503.0,coal_black,MW,nem,NSW1
2017-10-06 23:20:00,6454.0,coal_black,MW,nem,NSW1
2017-10-06 23:25:00,6487.0,coal_black,MW,nem,NSW1
2017-10-06 23:30:00,6494.0,coal_black,MW,nem,NSW1
2017-10-06 23:35:00,6449.0,coal_black,MW,nem,NSW1
2017-10-06 23:40:00,6338.0,coal_black,MW,nem,NSW1
2017-10-06 23:45:00,6275.0,coal_black,MW,nem,NSW1
2017-10-06 23:50:00,6197.0,coal_black,MW,nem,NSW1
2017-10-06 23:55:00,6167.0,coal_black,MW,nem,NSW1
2017-10-07 00:00:00,6166.0,coal_black,MW,nem,NSW1
2017-10-07 00:05:00,6076.0,coal_black,MW,nem,NSW1
2017-10-07 00:10:00,6016.0,coal_black,MW,nem,NSW1
2017-10-07 00:15:00,5944.0,coal_black,MW,nem,NSW1
2017-10-07 00:20:00,5859.0,coal_black,MW,nem,NSW1
2017-10-07 00:25:00,5802.0,coal_black,MW,nem,NSW1
2017-10-07 00:30:00,5921.0,coal_black,MW,nem,NSW1
2017-10-07 00:35:00,5929.0,coal_black,MW,nem,NSW1
2017-10-07 00:40:00,5868.0,coal_black,MW,nem,NSW1
2017-10-07 00:45:00,5727.0,coal_black,MW,nem,NSW1
2017-10-07 00:50:00,5695.0,coal_black,MW,nem,NSW1
2017-10-07 00:55:00,5625.0,coal_black,MW,nem,NSW1
2017-10-07 01:00:00,5577.0,coal_black,MW,nem,NSW1
2017-10-07 01:05:00,5377.0,coal_black,MW,nem,NSW1
2017-10-07 01:10:00,5308.0,coal_black,MW,nem,NSW1
2017-10-07 01:15:00,5277.0,coal_black,MW,nem,NSW1
2017-10-07 01:20:00,5265.0,coal_black,MW,nem,NSW1
2017-10-07 01:25:00,5249.0,coal_black,MW,nem,NSW1
2017-10-07 01:30:00,5194.0,coal_black,MW,nem,NSW1
2017-10-07 01:35:00,5133.0,coal_black,MW,nem,NSW1
2017-10-07 01:40:00,5030.0,coal_black,MW,nem,NSW1
2017-10-07 01:45:00,4943.0,coal_black,MW,nem,NSW1
2017-10-07 01:50:00,4877.0,coal_black,MW,nem,NSW1
2017-10-07 01:55:00,4783.0,coal_black,MW,nem,NSW1
2017-10-07 02:00:00,4801.0,coal_black,MW,nem,NSW1
2017-10-07 02:05:00,4755.0,coal_black,MW,nem,NSW1
2017-10-07 02:10:00,4733.0,coal_black,MW,nem,NSW1
2017-10-07 02:15:00,4692.0,coal_black,MW,nem,NSW1
2017-10-07 02:20:00,4592.0,coal_black,MW,nem,NSW1
2017-10-07 02:25:00,4567.0,coal_black,MW,nem,NSW1
2017-10-07 02:30:00,4472.0,coal_black,MW,nem,NSW1
2017-10-07 02:35:00,4424.0,coal_black,MW,nem,NSW1
2017-10-07 02:40:00,4344.0,coal_black,MW,nem,NSW1
2017-10-07 02:45:00,4369.0,coal_black,MW,nem,NSW1
2017-10-07 02:50:00,4357.0,coal_black,MW,nem,NSW1
2017-10-07 02:55:00,4284.0,coal_black,MW,nem,NSW1
2017-10-07 03:00:00,4292.0,coal_black,MW,nem,NSW1
2017-10-07 03:05:00,4294.0,coal_black,MW,nem,NSW1
2017-10-07 03:10:00,4283.0,coal_black,MW,nem,NSW1
2017-10-07 03:15:00,4219.0,coal_black,MW,nem,NSW1
2017-10-07 03:20:00,4203.0,coal_black,MW,nem,NSW1
2017-10-07 03:25:00,4191.0,coal_black,MW,nem,NSW1
2017-10-07 03:30:00,4131.0,coal_black,MW,nem,NSW1
2017-10-07 03:35:00,4183.0,coal_black,MW,nem,NSW1
2017-10-07 03:40:00,4181.0,coal_black,MW,nem,NSW1
2017-10-07 03:45:00,4156.0,coal_black,MW,nem,NSW1
2017-10-07 03:50:00,4117.0,coal_black,MW,nem,NSW1
2017-10-07 03:55:00,4151.0,coal_black,MW,nem,NSW1
2017-10-07 04:00:00,4146.0,coal_black,MW,nem,NSW1
2017-10-07 04:05:00,4175.0,coal_black,MW,nem,NSW1
2017-10-07 04:10:00,4250.0,coal_black,MW,nem,NSW1
2017-10-07 04:15:00,4223.0,coal_black,MW,nem,NSW1
2017-10-07 04:20:00,4175.0,coal_black,MW,nem,NSW1
2017-10-07 04:25:00,4162.0,coal_black,MW,nem,NSW1
2017-10-07 04:30:00,4218.0,coal_black,MW,nem,NSW1
2017-10-07 04:35:00,4250.0,coal_black,MW,nem,NSW1
2017-10-07 04:40:00,4251.0,coal_black,MW,nem,NSW1
2017-10-07 04:45:00,4217.0,coal_black,MW,nem,NSW1
2017-10-07 04:50:00,4204.0,coal_black,MW,nem,NSW1
2017-10-07 04:55:00,4223.0,coal_black,MW,nem,NSW1
2017-10-07 05:00:00,4269.0,coal_black,MW,nem,NSW1
2017-10-07 05:05:00,4317.0,coal_black,MW,nem,NSW1
2017-10-07 05:10:00,4383.0,coal_black,MW,nem,NSW1
2017-10-07 05:15:00,4423.0,coal_black,MW,nem,NSW1
2017-10-07 05:20:00,4452.0,coal_black,MW,nem,NSW1
2017-10-07 05:25:00,4517.0,coal_black,MW,nem,NSW1
2017-10-07 05:30:00,4552.0,coal_black,MW,nem,NSW1
2017-10-07 05:35:00,4550.0,coal_black,MW,nem,NSW1
2017-10-07 05:40:00,4574.0,coal_black,MW,nem,NSW1
2017-10-07 05:45:00,4549.0,coal_black,MW,nem,NSW1
2017-10-07 05:50:00,4568.0,coal_black,MW,nem,NSW1
2017-10-07 05:55:00,4650.0,coal_black,MW,nem,NSW1
2017-10-07 06:00:00,4659.0,coal_black,MW,nem,NSW1
2017-10-07 06:05:00,4687.0,coal_black,MW,nem,NSW1
2017-10-07 06:10:00,4817.0,coal_black,MW,nem,NSW1
2017-10-07 06:15:00,4882.0,coal_black,MW,nem,NSW1
2017-10-07 06:20:00,4973.0,coal_black,MW,nem,NSW1
2017-10-07 06:25:00,4988.0,coal_black,MW,nem,NSW1
2017-10-07 06:30:00,5060.0,coal_black,MW,nem,NSW1
2017-10-07 06:35:00,5159.0,coal_black,MW,nem,NSW1
2017-10-07 06:40:00,5227.0,coal_black,MW,nem,NSW1
2017-10-07 06:45:00,5236.0,coal_black,MW,nem,NSW1
2017-10-07 06:50:00,5383.0,coal_black,MW,nem,NSW1
2017-10-07 06:55:00,5456.0,coal_black,MW,nem,NSW1
2017-10-07 07:00:00,5475.0,coal_black,MW,nem,NSW1
2017-10-07 07:05:00,5543.0,coal_black,MW,nem,NSW1
2017-10-07 07:10:00,5593.0,coal_black,MW,nem,NSW1
2017-10-07 07:15:00,5570.0,coal_black,MW,nem,NSW1
2017-10-07 07:20:00,5602.0,coal_black,MW,nem,NSW1
2017-10-07 07:25:00,5574.0,coal_black,MW,nem,NSW1
2017-10-07 07:30:00,5609.0,coal_black,MW,nem,NSW1
2017-10-07 07:35:00,5573.0,coal_black,MW,nem,NSW1
2017-10-07 07:40:00,5439.0,coal_black,MW,nem,NSW1
2017-10-07 07:45:00,5410.0,coal_black,MW,nem,NSW1
2017-10-07 07:50:00,5447.0,coal_black,MW,nem,NSW1
2017-10-07 07:55:00,5480.0,coal_black,MW,nem,NSW1
2017-10-07 08:00:00,5503.0,coal_black,MW,nem,NSW1
2017-10-07 08:05:00,5553.0,coal_black,MW,nem,NSW1
2017-10-07 08:10:00,5725.0,coal_black,MW,nem,NSW1
2017-10-07 08:15:00,5860.0,coal_black,MW,nem,NSW1
2017-10-07 08:20:00,5882.0,coal_black,MW,nem,NSW1
2017-10-07 08:25:00,5843.0,coal_black,MW,nem,NSW1
2017-10-07 08:30:00,5852.0,coal_black,MW,nem,NSW1
2017-10-07 08:35:00,5924.0,coal_black,MW,nem,NSW1
2017-10-07 08:40:00,5973.0,coal_black,MW,nem,NSW1
2017-10-07 08:45:00,5986.0,coal_black,MW,nem,NSW1
2017-10-07 08:50:00,5947.0,coal_black,MW,nem,NSW1
2017-10-07 08:55:00,5973.0,coal_black,MW,nem,NSW1
2017-10-07 09:00:00,5954.0,coal_black,MW,nem,NSW1
2017-10-07 09:05:00,6014.0,coal_black,MW,nem,NSW1
2017-10-07 09:10:00,6076.0,coal_black,MW,nem,NSW1
2017-10-07 09:15:00,5995.0,coal_black,MW,nem,NSW1
2017-10-07 09:20:00,5992.0,coal_black,MW,nem,NSW1
2017-10-07 09:25:00,5993.0,coal_black,MW,nem,NSW1
2017-10-07 09:30:00,5958.0,coal_black,MW,nem,NSW1
2017-10-07 09:35:00,5780.0,coal_black,MW,nem,NSW1
2017-10-07 09:40:00,5649.0,coal_black,MW,nem,NSW1
2017-10-07 09:45:00,5535.0,coal_black,MW,nem,NSW1
2017-10-07 09:50:00,5491.0,coal_black,MW,nem,NSW1
2017-10-07 09:55:00,5583.0,coal_black,MW,nem,NSW1
2017-10-07 10:00:00,5566.0,coal_black,MW,nem,NSW1
2017-10-07 10:05:00,5493.0,coal_black,MW,nem,NSW1
2017-10-07 10:10:00,5465.0,coal_black,MW,nem,NSW1
2017-10-07 10:15:00,5464.0,coal_black,MW,nem,NSW1
2017-10-07 10:20:00,5564.0,coal_black,MW,nem,NSW1
2017-10-07 10:25:00,5567.0,coal_black,MW,nem,NSW1
2017-10-07 10:30:00,5552.0,coal_black,MW,nem,NSW1
2017-10-07 10:35:00,5568.0,coal_black,MW,nem,NSW1
2017-10-07 10:40:00,5717.0,coal_black,MW,nem,NSW1
2017-10-07 10:45:00,5770.0,coal_black,MW,nem,NSW1
2017-10-07 10:50:00,5765.0,coal_black,MW,nem,NSW1
2017-10-07 10:55:00,5758.0,coal_black,MW,nem,NSW1
2017-10-07 11:00:00,5838.0,coal_black,MW,nem,NSW1
2017-10-07 11:05:00,5761.0,coal_black,MW,nem,NSW1
2017-10-07 11:10:00,5797.0,coal_black,MW,nem,NSW1
2017-10-07 11:15:00,5790.0,coal_black,MW,nem,NSW1
2017-10-07 11:20:00,5743.0,coal_black,MW,nem,NSW1
2017-10-07 11:25:00,5688.0,coal_black,MW,nem,NSW1
2017-10-07 11:30:00,5702.0,coal_black,MW,nem,NSW1
2017-10-07 11:35:00,5778.0,coal_black,MW,nem,NSW1
2017-10-07 11:40:00,5713.0,coal_black,MW,nem,NSW1
2017-10-07 11:45:00,5602.0,coal_black,MW,nem,NSW1
2017-10-07 11:50:00,5571.0,coal_black,MW,nem,NSW1
2017-10-07 11:55:00,5545.0,coal_black,MW,nem,NSW1
2017-10-07 12:00:00,5502.0,coal_black,MW,nem,NSW1
2017-10-07 12:05:00,5493.0,coal_black,MW,nem,NSW1
2017-10-07 12:10:00,5473.0,coal_black,MW,nem,NSW1
2017-10-07 12:15:00,5458.0,coal_black,MW,nem,NSW1
2017-10-07 12:20:00,5437.0,coal_black,MW,nem,NSW1
2017-10-07 12:25:00,5268.0,coal_black,MW,nem,NSW1
2017-10-07 12:30:00,5108.0,coal_black,MW,nem,NSW1
2017-10-07 12:35:00,5042.0,coal_black,MW,nem,NSW1
2017-10-07 12:40:00,5010.0,coal_black,MW,nem,NSW1
2017-10-07 12:45:00,4948.0,coal_black,MW,nem,NSW1
2017-10-07 12:50:00,4894.0,coal_black,MW,nem,NSW1
2017-10-07 12:55:00,4931.0,coal_black,MW,nem,NSW1
2017-10-07 13:00:00,5006.0,coal_black,MW,nem,NSW1
2017-10-07 13:05:00,5065.0,coal_black,MW,nem,NSW1
2017-10-07 13:10:00,5077.0,coal_black,MW,nem,NSW1
2017-10-07 13:15:00,5045.0,coal_black,MW,nem,NSW1
2017-10-07 13:20:00,5023.0,coal_black,MW,nem,NSW1
2017-10-07 13:25:00,5037.0,coal_black,MW,nem,NSW1
2017-10-07 13:30:00,5067.0,coal_black,MW,nem,NSW1
2017-10-07 13:35:00,5047.0,coal_black,MW,nem,NSW1
2017-10-07 13:40:00,5191.0,coal_black,MW,nem,NSW1
2017-10-07 13:45:00,5138.0,coal_black,MW,nem,NSW1
2017-10-07 13:50:00,5233.0,coal_black,MW,nem,NSW1
2017-10-07 13:55:00,5285.0,coal_black,MW,nem,NSW1
2017-10-07 14:00:00,5341.0,coal_black,MW,nem,NSW1
2017-10-07 14:05:00,5442.0,coal_black,MW,nem,NSW1
2017-10-07 14:10:00,5479.0,coal_black,MW,nem,NSW1
2017-10-07 14:15:00,5515.0,coal_black,MW,nem,NSW1
2017-10-07 14:20:00,5504.0,coal_black,MW,nem,NSW1
2017-10-07 14:25:00,5539.0,coal_black,MW,nem,NSW1
2017-10-07 14:30:00,5520.0,coal_black,MW,nem,NSW1
2017-10-07 14:35:00,5515.0,coal_black,MW,nem,NSW1
2017-10-07 14:40:00,5508.0,coal_black,MW,nem,NSW1
2017-10-07 14:45:00,5519.0,coal_black,MW,nem,NSW1
2017-10-07 14:50:00,5457.0,coal_black,MW,nem,NSW1
2017-10-07 14:55:00,5464.0,coal_black,MW,nem,NSW1
2017-10-07 15:00:00,5471.0,coal_black,MW,nem,NSW1
2017-10-07 15:05:00,5473.0,coal_black,MW,nem,NSW1
2017-10-07 15:10:00,5519.0,coal_black,MW,nem,NSW1
2017-10-07 15:15:00,5550.0,coal_black,MW,nem,NSW1
2017-10-07 15:20:00,5578.0,coal_black,MW,nem,NSW1
2017-10-07 15:25:00,5582.0,coal_black,MW,nem,NSW1
2017-10-07 15:30:00,5628.0,coal_black,MW,nem,NSW1
2017-10-07 15:35:00,5677.0,coal_black,MW,nem,NSW1
2017-10-07 15:40:00,5831.0,coal_black,MW,nem,NSW1
2017-10-07 15:45:00,5830.0,coal_black,MW,nem,NSW1
2017-10-07 15:50:00,5854.0,coal_black,MW,nem,NSW1
2017-10-07 15:55:00,5805.0,coal_black,MW,nem,NSW1
2017-10-07 16:00:00,5750.0,coal_black,MW,nem,NSW1
2017-10-07 16:05:00,5733.0,coal_black,MW,nem,NSW1
2017-10-07 16:10:00,5754.0,coal_black,MW,nem,NSW1
2017-10-07 16:15:00,5764.0,coal_black,MW,nem,NSW1
2017-10-07 16:20:00,5680.0,coal_black,MW,nem,NSW1
2017-10-07 16:25:00,5669.0,coal_black,MW,nem,NSW1
2017-10-07 16:30:00,5679.0,coal_black,MW,nem,NSW1
2017-10-07 16:35:00,5643.0,coal_black,MW,nem,NSW1
2017-10-07 16:40:00,5756.0,coal_black,MW,nem,NSW1
2017-10-07 16:45:00,5821.0,coal_black,MW,nem,NSW1
2017-10-07 16:50:00,5859.0,coal_black,MW,nem,NSW1
2017-10-07 16:55:00,5859.0,coal_black,MW,nem,NSW1
2017-10-07 17:00:00,5971.0,coal_black,MW,nem,NSW1
2017-10-07 17:05:00,6084.0,coal_black,MW,nem,NSW1
2017-10-07 17:10:00,6115.0,coal_black,MW,nem,NSW1
2017-10-07 17:15:00,6129.0,coal_black,MW,nem,NSW1
2017-10-07 17:20:00,6140.0,coal_black,MW,nem,NSW1
2017-10-07 17:25:00,6184.0,coal_black,MW,nem,NSW1
2017-10-07 17:30:00,6128.0,coal_black,MW,nem,NSW1
2017-10-07 17:35:00,6141.0,coal_black,MW,nem,NSW1
2017-10-07 17:40:00,6128.0,coal_black,MW,nem,NSW1
2017-10-07 17:45:00,6056.0,coal_black,MW,nem,NSW1
2017-10-07 17:50:00,5984.0,coal_black,MW,nem,NSW1
2017-10-07 17:55:00,5951.0,coal_black,MW,nem,NSW1
2017-10-07 18:00:00,6030.0,coal_black,MW,nem,NSW1
2017-10-07 18:05:00,5955.0,coal_black,MW,nem,NSW1
2017-10-07 18:10:00,5874.0,coal_black,MW,nem,NSW1
2017-10-07 18:15:00,5974.0,coal_black,MW,nem,NSW1
2017-10-07 18:20:00,6016.0,coal_black,MW,nem,NSW1
2017-10-07 18:25:00,6051.0,coal_black,MW,nem,NSW1
2017-10-07 18:30:00,6125.0,coal_black,MW,nem,NSW1
2017-10-07 18:35:00,6133.0,coal_black,MW,nem,NSW1
2017-10-07 18:40:00,6108.0,coal_black,MW,nem,NSW1
2017-10-07 18:45:00,6206.0,coal_black,MW,nem,NSW1
2017-10-07 18:50:00,6191.0,coal_black,MW,nem,NSW1
2017-10-07 18:55:00,6192.0,coal_black,MW,nem,NSW1
2017-10-07 19:00:00,6084.0,coal_black,MW,nem,NSW1
2017-10-07 19:05:00,6037.0,coal_black,MW,nem,NSW1
2017-10-07 19:10:00,6044.0,coal_black,MW,nem,NSW1
2017-10-07 19:15:00,6035.0,coal_black,MW,nem,NSW1
2017-10-07 19:20:00,5981.0,coal_black,MW,nem,NSW1
2017-10-07 19:25:00,5996.0,coal_black,MW,nem,NSW1
2017-10-07 19:30:00,5932.0,coal_black,MW,nem,NSW1
2017-10-07 19:35:00,5966.0,coal_black,MW,nem,NSW1
2017-10-07 19:40:00,5943.0,coal_black,MW,nem,NSW1
2017-10-07 19:45:00,5903.0,coal_black,MW,nem,NSW1
2017-10-07 19:50:00,5844.0,coal_black,MW,nem,NSW1
2017-10-07 19:55:00,5853.0,coal_black,MW,nem,NSW1
2017-10-07 20:00:00,5873.0,coal_black,MW,nem,NSW1
2017-10-07 20:05:00,5724.0,coal_black,MW,nem,NSW1
2017-10-07 20:10:00,5723.0,coal_black,MW,nem,NSW1
2017-10-07 20:15:00,5688.0,coal_black,MW,nem,NSW1
2017-10-07 20:20:00,5738.0,coal_black,MW,nem,NSW1
2017-10-07 20:25:00,5717.0,coal_black,MW,nem,NSW1
2017-10-07 20:30:00,5714.0,coal_black,MW,nem,NSW1
2017-10-07 20:35:00,5612.0,coal_black,MW,nem,NSW1
2017-10-07 20:40:00,5656.0,coal_black,MW,nem,NSW1
2017-10-07 20:45:00,5669.0,coal_black,MW,nem,NSW1
2017-10-07 20:50:00,5631.0,coal_black,MW,nem,NSW1
2017-10-07 20:55:00,5594.0,coal_black,MW,nem,NSW1
2017-10-07 21:00:00,5569.0,coal_black,MW,nem,NSW1
2017-10-07 21:05:00,5469.0,coal_black,MW,nem,NSW1
2017-10-07 21:10:00,5468.0,coal_black,MW,nem,NSW1
2017-10-07 21:15:00,5429.0,coal_black,MW,nem,NSW1
2017-10-07 21:20:00,5468.0,coal_black,MW,nem,NSW1
2017-10-07 21:25:00,5476.0,coal_black,MW,nem,NSW1
2017-10-07 21:30:00,5403.0,coal_black,MW,nem,NSW1
2017-10-07 21:35:00,5362.0,coal_black,MW,nem,NSW1
2017-10-07 21:40:00,5342.0,coal_black,MW,nem,NSW1
2017-10-07 21:45:00,5278.0,coal_black,MW,nem,NSW1
2017-10-07 21:50:00,5189.0,coal_black,MW,nem,NSW1
2017-10-07 21:55:00,5169.0,coal_black,MW,nem,NSW1
2017-10-07 22:00:00,5137.0,coal_black,MW,nem,NSW1
2017-10-07 22:05:00,5125.0,coal_black,MW,nem,NSW1
2017-10-07 22:10:00,5225.0,coal_black,MW,nem,NSW1
2017-10-07 22:15:00,5282.0,coal_black,MW,nem,NSW1
2017-10-07 22:20:00,5346.0,coal_black,MW,nem,NSW1
2017-10-07 22:25:00,5454.0,coal_black,MW,nem,NSW1
2017-10-07 22:30:00,5482.0,coal_black,MW,nem,NSW1
2017-10-07 22:35:00,5485.0,coal_black,MW,nem,NSW1
2017-10-07 22:40:00,5612.0,coal_black,MW,nem,NSW1
2017-10-07 22:45:00,5625.0,coal_black,MW,nem,NSW1
2017-10-07 22:50:00,5485.0,coal_black,MW,nem,NSW1
2017-10-07 22:55:00,5386.0,coal_black,MW,nem,NSW1
2017-10-07 23:00:00,5364.0,coal_black,MW,nem,NSW1
2017-10-07 23:05:00,5376.0,coal_black,MW,nem,NSW1
2017-10-07 23:10:00,5405.0,coal_black,MW,nem,NSW1
2017-10-07 23:15:00,5449.0,coal_black,MW,nem,NSW1
2017-10-07 23:20:00,5363.0,coal_black,MW,nem,NSW1
2017-10-07 23:25:00,5229.0,coal_black,MW,nem,NSW1
2017-10-07 23:30:00,5130.0,coal_black,MW,nem,NSW1
2017-10-07 23:35:00,5113.0,coal_black,MW,nem,NSW1
2017-10-07 23:40:00,5127.0,coal_black,MW,nem,NSW1
2017-10-07 23:45:00,5046.0,coal_black,MW,nem,NSW1
2017-10-07 23:50:00,5003.0,coal_black,MW,nem,NSW1
2017-10-07 23:55:00,4991.0,coal_black,MW,nem,NSW1
2017-10-08 00:00:00,4961.0,coal_black,MW,nem,NSW1
2017-10-08 00:05:00,4856.0,coal_black,MW,nem,NSW1
2017-10-08 00:10:00,4825.0,coal_black,MW,nem,NSW1
2017-10-08 00:15:00,4793.0,coal_black,MW,nem,NSW1
2017-10-08 00:20:00,4764.0,coal_black,MW,nem,NSW1
2017-10-08 00:25:00,4701.0,coal_black,MW,nem,NSW1
2017-10-08 00:30:00,4636.0,coal_black,MW,nem,NSW1
2017-10-08 00:35:00,4608.0,coal_black,MW,nem,NSW1
2017-10-08 00:40:00,4646.0,coal_black,MW,nem,NSW1
2017-10-08 00:45:00,4639.0,coal_black,MW,nem,NSW1
2017-10-08 00:50:00,4598.0,coal_black,MW,nem,NSW1
2017-10-08 00:55:00,4514.0,coal_black,MW,nem,NSW1
2017-10-08 01:00:00,4521.0,coal_black,MW,nem,NSW1
2017-10-08 01:05:00,4533.0,coal_black,MW,nem,NSW1
2017-10-08 01:10:00,4478.0,coal_black,MW,nem,NSW1
2017-10-08 01:15:00,4381.0,coal_black,MW,nem,NSW1
2017-10-08 01:20:00,4379.0,coal_black,MW,nem,NSW1
2017-10-08 01:25:00,4322.0,coal_black,MW,nem,NSW1
2017-10-08 01:30:00,4263.0,coal_black,MW,nem,NSW1
2017-10-08 01:35:00,4245.0,coal_black,MW,nem,NSW1
2017-10-08 01:40:00,4228.0,coal_black,MW,nem,NSW1
2017-10-08 01:45:00,4172.0,coal_black,MW,nem,NSW1
2017-10-08 01:50:00,4055.0,coal_black,MW,nem,NSW1
2017-10-08 01:55:00,4042.0,coal_black,MW,nem,NSW1
2017-10-08 02:00:00,4060.0,coal_black,MW,nem,NSW1
2017-10-08 02:05:00,4019.0,coal_black,MW,nem,NSW1
2017-10-08 02:10:00,3974.0,coal_black,MW,nem,NSW1
2017-10-08 02:15:00,3969.0,coal_black,MW,nem,NSW1
2017-10-08 02:20:00,3904.0,coal_black,MW,nem,NSW1
2017-10-08 02:25:00,3912.0,coal_black,MW,nem,NSW1
2017-10-08 02:30:00,3961.0,coal_black,MW,nem,NSW1
2017-10-08 02:35:00,3942.0,coal_black,MW,nem,NSW1
2017-10-08 02:40:00,3927.0,coal_black,MW,nem,NSW1
2017-10-08 02:45:00,3946.0,coal_black,MW,nem,NSW1
2017-10-08 02:50:00,3924.0,coal_black,MW,nem,NSW1
2017-10-08 02:55:00,3876.0,coal_black,MW,nem,NSW1
2017-10-08 03:00:00,3847.0,coal_black,MW,nem,NSW1
2017-10-08 03:05:00,3813.0,coal_black,MW,nem,NSW1
2017-10-08 03:10:00,3791.0,coal_black,MW,nem,NSW1
2017-10-08 03:15:00,3761.0,coal_black,MW,nem,NSW1
2017-10-08 03:20:00,3746.0,coal_black,MW,nem,NSW1
2017-10-08 03:25:00,3749.0,coal_black,MW,nem,NSW1
2017-10-08 03:30:00,3716.0,coal_black,MW,nem,NSW1
2017-10-08 03:35:00,3696.0,coal_black,MW,nem,NSW1
2017-10-08 03:40:00,3722.0,coal_black,MW,nem,NSW1
2017-10-08 03:45:00,3725.0,coal_black,MW,nem,NSW1
2017-10-08 03:50:00,3793.0,coal_black,MW,nem,NSW1
2017-10-08 03:55:00,3791.0,coal_black,MW,nem,NSW1
2017-10-08 04:00:00,3768.0,coal_black,MW,nem,NSW1
2017-10-08 04:05:00,3780.0,coal_black,MW,nem,NSW1
2017-10-08 04:10:00,3916.0,coal_black,MW,nem,NSW1
2017-10-08 04:15:00,4079.0,coal_black,MW,nem,NSW1
2017-10-08 04:20:00,4214.0,coal_black,MW,nem,NSW1
2017-10-08 04:25:00,4263.0,coal_black,MW,nem,NSW1
2017-10-08 04:30:00,4260.0,coal_black,MW,nem,NSW1
2017-10-08 04:35:00,4289.0,coal_black,MW,nem,NSW1
2017-10-08 04:40:00,4396.0,coal_black,MW,nem,NSW1
2017-10-08 04:45:00,4428.0,coal_black,MW,nem,NSW1
2017-10-08 04:50:00,4344.0,coal_black,MW,nem,NSW1
2017-10-08 04:55:00,4266.0,coal_black,MW,nem,NSW1
2017-10-08 05:00:00,4311.0,coal_black,MW,nem,NSW1
2017-10-08 05:05:00,4399.0,coal_black,MW,nem,NSW1
2017-10-08 05:10:00,4519.0,coal_black,MW,nem,NSW1
2017-10-08 05:15:00,4520.0,coal_black,MW,nem,NSW1
2017-10-08 05:20:00,4590.0,coal_black,MW,nem,NSW1
2017-10-08 05:25:00,4547.0,coal_black,MW,nem,NSW1
2017-10-08 05:30:00,4619.0,coal_black,MW,nem,NSW1
2017-10-08 05:35:00,4563.0,coal_black,MW,nem,NSW1
2017-10-08 05:40:00,4459.0,coal_black,MW,nem,NSW1
2017-10-08 05:45:00,4436.0,coal_black,MW,nem,NSW1
2017-10-08 05:50:00,4432.0,coal_black,MW,nem,NSW1
2017-10-08 05:55:00,4489.0,coal_black,MW,nem,NSW1
2017-10-08 06:00:00,4553.0,coal_black,MW,nem,NSW1
2017-10-08 06:05:00,4683.0,coal_black,MW,nem,NSW1
2017-10-08 06:10:00,4605.0,coal_black,MW,nem,NSW1
2017-10-08 06:15:00,4555.0,coal_black,MW,nem,NSW1
2017-10-08 06:20:00,4544.0,coal_black,MW,nem,NSW1
2017-10-08 06:25:00,4558.0,coal_black,MW,nem,NSW1
2017-10-08 06:30:00,4560.0,coal_black,MW,nem,NSW1
2017-10-08 06:35:00,4639.0,coal_black,MW,nem,NSW1
2017-10-08 06:40:00,4660.0,coal_black,MW,nem,NSW1
2017-10-08 06:45:00,4653.0,coal_black,MW,nem,NSW1
2017-10-08 06:50:00,4655.0,coal_black,MW,nem,NSW1
2017-10-08 06:55:00,4589.0,coal_black,MW,nem,NSW1
2017-10-08 07:00:00,4576.0,coal_black,MW,nem,NSW1
2017-10-08 07:05:00,4657.0,coal_black,MW,nem,NSW1
2017-10-08 07:10:00,4656.0,coal_black,MW,nem,NSW1
2017-10-08 07:15:00,4699.0,coal_black,MW,nem,NSW1
2017-10-08 07:20:00,4688.0,coal_black,MW,nem,NSW1
2017-10-08 07:25:00,4694.0,coal_black,MW,nem,NSW1
2017-10-08 07:30:00,4678.0,coal_black,MW,nem,NSW1
2017-10-08 07:35:00,4708.0,coal_black,MW,nem,NSW1
2017-10-08 07:40:00,4739.0,coal_black,MW,nem,NSW1
2017-10-08 07:45:00,4792.0,coal_black,MW,nem,NSW1
2017-10-08 07:50:00,4823.0,coal_black,MW,nem,NSW1
2017-10-08 07:55:00,4855.0,coal_black,MW,nem,NSW1
2017-10-08 08:00:00,4908.0,coal_black,MW,nem,NSW1
2017-10-08 08:05:00,4979.0,coal_black,MW,nem,NSW1
2017-10-08 08:10:00,4963.0,coal_black,MW,nem,NSW1
2017-10-08 08:15:00,4973.0,coal_black,MW,nem,NSW1
2017-10-08 08:20:00,4970.0,coal_black,MW,nem,NSW1
2017-10-08 08:25:00,4985.0,coal_black,MW,nem,NSW1
2017-10-08 08:30:00,4980.0,coal_black,MW,nem,NSW1
2017-10-08 08:35:00,5039.0,coal_black,MW,nem,NSW1
2017-10-08 08:40:00,5048.0,coal_black,MW,nem,NSW1
2017-10-08 08:45:00,5061.0,coal_black,MW,nem,NSW1
2017-10-08 08:50:00,5048.0,coal_black,MW,nem,NSW1
2017-10-08 08:55:00,5060.0,coal_black,MW,nem,NSW1
2017-10-08 09:00:00,5125.0,coal_black,MW,nem,NSW1
2017-10-08 09:05:00,5084.0,coal_black,MW,nem,NSW1
2017-10-08 09:10:00,5077.0,coal_black,MW,nem,NSW1
2017-10-08 09:15:00,5118.0,coal_black,MW,nem,NSW1
2017-10-08 09:20:00,5115.0,coal_black,MW,nem,NSW1
2017-10-08 09:25:00,5105.0,coal_black,MW,nem,NSW1
2017-10-08 09:30:00,5146.0,coal_black,MW,nem,NSW1
2017-10-08 09:35:00,5113.0,coal_black,MW,nem,NSW1
2017-10-08 09:40:00,5218.0,coal_black,MW,nem,NSW1
2017-10-08 09:45:00,5297.0,coal_black,MW,nem,NSW1
2017-10-08 09:50:00,5276.0,coal_black,MW,nem,NSW1
2017-10-08 09:55:00,5283.0,coal_black,MW,nem,NSW1
2017-10-08 10:00:00,5316.0,coal_black,MW,nem,NSW1
2017-10-08 10:05:00,5295.0,coal_black,MW,nem,NSW1
2017-10-08 10:10:00,5252.0,coal_black,MW,nem,NSW1
2017-10-08 10:15:00,5272.0,coal_black,MW,nem,NSW1
2017-10-08 10:20:00,5292.0,coal_black,MW,nem,NSW1
2017-10-08 10:25:00,5231.0,coal_black,MW,nem,NSW1
2017-10-08 10:30:00,5204.0,coal_black,MW,nem,NSW1
2017-10-08 10:35:00,5161.0,coal_black,MW,nem,NSW1
2017-10-08 10:40:00,5136.0,coal_black,MW,nem,NSW1
2017-10-08 10:45:00,5144.0,coal_black,MW,nem,NSW1
2017-10-08 10:50:00,5132.0,coal_black,MW,nem,NSW1
2017-10-08 10:55:00,5142.0,coal_black,MW,nem,NSW1
2017-10-08 11:00:00,5155.0,coal_black,MW,nem,NSW1
2017-10-08 11:05:00,5067.0,coal_black,MW,nem,NSW1
2017-10-08 11:10:00,5037.0,coal_black,MW,nem,NSW1
2017-10-08 11:15:00,5000.0,coal_black,MW,nem,NSW1
2017-10-08 11:20:00,4947.0,coal_black,MW,nem,NSW1
2017-10-08 11:25:00,4934.0,coal_black,MW,nem,NSW1
2017-10-08 11:30:00,4854.0,coal_black,MW,nem,NSW1
2017-10-08 11:35:00,4901.0,coal_black,MW,nem,NSW1
2017-10-08 11:40:00,4869.0,coal_black,MW,nem,NSW1
2017-10-08 11:45:00,4910.0,coal_black,MW,nem,NSW1
2017-10-08 11:50:00,4959.0,coal_black,MW,nem,NSW1
2017-10-08 11:55:00,4991.0,coal_black,MW,nem,NSW1
2017-10-08 12:00:00,4960.0,coal_black,MW,nem,NSW1
2017-10-08 12:05:00,4926.0,coal_black,MW,nem,NSW1
2017-10-08 12:10:00,5058.0,coal_black,MW,nem,NSW1
2017-10-08 12:15:00,5092.0,coal_black,MW,nem,NSW1
2017-10-08 12:20:00,5123.0,coal_black,MW,nem,NSW1
2017-10-08 12:25:00,5175.0,coal_black,MW,nem,NSW1
2017-10-08 12:30:00,5207.0,coal_black,MW,nem,NSW1
2017-10-08 12:35:00,5229.0,coal_black,MW,nem,NSW1
2017-10-08 12:40:00,5117.0,coal_black,MW,nem,NSW1
2017-10-08 12:45:00,5131.0,coal_black,MW,nem,NSW1
2017-10-08 12:50:00,5155.0,coal_black,MW,nem,NSW1
2017-10-08 12:55:00,5148.0,coal_black,MW,nem,NSW1
2017-10-08 13:00:00,5149.0,coal_black,MW,nem,NSW1
2017-10-08 13:05:00,5095.0,coal_black,MW,nem,NSW1
2017-10-08 13:10:00,5035.0,coal_black,MW,nem,NSW1
2017-10-08 13:15:00,5041.0,coal_black,MW,nem,NSW1
2017-10-08 13:20:00,5054.0,coal_black,MW,nem,NSW1
2017-10-08 13:25:00,5108.0,coal_black,MW,nem,NSW1
2017-10-08 13:30:00,5077.0,coal_black,MW,nem,NSW1
2017-10-08 13:35:00,5079.0,coal_black,MW,nem,NSW1
2017-10-08 13:40:00,5084.0,coal_black,MW,nem,NSW1
2017-10-08 13:45:00,5182.0,coal_black,MW,nem,NSW1
2017-10-08 13:50:00,5253.0,coal_black,MW,nem,NSW1
2017-10-08 13:55:00,5338.0,coal_black,MW,nem,NSW1
2017-10-08 14:00:00,5267.0,coal_black,MW,nem,NSW1
2017-10-08 14:05:00,5239.0,coal_black,MW,nem,NSW1
2017-10-08 14:10:00,5274.0,coal_black,MW,nem,NSW1
2017-10-08 14:15:00,5242.0,coal_black,MW,nem,NSW1
2017-10-08 14:20:00,5171.0,coal_black,MW,nem,NSW1
2017-10-08 14:25:00,5167.0,coal_black,MW,nem,NSW1
2017-10-08 14:30:00,5114.0,coal_black,MW,nem,NSW1
2017-10-08 14:35:00,5171.0,coal_black,MW,nem,NSW1
2017-10-08 14:40:00,5203.0,coal_black,MW,nem,NSW1
2017-10-08 14:45:00,5195.0,coal_black,MW,nem,NSW1
2017-10-08 14:50:00,5273.0,coal_black,MW,nem,NSW1
2017-10-08 14:55:00,5332.0,coal_black,MW,nem,NSW1
2017-10-08 15:00:00,5379.0,coal_black,MW,nem,NSW1
2017-10-08 15:05:00,5420.0,coal_black,MW,nem,NSW1
2017-10-08 15:10:00,5386.0,coal_black,MW,nem,NSW1
2017-10-08 15:15:00,5397.0,coal_black,MW,nem,NSW1
2017-10-08 15:20:00,5503.0,coal_black,MW,nem,NSW1
2017-10-08 15:25:00,5417.0,coal_black,MW,nem,NSW1
2017-10-08 15:30:00,5373.0,coal_black,MW,nem,NSW1
2017-10-08 15:35:00,5333.0,coal_black,MW,nem,NSW1
2017-10-08 15:40:00,5323.0,coal_black,MW,nem,NSW1
2017-10-08 15:45:00,5350.0,coal_black,MW,nem,NSW1
2017-10-08 15:50:00,5383.0,coal_black,MW,nem,NSW1
2017-10-08 15:55:00,5466.0,coal_black,MW,nem,NSW1
2017-10-08 16:00:00,5533.0,coal_black,MW,nem,NSW1
2017-10-08 16:05:00,5550.0,coal_black,MW,nem,NSW1
2017-10-08 16:10:00,5554.0,coal_black,MW,nem,NSW1
2017-10-08 16:15:00,5563.0,coal_black,MW,nem,NSW1
2017-10-08 16:20:00,5642.0,coal_black,MW,nem,NSW1
2017-10-08 16:25:00,5740.0,coal_black,MW,nem,NSW1
2017-10-08 16:30:00,5799.0,coal_black,MW,nem,NSW1
2017-10-08 16:35:00,5871.0,coal_black,MW,nem,NSW1
2017-10-08 16:40:00,5950.0,coal_black,MW,nem,NSW1
2017-10-08 16:45:00,5924.0,coal_black,MW,nem,NSW1
2017-10-08 16:50:00,6002.0,coal_black,MW,nem,NSW1
2017-10-08 16:55:00,6054.0,coal_black,MW,nem,NSW1
2017-10-08 17:00:00,6075.0,coal_black,MW,nem,NSW1
2017-10-08 17:05:00,6171.0,coal_black,MW,nem,NSW1
2017-10-08 17:10:00,6279.0,coal_black,MW,nem,NSW1
2017-10-08 17:15:00,6323.0,coal_black,MW,nem,NSW1
2017-10-08 17:20:00,6343.0,coal_black,MW,nem,NSW1
2017-10-08 17:25:00,6307.0,coal_black,MW,nem,NSW1
2017-10-08 17:30:00,6357.0,coal_black,MW,nem,NSW1
2017-10-08 17:35:00,6417.0,coal_black,MW,nem,NSW1
2017-10-08 17:40:00,6457.0,coal_black,MW,nem,NSW1
2017-10-08 17:45:00,6505.0,coal_black,MW,nem,NSW1
2017-10-08 17:50:00,6533.0,coal_black,MW,nem,NSW1
2017-10-08 17:55:00,6579.0,coal_black,MW,nem,NSW1
2017-10-08 18:00:00,6635.0,coal_black,MW,nem,NSW1
2017-10-08 18:05:00,6606.0,coal_black,MW,nem,NSW1
2017-10-08 18:10:00,6617.0,coal_black,MW,nem,NSW1
2017-10-08 18:15:00,6635.0,coal_black,MW,nem,NSW1
2017-10-08 18:20:00,6686.0,coal_black,MW,nem,NSW1
2017-10-08 18:25:00,6692.0,coal_black,MW,nem,NSW1
2017-10-08 18:30:00,6664.0,coal_black,MW,nem,NSW1
2017-10-08 18:35:00,6729.0,coal_black,MW,nem,NSW1
2017-10-08 18:40:00,6750.0,coal_black,MW,nem,NSW1
2017-10-08 18:45:00,6722.0,coal_black,MW,nem,NSW1
2017-10-08 18:50:00,6755.0,coal_black,MW,nem,NSW1
2017-10-08 18:55:00,6775.0,coal_black,MW,nem,NSW1
2017-10-08 19:00:00,6796.0,coal_black,MW,nem,NSW1
2017-10-08 19:05:00,6792.0,coal_black,MW,nem,NSW1
2017-10-08 19:10:00,6844.0,coal_black,MW,nem,NSW1
2017-10-08 19:15:00,6860.0,coal_black,MW,nem,NSW1
2017-10-08 19:20:00,6812.0,coal_black,MW,nem,NSW1
2017-10-08 19:25:00,6808.0,coal_black,MW,nem,NSW1
2017-10-08 19:30:00,6797.0,coal_black,MW,nem,NSW1
2017-10-08 19:35:00,6767.0,coal_black,MW,nem,NSW1
2017-10-08 19:40:00,6766.0,coal_black,MW,nem,NSW1
2017-10-08 19:45:00,6648.0,coal_black,MW,nem,NSW1
2017-10-08 19:50:00,6578.0,coal_black,MW,nem,NSW1
2017-10-08 19:55:00,6507.0,coal_black,MW,nem,NSW1
2017-10-08 20:00:00,6491.0,coal_black,MW,nem,NSW1
2017-10-08 20:05:00,6450.0,coal_black,MW,nem,NSW1
2017-10-08 20:10:00,6439.0,coal_black,MW,nem,NSW1
2017-10-08 20:15:00,6384.0,coal_black,MW,nem,NSW1
2017-10-08 20:20:00,6327.0,coal_black,MW,nem,NSW1
2017-10-08 20:25:00,6211.0,coal_black,MW,nem,NSW1
2017-10-08 20:30:00,6157.0,coal_black,MW,nem,NSW1
2017-10-08 20:35:00,6033.0,coal_black,MW,nem,NSW1
2017-10-08 20:40:00,6020.0,coal_black,MW,nem,NSW1
2017-10-08 20:45:00,6011.0,coal_black,MW,nem,NSW1
2017-10-08 20:50:00,5970.0,coal_black,MW,nem,NSW1
2017-10-08 20:55:00,5938.0,coal_black,MW,nem,NSW1
2017-10-08 21:00:00,5848.0,coal_black,MW,nem,NSW1
2017-10-08 21:05:00,5761.0,coal_black,MW,nem,NSW1
2017-10-08 21:10:00,5763.0,coal_black,MW,nem,NSW1
2017-10-08 21:15:00,5850.0,coal_black,MW,nem,NSW1
2017-10-08 21:20:00,5897.0,coal_black,MW,nem,NSW1
2017-10-08 21:25:00,5823.0,coal_black,MW,nem,NSW1
2017-10-08 21:30:00,5816.0,coal_black,MW,nem,NSW1
2017-10-08 21:35:00,5738.0,coal_black,MW,nem,NSW1
2017-10-08 21:40:00,5738.0,coal_black,MW,nem,NSW1
2017-10-08 21:45:00,5715.0,coal_black,MW,nem,NSW1
2017-10-08 21:50:00,5672.0,coal_black,MW,nem,NSW1
2017-10-08 21:55:00,5677.0,coal_black,MW,nem,NSW1
2017-10-08 22:00:00,5633.0,coal_black,MW,nem,NSW1
2017-10-08 22:05:00,5560.0,coal_black,MW,nem,NSW1
2017-10-08 22:10:00,5662.0,coal_black,MW,nem,NSW1
2017-10-08 22:15:00,5771.0,coal_black,MW,nem,NSW1
2017-10-08 22:20:00,5779.0,coal_black,MW,nem,NSW1
2017-10-08 22:25:00,5832.0,coal_black,MW,nem,NSW1
2017-10-08 22:30:00,5828.0,coal_black,MW,nem,NSW1
2017-10-08 22:35:00,5813.0,coal_black,MW,nem,NSW1
2017-10-08 22:40:00,5828.0,coal_black,MW,nem,NSW1
2017-10-08 22:45:00,5831.0,coal_black,MW,nem,NSW1
2017-10-08 22:50:00,5757.0,coal_black,MW,nem,NSW1
2017-10-08 22:55:00,5690.0,coal_black,MW,nem,NSW1
2017-10-08 23:00:00,5550.0,coal_black,MW,nem,NSW1
2017-10-08 23:05:00,5501.0,coal_black,MW,nem,NSW1
2017-10-08 23:10:00,5569.0,coal_black,MW,nem,NSW1
2017-10-08 23:15:00,5598.0,coal_black,MW,nem,NSW1
2017-10-08 23:20:00,5601.0,coal_black,MW,nem,NSW1
2017-10-08 23:25:00,5493.0,coal_black,MW,nem,NSW1
2017-10-08 23:30:00,5476.0,coal_black,MW,nem,NSW1
2017-10-08 23:35:00,5426.0,coal_black,MW,nem,NSW1
2017-10-08 23:40:00,5445.0,coal_black,MW,nem,NSW1
2017-10-08 23:45:00,5427.0,coal_black,MW,nem,NSW1
2017-10-08 23:50:00,5404.0,coal_black,MW,nem,NSW1
2017-10-08 23:55:00,5283.0,coal_black,MW,nem,NSW1
2017-10-09 00:00:00,5182.0,coal_black,MW,nem,NSW1
2017-10-09 00:05:00,5060.0,coal_black,MW,nem,NSW1
2017-10-09 00:10:00,5066.0,coal_black,MW,nem,NSW1
2017-10-09 00:15:00,5014.0,coal_black,MW,nem,NSW1
2017-10-09 00:20:00,4977.0,coal_black,MW,nem,NSW1
2017-10-09 00:25:00,4888.0,coal_black,MW,nem,NSW1
2017-10-09 00:30:00,4841.0,coal_black,MW,nem,NSW1
2017-10-09 00:35:00,4775.0,coal_black,MW,nem,NSW1
2017-10-09 00:40:00,4818.0,coal_black,MW,nem,NSW1
2017-10-09 00:45:00,4868.0,coal_black,MW,nem,NSW1
2017-10-09 00:50:00,4838.0,coal_black,MW,nem,NSW1
2017-10-09 00:55:00,4799.0,coal_black,MW,nem,NSW1
2017-10-09 01:00:00,4703.0,coal_black,MW,nem,NSW1
2017-10-09 01:05:00,4602.0,coal_black,MW,nem,NSW1
2017-10-09 01:10:00,4504.0,coal_black,MW,nem,NSW1
2017-10-09 01:15:00,4464.0,coal_black,MW,nem,NSW1
2017-10-09 01:20:00,4455.0,coal_black,MW,nem,NSW1
2017-10-09 01:25:00,4433.0,coal_black,MW,nem,NSW1
2017-10-09 01:30:00,4330.0,coal_black,MW,nem,NSW1
2017-10-09 01:35:00,4276.0,coal_black,MW,nem,NSW1
2017-10-09 01:40:00,4242.0,coal_black,MW,nem,NSW1
2017-10-09 01:45:00,4249.0,coal_black,MW,nem,NSW1
2017-10-09 01:50:00,4239.0,coal_black,MW,nem,NSW1
2017-10-09 01:55:00,4156.0,coal_black,MW,nem,NSW1
2017-10-09 02:00:00,4050.0,coal_black,MW,nem,NSW1
2017-10-09 02:05:00,3990.0,coal_black,MW,nem,NSW1
2017-10-09 02:10:00,4002.0,coal_black,MW,nem,NSW1
2017-10-09 02:15:00,3962.0,coal_black,MW,nem,NSW1
2017-10-09 02:20:00,3927.0,coal_black,MW,nem,NSW1
2017-10-09 02:25:00,3902.0,coal_black,MW,nem,NSW1
2017-10-09 02:30:00,3853.0,coal_black,MW,nem,NSW1
2017-10-09 02:35:00,3836.0,coal_black,MW,nem,NSW1
2017-10-09 02:40:00,3821.0,coal_black,MW,nem,NSW1
2017-10-09 02:45:00,3924.0,coal_black,MW,nem,NSW1
2017-10-09 02:50:00,3926.0,coal_black,MW,nem,NSW1
2017-10-09 02:55:00,3849.0,coal_black,MW,nem,NSW1
2017-10-09 03:00:00,3808.0,coal_black,MW,nem,NSW1
2017-10-09 03:05:00,3777.0,coal_black,MW,nem,NSW1
2017-10-09 03:10:00,3831.0,coal_black,MW,nem,NSW1
2017-10-09 03:15:00,3876.0,coal_black,MW,nem,NSW1
2017-10-09 03:20:00,3880.0,coal_black,MW,nem,NSW1
2017-10-09 03:25:00,3953.0,coal_black,MW,nem,NSW1
2017-10-09 03:30:00,3933.0,coal_black,MW,nem,NSW1
2017-10-09 03:35:00,3898.0,coal_black,MW,nem,NSW1
2017-10-09 03:40:00,3944.0,coal_black,MW,nem,NSW1
2017-10-09 03:45:00,4014.0,coal_black,MW,nem,NSW1
2017-10-09 03:50:00,4062.0,coal_black,MW,nem,NSW1
2017-10-09 03:55:00,4137.0,coal_black,MW,nem,NSW1
2017-10-09 04:00:00,4171.0,coal_black,MW,nem,NSW1
2017-10-09 04:05:00,4179.0,coal_black,MW,nem,NSW1
2017-10-09 04:10:00,4132.0,coal_black,MW,nem,NSW1
2017-10-09 04:15:00,4168.0,coal_black,MW,nem,NSW1
2017-10-09 04:20:00,4269.0,coal_black,MW,nem,NSW1
2017-10-09 04:25:00,4282.0,coal_black,MW,nem,NSW1
2017-10-09 04:30:00,4263.0,coal_black,MW,nem,NSW1
2017-10-09 04:35:00,4239.0,coal_black,MW,nem,NSW1
2017-10-09 04:40:00,4370.0,coal_black,MW,nem,NSW1
2017-10-09 04:45:00,4480.0,coal_black,MW,nem,NSW1
2017-10-09 04:50:00,4562.0,coal_black,MW,nem,NSW1
2017-10-09 04:55:00,4539.0,coal_black,MW,nem,NSW1
2017-10-09 05:00:00,4698.0,coal_black,MW,nem,NSW1
2017-10-09 05:05:00,4855.0,coal_black,MW,nem,NSW1
2017-10-09 05:10:00,4992.0,coal_black,MW,nem,NSW1
2017-10-09 05:15:00,5123.0,coal_black,MW,nem,NSW1
2017-10-09 05:20:00,5148.0,coal_black,MW,nem,NSW1
2017-10-09 05:25:00,5208.0,coal_black,MW,nem,NSW1
2017-10-09 05:30:00,5363.0,coal_black,MW,nem,NSW1
2017-10-09 05:35:00,5492.0,coal_black,MW,nem,NSW1
2017-10-09 05:40:00,5555.0,coal_black,MW,nem,NSW1
2017-10-09 05:45:00,5677.0,coal_black,MW,nem,NSW1
2017-10-09 05:50:00,5759.0,coal_black,MW,nem,NSW1
2017-10-09 05:55:00,5865.0,coal_black,MW,nem,NSW1
2017-10-09 06:00:00,5906.0,coal_black,MW,nem,NSW1
2017-10-09 06:05:00,6031.0,coal_black,MW,nem,NSW1
2017-10-09 06:10:00,6141.0,coal_black,MW,nem,NSW1
2017-10-09 06:15:00,6268.0,coal_black,MW,nem,NSW1
2017-10-09 06:20:00,6339.0,coal_black,MW,nem,NSW1
2017-10-09 06:25:00,6398.0,coal_black,MW,nem,NSW1
2017-10-09 06:30:00,6431.0,coal_black,MW,nem,NSW1
2017-10-09 06:35:00,6415.0,coal_black,MW,nem,NSW1
2017-10-09 06:40:00,6501.0,coal_black,MW,nem,NSW1
2017-10-09 06:45:00,6579.0,coal_black,MW,nem,NSW1
2017-10-09 06:50:00,6621.0,coal_black,MW,nem,NSW1
2017-10-09 06:55:00,6602.0,coal_black,MW,nem,NSW1
2017-10-09 07:00:00,6640.0,coal_black,MW,nem,NSW1
2017-10-09 07:05:00,6679.0,coal_black,MW,nem,NSW1
2017-10-09 07:10:00,6623.0,coal_black,MW,nem,NSW1
2017-10-09 07:15:00,6661.0,coal_black,MW,nem,NSW1
2017-10-09 07:20:00,6627.0,coal_black,MW,nem,NSW1
2017-10-09 07:25:00,6629.0,coal_black,MW,nem,NSW1
2017-10-09 07:30:00,6645.0,coal_black,MW,nem,NSW1
2017-10-09 07:35:00,6653.0,coal_black,MW,nem,NSW1
2017-10-09 07:40:00,6686.0,coal_black,MW,nem,NSW1
2017-10-09 07:45:00,6741.0,coal_black,MW,nem,NSW1
2017-10-09 07:50:00,6792.0,coal_black,MW,nem,NSW1
2017-10-09 07:55:00,6726.0,coal_black,MW,nem,NSW1
2017-10-09 08:00:00,6694.0,coal_black,MW,nem,NSW1
2017-10-09 08:05:00,6656.0,coal_black,MW,nem,NSW1
2017-10-09 08:10:00,6685.0,coal_black,MW,nem,NSW1
2017-10-09 08:15:00,6639.0,coal_black,MW,nem,NSW1
2017-10-09 08:20:00,6625.0,coal_black,MW,nem,NSW1
2017-10-09 08:25:00,6647.0,coal_black,MW,nem,NSW1
2017-10-09 08:30:00,6617.0,coal_black,MW,nem,NSW1
2017-10-09 08:35:00,6589.0,coal_black,MW,nem,NSW1
2017-10-09 08:40:00,6509.0,coal_black,MW,nem,NSW1
2017-10-09 08:45:00,6496.0,coal_black,MW,nem,NSW1
2017-10-09 08:50:00,6577.0,coal_black,MW,nem,NSW1
2017-10-09 08:55:00,6596.0,coal_black,MW,nem,NSW1
2017-10-09 09:00:00,6529.0,coal_black,MW,nem,NSW1
2017-10-09 09:05:00,6504.0,coal_black,MW,nem,NSW1
2017-10-09 09:10:00,6558.0,coal_black,MW,nem,NSW1
2017-10-09 09:15:00,6404.0,coal_black,MW,nem,NSW1
2017-10-09 09:20:00,6306.0,coal_black,MW,nem,NSW1
2017-10-09 09:25:00,6294.0,coal_black,MW,nem,NSW1
2017-10-09 09:30:00,6299.0,coal_black,MW,nem,NSW1
2017-10-09 09:35:00,6326.0,coal_black,MW,nem,NSW1
2017-10-09 09:40:00,6344.0,coal_black,MW,nem,NSW1
2017-10-09 09:45:00,6272.0,coal_black,MW,nem,NSW1
2017-10-09 09:50:00,6246.0,coal_black,MW,nem,NSW1
2017-10-09 09:55:00,6226.0,coal_black,MW,nem,NSW1
2017-10-09 10:00:00,6219.0,coal_black,MW,nem,NSW1
2017-10-09 10:05:00,6211.0,coal_black,MW,nem,NSW1
2017-10-09 10:10:00,6179.0,coal_black,MW,nem,NSW1
2017-10-09 10:15:00,6066.0,coal_black,MW,nem,NSW1
2017-10-09 10:20:00,5879.0,coal_black,MW,nem,NSW1
2017-10-09 10:25:00,5914.0,coal_black,MW,nem,NSW1
2017-10-09 10:30:00,6005.0,coal_black,MW,nem,NSW1
2017-10-09 10:35:00,6086.0,coal_black,MW,nem,NSW1
2017-10-09 10:40:00,6140.0,coal_black,MW,nem,NSW1
2017-10-09 10:45:00,6097.0,coal_black,MW,nem,NSW1
2017-10-09 10:50:00,6138.0,coal_black,MW,nem,NSW1
2017-10-09 10:55:00,6263.0,coal_black,MW,nem,NSW1
2017-10-09 11:00:00,6343.0,coal_black,MW,nem,NSW1
2017-10-09 11:05:00,6289.0,coal_black,MW,nem,NSW1
2017-10-09 11:10:00,6294.0,coal_black,MW,nem,NSW1
2017-10-09 11:15:00,6185.0,coal_black,MW,nem,NSW1
2017-10-09 11:20:00,6167.0,coal_black,MW,nem,NSW1
2017-10-09 11:25:00,6216.0,coal_black,MW,nem,NSW1
2017-10-09 11:30:00,6205.0,coal_black,MW,nem,NSW1
2017-10-09 11:35:00,6214.0,coal_black,MW,nem,NSW1
2017-10-09 11:40:00,6223.0,coal_black,MW,nem,NSW1
2017-10-09 11:45:00,6236.0,coal_black,MW,nem,NSW1
2017-10-09 11:50:00,6165.0,coal_black,MW,nem,NSW1
2017-10-09 11:55:00,6178.0,coal_black,MW,nem,NSW1
2017-10-09 12:00:00,6245.0,coal_black,MW,nem,NSW1
2017-10-09 12:05:00,6240.0,coal_black,MW,nem,NSW1
2017-10-09 12:10:00,6320.0,coal_black,MW,nem,NSW1
2017-10-09 12:15:00,6343.0,coal_black,MW,nem,NSW1
2017-10-09 12:20:00,6317.0,coal_black,MW,nem,NSW1
2017-10-09 12:25:00,6291.0,coal_black,MW,nem,NSW1
2017-10-09 12:30:00,6287.0,coal_black,MW,nem,NSW1
2017-10-09 12:35:00,6383.0,coal_black,MW,nem,NSW1
2017-10-09 12:40:00,6505.0,coal_black,MW,nem,NSW1
2017-10-09 12:45:00,6606.0,coal_black,MW,nem,NSW1
2017-10-09 12:50:00,6582.0,coal_black,MW,nem,NSW1
2017-10-09 12:55:00,6521.0,coal_black,MW,nem,NSW1
2017-10-09 13:00:00,6471.0,coal_black,MW,nem,NSW1
2017-10-09 13:05:00,6558.0,coal_black,MW,nem,NSW1
2017-10-09 13:10:00,6658.0,coal_black,MW,nem,NSW1
2017-10-09 13:15:00,6749.0,coal_black,MW,nem,NSW1
2017-10-09 13:20:00,6749.0,coal_black,MW,nem,NSW1
2017-10-09 13:25:00,6824.0,coal_black,MW,nem,NSW1
2017-10-09 13:30:00,6788.0,coal_black,MW,nem,NSW1
2017-10-09 13:35:00,6812.0,coal_black,MW,nem,NSW1
2017-10-09 13:40:00,6857.0,coal_black,MW,nem,NSW1
2017-10-09 13:45:00,6846.0,coal_black,MW,nem,NSW1
2017-10-09 13:50:00,6876.0,coal_black,MW,nem,NSW1
2017-10-09 13:55:00,6973.0,coal_black,MW,nem,NSW1
2017-10-09 14:00:00,7030.0,coal_black,MW,nem,NSW1
2017-10-09 14:05:00,7058.0,coal_black,MW,nem,NSW1
2017-10-09 14:10:00,7069.0,coal_black,MW,nem,NSW1
2017-10-09 14:15:00,7058.0,coal_black,MW,nem,NSW1
2017-10-09 14:20:00,7063.0,coal_black,MW,nem,NSW1
2017-10-09 14:25:00,7007.0,coal_black,MW,nem,NSW1
2017-10-09 14:30:00,6971.0,coal_black,MW,nem,NSW1
2017-10-09 14:35:00,6935.0,coal_black,MW,nem,NSW1
2017-10-09 14:40:00,6925.0,coal_black,MW,nem,NSW1
2017-10-09 14:45:00,6946.0,coal_black,MW,nem,NSW1
2017-10-09 14:50:00,6947.0,coal_black,MW,nem,NSW1
2017-10-09 14:55:00,6965.0,coal_black,MW,nem,NSW1
2017-10-09 15:00:00,7001.0,coal_black,MW,nem,NSW1
2017-10-09 15:05:00,7045.0,coal_black,MW,nem,NSW1
2017-10-09 15:10:00,7045.0,coal_black,MW,nem,NSW1
2017-10-09 15:15:00,7034.0,coal_black,MW,nem,NSW1
2017-10-09 15:20:00,6964.0,coal_black,MW,nem,NSW1
2017-10-09 15:25:00,6998.0,coal_black,MW,nem,NSW1
2017-10-09 15:30:00,7048.0,coal_black,MW,nem,NSW1
2017-10-09 15:35:00,7093.0,coal_black,MW,nem,NSW1
2017-10-09 15:40:00,7028.0,coal_black,MW,nem,NSW1
2017-10-09 15:45:00,7092.0,coal_black,MW,nem,NSW1
2017-10-09 15:50:00,7078.0,coal_black,MW,nem,NSW1
2017-10-09 15:55:00,7087.0,coal_black,MW,nem,NSW1
2017-10-09 16:00:00,7157.0,coal_black,MW,nem,NSW1
2017-10-09 16:05:00,7107.0,coal_black,MW,nem,NSW1
2017-10-09 16:10:00,7130.0,coal_black,MW,nem,NSW1
2017-10-09 16:15:00,7193.0,coal_black,MW,nem,NSW1
2017-10-09 16:20:00,7170.0,coal_black,MW,nem,NSW1
2017-10-09 16:25:00,7148.0,coal_black,MW,nem,NSW1
2017-10-09 16:30:00,7187.0,coal_black,MW,nem,NSW1
2017-10-09 16:35:00,7215.0,coal_black,MW,nem,NSW1
2017-10-09 16:40:00,7179.0,coal_black,MW,nem,NSW1
2017-10-09 16:45:00,7207.0,coal_black,MW,nem,NSW1
2017-10-09 16:50:00,7180.0,coal_black,MW,nem,NSW1
2017-10-09 16:55:00,7255.0,coal_black,MW,nem,NSW1
2017-10-09 17:00:00,7252.0,coal_black,MW,nem,NSW1
2017-10-09 17:05:00,7198.0,coal_black,MW,nem,NSW1
2017-10-09 17:10:00,7159.0,coal_black,MW,nem,NSW1
2017-10-09 17:15:00,7179.0,coal_black,MW,nem,NSW1
2017-10-09 17:20:00,7223.0,coal_black,MW,nem,NSW1
2017-10-09 17:25:00,7268.0,coal_black,MW,nem,NSW1
2017-10-09 17:30:00,7283.0,coal_black,MW,nem,NSW1
2017-10-09 17:35:00,7245.0,coal_black,MW,nem,NSW1
2017-10-09 17:40:00,7186.0,coal_black,MW,nem,NSW1
2017-10-09 17:45:00,7176.0,coal_black,MW,nem,NSW1
2017-10-09 17:50:00,7197.0,coal_black,MW,nem,NSW1
2017-10-09 17:55:00,7204.0,coal_black,MW,nem,NSW1
2017-10-09 18:00:00,7223.0,coal_black,MW,nem,NSW1
2017-10-09 18:05:00,7231.0,coal_black,MW,nem,NSW1
2017-10-09 18:10:00,7234.0,coal_black,MW,nem,NSW1
2017-10-09 18:15:00,7275.0,coal_black,MW,nem,NSW1
2017-10-09 18:20:00,7205.0,coal_black,MW,nem,NSW1
2017-10-09 18:25:00,7300.0,coal_black,MW,nem,NSW1
2017-10-09 18:30:00,7260.0,coal_black,MW,nem,NSW1
2017-10-09 18:35:00,7278.0,coal_black,MW,nem,NSW1
2017-10-09 18:40:00,7283.0,coal_black,MW,nem,NSW1
2017-10-09 18:45:00,7309.0,coal_black,MW,nem,NSW1
2017-10-09 18:50:00,7324.0,coal_black,MW,nem,NSW1
2017-10-09 18:55:00,7311.0,coal_black,MW,nem,NSW1
2017-10-09 19:00:00,7248.0,coal_black,MW,nem,NSW1
2017-10-09 19:05:00,7245.0,coal_black,MW,nem,NSW1
2017-10-09 19:10:00,7301.0,coal_black,MW,nem,NSW1
2017-10-09 19:15:00,7257.0,coal_black,MW,nem,NSW1
2017-10-09 19:20:00,7265.0,coal_black,MW,nem,NSW1
2017-10-09 19:25:00,7249.0,coal_black,MW,nem,NSW1
2017-10-09 19:30:00,7287.0,coal_black,MW,nem,NSW1
2017-10-09 19:35:00,7306.0,coal_black,MW,nem,NSW1
2017-10-09 19:40:00,7348.0,coal_black,MW,nem,NSW1
2017-10-09 19:45:00,7324.0,coal_black,MW,nem,NSW1
2017-10-09 19:50:00,7263.0,coal_black,MW,nem,NSW1
2017-10-09 19:55:00,7335.0,coal_black,MW,nem,NSW1
2017-10-09 20:00:00,7386.0,coal_black,MW,nem,NSW1
2017-10-09 20:05:00,7345.0,coal_black,MW,nem,NSW1
2017-10-09 20:10:00,7266.0,coal_black,MW,nem,NSW1
2017-10-09 20:15:00,7167.0,coal_black,MW,nem,NSW1
2017-10-09 20:20:00,7086.0,coal_black,MW,nem,NSW1
2017-10-09 20:25:00,6928.0,coal_black,MW,nem,NSW1
2017-10-09 20:30:00,6800.0,coal_black,MW,nem,NSW1
2017-10-09 20:35:00,6631.0,coal_black,MW,nem,NSW1
2017-10-09 20:40:00,6652.0,coal_black,MW,nem,NSW1
2017-10-09 20:45:00,6688.0,coal_black,MW,nem,NSW1
2017-10-09 20:50:00,6696.0,coal_black,MW,nem,NSW1
2017-10-09 20:55:00,6648.0,coal_black,MW,nem,NSW1
2017-10-09 21:00:00,6561.0,coal_black,MW,nem,NSW1
2017-10-09 21:05:00,6447.0,coal_black,MW,nem,NSW1
2017-10-09 21:10:00,6462.0,coal_black,MW,nem,NSW1
2017-10-09 21:15:00,6465.0,coal_black,MW,nem,NSW1
2017-10-09 21:20:00,6455.0,coal_black,MW,nem,NSW1
2017-10-09 21:25:00,6424.0,coal_black,MW,nem,NSW1
2017-10-09 21:30:00,6374.0,coal_black,MW,nem,NSW1
2017-10-09 21:35:00,6353.0,coal_black,MW,nem,NSW1
2017-10-09 21:40:00,6343.0,coal_black,MW,nem,NSW1
2017-10-09 21:45:00,6337.0,coal_black,MW,nem,NSW1
2017-10-09 21:50:00,6241.0,coal_black,MW,nem,NSW1
2017-10-09 21:55:00,6019.0,coal_black,MW,nem,NSW1
2017-10-09 22:00:00,5935.0,coal_black,MW,nem,NSW1
2017-10-09 22:05:00,5891.0,coal_black,MW,nem,NSW1
2017-10-09 22:10:00,6055.0,coal_black,MW,nem,NSW1
2017-10-09 22:15:00,6220.0,coal_black,MW,nem,NSW1
2017-10-09 22:20:00,6318.0,coal_black,MW,nem,NSW1
2017-10-09 22:25:00,6360.0,coal_black,MW,nem,NSW1
2017-10-09 22:30:00,6314.0,coal_black,MW,nem,NSW1
2017-10-09 22:35:00,6349.0,coal_black,MW,nem,NSW1
2017-10-09 22:40:00,6370.0,coal_black,MW,nem,NSW1
2017-10-09 22:45:00,6405.0,coal_black,MW,nem,NSW1
2017-10-09 22:50:00,6350.0,coal_black,MW,nem,NSW1
2017-10-09 22:55:00,6249.0,coal_black,MW,nem,NSW1
2017-10-09 23:00:00,6245.0,coal_black,MW,nem,NSW1
2017-10-09 23:05:00,6195.0,coal_black,MW,nem,NSW1
2017-10-09 23:10:00,6231.0,coal_black,MW,nem,NSW1
2017-10-09 23:15:00,6204.0,coal_black,MW,nem,NSW1
2017-10-09 23:20:00,6172.0,coal_black,MW,nem,NSW1
2017-10-09 23:25:00,6198.0,coal_black,MW,nem,NSW1
2017-10-09 23:30:00,6175.0,coal_black,MW,nem,NSW1
2017-10-09 23:35:00,6103.0,coal_black,MW,nem,NSW1
2017-10-09 23:40:00,6243.0,coal_black,MW,nem,NSW1
2017-10-09 23:45:00,6238.0,coal_black,MW,nem,NSW1
2017-10-09 23:50:00,6140.0,coal_black,MW,nem,NSW1
2017-10-09 23:55:00,6081.0,coal_black,MW,nem,NSW1
2017-10-10 00:00:00,6022.0,coal_black,MW,nem,NSW1
2017-10-10 00:05:00,5938.0,coal_black,MW,nem,NSW1
2017-10-10 00:10:00,5785.0,coal_black,MW,nem,NSW1
2017-10-10 00:15:00,5840.0,coal_black,MW,nem,NSW1
2017-10-10 00:20:00,5821.0,coal_black,MW,nem,NSW1
2017-10-10 00:25:00,5719.0,coal_black,MW,nem,NSW1
2017-10-10 00:30:00,5602.0,coal_black,MW,nem,NSW1
2017-10-10 00:35:00,5545.0,coal_black,MW,nem,NSW1
2017-10-10 00:40:00,5591.0,coal_black,MW,nem,NSW1
2017-10-10 00:45:00,5615.0,coal_black,MW,nem,NSW1
2017-10-10 00:50:00,5581.0,coal_black,MW,nem,NSW1
2017-10-10 00:55:00,5491.0,coal_black,MW,nem,NSW1
2017-10-10 01:00:00,5391.0,coal_black,MW,nem,NSW1
2017-10-10 01:05:00,5267.0,coal_black,MW,nem,NSW1
2017-10-10 01:10:00,5170.0,coal_black,MW,nem,NSW1
2017-10-10 01:15:00,5093.0,coal_black,MW,nem,NSW1
2017-10-10 01:20:00,5017.0,coal_black,MW,nem,NSW1
2017-10-10 01:25:00,4984.0,coal_black,MW,nem,NSW1
2017-10-10 01:30:00,4915.0,coal_black,MW,nem,NSW1
2017-10-10 01:35:00,4866.0,coal_black,MW,nem,NSW1
2017-10-10 01:40:00,4890.0,coal_black,MW,nem,NSW1
2017-10-10 01:45:00,4872.0,coal_black,MW,nem,NSW1
2017-10-10 01:50:00,4869.0,coal_black,MW,nem,NSW1
2017-10-10 01:55:00,4836.0,coal_black,MW,nem,NSW1
2017-10-10 02:00:00,4811.0,coal_black,MW,nem,NSW1
2017-10-10 02:05:00,4787.0,coal_black,MW,nem,NSW1
2017-10-10 02:10:00,4715.0,coal_black,MW,nem,NSW1
2017-10-10 02:15:00,4636.0,coal_black,MW,nem,NSW1
2017-10-10 02:20:00,4574.0,coal_black,MW,nem,NSW1
2017-10-10 02:25:00,4523.0,coal_black,MW,nem,NSW1
2017-10-10 02:30:00,4554.0,coal_black,MW,nem,NSW1
2017-10-10 02:35:00,4519.0,coal_black,MW,nem,NSW1
2017-10-10 02:40:00,4424.0,coal_black,MW,nem,NSW1
2017-10-10 02:45:00,4409.0,coal_black,MW,nem,NSW1
2017-10-10 02:50:00,4486.0,coal_black,MW,nem,NSW1
2017-10-10 02:55:00,4517.0,coal_black,MW,nem,NSW1
2017-10-10 03:00:00,4520.0,coal_black,MW,nem,NSW1
2017-10-10 03:05:00,4498.0,coal_black,MW,nem,NSW1
2017-10-10 03:10:00,4545.0,coal_black,MW,nem,NSW1
2017-10-10 03:15:00,4582.0,coal_black,MW,nem,NSW1
2017-10-10 03:20:00,4627.0,coal_black,MW,nem,NSW1
2017-10-10 03:25:00,4601.0,coal_black,MW,nem,NSW1
2017-10-10 03:30:00,4637.0,coal_black,MW,nem,NSW1
2017-10-10 03:35:00,4617.0,coal_black,MW,nem,NSW1
2017-10-10 03:40:00,4596.0,coal_black,MW,nem,NSW1
2017-10-10 03:45:00,4584.0,coal_black,MW,nem,NSW1
2017-10-10 03:50:00,4560.0,coal_black,MW,nem,NSW1
2017-10-10 03:55:00,4553.0,coal_black,MW,nem,NSW1
2017-10-10 04:00:00,4627.0,coal_black,MW,nem,NSW1
2017-10-10 04:05:00,4693.0,coal_black,MW,nem,NSW1
2017-10-10 04:10:00,4789.0,coal_black,MW,nem,NSW1
2017-10-10 04:15:00,4875.0,coal_black,MW,nem,NSW1
2017-10-10 04:20:00,4974.0,coal_black,MW,nem,NSW1
2017-10-10 04:25:00,5045.0,coal_black,MW,nem,NSW1
2017-10-10 04:30:00,5025.0,coal_black,MW,nem,NSW1
2017-10-10 04:35:00,5095.0,coal_black,MW,nem,NSW1
2017-10-10 04:40:00,5182.0,coal_black,MW,nem,NSW1
2017-10-10 04:45:00,5168.0,coal_black,MW,nem,NSW1
2017-10-10 04:50:00,5204.0,coal_black,MW,nem,NSW1
2017-10-10 04:55:00,5305.0,coal_black,MW,nem,NSW1
2017-10-10 05:00:00,5413.0,coal_black,MW,nem,NSW1
2017-10-10 05:05:00,5529.0,coal_black,MW,nem,NSW1
2017-10-10 05:10:00,5718.0,coal_black,MW,nem,NSW1
2017-10-10 05:15:00,5969.0,coal_black,MW,nem,NSW1
2017-10-10 05:20:00,6170.0,coal_black,MW,nem,NSW1
2017-10-10 05:25:00,6212.0,coal_black,MW,nem,NSW1
2017-10-10 05:30:00,6298.0,coal_black,MW,nem,NSW1
2017-10-10 05:35:00,6369.0,coal_black,MW,nem,NSW1
2017-10-10 05:40:00,6404.0,coal_black,MW,nem,NSW1
2017-10-10 05:45:00,6404.0,coal_black,MW,nem,NSW1
2017-10-10 05:50:00,6354.0,coal_black,MW,nem,NSW1
2017-10-10 05:55:00,6332.0,coal_black,MW,nem,NSW1
2017-10-10 06:00:00,6313.0,coal_black,MW,nem,NSW1
2017-10-10 06:05:00,6349.0,coal_black,MW,nem,NSW1
2017-10-10 06:10:00,6484.0,coal_black,MW,nem,NSW1
2017-10-10 06:15:00,6640.0,coal_black,MW,nem,NSW1
2017-10-10 06:20:00,6760.0,coal_black,MW,nem,NSW1
2017-10-10 06:25:00,6874.0,coal_black,MW,nem,NSW1
2017-10-10 06:30:00,6960.0,coal_black,MW,nem,NSW1
2017-10-10 06:35:00,6988.0,coal_black,MW,nem,NSW1
2017-10-10 06:40:00,7031.0,coal_black,MW,nem,NSW1
2017-10-10 06:45:00,7050.0,coal_black,MW,nem,NSW1
2017-10-10 06:50:00,7044.0,coal_black,MW,nem,NSW1
2017-10-10 06:55:00,7091.0,coal_black,MW,nem,NSW1
2017-10-10 07:00:00,7013.0,coal_black,MW,nem,NSW1
2017-10-10 07:05:00,7030.0,coal_black,MW,nem,NSW1
2017-10-10 07:10:00,6910.0,coal_black,MW,nem,NSW1
2017-10-10 07:15:00,6892.0,coal_black,MW,nem,NSW1
2017-10-10 07:20:00,6864.0,coal_black,MW,nem,NSW1
2017-10-10 07:25:00,6760.0,coal_black,MW,nem,NSW1
2017-10-10 07:30:00,6751.0,coal_black,MW,nem,NSW1
2017-10-10 07:35:00,6682.0,coal_black,MW,nem,NSW1
2017-10-10 07:40:00,6587.0,coal_black,MW,nem,NSW1
2017-10-10 07:45:00,6502.0,coal_black,MW,nem,NSW1
2017-10-10 07:50:00,6507.0,coal_black,MW,nem,NSW1
2017-10-10 07:55:00,6541.0,coal_black,MW,nem,NSW1
2017-10-10 08:00:00,6665.0,coal_black,MW,nem,NSW1
2017-10-10 08:05:00,6756.0,coal_black,MW,nem,NSW1
2017-10-10 08:10:00,6777.0,coal_black,MW,nem,NSW1
2017-10-10 08:15:00,6872.0,coal_black,MW,nem,NSW1
2017-10-10 08:20:00,6940.0,coal_black,MW,nem,NSW1
2017-10-10 08:25:00,6978.0,coal_black,MW,nem,NSW1
2017-10-10 08:30:00,6996.0,coal_black,MW,nem,NSW1
2017-10-10 08:35:00,6998.0,coal_black,MW,nem,NSW1
2017-10-10 08:40:00,6839.0,coal_black,MW,nem,NSW1
2017-10-10 08:45:00,6767.0,coal_black,MW,nem,NSW1
2017-10-10 08:50:00,6814.0,coal_black,MW,nem,NSW1
2017-10-10 08:55:00,6845.0,coal_black,MW,nem,NSW1
2017-10-10 09:00:00,6967.0,coal_black,MW,nem,NSW1
2017-10-10 09:05:00,7099.0,coal_black,MW,nem,NSW1
2017-10-10 09:10:00,7154.0,coal_black,MW,nem,NSW1
2017-10-10 09:15:00,7159.0,coal_black,MW,nem,NSW1
2017-10-10 09:20:00,7142.0,coal_black,MW,nem,NSW1
2017-10-10 09:25:00,7099.0,coal_black,MW,nem,NSW1
2017-10-10 09:30:00,7105.0,coal_black,MW,nem,NSW1
2017-10-10 09:35:00,7045.0,coal_black,MW,nem,NSW1
2017-10-10 09:40:00,7044.0,coal_black,MW,nem,NSW1
2017-10-10 09:45:00,7036.0,coal_black,MW,nem,NSW1
2017-10-10 09:50:00,7146.0,coal_black,MW,nem,NSW1
2017-10-10 09:55:00,7157.0,coal_black,MW,nem,NSW1
2017-10-10 10:00:00,7034.0,coal_black,MW,nem,NSW1
2017-10-10 10:05:00,6929.0,coal_black,MW,nem,NSW1
2017-10-10 10:10:00,7072.0,coal_black,MW,nem,NSW1
2017-10-10 10:15:00,7156.0,coal_black,MW,nem,NSW1
2017-10-10 10:20:00,7087.0,coal_black,MW,nem,NSW1
2017-10-10 10:25:00,7013.0,coal_black,MW,nem,NSW1
2017-10-10 10:30:00,6979.0,coal_black,MW,nem,NSW1
2017-10-10 10:35:00,7021.0,coal_black,MW,nem,NSW1
2017-10-10 10:40:00,7035.0,coal_black,MW,nem,NSW1
2017-10-10 10:45:00,7035.0,coal_black,MW,nem,NSW1
2017-10-10 10:50:00,6971.0,coal_black,MW,nem,NSW1
2017-10-10 10:55:00,6984.0,coal_black,MW,nem,NSW1
2017-10-10 11:00:00,6972.0,coal_black,MW,nem,NSW1
2017-10-10 11:05:00,6860.0,coal_black,MW,nem,NSW1
2017-10-10 11:10:00,6782.0,coal_black,MW,nem,NSW1
2017-10-10 11:15:00,6801.0,coal_black,MW,nem,NSW1
2017-10-10 11:20:00,6787.0,coal_black,MW,nem,NSW1
2017-10-10 11:25:00,6745.0,coal_black,MW,nem,NSW1
2017-10-10 11:30:00,6728.0,coal_black,MW,nem,NSW1
2017-10-10 11:35:00,6716.0,coal_black,MW,nem,NSW1
2017-10-10 11:40:00,6692.0,coal_black,MW,nem,NSW1
2017-10-10 11:45:00,6626.0,coal_black,MW,nem,NSW1
2017-10-10 11:50:00,6541.0,coal_black,MW,nem,NSW1
2017-10-10 11:55:00,6525.0,coal_black,MW,nem,NSW1
2017-10-10 12:00:00,6539.0,coal_black,MW,nem,NSW1
2017-10-10 12:05:00,6528.0,coal_black,MW,nem,NSW1
2017-10-10 12:10:00,6601.0,coal_black,MW,nem,NSW1
2017-10-10 12:15:00,6548.0,coal_black,MW,nem,NSW1
2017-10-10 12:20:00,6513.0,coal_black,MW,nem,NSW1
2017-10-10 12:25:00,6442.0,coal_black,MW,nem,NSW1
2017-10-10 12:30:00,6440.0,coal_black,MW,nem,NSW1
2017-10-10 12:35:00,6576.0,coal_black,MW,nem,NSW1
2017-10-10 12:40:00,6587.0,coal_black,MW,nem,NSW1
2017-10-10 12:45:00,6514.0,coal_black,MW,nem,NSW1
2017-10-10 12:50:00,6498.0,coal_black,MW,nem,NSW1
2017-10-10 12:55:00,6544.0,coal_black,MW,nem,NSW1
2017-10-10 13:00:00,6492.0,coal_black,MW,nem,NSW1
2017-10-10 13:05:00,6422.0,coal_black,MW,nem,NSW1
2017-10-10 13:10:00,6443.0,coal_black,MW,nem,NSW1
2017-10-10 13:15:00,6394.0,coal_black,MW,nem,NSW1
2017-10-10 13:20:00,6381.0,coal_black,MW,nem,NSW1
2017-10-10 13:25:00,6339.0,coal_black,MW,nem,NSW1
2017-10-10 13:30:00,6327.0,coal_black,MW,nem,NSW1
2017-10-10 13:35:00,6289.0,coal_black,MW,nem,NSW1
2017-10-10 13:40:00,6238.0,coal_black,MW,nem,NSW1
2017-10-10 13:45:00,6225.0,coal_black,MW,nem,NSW1
2017-10-10 13:50:00,6224.0,coal_black,MW,nem,NSW1
2017-10-10 13:55:00,6190.0,coal_black,MW,nem,NSW1
2017-10-10 14:00:00,6254.0,coal_black,MW,nem,NSW1
2017-10-10 14:05:00,6232.0,coal_black,MW,nem,NSW1
2017-10-10 14:10:00,6228.0,coal_black,MW,nem,NSW1
2017-10-10 14:15:00,6294.0,coal_black,MW,nem,NSW1
2017-10-10 14:20:00,6275.0,coal_black,MW,nem,NSW1
2017-10-10 14:25:00,6263.0,coal_black,MW,nem,NSW1
2017-10-10 14:30:00,6288.0,coal_black,MW,nem,NSW1
2017-10-10 14:35:00,6367.0,coal_black,MW,nem,NSW1
2017-10-10 14:40:00,6487.0,coal_black,MW,nem,NSW1
2017-10-10 14:45:00,6536.0,coal_black,MW,nem,NSW1
2017-10-10 14:50:00,6525.0,coal_black,MW,nem,NSW1
2017-10-10 14:55:00,6492.0,coal_black,MW,nem,NSW1
2017-10-10 15:00:00,6543.0,coal_black,MW,nem,NSW1
2017-10-10 15:05:00,6508.0,coal_black,MW,nem,NSW1
2017-10-10 15:10:00,6560.0,coal_black,MW,nem,NSW1
2017-10-10 15:15:00,6691.0,coal_black,MW,nem,NSW1
2017-10-10 15:20:00,6739.0,coal_black,MW,nem,NSW1
2017-10-10 15:25:00,6845.0,coal_black,MW,nem,NSW1
2017-10-10 15:30:00,6942.0,coal_black,MW,nem,NSW1
2017-10-10 15:35:00,6926.0,coal_black,MW,nem,NSW1
2017-10-10 15:40:00,6933.0,coal_black,MW,nem,NSW1
2017-10-10 15:45:00,6910.0,coal_black,MW,nem,NSW1
2017-10-10 15:50:00,6978.0,coal_black,MW,nem,NSW1
2017-10-10 15:55:00,7031.0,coal_black,MW,nem,NSW1
2017-10-10 16:00:00,7099.0,coal_black,MW,nem,NSW1
2017-10-10 16:05:00,7046.0,coal_black,MW,nem,NSW1
2017-10-10 16:10:00,7054.0,coal_black,MW,nem,NSW1
2017-10-10 16:15:00,7086.0,coal_black,MW,nem,NSW1
2017-10-10 16:20:00,7087.0,coal_black,MW,nem,NSW1
2017-10-10 16:25:00,7115.0,coal_black,MW,nem,NSW1
2017-10-10 16:30:00,7136.0,coal_black,MW,nem,NSW1
2017-10-10 16:35:00,7110.0,coal_black,MW,nem,NSW1
2017-10-10 16:40:00,7030.0,coal_black,MW,nem,NSW1
2017-10-10 16:45:00,7107.0,coal_black,MW,nem,NSW1
2017-10-10 16:50:00,7159.0,coal_black,MW,nem,NSW1
2017-10-10 16:55:00,7158.0,coal_black,MW,nem,NSW1
2017-10-10 17:00:00,7113.0,coal_black,MW,nem,NSW1
2017-10-10 17:05:00,7104.0,coal_black,MW,nem,NSW1
2017-10-10 17:10:00,7070.0,coal_black,MW,nem,NSW1
2017-10-10 17:15:00,6968.0,coal_black,MW,nem,NSW1
2017-10-10 17:20:00,7030.0,coal_black,MW,nem,NSW1
2017-10-10 17:25:00,6956.0,coal_black,MW,nem,NSW1
2017-10-10 17:30:00,6910.0,coal_black,MW,nem,NSW1
2017-10-10 17:35:00,6925.0,coal_black,MW,nem,NSW1
2017-10-10 17:40:00,6981.0,coal_black,MW,nem,NSW1
2017-10-10 17:45:00,6996.0,coal_black,MW,nem,NSW1
2017-10-10 17:50:00,6996.0,coal_black,MW,nem,NSW1
2017-10-10 17:55:00,7039.0,coal_black,MW,nem,NSW1
2017-10-10 18:00:00,7106.0,coal_black,MW,nem,NSW1
2017-10-10 18:05:00,7136.0,coal_black,MW,nem,NSW1
2017-10-10 18:10:00,7138.0,coal_black,MW,nem,NSW1
2017-10-10 18:15:00,7099.0,coal_black,MW,nem,NSW1
2017-10-10 18:20:00,7133.0,coal_black,MW,nem,NSW1
2017-10-10 18:25:00,7115.0,coal_black,MW,nem,NSW1
2017-10-10 18:30:00,7157.0,coal_black,MW,nem,NSW1
2017-10-10 18:35:00,7110.0,coal_black,MW,nem,NSW1
2017-10-10 18:40:00,7157.0,coal_black,MW,nem,NSW1
2017-10-10 18:45:00,7165.0,coal_black,MW,nem,NSW1
2017-10-10 18:50:00,7181.0,coal_black,MW,nem,NSW1
2017-10-10 18:55:00,7117.0,coal_black,MW,nem,NSW1
2017-10-10 19:00:00,6991.0,coal_black,MW,nem,NSW1
2017-10-10 19:05:00,6946.0,coal_black,MW,nem,NSW1
2017-10-10 19:10:00,6977.0,coal_black,MW,nem,NSW1
2017-10-10 19:15:00,6913.0,coal_black,MW,nem,NSW1
2017-10-10 19:20:00,6902.0,coal_black,MW,nem,NSW1
2017-10-10 19:25:00,6848.0,coal_black,MW,nem,NSW1
2017-10-10 19:30:00,6869.0,coal_black,MW,nem,NSW1
2017-10-10 19:35:00,6826.0,coal_black,MW,nem,NSW1
2017-10-10 19:40:00,6872.0,coal_black,MW,nem,NSW1
2017-10-10 19:45:00,6917.0,coal_black,MW,nem,NSW1
2017-10-10 19:50:00,6860.0,coal_black,MW,nem,NSW1
2017-10-10 19:55:00,6803.0,coal_black,MW,nem,NSW1
2017-10-10 20:00:00,6759.0,coal_black,MW,nem,NSW1
2017-10-10 20:05:00,6764.0,coal_black,MW,nem,NSW1
2017-10-10 20:10:00,6737.0,coal_black,MW,nem,NSW1
2017-10-10 20:15:00,6743.0,coal_black,MW,nem,NSW1
2017-10-10 20:20:00,6685.0,coal_black,MW,nem,NSW1
2017-10-10 20:25:00,6630.0,coal_black,MW,nem,NSW1
2017-10-10 20:30:00,6557.0,coal_black,MW,nem,NSW1
2017-10-10 20:35:00,6500.0,coal_black,MW,nem,NSW1
2017-10-10 20:40:00,6452.0,coal_black,MW,nem,NSW1
2017-10-10 20:45:00,6511.0,coal_black,MW,nem,NSW1
2017-10-10 20:50:00,6535.0,coal_black,MW,nem,NSW1
2017-10-10 20:55:00,6525.0,coal_black,MW,nem,NSW1
2017-10-10 21:00:00,6507.0,coal_black,MW,nem,NSW1
2017-10-10 21:05:00,6433.0,coal_black,MW,nem,NSW1
2017-10-10 21:10:00,6504.0,coal_black,MW,nem,NSW1
2017-10-10 21:15:00,6464.0,coal_black,MW,nem,NSW1
2017-10-10 21:20:00,6516.0,coal_black,MW,nem,NSW1
2017-10-10 21:25:00,6496.0,coal_black,MW,nem,NSW1
2017-10-10 21:30:00,6339.0,coal_black,MW,nem,NSW1
2017-10-10 21:35:00,6271.0,coal_black,MW,nem,NSW1
2017-10-10 21:40:00,6231.0,coal_black,MW,nem,NSW1
2017-10-10 21:45:00,6189.0,coal_black,MW,nem,NSW1
2017-10-10 21:50:00,6133.0,coal_black,MW,nem,NSW1
2017-10-10 21:55:00,6197.0,coal_black,MW,nem,NSW1
2017-10-10 22:00:00,6211.0,coal_black,MW,nem,NSW1
2017-10-10 22:05:00,6159.0,coal_black,MW,nem,NSW1
2017-10-10 22:10:00,6205.0,coal_black,MW,nem,NSW1
2017-10-10 22:15:00,6193.0,coal_black,MW,nem,NSW1
2017-10-10 22:20:00,6147.0,coal_black,MW,nem,NSW1
2017-10-10 22:25:00,6243.0,coal_black,MW,nem,NSW1
2017-10-10 22:30:00,6247.0,coal_black,MW,nem,NSW1
2017-10-10 22:35:00,6205.0,coal_black,MW,nem,NSW1
2017-10-10 22:40:00,6248.0,coal_black,MW,nem,NSW1
2017-10-10 22:45:00,6164.0,coal_black,MW,nem,NSW1
2017-10-10 22:50:00,6133.0,coal_black,MW,nem,NSW1
2017-10-10 22:55:00,6011.0,coal_black,MW,nem,NSW1
2017-10-10 23:00:00,5928.0,coal_black,MW,nem,NSW1
2017-10-10 23:05:00,5869.0,coal_black,MW,nem,NSW1
2017-10-10 23:10:00,5948.0,coal_black,MW,nem,NSW1
2017-10-10 23:15:00,5905.0,coal_black,MW,nem,NSW1
2017-10-10 23:20:00,5840.0,coal_black,MW,nem,NSW1
2017-10-10 23:25:00,5938.0,coal_black,MW,nem,NSW1
2017-10-10 23:30:00,5960.0,coal_black,MW,nem,NSW1
2017-10-10 23:35:00,5922.0,coal_black,MW,nem,NSW1
2017-10-10 23:40:00,5942.0,coal_black,MW,nem,NSW1
2017-10-10 23:45:00,5912.0,coal_black,MW,nem,NSW1
2017-10-10 23:50:00,5824.0,coal_black,MW,nem,NSW1
2017-10-10 23:55:00,5763.0,coal_black,MW,nem,NSW1
2017-10-11 00:00:00,5700.0,coal_black,MW,nem,NSW1
2017-10-11 00:05:00,5586.0,coal_black,MW,nem,NSW1
2017-10-11 00:10:00,5531.0,coal_black,MW,nem,NSW1
2017-10-11 00:15:00,5446.0,coal_black,MW,nem,NSW1
2017-10-11 00:20:00,5352.0,coal_black,MW,nem,NSW1
2017-10-11 00:25:00,5411.0,coal_black,MW,nem,NSW1
2017-10-11 00:30:00,5429.0,coal_black,MW,nem,NSW1
2017-10-11 00:35:00,5373.0,coal_black,MW,nem,NSW1
2017-10-11 00:40:00,5313.0,coal_black,MW,nem,NSW1
2017-10-11 00:45:00,5259.0,coal_black,MW,nem,NSW1
2017-10-11 00:50:00,5166.0,coal_black,MW,nem,NSW1
2017-10-11 00:55:00,5136.0,coal_black,MW,nem,NSW1
2017-10-11 01:00:00,5052.0,coal_black,MW,nem,NSW1
2017-10-11 01:05:00,4956.0,coal_black,MW,nem,NSW1
2017-10-11 01:10:00,4996.0,coal_black,MW,nem,NSW1
2017-10-11 01:15:00,4944.0,coal_black,MW,nem,NSW1
2017-10-11 01:20:00,4859.0,coal_black,MW,nem,NSW1
2017-10-11 01:25:00,4921.0,coal_black,MW,nem,NSW1
2017-10-11 01:30:00,4855.0,coal_black,MW,nem,NSW1
2017-10-11 01:35:00,4838.0,coal_black,MW,nem,NSW1
2017-10-11 01:40:00,4886.0,coal_black,MW,nem,NSW1
2017-10-11 01:45:00,4945.0,coal_black,MW,nem,NSW1
2017-10-11 01:50:00,4886.0,coal_black,MW,nem,NSW1
2017-10-11 01:55:00,4875.0,coal_black,MW,nem,NSW1
2017-10-11 02:00:00,4833.0,coal_black,MW,nem,NSW1
2017-10-11 02:05:00,4773.0,coal_black,MW,nem,NSW1
2017-10-11 02:10:00,4720.0,coal_black,MW,nem,NSW1
2017-10-11 02:15:00,4746.0,coal_black,MW,nem,NSW1
2017-10-11 02:20:00,4702.0,coal_black,MW,nem,NSW1
2017-10-11 02:25:00,4716.0,coal_black,MW,nem,NSW1
2017-10-11 02:30:00,4713.0,coal_black,MW,nem,NSW1
2017-10-11 02:35:00,4672.0,coal_black,MW,nem,NSW1
2017-10-11 02:40:00,4608.0,coal_black,MW,nem,NSW1
2017-10-11 02:45:00,4665.0,coal_black,MW,nem,NSW1
2017-10-11 02:50:00,4663.0,coal_black,MW,nem,NSW1
2017-10-11 02:55:00,4640.0,coal_black,MW,nem,NSW1
2017-10-11 03:00:00,4620.0,coal_black,MW,nem,NSW1
2017-10-11 03:05:00,4650.0,coal_black,MW,nem,NSW1
2017-10-11 03:10:00,4676.0,coal_black,MW,nem,NSW1
2017-10-11 03:15:00,4684.0,coal_black,MW,nem,NSW1
2017-10-11 03:20:00,4642.0,coal_black,MW,nem,NSW1
2017-10-11 03:25:00,4687.0,coal_black,MW,nem,NSW1
2017-10-11 03:30:00,4681.0,coal_black,MW,nem,NSW1
2017-10-11 03:35:00,4685.0,coal_black,MW,nem,NSW1
2017-10-11 03:40:00,4696.0,coal_black,MW,nem,NSW1
2017-10-11 03:45:00,4670.0,coal_black,MW,nem,NSW1
2017-10-11 03:50:00,4686.0,coal_black,MW,nem,NSW1
2017-10-11 03:55:00,4701.0,coal_black,MW,nem,NSW1
2017-10-11 04:00:00,4697.0,coal_black,MW,nem,NSW1
2017-10-11 04:05:00,4710.0,coal_black,MW,nem,NSW1
2017-10-11 04:10:00,4693.0,coal_black,MW,nem,NSW1
2017-10-11 04:15:00,4703.0,coal_black,MW,nem,NSW1
2017-10-11 04:20:00,4776.0,coal_black,MW,nem,NSW1
2017-10-11 04:25:00,4771.0,coal_black,MW,nem,NSW1
2017-10-11 04:30:00,4806.0,coal_black,MW,nem,NSW1
2017-10-11 04:35:00,4864.0,coal_black,MW,nem,NSW1
2017-10-11 04:40:00,4899.0,coal_black,MW,nem,NSW1
2017-10-11 04:45:00,4973.0,coal_black,MW,nem,NSW1
2017-10-11 04:50:00,5028.0,coal_black,MW,nem,NSW1
2017-10-11 04:55:00,5078.0,coal_black,MW,nem,NSW1
2017-10-11 05:00:00,5179.0,coal_black,MW,nem,NSW1
2017-10-11 05:05:00,5263.0,coal_black,MW,nem,NSW1
2017-10-11 05:10:00,5266.0,coal_black,MW,nem,NSW1
2017-10-11 05:15:00,5350.0,coal_black,MW,nem,NSW1
2017-10-11 05:20:00,5458.0,coal_black,MW,nem,NSW1
2017-10-11 05:25:00,5540.0,coal_black,MW,nem,NSW1
2017-10-11 05:30:00,5591.0,coal_black,MW,nem,NSW1
2017-10-11 05:35:00,5699.0,coal_black,MW,nem,NSW1
2017-10-11 05:40:00,5795.0,coal_black,MW,nem,NSW1
2017-10-11 05:45:00,5849.0,coal_black,MW,nem,NSW1
2017-10-11 05:50:00,5904.0,coal_black,MW,nem,NSW1
2017-10-11 05:55:00,5973.0,coal_black,MW,nem,NSW1
2017-10-11 06:00:00,6072.0,coal_black,MW,nem,NSW1
2017-10-11 06:05:00,6139.0,coal_black,MW,nem,NSW1
2017-10-11 06:10:00,6189.0,coal_black,MW,nem,NSW1
2017-10-11 06:15:00,6331.0,coal_black,MW,nem,NSW1
2017-10-11 06:20:00,6376.0,coal_black,MW,nem,NSW1
2017-10-11 06:25:00,6383.0,coal_black,MW,nem,NSW1
2017-10-11 06:30:00,6513.0,coal_black,MW,nem,NSW1
2017-10-11 06:35:00,6593.0,coal_black,MW,nem,NSW1
2017-10-11 06:40:00,6605.0,coal_black,MW,nem,NSW1
2017-10-11 06:45:00,6602.0,coal_black,MW,nem,NSW1
2017-10-11 06:50:00,6553.0,coal_black,MW,nem,NSW1
2017-10-11 06:55:00,6494.0,coal_black,MW,nem,NSW1
2017-10-11 07:00:00,6577.0,coal_black,MW,nem,NSW1
2017-10-11 07:05:00,6520.0,coal_black,MW,nem,NSW1
2017-10-11 07:10:00,6535.0,coal_black,MW,nem,NSW1
2017-10-11 07:15:00,6481.0,coal_black,MW,nem,NSW1
2017-10-11 07:20:00,6583.0,coal_black,MW,nem,NSW1
2017-10-11 07:25:00,6543.0,coal_black,MW,nem,NSW1
2017-10-11 07:30:00,6535.0,coal_black,MW,nem,NSW1
2017-10-11 07:35:00,6572.0,coal_black,MW,nem,NSW1
2017-10-11 07:40:00,6538.0,coal_black,MW,nem,NSW1
2017-10-11 07:45:00,6459.0,coal_black,MW,nem,NSW1
2017-10-11 07:50:00,6471.0,coal_black,MW,nem,NSW1
2017-10-11 07:55:00,6482.0,coal_black,MW,nem,NSW1
2017-10-11 08:00:00,6479.0,coal_black,MW,nem,NSW1
2017-10-11 08:05:00,6533.0,coal_black,MW,nem,NSW1
2017-10-11 08:10:00,6706.0,coal_black,MW,nem,NSW1
2017-10-11 08:15:00,6872.0,coal_black,MW,nem,NSW1
2017-10-11 08:20:00,6911.0,coal_black,MW,nem,NSW1
2017-10-11 08:25:00,6879.0,coal_black,MW,nem,NSW1
2017-10-11 08:30:00,6951.0,coal_black,MW,nem,NSW1
2017-10-11 08:35:00,6886.0,coal_black,MW,nem,NSW1
2017-10-11 08:40:00,6912.0,coal_black,MW,nem,NSW1
2017-10-11 08:45:00,6954.0,coal_black,MW,nem,NSW1
2017-10-11 08:50:00,6969.0,coal_black,MW,nem,NSW1
2017-10-11 08:55:00,7055.0,coal_black,MW,nem,NSW1
2017-10-11 09:00:00,6962.0,coal_black,MW,nem,NSW1
2017-10-11 09:05:00,7005.0,coal_black,MW,nem,NSW1
2017-10-11 09:10:00,7059.0,coal_black,MW,nem,NSW1
2017-10-11 09:15:00,7047.0,coal_black,MW,nem,NSW1
2017-10-11 09:20:00,6946.0,coal_black,MW,nem,NSW1
2017-10-11 09:25:00,6868.0,coal_black,MW,nem,NSW1
2017-10-11 09:30:00,6790.0,coal_black,MW,nem,NSW1
2017-10-11 09:35:00,6665.0,coal_black,MW,nem,NSW1
2017-10-11 09:40:00,6619.0,coal_black,MW,nem,NSW1
2017-10-11 09:45:00,6612.0,coal_black,MW,nem,NSW1
2017-10-11 09:50:00,6694.0,coal_black,MW,nem,NSW1
2017-10-11 09:55:00,6698.0,coal_black,MW,nem,NSW1
2017-10-11 10:00:00,6670.0,coal_black,MW,nem,NSW1
2017-10-11 10:05:00,6668.0,coal_black,MW,nem,NSW1
2017-10-11 10:10:00,6670.0,coal_black,MW,nem,NSW1
2017-10-11 10:15:00,6677.0,coal_black,MW,nem,NSW1
2017-10-11 10:20:00,6822.0,coal_black,MW,nem,NSW1
2017-10-11 10:25:00,6893.0,coal_black,MW,nem,NSW1
2017-10-11 10:30:00,6823.0,coal_black,MW,nem,NSW1
2017-10-11 10:35:00,6842.0,coal_black,MW,nem,NSW1
2017-10-11 10:40:00,6861.0,coal_black,MW,nem,NSW1
2017-10-11 10:45:00,6842.0,coal_black,MW,nem,NSW1
2017-10-11 10:50:00,6905.0,coal_black,MW,nem,NSW1
2017-10-11 10:55:00,6943.0,coal_black,MW,nem,NSW1
2017-10-11 11:00:00,6948.0,coal_black,MW,nem,NSW1
2017-10-11 11:05:00,6955.0,coal_black,MW,nem,NSW1
2017-10-11 11:10:00,6895.0,coal_black,MW,nem,NSW1
2017-10-11 11:15:00,6794.0,coal_black,MW,nem,NSW1
2017-10-11 11:20:00,6748.0,coal_black,MW,nem,NSW1
2017-10-11 11:25:00,6674.0,coal_black,MW,nem,NSW1
2017-10-11 11:30:00,6686.0,coal_black,MW,nem,NSW1
2017-10-11 11:35:00,6598.0,coal_black,MW,nem,NSW1
2017-10-11 11:40:00,6717.0,coal_black,MW,nem,NSW1
2017-10-11 11:45:00,6806.0,coal_black,MW,nem,NSW1
2017-10-11 11:50:00,6821.0,coal_black,MW,nem,NSW1
2017-10-11 11:55:00,6833.0,coal_black,MW,nem,NSW1
2017-10-11 12:00:00,6809.0,coal_black,MW,nem,NSW1
2017-10-11 12:05:00,6811.0,coal_black,MW,nem,NSW1
2017-10-11 12:10:00,6864.0,coal_black,MW,nem,NSW1
2017-10-11 12:15:00,6906.0,coal_black,MW,nem,NSW1
2017-10-11 12:20:00,6782.0,coal_black,MW,nem,NSW1
2017-10-11 12:25:00,6785.0,coal_black,MW,nem,NSW1
2017-10-11 12:30:00,6791.0,coal_black,MW,nem,NSW1
2017-10-11 12:35:00,6742.0,coal_black,MW,nem,NSW1
2017-10-11 12:40:00,6817.0,coal_black,MW,nem,NSW1
2017-10-11 12:45:00,6739.0,coal_black,MW,nem,NSW1
2017-10-11 12:50:00,6729.0,coal_black,MW,nem,NSW1
2017-10-11 12:55:00,6662.0,coal_black,MW,nem,NSW1
2017-10-11 13:00:00,6672.0,coal_black,MW,nem,NSW1
2017-10-11 13:05:00,6603.0,coal_black,MW,nem,NSW1
2017-10-11 13:10:00,6520.0,coal_black,MW,nem,NSW1
2017-10-11 13:15:00,6521.0,coal_black,MW,nem,NSW1
2017-10-11 13:20:00,6563.0,coal_black,MW,nem,NSW1
2017-10-11 13:25:00,6627.0,coal_black,MW,nem,NSW1
2017-10-11 13:30:00,6662.0,coal_black,MW,nem,NSW1
2017-10-11 13:35:00,6700.0,coal_black,MW,nem,NSW1
2017-10-11 13:40:00,6623.0,coal_black,MW,nem,NSW1
2017-10-11 13:45:00,6662.0,coal_black,MW,nem,NSW1
2017-10-11 13:50:00,6633.0,coal_black,MW,nem,NSW1
2017-10-11 13:55:00,6621.0,coal_black,MW,nem,NSW1
2017-10-11 14:00:00,6657.0,coal_black,MW,nem,NSW1
2017-10-11 14:05:00,6687.0,coal_black,MW,nem,NSW1
2017-10-11 14:10:00,6774.0,coal_black,MW,nem,NSW1
2017-10-11 14:15:00,6657.0,coal_black,MW,nem,NSW1
2017-10-11 14:20:00,6705.0,coal_black,MW,nem,NSW1
2017-10-11 14:25:00,6752.0,coal_black,MW,nem,NSW1
2017-10-11 14:30:00,6785.0,coal_black,MW,nem,NSW1
2017-10-11 14:35:00,6861.0,coal_black,MW,nem,NSW1
2017-10-11 14:40:00,6942.0,coal_black,MW,nem,NSW1
2017-10-11 14:45:00,7028.0,coal_black,MW,nem,NSW1
2017-10-11 14:50:00,7050.0,coal_black,MW,nem,NSW1
2017-10-11 14:55:00,7061.0,coal_black,MW,nem,NSW1
2017-10-11 15:00:00,6920.0,coal_black,MW,nem,NSW1
2017-10-11 15:05:00,7002.0,coal_black,MW,nem,NSW1
2017-10-11 15:10:00,6990.0,coal_black,MW,nem,NSW1
2017-10-11 15:15:00,6993.0,coal_black,MW,nem,NSW1
2017-10-11 15:20:00,7007.0,coal_black,MW,nem,NSW1
2017-10-11 15:25:00,7024.0,coal_black,MW,nem,NSW1
2017-10-11 15:30:00,6968.0,coal_black,MW,nem,NSW1
2017-10-11 15:35:00,7019.0,coal_black,MW,nem,NSW1
2017-10-11 15:40:00,6964.0,coal_black,MW,nem,NSW1
2017-10-11 15:45:00,6954.0,coal_black,MW,nem,NSW1
2017-10-11 15:50:00,7032.0,coal_black,MW,nem,NSW1
2017-10-11 15:55:00,7043.0,coal_black,MW,nem,NSW1
2017-10-11 16:00:00,7059.0,coal_black,MW,nem,NSW1
2017-10-11 16:05:00,6974.0,coal_black,MW,nem,NSW1
2017-10-11 16:10:00,7007.0,coal_black,MW,nem,NSW1
2017-10-11 16:15:00,6936.0,coal_black,MW,nem,NSW1
2017-10-11 16:20:00,6885.0,coal_black,MW,nem,NSW1
2017-10-11 16:25:00,6935.0,coal_black,MW,nem,NSW1
2017-10-11 16:30:00,7023.0,coal_black,MW,nem,NSW1
2017-10-11 16:35:00,6996.0,coal_black,MW,nem,NSW1
2017-10-11 16:40:00,6941.0,coal_black,MW,nem,NSW1
2017-10-11 16:45:00,6921.0,coal_black,MW,nem,NSW1
2017-10-11 16:50:00,6880.0,coal_black,MW,nem,NSW1
2017-10-11 16:55:00,6846.0,coal_black,MW,nem,NSW1
2017-10-11 17:00:00,6833.0,coal_black,MW,nem,NSW1
2017-10-11 17:05:00,6868.0,coal_black,MW,nem,NSW1
2017-10-11 17:10:00,6851.0,coal_black,MW,nem,NSW1
2017-10-11 17:15:00,6912.0,coal_black,MW,nem,NSW1
2017-10-11 17:20:00,6957.0,coal_black,MW,nem,NSW1
2017-10-11 17:25:00,6950.0,coal_black,MW,nem,NSW1
2017-10-11 17:30:00,6936.0,coal_black,MW,nem,NSW1
2017-10-11 17:35:00,6995.0,coal_black,MW,nem,NSW1
2017-10-11 17:40:00,7001.0,coal_black,MW,nem,NSW1
2017-10-11 17:45:00,7069.0,coal_black,MW,nem,NSW1
2017-10-11 17:50:00,7039.0,coal_black,MW,nem,NSW1
2017-10-11 17:55:00,7077.0,coal_black,MW,nem,NSW1
2017-10-11 18:00:00,7100.0,coal_black,MW,nem,NSW1
2017-10-11 18:05:00,7074.0,coal_black,MW,nem,NSW1
2017-10-11 18:10:00,7117.0,coal_black,MW,nem,NSW1
2017-10-11 18:15:00,7100.0,coal_black,MW,nem,NSW1
2017-10-11 18:20:00,7012.0,coal_black,MW,nem,NSW1
2017-10-11 18:25:00,7047.0,coal_black,MW,nem,NSW1
2017-10-11 18:30:00,7079.0,coal_black,MW,nem,NSW1
2017-10-11 18:35:00,7082.0,coal_black,MW,nem,NSW1
2017-10-11 18:40:00,7071.0,coal_black,MW,nem,NSW1
2017-10-11 18:45:00,7088.0,coal_black,MW,nem,NSW1
2017-10-11 18:50:00,7019.0,coal_black,MW,nem,NSW1
2017-10-11 18:55:00,7075.0,coal_black,MW,nem,NSW1
2017-10-11 19:00:00,7039.0,coal_black,MW,nem,NSW1
2017-10-11 19:05:00,7024.0,coal_black,MW,nem,NSW1
2017-10-11 19:10:00,7105.0,coal_black,MW,nem,NSW1
2017-10-11 19:15:00,7135.0,coal_black,MW,nem,NSW1
2017-10-11 19:20:00,7149.0,coal_black,MW,nem,NSW1
2017-10-11 19:25:00,7155.0,coal_black,MW,nem,NSW1
2017-10-11 19:30:00,7144.0,coal_black,MW,nem,NSW1
2017-10-11 19:35:00,7144.0,coal_black,MW,nem,NSW1
2017-10-11 19:40:00,7145.0,coal_black,MW,nem,NSW1
2017-10-11 19:45:00,7134.0,coal_black,MW,nem,NSW1
2017-10-11 19:50:00,7120.0,coal_black,MW,nem,NSW1
2017-10-11 19:55:00,7087.0,coal_black,MW,nem,NSW1
2017-10-11 20:00:00,7038.0,coal_black,MW,nem,NSW1
2017-10-11 20:05:00,7006.0,coal_black,MW,nem,NSW1
2017-10-11 20:10:00,7014.0,coal_black,MW,nem,NSW1
2017-10-11 20:15:00,6968.0,coal_black,MW,nem,NSW1
2017-10-11 20:20:00,6872.0,coal_black,MW,nem,NSW1
2017-10-11 20:25:00,6761.0,coal_black,MW,nem,NSW1
2017-10-11 20:30:00,6653.0,coal_black,MW,nem,NSW1
2017-10-11 20:35:00,6606.0,coal_black,MW,nem,NSW1
2017-10-11 20:40:00,6629.0,coal_black,MW,nem,NSW1
2017-10-11 20:45:00,6543.0,coal_black,MW,nem,NSW1
2017-10-11 20:50:00,6535.0,coal_black,MW,nem,NSW1
2017-10-11 20:55:00,6439.0,coal_black,MW,nem,NSW1
2017-10-11 21:00:00,6370.0,coal_black,MW,nem,NSW1
2017-10-11 21:05:00,6282.0,coal_black,MW,nem,NSW1
2017-10-11 21:10:00,6325.0,coal_black,MW,nem,NSW1
2017-10-11 21:15:00,6346.0,coal_black,MW,nem,NSW1
2017-10-11 21:20:00,6265.0,coal_black,MW,nem,NSW1
2017-10-11 21:25:00,6171.0,coal_black,MW,nem,NSW1
2017-10-11 21:30:00,6069.0,coal_black,MW,nem,NSW1
2017-10-11 21:35:00,6023.0,coal_black,MW,nem,NSW1
2017-10-11 21:40:00,6016.0,coal_black,MW,nem,NSW1
2017-10-11 21:45:00,5909.0,coal_black,MW,nem,NSW1
2017-10-11 21:50:00,5817.0,coal_black,MW,nem,NSW1
2017-10-11 21:55:00,5704.0,coal_black,MW,nem,NSW1
2017-10-11 22:00:00,5605.0,coal_black,MW,nem,NSW1
2017-10-11 22:05:00,5496.0,coal_black,MW,nem,NSW1
2017-10-11 22:10:00,5625.0,coal_black,MW,nem,NSW1
2017-10-11 22:15:00,5678.0,coal_black,MW,nem,NSW1
2017-10-11 22:20:00,5743.0,coal_black,MW,nem,NSW1
2017-10-11 22:25:00,5748.0,coal_black,MW,nem,NSW1
2017-10-11 22:30:00,5777.0,coal_black,MW,nem,NSW1
2017-10-11 22:35:00,5664.0,coal_black,MW,nem,NSW1
2017-10-11 22:40:00,5660.0,coal_black,MW,nem,NSW1
2017-10-11 22:45:00,5662.0,coal_black,MW,nem,NSW1
2017-10-11 22:50:00,5645.0,coal_black,MW,nem,NSW1
2017-10-11 22:55:00,5611.0,coal_black,MW,nem,NSW1
2017-10-11 23:00:00,5460.0,coal_black,MW,nem,NSW1
2017-10-11 23:05:00,5326.0,coal_black,MW,nem,NSW1
2017-10-11 23:10:00,5447.0,coal_black,MW,nem,NSW1
2017-10-11 23:15:00,5545.0,coal_black,MW,nem,NSW1
2017-10-11 23:20:00,5549.0,coal_black,MW,nem,NSW1
2017-10-11 23:25:00,5539.0,coal_black,MW,nem,NSW1
2017-10-11 23:30:00,5486.0,coal_black,MW,nem,NSW1
2017-10-11 23:35:00,5477.0,coal_black,MW,nem,NSW1
2017-10-11 23:40:00,5458.0,coal_black,MW,nem,NSW1
2017-10-11 23:45:00,5526.0,coal_black,MW,nem,NSW1
2017-10-11 23:50:00,5496.0,coal_black,MW,nem,NSW1
2017-10-11 23:55:00,5460.0,coal_black,MW,nem,NSW1
2017-10-12 00:00:00,5430.0,coal_black,MW,nem,NSW1
2017-10-12 00:05:00,5431.0,coal_black,MW,nem,NSW1
2017-10-12 00:10:00,5444.0,coal_black,MW,nem,NSW1
2017-10-12 00:15:00,5362.0,coal_black,MW,nem,NSW1
2017-10-12 00:20:00,5277.0,coal_black,MW,nem,NSW1
2017-10-12 00:25:00,5163.0,coal_black,MW,nem,NSW1
2017-10-12 00:30:00,5087.0,coal_black,MW,nem,NSW1
2017-10-12 00:35:00,4996.0,coal_black,MW,nem,NSW1
2017-10-12 00:40:00,4974.0,coal_black,MW,nem,NSW1
2017-10-12 00:45:00,4938.0,coal_black,MW,nem,NSW1
2017-10-12 00:50:00,4900.0,coal_black,MW,nem,NSW1
2017-10-12 00:55:00,4756.0,coal_black,MW,nem,NSW1
2017-10-12 01:00:00,4722.0,coal_black,MW,nem,NSW1
2017-10-12 01:05:00,4648.0,coal_black,MW,nem,NSW1
2017-10-12 01:10:00,4648.0,coal_black,MW,nem,NSW1
2017-10-12 01:15:00,4763.0,coal_black,MW,nem,NSW1
2017-10-12 01:20:00,4791.0,coal_black,MW,nem,NSW1
2017-10-12 01:25:00,4669.0,coal_black,MW,nem,NSW1
2017-10-12 01:30:00,4530.0,coal_black,MW,nem,NSW1
2017-10-12 01:35:00,4429.0,coal_black,MW,nem,NSW1
2017-10-12 01:40:00,4421.0,coal_black,MW,nem,NSW1
2017-10-12 01:45:00,4582.0,coal_black,MW,nem,NSW1
2017-10-12 01:50:00,4579.0,coal_black,MW,nem,NSW1
2017-10-12 01:55:00,4537.0,coal_black,MW,nem,NSW1
2017-10-12 02:00:00,4515.0,coal_black,MW,nem,NSW1
2017-10-12 02:05:00,4412.0,coal_black,MW,nem,NSW1
2017-10-12 02:10:00,4492.0,coal_black,MW,nem,NSW1
2017-10-12 02:15:00,4485.0,coal_black,MW,nem,NSW1
2017-10-12 02:20:00,4511.0,coal_black,MW,nem,NSW1
2017-10-12 02:25:00,4394.0,coal_black,MW,nem,NSW1
2017-10-12 02:30:00,4417.0,coal_black,MW,nem,NSW1
2017-10-12 02:35:00,4435.0,coal_black,MW,nem,NSW1
2017-10-12 02:40:00,4440.0,coal_black,MW,nem,NSW1
2017-10-12 02:45:00,4382.0,coal_black,MW,nem,NSW1
2017-10-12 02:50:00,4376.0,coal_black,MW,nem,NSW1
2017-10-12 02:55:00,4347.0,coal_black,MW,nem,NSW1
2017-10-12 03:00:00,4328.0,coal_black,MW,nem,NSW1
2017-10-12 03:05:00,4311.0,coal_black,MW,nem,NSW1
2017-10-12 03:10:00,4259.0,coal_black,MW,nem,NSW1
2017-10-12 03:15:00,4373.0,coal_black,MW,nem,NSW1
2017-10-12 03:20:00,4371.0,coal_black,MW,nem,NSW1
2017-10-12 03:25:00,4402.0,coal_black,MW,nem,NSW1
2017-10-12 03:30:00,4341.0,coal_black,MW,nem,NSW1
2017-10-12 03:35:00,4306.0,coal_black,MW,nem,NSW1
2017-10-12 03:40:00,4410.0,coal_black,MW,nem,NSW1
2017-10-12 03:45:00,4421.0,coal_black,MW,nem,NSW1
2017-10-12 03:50:00,4375.0,coal_black,MW,nem,NSW1
2017-10-12 03:55:00,4390.0,coal_black,MW,nem,NSW1
2017-10-12 04:00:00,4428.0,coal_black,MW,nem,NSW1
2017-10-12 04:05:00,4440.0,coal_black,MW,nem,NSW1
2017-10-12 04:10:00,4507.0,coal_black,MW,nem,NSW1
2017-10-12 04:15:00,4581.0,coal_black,MW,nem,NSW1
2017-10-12 04:20:00,4677.0,coal_black,MW,nem,NSW1
2017-10-12 04:25:00,4753.0,coal_black,MW,nem,NSW1
2017-10-12 04:30:00,4797.0,coal_black,MW,nem,NSW1
2017-10-12 04:35:00,4807.0,coal_black,MW,nem,NSW1
2017-10-12 04:40:00,4922.0,coal_black,MW,nem,NSW1
2017-10-12 04:45:00,4920.0,coal_black,MW,nem,NSW1
2017-10-12 04:50:00,5049.0,coal_black,MW,nem,NSW1
2017-10-12 04:55:00,5062.0,coal_black,MW,nem,NSW1
2017-10-12 05:00:00,5220.0,coal_black,MW,nem,NSW1
2017-10-12 05:05:00,5295.0,coal_black,MW,nem,NSW1
2017-10-12 05:10:00,5436.0,coal_black,MW,nem,NSW1
2017-10-12 05:15:00,5477.0,coal_black,MW,nem,NSW1
2017-10-12 05:20:00,5677.0,coal_black,MW,nem,NSW1
2017-10-12 05:25:00,5865.0,coal_black,MW,nem,NSW1
2017-10-12 05:30:00,5985.0,coal_black,MW,nem,NSW1
2017-10-12 05:35:00,6028.0,coal_black,MW,nem,NSW1
2017-10-12 05:40:00,6087.0,coal_black,MW,nem,NSW1
2017-10-12 05:45:00,6140.0,coal_black,MW,nem,NSW1
2017-10-12 05:50:00,6185.0,coal_black,MW,nem,NSW1
2017-10-12 05:55:00,6307.0,coal_black,MW,nem,NSW1
2017-10-12 06:00:00,6414.0,coal_black,MW,nem,NSW1
2017-10-12 06:05:00,6489.0,coal_black,MW,nem,NSW1
2017-10-12 06:10:00,6490.0,coal_black,MW,nem,NSW1
2017-10-12 06:15:00,6622.0,coal_black,MW,nem,NSW1
2017-10-12 06:20:00,6662.0,coal_black,MW,nem,NSW1
2017-10-12 06:25:00,6689.0,coal_black,MW,nem,NSW1
2017-10-12 06:30:00,6657.0,coal_black,MW,nem,NSW1
2017-10-12 06:35:00,6692.0,coal_black,MW,nem,NSW1
2017-10-12 06:40:00,6771.0,coal_black,MW,nem,NSW1
2017-10-12 06:45:00,6872.0,coal_black,MW,nem,NSW1
2017-10-12 06:50:00,6896.0,coal_black,MW,nem,NSW1
2017-10-12 06:55:00,6983.0,coal_black,MW,nem,NSW1
2017-10-12 07:00:00,6969.0,coal_black,MW,nem,NSW1
2017-10-12 07:05:00,6945.0,coal_black,MW,nem,NSW1
2017-10-12 07:10:00,6945.0,coal_black,MW,nem,NSW1
2017-10-12 07:15:00,6910.0,coal_black,MW,nem,NSW1
2017-10-12 07:20:00,6916.0,coal_black,MW,nem,NSW1
2017-10-12 07:25:00,6850.0,coal_black,MW,nem,NSW1
2017-10-12 07:30:00,6805.0,coal_black,MW,nem,NSW1
2017-10-12 07:35:00,6774.0,coal_black,MW,nem,NSW1
2017-10-12 07:40:00,6808.0,coal_black,MW,nem,NSW1
2017-10-12 07:45:00,6789.0,coal_black,MW,nem,NSW1
2017-10-12 07:50:00,6742.0,coal_black,MW,nem,NSW1
2017-10-12 07:55:00,6704.0,coal_black,MW,nem,NSW1
2017-10-12 08:00:00,6741.0,coal_black,MW,nem,NSW1
2017-10-12 08:05:00,6767.0,coal_black,MW,nem,NSW1
2017-10-12 08:10:00,6722.0,coal_black,MW,nem,NSW1
2017-10-12 08:15:00,6690.0,coal_black,MW,nem,NSW1
2017-10-12 08:20:00,6656.0,coal_black,MW,nem,NSW1
2017-10-12 08:25:00,6632.0,coal_black,MW,nem,NSW1
2017-10-12 08:30:00,6577.0,coal_black,MW,nem,NSW1
2017-10-12 08:35:00,6506.0,coal_black,MW,nem,NSW1
2017-10-12 08:40:00,6468.0,coal_black,MW,nem,NSW1
2017-10-12 08:45:00,6338.0,coal_black,MW,nem,NSW1
2017-10-12 08:50:00,6374.0,coal_black,MW,nem,NSW1
2017-10-12 08:55:00,6408.0,coal_black,MW,nem,NSW1
2017-10-12 09:00:00,6370.0,coal_black,MW,nem,NSW1
2017-10-12 09:05:00,6375.0,coal_black,MW,nem,NSW1
2017-10-12 09:10:00,6402.0,coal_black,MW,nem,NSW1
2017-10-12 09:15:00,6420.0,coal_black,MW,nem,NSW1
2017-10-12 09:20:00,6406.0,coal_black,MW,nem,NSW1
2017-10-12 09:25:00,6361.0,coal_black,MW,nem,NSW1
2017-10-12 09:30:00,6416.0,coal_black,MW,nem,NSW1
2017-10-12 09:35:00,6429.0,coal_black,MW,nem,NSW1
2017-10-12 09:40:00,6382.0,coal_black,MW,nem,NSW1
2017-10-12 09:45:00,6328.0,coal_black,MW,nem,NSW1
2017-10-12 09:50:00,6270.0,coal_black,MW,nem,NSW1
2017-10-12 09:55:00,6263.0,coal_black,MW,nem,NSW1
2017-10-12 10:00:00,6262.0,coal_black,MW,nem,NSW1
2017-10-12 10:05:00,6265.0,coal_black,MW,nem,NSW1
2017-10-12 10:10:00,6281.0,coal_black,MW,nem,NSW1
2017-10-12 10:15:00,6355.0,coal_black,MW,nem,NSW1
2017-10-12 10:20:00,6271.0,coal_black,MW,nem,NSW1
2017-10-12 10:25:00,6282.0,coal_black,MW,nem,NSW1
2017-10-12 10:30:00,6240.0,coal_black,MW,nem,NSW1
2017-10-12 10:35:00,6264.0,coal_black,MW,nem,NSW1
2017-10-12 10:40:00,6259.0,coal_black,MW,nem,NSW1
2017-10-12 10:45:00,6366.0,coal_black,MW,nem,NSW1
2017-10-12 10:50:00,6324.0,coal_black,MW,nem,NSW1
2017-10-12 10:55:00,6338.0,coal_black,MW,nem,NSW1
2017-10-12 11:00:00,6297.0,coal_black,MW,nem,NSW1
2017-10-12 11:05:00,6269.0,coal_black,MW,nem,NSW1
2017-10-12 11:10:00,6318.0,coal_black,MW,nem,NSW1
2017-10-12 11:15:00,6209.0,coal_black,MW,nem,NSW1
2017-10-12 11:20:00,6198.0,coal_black,MW,nem,NSW1
2017-10-12 11:25:00,6237.0,coal_black,MW,nem,NSW1
2017-10-12 11:30:00,6209.0,coal_black,MW,nem,NSW1
2017-10-12 11:35:00,6194.0,coal_black,MW,nem,NSW1
2017-10-12 11:40:00,6194.0,coal_black,MW,nem,NSW1
2017-10-12 11:45:00,6091.0,coal_black,MW,nem,NSW1
2017-10-12 11:50:00,6128.0,coal_black,MW,nem,NSW1
2017-10-12 11:55:00,6132.0,coal_black,MW,nem,NSW1
2017-10-12 12:00:00,6124.0,coal_black,MW,nem,NSW1
2017-10-12 12:05:00,6045.0,coal_black,MW,nem,NSW1
2017-10-12 12:10:00,6023.0,coal_black,MW,nem,NSW1
2017-10-12 12:15:00,6111.0,coal_black,MW,nem,NSW1
2017-10-12 12:20:00,6089.0,coal_black,MW,nem,NSW1
2017-10-12 12:25:00,6137.0,coal_black,MW,nem,NSW1
2017-10-12 12:30:00,6171.0,coal_black,MW,nem,NSW1
2017-10-12 12:35:00,6178.0,coal_black,MW,nem,NSW1
2017-10-12 12:40:00,6180.0,coal_black,MW,nem,NSW1
2017-10-12 12:45:00,6238.0,coal_black,MW,nem,NSW1
2017-10-12 12:50:00,6192.0,coal_black,MW,nem,NSW1
2017-10-12 12:55:00,6227.0,coal_black,MW,nem,NSW1
2017-10-12 13:00:00,6315.0,coal_black,MW,nem,NSW1
2017-10-12 13:05:00,6295.0,coal_black,MW,nem,NSW1
2017-10-12 13:10:00,6233.0,coal_black,MW,nem,NSW1
2017-10-12 13:15:00,6224.0,coal_black,MW,nem,NSW1
2017-10-12 13:20:00,6258.0,coal_black,MW,nem,NSW1
2017-10-12 13:25:00,6276.0,coal_black,MW,nem,NSW1
2017-10-12 13:30:00,6262.0,coal_black,MW,nem,NSW1
2017-10-12 13:35:00,6243.0,coal_black,MW,nem,NSW1
2017-10-12 13:40:00,6229.0,coal_black,MW,nem,NSW1
2017-10-12 13:45:00,6178.0,coal_black,MW,nem,NSW1
2017-10-12 13:50:00,6149.0,coal_black,MW,nem,NSW1
2017-10-12 13:55:00,6174.0,coal_black,MW,nem,NSW1
2017-10-12 14:00:00,6081.0,coal_black,MW,nem,NSW1
2017-10-12 14:05:00,6119.0,coal_black,MW,nem,NSW1
2017-10-12 14:10:00,6163.0,coal_black,MW,nem,NSW1
2017-10-12 14:15:00,6091.0,coal_black,MW,nem,NSW1
2017-10-12 14:20:00,6062.0,coal_black,MW,nem,NSW1
2017-10-12 14:25:00,5996.0,coal_black,MW,nem,NSW1
2017-10-12 14:30:00,5968.0,coal_black,MW,nem,NSW1
2017-10-12 14:35:00,5946.0,coal_black,MW,nem,NSW1
2017-10-12 14:40:00,6052.0,coal_black,MW,nem,NSW1
2017-10-12 14:45:00,6023.0,coal_black,MW,nem,NSW1
2017-10-12 14:50:00,6065.0,coal_black,MW,nem,NSW1
2017-10-12 14:55:00,6086.0,coal_black,MW,nem,NSW1
2017-10-12 15:00:00,6141.0,coal_black,MW,nem,NSW1
2017-10-12 15:05:00,6171.0,coal_black,MW,nem,NSW1
2017-10-12 15:10:00,6220.0,coal_black,MW,nem,NSW1
2017-10-12 15:15:00,6321.0,coal_black,MW,nem,NSW1
2017-10-12 15:20:00,6356.0,coal_black,MW,nem,NSW1
2017-10-12 15:25:00,6365.0,coal_black,MW,nem,NSW1
2017-10-12 15:30:00,6377.0,coal_black,MW,nem,NSW1
2017-10-12 15:35:00,6391.0,coal_black,MW,nem,NSW1
2017-10-12 15:40:00,6532.0,coal_black,MW,nem,NSW1
2017-10-12 15:45:00,6459.0,coal_black,MW,nem,NSW1
2017-10-12 15:50:00,6453.0,coal_black,MW,nem,NSW1
2017-10-12 15:55:00,6507.0,coal_black,MW,nem,NSW1
2017-10-12 16:00:00,6529.0,coal_black,MW,nem,NSW1
2017-10-12 16:05:00,6417.0,coal_black,MW,nem,NSW1
2017-10-12 16:10:00,6418.0,coal_black,MW,nem,NSW1
2017-10-12 16:15:00,6404.0,coal_black,MW,nem,NSW1
2017-10-12 16:20:00,6416.0,coal_black,MW,nem,NSW1
2017-10-12 16:25:00,6461.0,coal_black,MW,nem,NSW1
2017-10-12 16:30:00,6484.0,coal_black,MW,nem,NSW1
2017-10-12 16:35:00,6456.0,coal_black,MW,nem,NSW1
2017-10-12 16:40:00,6561.0,coal_black,MW,nem,NSW1
2017-10-12 16:45:00,6619.0,coal_black,MW,nem,NSW1
2017-10-12 16:50:00,6550.0,coal_black,MW,nem,NSW1
2017-10-12 16:55:00,6553.0,coal_black,MW,nem,NSW1
2017-10-12 17:00:00,6706.0,coal_black,MW,nem,NSW1
2017-10-12 17:05:00,6656.0,coal_black,MW,nem,NSW1
2017-10-12 17:10:00,6748.0,coal_black,MW,nem,NSW1
2017-10-12 17:15:00,6617.0,coal_black,MW,nem,NSW1
2017-10-12 17:20:00,6679.0,coal_black,MW,nem,NSW1
2017-10-12 17:25:00,6674.0,coal_black,MW,nem,NSW1
2017-10-12 17:30:00,6643.0,coal_black,MW,nem,NSW1
2017-10-12 17:35:00,6692.0,coal_black,MW,nem,NSW1
2017-10-12 17:40:00,6774.0,coal_black,MW,nem,NSW1
2017-10-12 17:45:00,6776.0,coal_black,MW,nem,NSW1
2017-10-12 17:50:00,6808.0,coal_black,MW,nem,NSW1
2017-10-12 17:55:00,6855.0,coal_black,MW,nem,NSW1
2017-10-12 18:00:00,6850.0,coal_black,MW,nem,NSW1
2017-10-12 18:05:00,6885.0,coal_black,MW,nem,NSW1
2017-10-12 18:10:00,6911.0,coal_black,MW,nem,NSW1
2017-10-12 18:15:00,6889.0,coal_black,MW,nem,NSW1
2017-10-12 18:20:00,7118.0,coal_black,MW,nem,NSW1
2017-10-12 18:25:00,7131.0,coal_black,MW,nem,NSW1
2017-10-12 18:30:00,7161.0,coal_black,MW,nem,NSW1
2017-10-12 18:35:00,7168.0,coal_black,MW,nem,NSW1
2017-10-12 18:40:00,7175.0,coal_black,MW,nem,NSW1
2017-10-12 18:45:00,7153.0,coal_black,MW,nem,NSW1
2017-10-12 18:50:00,7147.0,coal_black,MW,nem,NSW1
2017-10-12 18:55:00,7103.0,coal_black,MW,nem,NSW1
2017-10-12 19:00:00,7062.0,coal_black,MW,nem,NSW1
2017-10-12 19:05:00,7046.0,coal_black,MW,nem,NSW1
2017-10-12 19:10:00,7028.0,coal_black,MW,nem,NSW1
2017-10-12 19:15:00,6999.0,coal_black,MW,nem,NSW1
2017-10-12 19:20:00,6963.0,coal_black,MW,nem,NSW1
2017-10-12 19:25:00,6904.0,coal_black,MW,nem,NSW1
2017-10-12 19:30:00,6858.0,coal_black,MW,nem,NSW1
2017-10-12 19:35:00,6790.0,coal_black,MW,nem,NSW1
2017-10-12 19:40:00,6925.0,coal_black,MW,nem,NSW1
2017-10-12 19:45:00,6949.0,coal_black,MW,nem,NSW1
2017-10-12 19:50:00,6796.0,coal_black,MW,nem,NSW1
2017-10-12 19:55:00,6803.0,coal_black,MW,nem,NSW1
2017-10-12 20:00:00,6872.0,coal_black,MW,nem,NSW1
2017-10-12 20:05:00,6806.0,coal_black,MW,nem,NSW1
2017-10-12 20:10:00,6829.0,coal_black,MW,nem,NSW1
2017-10-12 20:15:00,6733.0,coal_black,MW,nem,NSW1
2017-10-12 20:20:00,6639.0,coal_black,MW,nem,NSW1
2017-10-12 20:25:00,6558.0,coal_black,MW,nem,NSW1
2017-10-12 20:30:00,6591.0,coal_black,MW,nem,NSW1
2017-10-12 20:35:00,6573.0,coal_black,MW,nem,NSW1
2017-10-12 20:40:00,6532.0,coal_black,MW,nem,NSW1
2017-10-12 20:45:00,6503.0,coal_black,MW,nem,NSW1
2017-10-12 20:50:00,6443.0,coal_black,MW,nem,NSW1
2017-10-12 20:55:00,6408.0,coal_black,MW,nem,NSW1
2017-10-12 21:00:00,6355.0,coal_black,MW,nem,NSW1
2017-10-12 21:05:00,6326.0,coal_black,MW,nem,NSW1
2017-10-12 21:10:00,6392.0,coal_black,MW,nem,NSW1
2017-10-12 21:15:00,6469.0,coal_black,MW,nem,NSW1
2017-10-12 21:20:00,6422.0,coal_black,MW,nem,NSW1
2017-10-12 21:25:00,6430.0,coal_black,MW,nem,NSW1
2017-10-12 21:30:00,6421.0,coal_black,MW,nem,NSW1
2017-10-12 21:35:00,6390.0,coal_black,MW,nem,NSW1
2017-10-12 21:40:00,6395.0,coal_black,MW,nem,NSW1
2017-10-12 21:45:00,6299.0,coal_black,MW,nem,NSW1
2017-10-12 21:50:00,6295.0,coal_black,MW,nem,NSW1
2017-10-12 21:55:00,6252.0,coal_black,MW,nem,NSW1
2017-10-12 22:00:00,6107.0,coal_black,MW,nem,NSW1
2017-10-12 22:05:00,6012.0,coal_black,MW,nem,NSW1
2017-10-12 22:10:00,6170.0,coal_black,MW,nem,NSW1
2017-10-12 22:15:00,6326.0,coal_black,MW,nem,NSW1
2017-10-12 22:20:00,6340.0,coal_black,MW,nem,NSW1
2017-10-12 22:25:00,6297.0,coal_black,MW,nem,NSW1
2017-10-12 22:30:00,6292.0,coal_black,MW,nem,NSW1
2017-10-12 22:35:00,6277.0,coal_black,MW,nem,NSW1
2017-10-12 22:40:00,6334.0,coal_black,MW,nem,NSW1
2017-10-12 22:45:00,6306.0,coal_black,MW,nem,NSW1
2017-10-12 22:50:00,6285.0,coal_black,MW,nem,NSW1
2017-10-12 22:55:00,6202.0,coal_black,MW,nem,NSW1
2017-10-12 23:00:00,6188.0,coal_black,MW,nem,NSW1
2017-10-12 23:05:00,6107.0,coal_black,MW,nem,NSW1
2017-10-12 23:10:00,6114.0,coal_black,MW,nem,NSW1
2017-10-12 23:15:00,6160.0,coal_black,MW,nem,NSW1
2017-10-12 23:20:00,6205.0,coal_black,MW,nem,NSW1
2017-10-12 23:25:00,6199.0,coal_black,MW,nem,NSW1
2017-10-12 23:30:00,6196.0,coal_black,MW,nem,NSW1
2017-10-12 23:35:00,6187.0,coal_black,MW,nem,NSW1
2017-10-12 23:40:00,6209.0,coal_black,MW,nem,NSW1
2017-10-12 23:45:00,6177.0,coal_black,MW,nem,NSW1
2017-10-12 23:50:00,6143.0,coal_black,MW,nem,NSW1
2017-10-12 23:55:00,6148.0,coal_black,MW,nem,NSW1
2017-10-13 00:00:00,6091.0,coal_black,MW,nem,NSW1
2017-10-13 00:05:00,6032.0,coal_black,MW,nem,NSW1
2017-10-13 00:10:00,5962.0,coal_black,MW,nem,NSW1
2017-10-13 00:15:00,5998.0,coal_black,MW,nem,NSW1
2017-10-13 00:20:00,5897.0,coal_black,MW,nem,NSW1
2017-10-13 00:25:00,5801.0,coal_black,MW,nem,NSW1
2017-10-13 00:30:00,5717.0,coal_black,MW,nem,NSW1
2017-10-13 00:35:00,5636.0,coal_black,MW,nem,NSW1
2017-10-13 00:40:00,5695.0,coal_black,MW,nem,NSW1
2017-10-13 00:45:00,5779.0,coal_black,MW,nem,NSW1
2017-10-13 00:50:00,5845.0,coal_black,MW,nem,NSW1
2017-10-13 00:55:00,5727.0,coal_black,MW,nem,NSW1
2017-10-13 01:00:00,5561.0,coal_black,MW,nem,NSW1
2017-10-13 01:05:00,5384.0,coal_black,MW,nem,NSW1
2017-10-13 01:10:00,5325.0,coal_black,MW,nem,NSW1
2017-10-13 01:15:00,5220.0,coal_black,MW,nem,NSW1
2017-10-13 01:20:00,5212.0,coal_black,MW,nem,NSW1
2017-10-13 01:25:00,5199.0,coal_black,MW,nem,NSW1
2017-10-13 01:30:00,5149.0,coal_black,MW,nem,NSW1
2017-10-13 01:35:00,5106.0,coal_black,MW,nem,NSW1
2017-10-13 01:40:00,5106.0,coal_black,MW,nem,NSW1
2017-10-13 01:45:00,5099.0,coal_black,MW,nem,NSW1
2017-10-13 01:50:00,4999.0,coal_black,MW,nem,NSW1
2017-10-13 01:55:00,4995.0,coal_black,MW,nem,NSW1
2017-10-13 02:00:00,5019.0,coal_black,MW,nem,NSW1
2017-10-13 02:05:00,5065.0,coal_black,MW,nem,NSW1
2017-10-13 02:10:00,5031.0,coal_black,MW,nem,NSW1
2017-10-13 02:15:00,5125.0,coal_black,MW,nem,NSW1
2017-10-13 02:20:00,5169.0,coal_black,MW,nem,NSW1
2017-10-13 02:25:00,5087.0,coal_black,MW,nem,NSW1
2017-10-13 02:30:00,4995.0,coal_black,MW,nem,NSW1
2017-10-13 02:35:00,5094.0,coal_black,MW,nem,NSW1
2017-10-13 02:40:00,5078.0,coal_black,MW,nem,NSW1
2017-10-13 02:45:00,5005.0,coal_black,MW,nem,NSW1
2017-10-13 02:50:00,5039.0,coal_black,MW,nem,NSW1
2017-10-13 02:55:00,5140.0,coal_black,MW,nem,NSW1
2017-10-13 03:00:00,5025.0,coal_black,MW,nem,NSW1
2017-10-13 03:05:00,4953.0,coal_black,MW,nem,NSW1
2017-10-13 03:10:00,5076.0,coal_black,MW,nem,NSW1
2017-10-13 03:15:00,5109.0,coal_black,MW,nem,NSW1
2017-10-13 03:20:00,5204.0,coal_black,MW,nem,NSW1
2017-10-13 03:25:00,5164.0,coal_black,MW,nem,NSW1
2017-10-13 03:30:00,5153.0,coal_black,MW,nem,NSW1
2017-10-13 03:35:00,5261.0,coal_black,MW,nem,NSW1
2017-10-13 03:40:00,5352.0,coal_black,MW,nem,NSW1
2017-10-13 03:45:00,5355.0,coal_black,MW,nem,NSW1
2017-10-13 03:50:00,5382.0,coal_black,MW,nem,NSW1
2017-10-13 03:55:00,5368.0,coal_black,MW,nem,NSW1
2017-10-13 04:00:00,5365.0,coal_black,MW,nem,NSW1
2017-10-13 04:05:00,5462.0,coal_black,MW,nem,NSW1
2017-10-13 04:10:00,5557.0,coal_black,MW,nem,NSW1
2017-10-13 04:15:00,5666.0,coal_black,MW,nem,NSW1
2017-10-13 04:20:00,5697.0,coal_black,MW,nem,NSW1
2017-10-13 04:25:00,5789.0,coal_black,MW,nem,NSW1
2017-10-13 04:30:00,5818.0,coal_black,MW,nem,NSW1
2017-10-13 04:35:00,5859.0,coal_black,MW,nem,NSW1
2017-10-13 04:40:00,5936.0,coal_black,MW,nem,NSW1
2017-10-13 04:45:00,5967.0,coal_black,MW,nem,NSW1
2017-10-13 04:50:00,5915.0,coal_black,MW,nem,NSW1
2017-10-13 04:55:00,6003.0,coal_black,MW,nem,NSW1
2017-10-13 05:00:00,6043.0,coal_black,MW,nem,NSW1
2017-10-13 05:05:00,6057.0,coal_black,MW,nem,NSW1
2017-10-13 05:10:00,6185.0,coal_black,MW,nem,NSW1
2017-10-13 05:15:00,6298.0,coal_black,MW,nem,NSW1
2017-10-13 05:20:00,6338.0,coal_black,MW,nem,NSW1
2017-10-13 05:25:00,6377.0,coal_black,MW,nem,NSW1
2017-10-13 05:30:00,6409.0,coal_black,MW,nem,NSW1
2017-10-13 05:35:00,6499.0,coal_black,MW,nem,NSW1
2017-10-13 05:40:00,6449.0,coal_black,MW,nem,NSW1
2017-10-13 05:45:00,6369.0,coal_black,MW,nem,NSW1
2017-10-13 05:50:00,6461.0,coal_black,MW,nem,NSW1
2017-10-13 05:55:00,6562.0,coal_black,MW,nem,NSW1
2017-10-13 06:00:00,6575.0,coal_black,MW,nem,NSW1
2017-10-13 06:05:00,6611.0,coal_black,MW,nem,NSW1
2017-10-13 06:10:00,6648.0,coal_black,MW,nem,NSW1
2017-10-13 06:15:00,6789.0,coal_black,MW,nem,NSW1
2017-10-13 06:20:00,6881.0,coal_black,MW,nem,NSW1
2017-10-13 06:25:00,6979.0,coal_black,MW,nem,NSW1
2017-10-13 06:30:00,6980.0,coal_black,MW,nem,NSW1
2017-10-13 06:35:00,7137.0,coal_black,MW,nem,NSW1
2017-10-13 06:40:00,7092.0,coal_black,MW,nem,NSW1
2017-10-13 06:45:00,7053.0,coal_black,MW,nem,NSW1
2017-10-13 06:50:00,7110.0,coal_black,MW,nem,NSW1
2017-10-13 06:55:00,7194.0,coal_black,MW,nem,NSW1
2017-10-13 07:00:00,7166.0,coal_black,MW,nem,NSW1
2017-10-13 07:05:00,7163.0,coal_black,MW,nem,NSW1
2017-10-13 07:10:00,7093.0,coal_black,MW,nem,NSW1
2017-10-13 07:15:00,7092.0,coal_black,MW,nem,NSW1
2017-10-13 07:20:00,7074.0,coal_black,MW,nem,NSW1
2017-10-13 07:25:00,7069.0,coal_black,MW,nem,NSW1
2017-10-13 07:30:00,7110.0,coal_black,MW,nem,NSW1
2017-10-13 07:35:00,7097.0,coal_black,MW,nem,NSW1
2017-10-13 07:40:00,7017.0,coal_black,MW,nem,NSW1
2017-10-13 07:45:00,6905.0,coal_black,MW,nem,NSW1
2017-10-13 07:50:00,6921.0,coal_black,MW,nem,NSW1
2017-10-13 07:55:00,6867.0,coal_black,MW,nem,NSW1
2017-10-13 08:00:00,6816.0,coal_black,MW,nem,NSW1
2017-10-13 08:05:00,6801.0,coal_black,MW,nem,NSW1
2017-10-13 08:10:00,6729.0,coal_black,MW,nem,NSW1
2017-10-13 08:15:00,6774.0,coal_black,MW,nem,NSW1
2017-10-13 08:20:00,6811.0,coal_black,MW,nem,NSW1
2017-10-13 08:25:00,6634.0,coal_black,MW,nem,NSW1
2017-10-13 08:30:00,6627.0,coal_black,MW,nem,NSW1
2017-10-13 08:35:00,6569.0,coal_black,MW,nem,NSW1
2017-10-13 08:40:00,6655.0,coal_black,MW,nem,NSW1
2017-10-13 08:45:00,6673.0,coal_black,MW,nem,NSW1
2017-10-13 08:50:00,6626.0,coal_black,MW,nem,NSW1
2017-10-13 08:55:00,6574.0,coal_black,MW,nem,NSW1
2017-10-13 09:00:00,6548.0,coal_black,MW,nem,NSW1
2017-10-13 09:05:00,6565.0,coal_black,MW,nem,NSW1
2017-10-13 09:10:00,6579.0,coal_black,MW,nem,NSW1
2017-10-13 09:15:00,6587.0,coal_black,MW,nem,NSW1
2017-10-13 09:20:00,6581.0,coal_black,MW,nem,NSW1
2017-10-13 09:25:00,6559.0,coal_black,MW,nem,NSW1
2017-10-13 09:30:00,6504.0,coal_black,MW,nem,NSW1
2017-10-13 09:35:00,6558.0,coal_black,MW,nem,NSW1
2017-10-13 09:40:00,6605.0,coal_black,MW,nem,NSW1
2017-10-13 09:45:00,6618.0,coal_black,MW,nem,NSW1
2017-10-13 09:50:00,6582.0,coal_black,MW,nem,NSW1
2017-10-13 09:55:00,6587.0,coal_black,MW,nem,NSW1
2017-10-13 10:00:00,6566.0,coal_black,MW,nem,NSW1
2017-10-13 10:05:00,6572.0,coal_black,MW,nem,NSW1
2017-10-13 10:10:00,6716.0,coal_black,MW,nem,NSW1
2017-10-13 10:15:00,6735.0,coal_black,MW,nem,NSW1
2017-10-13 10:20:00,6771.0,coal_black,MW,nem,NSW1
2017-10-13 10:25:00,6787.0,coal_black,MW,nem,NSW1
2017-10-13 10:30:00,6779.0,coal_black,MW,nem,NSW1
2017-10-13 10:35:00,6797.0,coal_black,MW,nem,NSW1
2017-10-13 10:40:00,6781.0,coal_black,MW,nem,NSW1
2017-10-13 10:45:00,6677.0,coal_black,MW,nem,NSW1
2017-10-13 10:50:00,6625.0,coal_black,MW,nem,NSW1
2017-10-13 10:55:00,6505.0,coal_black,MW,nem,NSW1
2017-10-13 11:00:00,6425.0,coal_black,MW,nem,NSW1
2017-10-13 11:05:00,6420.0,coal_black,MW,nem,NSW1
2017-10-13 11:10:00,6407.0,coal_black,MW,nem,NSW1
2017-10-13 11:15:00,6468.0,coal_black,MW,nem,NSW1
2017-10-13 11:20:00,6454.0,coal_black,MW,nem,NSW1
2017-10-13 11:25:00,6382.0,coal_black,MW,nem,NSW1
2017-10-13 11:30:00,6368.0,coal_black,MW,nem,NSW1
2017-10-13 11:35:00,6433.0,coal_black,MW,nem,NSW1
2017-10-13 11:40:00,6450.0,coal_black,MW,nem,NSW1
2017-10-13 11:45:00,6492.0,coal_black,MW,nem,NSW1
2017-10-13 11:50:00,6449.0,coal_black,MW,nem,NSW1
2017-10-13 11:55:00,6436.0,coal_black,MW,nem,NSW1
2017-10-13 12:00:00,6449.0,coal_black,MW,nem,NSW1
2017-10-13 12:05:00,6448.0,coal_black,MW,nem,NSW1
2017-10-13 12:10:00,6351.0,coal_black,MW,nem,NSW1
2017-10-13 12:15:00,6264.0,coal_black,MW,nem,NSW1
2017-10-13 12:20:00,6223.0,coal_black,MW,nem,NSW1
2017-10-13 12:25:00,6234.0,coal_black,MW,nem,NSW1
2017-10-13 12:30:00,6156.0,coal_black,MW,nem,NSW1
2017-10-13 12:35:00,6063.0,coal_black,MW,nem,NSW1
2017-10-13 12:40:00,5958.0,coal_black,MW,nem,NSW1
2017-10-13 12:45:00,5824.0,coal_black,MW,nem,NSW1
2017-10-13 12:50:00,5878.0,coal_black,MW,nem,NSW1
2017-10-13 12:55:00,6018.0,coal_black,MW,nem,NSW1
2017-10-13 13:00:00,6023.0,coal_black,MW,nem,NSW1
2017-10-13 13:05:00,5966.0,coal_black,MW,nem,NSW1
2017-10-13 13:10:00,6003.0,coal_black,MW,nem,NSW1
2017-10-13 13:15:00,6007.0,coal_black,MW,nem,NSW1
2017-10-13 13:20:00,5931.0,coal_black,MW,nem,NSW1
2017-10-13 13:25:00,5941.0,coal_black,MW,nem,NSW1
2017-10-13 13:30:00,6109.0,coal_black,MW,nem,NSW1
2017-10-13 13:35:00,6206.0,coal_black,MW,nem,NSW1
2017-10-13 13:40:00,6241.0,coal_black,MW,nem,NSW1
2017-10-13 13:45:00,6329.0,coal_black,MW,nem,NSW1
2017-10-13 13:50:00,6435.0,coal_black,MW,nem,NSW1
2017-10-13 13:55:00,6446.0,coal_black,MW,nem,NSW1
2017-10-13 14:00:00,6580.0,coal_black,MW,nem,NSW1
2017-10-13 14:05:00,6656.0,coal_black,MW,nem,NSW1
2017-10-13 14:10:00,6694.0,coal_black,MW,nem,NSW1
2017-10-13 14:15:00,6734.0,coal_black,MW,nem,NSW1
2017-10-13 14:20:00,6747.0,coal_black,MW,nem,NSW1
2017-10-13 14:25:00,6754.0,coal_black,MW,nem,NSW1
2017-10-13 14:30:00,6716.0,coal_black,MW,nem,NSW1
2017-10-13 14:35:00,6707.0,coal_black,MW,nem,NSW1
2017-10-13 14:40:00,6744.0,coal_black,MW,nem,NSW1
2017-10-13 14:45:00,6754.0,coal_black,MW,nem,NSW1
2017-10-13 14:50:00,6779.0,coal_black,MW,nem,NSW1
2017-10-13 14:55:00,6843.0,coal_black,MW,nem,NSW1
2017-10-13 15:00:00,6876.0,coal_black,MW,nem,NSW1
2017-10-13 15:05:00,6813.0,coal_black,MW,nem,NSW1
2017-10-13 15:10:00,6848.0,coal_black,MW,nem,NSW1
2017-10-13 15:15:00,6828.0,coal_black,MW,nem,NSW1
2017-10-13 15:20:00,6883.0,coal_black,MW,nem,NSW1
2017-10-13 15:25:00,6942.0,coal_black,MW,nem,NSW1
2017-10-13 15:30:00,7047.0,coal_black,MW,nem,NSW1
2017-10-13 15:35:00,7088.0,coal_black,MW,nem,NSW1
2017-10-13 15:40:00,7138.0,coal_black,MW,nem,NSW1
2017-10-13 15:45:00,7138.0,coal_black,MW,nem,NSW1
2017-10-13 15:50:00,7066.0,coal_black,MW,nem,NSW1
2017-10-13 15:55:00,7105.0,coal_black,MW,nem,NSW1
2017-10-13 16:00:00,7090.0,coal_black,MW,nem,NSW1
2017-10-13 16:05:00,7090.0,coal_black,MW,nem,NSW1
2017-10-13 16:10:00,7056.0,coal_black,MW,nem,NSW1
2017-10-13 16:15:00,6949.0,coal_black,MW,nem,NSW1
2017-10-13 16:20:00,6938.0,coal_black,MW,nem,NSW1
2017-10-13 16:25:00,7005.0,coal_black,MW,nem,NSW1
2017-10-13 16:30:00,7059.0,coal_black,MW,nem,NSW1
2017-10-13 16:35:00,7033.0,coal_black,MW,nem,NSW1
2017-10-13 16:40:00,6933.0,coal_black,MW,nem,NSW1
2017-10-13 16:45:00,6869.0,coal_black,MW,nem,NSW1
2017-10-13 16:50:00,6830.0,coal_black,MW,nem,NSW1
2017-10-13 16:55:00,6895.0,coal_black,MW,nem,NSW1
2017-10-13 17:00:00,6924.0,coal_black,MW,nem,NSW1
2017-10-13 17:05:00,6948.0,coal_black,MW,nem,NSW1
2017-10-13 17:10:00,6940.0,coal_black,MW,nem,NSW1
2017-10-13 17:15:00,6992.0,coal_black,MW,nem,NSW1
2017-10-13 17:20:00,6924.0,coal_black,MW,nem,NSW1
2017-10-13 17:25:00,6971.0,coal_black,MW,nem,NSW1
2017-10-13 17:30:00,7003.0,coal_black,MW,nem,NSW1
2017-10-13 17:35:00,6996.0,coal_black,MW,nem,NSW1
2017-10-13 17:40:00,7085.0,coal_black,MW,nem,NSW1
2017-10-13 17:45:00,7076.0,coal_black,MW,nem,NSW1
2017-10-13 17:50:00,7129.0,coal_black,MW,nem,NSW1
2017-10-13 17:55:00,7114.0,coal_black,MW,nem,NSW1
2017-10-13 18:00:00,7118.0,coal_black,MW,nem,NSW1
2017-10-13 18:05:00,7124.0,coal_black,MW,nem,NSW1
2017-10-13 18:10:00,7189.0,coal_black,MW,nem,NSW1
2017-10-13 18:15:00,7184.0,coal_black,MW,nem,NSW1
2017-10-13 18:20:00,7189.0,coal_black,MW,nem,NSW1
2017-10-13 18:25:00,7259.0,coal_black,MW,nem,NSW1
2017-10-13 18:30:00,7328.0,coal_black,MW,nem,NSW1
2017-10-13 18:35:00,7331.0,coal_black,MW,nem,NSW1
2017-10-13 18:40:00,7349.0,coal_black,MW,nem,NSW1
2017-10-13 18:45:00,7355.0,coal_black,MW,nem,NSW1
2017-10-13 18:50:00,7314.0,coal_black,MW,nem,NSW1
2017-10-13 18:55:00,7321.0,coal_black,MW,nem,NSW1
2017-10-13 19:00:00,7327.0,coal_black,MW,nem,NSW1
2017-10-13 19:05:00,7278.0,coal_black,MW,nem,NSW1
2017-10-13 19:10:00,7270.0,coal_black,MW,nem,NSW1
2017-10-13 19:15:00,7307.0,coal_black,MW,nem,NSW1
2017-10-13 19:20:00,7212.0,coal_black,MW,nem,NSW1
2017-10-13 19:25:00,7203.0,coal_black,MW,nem,NSW1
2017-10-13 19:30:00,7197.0,coal_black,MW,nem,NSW1
2017-10-13 19:35:00,7234.0,coal_black,MW,nem,NSW1
2017-10-13 19:40:00,7278.0,coal_black,MW,nem,NSW1
2017-10-13 19:45:00,7357.0,coal_black,MW,nem,NSW1
2017-10-13 19:50:00,7296.0,coal_black,MW,nem,NSW1
2017-10-13 19:55:00,7314.0,coal_black,MW,nem,NSW1
2017-10-13 20:00:00,7238.0,coal_black,MW,nem,NSW1
2017-10-13 20:05:00,7117.0,coal_black,MW,nem,NSW1
2017-10-13 20:10:00,7142.0,coal_black,MW,nem,NSW1
2017-10-13 20:15:00,7144.0,coal_black,MW,nem,NSW1
2017-10-13 20:20:00,7079.0,coal_black,MW,nem,NSW1
2017-10-13 20:25:00,7058.0,coal_black,MW,nem,NSW1
2017-10-13 20:30:00,7091.0,coal_black,MW,nem,NSW1
2017-10-13 20:35:00,6970.0,coal_black,MW,nem,NSW1
2017-10-13 20:40:00,6936.0,coal_black,MW,nem,NSW1
2017-10-13 20:45:00,6888.0,coal_black,MW,nem,NSW1
2017-10-13 20:50:00,6960.0,coal_black,MW,nem,NSW1
2017-10-13 20:55:00,6914.0,coal_black,MW,nem,NSW1
2017-10-13 21:00:00,6964.0,coal_black,MW,nem,NSW1
2017-10-13 21:05:00,6862.0,coal_black,MW,nem,NSW1
2017-10-13 21:10:00,6841.0,coal_black,MW,nem,NSW1
2017-10-13 21:15:00,6781.0,coal_black,MW,nem,NSW1
2017-10-13 21:20:00,6784.0,coal_black,MW,nem,NSW1
2017-10-13 21:25:00,6826.0,coal_black,MW,nem,NSW1
2017-10-13 21:30:00,6868.0,coal_black,MW,nem,NSW1
2017-10-13 21:35:00,6844.0,coal_black,MW,nem,NSW1
2017-10-13 21:40:00,6959.0,coal_black,MW,nem,NSW1
2017-10-13 21:45:00,6929.0,coal_black,MW,nem,NSW1
2017-10-13 21:50:00,6964.0,coal_black,MW,nem,NSW1
2017-10-13 21:55:00,7002.0,coal_black,MW,nem,NSW1
2017-10-13 22:00:00,6881.0,coal_black,MW,nem,NSW1
2017-10-13 22:05:00,6809.0,coal_black,MW,nem,NSW1
2017-10-13 22:10:00,6927.0,coal_black,MW,nem,NSW1
2017-10-13 22:15:00,6881.0,coal_black,MW,nem,NSW1
2017-10-13 22:20:00,6927.0,coal_black,MW,nem,NSW1
2017-10-13 22:25:00,6918.0,coal_black,MW,nem,NSW1
2017-10-13 22:30:00,6981.0,coal_black,MW,nem,NSW1
2017-10-13 22:35:00,6854.0,coal_black,MW,nem,NSW1
2017-10-13 22:40:00,6938.0,coal_black,MW,nem,NSW1
2017-10-13 22:45:00,6875.0,coal_black,MW,nem,NSW1
2017-10-13 22:50:00,6921.0,coal_black,MW,nem,NSW1
2017-10-13 22:55:00,6859.0,coal_black,MW,nem,NSW1
2017-10-13 23:00:00,6806.0,coal_black,MW,nem,NSW1
2017-10-13 23:05:00,6871.0,coal_black,MW,nem,NSW1
2017-10-13 23:10:00,6903.0,coal_black,MW,nem,NSW1
2017-10-13 23:15:00,6944.0,coal_black,MW,nem,NSW1
2017-10-13 23:20:00,6847.0,coal_black,MW,nem,NSW1
2017-10-13 23:25:00,6849.0,coal_black,MW,nem,NSW1
2017-10-13 23:30:00,6849.0,coal_black,MW,nem,NSW1
2017-10-13 23:35:00,6748.0,coal_black,MW,nem,NSW1
2017-10-13 23:40:00,6788.0,coal_black,MW,nem,NSW1
2017-10-13 23:45:00,6730.0,coal_black,MW,nem,NSW1
2017-10-13 23:50:00,6615.0,coal_black,MW,nem,NSW1
2017-10-13 23:55:00,6552.0,coal_black,MW,nem,NSW1
2017-10-14 00:00:00,6499.0,coal_black,MW,nem,NSW1
2017-10-14 00:05:00,6482.0,coal_black,MW,nem,NSW1
2017-10-14 00:10:00,6369.0,coal_black,MW,nem,NSW1
2017-10-14 00:15:00,6406.0,coal_black,MW,nem,NSW1
2017-10-14 00:20:00,6414.0,coal_black,MW,nem,NSW1
2017-10-14 00:25:00,6349.0,coal_black,MW,nem,NSW1
2017-10-14 00:30:00,6285.0,coal_black,MW,nem,NSW1
2017-10-14 00:35:00,6290.0,coal_black,MW,nem,NSW1
2017-10-14 00:40:00,6214.0,coal_black,MW,nem,NSW1
2017-10-14 00:45:00,6083.0,coal_black,MW,nem,NSW1
2017-10-14 00:50:00,6034.0,coal_black,MW,nem,NSW1
2017-10-14 00:55:00,5973.0,coal_black,MW,nem,NSW1
2017-10-14 01:00:00,5891.0,coal_black,MW,nem,NSW1
2017-10-14 01:05:00,5864.0,coal_black,MW,nem,NSW1
2017-10-14 01:10:00,5793.0,coal_black,MW,nem,NSW1
2017-10-14 01:15:00,5749.0,coal_black,MW,nem,NSW1
2017-10-14 01:20:00,5717.0,coal_black,MW,nem,NSW1
2017-10-14 01:25:00,5633.0,coal_black,MW,nem,NSW1
2017-10-14 01:30:00,5663.0,coal_black,MW,nem,NSW1
2017-10-14 01:35:00,5594.0,coal_black,MW,nem,NSW1
2017-10-14 01:40:00,5585.0,coal_black,MW,nem,NSW1
2017-10-14 01:45:00,5601.0,coal_black,MW,nem,NSW1
2017-10-14 01:50:00,5549.0,coal_black,MW,nem,NSW1
2017-10-14 01:55:00,5532.0,coal_black,MW,nem,NSW1
2017-10-14 02:00:00,5483.0,coal_black,MW,nem,NSW1
2017-10-14 02:05:00,5476.0,coal_black,MW,nem,NSW1
2017-10-14 02:10:00,5389.0,coal_black,MW,nem,NSW1
2017-10-14 02:15:00,5367.0,coal_black,MW,nem,NSW1
2017-10-14 02:20:00,5363.0,coal_black,MW,nem,NSW1
2017-10-14 02:25:00,5328.0,coal_black,MW,nem,NSW1
2017-10-14 02:30:00,5261.0,coal_black,MW,nem,NSW1
2017-10-14 02:35:00,5259.0,coal_black,MW,nem,NSW1
2017-10-14 02:40:00,5228.0,coal_black,MW,nem,NSW1
2017-10-14 02:45:00,5224.0,coal_black,MW,nem,NSW1
2017-10-14 02:50:00,5251.0,coal_black,MW,nem,NSW1
2017-10-14 02:55:00,5215.0,coal_black,MW,nem,NSW1
2017-10-14 03:00:00,5167.0,coal_black,MW,nem,NSW1
2017-10-14 03:05:00,5110.0,coal_black,MW,nem,NSW1
2017-10-14 03:10:00,5141.0,coal_black,MW,nem,NSW1
2017-10-14 03:15:00,5097.0,coal_black,MW,nem,NSW1
2017-10-14 03:20:00,5118.0,coal_black,MW,nem,NSW1
2017-10-14 03:25:00,5146.0,coal_black,MW,nem,NSW1
2017-10-14 03:30:00,5130.0,coal_black,MW,nem,NSW1
2017-10-14 03:35:00,5091.0,coal_black,MW,nem,NSW1
2017-10-14 03:40:00,5132.0,coal_black,MW,nem,NSW1
2017-10-14 03:45:00,5095.0,coal_black,MW,nem,NSW1
2017-10-14 03:50:00,5056.0,coal_black,MW,nem,NSW1
2017-10-14 03:55:00,5100.0,coal_black,MW,nem,NSW1
2017-10-14 04:00:00,5137.0,coal_black,MW,nem,NSW1
2017-10-14 04:05:00,5118.0,coal_black,MW,nem,NSW1
2017-10-14 04:10:00,5105.0,coal_black,MW,nem,NSW1
2017-10-14 04:15:00,5102.0,coal_black,MW,nem,NSW1
2017-10-14 04:20:00,5102.0,coal_black,MW,nem,NSW1
2017-10-14 04:25:00,5065.0,coal_black,MW,nem,NSW1
2017-10-14 04:30:00,5066.0,coal_black,MW,nem,NSW1
2017-10-14 04:35:00,5118.0,coal_black,MW,nem,NSW1
2017-10-14 04:40:00,5157.0,coal_black,MW,nem,NSW1
2017-10-14 04:45:00,5106.0,coal_black,MW,nem,NSW1
2017-10-14 04:50:00,5115.0,coal_black,MW,nem,NSW1
2017-10-14 04:55:00,5097.0,coal_black,MW,nem,NSW1
2017-10-14 05:00:00,5160.0,coal_black,MW,nem,NSW1
2017-10-14 05:05:00,5202.0,coal_black,MW,nem,NSW1
2017-10-14 05:10:00,5277.0,coal_black,MW,nem,NSW1
2017-10-14 05:15:00,5493.0,coal_black,MW,nem,NSW1
2017-10-14 05:20:00,5528.0,coal_black,MW,nem,NSW1
2017-10-14 05:25:00,5559.0,coal_black,MW,nem,NSW1
2017-10-14 05:30:00,5534.0,coal_black,MW,nem,NSW1
2017-10-14 05:35:00,5479.0,coal_black,MW,nem,NSW1
2017-10-14 05:40:00,5339.0,coal_black,MW,nem,NSW1
2017-10-14 05:45:00,5312.0,coal_black,MW,nem,NSW1
2017-10-14 05:50:00,5413.0,coal_black,MW,nem,NSW1
2017-10-14 05:55:00,5492.0,coal_black,MW,nem,NSW1
2017-10-14 06:00:00,5586.0,coal_black,MW,nem,NSW1
2017-10-14 06:05:00,5624.0,coal_black,MW,nem,NSW1
2017-10-14 06:10:00,5595.0,coal_black,MW,nem,NSW1
2017-10-14 06:15:00,5626.0,coal_black,MW,nem,NSW1
2017-10-14 06:20:00,5650.0,coal_black,MW,nem,NSW1
2017-10-14 06:25:00,5625.0,coal_black,MW,nem,NSW1
2017-10-14 06:30:00,5633.0,coal_black,MW,nem,NSW1
2017-10-14 06:35:00,5680.0,coal_black,MW,nem,NSW1
2017-10-14 06:40:00,5792.0,coal_black,MW,nem,NSW1
2017-10-14 06:45:00,5856.0,coal_black,MW,nem,NSW1
2017-10-14 06:50:00,5858.0,coal_black,MW,nem,NSW1
2017-10-14 06:55:00,5903.0,coal_black,MW,nem,NSW1
2017-10-14 07:00:00,5967.0,coal_black,MW,nem,NSW1
2017-10-14 07:05:00,6092.0,coal_black,MW,nem,NSW1
2017-10-14 07:10:00,6143.0,coal_black,MW,nem,NSW1
2017-10-14 07:15:00,6142.0,coal_black,MW,nem,NSW1
2017-10-14 07:20:00,6190.0,coal_black,MW,nem,NSW1
2017-10-14 07:25:00,6148.0,coal_black,MW,nem,NSW1
2017-10-14 07:30:00,6115.0,coal_black,MW,nem,NSW1
2017-10-14 07:35:00,6174.0,coal_black,MW,nem,NSW1
2017-10-14 07:40:00,6210.0,coal_black,MW,nem,NSW1
2017-10-14 07:45:00,6246.0,coal_black,MW,nem,NSW1
2017-10-14 07:50:00,6314.0,coal_black,MW,nem,NSW1
2017-10-14 07:55:00,6334.0,coal_black,MW,nem,NSW1
2017-10-14 08:00:00,6306.0,coal_black,MW,nem,NSW1
2017-10-14 08:05:00,6322.0,coal_black,MW,nem,NSW1
2017-10-14 08:10:00,6298.0,coal_black,MW,nem,NSW1
2017-10-14 08:15:00,6274.0,coal_black,MW,nem,NSW1
2017-10-14 08:20:00,6292.0,coal_black,MW,nem,NSW1
2017-10-14 08:25:00,6278.0,coal_black,MW,nem,NSW1
2017-10-14 08:30:00,6312.0,coal_black,MW,nem,NSW1
2017-10-14 08:35:00,6330.0,coal_black,MW,nem,NSW1
2017-10-14 08:40:00,6350.0,coal_black,MW,nem,NSW1
2017-10-14 08:45:00,6368.0,coal_black,MW,nem,NSW1
2017-10-14 08:50:00,6310.0,coal_black,MW,nem,NSW1
2017-10-14 08:55:00,6338.0,coal_black,MW,nem,NSW1
2017-10-14 09:00:00,6362.0,coal_black,MW,nem,NSW1
2017-10-14 09:05:00,6321.0,coal_black,MW,nem,NSW1
2017-10-14 09:10:00,6298.0,coal_black,MW,nem,NSW1
2017-10-14 09:15:00,6282.0,coal_black,MW,nem,NSW1
2017-10-14 09:20:00,6256.0,coal_black,MW,nem,NSW1
2017-10-14 09:25:00,6313.0,coal_black,MW,nem,NSW1
2017-10-14 09:30:00,6292.0,coal_black,MW,nem,NSW1
2017-10-14 09:35:00,6288.0,coal_black,MW,nem,NSW1
2017-10-14 09:40:00,6215.0,coal_black,MW,nem,NSW1
2017-10-14 09:45:00,6215.0,coal_black,MW,nem,NSW1
2017-10-14 09:50:00,6243.0,coal_black,MW,nem,NSW1
2017-10-14 09:55:00,6205.0,coal_black,MW,nem,NSW1
2017-10-14 10:00:00,6173.0,coal_black,MW,nem,NSW1
2017-10-14 10:05:00,6112.0,coal_black,MW,nem,NSW1
2017-10-14 10:10:00,6061.0,coal_black,MW,nem,NSW1
2017-10-14 10:15:00,6091.0,coal_black,MW,nem,NSW1
2017-10-14 10:20:00,6040.0,coal_black,MW,nem,NSW1
2017-10-14 10:25:00,5985.0,coal_black,MW,nem,NSW1
2017-10-14 10:30:00,5939.0,coal_black,MW,nem,NSW1
2017-10-14 10:35:00,5893.0,coal_black,MW,nem,NSW1
2017-10-14 10:40:00,5842.0,coal_black,MW,nem,NSW1
2017-10-14 10:45:00,5855.0,coal_black,MW,nem,NSW1
2017-10-14 10:50:00,5824.0,coal_black,MW,nem,NSW1
2017-10-14 10:55:00,5920.0,coal_black,MW,nem,NSW1
2017-10-14 11:00:00,5893.0,coal_black,MW,nem,NSW1
2017-10-14 11:05:00,5847.0,coal_black,MW,nem,NSW1
2017-10-14 11:10:00,5791.0,coal_black,MW,nem,NSW1
2017-10-14 11:15:00,5705.0,coal_black,MW,nem,NSW1
2017-10-14 11:20:00,5657.0,coal_black,MW,nem,NSW1
2017-10-14 11:25:00,5624.0,coal_black,MW,nem,NSW1
2017-10-14 11:30:00,5577.0,coal_black,MW,nem,NSW1
2017-10-14 11:35:00,5597.0,coal_black,MW,nem,NSW1
2017-10-14 11:40:00,5592.0,coal_black,MW,nem,NSW1
2017-10-14 11:45:00,5577.0,coal_black,MW,nem,NSW1
2017-10-14 11:50:00,5597.0,coal_black,MW,nem,NSW1
2017-10-14 11:55:00,5561.0,coal_black,MW,nem,NSW1
2017-10-14 12:00:00,5538.0,coal_black,MW,nem,NSW1
2017-10-14 12:05:00,5611.0,coal_black,MW,nem,NSW1
2017-10-14 12:10:00,5591.0,coal_black,MW,nem,NSW1
2017-10-14 12:15:00,5535.0,coal_black,MW,nem,NSW1
2017-10-14 12:20:00,5546.0,coal_black,MW,nem,NSW1
2017-10-14 12:25:00,5534.0,coal_black,MW,nem,NSW1
2017-10-14 12:30:00,5550.0,coal_black,MW,nem,NSW1
2017-10-14 12:35:00,5496.0,coal_black,MW,nem,NSW1
2017-10-14 12:40:00,5453.0,coal_black,MW,nem,NSW1
2017-10-14 12:45:00,5414.0,coal_black,MW,nem,NSW1
2017-10-14 12:50:00,5437.0,coal_black,MW,nem,NSW1
2017-10-14 12:55:00,5391.0,coal_black,MW,nem,NSW1
2017-10-14 13:00:00,5385.0,coal_black,MW,nem,NSW1
2017-10-14 13:05:00,5409.0,coal_black,MW,nem,NSW1
2017-10-14 13:10:00,5388.0,coal_black,MW,nem,NSW1
2017-10-14 13:15:00,5362.0,coal_black,MW,nem,NSW1
2017-10-14 13:20:00,5291.0,coal_black,MW,nem,NSW1
2017-10-14 13:25:00,5255.0,coal_black,MW,nem,NSW1
2017-10-14 13:30:00,5241.0,coal_black,MW,nem,NSW1
2017-10-14 13:35:00,5189.0,coal_black,MW,nem,NSW1
2017-10-14 13:40:00,5164.0,coal_black,MW,nem,NSW1
2017-10-14 13:45:00,5207.0,coal_black,MW,nem,NSW1
2017-10-14 13:50:00,5189.0,coal_black,MW,nem,NSW1
2017-10-14 13:55:00,5174.0,coal_black,MW,nem,NSW1
2017-10-14 14:00:00,5185.0,coal_black,MW,nem,NSW1
2017-10-14 14:05:00,5188.0,coal_black,MW,nem,NSW1
2017-10-14 14:10:00,5188.0,coal_black,MW,nem,NSW1
2017-10-14 14:15:00,5243.0,coal_black,MW,nem,NSW1
2017-10-14 14:20:00,5210.0,coal_black,MW,nem,NSW1
2017-10-14 14:25:00,5221.0,coal_black,MW,nem,NSW1
2017-10-14 14:30:00,5198.0,coal_black,MW,nem,NSW1
2017-10-14 14:35:00,5211.0,coal_black,MW,nem,NSW1
2017-10-14 14:40:00,5228.0,coal_black,MW,nem,NSW1
2017-10-14 14:45:00,5265.0,coal_black,MW,nem,NSW1
2017-10-14 14:50:00,5224.0,coal_black,MW,nem,NSW1
2017-10-14 14:55:00,5228.0,coal_black,MW,nem,NSW1
2017-10-14 15:00:00,5253.0,coal_black,MW,nem,NSW1
2017-10-14 15:05:00,5318.0,coal_black,MW,nem,NSW1
2017-10-14 15:10:00,5347.0,coal_black,MW,nem,NSW1
2017-10-14 15:15:00,5377.0,coal_black,MW,nem,NSW1
2017-10-14 15:20:00,5385.0,coal_black,MW,nem,NSW1
2017-10-14 15:25:00,5395.0,coal_black,MW,nem,NSW1
2017-10-14 15:30:00,5384.0,coal_black,MW,nem,NSW1
2017-10-14 15:35:00,5463.0,coal_black,MW,nem,NSW1
2017-10-14 15:40:00,5541.0,coal_black,MW,nem,NSW1
2017-10-14 15:45:00,5584.0,coal_black,MW,nem,NSW1
2017-10-14 15:50:00,5578.0,coal_black,MW,nem,NSW1
2017-10-14 15:55:00,5650.0,coal_black,MW,nem,NSW1
2017-10-14 16:00:00,5649.0,coal_black,MW,nem,NSW1
2017-10-14 16:05:00,5841.0,coal_black,MW,nem,NSW1
2017-10-14 16:10:00,5907.0,coal_black,MW,nem,NSW1
2017-10-14 16:15:00,6122.0,coal_black,MW,nem,NSW1
2017-10-14 16:20:00,6164.0,coal_black,MW,nem,NSW1
2017-10-14 16:25:00,6234.0,coal_black,MW,nem,NSW1
2017-10-14 16:30:00,6214.0,coal_black,MW,nem,NSW1
2017-10-14 16:35:00,6289.0,coal_black,MW,nem,NSW1
2017-10-14 16:40:00,6318.0,coal_black,MW,nem,NSW1
2017-10-14 16:45:00,6367.0,coal_black,MW,nem,NSW1
2017-10-14 16:50:00,6487.0,coal_black,MW,nem,NSW1
2017-10-14 16:55:00,6576.0,coal_black,MW,nem,NSW1
2017-10-14 17:00:00,6585.0,coal_black,MW,nem,NSW1
2017-10-14 17:05:00,6624.0,coal_black,MW,nem,NSW1
2017-10-14 17:10:00,6618.0,coal_black,MW,nem,NSW1
2017-10-14 17:15:00,6493.0,coal_black,MW,nem,NSW1
2017-10-14 17:20:00,6481.0,coal_black,MW,nem,NSW1
2017-10-14 17:25:00,6440.0,coal_black,MW,nem,NSW1
2017-10-14 17:30:00,6472.0,coal_black,MW,nem,NSW1
2017-10-14 17:35:00,6508.0,coal_black,MW,nem,NSW1
2017-10-14 17:40:00,6592.0,coal_black,MW,nem,NSW1
2017-10-14 17:45:00,6703.0,coal_black,MW,nem,NSW1
2017-10-14 17:50:00,6746.0,coal_black,MW,nem,NSW1
2017-10-14 17:55:00,6736.0,coal_black,MW,nem,NSW1
2017-10-14 18:00:00,6759.0,coal_black,MW,nem,NSW1
2017-10-14 18:05:00,6743.0,coal_black,MW,nem,NSW1
2017-10-14 18:10:00,6778.0,coal_black,MW,nem,NSW1
2017-10-14 18:15:00,6786.0,coal_black,MW,nem,NSW1
2017-10-14 18:20:00,6716.0,coal_black,MW,nem,NSW1
2017-10-14 18:25:00,6757.0,coal_black,MW,nem,NSW1
2017-10-14 18:30:00,6768.0,coal_black,MW,nem,NSW1
2017-10-14 18:35:00,6812.0,coal_black,MW,nem,NSW1
2017-10-14 18:40:00,6742.0,coal_black,MW,nem,NSW1
2017-10-14 18:45:00,6753.0,coal_black,MW,nem,NSW1
2017-10-14 18:50:00,6692.0,coal_black,MW,nem,NSW1
2017-10-14 18:55:00,6675.0,coal_black,MW,nem,NSW1
2017-10-14 19:00:00,6699.0,coal_black,MW,nem,NSW1
2017-10-14 19:05:00,6627.0,coal_black,MW,nem,NSW1
2017-10-14 19:10:00,6661.0,coal_black,MW,nem,NSW1
2017-10-14 19:15:00,6619.0,coal_black,MW,nem,NSW1
2017-10-14 19:20:00,6550.0,coal_black,MW,nem,NSW1
2017-10-14 19:25:00,6511.0,coal_black,MW,nem,NSW1
2017-10-14 19:30:00,6509.0,coal_black,MW,nem,NSW1
2017-10-14 19:35:00,6418.0,coal_black,MW,nem,NSW1
2017-10-14 19:40:00,6472.0,coal_black,MW,nem,NSW1
2017-10-14 19:45:00,6458.0,coal_black,MW,nem,NSW1
2017-10-14 19:50:00,6411.0,coal_black,MW,nem,NSW1
2017-10-14 19:55:00,6431.0,coal_black,MW,nem,NSW1
2017-10-14 20:00:00,6326.0,coal_black,MW,nem,NSW1
2017-10-14 20:05:00,6248.0,coal_black,MW,nem,NSW1
2017-10-14 20:10:00,6404.0,coal_black,MW,nem,NSW1
2017-10-14 20:15:00,6567.0,coal_black,MW,nem,NSW1
2017-10-14 20:20:00,6623.0,coal_black,MW,nem,NSW1
2017-10-14 20:25:00,6666.0,coal_black,MW,nem,NSW1
2017-10-14 20:30:00,6684.0,coal_black,MW,nem,NSW1
2017-10-14 20:35:00,6625.0,coal_black,MW,nem,NSW1
2017-10-14 20:40:00,6543.0,coal_black,MW,nem,NSW1
2017-10-14 20:45:00,6467.0,coal_black,MW,nem,NSW1
2017-10-14 20:50:00,6402.0,coal_black,MW,nem,NSW1
2017-10-14 20:55:00,6256.0,coal_black,MW,nem,NSW1
2017-10-14 21:00:00,6245.0,coal_black,MW,nem,NSW1
2017-10-14 21:05:00,6166.0,coal_black,MW,nem,NSW1
2017-10-14 21:10:00,6091.0,coal_black,MW,nem,NSW1
2017-10-14 21:15:00,6066.0,coal_black,MW,nem,NSW1
2017-10-14 21:20:00,6067.0,coal_black,MW,nem,NSW1
2017-10-14 21:25:00,6058.0,coal_black,MW,nem,NSW1
2017-10-14 21:30:00,6039.0,coal_black,MW,nem,NSW1
2017-10-14 21:35:00,5956.0,coal_black,MW,nem,NSW1
2017-10-14 21:40:00,5945.0,coal_black,MW,nem,NSW1
2017-10-14 21:45:00,5913.0,coal_black,MW,nem,NSW1
2017-10-14 21:50:00,5859.0,coal_black,MW,nem,NSW1
2017-10-14 21:55:00,5836.0,coal_black,MW,nem,NSW1
2017-10-14 22:00:00,5800.0,coal_black,MW,nem,NSW1
2017-10-14 22:05:00,5747.0,coal_black,MW,nem,NSW1
2017-10-14 22:10:00,5862.0,coal_black,MW,nem,NSW1
2017-10-14 22:15:00,5934.0,coal_black,MW,nem,NSW1
2017-10-14 22:20:00,5986.0,coal_black,MW,nem,NSW1
2017-10-14 22:25:00,5955.0,coal_black,MW,nem,NSW1
2017-10-14 22:30:00,5942.0,coal_black,MW,nem,NSW1
2017-10-14 22:35:00,5977.0,coal_black,MW,nem,NSW1
2017-10-14 22:40:00,6108.0,coal_black,MW,nem,NSW1
2017-10-14 22:45:00,6129.0,coal_black,MW,nem,NSW1
2017-10-14 22:50:00,6111.0,coal_black,MW,nem,NSW1
2017-10-14 22:55:00,6103.0,coal_black,MW,nem,NSW1
2017-10-14 23:00:00,5969.0,coal_black,MW,nem,NSW1
2017-10-14 23:05:00,5948.0,coal_black,MW,nem,NSW1
2017-10-14 23:10:00,6003.0,coal_black,MW,nem,NSW1
2017-10-14 23:15:00,6036.0,coal_black,MW,nem,NSW1
2017-10-14 23:20:00,5995.0,coal_black,MW,nem,NSW1
2017-10-14 23:25:00,5918.0,coal_black,MW,nem,NSW1
2017-10-14 23:30:00,5926.0,coal_black,MW,nem,NSW1
2017-10-14 23:35:00,5857.0,coal_black,MW,nem,NSW1
2017-10-14 23:40:00,6009.0,coal_black,MW,nem,NSW1
2017-10-14 23:45:00,5883.0,coal_black,MW,nem,NSW1
2017-10-14 23:50:00,5824.0,coal_black,MW,nem,NSW1
2017-10-14 23:55:00,5762.0,coal_black,MW,nem,NSW1
2017-10-15 00:00:00,5616.0,coal_black,MW,nem,NSW1
2017-10-15 00:05:00,5479.0,coal_black,MW,nem,NSW1
2017-10-15 00:10:00,5428.0,coal_black,MW,nem,NSW1
2017-10-15 00:15:00,5323.0,coal_black,MW,nem,NSW1
2017-10-15 00:20:00,5284.0,coal_black,MW,nem,NSW1
2017-10-15 00:25:00,5203.0,coal_black,MW,nem,NSW1
2017-10-15 00:30:00,5122.0,coal_black,MW,nem,NSW1
2017-10-15 00:35:00,5032.0,coal_black,MW,nem,NSW1
2017-10-15 00:40:00,5002.0,coal_black,MW,nem,NSW1
2017-10-15 00:45:00,4997.0,coal_black,MW,nem,NSW1
2017-10-15 00:50:00,4940.0,coal_black,MW,nem,NSW1
2017-10-15 00:55:00,4911.0,coal_black,MW,nem,NSW1
2017-10-15 01:00:00,4836.0,coal_black,MW,nem,NSW1
2017-10-15 01:05:00,4755.0,coal_black,MW,nem,NSW1
2017-10-15 01:10:00,4737.0,coal_black,MW,nem,NSW1
2017-10-15 01:15:00,4723.0,coal_black,MW,nem,NSW1
2017-10-15 01:20:00,4726.0,coal_black,MW,nem,NSW1
2017-10-15 01:25:00,4643.0,coal_black,MW,nem,NSW1
2017-10-15 01:30:00,4628.0,coal_black,MW,nem,NSW1
2017-10-15 01:35:00,4621.0,coal_black,MW,nem,NSW1
2017-10-15 01:40:00,4579.0,coal_black,MW,nem,NSW1
2017-10-15 01:45:00,4613.0,coal_black,MW,nem,NSW1
2017-10-15 01:50:00,4671.0,coal_black,MW,nem,NSW1
2017-10-15 01:55:00,4693.0,coal_black,MW,nem,NSW1
2017-10-15 02:00:00,4664.0,coal_black,MW,nem,NSW1
2017-10-15 02:05:00,4641.0,coal_black,MW,nem,NSW1
2017-10-15 02:10:00,4519.0,coal_black,MW,nem,NSW1
2017-10-15 02:15:00,4419.0,coal_black,MW,nem,NSW1
2017-10-15 02:20:00,4390.0,coal_black,MW,nem,NSW1
2017-10-15 02:25:00,4368.0,coal_black,MW,nem,NSW1
2017-10-15 02:30:00,4366.0,coal_black,MW,nem,NSW1
2017-10-15 02:35:00,4296.0,coal_black,MW,nem,NSW1
2017-10-15 02:40:00,4207.0,coal_black,MW,nem,NSW1
2017-10-15 02:45:00,4191.0,coal_black,MW,nem,NSW1
2017-10-15 02:50:00,4196.0,coal_black,MW,nem,NSW1
2017-10-15 02:55:00,4223.0,coal_black,MW,nem,NSW1
2017-10-15 03:00:00,4189.0,coal_black,MW,nem,NSW1
2017-10-15 03:05:00,4156.0,coal_black,MW,nem,NSW1
2017-10-15 03:10:00,4125.0,coal_black,MW,nem,NSW1
2017-10-15 03:15:00,4166.0,coal_black,MW,nem,NSW1
2017-10-15 03:20:00,4127.0,coal_black,MW,nem,NSW1
2017-10-15 03:25:00,4094.0,coal_black,MW,nem,NSW1
2017-10-15 03:30:00,4104.0,coal_black,MW,nem,NSW1
2017-10-15 03:35:00,4130.0,coal_black,MW,nem,NSW1
2017-10-15 03:40:00,4107.0,coal_black,MW,nem,NSW1
2017-10-15 03:45:00,4135.0,coal_black,MW,nem,NSW1
2017-10-15 03:50:00,4190.0,coal_black,MW,nem,NSW1
2017-10-15 03:55:00,4174.0,coal_black,MW,nem,NSW1
2017-10-15 04:00:00,4139.0,coal_black,MW,nem,NSW1
2017-10-15 04:05:00,4197.0,coal_black,MW,nem,NSW1
2017-10-15 04:10:00,4201.0,coal_black,MW,nem,NSW1
2017-10-15 04:15:00,4215.0,coal_black,MW,nem,NSW1
2017-10-15 04:20:00,4207.0,coal_black,MW,nem,NSW1
2017-10-15 04:25:00,4194.0,coal_black,MW,nem,NSW1
2017-10-15 04:30:00,4137.0,coal_black,MW,nem,NSW1
2017-10-15 04:35:00,4130.0,coal_black,MW,nem,NSW1
2017-10-15 04:40:00,4182.0,coal_black,MW,nem,NSW1
2017-10-15 04:45:00,4152.0,coal_black,MW,nem,NSW1
2017-10-15 04:50:00,4192.0,coal_black,MW,nem,NSW1
2017-10-15 04:55:00,4149.0,coal_black,MW,nem,NSW1
2017-10-15 05:00:00,4114.0,coal_black,MW,nem,NSW1
2017-10-15 05:05:00,4165.0,coal_black,MW,nem,NSW1
2017-10-15 05:10:00,4209.0,coal_black,MW,nem,NSW1
2017-10-15 05:15:00,4256.0,coal_black,MW,nem,NSW1
2017-10-15 05:20:00,4246.0,coal_black,MW,nem,NSW1
2017-10-15 05:25:00,4271.0,coal_black,MW,nem,NSW1
2017-10-15 05:30:00,4288.0,coal_black,MW,nem,NSW1
2017-10-15 05:35:00,4312.0,coal_black,MW,nem,NSW1
2017-10-15 05:40:00,4387.0,coal_black,MW,nem,NSW1
2017-10-15 05:45:00,4466.0,coal_black,MW,nem,NSW1
2017-10-15 05:50:00,4559.0,coal_black,MW,nem,NSW1
2017-10-15 05:55:00,4607.0,coal_black,MW,nem,NSW1
2017-10-15 06:00:00,4655.0,coal_black,MW,nem,NSW1
2017-10-15 06:05:00,4695.0,coal_black,MW,nem,NSW1
2017-10-15 06:10:00,4817.0,coal_black,MW,nem,NSW1
2017-10-15 06:15:00,4909.0,coal_black,MW,nem,NSW1
2017-10-15 06:20:00,4943.0,coal_black,MW,nem,NSW1
2017-10-15 06:25:00,4947.0,coal_black,MW,nem,NSW1
2017-10-15 06:30:00,4830.0,coal_black,MW,nem,NSW1
2017-10-15 06:35:00,4876.0,coal_black,MW,nem,NSW1
2017-10-15 06:40:00,4974.0,coal_black,MW,nem,NSW1
2017-10-15 06:45:00,4965.0,coal_black,MW,nem,NSW1
2017-10-15 06:50:00,5029.0,coal_black,MW,nem,NSW1
2017-10-15 06:55:00,5014.0,coal_black,MW,nem,NSW1
2017-10-15 07:00:00,5094.0,coal_black,MW,nem,NSW1
2017-10-15 07:05:00,5038.0,coal_black,MW,nem,NSW1
2017-10-15 07:10:00,5002.0,coal_black,MW,nem,NSW1
2017-10-15 07:15:00,5011.0,coal_black,MW,nem,NSW1
2017-10-15 07:20:00,5014.0,coal_black,MW,nem,NSW1
2017-10-15 07:25:00,5027.0,coal_black,MW,nem,NSW1
2017-10-15 07:30:00,5003.0,coal_black,MW,nem,NSW1
2017-10-15 07:35:00,5024.0,coal_black,MW,nem,NSW1
2017-10-15 07:40:00,5030.0,coal_black,MW,nem,NSW1
2017-10-15 07:45:00,5083.0,coal_black,MW,nem,NSW1
2017-10-15 07:50:00,5035.0,coal_black,MW,nem,NSW1
2017-10-15 07:55:00,4989.0,coal_black,MW,nem,NSW1
2017-10-15 08:00:00,5079.0,coal_black,MW,nem,NSW1
2017-10-15 08:05:00,5198.0,coal_black,MW,nem,NSW1
2017-10-15 08:10:00,5210.0,coal_black,MW,nem,NSW1
2017-10-15 08:15:00,5263.0,coal_black,MW,nem,NSW1
2017-10-15 08:20:00,5223.0,coal_black,MW,nem,NSW1
2017-10-15 08:25:00,5245.0,coal_black,MW,nem,NSW1
2017-10-15 08:30:00,5307.0,coal_black,MW,nem,NSW1
2017-10-15 08:35:00,5317.0,coal_black,MW,nem,NSW1
2017-10-15 08:40:00,5295.0,coal_black,MW,nem,NSW1
2017-10-15 08:45:00,5314.0,coal_black,MW,nem,NSW1
2017-10-15 08:50:00,5401.0,coal_black,MW,nem,NSW1
2017-10-15 08:55:00,5313.0,coal_black,MW,nem,NSW1
2017-10-15 09:00:00,5295.0,coal_black,MW,nem,NSW1
2017-10-15 09:05:00,5334.0,coal_black,MW,nem,NSW1
2017-10-15 09:10:00,5348.0,coal_black,MW,nem,NSW1
2017-10-15 09:15:00,5264.0,coal_black,MW,nem,NSW1
2017-10-15 09:20:00,5281.0,coal_black,MW,nem,NSW1
2017-10-15 09:25:00,5303.0,coal_black,MW,nem,NSW1
2017-10-15 09:30:00,5317.0,coal_black,MW,nem,NSW1
2017-10-15 09:35:00,5284.0,coal_black,MW,nem,NSW1
2017-10-15 09:40:00,5233.0,coal_black,MW,nem,NSW1
2017-10-15 09:45:00,5264.0,coal_black,MW,nem,NSW1
2017-10-15 09:50:00,5203.0,coal_black,MW,nem,NSW1
2017-10-15 09:55:00,5208.0,coal_black,MW,nem,NSW1
2017-10-15 10:00:00,5168.0,coal_black,MW,nem,NSW1
2017-10-15 10:05:00,5161.0,coal_black,MW,nem,NSW1
2017-10-15 10:10:00,5166.0,coal_black,MW,nem,NSW1
2017-10-15 10:15:00,5172.0,coal_black,MW,nem,NSW1
2017-10-15 10:20:00,5163.0,coal_black,MW,nem,NSW1
2017-10-15 10:25:00,5117.0,coal_black,MW,nem,NSW1
2017-10-15 10:30:00,5106.0,coal_black,MW,nem,NSW1
2017-10-15 10:35:00,5057.0,coal_black,MW,nem,NSW1
2017-10-15 10:40:00,5043.0,coal_black,MW,nem,NSW1
2017-10-15 10:45:00,5004.0,coal_black,MW,nem,NSW1
2017-10-15 10:50:00,4963.0,coal_black,MW,nem,NSW1
2017-10-15 10:55:00,4930.0,coal_black,MW,nem,NSW1
2017-10-15 11:00:00,4874.0,coal_black,MW,nem,NSW1
2017-10-15 11:05:00,4871.0,coal_black,MW,nem,NSW1
2017-10-15 11:10:00,4886.0,coal_black,MW,nem,NSW1
2017-10-15 11:15:00,4855.0,coal_black,MW,nem,NSW1
2017-10-15 11:20:00,4823.0,coal_black,MW,nem,NSW1
2017-10-15 11:25:00,4841.0,coal_black,MW,nem,NSW1
2017-10-15 11:30:00,4794.0,coal_black,MW,nem,NSW1
2017-10-15 11:35:00,4791.0,coal_black,MW,nem,NSW1
2017-10-15 11:40:00,4796.0,coal_black,MW,nem,NSW1
2017-10-15 11:45:00,4758.0,coal_black,MW,nem,NSW1
2017-10-15 11:50:00,4796.0,coal_black,MW,nem,NSW1
2017-10-15 11:55:00,4765.0,coal_black,MW,nem,NSW1
2017-10-15 12:00:00,4770.0,coal_black,MW,nem,NSW1
2017-10-15 12:05:00,4798.0,coal_black,MW,nem,NSW1
2017-10-15 12:10:00,4774.0,coal_black,MW,nem,NSW1
2017-10-15 12:15:00,4763.0,coal_black,MW,nem,NSW1
2017-10-15 12:20:00,4743.0,coal_black,MW,nem,NSW1
2017-10-15 12:25:00,4723.0,coal_black,MW,nem,NSW1
2017-10-15 12:30:00,4696.0,coal_black,MW,nem,NSW1
2017-10-15 12:35:00,4654.0,coal_black,MW,nem,NSW1
2017-10-15 12:40:00,4652.0,coal_black,MW,nem,NSW1
2017-10-15 12:45:00,4602.0,coal_black,MW,nem,NSW1
2017-10-15 12:50:00,4585.0,coal_black,MW,nem,NSW1
2017-10-15 12:55:00,4571.0,coal_black,MW,nem,NSW1
2017-10-15 13:00:00,4613.0,coal_black,MW,nem,NSW1
2017-10-15 13:05:00,4636.0,coal_black,MW,nem,NSW1
2017-10-15 13:10:00,4617.0,coal_black,MW,nem,NSW1
2017-10-15 13:15:00,4652.0,coal_black,MW,nem,NSW1
2017-10-15 13:20:00,4628.0,coal_black,MW,nem,NSW1
2017-10-15 13:25:00,4592.0,coal_black,MW,nem,NSW1
2017-10-15 13:30:00,4582.0,coal_black,MW,nem,NSW1
2017-10-15 13:35:00,4600.0,coal_black,MW,nem,NSW1
2017-10-15 13:40:00,4594.0,coal_black,MW,nem,NSW1
2017-10-15 13:45:00,4586.0,coal_black,MW,nem,NSW1
2017-10-15 13:50:00,4591.0,coal_black,MW,nem,NSW1
2017-10-15 13:55:00,4657.0,coal_black,MW,nem,NSW1
2017-10-15 14:00:00,4620.0,coal_black,MW,nem,NSW1
2017-10-15 14:05:00,4651.0,coal_black,MW,nem,NSW1
2017-10-15 14:10:00,4627.0,coal_black,MW,nem,NSW1
2017-10-15 14:15:00,4648.0,coal_black,MW,nem,NSW1
2017-10-15 14:20:00,4641.0,coal_black,MW,nem,NSW1
2017-10-15 14:25:00,4669.0,coal_black,MW,nem,NSW1
2017-10-15 14:30:00,4726.0,coal_black,MW,nem,NSW1
2017-10-15 14:35:00,4817.0,coal_black,MW,nem,NSW1
2017-10-15 14:40:00,4871.0,coal_black,MW,nem,NSW1
2017-10-15 14:45:00,4828.0,coal_black,MW,nem,NSW1
2017-10-15 14:50:00,4859.0,coal_black,MW,nem,NSW1
2017-10-15 14:55:00,4967.0,coal_black,MW,nem,NSW1
2017-10-15 15:00:00,4938.0,coal_black,MW,nem,NSW1
2017-10-15 15:05:00,4896.0,coal_black,MW,nem,NSW1
2017-10-15 15:10:00,4861.0,coal_black,MW,nem,NSW1
2017-10-15 15:15:00,4937.0,coal_black,MW,nem,NSW1
2017-10-15 15:20:00,4971.0,coal_black,MW,nem,NSW1
2017-10-15 15:25:00,5044.0,coal_black,MW,nem,NSW1
2017-10-15 15:30:00,5069.0,coal_black,MW,nem,NSW1
2017-10-15 15:35:00,5146.0,coal_black,MW,nem,NSW1
2017-10-15 15:40:00,5177.0,coal_black,MW,nem,NSW1
2017-10-15 15:45:00,5174.0,coal_black,MW,nem,NSW1
2017-10-15 15:50:00,5211.0,coal_black,MW,nem,NSW1
2017-10-15 15:55:00,5228.0,coal_black,MW,nem,NSW1
2017-10-15 16:00:00,5309.0,coal_black,MW,nem,NSW1
2017-10-15 16:05:00,5321.0,coal_black,MW,nem,NSW1
2017-10-15 16:10:00,5385.0,coal_black,MW,nem,NSW1
2017-10-15 16:15:00,5449.0,coal_black,MW,nem,NSW1
2017-10-15 16:20:00,5522.0,coal_black,MW,nem,NSW1
2017-10-15 16:25:00,5564.0,coal_black,MW,nem,NSW1
2017-10-15 16:30:00,5649.0,coal_black,MW,nem,NSW1
2017-10-15 16:35:00,5703.0,coal_black,MW,nem,NSW1
2017-10-15 16:40:00,5790.0,coal_black,MW,nem,NSW1
2017-10-15 16:45:00,5824.0,coal_black,MW,nem,NSW1
2017-10-15 16:50:00,5829.0,coal_black,MW,nem,NSW1
2017-10-15 16:55:00,5837.0,coal_black,MW,nem,NSW1
2017-10-15 17:00:00,5890.0,coal_black,MW,nem,NSW1
2017-10-15 17:05:00,5962.0,coal_black,MW,nem,NSW1
2017-10-15 17:10:00,6008.0,coal_black,MW,nem,NSW1
2017-10-15 17:15:00,6079.0,coal_black,MW,nem,NSW1
2017-10-15 17:20:00,6121.0,coal_black,MW,nem,NSW1
2017-10-15 17:25:00,6144.0,coal_black,MW,nem,NSW1
2017-10-15 17:30:00,6140.0,coal_black,MW,nem,NSW1
2017-10-15 17:35:00,6193.0,coal_black,MW,nem,NSW1
2017-10-15 17:40:00,6228.0,coal_black,MW,nem,NSW1
2017-10-15 17:45:00,6269.0,coal_black,MW,nem,NSW1
2017-10-15 17:50:00,6293.0,coal_black,MW,nem,NSW1
2017-10-15 17:55:00,6372.0,coal_black,MW,nem,NSW1
2017-10-15 18:00:00,6410.0,coal_black,MW,nem,NSW1
2017-10-15 18:05:00,6508.0,coal_black,MW,nem,NSW1
2017-10-15 18:10:00,6315.0,coal_black,MW,nem,NSW1
2017-10-15 18:15:00,6181.0,coal_black,MW,nem,NSW1
2017-10-15 18:20:00,6153.0,coal_black,MW,nem,NSW1
2017-10-15 18:25:00,6072.0,coal_black,MW,nem,NSW1
2017-10-15 18:30:00,6055.0,coal_black,MW,nem,NSW1
2017-10-15 18:35:00,6064.0,coal_black,MW,nem,NSW1
2017-10-15 18:40:00,6188.0,coal_black,MW,nem,NSW1
2017-10-15 18:45:00,6193.0,coal_black,MW,nem,NSW1
2017-10-15 18:50:00,6174.0,coal_black,MW,nem,NSW1
2017-10-15 18:55:00,6201.0,coal_black,MW,nem,NSW1
2017-10-15 19:00:00,6169.0,coal_black,MW,nem,NSW1
2017-10-15 19:05:00,6137.0,coal_black,MW,nem,NSW1
2017-10-15 19:10:00,6195.0,coal_black,MW,nem,NSW1
2017-10-15 19:15:00,6222.0,coal_black,MW,nem,NSW1
2017-10-15 19:20:00,6214.0,coal_black,MW,nem,NSW1
2017-10-15 19:25:00,6177.0,coal_black,MW,nem,NSW1
2017-10-15 19:30:00,6055.0,coal_black,MW,nem,NSW1
2017-10-15 19:35:00,6044.0,coal_black,MW,nem,NSW1
2017-10-15 19:40:00,6051.0,coal_black,MW,nem,NSW1
2017-10-15 19:45:00,5994.0,coal_black,MW,nem,NSW1
2017-10-15 19:50:00,5899.0,coal_black,MW,nem,NSW1
2017-10-15 19:55:00,5854.0,coal_black,MW,nem,NSW1
2017-10-15 20:00:00,5767.0,coal_black,MW,nem,NSW1
2017-10-15 20:05:00,5631.0,coal_black,MW,nem,NSW1
2017-10-15 20:10:00,5661.0,coal_black,MW,nem,NSW1
2017-10-15 20:15:00,5628.0,coal_black,MW,nem,NSW1
2017-10-15 20:20:00,5594.0,coal_black,MW,nem,NSW1
2017-10-15 20:25:00,5437.0,coal_black,MW,nem,NSW1
2017-10-15 20:30:00,5377.0,coal_black,MW,nem,NSW1
2017-10-15 20:35:00,5269.0,coal_black,MW,nem,NSW1
2017-10-15 20:40:00,5146.0,coal_black,MW,nem,NSW1
2017-10-15 20:45:00,5126.0,coal_black,MW,nem,NSW1
2017-10-15 20:50:00,5054.0,coal_black,MW,nem,NSW1
2017-10-15 20:55:00,4954.0,coal_black,MW,nem,NSW1
2017-10-15 21:00:00,4910.0,coal_black,MW,nem,NSW1
2017-10-15 21:05:00,4908.0,coal_black,MW,nem,NSW1
2017-10-15 21:10:00,4944.0,coal_black,MW,nem,NSW1
2017-10-15 21:15:00,5016.0,coal_black,MW,nem,NSW1
2017-10-15 21:20:00,5021.0,coal_black,MW,nem,NSW1
2017-10-15 21:25:00,5029.0,coal_black,MW,nem,NSW1
2017-10-15 21:30:00,5071.0,coal_black,MW,nem,NSW1
2017-10-15 21:35:00,5013.0,coal_black,MW,nem,NSW1
2017-10-15 21:40:00,4990.0,coal_black,MW,nem,NSW1
2017-10-15 21:45:00,4956.0,coal_black,MW,nem,NSW1
2017-10-15 21:50:00,4939.0,coal_black,MW,nem,NSW1
2017-10-15 21:55:00,4969.0,coal_black,MW,nem,NSW1
2017-10-15 22:00:00,4948.0,coal_black,MW,nem,NSW1
2017-10-15 22:05:00,4870.0,coal_black,MW,nem,NSW1
2017-10-15 22:10:00,4959.0,coal_black,MW,nem,NSW1
2017-10-15 22:15:00,5003.0,coal_black,MW,nem,NSW1
2017-10-15 22:20:00,5020.0,coal_black,MW,nem,NSW1
2017-10-15 22:25:00,4983.0,coal_black,MW,nem,NSW1
2017-10-15 22:30:00,4968.0,coal_black,MW,nem,NSW1
2017-10-15 22:35:00,4931.0,coal_black,MW,nem,NSW1
2017-10-15 22:40:00,4925.0,coal_black,MW,nem,NSW1
2017-10-15 22:45:00,4942.0,coal_black,MW,nem,NSW1
2017-10-15 22:50:00,4872.0,coal_black,MW,nem,NSW1
2017-10-15 22:55:00,4802.0,coal_black,MW,nem,NSW1
2017-10-15 23:00:00,4766.0,coal_black,MW,nem,NSW1
2017-10-15 23:05:00,4730.0,coal_black,MW,nem,NSW1
2017-10-15 23:10:00,4824.0,coal_black,MW,nem,NSW1
2017-10-15 23:15:00,4904.0,coal_black,MW,nem,NSW1
2017-10-15 23:20:00,4874.0,coal_black,MW,nem,NSW1
2017-10-15 23:25:00,4799.0,coal_black,MW,nem,NSW1
2017-10-15 23:30:00,4772.0,coal_black,MW,nem,NSW1
2017-10-15 23:35:00,4760.0,coal_black,MW,nem,NSW1
2017-10-15 23:40:00,4848.0,coal_black,MW,nem,NSW1
2017-10-15 23:45:00,4820.0,coal_black,MW,nem,NSW1
2017-10-15 23:50:00,4795.0,coal_black,MW,nem,NSW1
2017-10-15 23:55:00,4811.0,coal_black,MW,nem,NSW1
2017-10-16 00:00:00,4763.0,coal_black,MW,nem,NSW1
2017-10-16 00:05:00,4716.0,coal_black,MW,nem,NSW1
2017-10-16 00:10:00,4693.0,coal_black,MW,nem,NSW1
2017-10-16 00:15:00,4699.0,coal_black,MW,nem,NSW1
2017-10-16 00:20:00,4713.0,coal_black,MW,nem,NSW1
2017-10-16 00:25:00,4658.0,coal_black,MW,nem,NSW1
2017-10-16 00:30:00,4655.0,coal_black,MW,nem,NSW1
2017-10-16 00:35:00,4634.0,coal_black,MW,nem,NSW1
2017-10-16 00:40:00,4604.0,coal_black,MW,nem,NSW1
2017-10-16 00:45:00,4538.0,coal_black,MW,nem,NSW1
2017-10-16 00:50:00,4519.0,coal_black,MW,nem,NSW1
2017-10-16 00:55:00,4477.0,coal_black,MW,nem,NSW1
2017-10-16 01:00:00,4424.0,coal_black,MW,nem,NSW1
2017-10-16 01:05:00,4342.0,coal_black,MW,nem,NSW1
2017-10-16 01:10:00,4315.0,coal_black,MW,nem,NSW1
2017-10-16 01:15:00,4276.0,coal_black,MW,nem,NSW1
2017-10-16 01:20:00,4223.0,coal_black,MW,nem,NSW1
2017-10-16 01:25:00,4172.0,coal_black,MW,nem,NSW1
2017-10-16 01:30:00,4124.0,coal_black,MW,nem,NSW1
2017-10-16 01:35:00,4044.0,coal_black,MW,nem,NSW1
2017-10-16 01:40:00,4000.0,coal_black,MW,nem,NSW1
2017-10-16 01:45:00,3959.0,coal_black,MW,nem,NSW1
2017-10-16 01:50:00,3968.0,coal_black,MW,nem,NSW1
2017-10-16 01:55:00,3920.0,coal_black,MW,nem,NSW1
2017-10-16 02:00:00,3902.0,coal_black,MW,nem,NSW1
2017-10-16 02:05:00,3895.0,coal_black,MW,nem,NSW1
2017-10-16 02:10:00,3858.0,coal_black,MW,nem,NSW1
2017-10-16 02:15:00,3900.0,coal_black,MW,nem,NSW1
2017-10-16 02:20:00,3826.0,coal_black,MW,nem,NSW1
2017-10-16 02:25:00,3803.0,coal_black,MW,nem,NSW1
2017-10-16 02:30:00,3780.0,coal_black,MW,nem,NSW1
2017-10-16 02:35:00,3843.0,coal_black,MW,nem,NSW1
2017-10-16 02:40:00,3798.0,coal_black,MW,nem,NSW1
2017-10-16 02:45:00,3843.0,coal_black,MW,nem,NSW1
2017-10-16 02:50:00,3819.0,coal_black,MW,nem,NSW1
2017-10-16 02:55:00,3754.0,coal_black,MW,nem,NSW1
2017-10-16 03:00:00,3792.0,coal_black,MW,nem,NSW1
2017-10-16 03:05:00,3835.0,coal_black,MW,nem,NSW1
2017-10-16 03:10:00,3778.0,coal_black,MW,nem,NSW1
2017-10-16 03:15:00,3762.0,coal_black,MW,nem,NSW1
2017-10-16 03:20:00,3763.0,coal_black,MW,nem,NSW1
2017-10-16 03:25:00,3773.0,coal_black,MW,nem,NSW1
2017-10-16 03:30:00,3785.0,coal_black,MW,nem,NSW1
2017-10-16 03:35:00,3797.0,coal_black,MW,nem,NSW1
2017-10-16 03:40:00,3826.0,coal_black,MW,nem,NSW1
2017-10-16 03:45:00,3806.0,coal_black,MW,nem,NSW1
2017-10-16 03:50:00,3809.0,coal_black,MW,nem,NSW1
2017-10-16 03:55:00,3799.0,coal_black,MW,nem,NSW1
2017-10-16 04:00:00,3823.0,coal_black,MW,nem,NSW1
2017-10-16 04:05:00,3858.0,coal_black,MW,nem,NSW1
2017-10-16 04:10:00,3888.0,coal_black,MW,nem,NSW1
2017-10-16 04:15:00,3997.0,coal_black,MW,nem,NSW1
2017-10-16 04:20:00,4079.0,coal_black,MW,nem,NSW1
2017-10-16 04:25:00,4124.0,coal_black,MW,nem,NSW1
2017-10-16 04:30:00,4163.0,coal_black,MW,nem,NSW1
2017-10-16 04:35:00,4243.0,coal_black,MW,nem,NSW1
2017-10-16 04:40:00,4315.0,coal_black,MW,nem,NSW1
2017-10-16 04:45:00,4375.0,coal_black,MW,nem,NSW1
2017-10-16 04:50:00,4472.0,coal_black,MW,nem,NSW1
2017-10-16 04:55:00,4510.0,coal_black,MW,nem,NSW1
2017-10-16 05:00:00,4632.0,coal_black,MW,nem,NSW1
2017-10-16 05:05:00,4682.0,coal_black,MW,nem,NSW1
2017-10-16 05:10:00,4817.0,coal_black,MW,nem,NSW1
2017-10-16 05:15:00,4966.0,coal_black,MW,nem,NSW1
2017-10-16 05:20:00,5076.0,coal_black,MW,nem,NSW1
2017-10-16 05:25:00,5091.0,coal_black,MW,nem,NSW1
2017-10-16 05:30:00,5187.0,coal_black,MW,nem,NSW1
2017-10-16 05:35:00,5348.0,coal_black,MW,nem,NSW1
2017-10-16 05:40:00,5474.0,coal_black,MW,nem,NSW1
2017-10-16 05:45:00,5698.0,coal_black,MW,nem,NSW1
2017-10-16 05:50:00,5936.0,coal_black,MW,nem,NSW1
2017-10-16 05:55:00,6108.0,coal_black,MW,nem,NSW1
2017-10-16 06:00:00,6188.0,coal_black,MW,nem,NSW1
2017-10-16 06:05:00,6318.0,coal_black,MW,nem,NSW1
2017-10-16 06:10:00,6481.0,coal_black,MW,nem,NSW1
2017-10-16 06:15:00,6622.0,coal_black,MW,nem,NSW1
2017-10-16 06:20:00,6740.0,coal_black,MW,nem,NSW1
2017-10-16 06:25:00,6806.0,coal_black,MW,nem,NSW1
2017-10-16 06:30:00,6828.0,coal_black,MW,nem,NSW1
2017-10-16 06:35:00,6897.0,coal_black,MW,nem,NSW1
2017-10-16 06:40:00,6920.0,coal_black,MW,nem,NSW1
2017-10-16 06:45:00,6908.0,coal_black,MW,nem,NSW1
2017-10-16 06:50:00,6957.0,coal_black,MW,nem,NSW1
2017-10-16 06:55:00,6857.0,coal_black,MW,nem,NSW1
2017-10-16 07:00:00,6849.0,coal_black,MW,nem,NSW1
2017-10-16 07:05:00,6883.0,coal_black,MW,nem,NSW1
2017-10-16 07:10:00,6863.0,coal_black,MW,nem,NSW1
2017-10-16 07:15:00,6863.0,coal_black,MW,nem,NSW1
2017-10-16 07:20:00,6886.0,coal_black,MW,nem,NSW1
2017-10-16 07:25:00,6799.0,coal_black,MW,nem,NSW1
2017-10-16 07:30:00,6789.0,coal_black,MW,nem,NSW1
2017-10-16 07:35:00,6758.0,coal_black,MW,nem,NSW1
2017-10-16 07:40:00,6795.0,coal_black,MW,nem,NSW1
2017-10-16 07:45:00,6819.0,coal_black,MW,nem,NSW1
2017-10-16 07:50:00,6823.0,coal_black,MW,nem,NSW1
2017-10-16 07:55:00,6776.0,coal_black,MW,nem,NSW1
2017-10-16 08:00:00,6814.0,coal_black,MW,nem,NSW1
2017-10-16 08:05:00,6870.0,coal_black,MW,nem,NSW1
2017-10-16 08:10:00,6950.0,coal_black,MW,nem,NSW1
2017-10-16 08:15:00,6978.0,coal_black,MW,nem,NSW1
2017-10-16 08:20:00,6930.0,coal_black,MW,nem,NSW1
2017-10-16 08:25:00,6911.0,coal_black,MW,nem,NSW1
2017-10-16 08:30:00,6917.0,coal_black,MW,nem,NSW1
2017-10-16 08:35:00,6884.0,coal_black,MW,nem,NSW1
2017-10-16 08:40:00,6834.0,coal_black,MW,nem,NSW1
2017-10-16 08:45:00,6818.0,coal_black,MW,nem,NSW1
2017-10-16 08:50:00,6697.0,coal_black,MW,nem,NSW1
2017-10-16 08:55:00,6639.0,coal_black,MW,nem,NSW1
2017-10-16 09:00:00,6623.0,coal_black,MW,nem,NSW1
2017-10-16 09:05:00,6590.0,coal_black,MW,nem,NSW1
2017-10-16 09:10:00,6572.0,coal_black,MW,nem,NSW1
2017-10-16 09:15:00,6511.0,coal_black,MW,nem,NSW1
2017-10-16 09:20:00,6444.0,coal_black,MW,nem,NSW1
2017-10-16 09:25:00,6431.0,coal_black,MW,nem,NSW1
2017-10-16 09:30:00,6319.0,coal_black,MW,nem,NSW1
2017-10-16 09:35:00,6342.0,coal_black,MW,nem,NSW1
2017-10-16 09:40:00,6352.0,coal_black,MW,nem,NSW1
2017-10-16 09:45:00,6369.0,coal_black,MW,nem,NSW1
2017-10-16 09:50:00,6443.0,coal_black,MW,nem,NSW1
2017-10-16 09:55:00,6470.0,coal_black,MW,nem,NSW1
2017-10-16 10:00:00,6418.0,coal_black,MW,nem,NSW1
2017-10-16 10:05:00,6379.0,coal_black,MW,nem,NSW1
2017-10-16 10:10:00,6432.0,coal_black,MW,nem,NSW1
2017-10-16 10:15:00,6342.0,coal_black,MW,nem,NSW1
2017-10-16 10:20:00,6305.0,coal_black,MW,nem,NSW1
2017-10-16 10:25:00,6355.0,coal_black,MW,nem,NSW1
2017-10-16 10:30:00,6301.0,coal_black,MW,nem,NSW1
2017-10-16 10:35:00,6255.0,coal_black,MW,nem,NSW1
2017-10-16 10:40:00,6155.0,coal_black,MW,nem,NSW1
2017-10-16 10:45:00,6059.0,coal_black,MW,nem,NSW1
2017-10-16 10:50:00,6004.0,coal_black,MW,nem,NSW1
2017-10-16 10:55:00,6049.0,coal_black,MW,nem,NSW1
2017-10-16 11:00:00,6011.0,coal_black,MW,nem,NSW1
2017-10-16 11:05:00,5971.0,coal_black,MW,nem,NSW1
2017-10-16 11:10:00,5934.0,coal_black,MW,nem,NSW1
2017-10-16 11:15:00,5953.0,coal_black,MW,nem,NSW1
2017-10-16 11:20:00,5923.0,coal_black,MW,nem,NSW1
2017-10-16 11:25:00,5935.0,coal_black,MW,nem,NSW1
2017-10-16 11:30:00,5994.0,coal_black,MW,nem,NSW1
2017-10-16 11:35:00,6146.0,coal_black,MW,nem,NSW1
2017-10-16 11:40:00,6157.0,coal_black,MW,nem,NSW1
2017-10-16 11:45:00,6208.0,coal_black,MW,nem,NSW1
2017-10-16 11:50:00,6254.0,coal_black,MW,nem,NSW1
2017-10-16 11:55:00,6262.0,coal_black,MW,nem,NSW1
2017-10-16 12:00:00,6282.0,coal_black,MW,nem,NSW1
2017-10-16 12:05:00,6253.0,coal_black,MW,nem,NSW1
2017-10-16 12:10:00,6237.0,coal_black,MW,nem,NSW1
2017-10-16 12:15:00,6263.0,coal_black,MW,nem,NSW1
2017-10-16 12:20:00,6212.0,coal_black,MW,nem,NSW1
2017-10-16 12:25:00,6139.0,coal_black,MW,nem,NSW1
2017-10-16 12:30:00,6154.0,coal_black,MW,nem,NSW1
2017-10-16 12:35:00,6120.0,coal_black,MW,nem,NSW1
2017-10-16 12:40:00,6119.0,coal_black,MW,nem,NSW1
2017-10-16 12:45:00,6072.0,coal_black,MW,nem,NSW1
2017-10-16 12:50:00,6064.0,coal_black,MW,nem,NSW1
2017-10-16 12:55:00,6016.0,coal_black,MW,nem,NSW1
2017-10-16 13:00:00,6145.0,coal_black,MW,nem,NSW1
2017-10-16 13:05:00,6168.0,coal_black,MW,nem,NSW1
2017-10-16 13:10:00,6186.0,coal_black,MW,nem,NSW1
2017-10-16 13:15:00,6188.0,coal_black,MW,nem,NSW1
2017-10-16 13:20:00,6132.0,coal_black,MW,nem,NSW1
2017-10-16 13:25:00,6177.0,coal_black,MW,nem,NSW1
2017-10-16 13:30:00,6178.0,coal_black,MW,nem,NSW1
2017-10-16 13:35:00,6125.0,coal_black,MW,nem,NSW1
2017-10-16 13:40:00,6159.0,coal_black,MW,nem,NSW1
2017-10-16 13:45:00,6271.0,coal_black,MW,nem,NSW1
2017-10-16 13:50:00,6364.0,coal_black,MW,nem,NSW1
2017-10-16 13:55:00,6386.0,coal_black,MW,nem,NSW1
2017-10-16 14:00:00,6320.0,coal_black,MW,nem,NSW1
2017-10-16 14:05:00,6333.0,coal_black,MW,nem,NSW1
2017-10-16 14:10:00,6242.0,coal_black,MW,nem,NSW1
2017-10-16 14:15:00,6263.0,coal_black,MW,nem,NSW1
2017-10-16 14:20:00,6269.0,coal_black,MW,nem,NSW1
2017-10-16 14:25:00,6224.0,coal_black,MW,nem,NSW1
2017-10-16 14:30:00,6293.0,coal_black,MW,nem,NSW1
2017-10-16 14:35:00,6314.0,coal_black,MW,nem,NSW1
2017-10-16 14:40:00,6325.0,coal_black,MW,nem,NSW1
2017-10-16 14:45:00,6314.0,coal_black,MW,nem,NSW1
2017-10-16 14:50:00,6379.0,coal_black,MW,nem,NSW1
2017-10-16 14:55:00,6482.0,coal_black,MW,nem,NSW1
2017-10-16 15:00:00,6539.0,coal_black,MW,nem,NSW1
2017-10-16 15:05:00,6551.0,coal_black,MW,nem,NSW1
2017-10-16 15:10:00,6733.0,coal_black,MW,nem,NSW1
2017-10-16 15:15:00,6832.0,coal_black,MW,nem,NSW1
2017-10-16 15:20:00,6831.0,coal_black,MW,nem,NSW1
2017-10-16 15:25:00,6746.0,coal_black,MW,nem,NSW1
2017-10-16 15:30:00,6722.0,coal_black,MW,nem,NSW1
2017-10-16 15:35:00,6797.0,coal_black,MW,nem,NSW1
2017-10-16 15:40:00,6882.0,coal_black,MW,nem,NSW1
2017-10-16 15:45:00,6854.0,coal_black,MW,nem,NSW1
2017-10-16 15:50:00,6868.0,coal_black,MW,nem,NSW1
2017-10-16 15:55:00,6894.0,coal_black,MW,nem,NSW1
2017-10-16 16:00:00,6883.0,coal_black,MW,nem,NSW1
2017-10-16 16:05:00,6867.0,coal_black,MW,nem,NSW1
2017-10-16 16:10:00,6939.0,coal_black,MW,nem,NSW1
2017-10-16 16:15:00,6944.0,coal_black,MW,nem,NSW1
2017-10-16 16:20:00,7004.0,coal_black,MW,nem,NSW1
2017-10-16 16:25:00,6988.0,coal_black,MW,nem,NSW1
2017-10-16 16:30:00,6997.0,coal_black,MW,nem,NSW1
2017-10-16 16:35:00,7049.0,coal_black,MW,nem,NSW1
2017-10-16 16:40:00,7103.0,coal_black,MW,nem,NSW1
2017-10-16 16:45:00,7126.0,coal_black,MW,nem,NSW1
2017-10-16 16:50:00,7057.0,coal_black,MW,nem,NSW1
2017-10-16 16:55:00,7062.0,coal_black,MW,nem,NSW1
2017-10-16 17:00:00,7101.0,coal_black,MW,nem,NSW1
2017-10-16 17:05:00,7140.0,coal_black,MW,nem,NSW1
2017-10-16 17:10:00,7169.0,coal_black,MW,nem,NSW1
2017-10-16 17:15:00,7264.0,coal_black,MW,nem,NSW1
2017-10-16 17:20:00,7216.0,coal_black,MW,nem,NSW1
2017-10-16 17:25:00,7250.0,coal_black,MW,nem,NSW1
2017-10-16 17:30:00,7303.0,coal_black,MW,nem,NSW1
2017-10-16 17:35:00,7251.0,coal_black,MW,nem,NSW1
2017-10-16 17:40:00,7299.0,coal_black,MW,nem,NSW1
2017-10-16 17:45:00,7273.0,coal_black,MW,nem,NSW1
2017-10-16 17:50:00,7238.0,coal_black,MW,nem,NSW1
2017-10-16 17:55:00,7300.0,coal_black,MW,nem,NSW1
2017-10-16 18:00:00,7256.0,coal_black,MW,nem,NSW1
2017-10-16 18:05:00,7274.0,coal_black,MW,nem,NSW1
2017-10-16 18:10:00,7239.0,coal_black,MW,nem,NSW1
2017-10-16 18:15:00,7276.0,coal_black,MW,nem,NSW1
2017-10-16 18:20:00,7196.0,coal_black,MW,nem,NSW1
2017-10-16 18:25:00,7219.0,coal_black,MW,nem,NSW1
2017-10-16 18:30:00,7205.0,coal_black,MW,nem,NSW1
2017-10-16 18:35:00,7186.0,coal_black,MW,nem,NSW1
2017-10-16 18:40:00,7161.0,coal_black,MW,nem,NSW1
2017-10-16 18:45:00,7201.0,coal_black,MW,nem,NSW1
2017-10-16 18:50:00,7307.0,coal_black,MW,nem,NSW1
2017-10-16 18:55:00,7266.0,coal_black,MW,nem,NSW1
2017-10-16 19:00:00,7223.0,coal_black,MW,nem,NSW1
2017-10-16 19:05:00,7182.0,coal_black,MW,nem,NSW1
2017-10-16 19:10:00,7206.0,coal_black,MW,nem,NSW1
2017-10-16 19:15:00,7190.0,coal_black,MW,nem,NSW1
2017-10-16 19:20:00,7120.0,coal_black,MW,nem,NSW1
2017-10-16 19:25:00,7089.0,coal_black,MW,nem,NSW1
2017-10-16 19:30:00,6904.0,coal_black,MW,nem,NSW1
2017-10-16 19:35:00,6828.0,coal_black,MW,nem,NSW1
2017-10-16 19:40:00,6818.0,coal_black,MW,nem,NSW1
2017-10-16 19:45:00,6750.0,coal_black,MW,nem,NSW1
2017-10-16 19:50:00,6699.0,coal_black,MW,nem,NSW1
2017-10-16 19:55:00,6755.0,coal_black,MW,nem,NSW1
2017-10-16 20:00:00,6712.0,coal_black,MW,nem,NSW1
2017-10-16 20:05:00,6648.0,coal_black,MW,nem,NSW1
2017-10-16 20:10:00,6765.0,coal_black,MW,nem,NSW1
2017-10-16 20:15:00,6758.0,coal_black,MW,nem,NSW1
2017-10-16 20:20:00,6715.0,coal_black,MW,nem,NSW1
2017-10-16 20:25:00,6595.0,coal_black,MW,nem,NSW1
2017-10-16 20:30:00,6489.0,coal_black,MW,nem,NSW1
2017-10-16 20:35:00,6322.0,coal_black,MW,nem,NSW1
2017-10-16 20:40:00,6202.0,coal_black,MW,nem,NSW1
2017-10-16 20:45:00,6160.0,coal_black,MW,nem,NSW1
2017-10-16 20:50:00,6147.0,coal_black,MW,nem,NSW1
2017-10-16 20:55:00,6090.0,coal_black,MW,nem,NSW1
2017-10-16 21:00:00,5919.0,coal_black,MW,nem,NSW1
2017-10-16 21:05:00,5926.0,coal_black,MW,nem,NSW1
2017-10-16 21:10:00,6009.0,coal_black,MW,nem,NSW1
2017-10-16 21:15:00,5950.0,coal_black,MW,nem,NSW1
2017-10-16 21:20:00,5900.0,coal_black,MW,nem,NSW1
2017-10-16 21:25:00,5817.0,coal_black,MW,nem,NSW1
2017-10-16 21:30:00,5786.0,coal_black,MW,nem,NSW1
2017-10-16 21:35:00,5832.0,coal_black,MW,nem,NSW1
2017-10-16 21:40:00,5911.0,coal_black,MW,nem,NSW1
2017-10-16 21:45:00,5891.0,coal_black,MW,nem,NSW1
2017-10-16 21:50:00,5832.0,coal_black,MW,nem,NSW1
2017-10-16 21:55:00,5702.0,coal_black,MW,nem,NSW1
2017-10-16 22:00:00,5625.0,coal_black,MW,nem,NSW1
2017-10-16 22:05:00,5556.0,coal_black,MW,nem,NSW1
2017-10-16 22:10:00,5755.0,coal_black,MW,nem,NSW1
2017-10-16 22:15:00,5812.0,coal_black,MW,nem,NSW1
2017-10-16 22:20:00,5804.0,coal_black,MW,nem,NSW1
2017-10-16 22:25:00,5782.0,coal_black,MW,nem,NSW1
2017-10-16 22:30:00,5774.0,coal_black,MW,nem,NSW1
2017-10-16 22:35:00,5728.0,coal_black,MW,nem,NSW1
2017-10-16 22:40:00,5783.0,coal_black,MW,nem,NSW1
2017-10-16 22:45:00,5672.0,coal_black,MW,nem,NSW1
2017-10-16 22:50:00,5654.0,coal_black,MW,nem,NSW1
2017-10-16 22:55:00,5560.0,coal_black,MW,nem,NSW1
2017-10-16 23:00:00,5498.0,coal_black,MW,nem,NSW1
2017-10-16 23:05:00,5393.0,coal_black,MW,nem,NSW1
2017-10-16 23:10:00,5372.0,coal_black,MW,nem,NSW1
2017-10-16 23:15:00,5412.0,coal_black,MW,nem,NSW1
2017-10-16 23:20:00,5389.0,coal_black,MW,nem,NSW1
2017-10-16 23:25:00,5368.0,coal_black,MW,nem,NSW1
2017-10-16 23:30:00,5317.0,coal_black,MW,nem,NSW1
2017-10-16 23:35:00,5204.0,coal_black,MW,nem,NSW1
2017-10-16 23:40:00,5244.0,coal_black,MW,nem,NSW1
2017-10-16 23:45:00,5150.0,coal_black,MW,nem,NSW1
2017-10-16 23:50:00,5065.0,coal_black,MW,nem,NSW1
2017-10-16 23:55:00,5022.0,coal_black,MW,nem,NSW1
2017-10-17 00:00:00,4915.0,coal_black,MW,nem,NSW1
2017-10-17 00:05:00,4862.0,coal_black,MW,nem,NSW1
2017-10-17 00:10:00,4852.0,coal_black,MW,nem,NSW1
2017-10-17 00:15:00,4745.0,coal_black,MW,nem,NSW1
2017-10-17 00:20:00,4679.0,coal_black,MW,nem,NSW1
2017-10-17 00:25:00,4711.0,coal_black,MW,nem,NSW1
2017-10-17 00:30:00,4676.0,coal_black,MW,nem,NSW1
2017-10-17 00:35:00,4656.0,coal_black,MW,nem,NSW1
2017-10-17 00:40:00,4557.0,coal_black,MW,nem,NSW1
2017-10-17 00:45:00,4589.0,coal_black,MW,nem,NSW1
2017-10-17 00:50:00,4567.0,coal_black,MW,nem,NSW1
2017-10-17 00:55:00,4554.0,coal_black,MW,nem,NSW1
2017-10-17 01:00:00,4455.0,coal_black,MW,nem,NSW1
2017-10-17 01:05:00,4394.0,coal_black,MW,nem,NSW1
2017-10-17 01:10:00,4451.0,coal_black,MW,nem,NSW1
2017-10-17 01:15:00,4297.0,coal_black,MW,nem,NSW1
2017-10-17 01:20:00,4254.0,coal_black,MW,nem,NSW1
2017-10-17 01:25:00,4270.0,coal_black,MW,nem,NSW1
2017-10-17 01:30:00,4229.0,coal_black,MW,nem,NSW1
2017-10-17 01:35:00,4171.0,coal_black,MW,nem,NSW1
2017-10-17 01:40:00,4117.0,coal_black,MW,nem,NSW1
2017-10-17 01:45:00,4117.0,coal_black,MW,nem,NSW1
2017-10-17 01:50:00,4088.0,coal_black,MW,nem,NSW1
2017-10-17 01:55:00,4067.0,coal_black,MW,nem,NSW1
2017-10-17 02:00:00,4019.0,coal_black,MW,nem,NSW1
2017-10-17 02:05:00,4091.0,coal_black,MW,nem,NSW1
2017-10-17 02:10:00,4180.0,coal_black,MW,nem,NSW1
2017-10-17 02:15:00,4110.0,coal_black,MW,nem,NSW1
2017-10-17 02:20:00,4108.0,coal_black,MW,nem,NSW1
2017-10-17 02:25:00,4088.0,coal_black,MW,nem,NSW1
2017-10-17 02:30:00,4121.0,coal_black,MW,nem,NSW1
2017-10-17 02:35:00,4077.0,coal_black,MW,nem,NSW1
2017-10-17 02:40:00,4092.0,coal_black,MW,nem,NSW1
2017-10-17 02:45:00,4090.0,coal_black,MW,nem,NSW1
2017-10-17 02:50:00,4189.0,coal_black,MW,nem,NSW1
2017-10-17 02:55:00,4186.0,coal_black,MW,nem,NSW1
2017-10-17 03:00:00,4139.0,coal_black,MW,nem,NSW1
2017-10-17 03:05:00,4075.0,coal_black,MW,nem,NSW1
2017-10-17 03:10:00,4072.0,coal_black,MW,nem,NSW1
2017-10-17 03:15:00,4103.0,coal_black,MW,nem,NSW1
2017-10-17 03:20:00,4037.0,coal_black,MW,nem,NSW1
2017-10-17 03:25:00,4059.0,coal_black,MW,nem,NSW1
2017-10-17 03:30:00,4105.0,coal_black,MW,nem,NSW1
2017-10-17 03:35:00,4060.0,coal_black,MW,nem,NSW1
2017-10-17 03:40:00,4116.0,coal_black,MW,nem,NSW1
2017-10-17 03:45:00,4111.0,coal_black,MW,nem,NSW1
2017-10-17 03:50:00,4167.0,coal_black,MW,nem,NSW1
2017-10-17 03:55:00,4155.0,coal_black,MW,nem,NSW1
2017-10-17 04:00:00,4208.0,coal_black,MW,nem,NSW1
2017-10-17 04:05:00,4251.0,coal_black,MW,nem,NSW1
2017-10-17 04:10:00,4437.0,coal_black,MW,nem,NSW1
2017-10-17 04:15:00,4531.0,coal_black,MW,nem,NSW1
2017-10-17 04:20:00,4543.0,coal_black,MW,nem,NSW1
2017-10-17 04:25:00,4599.0,coal_black,MW,nem,NSW1
2017-10-17 04:30:00,4634.0,coal_black,MW,nem,NSW1
2017-10-17 04:35:00,4664.0,coal_black,MW,nem,NSW1
2017-10-17 04:40:00,4740.0,coal_black,MW,nem,NSW1
2017-10-17 04:45:00,4842.0,coal_black,MW,nem,NSW1
2017-10-17 04:50:00,4920.0,coal_black,MW,nem,NSW1
2017-10-17 04:55:00,4973.0,coal_black,MW,nem,NSW1
2017-10-17 05:00:00,5057.0,coal_black,MW,nem,NSW1
2017-10-17 05:05:00,5100.0,coal_black,MW,nem,NSW1
2017-10-17 05:10:00,5221.0,coal_black,MW,nem,NSW1
2017-10-17 05:15:00,5385.0,coal_black,MW,nem,NSW1
2017-10-17 05:20:00,5583.0,coal_black,MW,nem,NSW1
2017-10-17 05:25:00,5613.0,coal_black,MW,nem,NSW1
2017-10-17 05:30:00,5717.0,coal_black,MW,nem,NSW1
2017-10-17 05:35:00,5726.0,coal_black,MW,nem,NSW1
2017-10-17 05:40:00,5743.0,coal_black,MW,nem,NSW1
2017-10-17 05:45:00,5747.0,coal_black,MW,nem,NSW1
2017-10-17 05:50:00,5866.0,coal_black,MW,nem,NSW1
2017-10-17 05:55:00,5966.0,coal_black,MW,nem,NSW1
2017-10-17 06:00:00,5962.0,coal_black,MW,nem,NSW1
2017-10-17 06:05:00,6006.0,coal_black,MW,nem,NSW1
2017-10-17 06:10:00,6110.0,coal_black,MW,nem,NSW1
2017-10-17 06:15:00,6158.0,coal_black,MW,nem,NSW1
2017-10-17 06:20:00,6215.0,coal_black,MW,nem,NSW1
2017-10-17 06:25:00,6261.0,coal_black,MW,nem,NSW1
2017-10-17 06:30:00,6312.0,coal_black,MW,nem,NSW1
2017-10-17 06:35:00,6304.0,coal_black,MW,nem,NSW1
2017-10-17 06:40:00,6409.0,coal_black,MW,nem,NSW1
2017-10-17 06:45:00,6480.0,coal_black,MW,nem,NSW1
2017-10-17 06:50:00,6509.0,coal_black,MW,nem,NSW1
2017-10-17 06:55:00,6506.0,coal_black,MW,nem,NSW1
2017-10-17 07:00:00,6553.0,coal_black,MW,nem,NSW1
2017-10-17 07:05:00,6661.0,coal_black,MW,nem,NSW1
2017-10-17 07:10:00,6654.0,coal_black,MW,nem,NSW1
2017-10-17 07:15:00,6616.0,coal_black,MW,nem,NSW1
2017-10-17 07:20:00,6618.0,coal_black,MW,nem,NSW1
2017-10-17 07:25:00,6604.0,coal_black,MW,nem,NSW1
2017-10-17 07:30:00,6549.0,coal_black,MW,nem,NSW1
2017-10-17 07:35:00,6573.0,coal_black,MW,nem,NSW1
2017-10-17 07:40:00,6582.0,coal_black,MW,nem,NSW1
2017-10-17 07:45:00,6549.0,coal_black,MW,nem,NSW1
2017-10-17 07:50:00,6620.0,coal_black,MW,nem,NSW1
2017-10-17 07:55:00,6672.0,coal_black,MW,nem,NSW1
2017-10-17 08:00:00,6724.0,coal_black,MW,nem,NSW1
2017-10-17 08:05:00,6819.0,coal_black,MW,nem,NSW1
2017-10-17 08:10:00,6887.0,coal_black,MW,nem,NSW1
2017-10-17 08:15:00,6927.0,coal_black,MW,nem,NSW1
2017-10-17 08:20:00,6888.0,coal_black,MW,nem,NSW1
2017-10-17 08:25:00,6894.0,coal_black,MW,nem,NSW1
2017-10-17 08:30:00,6887.0,coal_black,MW,nem,NSW1
2017-10-17 08:35:00,6851.0,coal_black,MW,nem,NSW1
2017-10-17 08:40:00,6705.0,coal_black,MW,nem,NSW1
2017-10-17 08:45:00,6573.0,coal_black,MW,nem,NSW1
2017-10-17 08:50:00,6566.0,coal_black,MW,nem,NSW1
2017-10-17 08:55:00,6570.0,coal_black,MW,nem,NSW1
2017-10-17 09:00:00,6590.0,coal_black,MW,nem,NSW1
2017-10-17 09:05:00,6591.0,coal_black,MW,nem,NSW1
2017-10-17 09:10:00,6490.0,coal_black,MW,nem,NSW1
2017-10-17 09:15:00,6369.0,coal_black,MW,nem,NSW1
2017-10-17 09:20:00,6276.0,coal_black,MW,nem,NSW1
2017-10-17 09:25:00,6189.0,coal_black,MW,nem,NSW1
2017-10-17 09:30:00,6142.0,coal_black,MW,nem,NSW1
2017-10-17 09:35:00,6098.0,coal_black,MW,nem,NSW1
2017-10-17 09:40:00,6123.0,coal_black,MW,nem,NSW1
2017-10-17 09:45:00,6106.0,coal_black,MW,nem,NSW1
2017-10-17 09:50:00,6087.0,coal_black,MW,nem,NSW1
2017-10-17 09:55:00,6143.0,coal_black,MW,nem,NSW1
2017-10-17 10:00:00,6117.0,coal_black,MW,nem,NSW1
2017-10-17 10:05:00,6144.0,coal_black,MW,nem,NSW1
2017-10-17 10:10:00,6093.0,coal_black,MW,nem,NSW1
2017-10-17 10:15:00,6005.0,coal_black,MW,nem,NSW1
2017-10-17 10:20:00,5953.0,coal_black,MW,nem,NSW1
2017-10-17 10:25:00,5953.0,coal_black,MW,nem,NSW1
2017-10-17 10:30:00,5940.0,coal_black,MW,nem,NSW1
2017-10-17 10:35:00,5927.0,coal_black,MW,nem,NSW1
2017-10-17 10:40:00,5980.0,coal_black,MW,nem,NSW1
2017-10-17 10:45:00,6215.0,coal_black,MW,nem,NSW1
2017-10-17 10:50:00,6285.0,coal_black,MW,nem,NSW1
2017-10-17 10:55:00,6290.0,coal_black,MW,nem,NSW1
2017-10-17 11:00:00,6308.0,coal_black,MW,nem,NSW1
2017-10-17 11:05:00,6303.0,coal_black,MW,nem,NSW1
2017-10-17 11:10:00,6273.0,coal_black,MW,nem,NSW1
2017-10-17 11:15:00,6194.0,coal_black,MW,nem,NSW1
2017-10-17 11:20:00,6144.0,coal_black,MW,nem,NSW1
2017-10-17 11:25:00,6167.0,coal_black,MW,nem,NSW1
2017-10-17 11:30:00,6178.0,coal_black,MW,nem,NSW1
2017-10-17 11:35:00,6221.0,coal_black,MW,nem,NSW1
2017-10-17 11:40:00,6141.0,coal_black,MW,nem,NSW1
2017-10-17 11:45:00,6039.0,coal_black,MW,nem,NSW1
2017-10-17 11:50:00,6014.0,coal_black,MW,nem,NSW1
2017-10-17 11:55:00,6066.0,coal_black,MW,nem,NSW1
2017-10-17 12:00:00,6019.0,coal_black,MW,nem,NSW1
2017-10-17 12:05:00,5910.0,coal_black,MW,nem,NSW1
2017-10-17 12:10:00,5796.0,coal_black,MW,nem,NSW1
2017-10-17 12:15:00,5972.0,coal_black,MW,nem,NSW1
2017-10-17 12:20:00,6128.0,coal_black,MW,nem,NSW1
2017-10-17 12:25:00,6196.0,coal_black,MW,nem,NSW1
2017-10-17 12:30:00,6219.0,coal_black,MW,nem,NSW1
2017-10-17 12:35:00,6224.0,coal_black,MW,nem,NSW1
2017-10-17 12:40:00,6244.0,coal_black,MW,nem,NSW1
2017-10-17 12:45:00,6205.0,coal_black,MW,nem,NSW1
2017-10-17 12:50:00,6196.0,coal_black,MW,nem,NSW1
2017-10-17 12:55:00,6137.0,coal_black,MW,nem,NSW1
2017-10-17 13:00:00,6093.0,coal_black,MW,nem,NSW1
2017-10-17 13:05:00,6155.0,coal_black,MW,nem,NSW1
2017-10-17 13:10:00,6194.0,coal_black,MW,nem,NSW1
2017-10-17 13:15:00,6196.0,coal_black,MW,nem,NSW1
2017-10-17 13:20:00,6182.0,coal_black,MW,nem,NSW1
2017-10-17 13:25:00,6217.0,coal_black,MW,nem,NSW1
2017-10-17 13:30:00,6276.0,coal_black,MW,nem,NSW1
2017-10-17 13:35:00,6382.0,coal_black,MW,nem,NSW1
2017-10-17 13:40:00,6404.0,coal_black,MW,nem,NSW1
2017-10-17 13:45:00,6451.0,coal_black,MW,nem,NSW1
2017-10-17 13:50:00,6448.0,coal_black,MW,nem,NSW1
2017-10-17 13:55:00,6476.0,coal_black,MW,nem,NSW1
2017-10-17 14:00:00,6402.0,coal_black,MW,nem,NSW1
2017-10-17 14:05:00,6356.0,coal_black,MW,nem,NSW1
2017-10-17 14:10:00,6297.0,coal_black,MW,nem,NSW1
2017-10-17 14:15:00,6257.0,coal_black,MW,nem,NSW1
2017-10-17 14:20:00,6243.0,coal_black,MW,nem,NSW1
2017-10-17 14:25:00,6283.0,coal_black,MW,nem,NSW1
2017-10-17 14:30:00,6308.0,coal_black,MW,nem,NSW1
2017-10-17 14:35:00,6317.0,coal_black,MW,nem,NSW1
2017-10-17 14:40:00,6376.0,coal_black,MW,nem,NSW1
2017-10-17 14:45:00,6473.0,coal_black,MW,nem,NSW1
2017-10-17 14:50:00,6591.0,coal_black,MW,nem,NSW1
2017-10-17 14:55:00,6670.0,coal_black,MW,nem,NSW1
2017-10-17 15:00:00,6607.0,coal_black,MW,nem,NSW1
2017-10-17 15:05:00,6661.0,coal_black,MW,nem,NSW1
2017-10-17 15:10:00,6792.0,coal_black,MW,nem,NSW1
2017-10-17 15:15:00,6753.0,coal_black,MW,nem,NSW1
2017-10-17 15:20:00,6827.0,coal_black,MW,nem,NSW1
2017-10-17 15:25:00,6916.0,coal_black,MW,nem,NSW1
2017-10-17 15:30:00,6903.0,coal_black,MW,nem,NSW1
2017-10-17 15:35:00,6919.0,coal_black,MW,nem,NSW1
2017-10-17 15:40:00,6918.0,coal_black,MW,nem,NSW1
2017-10-17 15:45:00,6893.0,coal_black,MW,nem,NSW1
2017-10-17 15:50:00,6977.0,coal_black,MW,nem,NSW1
2017-10-17 15:55:00,7010.0,coal_black,MW,nem,NSW1
2017-10-17 16:00:00,7115.0,coal_black,MW,nem,NSW1
2017-10-17 16:05:00,7155.0,coal_black,MW,nem,NSW1
2017-10-17 16:10:00,7204.0,coal_black,MW,nem,NSW1
2017-10-17 16:15:00,7313.0,coal_black,MW,nem,NSW1
2017-10-17 16:20:00,7309.0,coal_black,MW,nem,NSW1
2017-10-17 16:25:00,7296.0,coal_black,MW,nem,NSW1
2017-10-17 16:30:00,7319.0,coal_black,MW,nem,NSW1
2017-10-17 16:35:00,7401.0,coal_black,MW,nem,NSW1
2017-10-17 16:40:00,7462.0,coal_black,MW,nem,NSW1
2017-10-17 16:45:00,7358.0,coal_black,MW,nem,NSW1
2017-10-17 16:50:00,7277.0,coal_black,MW,nem,NSW1
2017-10-17 16:55:00,7270.0,coal_black,MW,nem,NSW1
2017-10-17 17:00:00,7301.0,coal_black,MW,nem,NSW1
2017-10-17 17:05:00,7248.0,coal_black,MW,nem,NSW1
2017-10-17 17:10:00,7211.0,coal_black,MW,nem,NSW1
2017-10-17 17:15:00,7335.0,coal_black,MW,nem,NSW1
2017-10-17 17:20:00,7359.0,coal_black,MW,nem,NSW1
2017-10-17 17:25:00,7334.0,coal_black,MW,nem,NSW1
2017-10-17 17:30:00,7337.0,coal_black,MW,nem,NSW1
2017-10-17 17:35:00,7410.0,coal_black,MW,nem,NSW1
2017-10-17 17:40:00,7349.0,coal_black,MW,nem,NSW1
2017-10-17 17:45:00,7334.0,coal_black,MW,nem,NSW1
2017-10-17 17:50:00,7314.0,coal_black,MW,nem,NSW1
2017-10-17 17:55:00,7381.0,coal_black,MW,nem,NSW1
2017-10-17 18:00:00,7367.0,coal_black,MW,nem,NSW1
2017-10-17 18:05:00,7359.0,coal_black,MW,nem,NSW1
2017-10-17 18:10:00,7319.0,coal_black,MW,nem,NSW1
2017-10-17 18:15:00,7306.0,coal_black,MW,nem,NSW1
2017-10-17 18:20:00,7340.0,coal_black,MW,nem,NSW1
2017-10-17 18:25:00,7350.0,coal_black,MW,nem,NSW1
2017-10-17 18:30:00,7283.0,coal_black,MW,nem,NSW1
2017-10-17 18:35:00,7282.0,coal_black,MW,nem,NSW1
2017-10-17 18:40:00,7351.0,coal_black,MW,nem,NSW1
2017-10-17 18:45:00,7295.0,coal_black,MW,nem,NSW1
2017-10-17 18:50:00,7280.0,coal_black,MW,nem,NSW1
2017-10-17 18:55:00,7230.0,coal_black,MW,nem,NSW1
2017-10-17 19:00:00,7213.0,coal_black,MW,nem,NSW1
2017-10-17 19:05:00,7243.0,coal_black,MW,nem,NSW1
2017-10-17 19:10:00,7288.0,coal_black,MW,nem,NSW1
2017-10-17 19:15:00,7344.0,coal_black,MW,nem,NSW1
2017-10-17 19:20:00,7278.0,coal_black,MW,nem,NSW1
2017-10-17 19:25:00,7262.0,coal_black,MW,nem,NSW1
2017-10-17 19:30:00,7245.0,coal_black,MW,nem,NSW1
2017-10-17 19:35:00,7248.0,coal_black,MW,nem,NSW1
2017-10-17 19:40:00,7153.0,coal_black,MW,nem,NSW1
2017-10-17 19:45:00,7101.0,coal_black,MW,nem,NSW1
2017-10-17 19:50:00,7039.0,coal_black,MW,nem,NSW1
2017-10-17 19:55:00,6972.0,coal_black,MW,nem,NSW1
2017-10-17 20:00:00,6860.0,coal_black,MW,nem,NSW1
2017-10-17 20:05:00,6697.0,coal_black,MW,nem,NSW1
2017-10-17 20:10:00,6702.0,coal_black,MW,nem,NSW1
2017-10-17 20:15:00,6680.0,coal_black,MW,nem,NSW1
2017-10-17 20:20:00,6546.0,coal_black,MW,nem,NSW1
2017-10-17 20:25:00,6459.0,coal_black,MW,nem,NSW1
2017-10-17 20:30:00,6458.0,coal_black,MW,nem,NSW1
2017-10-17 20:35:00,6399.0,coal_black,MW,nem,NSW1
2017-10-17 20:40:00,6525.0,coal_black,MW,nem,NSW1
2017-10-17 20:45:00,6729.0,coal_black,MW,nem,NSW1
2017-10-17 20:50:00,6792.0,coal_black,MW,nem,NSW1
2017-10-17 20:55:00,6751.0,coal_black,MW,nem,NSW1
2017-10-17 21:00:00,6749.0,coal_black,MW,nem,NSW1
2017-10-17 21:05:00,6643.0,coal_black,MW,nem,NSW1
2017-10-17 21:10:00,6598.0,coal_black,MW,nem,NSW1
2017-10-17 21:15:00,6617.0,coal_black,MW,nem,NSW1
2017-10-17 21:20:00,6606.0,coal_black,MW,nem,NSW1
2017-10-17 21:25:00,6536.0,coal_black,MW,nem,NSW1
2017-10-17 21:30:00,6450.0,coal_black,MW,nem,NSW1
2017-10-17 21:35:00,6381.0,coal_black,MW,nem,NSW1
2017-10-17 21:40:00,6200.0,coal_black,MW,nem,NSW1
2017-10-17 21:45:00,6127.0,coal_black,MW,nem,NSW1
2017-10-17 21:50:00,6025.0,coal_black,MW,nem,NSW1
2017-10-17 21:55:00,6023.0,coal_black,MW,nem,NSW1
2017-10-17 22:00:00,5962.0,coal_black,MW,nem,NSW1
2017-10-17 22:05:00,5854.0,coal_black,MW,nem,NSW1
2017-10-17 22:10:00,5888.0,coal_black,MW,nem,NSW1
2017-10-17 22:15:00,5937.0,coal_black,MW,nem,NSW1
2017-10-17 22:20:00,6003.0,coal_black,MW,nem,NSW1
2017-10-17 22:25:00,6040.0,coal_black,MW,nem,NSW1
2017-10-17 22:30:00,5966.0,coal_black,MW,nem,NSW1
2017-10-17 22:35:00,5926.0,coal_black,MW,nem,NSW1
2017-10-17 22:40:00,5912.0,coal_black,MW,nem,NSW1
2017-10-17 22:45:00,5816.0,coal_black,MW,nem,NSW1
2017-10-17 22:50:00,5730.0,coal_black,MW,nem,NSW1
2017-10-17 22:55:00,5706.0,coal_black,MW,nem,NSW1
2017-10-17 23:00:00,5577.0,coal_black,MW,nem,NSW1
2017-10-17 23:05:00,5426.0,coal_black,MW,nem,NSW1
2017-10-17 23:10:00,5473.0,coal_black,MW,nem,NSW1
2017-10-17 23:15:00,5512.0,coal_black,MW,nem,NSW1
2017-10-17 23:20:00,5529.0,coal_black,MW,nem,NSW1
2017-10-17 23:25:00,5502.0,coal_black,MW,nem,NSW1
2017-10-17 23:30:00,5445.0,coal_black,MW,nem,NSW1
2017-10-17 23:35:00,5376.0,coal_black,MW,nem,NSW1
2017-10-17 23:40:00,5420.0,coal_black,MW,nem,NSW1
2017-10-17 23:45:00,5338.0,coal_black,MW,nem,NSW1
2017-10-17 23:50:00,5338.0,coal_black,MW,nem,NSW1
2017-10-17 23:55:00,5316.0,coal_black,MW,nem,NSW1
2017-10-18 00:00:00,5288.0,coal_black,MW,nem,NSW1
2017-10-18 00:05:00,5229.0,coal_black,MW,nem,NSW1
2017-10-18 00:10:00,5166.0,coal_black,MW,nem,NSW1
2017-10-18 00:15:00,5091.0,coal_black,MW,nem,NSW1
2017-10-18 00:20:00,4966.0,coal_black,MW,nem,NSW1
2017-10-18 00:25:00,4898.0,coal_black,MW,nem,NSW1
2017-10-18 00:30:00,4841.0,coal_black,MW,nem,NSW1
2017-10-18 00:35:00,4838.0,coal_black,MW,nem,NSW1
2017-10-18 00:40:00,4834.0,coal_black,MW,nem,NSW1
2017-10-18 00:45:00,4784.0,coal_black,MW,nem,NSW1
2017-10-18 00:50:00,4774.0,coal_black,MW,nem,NSW1
2017-10-18 00:55:00,4763.0,coal_black,MW,nem,NSW1
2017-10-18 01:00:00,4747.0,coal_black,MW,nem,NSW1
2017-10-18 01:05:00,4635.0,coal_black,MW,nem,NSW1
2017-10-18 01:10:00,4681.0,coal_black,MW,nem,NSW1
2017-10-18 01:15:00,4641.0,coal_black,MW,nem,NSW1
2017-10-18 01:20:00,4551.0,coal_black,MW,nem,NSW1
2017-10-18 01:25:00,4582.0,coal_black,MW,nem,NSW1
2017-10-18 01:30:00,4607.0,coal_black,MW,nem,NSW1
2017-10-18 01:35:00,4563.0,coal_black,MW,nem,NSW1
2017-10-18 01:40:00,4569.0,coal_black,MW,nem,NSW1
2017-10-18 01:45:00,4477.0,coal_black,MW,nem,NSW1
2017-10-18 01:50:00,4433.0,coal_black,MW,nem,NSW1
2017-10-18 01:55:00,4436.0,coal_black,MW,nem,NSW1
2017-10-18 02:00:00,4418.0,coal_black,MW,nem,NSW1
2017-10-18 02:05:00,4396.0,coal_black,MW,nem,NSW1
2017-10-18 02:10:00,4360.0,coal_black,MW,nem,NSW1
2017-10-18 02:15:00,4358.0,coal_black,MW,nem,NSW1
2017-10-18 02:20:00,4361.0,coal_black,MW,nem,NSW1
2017-10-18 02:25:00,4325.0,coal_black,MW,nem,NSW1
2017-10-18 02:30:00,4336.0,coal_black,MW,nem,NSW1
2017-10-18 02:35:00,4295.0,coal_black,MW,nem,NSW1
2017-10-18 02:40:00,4286.0,coal_black,MW,nem,NSW1
2017-10-18 02:45:00,4342.0,coal_black,MW,nem,NSW1
2017-10-18 02:50:00,4347.0,coal_black,MW,nem,NSW1
2017-10-18 02:55:00,4303.0,coal_black,MW,nem,NSW1
2017-10-18 03:00:00,4315.0,coal_black,MW,nem,NSW1
2017-10-18 03:05:00,4339.0,coal_black,MW,nem,NSW1
2017-10-18 03:10:00,4301.0,coal_black,MW,nem,NSW1
2017-10-18 03:15:00,4338.0,coal_black,MW,nem,NSW1
2017-10-18 03:20:00,4283.0,coal_black,MW,nem,NSW1
2017-10-18 03:25:00,4254.0,coal_black,MW,nem,NSW1
2017-10-18 03:30:00,4311.0,coal_black,MW,nem,NSW1
2017-10-18 03:35:00,4340.0,coal_black,MW,nem,NSW1
2017-10-18 03:40:00,4377.0,coal_black,MW,nem,NSW1
2017-10-18 03:45:00,4350.0,coal_black,MW,nem,NSW1
2017-10-18 03:50:00,4429.0,coal_black,MW,nem,NSW1
2017-10-18 03:55:00,4427.0,coal_black,MW,nem,NSW1
2017-10-18 04:00:00,4464.0,coal_black,MW,nem,NSW1
2017-10-18 04:05:00,4424.0,coal_black,MW,nem,NSW1
2017-10-18 04:10:00,4536.0,coal_black,MW,nem,NSW1
2017-10-18 04:15:00,4647.0,coal_black,MW,nem,NSW1
2017-10-18 04:20:00,4768.0,coal_black,MW,nem,NSW1
2017-10-18 04:25:00,4783.0,coal_black,MW,nem,NSW1
2017-10-18 04:30:00,4819.0,coal_black,MW,nem,NSW1
2017-10-18 04:35:00,4860.0,coal_black,MW,nem,NSW1
2017-10-18 04:40:00,4942.0,coal_black,MW,nem,NSW1
2017-10-18 04:45:00,5013.0,coal_black,MW,nem,NSW1
2017-10-18 04:50:00,5093.0,coal_black,MW,nem,NSW1
2017-10-18 04:55:00,5135.0,coal_black,MW,nem,NSW1
2017-10-18 05:00:00,5207.0,coal_black,MW,nem,NSW1
2017-10-18 05:05:00,5257.0,coal_black,MW,nem,NSW1
2017-10-18 05:10:00,5247.0,coal_black,MW,nem,NSW1
2017-10-18 05:15:00,5285.0,coal_black,MW,nem,NSW1
2017-10-18 05:20:00,5389.0,coal_black,MW,nem,NSW1
2017-10-18 05:25:00,5510.0,coal_black,MW,nem,NSW1
2017-10-18 05:30:00,5518.0,coal_black,MW,nem,NSW1
2017-10-18 05:35:00,5616.0,coal_black,MW,nem,NSW1
2017-10-18 05:40:00,5641.0,coal_black,MW,nem,NSW1
2017-10-18 05:45:00,5750.0,coal_black,MW,nem,NSW1
2017-10-18 05:50:00,5843.0,coal_black,MW,nem,NSW1
2017-10-18 05:55:00,5922.0,coal_black,MW,nem,NSW1
2017-10-18 06:00:00,6053.0,coal_black,MW,nem,NSW1
2017-10-18 06:05:00,6112.0,coal_black,MW,nem,NSW1
2017-10-18 06:10:00,6077.0,coal_black,MW,nem,NSW1
2017-10-18 06:15:00,6163.0,coal_black,MW,nem,NSW1
2017-10-18 06:20:00,6228.0,coal_black,MW,nem,NSW1
2017-10-18 06:25:00,6269.0,coal_black,MW,nem,NSW1
2017-10-18 06:30:00,6376.0,coal_black,MW,nem,NSW1
2017-10-18 06:35:00,6422.0,coal_black,MW,nem,NSW1
2017-10-18 06:40:00,6458.0,coal_black,MW,nem,NSW1
2017-10-18 06:45:00,6490.0,coal_black,MW,nem,NSW1
2017-10-18 06:50:00,6456.0,coal_black,MW,nem,NSW1
2017-10-18 06:55:00,6508.0,coal_black,MW,nem,NSW1
2017-10-18 07:00:00,6526.0,coal_black,MW,nem,NSW1
2017-10-18 07:05:00,6572.0,coal_black,MW,nem,NSW1
2017-10-18 07:10:00,6598.0,coal_black,MW,nem,NSW1
2017-10-18 07:15:00,6679.0,coal_black,MW,nem,NSW1
2017-10-18 07:20:00,6698.0,coal_black,MW,nem,NSW1
2017-10-18 07:25:00,6670.0,coal_black,MW,nem,NSW1
2017-10-18 07:30:00,6682.0,coal_black,MW,nem,NSW1
2017-10-18 07:35:00,6670.0,coal_black,MW,nem,NSW1
2017-10-18 07:40:00,6664.0,coal_black,MW,nem,NSW1
2017-10-18 07:45:00,6654.0,coal_black,MW,nem,NSW1
2017-10-18 07:50:00,6638.0,coal_black,MW,nem,NSW1
2017-10-18 07:55:00,6602.0,coal_black,MW,nem,NSW1
2017-10-18 08:00:00,6677.0,coal_black,MW,nem,NSW1
2017-10-18 08:05:00,6684.0,coal_black,MW,nem,NSW1
2017-10-18 08:10:00,6689.0,coal_black,MW,nem,NSW1
2017-10-18 08:15:00,6719.0,coal_black,MW,nem,NSW1
2017-10-18 08:20:00,6690.0,coal_black,MW,nem,NSW1
2017-10-18 08:25:00,6716.0,coal_black,MW,nem,NSW1
2017-10-18 08:30:00,6752.0,coal_black,MW,nem,NSW1
2017-10-18 08:35:00,6741.0,coal_black,MW,nem,NSW1
2017-10-18 08:40:00,6814.0,coal_black,MW,nem,NSW1
2017-10-18 08:45:00,6807.0,coal_black,MW,nem,NSW1
2017-10-18 08:50:00,6778.0,coal_black,MW,nem,NSW1
2017-10-18 08:55:00,6715.0,coal_black,MW,nem,NSW1
2017-10-18 09:00:00,6688.0,coal_black,MW,nem,NSW1
2017-10-18 09:05:00,6695.0,coal_black,MW,nem,NSW1
2017-10-18 09:10:00,6693.0,coal_black,MW,nem,NSW1
2017-10-18 09:15:00,6641.0,coal_black,MW,nem,NSW1
2017-10-18 09:20:00,6733.0,coal_black,MW,nem,NSW1
2017-10-18 09:25:00,6710.0,coal_black,MW,nem,NSW1
2017-10-18 09:30:00,6649.0,coal_black,MW,nem,NSW1
2017-10-18 09:35:00,6593.0,coal_black,MW,nem,NSW1
2017-10-18 09:40:00,6619.0,coal_black,MW,nem,NSW1
2017-10-18 09:45:00,6649.0,coal_black,MW,nem,NSW1
2017-10-18 09:50:00,6677.0,coal_black,MW,nem,NSW1
2017-10-18 09:55:00,6604.0,coal_black,MW,nem,NSW1
2017-10-18 10:00:00,6486.0,coal_black,MW,nem,NSW1
2017-10-18 10:05:00,6438.0,coal_black,MW,nem,NSW1
2017-10-18 10:10:00,6487.0,coal_black,MW,nem,NSW1
2017-10-18 10:15:00,6482.0,coal_black,MW,nem,NSW1
2017-10-18 10:20:00,6468.0,coal_black,MW,nem,NSW1
2017-10-18 10:25:00,6482.0,coal_black,MW,nem,NSW1
2017-10-18 10:30:00,6489.0,coal_black,MW,nem,NSW1
2017-10-18 10:35:00,6451.0,coal_black,MW,nem,NSW1
2017-10-18 10:40:00,6463.0,coal_black,MW,nem,NSW1
2017-10-18 10:45:00,6497.0,coal_black,MW,nem,NSW1
2017-10-18 10:50:00,6571.0,coal_black,MW,nem,NSW1
2017-10-18 10:55:00,6572.0,coal_black,MW,nem,NSW1
2017-10-18 11:00:00,6470.0,coal_black,MW,nem,NSW1
2017-10-18 11:05:00,6409.0,coal_black,MW,nem,NSW1
2017-10-18 11:10:00,6545.0,coal_black,MW,nem,NSW1
2017-10-18 11:15:00,6565.0,coal_black,MW,nem,NSW1
2017-10-18 11:20:00,6577.0,coal_black,MW,nem,NSW1
2017-10-18 11:25:00,6568.0,coal_black,MW,nem,NSW1
2017-10-18 11:30:00,6503.0,coal_black,MW,nem,NSW1
2017-10-18 11:35:00,6592.0,coal_black,MW,nem,NSW1
2017-10-18 11:40:00,6473.0,coal_black,MW,nem,NSW1
2017-10-18 11:45:00,6534.0,coal_black,MW,nem,NSW1
2017-10-18 11:50:00,6546.0,coal_black,MW,nem,NSW1
2017-10-18 11:55:00,6472.0,coal_black,MW,nem,NSW1
2017-10-18 12:00:00,6489.0,coal_black,MW,nem,NSW1
2017-10-18 12:05:00,6472.0,coal_black,MW,nem,NSW1
2017-10-18 12:10:00,6464.0,coal_black,MW,nem,NSW1
2017-10-18 12:15:00,6458.0,coal_black,MW,nem,NSW1
2017-10-18 12:20:00,6450.0,coal_black,MW,nem,NSW1
2017-10-18 12:25:00,6433.0,coal_black,MW,nem,NSW1
2017-10-18 12:30:00,6540.0,coal_black,MW,nem,NSW1
2017-10-18 12:35:00,6531.0,coal_black,MW,nem,NSW1
2017-10-18 12:40:00,6480.0,coal_black,MW,nem,NSW1
2017-10-18 12:45:00,6509.0,coal_black,MW,nem,NSW1
2017-10-18 12:50:00,6455.0,coal_black,MW,nem,NSW1
2017-10-18 12:55:00,6461.0,coal_black,MW,nem,NSW1
2017-10-18 13:00:00,6528.0,coal_black,MW,nem,NSW1
2017-10-18 13:05:00,6511.0,coal_black,MW,nem,NSW1
2017-10-18 13:10:00,6495.0,coal_black,MW,nem,NSW1
2017-10-18 13:15:00,6517.0,coal_black,MW,nem,NSW1
2017-10-18 13:20:00,6515.0,coal_black,MW,nem,NSW1
2017-10-18 13:25:00,6523.0,coal_black,MW,nem,NSW1
2017-10-18 13:30:00,6475.0,coal_black,MW,nem,NSW1
2017-10-18 13:35:00,6478.0,coal_black,MW,nem,NSW1
2017-10-18 13:40:00,6547.0,coal_black,MW,nem,NSW1
2017-10-18 13:45:00,6555.0,coal_black,MW,nem,NSW1
2017-10-18 13:50:00,6495.0,coal_black,MW,nem,NSW1
2017-10-18 13:55:00,6496.0,coal_black,MW,nem,NSW1
2017-10-18 14:00:00,6513.0,coal_black,MW,nem,NSW1
2017-10-18 14:05:00,6476.0,coal_black,MW,nem,NSW1
2017-10-18 14:10:00,6460.0,coal_black,MW,nem,NSW1
2017-10-18 14:15:00,6467.0,coal_black,MW,nem,NSW1
2017-10-18 14:20:00,6436.0,coal_black,MW,nem,NSW1
2017-10-18 14:25:00,6437.0,coal_black,MW,nem,NSW1
2017-10-18 14:30:00,6460.0,coal_black,MW,nem,NSW1
2017-10-18 14:35:00,6522.0,coal_black,MW,nem,NSW1
2017-10-18 14:40:00,6455.0,coal_black,MW,nem,NSW1
2017-10-18 14:45:00,6545.0,coal_black,MW,nem,NSW1
2017-10-18 14:50:00,6526.0,coal_black,MW,nem,NSW1
2017-10-18 14:55:00,6547.0,coal_black,MW,nem,NSW1
2017-10-18 15:00:00,6486.0,coal_black,MW,nem,NSW1
2017-10-18 15:05:00,6509.0,coal_black,MW,nem,NSW1
2017-10-18 15:10:00,6541.0,coal_black,MW,nem,NSW1
2017-10-18 15:15:00,6492.0,coal_black,MW,nem,NSW1
2017-10-18 15:20:00,6503.0,coal_black,MW,nem,NSW1
2017-10-18 15:25:00,6544.0,coal_black,MW,nem,NSW1
2017-10-18 15:30:00,6534.0,coal_black,MW,nem,NSW1
2017-10-18 15:35:00,6529.0,coal_black,MW,nem,NSW1
2017-10-18 15:40:00,6505.0,coal_black,MW,nem,NSW1
2017-10-18 15:45:00,6541.0,coal_black,MW,nem,NSW1
2017-10-18 15:50:00,6579.0,coal_black,MW,nem,NSW1
2017-10-18 15:55:00,6617.0,coal_black,MW,nem,NSW1
2017-10-18 16:00:00,6650.0,coal_black,MW,nem,NSW1
2017-10-18 16:05:00,6708.0,coal_black,MW,nem,NSW1
2017-10-18 16:10:00,6726.0,coal_black,MW,nem,NSW1
2017-10-18 16:15:00,6800.0,coal_black,MW,nem,NSW1
2017-10-18 16:20:00,6871.0,coal_black,MW,nem,NSW1
2017-10-18 16:25:00,6872.0,coal_black,MW,nem,NSW1
2017-10-18 16:30:00,6868.0,coal_black,MW,nem,NSW1
2017-10-18 16:35:00,6871.0,coal_black,MW,nem,NSW1
2017-10-18 16:40:00,6842.0,coal_black,MW,nem,NSW1
2017-10-18 16:45:00,6903.0,coal_black,MW,nem,NSW1
2017-10-18 16:50:00,6953.0,coal_black,MW,nem,NSW1
2017-10-18 16:55:00,6960.0,coal_black,MW,nem,NSW1
2017-10-18 17:00:00,7015.0,coal_black,MW,nem,NSW1
2017-10-18 17:05:00,7014.0,coal_black,MW,nem,NSW1
2017-10-18 17:10:00,6942.0,coal_black,MW,nem,NSW1
2017-10-18 17:15:00,6929.0,coal_black,MW,nem,NSW1
2017-10-18 17:20:00,6889.0,coal_black,MW,nem,NSW1
2017-10-18 17:25:00,6954.0,coal_black,MW,nem,NSW1
2017-10-18 17:30:00,6936.0,coal_black,MW,nem,NSW1
2017-10-18 17:35:00,6927.0,coal_black,MW,nem,NSW1
2017-10-18 17:40:00,6940.0,coal_black,MW,nem,NSW1
2017-10-18 17:45:00,6972.0,coal_black,MW,nem,NSW1
2017-10-18 17:50:00,6982.0,coal_black,MW,nem,NSW1
2017-10-18 17:55:00,6960.0,coal_black,MW,nem,NSW1
2017-10-18 18:00:00,6990.0,coal_black,MW,nem,NSW1
2017-10-18 18:05:00,6995.0,coal_black,MW,nem,NSW1
2017-10-18 18:10:00,7013.0,coal_black,MW,nem,NSW1
2017-10-18 18:15:00,6985.0,coal_black,MW,nem,NSW1
2017-10-18 18:20:00,6966.0,coal_black,MW,nem,NSW1
2017-10-18 18:25:00,6963.0,coal_black,MW,nem,NSW1
2017-10-18 18:30:00,6972.0,coal_black,MW,nem,NSW1
2017-10-18 18:35:00,6957.0,coal_black,MW,nem,NSW1
2017-10-18 18:40:00,6959.0,coal_black,MW,nem,NSW1
2017-10-18 18:45:00,6978.0,coal_black,MW,nem,NSW1
2017-10-18 18:50:00,6977.0,coal_black,MW,nem,NSW1
2017-10-18 18:55:00,6970.0,coal_black,MW,nem,NSW1
2017-10-18 19:00:00,7000.0,coal_black,MW,nem,NSW1
2017-10-18 19:05:00,6968.0,coal_black,MW,nem,NSW1
2017-10-18 19:10:00,7016.0,coal_black,MW,nem,NSW1
2017-10-18 19:15:00,7018.0,coal_black,MW,nem,NSW1
2017-10-18 19:20:00,7071.0,coal_black,MW,nem,NSW1
2017-10-18 19:25:00,7023.0,coal_black,MW,nem,NSW1
2017-10-18 19:30:00,6972.0,coal_black,MW,nem,NSW1
2017-10-18 19:35:00,6936.0,coal_black,MW,nem,NSW1
2017-10-18 19:40:00,6887.0,coal_black,MW,nem,NSW1
2017-10-18 19:45:00,6867.0,coal_black,MW,nem,NSW1
2017-10-18 19:50:00,6814.0,coal_black,MW,nem,NSW1
2017-10-18 19:55:00,6889.0,coal_black,MW,nem,NSW1
2017-10-18 20:00:00,6903.0,coal_black,MW,nem,NSW1
2017-10-18 20:05:00,6854.0,coal_black,MW,nem,NSW1
2017-10-18 20:10:00,6878.0,coal_black,MW,nem,NSW1
2017-10-18 20:15:00,6811.0,coal_black,MW,nem,NSW1
2017-10-18 20:20:00,6764.0,coal_black,MW,nem,NSW1
2017-10-18 20:25:00,6754.0,coal_black,MW,nem,NSW1
2017-10-18 20:30:00,6701.0,coal_black,MW,nem,NSW1
2017-10-18 20:35:00,6570.0,coal_black,MW,nem,NSW1
2017-10-18 20:40:00,6498.0,coal_black,MW,nem,NSW1
2017-10-18 20:45:00,6434.0,coal_black,MW,nem,NSW1
2017-10-18 20:50:00,6389.0,coal_black,MW,nem,NSW1
2017-10-18 20:55:00,6349.0,coal_black,MW,nem,NSW1
2017-10-18 21:00:00,6303.0,coal_black,MW,nem,NSW1
2017-10-18 21:05:00,6221.0,coal_black,MW,nem,NSW1
2017-10-18 21:10:00,6283.0,coal_black,MW,nem,NSW1
2017-10-18 21:15:00,6202.0,coal_black,MW,nem,NSW1
2017-10-18 21:20:00,6137.0,coal_black,MW,nem,NSW1
2017-10-18 21:25:00,6031.0,coal_black,MW,nem,NSW1
2017-10-18 21:30:00,5978.0,coal_black,MW,nem,NSW1
2017-10-18 21:35:00,5937.0,coal_black,MW,nem,NSW1
2017-10-18 21:40:00,5894.0,coal_black,MW,nem,NSW1
2017-10-18 21:45:00,5842.0,coal_black,MW,nem,NSW1
2017-10-18 21:50:00,5743.0,coal_black,MW,nem,NSW1
2017-10-18 21:55:00,5605.0,coal_black,MW,nem,NSW1
2017-10-18 22:00:00,5581.0,coal_black,MW,nem,NSW1
2017-10-18 22:05:00,5502.0,coal_black,MW,nem,NSW1
2017-10-18 22:10:00,5652.0,coal_black,MW,nem,NSW1
2017-10-18 22:15:00,5699.0,coal_black,MW,nem,NSW1
2017-10-18 22:20:00,5756.0,coal_black,MW,nem,NSW1
2017-10-18 22:25:00,5732.0,coal_black,MW,nem,NSW1
2017-10-18 22:30:00,5745.0,coal_black,MW,nem,NSW1
2017-10-18 22:35:00,5740.0,coal_black,MW,nem,NSW1
2017-10-18 22:40:00,5842.0,coal_black,MW,nem,NSW1
2017-10-18 22:45:00,5996.0,coal_black,MW,nem,NSW1
2017-10-18 22:50:00,5915.0,coal_black,MW,nem,NSW1
2017-10-18 22:55:00,5839.0,coal_black,MW,nem,NSW1
2017-10-18 23:00:00,5834.0,coal_black,MW,nem,NSW1
2017-10-18 23:05:00,5762.0,coal_black,MW,nem,NSW1
2017-10-18 23:10:00,5795.0,coal_black,MW,nem,NSW1
2017-10-18 23:15:00,5861.0,coal_black,MW,nem,NSW1
2017-10-18 23:20:00,5834.0,coal_black,MW,nem,NSW1
2017-10-18 23:25:00,5824.0,coal_black,MW,nem,NSW1
2017-10-18 23:30:00,5742.0,coal_black,MW,nem,NSW1
2017-10-18 23:35:00,5693.0,coal_black,MW,nem,NSW1
2017-10-18 23:40:00,5735.0,coal_black,MW,nem,NSW1
2017-10-18 23:45:00,5786.0,coal_black,MW,nem,NSW1
2017-10-18 23:50:00,5732.0,coal_black,MW,nem,NSW1
2017-10-18 23:55:00,5678.0,coal_black,MW,nem,NSW1
2017-10-19 00:00:00,5634.0,coal_black,MW,nem,NSW1
2017-10-19 00:05:00,5456.0,coal_black,MW,nem,NSW1
2017-10-19 00:10:00,5361.0,coal_black,MW,nem,NSW1
2017-10-19 00:15:00,5325.0,coal_black,MW,nem,NSW1
2017-10-19 00:20:00,5277.0,coal_black,MW,nem,NSW1
2017-10-19 00:25:00,5303.0,coal_black,MW,nem,NSW1
2017-10-19 00:30:00,5312.0,coal_black,MW,nem,NSW1
2017-10-19 00:35:00,5268.0,coal_black,MW,nem,NSW1
2017-10-19 00:40:00,5207.0,coal_black,MW,nem,NSW1
2017-10-19 00:45:00,5126.0,coal_black,MW,nem,NSW1
2017-10-19 00:50:00,5039.0,coal_black,MW,nem,NSW1
2017-10-19 00:55:00,4895.0,coal_black,MW,nem,NSW1
2017-10-19 01:00:00,4832.0,coal_black,MW,nem,NSW1
2017-10-19 01:05:00,4756.0,coal_black,MW,nem,NSW1
2017-10-19 01:10:00,4789.0,coal_black,MW,nem,NSW1
2017-10-19 01:15:00,4756.0,coal_black,MW,nem,NSW1
2017-10-19 01:20:00,4692.0,coal_black,MW,nem,NSW1
2017-10-19 01:25:00,4675.0,coal_black,MW,nem,NSW1
2017-10-19 01:30:00,4570.0,coal_black,MW,nem,NSW1
2017-10-19 01:35:00,4566.0,coal_black,MW,nem,NSW1
2017-10-19 01:40:00,4493.0,coal_black,MW,nem,NSW1
2017-10-19 01:45:00,4478.0,coal_black,MW,nem,NSW1
2017-10-19 01:50:00,4444.0,coal_black,MW,nem,NSW1
2017-10-19 01:55:00,4375.0,coal_black,MW,nem,NSW1
2017-10-19 02:00:00,4345.0,coal_black,MW,nem,NSW1
2017-10-19 02:05:00,4252.0,coal_black,MW,nem,NSW1
2017-10-19 02:10:00,4151.0,coal_black,MW,nem,NSW1
2017-10-19 02:15:00,4131.0,coal_black,MW,nem,NSW1
2017-10-19 02:20:00,4127.0,coal_black,MW,nem,NSW1
2017-10-19 02:25:00,4078.0,coal_black,MW,nem,NSW1
2017-10-19 02:30:00,4106.0,coal_black,MW,nem,NSW1
2017-10-19 02:35:00,4118.0,coal_black,MW,nem,NSW1
2017-10-19 02:40:00,4181.0,coal_black,MW,nem,NSW1
2017-10-19 02:45:00,4228.0,coal_black,MW,nem,NSW1
2017-10-19 02:50:00,4209.0,coal_black,MW,nem,NSW1
2017-10-19 02:55:00,4199.0,coal_black,MW,nem,NSW1
2017-10-19 03:00:00,4267.0,coal_black,MW,nem,NSW1
2017-10-19 03:05:00,4398.0,coal_black,MW,nem,NSW1
2017-10-19 03:10:00,4434.0,coal_black,MW,nem,NSW1
2017-10-19 03:15:00,4496.0,coal_black,MW,nem,NSW1
2017-10-19 03:20:00,4515.0,coal_black,MW,nem,NSW1
2017-10-19 03:25:00,4499.0,coal_black,MW,nem,NSW1
2017-10-19 03:30:00,4519.0,coal_black,MW,nem,NSW1
2017-10-19 03:35:00,4579.0,coal_black,MW,nem,NSW1
2017-10-19 03:40:00,4574.0,coal_black,MW,nem,NSW1
2017-10-19 03:45:00,4595.0,coal_black,MW,nem,NSW1
2017-10-19 03:50:00,4677.0,coal_black,MW,nem,NSW1
2017-10-19 03:55:00,4651.0,coal_black,MW,nem,NSW1
2017-10-19 04:00:00,4627.0,coal_black,MW,nem,NSW1
2017-10-19 04:05:00,4626.0,coal_black,MW,nem,NSW1
2017-10-19 04:10:00,4770.0,coal_black,MW,nem,NSW1
2017-10-19 04:15:00,4893.0,coal_black,MW,nem,NSW1
2017-10-19 04:20:00,5034.0,coal_black,MW,nem,NSW1
2017-10-19 04:25:00,5045.0,coal_black,MW,nem,NSW1
2017-10-19 04:30:00,5125.0,coal_black,MW,nem,NSW1
2017-10-19 04:35:00,5132.0,coal_black,MW,nem,NSW1
2017-10-19 04:40:00,5153.0,coal_black,MW,nem,NSW1
2017-10-19 04:45:00,5187.0,coal_black,MW,nem,NSW1
2017-10-19 04:50:00,5268.0,coal_black,MW,nem,NSW1
2017-10-19 04:55:00,5358.0,coal_black,MW,nem,NSW1
2017-10-19 05:00:00,5429.0,coal_black,MW,nem,NSW1
2017-10-19 05:05:00,5425.0,coal_black,MW,nem,NSW1
2017-10-19 05:10:00,5515.0,coal_black,MW,nem,NSW1
2017-10-19 05:15:00,5522.0,coal_black,MW,nem,NSW1
2017-10-19 05:20:00,5609.0,coal_black,MW,nem,NSW1
2017-10-19 05:25:00,5630.0,coal_black,MW,nem,NSW1
2017-10-19 05:30:00,5631.0,coal_black,MW,nem,NSW1
2017-10-19 05:35:00,5675.0,coal_black,MW,nem,NSW1
2017-10-19 05:40:00,5791.0,coal_black,MW,nem,NSW1
2017-10-19 05:45:00,5890.0,coal_black,MW,nem,NSW1
2017-10-19 05:50:00,5955.0,coal_black,MW,nem,NSW1
2017-10-19 05:55:00,6047.0,coal_black,MW,nem,NSW1
2017-10-19 06:00:00,6102.0,coal_black,MW,nem,NSW1
2017-10-19 06:05:00,6198.0,coal_black,MW,nem,NSW1
2017-10-19 06:10:00,6277.0,coal_black,MW,nem,NSW1
2017-10-19 06:15:00,6390.0,coal_black,MW,nem,NSW1
2017-10-19 06:20:00,6548.0,coal_black,MW,nem,NSW1
2017-10-19 06:25:00,6632.0,coal_black,MW,nem,NSW1
2017-10-19 06:30:00,6640.0,coal_black,MW,nem,NSW1
2017-10-19 06:35:00,6668.0,coal_black,MW,nem,NSW1
2017-10-19 06:40:00,6632.0,coal_black,MW,nem,NSW1
2017-10-19 06:45:00,6682.0,coal_black,MW,nem,NSW1
2017-10-19 06:50:00,6720.0,coal_black,MW,nem,NSW1
2017-10-19 06:55:00,6752.0,coal_black,MW,nem,NSW1
2017-10-19 07:00:00,6736.0,coal_black,MW,nem,NSW1
2017-10-19 07:05:00,6738.0,coal_black,MW,nem,NSW1
2017-10-19 07:10:00,6768.0,coal_black,MW,nem,NSW1
2017-10-19 07:15:00,6777.0,coal_black,MW,nem,NSW1
2017-10-19 07:20:00,6780.0,coal_black,MW,nem,NSW1
2017-10-19 07:25:00,6770.0,coal_black,MW,nem,NSW1
2017-10-19 07:30:00,6832.0,coal_black,MW,nem,NSW1
2017-10-19 07:35:00,6818.0,coal_black,MW,nem,NSW1
2017-10-19 07:40:00,6810.0,coal_black,MW,nem,NSW1
2017-10-19 07:45:00,6785.0,coal_black,MW,nem,NSW1
2017-10-19 07:50:00,6814.0,coal_black,MW,nem,NSW1
2017-10-19 07:55:00,6812.0,coal_black,MW,nem,NSW1
2017-10-19 08:00:00,6823.0,coal_black,MW,nem,NSW1
2017-10-19 08:05:00,6820.0,coal_black,MW,nem,NSW1
2017-10-19 08:10:00,6809.0,coal_black,MW,nem,NSW1
2017-10-19 08:15:00,6792.0,coal_black,MW,nem,NSW1
2017-10-19 08:20:00,6795.0,coal_black,MW,nem,NSW1
2017-10-19 08:25:00,6750.0,coal_black,MW,nem,NSW1
2017-10-19 08:30:00,6720.0,coal_black,MW,nem,NSW1
2017-10-19 08:35:00,6677.0,coal_black,MW,nem,NSW1
2017-10-19 08:40:00,6621.0,coal_black,MW,nem,NSW1
2017-10-19 08:45:00,6601.0,coal_black,MW,nem,NSW1
2017-10-19 08:50:00,6624.0,coal_black,MW,nem,NSW1
2017-10-19 08:55:00,6601.0,coal_black,MW,nem,NSW1
2017-10-19 09:00:00,6609.0,coal_black,MW,nem,NSW1
2017-10-19 09:05:00,6633.0,coal_black,MW,nem,NSW1
2017-10-19 09:10:00,6594.0,coal_black,MW,nem,NSW1
2017-10-19 09:15:00,6587.0,coal_black,MW,nem,NSW1
2017-10-19 09:20:00,6637.0,coal_black,MW,nem,NSW1
2017-10-19 09:25:00,6515.0,coal_black,MW,nem,NSW1
2017-10-19 09:30:00,6448.0,coal_black,MW,nem,NSW1
2017-10-19 09:35:00,6374.0,coal_black,MW,nem,NSW1
2017-10-19 09:40:00,6373.0,coal_black,MW,nem,NSW1
2017-10-19 09:45:00,6398.0,coal_black,MW,nem,NSW1
2017-10-19 09:50:00,6386.0,coal_black,MW,nem,NSW1
2017-10-19 09:55:00,6401.0,coal_black,MW,nem,NSW1
2017-10-19 10:00:00,6398.0,coal_black,MW,nem,NSW1
2017-10-19 10:05:00,6356.0,coal_black,MW,nem,NSW1
2017-10-19 10:10:00,6409.0,coal_black,MW,nem,NSW1
2017-10-19 10:15:00,6416.0,coal_black,MW,nem,NSW1
2017-10-19 10:20:00,6413.0,coal_black,MW,nem,NSW1
2017-10-19 10:25:00,6397.0,coal_black,MW,nem,NSW1
2017-10-19 10:30:00,6389.0,coal_black,MW,nem,NSW1
2017-10-19 10:35:00,6406.0,coal_black,MW,nem,NSW1
2017-10-19 10:40:00,6462.0,coal_black,MW,nem,NSW1
2017-10-19 10:45:00,6471.0,coal_black,MW,nem,NSW1
2017-10-19 10:50:00,6453.0,coal_black,MW,nem,NSW1
2017-10-19 10:55:00,6399.0,coal_black,MW,nem,NSW1
2017-10-19 11:00:00,6431.0,coal_black,MW,nem,NSW1
2017-10-19 11:05:00,6380.0,coal_black,MW,nem,NSW1
2017-10-19 11:10:00,6421.0,coal_black,MW,nem,NSW1
2017-10-19 11:15:00,6435.0,coal_black,MW,nem,NSW1
2017-10-19 11:20:00,6443.0,coal_black,MW,nem,NSW1
2017-10-19 11:25:00,6461.0,coal_black,MW,nem,NSW1
2017-10-19 11:30:00,6413.0,coal_black,MW,nem,NSW1
2017-10-19 11:35:00,6400.0,coal_black,MW,nem,NSW1
2017-10-19 11:40:00,6369.0,coal_black,MW,nem,NSW1
2017-10-19 11:45:00,6336.0,coal_black,MW,nem,NSW1
2017-10-19 11:50:00,6369.0,coal_black,MW,nem,NSW1
2017-10-19 11:55:00,6390.0,coal_black,MW,nem,NSW1
2017-10-19 12:00:00,6423.0,coal_black,MW,nem,NSW1
2017-10-19 12:05:00,6433.0,coal_black,MW,nem,NSW1
2017-10-19 12:10:00,6497.0,coal_black,MW,nem,NSW1
2017-10-19 12:15:00,6481.0,coal_black,MW,nem,NSW1
2017-10-19 12:20:00,6421.0,coal_black,MW,nem,NSW1
2017-10-19 12:25:00,6357.0,coal_black,MW,nem,NSW1
2017-10-19 12:30:00,6343.0,coal_black,MW,nem,NSW1
2017-10-19 12:35:00,6301.0,coal_black,MW,nem,NSW1
2017-10-19 12:40:00,6332.0,coal_black,MW,nem,NSW1
2017-10-19 12:45:00,6499.0,coal_black,MW,nem,NSW1
2017-10-19 12:50:00,6427.0,coal_black,MW,nem,NSW1
2017-10-19 12:55:00,6529.0,coal_black,MW,nem,NSW1
2017-10-19 13:00:00,6593.0,coal_black,MW,nem,NSW1
2017-10-19 13:05:00,6590.0,coal_black,MW,nem,NSW1
2017-10-19 13:10:00,6639.0,coal_black,MW,nem,NSW1
2017-10-19 13:15:00,6548.0,coal_black,MW,nem,NSW1
2017-10-19 13:20:00,6554.0,coal_black,MW,nem,NSW1
2017-10-19 13:25:00,6559.0,coal_black,MW,nem,NSW1
2017-10-19 13:30:00,6669.0,coal_black,MW,nem,NSW1
2017-10-19 13:35:00,6687.0,coal_black,MW,nem,NSW1
2017-10-19 13:40:00,6733.0,coal_black,MW,nem,NSW1
2017-10-19 13:45:00,6636.0,coal_black,MW,nem,NSW1
2017-10-19 13:50:00,6697.0,coal_black,MW,nem,NSW1
2017-10-19 13:55:00,6721.0,coal_black,MW,nem,NSW1
2017-10-19 14:00:00,6659.0,coal_black,MW,nem,NSW1
2017-10-19 14:05:00,6622.0,coal_black,MW,nem,NSW1
2017-10-19 14:10:00,6679.0,coal_black,MW,nem,NSW1
2017-10-19 14:15:00,6699.0,coal_black,MW,nem,NSW1
2017-10-19 14:20:00,6649.0,coal_black,MW,nem,NSW1
2017-10-19 14:25:00,6642.0,coal_black,MW,nem,NSW1
2017-10-19 14:30:00,6674.0,coal_black,MW,nem,NSW1
2017-10-19 14:35:00,6711.0,coal_black,MW,nem,NSW1
2017-10-19 14:40:00,6731.0,coal_black,MW,nem,NSW1
2017-10-19 14:45:00,6785.0,coal_black,MW,nem,NSW1
2017-10-19 14:50:00,6827.0,coal_black,MW,nem,NSW1
2017-10-19 14:55:00,6907.0,coal_black,MW,nem,NSW1
2017-10-19 15:00:00,6914.0,coal_black,MW,nem,NSW1
2017-10-19 15:05:00,6901.0,coal_black,MW,nem,NSW1
2017-10-19 15:10:00,6922.0,coal_black,MW,nem,NSW1
2017-10-19 15:15:00,6946.0,coal_black,MW,nem,NSW1
2017-10-19 15:20:00,6871.0,coal_black,MW,nem,NSW1
2017-10-19 15:25:00,6896.0,coal_black,MW,nem,NSW1
2017-10-19 15:30:00,6873.0,coal_black,MW,nem,NSW1
2017-10-19 15:35:00,6883.0,coal_black,MW,nem,NSW1
2017-10-19 15:40:00,6914.0,coal_black,MW,nem,NSW1
2017-10-19 15:45:00,6924.0,coal_black,MW,nem,NSW1
2017-10-19 15:50:00,6952.0,coal_black,MW,nem,NSW1
2017-10-19 15:55:00,6944.0,coal_black,MW,nem,NSW1
2017-10-19 16:00:00,6897.0,coal_black,MW,nem,NSW1
2017-10-19 16:05:00,6885.0,coal_black,MW,nem,NSW1
2017-10-19 16:10:00,6803.0,coal_black,MW,nem,NSW1
2017-10-19 16:15:00,6723.0,coal_black,MW,nem,NSW1
2017-10-19 16:20:00,6679.0,coal_black,MW,nem,NSW1
2017-10-19 16:25:00,6709.0,coal_black,MW,nem,NSW1
2017-10-19 16:30:00,6735.0,coal_black,MW,nem,NSW1
2017-10-19 16:35:00,6763.0,coal_black,MW,nem,NSW1
2017-10-19 16:40:00,6818.0,coal_black,MW,nem,NSW1
2017-10-19 16:45:00,6895.0,coal_black,MW,nem,NSW1
2017-10-19 16:50:00,6893.0,coal_black,MW,nem,NSW1
2017-10-19 16:55:00,6890.0,coal_black,MW,nem,NSW1
2017-10-19 17:00:00,6907.0,coal_black,MW,nem,NSW1
2017-10-19 17:05:00,6894.0,coal_black,MW,nem,NSW1
2017-10-19 17:10:00,6897.0,coal_black,MW,nem,NSW1
2017-10-19 17:15:00,6881.0,coal_black,MW,nem,NSW1
2017-10-19 17:20:00,6856.0,coal_black,MW,nem,NSW1
2017-10-19 17:25:00,6861.0,coal_black,MW,nem,NSW1
2017-10-19 17:30:00,6889.0,coal_black,MW,nem,NSW1
2017-10-19 17:35:00,6844.0,coal_black,MW,nem,NSW1
2017-10-19 17:40:00,6814.0,coal_black,MW,nem,NSW1
2017-10-19 17:45:00,6852.0,coal_black,MW,nem,NSW1
2017-10-19 17:50:00,6851.0,coal_black,MW,nem,NSW1
2017-10-19 17:55:00,6811.0,coal_black,MW,nem,NSW1
2017-10-19 18:00:00,6822.0,coal_black,MW,nem,NSW1
2017-10-19 18:05:00,6799.0,coal_black,MW,nem,NSW1
2017-10-19 18:10:00,6744.0,coal_black,MW,nem,NSW1
2017-10-19 18:15:00,6747.0,coal_black,MW,nem,NSW1
2017-10-19 18:20:00,6792.0,coal_black,MW,nem,NSW1
2017-10-19 18:25:00,6751.0,coal_black,MW,nem,NSW1
2017-10-19 18:30:00,6803.0,coal_black,MW,nem,NSW1
2017-10-19 18:35:00,6776.0,coal_black,MW,nem,NSW1
2017-10-19 18:40:00,6739.0,coal_black,MW,nem,NSW1
2017-10-19 18:45:00,6736.0,coal_black,MW,nem,NSW1
2017-10-19 18:50:00,6678.0,coal_black,MW,nem,NSW1
2017-10-19 18:55:00,6656.0,coal_black,MW,nem,NSW1
2017-10-19 19:00:00,6671.0,coal_black,MW,nem,NSW1
2017-10-19 19:05:00,6630.0,coal_black,MW,nem,NSW1
2017-10-19 19:10:00,6658.0,coal_black,MW,nem,NSW1
2017-10-19 19:15:00,6679.0,coal_black,MW,nem,NSW1
2017-10-19 19:20:00,6615.0,coal_black,MW,nem,NSW1
2017-10-19 19:25:00,6582.0,coal_black,MW,nem,NSW1
2017-10-19 19:30:00,6572.0,coal_black,MW,nem,NSW1
2017-10-19 19:35:00,6554.0,coal_black,MW,nem,NSW1
2017-10-19 19:40:00,6563.0,coal_black,MW,nem,NSW1
2017-10-19 19:45:00,6536.0,coal_black,MW,nem,NSW1
2017-10-19 19:50:00,6551.0,coal_black,MW,nem,NSW1
2017-10-19 19:55:00,6522.0,coal_black,MW,nem,NSW1
2017-10-19 20:00:00,6443.0,coal_black,MW,nem,NSW1
2017-10-19 20:05:00,6392.0,coal_black,MW,nem,NSW1
2017-10-19 20:10:00,6423.0,coal_black,MW,nem,NSW1
2017-10-19 20:15:00,6400.0,coal_black,MW,nem,NSW1
2017-10-19 20:20:00,6360.0,coal_black,MW,nem,NSW1
2017-10-19 20:25:00,6253.0,coal_black,MW,nem,NSW1
2017-10-19 20:30:00,6206.0,coal_black,MW,nem,NSW1
2017-10-19 20:35:00,6146.0,coal_black,MW,nem,NSW1
2017-10-19 20:40:00,6184.0,coal_black,MW,nem,NSW1
2017-10-19 20:45:00,6250.0,coal_black,MW,nem,NSW1
2017-10-19 20:50:00,6267.0,coal_black,MW,nem,NSW1
2017-10-19 20:55:00,6208.0,coal_black,MW,nem,NSW1
2017-10-19 21:00:00,6121.0,coal_black,MW,nem,NSW1
2017-10-19 21:05:00,6019.0,coal_black,MW,nem,NSW1
2017-10-19 21:10:00,6015.0,coal_black,MW,nem,NSW1
2017-10-19 21:15:00,5956.0,coal_black,MW,nem,NSW1
2017-10-19 21:20:00,5995.0,coal_black,MW,nem,NSW1
2017-10-19 21:25:00,5940.0,coal_black,MW,nem,NSW1
2017-10-19 21:30:00,5853.0,coal_black,MW,nem,NSW1
2017-10-19 21:35:00,5750.0,coal_black,MW,nem,NSW1
2017-10-19 21:40:00,5771.0,coal_black,MW,nem,NSW1
2017-10-19 21:45:00,5756.0,coal_black,MW,nem,NSW1
2017-10-19 21:50:00,5663.0,coal_black,MW,nem,NSW1
2017-10-19 21:55:00,5605.0,coal_black,MW,nem,NSW1
2017-10-19 22:00:00,5544.0,coal_black,MW,nem,NSW1
2017-10-19 22:05:00,5527.0,coal_black,MW,nem,NSW1
2017-10-19 22:10:00,5586.0,coal_black,MW,nem,NSW1
2017-10-19 22:15:00,5622.0,coal_black,MW,nem,NSW1
2017-10-19 22:20:00,5608.0,coal_black,MW,nem,NSW1
2017-10-19 22:25:00,5600.0,coal_black,MW,nem,NSW1
2017-10-19 22:30:00,5545.0,coal_black,MW,nem,NSW1
2017-10-19 22:35:00,5560.0,coal_black,MW,nem,NSW1
2017-10-19 22:40:00,5668.0,coal_black,MW,nem,NSW1
2017-10-19 22:45:00,5663.0,coal_black,MW,nem,NSW1
2017-10-19 22:50:00,5666.0,coal_black,MW,nem,NSW1
2017-10-19 22:55:00,5647.0,coal_black,MW,nem,NSW1
2017-10-19 23:00:00,5629.0,coal_black,MW,nem,NSW1
2017-10-19 23:05:00,5584.0,coal_black,MW,nem,NSW1
2017-10-19 23:10:00,5622.0,coal_black,MW,nem,NSW1
2017-10-19 23:15:00,5614.0,coal_black,MW,nem,NSW1
2017-10-19 23:20:00,5669.0,coal_black,MW,nem,NSW1
2017-10-19 23:25:00,5606.0,coal_black,MW,nem,NSW1
2017-10-19 23:30:00,5581.0,coal_black,MW,nem,NSW1
2017-10-19 23:35:00,5473.0,coal_black,MW,nem,NSW1
2017-10-19 23:40:00,5549.0,coal_black,MW,nem,NSW1
2017-10-19 23:45:00,5518.0,coal_black,MW,nem,NSW1
2017-10-19 23:50:00,5447.0,coal_black,MW,nem,NSW1
2017-10-19 23:55:00,5425.0,coal_black,MW,nem,NSW1
2017-10-20 00:00:00,5413.0,coal_black,MW,nem,NSW1
2017-10-20 00:05:00,5417.0,coal_black,MW,nem,NSW1
2017-10-20 00:10:00,5333.0,coal_black,MW,nem,NSW1
2017-10-20 00:15:00,5290.0,coal_black,MW,nem,NSW1
2017-10-20 00:20:00,5278.0,coal_black,MW,nem,NSW1
2017-10-20 00:25:00,5219.0,coal_black,MW,nem,NSW1
2017-10-20 00:30:00,5212.0,coal_black,MW,nem,NSW1
2017-10-20 00:35:00,5182.0,coal_black,MW,nem,NSW1
2017-10-20 00:40:00,5083.0,coal_black,MW,nem,NSW1
2017-10-20 00:45:00,5021.0,coal_black,MW,nem,NSW1
2017-10-20 00:50:00,4960.0,coal_black,MW,nem,NSW1
2017-10-20 00:55:00,4821.0,coal_black,MW,nem,NSW1
2017-10-20 01:00:00,4787.0,coal_black,MW,nem,NSW1
2017-10-20 01:05:00,4731.0,coal_black,MW,nem,NSW1
2017-10-20 01:10:00,4730.0,coal_black,MW,nem,NSW1
2017-10-20 01:15:00,4668.0,coal_black,MW,nem,NSW1
2017-10-20 01:20:00,4593.0,coal_black,MW,nem,NSW1
2017-10-20 01:25:00,4589.0,coal_black,MW,nem,NSW1
2017-10-20 01:30:00,4560.0,coal_black,MW,nem,NSW1
2017-10-20 01:35:00,4483.0,coal_black,MW,nem,NSW1
2017-10-20 01:40:00,4374.0,coal_black,MW,nem,NSW1
2017-10-20 01:45:00,4296.0,coal_black,MW,nem,NSW1
2017-10-20 01:50:00,4276.0,coal_black,MW,nem,NSW1
2017-10-20 01:55:00,4265.0,coal_black,MW,nem,NSW1
2017-10-20 02:00:00,4182.0,coal_black,MW,nem,NSW1
2017-10-20 02:05:00,4166.0,coal_black,MW,nem,NSW1
2017-10-20 02:10:00,4113.0,coal_black,MW,nem,NSW1
2017-10-20 02:15:00,4066.0,coal_black,MW,nem,NSW1
2017-10-20 02:20:00,4055.0,coal_black,MW,nem,NSW1
2017-10-20 02:25:00,4064.0,coal_black,MW,nem,NSW1
2017-10-20 02:30:00,4077.0,coal_black,MW,nem,NSW1
2017-10-20 02:35:00,4067.0,coal_black,MW,nem,NSW1
2017-10-20 02:40:00,4075.0,coal_black,MW,nem,NSW1
2017-10-20 02:45:00,4028.0,coal_black,MW,nem,NSW1
2017-10-20 02:50:00,4020.0,coal_black,MW,nem,NSW1
2017-10-20 02:55:00,4087.0,coal_black,MW,nem,NSW1
2017-10-20 03:00:00,4064.0,coal_black,MW,nem,NSW1
2017-10-20 03:05:00,4049.0,coal_black,MW,nem,NSW1
2017-10-20 03:10:00,4064.0,coal_black,MW,nem,NSW1
2017-10-20 03:15:00,4072.0,coal_black,MW,nem,NSW1
2017-10-20 03:20:00,4008.0,coal_black,MW,nem,NSW1
2017-10-20 03:25:00,4042.0,coal_black,MW,nem,NSW1
2017-10-20 03:30:00,4050.0,coal_black,MW,nem,NSW1
2017-10-20 03:35:00,4039.0,coal_black,MW,nem,NSW1
2017-10-20 03:40:00,4062.0,coal_black,MW,nem,NSW1
2017-10-20 03:45:00,4084.0,coal_black,MW,nem,NSW1
2017-10-20 03:50:00,4152.0,coal_black,MW,nem,NSW1
2017-10-20 03:55:00,4140.0,coal_black,MW,nem,NSW1
2017-10-20 04:00:00,4183.0,coal_black,MW,nem,NSW1
2017-10-20 04:05:00,4272.0,coal_black,MW,nem,NSW1
2017-10-20 04:10:00,4359.0,coal_black,MW,nem,NSW1
2017-10-20 04:15:00,4399.0,coal_black,MW,nem,NSW1
2017-10-20 04:20:00,4477.0,coal_black,MW,nem,NSW1
2017-10-20 04:25:00,4494.0,coal_black,MW,nem,NSW1
2017-10-20 04:30:00,4543.0,coal_black,MW,nem,NSW1
2017-10-20 04:35:00,4571.0,coal_black,MW,nem,NSW1
2017-10-20 04:40:00,4685.0,coal_black,MW,nem,NSW1
2017-10-20 04:45:00,4768.0,coal_black,MW,nem,NSW1
2017-10-20 04:50:00,4851.0,coal_black,MW,nem,NSW1
2017-10-20 04:55:00,4919.0,coal_black,MW,nem,NSW1
2017-10-20 05:00:00,4975.0,coal_black,MW,nem,NSW1
2017-10-20 05:05:00,5035.0,coal_black,MW,nem,NSW1
2017-10-20 05:10:00,5208.0,coal_black,MW,nem,NSW1
2017-10-20 05:15:00,5424.0,coal_black,MW,nem,NSW1
2017-10-20 05:20:00,5560.0,coal_black,MW,nem,NSW1
2017-10-20 05:25:00,5695.0,coal_black,MW,nem,NSW1
2017-10-20 05:30:00,5739.0,coal_black,MW,nem,NSW1
2017-10-20 05:35:00,5812.0,coal_black,MW,nem,NSW1
2017-10-20 05:40:00,5905.0,coal_black,MW,nem,NSW1
2017-10-20 05:45:00,6020.0,coal_black,MW,nem,NSW1
2017-10-20 05:50:00,6214.0,coal_black,MW,nem,NSW1
2017-10-20 05:55:00,6353.0,coal_black,MW,nem,NSW1
2017-10-20 06:00:00,6377.0,coal_black,MW,nem,NSW1
2017-10-20 06:05:00,6429.0,coal_black,MW,nem,NSW1
2017-10-20 06:10:00,6478.0,coal_black,MW,nem,NSW1
2017-10-20 06:15:00,6559.0,coal_black,MW,nem,NSW1
2017-10-20 06:20:00,6570.0,coal_black,MW,nem,NSW1
2017-10-20 06:25:00,6650.0,coal_black,MW,nem,NSW1
2017-10-20 06:30:00,6656.0,coal_black,MW,nem,NSW1
2017-10-20 06:35:00,6622.0,coal_black,MW,nem,NSW1
2017-10-20 06:40:00,6614.0,coal_black,MW,nem,NSW1
2017-10-20 06:45:00,6635.0,coal_black,MW,nem,NSW1
2017-10-20 06:50:00,6643.0,coal_black,MW,nem,NSW1
2017-10-20 06:55:00,6704.0,coal_black,MW,nem,NSW1
2017-10-20 07:00:00,6702.0,coal_black,MW,nem,NSW1
2017-10-20 07:05:00,6706.0,coal_black,MW,nem,NSW1
2017-10-20 07:10:00,6680.0,coal_black,MW,nem,NSW1
2017-10-20 07:15:00,6642.0,coal_black,MW,nem,NSW1
2017-10-20 07:20:00,6655.0,coal_black,MW,nem,NSW1
2017-10-20 07:25:00,6634.0,coal_black,MW,nem,NSW1
2017-10-20 07:30:00,6627.0,coal_black,MW,nem,NSW1
2017-10-20 07:35:00,6649.0,coal_black,MW,nem,NSW1
2017-10-20 07:40:00,6630.0,coal_black,MW,nem,NSW1
2017-10-20 07:45:00,6652.0,coal_black,MW,nem,NSW1
2017-10-20 07:50:00,6611.0,coal_black,MW,nem,NSW1
2017-10-20 07:55:00,6567.0,coal_black,MW,nem,NSW1
2017-10-20 08:00:00,6566.0,coal_black,MW,nem,NSW1
2017-10-20 08:05:00,6577.0,coal_black,MW,nem,NSW1
2017-10-20 08:10:00,6557.0,coal_black,MW,nem,NSW1
2017-10-20 08:15:00,6521.0,coal_black,MW,nem,NSW1
2017-10-20 08:20:00,6450.0,coal_black,MW,nem,NSW1
2017-10-20 08:25:00,6430.0,coal_black,MW,nem,NSW1
2017-10-20 08:30:00,6337.0,coal_black,MW,nem,NSW1
2017-10-20 08:35:00,6283.0,coal_black,MW,nem,NSW1
2017-10-20 08:40:00,6378.0,coal_black,MW,nem,NSW1
2017-10-20 08:45:00,6476.0,coal_black,MW,nem,NSW1
2017-10-20 08:50:00,6553.0,coal_black,MW,nem,NSW1
2017-10-20 08:55:00,6595.0,coal_black,MW,nem,NSW1
2017-10-20 09:00:00,6605.0,coal_black,MW,nem,NSW1
2017-10-20 09:05:00,6583.0,coal_black,MW,nem,NSW1
2017-10-20 09:10:00,6596.0,coal_black,MW,nem,NSW1
2017-10-20 09:15:00,6621.0,coal_black,MW,nem,NSW1
2017-10-20 09:20:00,6591.0,coal_black,MW,nem,NSW1
2017-10-20 09:25:00,6551.0,coal_black,MW,nem,NSW1
2017-10-20 09:30:00,6573.0,coal_black,MW,nem,NSW1
2017-10-20 09:35:00,6590.0,coal_black,MW,nem,NSW1
2017-10-20 09:40:00,6544.0,coal_black,MW,nem,NSW1
2017-10-20 09:45:00,6549.0,coal_black,MW,nem,NSW1
2017-10-20 09:50:00,6507.0,coal_black,MW,nem,NSW1
2017-10-20 09:55:00,6384.0,coal_black,MW,nem,NSW1
2017-10-20 10:00:00,6491.0,coal_black,MW,nem,NSW1
2017-10-20 10:05:00,6536.0,coal_black,MW,nem,NSW1
2017-10-20 10:10:00,6456.0,coal_black,MW,nem,NSW1
2017-10-20 10:15:00,6472.0,coal_black,MW,nem,NSW1
2017-10-20 10:20:00,6470.0,coal_black,MW,nem,NSW1
2017-10-20 10:25:00,6436.0,coal_black,MW,nem,NSW1
2017-10-20 10:30:00,6379.0,coal_black,MW,nem,NSW1
2017-10-20 10:35:00,6390.0,coal_black,MW,nem,NSW1
2017-10-20 10:40:00,6348.0,coal_black,MW,nem,NSW1
2017-10-20 10:45:00,6393.0,coal_black,MW,nem,NSW1
2017-10-20 10:50:00,6353.0,coal_black,MW,nem,NSW1
2017-10-20 10:55:00,6352.0,coal_black,MW,nem,NSW1
2017-10-20 11:00:00,6402.0,coal_black,MW,nem,NSW1
2017-10-20 11:05:00,6353.0,coal_black,MW,nem,NSW1
2017-10-20 11:10:00,6381.0,coal_black,MW,nem,NSW1
2017-10-20 11:15:00,6417.0,coal_black,MW,nem,NSW1
2017-10-20 11:20:00,6359.0,coal_black,MW,nem,NSW1
2017-10-20 11:25:00,6356.0,coal_black,MW,nem,NSW1
2017-10-20 11:30:00,6375.0,coal_black,MW,nem,NSW1
2017-10-20 11:35:00,6405.0,coal_black,MW,nem,NSW1
2017-10-20 11:40:00,6372.0,coal_black,MW,nem,NSW1
2017-10-20 11:45:00,6360.0,coal_black,MW,nem,NSW1
2017-10-20 11:50:00,6341.0,coal_black,MW,nem,NSW1
2017-10-20 11:55:00,6307.0,coal_black,MW,nem,NSW1
2017-10-20 12:00:00,6300.0,coal_black,MW,nem,NSW1
2017-10-20 12:05:00,6348.0,coal_black,MW,nem,NSW1
2017-10-20 12:10:00,6286.0,coal_black,MW,nem,NSW1
2017-10-20 12:15:00,6269.0,coal_black,MW,nem,NSW1
2017-10-20 12:20:00,6322.0,coal_black,MW,nem,NSW1
2017-10-20 12:25:00,6324.0,coal_black,MW,nem,NSW1
2017-10-20 12:30:00,6325.0,coal_black,MW,nem,NSW1
2017-10-20 12:35:00,6355.0,coal_black,MW,nem,NSW1
2017-10-20 12:40:00,6328.0,coal_black,MW,nem,NSW1
2017-10-20 12:45:00,6272.0,coal_black,MW,nem,NSW1
2017-10-20 12:50:00,6290.0,coal_black,MW,nem,NSW1
2017-10-20 12:55:00,6285.0,coal_black,MW,nem,NSW1
2017-10-20 13:00:00,6272.0,coal_black,MW,nem,NSW1
2017-10-20 13:05:00,6212.0,coal_black,MW,nem,NSW1
2017-10-20 13:10:00,6199.0,coal_black,MW,nem,NSW1
2017-10-20 13:15:00,6195.0,coal_black,MW,nem,NSW1
2017-10-20 13:20:00,6211.0,coal_black,MW,nem,NSW1
2017-10-20 13:25:00,6241.0,coal_black,MW,nem,NSW1
2017-10-20 13:30:00,6234.0,coal_black,MW,nem,NSW1
2017-10-20 13:35:00,6183.0,coal_black,MW,nem,NSW1
2017-10-20 13:40:00,6200.0,coal_black,MW,nem,NSW1
2017-10-20 13:45:00,6137.0,coal_black,MW,nem,NSW1
2017-10-20 13:50:00,6101.0,coal_black,MW,nem,NSW1
2017-10-20 13:55:00,5990.0,coal_black,MW,nem,NSW1
2017-10-20 14:00:00,5950.0,coal_black,MW,nem,NSW1
2017-10-20 14:05:00,5917.0,coal_black,MW,nem,NSW1
2017-10-20 14:10:00,5975.0,coal_black,MW,nem,NSW1
2017-10-20 14:15:00,5940.0,coal_black,MW,nem,NSW1
2017-10-20 14:20:00,5930.0,coal_black,MW,nem,NSW1
2017-10-20 14:25:00,5933.0,coal_black,MW,nem,NSW1
2017-10-20 14:30:00,5958.0,coal_black,MW,nem,NSW1
2017-10-20 14:35:00,5914.0,coal_black,MW,nem,NSW1
2017-10-20 14:40:00,5928.0,coal_black,MW,nem,NSW1
2017-10-20 14:45:00,5897.0,coal_black,MW,nem,NSW1
2017-10-20 14:50:00,5926.0,coal_black,MW,nem,NSW1
2017-10-20 14:55:00,5986.0,coal_black,MW,nem,NSW1
2017-10-20 15:00:00,6048.0,coal_black,MW,nem,NSW1
2017-10-20 15:05:00,6032.0,coal_black,MW,nem,NSW1
2017-10-20 15:10:00,6093.0,coal_black,MW,nem,NSW1
2017-10-20 15:15:00,6097.0,coal_black,MW,nem,NSW1
2017-10-20 15:20:00,6027.0,coal_black,MW,nem,NSW1
2017-10-20 15:25:00,6036.0,coal_black,MW,nem,NSW1
2017-10-20 15:30:00,6076.0,coal_black,MW,nem,NSW1
2017-10-20 15:35:00,6096.0,coal_black,MW,nem,NSW1
2017-10-20 15:40:00,6024.0,coal_black,MW,nem,NSW1
2017-10-20 15:45:00,5996.0,coal_black,MW,nem,NSW1
2017-10-20 15:50:00,5997.0,coal_black,MW,nem,NSW1
2017-10-20 15:55:00,6029.0,coal_black,MW,nem,NSW1
2017-10-20 16:00:00,6079.0,coal_black,MW,nem,NSW1
2017-10-20 16:05:00,6107.0,coal_black,MW,nem,NSW1
2017-10-20 16:10:00,6092.0,coal_black,MW,nem,NSW1
2017-10-20 16:15:00,6095.0,coal_black,MW,nem,NSW1
2017-10-20 16:20:00,6050.0,coal_black,MW,nem,NSW1
2017-10-20 16:25:00,6147.0,coal_black,MW,nem,NSW1
2017-10-20 16:30:00,6180.0,coal_black,MW,nem,NSW1
2017-10-20 16:35:00,6286.0,coal_black,MW,nem,NSW1
2017-10-20 16:40:00,6294.0,coal_black,MW,nem,NSW1
2017-10-20 16:45:00,6320.0,coal_black,MW,nem,NSW1
2017-10-20 16:50:00,6369.0,coal_black,MW,nem,NSW1
2017-10-20 16:55:00,6399.0,coal_black,MW,nem,NSW1
2017-10-20 17:00:00,6355.0,coal_black,MW,nem,NSW1
2017-10-20 17:05:00,6391.0,coal_black,MW,nem,NSW1
2017-10-20 17:10:00,6320.0,coal_black,MW,nem,NSW1
2017-10-20 17:15:00,6279.0,coal_black,MW,nem,NSW1
2017-10-20 17:20:00,6267.0,coal_black,MW,nem,NSW1
2017-10-20 17:25:00,6205.0,coal_black,MW,nem,NSW1
2017-10-20 17:30:00,6218.0,coal_black,MW,nem,NSW1
2017-10-20 17:35:00,6253.0,coal_black,MW,nem,NSW1
2017-10-20 17:40:00,6243.0,coal_black,MW,nem,NSW1
2017-10-20 17:45:00,6224.0,coal_black,MW,nem,NSW1
2017-10-20 17:50:00,6172.0,coal_black,MW,nem,NSW1
2017-10-20 17:55:00,6188.0,coal_black,MW,nem,NSW1
2017-10-20 18:00:00,6193.0,coal_black,MW,nem,NSW1
2017-10-20 18:05:00,6216.0,coal_black,MW,nem,NSW1
2017-10-20 18:10:00,6201.0,coal_black,MW,nem,NSW1
2017-10-20 18:15:00,6238.0,coal_black,MW,nem,NSW1
2017-10-20 18:20:00,6272.0,coal_black,MW,nem,NSW1
2017-10-20 18:25:00,6283.0,coal_black,MW,nem,NSW1
2017-10-20 18:30:00,6315.0,coal_black,MW,nem,NSW1
2017-10-20 18:35:00,6355.0,coal_black,MW,nem,NSW1
2017-10-20 18:40:00,6333.0,coal_black,MW,nem,NSW1
2017-10-20 18:45:00,6357.0,coal_black,MW,nem,NSW1
2017-10-20 18:50:00,6354.0,coal_black,MW,nem,NSW1
2017-10-20 18:55:00,6330.0,coal_black,MW,nem,NSW1
2017-10-20 19:00:00,6373.0,coal_black,MW,nem,NSW1
2017-10-20 19:05:00,6373.0,coal_black,MW,nem,NSW1
2017-10-20 19:10:00,6350.0,coal_black,MW,nem,NSW1
2017-10-20 19:15:00,6334.0,coal_black,MW,nem,NSW1
2017-10-20 19:20:00,6313.0,coal_black,MW,nem,NSW1
2017-10-20 19:25:00,6324.0,coal_black,MW,nem,NSW1
2017-10-20 19:30:00,6322.0,coal_black,MW,nem,NSW1
2017-10-20 19:35:00,6318.0,coal_black,MW,nem,NSW1
2017-10-20 19:40:00,6338.0,coal_black,MW,nem,NSW1
2017-10-20 19:45:00,6248.0,coal_black,MW,nem,NSW1
2017-10-20 19:50:00,6276.0,coal_black,MW,nem,NSW1
2017-10-20 19:55:00,6309.0,coal_black,MW,nem,NSW1
2017-10-20 20:00:00,6285.0,coal_black,MW,nem,NSW1
2017-10-20 20:05:00,6295.0,coal_black,MW,nem,NSW1
2017-10-20 20:10:00,6367.0,coal_black,MW,nem,NSW1
2017-10-20 20:15:00,6338.0,coal_black,MW,nem,NSW1
2017-10-20 20:20:00,6304.0,coal_black,MW,nem,NSW1
2017-10-20 20:25:00,6278.0,coal_black,MW,nem,NSW1
2017-10-20 20:30:00,6236.0,coal_black,MW,nem,NSW1
2017-10-20 20:35:00,6228.0,coal_black,MW,nem,NSW1
2017-10-20 20:40:00,6257.0,coal_black,MW,nem,NSW1
2017-10-20 20:45:00,6236.0,coal_black,MW,nem,NSW1
2017-10-20 20:50:00,6186.0,coal_black,MW,nem,NSW1
2017-10-20 20:55:00,6170.0,coal_black,MW,nem,NSW1
2017-10-20 21:00:00,6119.0,coal_black,MW,nem,NSW1
2017-10-20 21:05:00,6063.0,coal_black,MW,nem,NSW1
2017-10-20 21:10:00,6117.0,coal_black,MW,nem,NSW1
2017-10-20 21:15:00,6158.0,coal_black,MW,nem,NSW1
2017-10-20 21:20:00,6102.0,coal_black,MW,nem,NSW1
2017-10-20 21:25:00,6128.0,coal_black,MW,nem,NSW1
2017-10-20 21:30:00,6104.0,coal_black,MW,nem,NSW1
2017-10-20 21:35:00,6031.0,coal_black,MW,nem,NSW1
2017-10-20 21:40:00,6043.0,coal_black,MW,nem,NSW1
2017-10-20 21:45:00,5944.0,coal_black,MW,nem,NSW1
2017-10-20 21:50:00,5877.0,coal_black,MW,nem,NSW1
2017-10-20 21:55:00,5853.0,coal_black,MW,nem,NSW1
2017-10-20 22:00:00,5849.0,coal_black,MW,nem,NSW1
2017-10-20 22:05:00,5810.0,coal_black,MW,nem,NSW1
2017-10-20 22:10:00,5828.0,coal_black,MW,nem,NSW1
2017-10-20 22:15:00,5801.0,coal_black,MW,nem,NSW1
2017-10-20 22:20:00,5838.0,coal_black,MW,nem,NSW1
2017-10-20 22:25:00,5769.0,coal_black,MW,nem,NSW1
2017-10-20 22:30:00,5755.0,coal_black,MW,nem,NSW1
2017-10-20 22:35:00,5750.0,coal_black,MW,nem,NSW1
2017-10-20 22:40:00,5826.0,coal_black,MW,nem,NSW1
2017-10-20 22:45:00,5812.0,coal_black,MW,nem,NSW1
2017-10-20 22:50:00,5844.0,coal_black,MW,nem,NSW1
2017-10-20 22:55:00,5746.0,coal_black,MW,nem,NSW1
2017-10-20 23:00:00,5697.0,coal_black,MW,nem,NSW1
2017-10-20 23:05:00,5687.0,coal_black,MW,nem,NSW1
2017-10-20 23:10:00,5715.0,coal_black,MW,nem,NSW1
2017-10-20 23:15:00,5789.0,coal_black,MW,nem,NSW1
2017-10-20 23:20:00,5761.0,coal_black,MW,nem,NSW1
2017-10-20 23:25:00,5793.0,coal_black,MW,nem,NSW1
2017-10-20 23:30:00,5798.0,coal_black,MW,nem,NSW1
2017-10-20 23:35:00,5787.0,coal_black,MW,nem,NSW1
2017-10-20 23:40:00,5840.0,coal_black,MW,nem,NSW1
2017-10-20 23:45:00,5792.0,coal_black,MW,nem,NSW1
2017-10-20 23:50:00,5712.0,coal_black,MW,nem,NSW1
2017-10-20 23:55:00,5663.0,coal_black,MW,nem,NSW1
2017-10-21 00:00:00,5619.0,coal_black,MW,nem,NSW1
2017-10-21 00:05:00,5543.0,coal_black,MW,nem,NSW1
2017-10-21 00:10:00,5541.0,coal_black,MW,nem,NSW1
2017-10-21 00:15:00,5450.0,coal_black,MW,nem,NSW1
2017-10-21 00:20:00,5427.0,coal_black,MW,nem,NSW1
2017-10-21 00:25:00,5326.0,coal_black,MW,nem,NSW1
2017-10-21 00:30:00,5213.0,coal_black,MW,nem,NSW1
2017-10-21 00:35:00,5137.0,coal_black,MW,nem,NSW1
2017-10-21 00:40:00,5178.0,coal_black,MW,nem,NSW1
2017-10-21 00:45:00,5144.0,coal_black,MW,nem,NSW1
2017-10-21 00:50:00,5078.0,coal_black,MW,nem,NSW1
2017-10-21 00:55:00,5079.0,coal_black,MW,nem,NSW1
2017-10-21 01:00:00,4966.0,coal_black,MW,nem,NSW1
2017-10-21 01:05:00,4814.0,coal_black,MW,nem,NSW1
2017-10-21 01:10:00,4729.0,coal_black,MW,nem,NSW1
2017-10-21 01:15:00,4687.0,coal_black,MW,nem,NSW1
2017-10-21 01:20:00,4709.0,coal_black,MW,nem,NSW1
2017-10-21 01:25:00,4659.0,coal_black,MW,nem,NSW1
2017-10-21 01:30:00,4588.0,coal_black,MW,nem,NSW1
2017-10-21 01:35:00,4540.0,coal_black,MW,nem,NSW1
2017-10-21 01:40:00,4661.0,coal_black,MW,nem,NSW1
2017-10-21 01:45:00,4651.0,coal_black,MW,nem,NSW1
2017-10-21 01:50:00,4664.0,coal_black,MW,nem,NSW1
2017-10-21 01:55:00,4538.0,coal_black,MW,nem,NSW1
2017-10-21 02:00:00,4428.0,coal_black,MW,nem,NSW1
2017-10-21 02:05:00,4384.0,coal_black,MW,nem,NSW1
2017-10-21 02:10:00,4298.0,coal_black,MW,nem,NSW1
2017-10-21 02:15:00,4253.0,coal_black,MW,nem,NSW1
2017-10-21 02:20:00,4155.0,coal_black,MW,nem,NSW1
2017-10-21 02:25:00,4157.0,coal_black,MW,nem,NSW1
2017-10-21 02:30:00,4122.0,coal_black,MW,nem,NSW1
2017-10-21 02:35:00,4117.0,coal_black,MW,nem,NSW1
2017-10-21 02:40:00,4175.0,coal_black,MW,nem,NSW1
2017-10-21 02:45:00,4141.0,coal_black,MW,nem,NSW1
2017-10-21 02:50:00,4148.0,coal_black,MW,nem,NSW1
2017-10-21 02:55:00,4159.0,coal_black,MW,nem,NSW1
2017-10-21 03:00:00,4239.0,coal_black,MW,nem,NSW1
2017-10-21 03:05:00,4158.0,coal_black,MW,nem,NSW1
2017-10-21 03:10:00,4154.0,coal_black,MW,nem,NSW1
2017-10-21 03:15:00,4184.0,coal_black,MW,nem,NSW1
2017-10-21 03:20:00,4126.0,coal_black,MW,nem,NSW1
2017-10-21 03:25:00,4160.0,coal_black,MW,nem,NSW1
2017-10-21 03:30:00,4098.0,coal_black,MW,nem,NSW1
2017-10-21 03:35:00,4057.0,coal_black,MW,nem,NSW1
2017-10-21 03:40:00,4047.0,coal_black,MW,nem,NSW1
2017-10-21 03:45:00,4018.0,coal_black,MW,nem,NSW1
2017-10-21 03:50:00,4053.0,coal_black,MW,nem,NSW1
2017-10-21 03:55:00,4037.0,coal_black,MW,nem,NSW1
2017-10-21 04:00:00,4059.0,coal_black,MW,nem,NSW1
2017-10-21 04:05:00,4079.0,coal_black,MW,nem,NSW1
2017-10-21 04:10:00,4048.0,coal_black,MW,nem,NSW1
2017-10-21 04:15:00,4026.0,coal_black,MW,nem,NSW1
2017-10-21 04:20:00,4049.0,coal_black,MW,nem,NSW1
2017-10-21 04:25:00,4007.0,coal_black,MW,nem,NSW1
2017-10-21 04:30:00,3991.0,coal_black,MW,nem,NSW1
2017-10-21 04:35:00,4004.0,coal_black,MW,nem,NSW1
2017-10-21 04:40:00,3958.0,coal_black,MW,nem,NSW1
2017-10-21 04:45:00,3973.0,coal_black,MW,nem,NSW1
2017-10-21 04:50:00,4035.0,coal_black,MW,nem,NSW1
2017-10-21 04:55:00,4078.0,coal_black,MW,nem,NSW1
2017-10-21 05:00:00,4042.0,coal_black,MW,nem,NSW1
2017-10-21 05:05:00,4118.0,coal_black,MW,nem,NSW1
2017-10-21 05:10:00,4282.0,coal_black,MW,nem,NSW1
2017-10-21 05:15:00,4360.0,coal_black,MW,nem,NSW1
2017-10-21 05:20:00,4436.0,coal_black,MW,nem,NSW1
2017-10-21 05:25:00,4528.0,coal_black,MW,nem,NSW1
2017-10-21 05:30:00,4600.0,coal_black,MW,nem,NSW1
2017-10-21 05:35:00,4658.0,coal_black,MW,nem,NSW1
2017-10-21 05:40:00,4673.0,coal_black,MW,nem,NSW1
2017-10-21 05:45:00,4740.0,coal_black,MW,nem,NSW1
2017-10-21 05:50:00,4843.0,coal_black,MW,nem,NSW1
2017-10-21 05:55:00,4896.0,coal_black,MW,nem,NSW1
2017-10-21 06:00:00,4954.0,coal_black,MW,nem,NSW1
2017-10-21 06:05:00,5005.0,coal_black,MW,nem,NSW1
2017-10-21 06:10:00,4940.0,coal_black,MW,nem,NSW1
2017-10-21 06:15:00,4952.0,coal_black,MW,nem,NSW1
2017-10-21 06:20:00,5057.0,coal_black,MW,nem,NSW1
2017-10-21 06:25:00,5111.0,coal_black,MW,nem,NSW1
2017-10-21 06:30:00,5198.0,coal_black,MW,nem,NSW1
2017-10-21 06:35:00,5234.0,coal_black,MW,nem,NSW1
2017-10-21 06:40:00,5280.0,coal_black,MW,nem,NSW1
2017-10-21 06:45:00,5347.0,coal_black,MW,nem,NSW1
2017-10-21 06:50:00,5379.0,coal_black,MW,nem,NSW1
2017-10-21 06:55:00,5450.0,coal_black,MW,nem,NSW1
2017-10-21 07:00:00,5455.0,coal_black,MW,nem,NSW1
2017-10-21 07:05:00,5488.0,coal_black,MW,nem,NSW1
2017-10-21 07:10:00,5454.0,coal_black,MW,nem,NSW1
2017-10-21 07:15:00,5453.0,coal_black,MW,nem,NSW1
2017-10-21 07:20:00,5503.0,coal_black,MW,nem,NSW1
2017-10-21 07:25:00,5605.0,coal_black,MW,nem,NSW1
2017-10-21 07:30:00,5659.0,coal_black,MW,nem,NSW1
2017-10-21 07:35:00,5754.0,coal_black,MW,nem,NSW1
2017-10-21 07:40:00,5747.0,coal_black,MW,nem,NSW1
2017-10-21 07:45:00,5763.0,coal_black,MW,nem,NSW1
2017-10-21 07:50:00,5781.0,coal_black,MW,nem,NSW1
2017-10-21 07:55:00,5781.0,coal_black,MW,nem,NSW1
2017-10-21 08:00:00,5807.0,coal_black,MW,nem,NSW1
2017-10-21 08:05:00,5844.0,coal_black,MW,nem,NSW1
2017-10-21 08:10:00,5907.0,coal_black,MW,nem,NSW1
2017-10-21 08:15:00,5958.0,coal_black,MW,nem,NSW1
2017-10-21 08:20:00,5995.0,coal_black,MW,nem,NSW1
2017-10-21 08:25:00,5995.0,coal_black,MW,nem,NSW1
2017-10-21 08:30:00,5982.0,coal_black,MW,nem,NSW1
2017-10-21 08:35:00,5984.0,coal_black,MW,nem,NSW1
2017-10-21 08:40:00,5983.0,coal_black,MW,nem,NSW1
2017-10-21 08:45:00,5980.0,coal_black,MW,nem,NSW1
2017-10-21 08:50:00,5985.0,coal_black,MW,nem,NSW1
2017-10-21 08:55:00,5963.0,coal_black,MW,nem,NSW1
2017-10-21 09:00:00,5922.0,coal_black,MW,nem,NSW1
2017-10-21 09:05:00,5935.0,coal_black,MW,nem,NSW1
2017-10-21 09:10:00,5830.0,coal_black,MW,nem,NSW1
2017-10-21 09:15:00,5801.0,coal_black,MW,nem,NSW1
2017-10-21 09:20:00,5840.0,coal_black,MW,nem,NSW1
2017-10-21 09:25:00,5865.0,coal_black,MW,nem,NSW1
2017-10-21 09:30:00,5836.0,coal_black,MW,nem,NSW1
2017-10-21 09:35:00,5802.0,coal_black,MW,nem,NSW1
2017-10-21 09:40:00,5903.0,coal_black,MW,nem,NSW1
2017-10-21 09:45:00,5897.0,coal_black,MW,nem,NSW1
2017-10-21 09:50:00,5936.0,coal_black,MW,nem,NSW1
2017-10-21 09:55:00,5904.0,coal_black,MW,nem,NSW1
2017-10-21 10:00:00,5889.0,coal_black,MW,nem,NSW1
2017-10-21 10:05:00,5885.0,coal_black,MW,nem,NSW1
2017-10-21 10:10:00,5769.0,coal_black,MW,nem,NSW1
2017-10-21 10:15:00,5729.0,coal_black,MW,nem,NSW1
2017-10-21 10:20:00,5728.0,coal_black,MW,nem,NSW1
2017-10-21 10:25:00,5688.0,coal_black,MW,nem,NSW1
2017-10-21 10:30:00,5726.0,coal_black,MW,nem,NSW1
2017-10-21 10:35:00,5744.0,coal_black,MW,nem,NSW1
2017-10-21 10:40:00,5801.0,coal_black,MW,nem,NSW1
2017-10-21 10:45:00,5817.0,coal_black,MW,nem,NSW1
2017-10-21 10:50:00,5814.0,coal_black,MW,nem,NSW1
2017-10-21 10:55:00,5702.0,coal_black,MW,nem,NSW1
2017-10-21 11:00:00,5689.0,coal_black,MW,nem,NSW1
2017-10-21 11:05:00,5646.0,coal_black,MW,nem,NSW1
2017-10-21 11:10:00,5614.0,coal_black,MW,nem,NSW1
2017-10-21 11:15:00,5593.0,coal_black,MW,nem,NSW1
2017-10-21 11:20:00,5549.0,coal_black,MW,nem,NSW1
2017-10-21 11:25:00,5534.0,coal_black,MW,nem,NSW1
2017-10-21 11:30:00,5477.0,coal_black,MW,nem,NSW1
2017-10-21 11:35:00,5431.0,coal_black,MW,nem,NSW1
2017-10-21 11:40:00,5417.0,coal_black,MW,nem,NSW1
2017-10-21 11:45:00,5421.0,coal_black,MW,nem,NSW1
2017-10-21 11:50:00,5347.0,coal_black,MW,nem,NSW1
2017-10-21 11:55:00,5353.0,coal_black,MW,nem,NSW1
2017-10-21 12:00:00,5303.0,coal_black,MW,nem,NSW1
2017-10-21 12:05:00,5236.0,coal_black,MW,nem,NSW1
2017-10-21 12:10:00,5288.0,coal_black,MW,nem,NSW1
2017-10-21 12:15:00,5256.0,coal_black,MW,nem,NSW1
2017-10-21 12:20:00,5241.0,coal_black,MW,nem,NSW1
2017-10-21 12:25:00,5189.0,coal_black,MW,nem,NSW1
2017-10-21 12:30:00,5179.0,coal_black,MW,nem,NSW1
2017-10-21 12:35:00,5134.0,coal_black,MW,nem,NSW1
2017-10-21 12:40:00,5129.0,coal_black,MW,nem,NSW1
2017-10-21 12:45:00,5209.0,coal_black,MW,nem,NSW1
2017-10-21 12:50:00,5239.0,coal_black,MW,nem,NSW1
2017-10-21 12:55:00,5283.0,coal_black,MW,nem,NSW1
2017-10-21 13:00:00,5272.0,coal_black,MW,nem,NSW1
2017-10-21 13:05:00,5240.0,coal_black,MW,nem,NSW1
2017-10-21 13:10:00,5219.0,coal_black,MW,nem,NSW1
2017-10-21 13:15:00,5143.0,coal_black,MW,nem,NSW1
2017-10-21 13:20:00,5029.0,coal_black,MW,nem,NSW1
2017-10-21 13:25:00,4960.0,coal_black,MW,nem,NSW1
2017-10-21 13:30:00,4929.0,coal_black,MW,nem,NSW1
2017-10-21 13:35:00,4917.0,coal_black,MW,nem,NSW1
2017-10-21 13:40:00,4977.0,coal_black,MW,nem,NSW1
2017-10-21 13:45:00,5014.0,coal_black,MW,nem,NSW1
2017-10-21 13:50:00,4942.0,coal_black,MW,nem,NSW1
2017-10-21 13:55:00,4815.0,coal_black,MW,nem,NSW1
2017-10-21 14:00:00,4677.0,coal_black,MW,nem,NSW1
2017-10-21 14:05:00,4672.0,coal_black,MW,nem,NSW1
2017-10-21 14:10:00,4707.0,coal_black,MW,nem,NSW1
2017-10-21 14:15:00,4736.0,coal_black,MW,nem,NSW1
2017-10-21 14:20:00,4768.0,coal_black,MW,nem,NSW1
2017-10-21 14:25:00,4859.0,coal_black,MW,nem,NSW1
2017-10-21 14:30:00,4775.0,coal_black,MW,nem,NSW1
2017-10-21 14:35:00,4784.0,coal_black,MW,nem,NSW1
2017-10-21 14:40:00,4847.0,coal_black,MW,nem,NSW1
2017-10-21 14:45:00,4825.0,coal_black,MW,nem,NSW1
2017-10-21 14:50:00,4811.0,coal_black,MW,nem,NSW1
2017-10-21 14:55:00,4815.0,coal_black,MW,nem,NSW1
2017-10-21 15:00:00,4900.0,coal_black,MW,nem,NSW1
2017-10-21 15:05:00,4951.0,coal_black,MW,nem,NSW1
2017-10-21 15:10:00,4899.0,coal_black,MW,nem,NSW1
2017-10-21 15:15:00,4944.0,coal_black,MW,nem,NSW1
2017-10-21 15:20:00,4950.0,coal_black,MW,nem,NSW1
2017-10-21 15:25:00,4969.0,coal_black,MW,nem,NSW1
2017-10-21 15:30:00,5005.0,coal_black,MW,nem,NSW1
2017-10-21 15:35:00,5109.0,coal_black,MW,nem,NSW1
2017-10-21 15:40:00,5126.0,coal_black,MW,nem,NSW1
2017-10-21 15:45:00,5128.0,coal_black,MW,nem,NSW1
2017-10-21 15:50:00,5155.0,coal_black,MW,nem,NSW1
2017-10-21 15:55:00,5240.0,coal_black,MW,nem,NSW1
2017-10-21 16:00:00,5309.0,coal_black,MW,nem,NSW1
2017-10-21 16:05:00,5315.0,coal_black,MW,nem,NSW1
2017-10-21 16:10:00,5380.0,coal_black,MW,nem,NSW1
2017-10-21 16:15:00,5389.0,coal_black,MW,nem,NSW1
2017-10-21 16:20:00,5414.0,coal_black,MW,nem,NSW1
2017-10-21 16:25:00,5404.0,coal_black,MW,nem,NSW1
2017-10-21 16:30:00,5459.0,coal_black,MW,nem,NSW1
2017-10-21 16:35:00,5489.0,coal_black,MW,nem,NSW1
2017-10-21 16:40:00,5469.0,coal_black,MW,nem,NSW1
2017-10-21 16:45:00,5479.0,coal_black,MW,nem,NSW1
2017-10-21 16:50:00,5523.0,coal_black,MW,nem,NSW1
2017-10-21 16:55:00,5487.0,coal_black,MW,nem,NSW1
2017-10-21 17:00:00,5568.0,coal_black,MW,nem,NSW1
2017-10-21 17:05:00,5635.0,coal_black,MW,nem,NSW1
2017-10-21 17:10:00,5735.0,coal_black,MW,nem,NSW1
2017-10-21 17:15:00,5816.0,coal_black,MW,nem,NSW1
2017-10-21 17:20:00,5853.0,coal_black,MW,nem,NSW1
2017-10-21 17:25:00,5916.0,coal_black,MW,nem,NSW1
2017-10-21 17:30:00,5950.0,coal_black,MW,nem,NSW1
2017-10-21 17:35:00,5977.0,coal_black,MW,nem,NSW1
2017-10-21 17:40:00,5992.0,coal_black,MW,nem,NSW1
2017-10-21 17:45:00,6024.0,coal_black,MW,nem,NSW1
2017-10-21 17:50:00,6017.0,coal_black,MW,nem,NSW1
2017-10-21 17:55:00,6053.0,coal_black,MW,nem,NSW1
2017-10-21 18:00:00,6051.0,coal_black,MW,nem,NSW1
2017-10-21 18:05:00,6066.0,coal_black,MW,nem,NSW1
2017-10-21 18:10:00,5944.0,coal_black,MW,nem,NSW1
2017-10-21 18:15:00,5904.0,coal_black,MW,nem,NSW1
2017-10-21 18:20:00,5946.0,coal_black,MW,nem,NSW1
2017-10-21 18:25:00,6042.0,coal_black,MW,nem,NSW1
2017-10-21 18:30:00,6058.0,coal_black,MW,nem,NSW1
2017-10-21 18:35:00,6083.0,coal_black,MW,nem,NSW1
2017-10-21 18:40:00,6094.0,coal_black,MW,nem,NSW1
2017-10-21 18:45:00,6108.0,coal_black,MW,nem,NSW1
2017-10-21 18:50:00,6074.0,coal_black,MW,nem,NSW1
2017-10-21 18:55:00,6092.0,coal_black,MW,nem,NSW1
2017-10-21 19:00:00,6050.0,coal_black,MW,nem,NSW1
2017-10-21 19:05:00,6064.0,coal_black,MW,nem,NSW1
2017-10-21 19:10:00,6065.0,coal_black,MW,nem,NSW1
2017-10-21 19:15:00,5994.0,coal_black,MW,nem,NSW1
2017-10-21 19:20:00,5995.0,coal_black,MW,nem,NSW1
2017-10-21 19:25:00,5989.0,coal_black,MW,nem,NSW1
2017-10-21 19:30:00,6005.0,coal_black,MW,nem,NSW1
2017-10-21 19:35:00,6009.0,coal_black,MW,nem,NSW1
2017-10-21 19:40:00,6005.0,coal_black,MW,nem,NSW1
2017-10-21 19:45:00,5976.0,coal_black,MW,nem,NSW1
2017-10-21 19:50:00,5913.0,coal_black,MW,nem,NSW1
2017-10-21 19:55:00,5897.0,coal_black,MW,nem,NSW1
2017-10-21 20:00:00,5963.0,coal_black,MW,nem,NSW1
2017-10-21 20:05:00,5898.0,coal_black,MW,nem,NSW1
2017-10-21 20:10:00,5942.0,coal_black,MW,nem,NSW1
2017-10-21 20:15:00,5928.0,coal_black,MW,nem,NSW1
2017-10-21 20:20:00,5884.0,coal_black,MW,nem,NSW1
2017-10-21 20:25:00,5806.0,coal_black,MW,nem,NSW1
2017-10-21 20:30:00,5760.0,coal_black,MW,nem,NSW1
2017-10-21 20:35:00,5727.0,coal_black,MW,nem,NSW1
2017-10-21 20:40:00,5769.0,coal_black,MW,nem,NSW1
2017-10-21 20:45:00,5707.0,coal_black,MW,nem,NSW1
2017-10-21 20:50:00,5700.0,coal_black,MW,nem,NSW1
2017-10-21 20:55:00,5673.0,coal_black,MW,nem,NSW1
2017-10-21 21:00:00,5634.0,coal_black,MW,nem,NSW1
2017-10-21 21:05:00,5509.0,coal_black,MW,nem,NSW1
2017-10-21 21:10:00,5565.0,coal_black,MW,nem,NSW1
2017-10-21 21:15:00,5604.0,coal_black,MW,nem,NSW1
2017-10-21 21:20:00,5636.0,coal_black,MW,nem,NSW1
2017-10-21 21:25:00,5593.0,coal_black,MW,nem,NSW1
2017-10-21 21:30:00,5488.0,coal_black,MW,nem,NSW1
2017-10-21 21:35:00,5365.0,coal_black,MW,nem,NSW1
2017-10-21 21:40:00,5329.0,coal_black,MW,nem,NSW1
2017-10-21 21:45:00,5306.0,coal_black,MW,nem,NSW1
2017-10-21 21:50:00,5263.0,coal_black,MW,nem,NSW1
2017-10-21 21:55:00,5207.0,coal_black,MW,nem,NSW1
2017-10-21 22:00:00,5159.0,coal_black,MW,nem,NSW1
2017-10-21 22:05:00,5100.0,coal_black,MW,nem,NSW1
2017-10-21 22:10:00,5201.0,coal_black,MW,nem,NSW1
2017-10-21 22:15:00,5297.0,coal_black,MW,nem,NSW1
2017-10-21 22:20:00,5330.0,coal_black,MW,nem,NSW1
2017-10-21 22:25:00,5335.0,coal_black,MW,nem,NSW1
2017-10-21 22:30:00,5296.0,coal_black,MW,nem,NSW1
2017-10-21 22:35:00,5272.0,coal_black,MW,nem,NSW1
2017-10-21 22:40:00,5319.0,coal_black,MW,nem,NSW1
2017-10-21 22:45:00,5363.0,coal_black,MW,nem,NSW1
2017-10-21 22:50:00,5317.0,coal_black,MW,nem,NSW1
2017-10-21 22:55:00,5263.0,coal_black,MW,nem,NSW1
2017-10-21 23:00:00,5225.0,coal_black,MW,nem,NSW1
2017-10-21 23:05:00,5231.0,coal_black,MW,nem,NSW1
2017-10-21 23:10:00,5295.0,coal_black,MW,nem,NSW1
2017-10-21 23:15:00,5334.0,coal_black,MW,nem,NSW1
2017-10-21 23:20:00,5222.0,coal_black,MW,nem,NSW1
2017-10-21 23:25:00,5175.0,coal_black,MW,nem,NSW1
2017-10-21 23:30:00,5136.0,coal_black,MW,nem,NSW1
2017-10-21 23:35:00,5104.0,coal_black,MW,nem,NSW1
2017-10-21 23:40:00,5195.0,coal_black,MW,nem,NSW1
2017-10-21 23:45:00,5194.0,coal_black,MW,nem,NSW1
2017-10-21 23:50:00,5230.0,coal_black,MW,nem,NSW1
2017-10-21 23:55:00,5228.0,coal_black,MW,nem,NSW1
2017-10-22 00:00:00,5172.0,coal_black,MW,nem,NSW1
2017-10-22 00:05:00,5149.0,coal_black,MW,nem,NSW1
2017-10-22 00:10:00,5127.0,coal_black,MW,nem,NSW1
2017-10-22 00:15:00,5028.0,coal_black,MW,nem,NSW1
2017-10-22 00:20:00,4958.0,coal_black,MW,nem,NSW1
2017-10-22 00:25:00,4808.0,coal_black,MW,nem,NSW1
2017-10-22 00:30:00,4763.0,coal_black,MW,nem,NSW1
2017-10-22 00:35:00,4709.0,coal_black,MW,nem,NSW1
2017-10-22 00:40:00,4647.0,coal_black,MW,nem,NSW1
2017-10-22 00:45:00,4604.0,coal_black,MW,nem,NSW1
2017-10-22 00:50:00,4542.0,coal_black,MW,nem,NSW1
2017-10-22 00:55:00,4445.0,coal_black,MW,nem,NSW1
2017-10-22 01:00:00,4308.0,coal_black,MW,nem,NSW1
2017-10-22 01:05:00,4177.0,coal_black,MW,nem,NSW1
2017-10-22 01:10:00,4276.0,coal_black,MW,nem,NSW1
2017-10-22 01:15:00,4216.0,coal_black,MW,nem,NSW1
2017-10-22 01:20:00,4199.0,coal_black,MW,nem,NSW1
2017-10-22 01:25:00,4109.0,coal_black,MW,nem,NSW1
2017-10-22 01:30:00,4088.0,coal_black,MW,nem,NSW1
2017-10-22 01:35:00,4040.0,coal_black,MW,nem,NSW1
2017-10-22 01:40:00,4166.0,coal_black,MW,nem,NSW1
2017-10-22 01:45:00,4253.0,coal_black,MW,nem,NSW1
2017-10-22 01:50:00,4273.0,coal_black,MW,nem,NSW1
2017-10-22 01:55:00,4255.0,coal_black,MW,nem,NSW1
2017-10-22 02:00:00,4191.0,coal_black,MW,nem,NSW1
2017-10-22 02:05:00,4059.0,coal_black,MW,nem,NSW1
2017-10-22 02:10:00,4068.0,coal_black,MW,nem,NSW1
2017-10-22 02:15:00,4051.0,coal_black,MW,nem,NSW1
2017-10-22 02:20:00,4084.0,coal_black,MW,nem,NSW1
2017-10-22 02:25:00,4114.0,coal_black,MW,nem,NSW1
2017-10-22 02:30:00,4100.0,coal_black,MW,nem,NSW1
2017-10-22 02:35:00,4118.0,coal_black,MW,nem,NSW1
2017-10-22 02:40:00,4206.0,coal_black,MW,nem,NSW1
2017-10-22 02:45:00,4210.0,coal_black,MW,nem,NSW1
2017-10-22 02:50:00,4164.0,coal_black,MW,nem,NSW1
2017-10-22 02:55:00,4153.0,coal_black,MW,nem,NSW1
2017-10-22 03:00:00,4090.0,coal_black,MW,nem,NSW1
2017-10-22 03:05:00,4000.0,coal_black,MW,nem,NSW1
2017-10-22 03:10:00,3948.0,coal_black,MW,nem,NSW1
2017-10-22 03:15:00,3904.0,coal_black,MW,nem,NSW1
2017-10-22 03:20:00,3875.0,coal_black,MW,nem,NSW1
2017-10-22 03:25:00,3850.0,coal_black,MW,nem,NSW1
2017-10-22 03:30:00,3927.0,coal_black,MW,nem,NSW1
2017-10-22 03:35:00,3999.0,coal_black,MW,nem,NSW1
2017-10-22 03:40:00,4031.0,coal_black,MW,nem,NSW1
2017-10-22 03:45:00,3946.0,coal_black,MW,nem,NSW1
2017-10-22 03:50:00,3913.0,coal_black,MW,nem,NSW1
2017-10-22 03:55:00,3924.0,coal_black,MW,nem,NSW1
2017-10-22 04:00:00,3879.0,coal_black,MW,nem,NSW1
2017-10-22 04:05:00,3860.0,coal_black,MW,nem,NSW1
2017-10-22 04:10:00,3923.0,coal_black,MW,nem,NSW1
2017-10-22 04:15:00,4013.0,coal_black,MW,nem,NSW1
2017-10-22 04:20:00,4126.0,coal_black,MW,nem,NSW1
2017-10-22 04:25:00,4141.0,coal_black,MW,nem,NSW1
2017-10-22 04:30:00,4140.0,coal_black,MW,nem,NSW1
2017-10-22 04:35:00,4222.0,coal_black,MW,nem,NSW1
2017-10-22 04:40:00,4218.0,coal_black,MW,nem,NSW1
2017-10-22 04:45:00,4204.0,coal_black,MW,nem,NSW1
2017-10-22 04:50:00,4191.0,coal_black,MW,nem,NSW1
2017-10-22 04:55:00,4263.0,coal_black,MW,nem,NSW1
2017-10-22 05:00:00,4308.0,coal_black,MW,nem,NSW1
2017-10-22 05:05:00,4300.0,coal_black,MW,nem,NSW1
2017-10-22 05:10:00,4221.0,coal_black,MW,nem,NSW1
2017-10-22 05:15:00,4219.0,coal_black,MW,nem,NSW1
2017-10-22 05:20:00,4243.0,coal_black,MW,nem,NSW1
2017-10-22 05:25:00,4266.0,coal_black,MW,nem,NSW1
2017-10-22 05:30:00,4288.0,coal_black,MW,nem,NSW1
2017-10-22 05:35:00,4351.0,coal_black,MW,nem,NSW1
2017-10-22 05:40:00,4307.0,coal_black,MW,nem,NSW1
2017-10-22 05:45:00,4264.0,coal_black,MW,nem,NSW1
2017-10-22 05:50:00,4262.0,coal_black,MW,nem,NSW1
2017-10-22 05:55:00,4341.0,coal_black,MW,nem,NSW1
2017-10-22 06:00:00,4409.0,coal_black,MW,nem,NSW1
2017-10-22 06:05:00,4404.0,coal_black,MW,nem,NSW1
2017-10-22 06:10:00,4408.0,coal_black,MW,nem,NSW1
2017-10-22 06:15:00,4466.0,coal_black,MW,nem,NSW1
2017-10-22 06:20:00,4548.0,coal_black,MW,nem,NSW1
2017-10-22 06:25:00,4636.0,coal_black,MW,nem,NSW1
2017-10-22 06:30:00,4789.0,coal_black,MW,nem,NSW1
2017-10-22 06:35:00,4826.0,coal_black,MW,nem,NSW1
2017-10-22 06:40:00,4875.0,coal_black,MW,nem,NSW1
2017-10-22 06:45:00,4897.0,coal_black,MW,nem,NSW1
2017-10-22 06:50:00,4948.0,coal_black,MW,nem,NSW1
2017-10-22 06:55:00,4943.0,coal_black,MW,nem,NSW1
2017-10-22 07:00:00,5023.0,coal_black,MW,nem,NSW1
2017-10-22 07:05:00,5026.0,coal_black,MW,nem,NSW1
2017-10-22 07:10:00,5012.0,coal_black,MW,nem,NSW1
2017-10-22 07:15:00,5039.0,coal_black,MW,nem,NSW1
2017-10-22 07:20:00,5044.0,coal_black,MW,nem,NSW1
2017-10-22 07:25:00,5114.0,coal_black,MW,nem,NSW1
2017-10-22 07:30:00,5130.0,coal_black,MW,nem,NSW1
2017-10-22 07:35:00,5183.0,coal_black,MW,nem,NSW1
2017-10-22 07:40:00,5145.0,coal_black,MW,nem,NSW1
2017-10-22 07:45:00,5183.0,coal_black,MW,nem,NSW1
2017-10-22 07:50:00,5233.0,coal_black,MW,nem,NSW1
2017-10-22 07:55:00,5337.0,coal_black,MW,nem,NSW1
2017-10-22 08:00:00,5275.0,coal_black,MW,nem,NSW1
2017-10-22 08:05:00,5296.0,coal_black,MW,nem,NSW1
2017-10-22 08:10:00,5364.0,coal_black,MW,nem,NSW1
2017-10-22 08:15:00,5415.0,coal_black,MW,nem,NSW1
2017-10-22 08:20:00,5378.0,coal_black,MW,nem,NSW1
2017-10-22 08:25:00,5415.0,coal_black,MW,nem,NSW1
2017-10-22 08:30:00,5431.0,coal_black,MW,nem,NSW1
2017-10-22 08:35:00,5416.0,coal_black,MW,nem,NSW1
2017-10-22 08:40:00,5424.0,coal_black,MW,nem,NSW1
2017-10-22 08:45:00,5384.0,coal_black,MW,nem,NSW1
2017-10-22 08:50:00,5393.0,coal_black,MW,nem,NSW1
2017-10-22 08:55:00,5350.0,coal_black,MW,nem,NSW1
2017-10-22 09:00:00,5358.0,coal_black,MW,nem,NSW1
2017-10-22 09:05:00,5364.0,coal_black,MW,nem,NSW1
2017-10-22 09:10:00,5391.0,coal_black,MW,nem,NSW1
2017-10-22 09:15:00,5354.0,coal_black,MW,nem,NSW1
2017-10-22 09:20:00,5296.0,coal_black,MW,nem,NSW1
2017-10-22 09:25:00,5303.0,coal_black,MW,nem,NSW1
2017-10-22 09:30:00,5253.0,coal_black,MW,nem,NSW1
2017-10-22 09:35:00,5207.0,coal_black,MW,nem,NSW1
2017-10-22 09:40:00,5193.0,coal_black,MW,nem,NSW1
2017-10-22 09:45:00,5257.0,coal_black,MW,nem,NSW1
2017-10-22 09:50:00,5278.0,coal_black,MW,nem,NSW1
2017-10-22 09:55:00,5219.0,coal_black,MW,nem,NSW1
2017-10-22 10:00:00,5133.0,coal_black,MW,nem,NSW1
2017-10-22 10:05:00,5098.0,coal_black,MW,nem,NSW1
2017-10-22 10:10:00,5037.0,coal_black,MW,nem,NSW1
2017-10-22 10:15:00,5117.0,coal_black,MW,nem,NSW1
2017-10-22 10:20:00,5134.0,coal_black,MW,nem,NSW1
2017-10-22 10:25:00,5125.0,coal_black,MW,nem,NSW1
2017-10-22 10:30:00,5142.0,coal_black,MW,nem,NSW1
2017-10-22 10:35:00,5183.0,coal_black,MW,nem,NSW1
2017-10-22 10:40:00,5222.0,coal_black,MW,nem,NSW1
2017-10-22 10:45:00,5162.0,coal_black,MW,nem,NSW1
2017-10-22 10:50:00,5155.0,coal_black,MW,nem,NSW1
2017-10-22 10:55:00,5170.0,coal_black,MW,nem,NSW1
2017-10-22 11:00:00,5155.0,coal_black,MW,nem,NSW1
2017-10-22 11:05:00,5144.0,coal_black,MW,nem,NSW1
2017-10-22 11:10:00,5096.0,coal_black,MW,nem,NSW1
2017-10-22 11:15:00,5082.0,coal_black,MW,nem,NSW1
2017-10-22 11:20:00,5110.0,coal_black,MW,nem,NSW1
2017-10-22 11:25:00,5107.0,coal_black,MW,nem,NSW1
2017-10-22 11:30:00,5075.0,coal_black,MW,nem,NSW1
2017-10-22 11:35:00,5062.0,coal_black,MW,nem,NSW1
2017-10-22 11:40:00,5085.0,coal_black,MW,nem,NSW1
2017-10-22 11:45:00,5069.0,coal_black,MW,nem,NSW1
2017-10-22 11:50:00,5077.0,coal_black,MW,nem,NSW1
2017-10-22 11:55:00,5102.0,coal_black,MW,nem,NSW1
2017-10-22 12:00:00,5033.0,coal_black,MW,nem,NSW1
2017-10-22 12:05:00,5032.0,coal_black,MW,nem,NSW1
2017-10-22 12:10:00,5105.0,coal_black,MW,nem,NSW1
2017-10-22 12:15:00,5117.0,coal_black,MW,nem,NSW1
2017-10-22 12:20:00,5046.0,coal_black,MW,nem,NSW1
2017-10-22 12:25:00,5082.0,coal_black,MW,nem,NSW1
2017-10-22 12:30:00,5102.0,coal_black,MW,nem,NSW1
2017-10-22 12:35:00,5118.0,coal_black,MW,nem,NSW1
2017-10-22 12:40:00,5114.0,coal_black,MW,nem,NSW1
2017-10-22 12:45:00,5060.0,coal_black,MW,nem,NSW1
2017-10-22 12:50:00,5098.0,coal_black,MW,nem,NSW1
2017-10-22 12:55:00,5058.0,coal_black,MW,nem,NSW1
2017-10-22 13:00:00,5089.0,coal_black,MW,nem,NSW1
2017-10-22 13:05:00,5099.0,coal_black,MW,nem,NSW1
2017-10-22 13:10:00,5102.0,coal_black,MW,nem,NSW1
2017-10-22 13:15:00,5113.0,coal_black,MW,nem,NSW1
2017-10-22 13:20:00,5150.0,coal_black,MW,nem,NSW1
2017-10-22 13:25:00,5124.0,coal_black,MW,nem,NSW1
2017-10-22 13:30:00,5103.0,coal_black,MW,nem,NSW1
2017-10-22 13:35:00,5138.0,coal_black,MW,nem,NSW1
2017-10-22 13:40:00,5127.0,coal_black,MW,nem,NSW1
2017-10-22 13:45:00,5149.0,coal_black,MW,nem,NSW1
2017-10-22 13:50:00,5210.0,coal_black,MW,nem,NSW1
2017-10-22 13:55:00,5144.0,coal_black,MW,nem,NSW1
2017-10-22 14:00:00,5140.0,coal_black,MW,nem,NSW1
2017-10-22 14:05:00,5193.0,coal_black,MW,nem,NSW1
2017-10-22 14:10:00,5084.0,coal_black,MW,nem,NSW1
2017-10-22 14:15:00,5127.0,coal_black,MW,nem,NSW1
2017-10-22 14:20:00,5091.0,coal_black,MW,nem,NSW1
2017-10-22 14:25:00,5083.0,coal_black,MW,nem,NSW1
2017-10-22 14:30:00,5152.0,coal_black,MW,nem,NSW1
2017-10-22 14:35:00,5085.0,coal_black,MW,nem,NSW1
2017-10-22 14:40:00,5147.0,coal_black,MW,nem,NSW1
2017-10-22 14:45:00,5137.0,coal_black,MW,nem,NSW1
2017-10-22 14:50:00,5216.0,coal_black,MW,nem,NSW1
2017-10-22 14:55:00,5251.0,coal_black,MW,nem,NSW1
2017-10-22 15:00:00,5326.0,coal_black,MW,nem,NSW1
2017-10-22 15:05:00,5354.0,coal_black,MW,nem,NSW1
2017-10-22 15:10:00,5419.0,coal_black,MW,nem,NSW1
2017-10-22 15:15:00,5428.0,coal_black,MW,nem,NSW1
2017-10-22 15:20:00,5342.0,coal_black,MW,nem,NSW1
2017-10-22 15:25:00,5340.0,coal_black,MW,nem,NSW1
2017-10-22 15:30:00,5350.0,coal_black,MW,nem,NSW1
2017-10-22 15:35:00,5412.0,coal_black,MW,nem,NSW1
2017-10-22 15:40:00,5458.0,coal_black,MW,nem,NSW1
2017-10-22 15:45:00,5541.0,coal_black,MW,nem,NSW1
2017-10-22 15:50:00,5595.0,coal_black,MW,nem,NSW1
2017-10-22 15:55:00,5633.0,coal_black,MW,nem,NSW1
2017-10-22 16:00:00,5622.0,coal_black,MW,nem,NSW1
2017-10-22 16:05:00,5596.0,coal_black,MW,nem,NSW1
2017-10-22 16:10:00,5493.0,coal_black,MW,nem,NSW1
2017-10-22 16:15:00,5505.0,coal_black,MW,nem,NSW1
2017-10-22 16:20:00,5541.0,coal_black,MW,nem,NSW1
2017-10-22 16:25:00,5533.0,coal_black,MW,nem,NSW1
2017-10-22 16:30:00,5488.0,coal_black,MW,nem,NSW1
2017-10-22 16:35:00,5567.0,coal_black,MW,nem,NSW1
2017-10-22 16:40:00,5603.0,coal_black,MW,nem,NSW1
2017-10-22 16:45:00,5678.0,coal_black,MW,nem,NSW1
2017-10-22 16:50:00,5727.0,coal_black,MW,nem,NSW1
2017-10-22 16:55:00,5785.0,coal_black,MW,nem,NSW1
2017-10-22 17:00:00,5831.0,coal_black,MW,nem,NSW1
2017-10-22 17:05:00,5804.0,coal_black,MW,nem,NSW1
2017-10-22 17:10:00,5791.0,coal_black,MW,nem,NSW1
2017-10-22 17:15:00,5764.0,coal_black,MW,nem,NSW1
2017-10-22 17:20:00,5765.0,coal_black,MW,nem,NSW1
2017-10-22 17:25:00,5773.0,coal_black,MW,nem,NSW1
2017-10-22 17:30:00,5815.0,coal_black,MW,nem,NSW1
2017-10-22 17:35:00,5857.0,coal_black,MW,nem,NSW1
2017-10-22 17:40:00,5870.0,coal_black,MW,nem,NSW1
2017-10-22 17:45:00,5928.0,coal_black,MW,nem,NSW1
2017-10-22 17:50:00,5970.0,coal_black,MW,nem,NSW1
2017-10-22 17:55:00,6045.0,coal_black,MW,nem,NSW1
2017-10-22 18:00:00,6048.0,coal_black,MW,nem,NSW1
2017-10-22 18:05:00,6040.0,coal_black,MW,nem,NSW1
2017-10-22 18:10:00,5976.0,coal_black,MW,nem,NSW1
2017-10-22 18:15:00,6018.0,coal_black,MW,nem,NSW1
2017-10-22 18:20:00,6038.0,coal_black,MW,nem,NSW1
2017-10-22 18:25:00,6046.0,coal_black,MW,nem,NSW1
2017-10-22 18:30:00,6072.0,coal_black,MW,nem,NSW1
2017-10-22 18:35:00,6087.0,coal_black,MW,nem,NSW1
2017-10-22 18:40:00,6118.0,coal_black,MW,nem,NSW1
2017-10-22 18:45:00,6108.0,coal_black,MW,nem,NSW1
2017-10-22 18:50:00,6097.0,coal_black,MW,nem,NSW1
2017-10-22 18:55:00,6091.0,coal_black,MW,nem,NSW1
2017-10-22 19:00:00,6099.0,coal_black,MW,nem,NSW1
2017-10-22 19:05:00,6110.0,coal_black,MW,nem,NSW1
2017-10-22 19:10:00,6109.0,coal_black,MW,nem,NSW1
2017-10-22 19:15:00,6130.0,coal_black,MW,nem,NSW1
2017-10-22 19:20:00,6096.0,coal_black,MW,nem,NSW1
2017-10-22 19:25:00,6106.0,coal_black,MW,nem,NSW1
2017-10-22 19:30:00,6102.0,coal_black,MW,nem,NSW1
2017-10-22 19:35:00,6086.0,coal_black,MW,nem,NSW1
2017-10-22 19:40:00,6082.0,coal_black,MW,nem,NSW1
2017-10-22 19:45:00,6025.0,coal_black,MW,nem,NSW1
2017-10-22 19:50:00,5988.0,coal_black,MW,nem,NSW1
2017-10-22 19:55:00,6005.0,coal_black,MW,nem,NSW1
2017-10-22 20:00:00,5967.0,coal_black,MW,nem,NSW1
2017-10-22 20:05:00,5873.0,coal_black,MW,nem,NSW1
2017-10-22 20:10:00,5846.0,coal_black,MW,nem,NSW1
2017-10-22 20:15:00,5914.0,coal_black,MW,nem,NSW1
2017-10-22 20:20:00,5911.0,coal_black,MW,nem,NSW1
2017-10-22 20:25:00,5821.0,coal_black,MW,nem,NSW1
2017-10-22 20:30:00,5803.0,coal_black,MW,nem,NSW1
2017-10-22 20:35:00,5836.0,coal_black,MW,nem,NSW1
2017-10-22 20:40:00,5916.0,coal_black,MW,nem,NSW1
2017-10-22 20:45:00,5926.0,coal_black,MW,nem,NSW1
2017-10-22 20:50:00,5896.0,coal_black,MW,nem,NSW1
2017-10-22 20:55:00,5816.0,coal_black,MW,nem,NSW1
2017-10-22 21:00:00,5785.0,coal_black,MW,nem,NSW1
2017-10-22 21:05:00,5776.0,coal_black,MW,nem,NSW1
2017-10-22 21:10:00,5788.0,coal_black,MW,nem,NSW1
2017-10-22 21:15:00,5793.0,coal_black,MW,nem,NSW1
2017-10-22 21:20:00,5771.0,coal_black,MW,nem,NSW1
2017-10-22 21:25:00,5742.0,coal_black,MW,nem,NSW1
2017-10-22 21:30:00,5718.0,coal_black,MW,nem,NSW1
2017-10-22 21:35:00,5648.0,coal_black,MW,nem,NSW1
2017-10-22 21:40:00,5591.0,coal_black,MW,nem,NSW1
2017-10-22 21:45:00,5542.0,coal_black,MW,nem,NSW1
2017-10-22 21:50:00,5422.0,coal_black,MW,nem,NSW1
2017-10-22 21:55:00,5374.0,coal_black,MW,nem,NSW1
2017-10-22 22:00:00,5304.0,coal_black,MW,nem,NSW1
2017-10-22 22:05:00,5282.0,coal_black,MW,nem,NSW1
2017-10-22 22:10:00,5391.0,coal_black,MW,nem,NSW1
2017-10-22 22:15:00,5440.0,coal_black,MW,nem,NSW1
2017-10-22 22:20:00,5488.0,coal_black,MW,nem,NSW1
2017-10-22 22:25:00,5479.0,coal_black,MW,nem,NSW1
2017-10-22 22:30:00,5417.0,coal_black,MW,nem,NSW1
2017-10-22 22:35:00,5357.0,coal_black,MW,nem,NSW1
2017-10-22 22:40:00,5313.0,coal_black,MW,nem,NSW1
2017-10-22 22:45:00,5321.0,coal_black,MW,nem,NSW1
2017-10-22 22:50:00,5275.0,coal_black,MW,nem,NSW1
2017-10-22 22:55:00,5243.0,coal_black,MW,nem,NSW1
2017-10-22 23:00:00,5210.0,coal_black,MW,nem,NSW1
2017-10-22 23:05:00,5119.0,coal_black,MW,nem,NSW1
2017-10-22 23:10:00,5134.0,coal_black,MW,nem,NSW1
2017-10-22 23:15:00,5221.0,coal_black,MW,nem,NSW1
2017-10-22 23:20:00,5240.0,coal_black,MW,nem,NSW1
2017-10-22 23:25:00,5210.0,coal_black,MW,nem,NSW1
2017-10-22 23:30:00,5159.0,coal_black,MW,nem,NSW1
2017-10-22 23:35:00,5164.0,coal_black,MW,nem,NSW1
2017-10-22 23:40:00,5185.0,coal_black,MW,nem,NSW1
2017-10-22 23:45:00,5180.0,coal_black,MW,nem,NSW1
2017-10-22 23:50:00,5144.0,coal_black,MW,nem,NSW1
2017-10-22 23:55:00,5137.0,coal_black,MW,nem,NSW1
2017-10-23 00:00:00,5216.0,coal_black,MW,nem,NSW1
2017-10-23 00:05:00,5134.0,coal_black,MW,nem,NSW1
2017-10-23 00:10:00,5176.0,coal_black,MW,nem,NSW1
2017-10-23 00:15:00,5198.0,coal_black,MW,nem,NSW1
2017-10-23 00:20:00,5117.0,coal_black,MW,nem,NSW1
2017-10-23 00:25:00,5080.0,coal_black,MW,nem,NSW1
2017-10-23 00:30:00,5006.0,coal_black,MW,nem,NSW1
2017-10-23 00:35:00,4997.0,coal_black,MW,nem,NSW1
2017-10-23 00:40:00,4925.0,coal_black,MW,nem,NSW1
2017-10-23 00:45:00,4912.0,coal_black,MW,nem,NSW1
2017-10-23 00:50:00,4864.0,coal_black,MW,nem,NSW1
2017-10-23 00:55:00,4781.0,coal_black,MW,nem,NSW1
2017-10-23 01:00:00,4742.0,coal_black,MW,nem,NSW1
2017-10-23 01:05:00,4666.0,coal_black,MW,nem,NSW1
2017-10-23 01:10:00,4767.0,coal_black,MW,nem,NSW1
2017-10-23 01:15:00,4825.0,coal_black,MW,nem,NSW1
2017-10-23 01:20:00,4768.0,coal_black,MW,nem,NSW1
2017-10-23 01:25:00,4736.0,coal_black,MW,nem,NSW1
2017-10-23 01:30:00,4670.0,coal_black,MW,nem,NSW1
2017-10-23 01:35:00,4688.0,coal_black,MW,nem,NSW1
2017-10-23 01:40:00,4768.0,coal_black,MW,nem,NSW1
2017-10-23 01:45:00,4793.0,coal_black,MW,nem,NSW1
2017-10-23 01:50:00,4759.0,coal_black,MW,nem,NSW1
2017-10-23 01:55:00,4672.0,coal_black,MW,nem,NSW1
2017-10-23 02:00:00,4660.0,coal_black,MW,nem,NSW1
2017-10-23 02:05:00,4684.0,coal_black,MW,nem,NSW1
2017-10-23 02:10:00,4672.0,coal_black,MW,nem,NSW1
2017-10-23 02:15:00,4692.0,coal_black,MW,nem,NSW1
2017-10-23 02:20:00,4743.0,coal_black,MW,nem,NSW1
2017-10-23 02:25:00,4753.0,coal_black,MW,nem,NSW1
2017-10-23 02:30:00,4686.0,coal_black,MW,nem,NSW1
2017-10-23 02:35:00,4696.0,coal_black,MW,nem,NSW1
2017-10-23 02:40:00,4686.0,coal_black,MW,nem,NSW1
2017-10-23 02:45:00,4679.0,coal_black,MW,nem,NSW1
2017-10-23 02:50:00,4683.0,coal_black,MW,nem,NSW1
2017-10-23 02:55:00,4670.0,coal_black,MW,nem,NSW1
2017-10-23 03:00:00,4653.0,coal_black,MW,nem,NSW1
2017-10-23 03:05:00,4682.0,coal_black,MW,nem,NSW1
2017-10-23 03:10:00,4611.0,coal_black,MW,nem,NSW1
2017-10-23 03:15:00,4608.0,coal_black,MW,nem,NSW1
2017-10-23 03:20:00,4629.0,coal_black,MW,nem,NSW1
2017-10-23 03:25:00,4632.0,coal_black,MW,nem,NSW1
2017-10-23 03:30:00,4618.0,coal_black,MW,nem,NSW1
2017-10-23 03:35:00,4670.0,coal_black,MW,nem,NSW1
2017-10-23 03:40:00,4607.0,coal_black,MW,nem,NSW1
2017-10-23 03:45:00,4583.0,coal_black,MW,nem,NSW1
2017-10-23 03:50:00,4551.0,coal_black,MW,nem,NSW1
2017-10-23 03:55:00,4553.0,coal_black,MW,nem,NSW1
2017-10-23 04:00:00,4570.0,coal_black,MW,nem,NSW1
2017-10-23 04:05:00,4663.0,coal_black,MW,nem,NSW1
2017-10-23 04:10:00,4699.0,coal_black,MW,nem,NSW1
2017-10-23 04:15:00,4783.0,coal_black,MW,nem,NSW1
2017-10-23 04:20:00,4872.0,coal_black,MW,nem,NSW1
2017-10-23 04:25:00,4934.0,coal_black,MW,nem,NSW1
2017-10-23 04:30:00,4961.0,coal_black,MW,nem,NSW1
2017-10-23 04:35:00,5018.0,coal_black,MW,nem,NSW1
2017-10-23 04:40:00,4946.0,coal_black,MW,nem,NSW1
2017-10-23 04:45:00,4888.0,coal_black,MW,nem,NSW1
2017-10-23 04:50:00,4991.0,coal_black,MW,nem,NSW1
2017-10-23 04:55:00,5083.0,coal_black,MW,nem,NSW1
2017-10-23 05:00:00,5202.0,coal_black,MW,nem,NSW1
2017-10-23 05:05:00,5269.0,coal_black,MW,nem,NSW1
2017-10-23 05:10:00,5321.0,coal_black,MW,nem,NSW1
2017-10-23 05:15:00,5449.0,coal_black,MW,nem,NSW1
2017-10-23 05:20:00,5542.0,coal_black,MW,nem,NSW1
2017-10-23 05:25:00,5661.0,coal_black,MW,nem,NSW1
2017-10-23 05:30:00,5771.0,coal_black,MW,nem,NSW1
2017-10-23 05:35:00,5857.0,coal_black,MW,nem,NSW1
2017-10-23 05:40:00,5895.0,coal_black,MW,nem,NSW1
2017-10-23 05:45:00,5961.0,coal_black,MW,nem,NSW1
2017-10-23 05:50:00,5913.0,coal_black,MW,nem,NSW1
2017-10-23 05:55:00,5927.0,coal_black,MW,nem,NSW1
2017-10-23 06:00:00,6055.0,coal_black,MW,nem,NSW1
2017-10-23 06:05:00,6137.0,coal_black,MW,nem,NSW1
2017-10-23 06:10:00,6059.0,coal_black,MW,nem,NSW1
2017-10-23 06:15:00,6080.0,coal_black,MW,nem,NSW1
2017-10-23 06:20:00,6152.0,coal_black,MW,nem,NSW1
2017-10-23 06:25:00,6047.0,coal_black,MW,nem,NSW1
2017-10-23 06:30:00,6010.0,coal_black,MW,nem,NSW1
2017-10-23 06:35:00,6026.0,coal_black,MW,nem,NSW1
2017-10-23 06:40:00,6094.0,coal_black,MW,nem,NSW1
2017-10-23 06:45:00,6044.0,coal_black,MW,nem,NSW1
2017-10-23 06:50:00,6054.0,coal_black,MW,nem,NSW1
2017-10-23 06:55:00,5989.0,coal_black,MW,nem,NSW1
2017-10-23 07:00:00,5991.0,coal_black,MW,nem,NSW1
2017-10-23 07:05:00,6013.0,coal_black,MW,nem,NSW1
2017-10-23 07:10:00,6033.0,coal_black,MW,nem,NSW1
2017-10-23 07:15:00,6067.0,coal_black,MW,nem,NSW1
2017-10-23 07:20:00,6030.0,coal_black,MW,nem,NSW1
2017-10-23 07:25:00,6004.0,coal_black,MW,nem,NSW1
2017-10-23 07:30:00,5997.0,coal_black,MW,nem,NSW1
2017-10-23 07:35:00,5967.0,coal_black,MW,nem,NSW1
2017-10-23 07:40:00,5977.0,coal_black,MW,nem,NSW1
2017-10-23 07:45:00,6037.0,coal_black,MW,nem,NSW1
2017-10-23 07:50:00,6013.0,coal_black,MW,nem,NSW1
2017-10-23 07:55:00,6032.0,coal_black,MW,nem,NSW1
2017-10-23 08:00:00,5973.0,coal_black,MW,nem,NSW1
2017-10-23 08:05:00,5987.0,coal_black,MW,nem,NSW1
2017-10-23 08:10:00,6049.0,coal_black,MW,nem,NSW1
2017-10-23 08:15:00,6057.0,coal_black,MW,nem,NSW1
2017-10-23 08:20:00,6045.0,coal_black,MW,nem,NSW1
2017-10-23 08:25:00,6041.0,coal_black,MW,nem,NSW1
2017-10-23 08:30:00,6048.0,coal_black,MW,nem,NSW1
2017-10-23 08:35:00,6067.0,coal_black,MW,nem,NSW1
2017-10-23 08:40:00,6100.0,coal_black,MW,nem,NSW1
2017-10-23 08:45:00,6081.0,coal_black,MW,nem,NSW1
2017-10-23 08:50:00,6079.0,coal_black,MW,nem,NSW1
2017-10-23 08:55:00,6089.0,coal_black,MW,nem,NSW1
2017-10-23 09:00:00,6067.0,coal_black,MW,nem,NSW1
2017-10-23 09:05:00,6038.0,coal_black,MW,nem,NSW1
2017-10-23 09:10:00,6027.0,coal_black,MW,nem,NSW1
2017-10-23 09:15:00,6015.0,coal_black,MW,nem,NSW1
2017-10-23 09:20:00,6040.0,coal_black,MW,nem,NSW1
2017-10-23 09:25:00,6005.0,coal_black,MW,nem,NSW1
2017-10-23 09:30:00,6000.0,coal_black,MW,nem,NSW1
2017-10-23 09:35:00,6005.0,coal_black,MW,nem,NSW1
2017-10-23 09:40:00,5992.0,coal_black,MW,nem,NSW1
2017-10-23 09:45:00,5966.0,coal_black,MW,nem,NSW1
2017-10-23 09:50:00,6009.0,coal_black,MW,nem,NSW1
2017-10-23 09:55:00,5989.0,coal_black,MW,nem,NSW1
2017-10-23 10:00:00,5975.0,coal_black,MW,nem,NSW1
2017-10-23 10:05:00,5982.0,coal_black,MW,nem,NSW1
2017-10-23 10:10:00,5999.0,coal_black,MW,nem,NSW1
2017-10-23 10:15:00,5987.0,coal_black,MW,nem,NSW1
2017-10-23 10:20:00,5927.0,coal_black,MW,nem,NSW1
2017-10-23 10:25:00,5992.0,coal_black,MW,nem,NSW1
2017-10-23 10:30:00,6012.0,coal_black,MW,nem,NSW1
2017-10-23 10:35:00,5977.0,coal_black,MW,nem,NSW1
2017-10-23 10:40:00,6039.0,coal_black,MW,nem,NSW1
2017-10-23 10:45:00,6002.0,coal_black,MW,nem,NSW1
2017-10-23 10:50:00,6042.0,coal_black,MW,nem,NSW1
2017-10-23 10:55:00,6073.0,coal_black,MW,nem,NSW1
2017-10-23 11:00:00,6015.0,coal_black,MW,nem,NSW1
2017-10-23 11:05:00,5964.0,coal_black,MW,nem,NSW1
2017-10-23 11:10:00,5971.0,coal_black,MW,nem,NSW1
2017-10-23 11:15:00,6026.0,coal_black,MW,nem,NSW1
2017-10-23 11:20:00,5922.0,coal_black,MW,nem,NSW1
2017-10-23 11:25:00,5930.0,coal_black,MW,nem,NSW1
2017-10-23 11:30:00,5863.0,coal_black,MW,nem,NSW1
2017-10-23 11:35:00,5801.0,coal_black,MW,nem,NSW1
2017-10-23 11:40:00,5753.0,coal_black,MW,nem,NSW1
2017-10-23 11:45:00,5784.0,coal_black,MW,nem,NSW1
2017-10-23 11:50:00,5790.0,coal_black,MW,nem,NSW1
2017-10-23 11:55:00,5738.0,coal_black,MW,nem,NSW1
2017-10-23 12:00:00,5697.0,coal_black,MW,nem,NSW1
2017-10-23 12:05:00,5688.0,coal_black,MW,nem,NSW1
2017-10-23 12:10:00,5722.0,coal_black,MW,nem,NSW1
2017-10-23 12:15:00,5703.0,coal_black,MW,nem,NSW1
2017-10-23 12:20:00,5655.0,coal_black,MW,nem,NSW1
2017-10-23 12:25:00,5655.0,coal_black,MW,nem,NSW1
2017-10-23 12:30:00,5679.0,coal_black,MW,nem,NSW1
2017-10-23 12:35:00,5705.0,coal_black,MW,nem,NSW1
2017-10-23 12:40:00,5699.0,coal_black,MW,nem,NSW1
2017-10-23 12:45:00,5677.0,coal_black,MW,nem,NSW1
2017-10-23 12:50:00,5644.0,coal_black,MW,nem,NSW1
2017-10-23 12:55:00,5635.0,coal_black,MW,nem,NSW1
2017-10-23 13:00:00,5678.0,coal_black,MW,nem,NSW1
2017-10-23 13:05:00,5672.0,coal_black,MW,nem,NSW1
2017-10-23 13:10:00,5669.0,coal_black,MW,nem,NSW1
2017-10-23 13:15:00,5667.0,coal_black,MW,nem,NSW1
2017-10-23 13:20:00,5695.0,coal_black,MW,nem,NSW1
2017-10-23 13:25:00,5734.0,coal_black,MW,nem,NSW1
2017-10-23 13:30:00,5680.0,coal_black,MW,nem,NSW1
2017-10-23 13:35:00,5692.0,coal_black,MW,nem,NSW1
2017-10-23 13:40:00,5707.0,coal_black,MW,nem,NSW1
2017-10-23 13:45:00,5734.0,coal_black,MW,nem,NSW1
2017-10-23 13:50:00,5744.0,coal_black,MW,nem,NSW1
2017-10-23 13:55:00,5769.0,coal_black,MW,nem,NSW1
2017-10-23 14:00:00,5722.0,coal_black,MW,nem,NSW1
2017-10-23 14:05:00,5691.0,coal_black,MW,nem,NSW1
2017-10-23 14:10:00,5745.0,coal_black,MW,nem,NSW1
2017-10-23 14:15:00,5752.0,coal_black,MW,nem,NSW1
2017-10-23 14:20:00,5733.0,coal_black,MW,nem,NSW1
2017-10-23 14:25:00,5713.0,coal_black,MW,nem,NSW1
2017-10-23 14:30:00,5739.0,coal_black,MW,nem,NSW1
2017-10-23 14:35:00,5724.0,coal_black,MW,nem,NSW1
2017-10-23 14:40:00,5670.0,coal_black,MW,nem,NSW1
2017-10-23 14:45:00,5709.0,coal_black,MW,nem,NSW1
2017-10-23 14:50:00,5738.0,coal_black,MW,nem,NSW1
2017-10-23 14:55:00,5743.0,coal_black,MW,nem,NSW1
2017-10-23 15:00:00,5749.0,coal_black,MW,nem,NSW1
2017-10-23 15:05:00,5744.0,coal_black,MW,nem,NSW1
2017-10-23 15:10:00,5710.0,coal_black,MW,nem,NSW1
2017-10-23 15:15:00,5746.0,coal_black,MW,nem,NSW1
2017-10-23 15:20:00,5760.0,coal_black,MW,nem,NSW1
2017-10-23 15:25:00,5786.0,coal_black,MW,nem,NSW1
2017-10-23 15:30:00,5786.0,coal_black,MW,nem,NSW1
2017-10-23 15:35:00,5750.0,coal_black,MW,nem,NSW1
2017-10-23 15:40:00,5756.0,coal_black,MW,nem,NSW1
2017-10-23 15:45:00,5791.0,coal_black,MW,nem,NSW1
2017-10-23 15:50:00,5803.0,coal_black,MW,nem,NSW1
2017-10-23 15:55:00,5801.0,coal_black,MW,nem,NSW1
2017-10-23 16:00:00,5860.0,coal_black,MW,nem,NSW1
2017-10-23 16:05:00,5823.0,coal_black,MW,nem,NSW1
2017-10-23 16:10:00,5806.0,coal_black,MW,nem,NSW1
2017-10-23 16:15:00,5784.0,coal_black,MW,nem,NSW1
2017-10-23 16:20:00,5802.0,coal_black,MW,nem,NSW1
2017-10-23 16:25:00,5816.0,coal_black,MW,nem,NSW1
2017-10-23 16:30:00,5836.0,coal_black,MW,nem,NSW1
2017-10-23 16:35:00,5842.0,coal_black,MW,nem,NSW1
2017-10-23 16:40:00,5831.0,coal_black,MW,nem,NSW1
2017-10-23 16:45:00,5817.0,coal_black,MW,nem,NSW1
2017-10-23 16:50:00,5832.0,coal_black,MW,nem,NSW1
2017-10-23 16:55:00,5813.0,coal_black,MW,nem,NSW1
2017-10-23 17:00:00,5832.0,coal_black,MW,nem,NSW1
2017-10-23 17:05:00,5836.0,coal_black,MW,nem,NSW1
2017-10-23 17:10:00,5812.0,coal_black,MW,nem,NSW1
2017-10-23 17:15:00,5827.0,coal_black,MW,nem,NSW1
2017-10-23 17:20:00,5809.0,coal_black,MW,nem,NSW1
2017-10-23 17:25:00,5852.0,coal_black,MW,nem,NSW1
2017-10-23 17:30:00,5788.0,coal_black,MW,nem,NSW1
2017-10-23 17:35:00,5797.0,coal_black,MW,nem,NSW1
2017-10-23 17:40:00,5776.0,coal_black,MW,nem,NSW1
2017-10-23 17:45:00,5821.0,coal_black,MW,nem,NSW1
2017-10-23 17:50:00,5809.0,coal_black,MW,nem,NSW1
2017-10-23 17:55:00,5812.0,coal_black,MW,nem,NSW1
2017-10-23 18:00:00,5840.0,coal_black,MW,nem,NSW1
2017-10-23 18:05:00,5787.0,coal_black,MW,nem,NSW1
2017-10-23 18:10:00,5777.0,coal_black,MW,nem,NSW1
2017-10-23 18:15:00,5789.0,coal_black,MW,nem,NSW1
2017-10-23 18:20:00,5781.0,coal_black,MW,nem,NSW1
2017-10-23 18:25:00,5768.0,coal_black,MW,nem,NSW1
2017-10-23 18:30:00,5803.0,coal_black,MW,nem,NSW1
2017-10-23 18:35:00,5783.0,coal_black,MW,nem,NSW1
2017-10-23 18:40:00,5811.0,coal_black,MW,nem,NSW1
2017-10-23 18:45:00,5796.0,coal_black,MW,nem,NSW1
2017-10-23 18:50:00,5819.0,coal_black,MW,nem,NSW1
2017-10-23 18:55:00,5828.0,coal_black,MW,nem,NSW1
2017-10-23 19:00:00,5812.0,coal_black,MW,nem,NSW1
2017-10-23 19:05:00,5835.0,coal_black,MW,nem,NSW1
2017-10-23 19:10:00,5838.0,coal_black,MW,nem,NSW1
2017-10-23 19:15:00,5835.0,coal_black,MW,nem,NSW1
2017-10-23 19:20:00,5809.0,coal_black,MW,nem,NSW1
2017-10-23 19:25:00,5835.0,coal_black,MW,nem,NSW1
2017-10-23 19:30:00,5817.0,coal_black,MW,nem,NSW1
2017-10-23 19:35:00,5846.0,coal_black,MW,nem,NSW1
2017-10-23 19:40:00,5824.0,coal_black,MW,nem,NSW1
2017-10-23 19:45:00,5810.0,coal_black,MW,nem,NSW1
2017-10-23 19:50:00,5777.0,coal_black,MW,nem,NSW1
2017-10-23 19:55:00,5736.0,coal_black,MW,nem,NSW1
2017-10-23 20:00:00,5741.0,coal_black,MW,nem,NSW1
2017-10-23 20:05:00,5741.0,coal_black,MW,nem,NSW1
2017-10-23 20:10:00,5767.0,coal_black,MW,nem,NSW1
2017-10-23 20:15:00,5761.0,coal_black,MW,nem,NSW1
2017-10-23 20:20:00,5772.0,coal_black,MW,nem,NSW1
2017-10-23 20:25:00,5706.0,coal_black,MW,nem,NSW1
2017-10-23 20:30:00,5736.0,coal_black,MW,nem,NSW1
2017-10-23 20:35:00,5726.0,coal_black,MW,nem,NSW1
2017-10-23 20:40:00,5772.0,coal_black,MW,nem,NSW1
2017-10-23 20:45:00,5686.0,coal_black,MW,nem,NSW1
2017-10-23 20:50:00,5691.0,coal_black,MW,nem,NSW1
2017-10-23 20:55:00,5724.0,coal_black,MW,nem,NSW1
2017-10-23 21:00:00,5708.0,coal_black,MW,nem,NSW1
2017-10-23 21:05:00,5701.0,coal_black,MW,nem,NSW1
2017-10-23 21:10:00,5692.0,coal_black,MW,nem,NSW1
2017-10-23 21:15:00,5686.0,coal_black,MW,nem,NSW1
2017-10-23 21:20:00,5660.0,coal_black,MW,nem,NSW1
2017-10-23 21:25:00,5700.0,coal_black,MW,nem,NSW1
2017-10-23 21:30:00,5731.0,coal_black,MW,nem,NSW1
2017-10-23 21:35:00,5682.0,coal_black,MW,nem,NSW1
2017-10-23 21:40:00,5682.0,coal_black,MW,nem,NSW1
2017-10-23 21:45:00,5690.0,coal_black,MW,nem,NSW1
2017-10-23 21:50:00,5646.0,coal_black,MW,nem,NSW1
2017-10-23 21:55:00,5642.0,coal_black,MW,nem,NSW1
2017-10-23 22:00:00,5673.0,coal_black,MW,nem,NSW1
2017-10-23 22:05:00,5638.0,coal_black,MW,nem,NSW1
2017-10-23 22:10:00,5706.0,coal_black,MW,nem,NSW1
2017-10-23 22:15:00,5657.0,coal_black,MW,nem,NSW1
2017-10-23 22:20:00,5683.0,coal_black,MW,nem,NSW1
2017-10-23 22:25:00,5696.0,coal_black,MW,nem,NSW1
2017-10-23 22:30:00,5637.0,coal_black,MW,nem,NSW1
2017-10-23 22:35:00,5596.0,coal_black,MW,nem,NSW1
2017-10-23 22:40:00,5661.0,coal_black,MW,nem,NSW1
2017-10-23 22:45:00,5685.0,coal_black,MW,nem,NSW1
2017-10-23 22:50:00,5685.0,coal_black,MW,nem,NSW1
2017-10-23 22:55:00,5659.0,coal_black,MW,nem,NSW1
2017-10-23 23:00:00,5603.0,coal_black,MW,nem,NSW1
2017-10-23 23:05:00,5541.0,coal_black,MW,nem,NSW1
2017-10-23 23:10:00,5685.0,coal_black,MW,nem,NSW1
2017-10-23 23:15:00,5749.0,coal_black,MW,nem,NSW1
2017-10-23 23:20:00,5719.0,coal_black,MW,nem,NSW1
2017-10-23 23:25:00,5690.0,coal_black,MW,nem,NSW1
2017-10-23 23:30:00,5686.0,coal_black,MW,nem,NSW1
2017-10-23 23:35:00,5693.0,coal_black,MW,nem,NSW1
2017-10-23 23:40:00,5739.0,coal_black,MW,nem,NSW1
2017-10-23 23:45:00,5672.0,coal_black,MW,nem,NSW1
2017-10-23 23:50:00,5647.0,coal_black,MW,nem,NSW1
2017-10-23 23:55:00,5638.0,coal_black,MW,nem,NSW1
2017-10-24 00:00:00,5675.0,coal_black,MW,nem,NSW1
2017-10-24 00:05:00,5651.0,coal_black,MW,nem,NSW1
2017-10-24 00:10:00,5577.0,coal_black,MW,nem,NSW1
2017-10-24 00:15:00,5485.0,coal_black,MW,nem,NSW1
2017-10-24 00:20:00,5391.0,coal_black,MW,nem,NSW1
2017-10-24 00:25:00,5308.0,coal_black,MW,nem,NSW1
2017-10-24 00:30:00,5229.0,coal_black,MW,nem,NSW1
2017-10-24 00:35:00,5140.0,coal_black,MW,nem,NSW1
2017-10-24 00:40:00,5203.0,coal_black,MW,nem,NSW1
2017-10-24 00:45:00,5164.0,coal_black,MW,nem,NSW1
2017-10-24 00:50:00,5145.0,coal_black,MW,nem,NSW1
2017-10-24 00:55:00,5181.0,coal_black,MW,nem,NSW1
2017-10-24 01:00:00,5071.0,coal_black,MW,nem,NSW1
2017-10-24 01:05:00,5001.0,coal_black,MW,nem,NSW1
2017-10-24 01:10:00,5054.0,coal_black,MW,nem,NSW1
2017-10-24 01:15:00,5025.0,coal_black,MW,nem,NSW1
2017-10-24 01:20:00,4902.0,coal_black,MW,nem,NSW1
2017-10-24 01:25:00,4877.0,coal_black,MW,nem,NSW1
2017-10-24 01:30:00,4879.0,coal_black,MW,nem,NSW1
2017-10-24 01:35:00,4888.0,coal_black,MW,nem,NSW1
2017-10-24 01:40:00,4833.0,coal_black,MW,nem,NSW1
2017-10-24 01:45:00,4833.0,coal_black,MW,nem,NSW1
2017-10-24 01:50:00,4806.0,coal_black,MW,nem,NSW1
2017-10-24 01:55:00,4728.0,coal_black,MW,nem,NSW1
2017-10-24 02:00:00,4711.0,coal_black,MW,nem,NSW1
2017-10-24 02:05:00,4651.0,coal_black,MW,nem,NSW1
2017-10-24 02:10:00,4647.0,coal_black,MW,nem,NSW1
2017-10-24 02:15:00,4581.0,coal_black,MW,nem,NSW1
2017-10-24 02:20:00,4520.0,coal_black,MW,nem,NSW1
2017-10-24 02:25:00,4463.0,coal_black,MW,nem,NSW1
2017-10-24 02:30:00,4388.0,coal_black,MW,nem,NSW1
2017-10-24 02:35:00,4309.0,coal_black,MW,nem,NSW1
2017-10-24 02:40:00,4311.0,coal_black,MW,nem,NSW1
2017-10-24 02:45:00,4360.0,coal_black,MW,nem,NSW1
2017-10-24 02:50:00,4308.0,coal_black,MW,nem,NSW1
2017-10-24 02:55:00,4298.0,coal_black,MW,nem,NSW1
2017-10-24 03:00:00,4256.0,coal_black,MW,nem,NSW1
2017-10-24 03:05:00,4235.0,coal_black,MW,nem,NSW1
2017-10-24 03:10:00,4307.0,coal_black,MW,nem,NSW1
2017-10-24 03:15:00,4237.0,coal_black,MW,nem,NSW1
2017-10-24 03:20:00,4221.0,coal_black,MW,nem,NSW1
2017-10-24 03:25:00,4177.0,coal_black,MW,nem,NSW1
2017-10-24 03:30:00,4175.0,coal_black,MW,nem,NSW1
2017-10-24 03:35:00,4208.0,coal_black,MW,nem,NSW1
2017-10-24 03:40:00,4159.0,coal_black,MW,nem,NSW1
2017-10-24 03:45:00,4224.0,coal_black,MW,nem,NSW1
2017-10-24 03:50:00,4221.0,coal_black,MW,nem,NSW1
2017-10-24 03:55:00,4353.0,coal_black,MW,nem,NSW1
2017-10-24 04:00:00,4437.0,coal_black,MW,nem,NSW1
2017-10-24 04:05:00,4491.0,coal_black,MW,nem,NSW1
2017-10-24 04:10:00,4487.0,coal_black,MW,nem,NSW1
2017-10-24 04:15:00,4525.0,coal_black,MW,nem,NSW1
2017-10-24 04:20:00,4548.0,coal_black,MW,nem,NSW1
2017-10-24 04:25:00,4599.0,coal_black,MW,nem,NSW1
2017-10-24 04:30:00,4536.0,coal_black,MW,nem,NSW1
2017-10-24 04:35:00,4634.0,coal_black,MW,nem,NSW1
2017-10-24 04:40:00,4729.0,coal_black,MW,nem,NSW1
2017-10-24 04:45:00,4799.0,coal_black,MW,nem,NSW1
2017-10-24 04:50:00,4805.0,coal_black,MW,nem,NSW1
2017-10-24 04:55:00,4831.0,coal_black,MW,nem,NSW1
2017-10-24 05:00:00,4913.0,coal_black,MW,nem,NSW1
2017-10-24 05:05:00,5005.0,coal_black,MW,nem,NSW1
2017-10-24 05:10:00,5038.0,coal_black,MW,nem,NSW1
2017-10-24 05:15:00,5152.0,coal_black,MW,nem,NSW1
2017-10-24 05:20:00,5213.0,coal_black,MW,nem,NSW1
2017-10-24 05:25:00,5310.0,coal_black,MW,nem,NSW1
2017-10-24 05:30:00,5417.0,coal_black,MW,nem,NSW1
2017-10-24 05:35:00,5396.0,coal_black,MW,nem,NSW1
2017-10-24 05:40:00,5357.0,coal_black,MW,nem,NSW1
2017-10-24 05:45:00,5430.0,coal_black,MW,nem,NSW1
2017-10-24 05:50:00,5496.0,coal_black,MW,nem,NSW1
2017-10-24 05:55:00,5616.0,coal_black,MW,nem,NSW1
2017-10-24 06:00:00,5651.0,coal_black,MW,nem,NSW1
2017-10-24 06:05:00,5648.0,coal_black,MW,nem,NSW1
2017-10-24 06:10:00,5641.0,coal_black,MW,nem,NSW1
2017-10-24 06:15:00,5674.0,coal_black,MW,nem,NSW1
2017-10-24 06:20:00,5673.0,coal_black,MW,nem,NSW1
2017-10-24 06:25:00,5655.0,coal_black,MW,nem,NSW1
2017-10-24 06:30:00,5627.0,coal_black,MW,nem,NSW1
2017-10-24 06:35:00,5676.0,coal_black,MW,nem,NSW1
2017-10-24 06:40:00,5687.0,coal_black,MW,nem,NSW1
2017-10-24 06:45:00,5689.0,coal_black,MW,nem,NSW1
2017-10-24 06:50:00,5692.0,coal_black,MW,nem,NSW1
2017-10-24 06:55:00,5655.0,coal_black,MW,nem,NSW1
2017-10-24 07:00:00,5754.0,coal_black,MW,nem,NSW1
2017-10-24 07:05:00,5749.0,coal_black,MW,nem,NSW1
2017-10-24 07:10:00,5682.0,coal_black,MW,nem,NSW1
2017-10-24 07:15:00,5700.0,coal_black,MW,nem,NSW1
2017-10-24 07:20:00,5690.0,coal_black,MW,nem,NSW1
2017-10-24 07:25:00,5696.0,coal_black,MW,nem,NSW1
2017-10-24 07:30:00,5660.0,coal_black,MW,nem,NSW1
2017-10-24 07:35:00,5633.0,coal_black,MW,nem,NSW1
2017-10-24 07:40:00,5667.0,coal_black,MW,nem,NSW1
2017-10-24 07:45:00,5645.0,coal_black,MW,nem,NSW1
2017-10-24 07:50:00,5662.0,coal_black,MW,nem,NSW1
2017-10-24 07:55:00,5612.0,coal_black,MW,nem,NSW1
2017-10-24 08:00:00,5677.0,coal_black,MW,nem,NSW1
2017-10-24 08:05:00,5649.0,coal_black,MW,nem,NSW1
2017-10-24 08:10:00,5699.0,coal_black,MW,nem,NSW1
2017-10-24 08:15:00,5665.0,coal_black,MW,nem,NSW1
2017-10-24 08:20:00,5640.0,coal_black,MW,nem,NSW1
2017-10-24 08:25:00,5683.0,coal_black,MW,nem,NSW1
2017-10-24 08:30:00,5703.0,coal_black,MW,nem,NSW1
2017-10-24 08:35:00,5666.0,coal_black,MW,nem,NSW1
2017-10-24 08:40:00,5676.0,coal_black,MW,nem,NSW1
2017-10-24 08:45:00,5681.0,coal_black,MW,nem,NSW1
2017-10-24 08:50:00,5671.0,coal_black,MW,nem,NSW1
2017-10-24 08:55:00,5666.0,coal_black,MW,nem,NSW1
2017-10-24 09:00:00,5656.0,coal_black,MW,nem,NSW1
2017-10-24 09:05:00,5649.0,coal_black,MW,nem,NSW1
2017-10-24 09:10:00,5631.0,coal_black,MW,nem,NSW1
2017-10-24 09:15:00,5623.0,coal_black,MW,nem,NSW1
2017-10-24 09:20:00,5606.0,coal_black,MW,nem,NSW1
2017-10-24 09:25:00,5575.0,coal_black,MW,nem,NSW1
2017-10-24 09:30:00,5597.0,coal_black,MW,nem,NSW1
2017-10-24 09:35:00,5623.0,coal_black,MW,nem,NSW1
2017-10-24 09:40:00,5652.0,coal_black,MW,nem,NSW1
2017-10-24 09:45:00,5690.0,coal_black,MW,nem,NSW1
2017-10-24 09:50:00,5701.0,coal_black,MW,nem,NSW1
2017-10-24 09:55:00,5683.0,coal_black,MW,nem,NSW1
2017-10-24 10:00:00,5674.0,coal_black,MW,nem,NSW1
2017-10-24 10:05:00,5640.0,coal_black,MW,nem,NSW1
2017-10-24 10:10:00,5659.0,coal_black,MW,nem,NSW1
2017-10-24 10:15:00,5634.0,coal_black,MW,nem,NSW1
2017-10-24 10:20:00,5627.0,coal_black,MW,nem,NSW1
2017-10-24 10:25:00,5605.0,coal_black,MW,nem,NSW1
2017-10-24 10:30:00,5646.0,coal_black,MW,nem,NSW1
2017-10-24 10:35:00,5602.0,coal_black,MW,nem,NSW1
2017-10-24 10:40:00,5592.0,coal_black,MW,nem,NSW1
2017-10-24 10:45:00,5602.0,coal_black,MW,nem,NSW1
2017-10-24 10:50:00,5561.0,coal_black,MW,nem,NSW1
2017-10-24 10:55:00,5576.0,coal_black,MW,nem,NSW1
2017-10-24 11:00:00,5576.0,coal_black,MW,nem,NSW1
2017-10-24 11:05:00,5534.0,coal_black,MW,nem,NSW1
2017-10-24 11:10:00,5562.0,coal_black,MW,nem,NSW1
2017-10-24 11:15:00,5572.0,coal_black,MW,nem,NSW1
2017-10-24 11:20:00,5502.0,coal_black,MW,nem,NSW1
2017-10-24 11:25:00,5614.0,coal_black,MW,nem,NSW1
2017-10-24 11:30:00,5646.0,coal_black,MW,nem,NSW1
2017-10-24 11:35:00,5641.0,coal_black,MW,nem,NSW1
2017-10-24 11:40:00,5575.0,coal_black,MW,nem,NSW1
2017-10-24 11:45:00,5642.0,coal_black,MW,nem,NSW1
2017-10-24 11:50:00,5662.0,coal_black,MW,nem,NSW1
2017-10-24 11:55:00,5605.0,coal_black,MW,nem,NSW1
2017-10-24 12:00:00,5591.0,coal_black,MW,nem,NSW1
2017-10-24 12:05:00,5595.0,coal_black,MW,nem,NSW1
2017-10-24 12:10:00,5646.0,coal_black,MW,nem,NSW1
2017-10-24 12:15:00,5653.0,coal_black,MW,nem,NSW1
2017-10-24 12:20:00,5745.0,coal_black,MW,nem,NSW1
2017-10-24 12:25:00,5733.0,coal_black,MW,nem,NSW1
2017-10-24 12:30:00,5695.0,coal_black,MW,nem,NSW1
2017-10-24 12:35:00,5737.0,coal_black,MW,nem,NSW1
2017-10-24 12:40:00,5699.0,coal_black,MW,nem,NSW1
2017-10-24 12:45:00,5741.0,coal_black,MW,nem,NSW1
2017-10-24 12:50:00,5731.0,coal_black,MW,nem,NSW1
2017-10-24 12:55:00,5727.0,coal_black,MW,nem,NSW1
2017-10-24 13:00:00,5721.0,coal_black,MW,nem,NSW1
2017-10-24 13:05:00,5764.0,coal_black,MW,nem,NSW1
2017-10-24 13:10:00,5707.0,coal_black,MW,nem,NSW1
2017-10-24 13:15:00,5691.0,coal_black,MW,nem,NSW1
2017-10-24 13:20:00,5712.0,coal_black,MW,nem,NSW1
2017-10-24 13:25:00,5691.0,coal_black,MW,nem,NSW1
2017-10-24 13:30:00,5718.0,coal_black,MW,nem,NSW1
2017-10-24 13:35:00,5686.0,coal_black,MW,nem,NSW1
2017-10-24 13:40:00,5690.0,coal_black,MW,nem,NSW1
2017-10-24 13:45:00,5721.0,coal_black,MW,nem,NSW1
2017-10-24 13:50:00,5701.0,coal_black,MW,nem,NSW1
2017-10-24 13:55:00,5714.0,coal_black,MW,nem,NSW1
2017-10-24 14:00:00,5703.0,coal_black,MW,nem,NSW1
2017-10-24 14:05:00,5671.0,coal_black,MW,nem,NSW1
2017-10-24 14:10:00,5659.0,coal_black,MW,nem,NSW1
2017-10-24 14:15:00,5654.0,coal_black,MW,nem,NSW1
2017-10-24 14:20:00,5671.0,coal_black,MW,nem,NSW1
2017-10-24 14:25:00,5612.0,coal_black,MW,nem,NSW1
2017-10-24 14:30:00,5668.0,coal_black,MW,nem,NSW1
2017-10-24 14:35:00,5639.0,coal_black,MW,nem,NSW1
2017-10-24 14:40:00,5657.0,coal_black,MW,nem,NSW1
2017-10-24 14:45:00,5622.0,coal_black,MW,nem,NSW1
2017-10-24 14:50:00,5636.0,coal_black,MW,nem,NSW1
2017-10-24 14:55:00,5655.0,coal_black,MW,nem,NSW1
2017-10-24 15:00:00,5665.0,coal_black,MW,nem,NSW1
2017-10-24 15:05:00,5686.0,coal_black,MW,nem,NSW1
2017-10-24 15:10:00,5646.0,coal_black,MW,nem,NSW1
2017-10-24 15:15:00,5691.0,coal_black,MW,nem,NSW1
2017-10-24 15:20:00,5671.0,coal_black,MW,nem,NSW1
2017-10-24 15:25:00,5690.0,coal_black,MW,nem,NSW1
2017-10-24 15:30:00,5764.0,coal_black,MW,nem,NSW1
2017-10-24 15:35:00,5831.0,coal_black,MW,nem,NSW1
2017-10-24 15:40:00,5848.0,coal_black,MW,nem,NSW1
2017-10-24 15:45:00,5878.0,coal_black,MW,nem,NSW1
2017-10-24 15:50:00,5886.0,coal_black,MW,nem,NSW1
2017-10-24 15:55:00,5849.0,coal_black,MW,nem,NSW1
2017-10-24 16:00:00,5849.0,coal_black,MW,nem,NSW1
2017-10-24 16:05:00,5806.0,coal_black,MW,nem,NSW1
2017-10-24 16:10:00,5846.0,coal_black,MW,nem,NSW1
2017-10-24 16:15:00,5861.0,coal_black,MW,nem,NSW1
2017-10-24 16:20:00,5850.0,coal_black,MW,nem,NSW1
2017-10-24 16:25:00,5891.0,coal_black,MW,nem,NSW1
2017-10-24 16:30:00,5930.0,coal_black,MW,nem,NSW1
2017-10-24 16:35:00,5964.0,coal_black,MW,nem,NSW1
2017-10-24 16:40:00,5943.0,coal_black,MW,nem,NSW1
2017-10-24 16:45:00,5961.0,coal_black,MW,nem,NSW1
2017-10-24 16:50:00,5979.0,coal_black,MW,nem,NSW1
2017-10-24 16:55:00,5965.0,coal_black,MW,nem,NSW1
2017-10-24 17:00:00,5960.0,coal_black,MW,nem,NSW1
2017-10-24 17:05:00,5935.0,coal_black,MW,nem,NSW1
2017-10-24 17:10:00,5960.0,coal_black,MW,nem,NSW1
2017-10-24 17:15:00,5964.0,coal_black,MW,nem,NSW1
2017-10-24 17:20:00,5985.0,coal_black,MW,nem,NSW1
2017-10-24 17:25:00,5991.0,coal_black,MW,nem,NSW1
2017-10-24 17:30:00,5963.0,coal_black,MW,nem,NSW1
2017-10-24 17:35:00,5984.0,coal_black,MW,nem,NSW1
2017-10-24 17:40:00,5977.0,coal_black,MW,nem,NSW1
2017-10-24 17:45:00,5941.0,coal_black,MW,nem,NSW1
2017-10-24 17:50:00,5902.0,coal_black,MW,nem,NSW1
2017-10-24 17:55:00,5941.0,coal_black,MW,nem,NSW1
2017-10-24 18:00:00,5961.0,coal_black,MW,nem,NSW1
2017-10-24 18:05:00,5983.0,coal_black,MW,nem,NSW1
2017-10-24 18:10:00,5964.0,coal_black,MW,nem,NSW1
2017-10-24 18:15:00,5964.0,coal_black,MW,nem,NSW1
2017-10-24 18:20:00,5932.0,coal_black,MW,nem,NSW1
2017-10-24 18:25:00,5973.0,coal_black,MW,nem,NSW1
2017-10-24 18:30:00,5993.0,coal_black,MW,nem,NSW1
2017-10-24 18:35:00,5959.0,coal_black,MW,nem,NSW1
2017-10-24 18:40:00,5989.0,coal_black,MW,nem,NSW1
2017-10-24 18:45:00,5986.0,coal_black,MW,nem,NSW1
2017-10-24 18:50:00,5986.0,coal_black,MW,nem,NSW1
2017-10-24 18:55:00,6000.0,coal_black,MW,nem,NSW1
2017-10-24 19:00:00,6004.0,coal_black,MW,nem,NSW1
2017-10-24 19:05:00,5973.0,coal_black,MW,nem,NSW1
2017-10-24 19:10:00,5971.0,coal_black,MW,nem,NSW1
2017-10-24 19:15:00,5970.0,coal_black,MW,nem,NSW1
2017-10-24 19:20:00,5986.0,coal_black,MW,nem,NSW1
2017-10-24 19:25:00,5977.0,coal_black,MW,nem,NSW1
2017-10-24 19:30:00,5989.0,coal_black,MW,nem,NSW1
2017-10-24 19:35:00,5966.0,coal_black,MW,nem,NSW1
2017-10-24 19:40:00,5942.0,coal_black,MW,nem,NSW1
2017-10-24 19:45:00,5915.0,coal_black,MW,nem,NSW1
2017-10-24 19:50:00,5880.0,coal_black,MW,nem,NSW1
2017-10-24 19:55:00,5939.0,coal_black,MW,nem,NSW1
2017-10-24 20:00:00,5906.0,coal_black,MW,nem,NSW1
2017-10-24 20:05:00,5884.0,coal_black,MW,nem,NSW1
2017-10-24 20:10:00,5925.0,coal_black,MW,nem,NSW1
2017-10-24 20:15:00,5898.0,coal_black,MW,nem,NSW1
2017-10-24 20:20:00,5903.0,coal_black,MW,nem,NSW1
2017-10-24 20:25:00,5903.0,coal_black,MW,nem,NSW1
2017-10-24 20:30:00,5905.0,coal_black,MW,nem,NSW1
2017-10-24 20:35:00,5897.0,coal_black,MW,nem,NSW1
2017-10-24 20:40:00,5842.0,coal_black,MW,nem,NSW1
2017-10-24 20:45:00,5846.0,coal_black,MW,nem,NSW1
2017-10-24 20:50:00,5829.0,coal_black,MW,nem,NSW1
2017-10-24 20:55:00,5802.0,coal_black,MW,nem,NSW1
2017-10-24 21:00:00,5731.0,coal_black,MW,nem,NSW1
2017-10-24 21:05:00,5650.0,coal_black,MW,nem,NSW1
2017-10-24 21:10:00,5709.0,coal_black,MW,nem,NSW1
2017-10-24 21:15:00,5695.0,coal_black,MW,nem,NSW1
2017-10-24 21:20:00,5620.0,coal_black,MW,nem,NSW1
2017-10-24 21:25:00,5594.0,coal_black,MW,nem,NSW1
2017-10-24 21:30:00,5550.0,coal_black,MW,nem,NSW1
2017-10-24 21:35:00,5438.0,coal_black,MW,nem,NSW1
2017-10-24 21:40:00,5422.0,coal_black,MW,nem,NSW1
2017-10-24 21:45:00,5440.0,coal_black,MW,nem,NSW1
2017-10-24 21:50:00,5371.0,coal_black,MW,nem,NSW1
2017-10-24 21:55:00,5306.0,coal_black,MW,nem,NSW1
2017-10-24 22:00:00,5342.0,coal_black,MW,nem,NSW1
2017-10-24 22:05:00,5279.0,coal_black,MW,nem,NSW1
2017-10-24 22:10:00,5367.0,coal_black,MW,nem,NSW1
2017-10-24 22:15:00,5480.0,coal_black,MW,nem,NSW1
2017-10-24 22:20:00,5503.0,coal_black,MW,nem,NSW1
2017-10-24 22:25:00,5523.0,coal_black,MW,nem,NSW1
2017-10-24 22:30:00,5551.0,coal_black,MW,nem,NSW1
2017-10-24 22:35:00,5591.0,coal_black,MW,nem,NSW1
2017-10-24 22:40:00,5660.0,coal_black,MW,nem,NSW1
2017-10-24 22:45:00,5680.0,coal_black,MW,nem,NSW1
2017-10-24 22:50:00,5626.0,coal_black,MW,nem,NSW1
2017-10-24 22:55:00,5614.0,coal_black,MW,nem,NSW1
2017-10-24 23:00:00,5599.0,coal_black,MW,nem,NSW1
2017-10-24 23:05:00,5631.0,coal_black,MW,nem,NSW1
2017-10-24 23:10:00,5659.0,coal_black,MW,nem,NSW1
2017-10-24 23:15:00,5674.0,coal_black,MW,nem,NSW1
2017-10-24 23:20:00,5659.0,coal_black,MW,nem,NSW1
2017-10-24 23:25:00,5606.0,coal_black,MW,nem,NSW1
2017-10-24 23:30:00,5619.0,coal_black,MW,nem,NSW1
2017-10-24 23:35:00,5584.0,coal_black,MW,nem,NSW1
2017-10-24 23:40:00,5601.0,coal_black,MW,nem,NSW1
2017-10-24 23:45:00,5625.0,coal_black,MW,nem,NSW1
2017-10-24 23:50:00,5579.0,coal_black,MW,nem,NSW1
2017-10-24 23:55:00,5528.0,coal_black,MW,nem,NSW1
2017-10-25 00:00:00,5423.0,coal_black,MW,nem,NSW1
2017-10-25 00:05:00,5382.0,coal_black,MW,nem,NSW1
2017-10-25 00:10:00,5313.0,coal_black,MW,nem,NSW1
2017-10-25 00:15:00,5196.0,coal_black,MW,nem,NSW1
2017-10-25 00:20:00,5123.0,coal_black,MW,nem,NSW1
2017-10-25 00:25:00,5064.0,coal_black,MW,nem,NSW1
2017-10-25 00:30:00,4991.0,coal_black,MW,nem,NSW1
2017-10-25 00:35:00,4944.0,coal_black,MW,nem,NSW1
2017-10-25 00:40:00,4912.0,coal_black,MW,nem,NSW1
2017-10-25 00:45:00,4923.0,coal_black,MW,nem,NSW1
2017-10-25 00:50:00,4936.0,coal_black,MW,nem,NSW1
2017-10-25 00:55:00,4929.0,coal_black,MW,nem,NSW1
2017-10-25 01:00:00,4898.0,coal_black,MW,nem,NSW1
2017-10-25 01:05:00,4851.0,coal_black,MW,nem,NSW1
2017-10-25 01:10:00,4899.0,coal_black,MW,nem,NSW1
2017-10-25 01:15:00,4881.0,coal_black,MW,nem,NSW1
2017-10-25 01:20:00,4812.0,coal_black,MW,nem,NSW1
2017-10-25 01:25:00,4734.0,coal_black,MW,nem,NSW1
2017-10-25 01:30:00,4680.0,coal_black,MW,nem,NSW1
2017-10-25 01:35:00,4605.0,coal_black,MW,nem,NSW1
2017-10-25 01:40:00,4608.0,coal_black,MW,nem,NSW1
2017-10-25 01:45:00,4601.0,coal_black,MW,nem,NSW1
2017-10-25 01:50:00,4642.0,coal_black,MW,nem,NSW1
2017-10-25 01:55:00,4613.0,coal_black,MW,nem,NSW1
2017-10-25 02:00:00,4556.0,coal_black,MW,nem,NSW1
2017-10-25 02:05:00,4493.0,coal_black,MW,nem,NSW1
2017-10-25 02:10:00,4460.0,coal_black,MW,nem,NSW1
2017-10-25 02:15:00,4399.0,coal_black,MW,nem,NSW1
2017-10-25 02:20:00,4253.0,coal_black,MW,nem,NSW1
2017-10-25 02:25:00,4216.0,coal_black,MW,nem,NSW1
2017-10-25 02:30:00,4181.0,coal_black,MW,nem,NSW1
2017-10-25 02:35:00,4110.0,coal_black,MW,nem,NSW1
2017-10-25 02:40:00,4114.0,coal_black,MW,nem,NSW1
2017-10-25 02:45:00,4127.0,coal_black,MW,nem,NSW1
2017-10-25 02:50:00,4132.0,coal_black,MW,nem,NSW1
2017-10-25 02:55:00,4180.0,coal_black,MW,nem,NSW1
2017-10-25 03:00:00,4165.0,coal_black,MW,nem,NSW1
2017-10-25 03:05:00,4175.0,coal_black,MW,nem,NSW1
2017-10-25 03:10:00,4205.0,coal_black,MW,nem,NSW1
2017-10-25 03:15:00,4210.0,coal_black,MW,nem,NSW1
2017-10-25 03:20:00,4236.0,coal_black,MW,nem,NSW1
2017-10-25 03:25:00,4194.0,coal_black,MW,nem,NSW1
2017-10-25 03:30:00,4121.0,coal_black,MW,nem,NSW1
2017-10-25 03:35:00,4099.0,coal_black,MW,nem,NSW1
2017-10-25 03:40:00,4137.0,coal_black,MW,nem,NSW1
2017-10-25 03:45:00,4130.0,coal_black,MW,nem,NSW1
2017-10-25 03:50:00,4133.0,coal_black,MW,nem,NSW1
2017-10-25 03:55:00,4204.0,coal_black,MW,nem,NSW1
2017-10-25 04:00:00,4273.0,coal_black,MW,nem,NSW1
2017-10-25 04:05:00,4317.0,coal_black,MW,nem,NSW1
2017-10-25 04:10:00,4461.0,coal_black,MW,nem,NSW1
2017-10-25 04:15:00,4541.0,coal_black,MW,nem,NSW1
2017-10-25 04:20:00,4647.0,coal_black,MW,nem,NSW1
2017-10-25 04:25:00,4741.0,coal_black,MW,nem,NSW1
2017-10-25 04:30:00,4754.0,coal_black,MW,nem,NSW1
2017-10-25 04:35:00,4863.0,coal_black,MW,nem,NSW1
2017-10-25 04:40:00,4968.0,coal_black,MW,nem,NSW1
2017-10-25 04:45:00,5066.0,coal_black,MW,nem,NSW1
2017-10-25 04:50:00,5129.0,coal_black,MW,nem,NSW1
2017-10-25 04:55:00,5157.0,coal_black,MW,nem,NSW1
2017-10-25 05:00:00,5238.0,coal_black,MW,nem,NSW1
2017-10-25 05:05:00,5219.0,coal_black,MW,nem,NSW1
2017-10-25 05:10:00,5233.0,coal_black,MW,nem,NSW1
2017-10-25 05:15:00,5320.0,coal_black,MW,nem,NSW1
2017-10-25 05:20:00,5410.0,coal_black,MW,nem,NSW1
2017-10-25 05:25:00,5492.0,coal_black,MW,nem,NSW1
2017-10-25 05:30:00,5585.0,coal_black,MW,nem,NSW1
2017-10-25 05:35:00,5685.0,coal_black,MW,nem,NSW1
2017-10-25 05:40:00,5770.0,coal_black,MW,nem,NSW1
2017-10-25 05:45:00,5827.0,coal_black,MW,nem,NSW1
2017-10-25 05:50:00,5881.0,coal_black,MW,nem,NSW1
2017-10-25 05:55:00,5879.0,coal_black,MW,nem,NSW1
2017-10-25 06:00:00,5892.0,coal_black,MW,nem,NSW1
2017-10-25 06:05:00,5920.0,coal_black,MW,nem,NSW1
2017-10-25 06:10:00,5921.0,coal_black,MW,nem,NSW1
2017-10-25 06:15:00,5983.0,coal_black,MW,nem,NSW1
2017-10-25 06:20:00,5971.0,coal_black,MW,nem,NSW1
2017-10-25 06:25:00,5992.0,coal_black,MW,nem,NSW1
2017-10-25 06:30:00,5971.0,coal_black,MW,nem,NSW1
2017-10-25 06:35:00,5979.0,coal_black,MW,nem,NSW1
2017-10-25 06:40:00,5977.0,coal_black,MW,nem,NSW1
2017-10-25 06:45:00,5968.0,coal_black,MW,nem,NSW1
2017-10-25 06:50:00,5982.0,coal_black,MW,nem,NSW1
2017-10-25 06:55:00,5976.0,coal_black,MW,nem,NSW1
2017-10-25 07:00:00,5962.0,coal_black,MW,nem,NSW1
2017-10-25 07:05:00,5972.0,coal_black,MW,nem,NSW1
2017-10-25 07:10:00,5970.0,coal_black,MW,nem,NSW1
2017-10-25 07:15:00,5957.0,coal_black,MW,nem,NSW1
2017-10-25 07:20:00,5940.0,coal_black,MW,nem,NSW1
2017-10-25 07:25:00,5927.0,coal_black,MW,nem,NSW1
2017-10-25 07:30:00,5946.0,coal_black,MW,nem,NSW1
2017-10-25 07:35:00,5934.0,coal_black,MW,nem,NSW1
2017-10-25 07:40:00,5966.0,coal_black,MW,nem,NSW1
2017-10-25 07:45:00,5943.0,coal_black,MW,nem,NSW1
2017-10-25 07:50:00,5911.0,coal_black,MW,nem,NSW1
2017-10-25 07:55:00,5901.0,coal_black,MW,nem,NSW1
2017-10-25 08:00:00,5934.0,coal_black,MW,nem,NSW1
2017-10-25 08:05:00,5910.0,coal_black,MW,nem,NSW1
2017-10-25 08:10:00,5904.0,coal_black,MW,nem,NSW1
2017-10-25 08:15:00,5921.0,coal_black,MW,nem,NSW1
2017-10-25 08:20:00,5892.0,coal_black,MW,nem,NSW1
2017-10-25 08:25:00,5889.0,coal_black,MW,nem,NSW1
2017-10-25 08:30:00,5879.0,coal_black,MW,nem,NSW1
2017-10-25 08:35:00,5883.0,coal_black,MW,nem,NSW1
2017-10-25 08:40:00,5905.0,coal_black,MW,nem,NSW1
2017-10-25 08:45:00,5920.0,coal_black,MW,nem,NSW1
2017-10-25 08:50:00,5937.0,coal_black,MW,nem,NSW1
2017-10-25 08:55:00,5930.0,coal_black,MW,nem,NSW1
2017-10-25 09:00:00,5936.0,coal_black,MW,nem,NSW1
2017-10-25 09:05:00,5952.0,coal_black,MW,nem,NSW1
2017-10-25 09:10:00,5946.0,coal_black,MW,nem,NSW1
2017-10-25 09:15:00,5938.0,coal_black,MW,nem,NSW1
2017-10-25 09:20:00,5925.0,coal_black,MW,nem,NSW1
2017-10-25 09:25:00,5913.0,coal_black,MW,nem,NSW1
2017-10-25 09:30:00,5922.0,coal_black,MW,nem,NSW1
2017-10-25 09:35:00,5925.0,coal_black,MW,nem,NSW1
2017-10-25 09:40:00,5960.0,coal_black,MW,nem,NSW1
2017-10-25 09:45:00,5956.0,coal_black,MW,nem,NSW1
2017-10-25 09:50:00,5955.0,coal_black,MW,nem,NSW1
2017-10-25 09:55:00,5971.0,coal_black,MW,nem,NSW1
2017-10-25 10:00:00,5980.0,coal_black,MW,nem,NSW1
2017-10-25 10:05:00,5973.0,coal_black,MW,nem,NSW1
2017-10-25 10:10:00,5940.0,coal_black,MW,nem,NSW1
2017-10-25 10:15:00,5922.0,coal_black,MW,nem,NSW1
2017-10-25 10:20:00,5918.0,coal_black,MW,nem,NSW1
2017-10-25 10:25:00,5929.0,coal_black,MW,nem,NSW1
2017-10-25 10:30:00,5923.0,coal_black,MW,nem,NSW1
2017-10-25 10:35:00,5913.0,coal_black,MW,nem,NSW1
2017-10-25 10:40:00,5929.0,coal_black,MW,nem,NSW1
2017-10-25 10:45:00,5938.0,coal_black,MW,nem,NSW1
2017-10-25 10:50:00,5916.0,coal_black,MW,nem,NSW1
2017-10-25 10:55:00,5929.0,coal_black,MW,nem,NSW1
2017-10-25 11:00:00,5922.0,coal_black,MW,nem,NSW1
2017-10-25 11:05:00,5934.0,coal_black,MW,nem,NSW1
2017-10-25 11:10:00,5915.0,coal_black,MW,nem,NSW1
2017-10-25 11:15:00,5916.0,coal_black,MW,nem,NSW1
2017-10-25 11:20:00,5911.0,coal_black,MW,nem,NSW1
2017-10-25 11:25:00,5895.0,coal_black,MW,nem,NSW1
2017-10-25 11:30:00,5878.0,coal_black,MW,nem,NSW1
2017-10-25 11:35:00,5821.0,coal_black,MW,nem,NSW1
2017-10-25 11:40:00,5867.0,coal_black,MW,nem,NSW1
2017-10-25 11:45:00,5827.0,coal_black,MW,nem,NSW1
2017-10-25 11:50:00,5804.0,coal_black,MW,nem,NSW1
2017-10-25 11:55:00,5801.0,coal_black,MW,nem,NSW1
2017-10-25 12:00:00,5771.0,coal_black,MW,nem,NSW1
2017-10-25 12:05:00,5735.0,coal_black,MW,nem,NSW1
2017-10-25 12:10:00,5693.0,coal_black,MW,nem,NSW1
2017-10-25 12:15:00,5700.0,coal_black,MW,nem,NSW1
2017-10-25 12:20:00,5676.0,coal_black,MW,nem,NSW1
2017-10-25 12:25:00,5664.0,coal_black,MW,nem,NSW1
2017-10-25 12:30:00,5618.0,coal_black,MW,nem,NSW1
2017-10-25 12:35:00,5601.0,coal_black,MW,nem,NSW1
2017-10-25 12:40:00,5591.0,coal_black,MW,nem,NSW1
2017-10-25 12:45:00,5607.0,coal_black,MW,nem,NSW1
2017-10-25 12:50:00,5613.0,coal_black,MW,nem,NSW1
2017-10-25 12:55:00,5611.0,coal_black,MW,nem,NSW1
2017-10-25 13:00:00,5583.0,coal_black,MW,nem,NSW1
2017-10-25 13:05:00,5565.0,coal_black,MW,nem,NSW1
2017-10-25 13:10:00,5600.0,coal_black,MW,nem,NSW1
2017-10-25 13:15:00,5606.0,coal_black,MW,nem,NSW1
2017-10-25 13:20:00,5581.0,coal_black,MW,nem,NSW1
2017-10-25 13:25:00,5546.0,coal_black,MW,nem,NSW1
2017-10-25 13:30:00,5580.0,coal_black,MW,nem,NSW1
2017-10-25 13:35:00,5580.0,coal_black,MW,nem,NSW1
2017-10-25 13:40:00,5570.0,coal_black,MW,nem,NSW1
2017-10-25 13:45:00,5579.0,coal_black,MW,nem,NSW1
2017-10-25 13:50:00,5561.0,coal_black,MW,nem,NSW1
2017-10-25 13:55:00,5558.0,coal_black,MW,nem,NSW1
2017-10-25 14:00:00,5556.0,coal_black,MW,nem,NSW1
2017-10-25 14:05:00,5589.0,coal_black,MW,nem,NSW1
2017-10-25 14:10:00,5546.0,coal_black,MW,nem,NSW1
2017-10-25 14:15:00,5531.0,coal_black,MW,nem,NSW1
2017-10-25 14:20:00,5548.0,coal_black,MW,nem,NSW1
2017-10-25 14:25:00,5575.0,coal_black,MW,nem,NSW1
2017-10-25 14:30:00,5583.0,coal_black,MW,nem,NSW1
2017-10-25 14:35:00,5565.0,coal_black,MW,nem,NSW1
2017-10-25 14:40:00,5592.0,coal_black,MW,nem,NSW1
2017-10-25 14:45:00,5597.0,coal_black,MW,nem,NSW1
2017-10-25 14:50:00,5618.0,coal_black,MW,nem,NSW1
2017-10-25 14:55:00,5645.0,coal_black,MW,nem,NSW1
2017-10-25 15:00:00,5663.0,coal_black,MW,nem,NSW1
2017-10-25 15:05:00,5635.0,coal_black,MW,nem,NSW1
2017-10-25 15:10:00,5592.0,coal_black,MW,nem,NSW1
2017-10-25 15:15:00,5569.0,coal_black,MW,nem,NSW1
2017-10-25 15:20:00,5553.0,coal_black,MW,nem,NSW1
2017-10-25 15:25:00,5514.0,coal_black,MW,nem,NSW1
2017-10-25 15:30:00,5516.0,coal_black,MW,nem,NSW1
2017-10-25 15:35:00,5509.0,coal_black,MW,nem,NSW1
2017-10-25 15:40:00,5516.0,coal_black,MW,nem,NSW1
2017-10-25 15:45:00,5478.0,coal_black,MW,nem,NSW1
2017-10-25 15:50:00,5490.0,coal_black,MW,nem,NSW1
2017-10-25 15:55:00,5497.0,coal_black,MW,nem,NSW1
2017-10-25 16:00:00,5523.0,coal_black,MW,nem,NSW1
2017-10-25 16:05:00,5532.0,coal_black,MW,nem,NSW1
2017-10-25 16:10:00,5529.0,coal_black,MW,nem,NSW1
2017-10-25 16:15:00,5533.0,coal_black,MW,nem,NSW1
2017-10-25 16:20:00,5504.0,coal_black,MW,nem,NSW1
2017-10-25 16:25:00,5507.0,coal_black,MW,nem,NSW1
2017-10-25 16:30:00,5527.0,coal_black,MW,nem,NSW1
2017-10-25 16:35:00,5490.0,coal_black,MW,nem,NSW1
2017-10-25 16:40:00,5491.0,coal_black,MW,nem,NSW1
2017-10-25 16:45:00,5480.0,coal_black,MW,nem,NSW1
2017-10-25 16:50:00,5500.0,coal_black,MW,nem,NSW1
2017-10-25 16:55:00,5537.0,coal_black,MW,nem,NSW1
2017-10-25 17:00:00,5542.0,coal_black,MW,nem,NSW1
2017-10-25 17:05:00,5521.0,coal_black,MW,nem,NSW1
2017-10-25 17:10:00,5504.0,coal_black,MW,nem,NSW1
2017-10-25 17:15:00,5505.0,coal_black,MW,nem,NSW1
2017-10-25 17:20:00,5477.0,coal_black,MW,nem,NSW1
2017-10-25 17:25:00,5513.0,coal_black,MW,nem,NSW1
2017-10-25 17:30:00,5493.0,coal_black,MW,nem,NSW1
2017-10-25 17:35:00,5488.0,coal_black,MW,nem,NSW1
2017-10-25 17:40:00,5489.0,coal_black,MW,nem,NSW1
2017-10-25 17:45:00,5456.0,coal_black,MW,nem,NSW1
2017-10-25 17:50:00,5462.0,coal_black,MW,nem,NSW1
2017-10-25 17:55:00,5396.0,coal_black,MW,nem,NSW1
2017-10-25 18:00:00,5385.0,coal_black,MW,nem,NSW1
2017-10-25 18:05:00,5391.0,coal_black,MW,nem,NSW1
2017-10-25 18:10:00,5411.0,coal_black,MW,nem,NSW1
2017-10-25 18:15:00,5394.0,coal_black,MW,nem,NSW1
2017-10-25 18:20:00,5413.0,coal_black,MW,nem,NSW1
2017-10-25 18:25:00,5408.0,coal_black,MW,nem,NSW1
2017-10-25 18:30:00,5402.0,coal_black,MW,nem,NSW1
2017-10-25 18:35:00,5444.0,coal_black,MW,nem,NSW1
2017-10-25 18:40:00,5425.0,coal_black,MW,nem,NSW1
2017-10-25 18:45:00,5424.0,coal_black,MW,nem,NSW1
2017-10-25 18:50:00,5419.0,coal_black,MW,nem,NSW1
2017-10-25 18:55:00,5412.0,coal_black,MW,nem,NSW1
2017-10-25 19:00:00,5417.0,coal_black,MW,nem,NSW1
2017-10-25 19:05:00,5412.0,coal_black,MW,nem,NSW1
2017-10-25 19:10:00,5406.0,coal_black,MW,nem,NSW1
2017-10-25 19:15:00,5405.0,coal_black,MW,nem,NSW1
2017-10-25 19:20:00,5433.0,coal_black,MW,nem,NSW1
2017-10-25 19:25:00,5408.0,coal_black,MW,nem,NSW1
2017-10-25 19:30:00,5404.0,coal_black,MW,nem,NSW1
2017-10-25 19:35:00,5391.0,coal_black,MW,nem,NSW1
2017-10-25 19:40:00,5424.0,coal_black,MW,nem,NSW1
2017-10-25 19:45:00,5403.0,coal_black,MW,nem,NSW1
2017-10-25 19:50:00,5420.0,coal_black,MW,nem,NSW1
2017-10-25 19:55:00,5423.0,coal_black,MW,nem,NSW1
2017-10-25 20:00:00,5381.0,coal_black,MW,nem,NSW1
2017-10-25 20:05:00,5377.0,coal_black,MW,nem,NSW1
2017-10-25 20:10:00,5454.0,coal_black,MW,nem,NSW1
2017-10-25 20:15:00,5415.0,coal_black,MW,nem,NSW1
2017-10-25 20:20:00,5371.0,coal_black,MW,nem,NSW1
2017-10-25 20:25:00,5344.0,coal_black,MW,nem,NSW1
2017-10-25 20:30:00,5318.0,coal_black,MW,nem,NSW1
2017-10-25 20:35:00,5299.0,coal_black,MW,nem,NSW1
2017-10-25 20:40:00,5362.0,coal_black,MW,nem,NSW1
2017-10-25 20:45:00,5376.0,coal_black,MW,nem,NSW1
2017-10-25 20:50:00,5402.0,coal_black,MW,nem,NSW1
2017-10-25 20:55:00,5390.0,coal_black,MW,nem,NSW1
2017-10-25 21:00:00,5335.0,coal_black,MW,nem,NSW1
2017-10-25 21:05:00,5268.0,coal_black,MW,nem,NSW1
2017-10-25 21:10:00,5360.0,coal_black,MW,nem,NSW1
2017-10-25 21:15:00,5407.0,coal_black,MW,nem,NSW1
2017-10-25 21:20:00,5415.0,coal_black,MW,nem,NSW1
2017-10-25 21:25:00,5432.0,coal_black,MW,nem,NSW1
2017-10-25 21:30:00,5438.0,coal_black,MW,nem,NSW1
2017-10-25 21:35:00,5478.0,coal_black,MW,nem,NSW1
2017-10-25 21:40:00,5490.0,coal_black,MW,nem,NSW1
2017-10-25 21:45:00,5508.0,coal_black,MW,nem,NSW1
2017-10-25 21:50:00,5501.0,coal_black,MW,nem,NSW1
2017-10-25 21:55:00,5444.0,coal_black,MW,nem,NSW1
2017-10-25 22:00:00,5384.0,coal_black,MW,nem,NSW1
2017-10-25 22:05:00,5332.0,coal_black,MW,nem,NSW1
2017-10-25 22:10:00,5433.0,coal_black,MW,nem,NSW1
2017-10-25 22:15:00,5563.0,coal_black,MW,nem,NSW1
2017-10-25 22:20:00,5615.0,coal_black,MW,nem,NSW1
2017-10-25 22:25:00,5615.0,coal_black,MW,nem,NSW1
2017-10-25 22:30:00,5569.0,coal_black,MW,nem,NSW1
2017-10-25 22:35:00,5648.0,coal_black,MW,nem,NSW1
2017-10-25 22:40:00,5708.0,coal_black,MW,nem,NSW1
2017-10-25 22:45:00,5769.0,coal_black,MW,nem,NSW1
2017-10-25 22:50:00,5818.0,coal_black,MW,nem,NSW1
2017-10-25 22:55:00,5754.0,coal_black,MW,nem,NSW1
2017-10-25 23:00:00,5698.0,coal_black,MW,nem,NSW1
2017-10-25 23:05:00,5627.0,coal_black,MW,nem,NSW1
2017-10-25 23:10:00,5679.0,coal_black,MW,nem,NSW1
2017-10-25 23:15:00,5650.0,coal_black,MW,nem,NSW1
2017-10-25 23:20:00,5692.0,coal_black,MW,nem,NSW1
2017-10-25 23:25:00,5762.0,coal_black,MW,nem,NSW1
2017-10-25 23:30:00,5696.0,coal_black,MW,nem,NSW1
2017-10-25 23:35:00,5679.0,coal_black,MW,nem,NSW1
2017-10-25 23:40:00,5721.0,coal_black,MW,nem,NSW1
2017-10-25 23:45:00,5748.0,coal_black,MW,nem,NSW1
2017-10-25 23:50:00,5719.0,coal_black,MW,nem,NSW1
2017-10-25 23:55:00,5668.0,coal_black,MW,nem,NSW1
2017-10-26 00:00:00,5687.0,coal_black,MW,nem,NSW1
2017-10-26 00:05:00,5647.0,coal_black,MW,nem,NSW1
2017-10-26 00:10:00,5540.0,coal_black,MW,nem,NSW1
2017-10-26 00:15:00,5465.0,coal_black,MW,nem,NSW1
2017-10-26 00:20:00,5396.0,coal_black,MW,nem,NSW1
2017-10-26 00:25:00,5324.0,coal_black,MW,nem,NSW1
2017-10-26 00:30:00,5256.0,coal_black,MW,nem,NSW1
2017-10-26 00:35:00,5173.0,coal_black,MW,nem,NSW1
2017-10-26 00:40:00,5110.0,coal_black,MW,nem,NSW1
2017-10-26 00:45:00,5005.0,coal_black,MW,nem,NSW1
2017-10-26 00:50:00,4919.0,coal_black,MW,nem,NSW1
2017-10-26 00:55:00,4890.0,coal_black,MW,nem,NSW1
2017-10-26 01:00:00,4892.0,coal_black,MW,nem,NSW1
2017-10-26 01:05:00,4945.0,coal_black,MW,nem,NSW1
2017-10-26 01:10:00,5002.0,coal_black,MW,nem,NSW1
2017-10-26 01:15:00,4980.0,coal_black,MW,nem,NSW1
2017-10-26 01:20:00,4945.0,coal_black,MW,nem,NSW1
2017-10-26 01:25:00,4856.0,coal_black,MW,nem,NSW1
2017-10-26 01:30:00,4784.0,coal_black,MW,nem,NSW1
2017-10-26 01:35:00,4700.0,coal_black,MW,nem,NSW1
2017-10-26 01:40:00,4645.0,coal_black,MW,nem,NSW1
2017-10-26 01:45:00,4607.0,coal_black,MW,nem,NSW1
2017-10-26 01:50:00,4585.0,coal_black,MW,nem,NSW1
2017-10-26 01:55:00,4536.0,coal_black,MW,nem,NSW1
2017-10-26 02:00:00,4464.0,coal_black,MW,nem,NSW1
2017-10-26 02:05:00,4435.0,coal_black,MW,nem,NSW1
2017-10-26 02:10:00,4390.0,coal_black,MW,nem,NSW1
2017-10-26 02:15:00,4359.0,coal_black,MW,nem,NSW1
2017-10-26 02:20:00,4278.0,coal_black,MW,nem,NSW1
2017-10-26 02:25:00,4209.0,coal_black,MW,nem,NSW1
2017-10-26 02:30:00,4181.0,coal_black,MW,nem,NSW1
2017-10-26 02:35:00,4150.0,coal_black,MW,nem,NSW1
2017-10-26 02:40:00,4091.0,coal_black,MW,nem,NSW1
2017-10-26 02:45:00,4062.0,coal_black,MW,nem,NSW1
2017-10-26 02:50:00,4033.0,coal_black,MW,nem,NSW1
2017-10-26 02:55:00,3974.0,coal_black,MW,nem,NSW1
2017-10-26 03:00:00,3955.0,coal_black,MW,nem,NSW1
2017-10-26 03:05:00,3871.0,coal_black,MW,nem,NSW1
2017-10-26 03:10:00,3940.0,coal_black,MW,nem,NSW1
2017-10-26 03:15:00,3945.0,coal_black,MW,nem,NSW1
2017-10-26 03:20:00,3946.0,coal_black,MW,nem,NSW1
2017-10-26 03:25:00,3905.0,coal_black,MW,nem,NSW1
2017-10-26 03:30:00,3969.0,coal_black,MW,nem,NSW1
2017-10-26 03:35:00,3931.0,coal_black,MW,nem,NSW1
2017-10-26 03:40:00,3906.0,coal_black,MW,nem,NSW1
2017-10-26 03:45:00,3873.0,coal_black,MW,nem,NSW1
2017-10-26 03:50:00,3883.0,coal_black,MW,nem,NSW1
2017-10-26 03:55:00,3906.0,coal_black,MW,nem,NSW1
2017-10-26 04:00:00,3901.0,coal_black,MW,nem,NSW1
2017-10-26 04:05:00,3865.0,coal_black,MW,nem,NSW1
2017-10-26 04:10:00,3981.0,coal_black,MW,nem,NSW1
2017-10-26 04:15:00,4051.0,coal_black,MW,nem,NSW1
2017-10-26 04:20:00,4162.0,coal_black,MW,nem,NSW1
2017-10-26 04:25:00,4190.0,coal_black,MW,nem,NSW1
2017-10-26 04:30:00,4276.0,coal_black,MW,nem,NSW1
2017-10-26 04:35:00,4359.0,coal_black,MW,nem,NSW1
2017-10-26 04:40:00,4459.0,coal_black,MW,nem,NSW1
2017-10-26 04:45:00,4505.0,coal_black,MW,nem,NSW1
2017-10-26 04:50:00,4632.0,coal_black,MW,nem,NSW1
2017-10-26 04:55:00,4697.0,coal_black,MW,nem,NSW1
2017-10-26 05:00:00,4778.0,coal_black,MW,nem,NSW1
2017-10-26 05:05:00,4879.0,coal_black,MW,nem,NSW1
2017-10-26 05:10:00,5004.0,coal_black,MW,nem,NSW1
2017-10-26 05:15:00,5102.0,coal_black,MW,nem,NSW1
2017-10-26 05:20:00,5179.0,coal_black,MW,nem,NSW1
2017-10-26 05:25:00,5248.0,coal_black,MW,nem,NSW1
2017-10-26 05:30:00,5342.0,coal_black,MW,nem,NSW1
2017-10-26 05:35:00,5402.0,coal_black,MW,nem,NSW1
2017-10-26 05:40:00,5436.0,coal_black,MW,nem,NSW1
2017-10-26 05:45:00,5477.0,coal_black,MW,nem,NSW1
2017-10-26 05:50:00,5493.0,coal_black,MW,nem,NSW1
2017-10-26 05:55:00,5425.0,coal_black,MW,nem,NSW1
2017-10-26 06:00:00,5487.0,coal_black,MW,nem,NSW1
2017-10-26 06:05:00,5522.0,coal_black,MW,nem,NSW1
2017-10-26 06:10:00,5632.0,coal_black,MW,nem,NSW1
2017-10-26 06:15:00,5709.0,coal_black,MW,nem,NSW1
2017-10-26 06:20:00,5765.0,coal_black,MW,nem,NSW1
2017-10-26 06:25:00,5860.0,coal_black,MW,nem,NSW1
2017-10-26 06:30:00,5895.0,coal_black,MW,nem,NSW1
2017-10-26 06:35:00,5951.0,coal_black,MW,nem,NSW1
2017-10-26 06:40:00,5992.0,coal_black,MW,nem,NSW1
2017-10-26 06:45:00,5966.0,coal_black,MW,nem,NSW1
2017-10-26 06:50:00,6000.0,coal_black,MW,nem,NSW1
2017-10-26 06:55:00,6030.0,coal_black,MW,nem,NSW1
2017-10-26 07:00:00,6041.0,coal_black,MW,nem,NSW1
2017-10-26 07:05:00,6019.0,coal_black,MW,nem,NSW1
2017-10-26 07:10:00,6012.0,coal_black,MW,nem,NSW1
2017-10-26 07:15:00,5975.0,coal_black,MW,nem,NSW1
2017-10-26 07:20:00,5992.0,coal_black,MW,nem,NSW1
2017-10-26 07:25:00,6051.0,coal_black,MW,nem,NSW1
2017-10-26 07:30:00,5998.0,coal_black,MW,nem,NSW1
2017-10-26 07:35:00,5983.0,coal_black,MW,nem,NSW1
2017-10-26 07:40:00,5953.0,coal_black,MW,nem,NSW1
2017-10-26 07:45:00,5979.0,coal_black,MW,nem,NSW1
2017-10-26 07:50:00,6001.0,coal_black,MW,nem,NSW1
2017-10-26 07:55:00,5988.0,coal_black,MW,nem,NSW1
2017-10-26 08:00:00,6006.0,coal_black,MW,nem,NSW1
2017-10-26 08:05:00,6013.0,coal_black,MW,nem,NSW1
2017-10-26 08:10:00,6042.0,coal_black,MW,nem,NSW1
2017-10-26 08:15:00,6022.0,coal_black,MW,nem,NSW1
2017-10-26 08:20:00,6026.0,coal_black,MW,nem,NSW1
2017-10-26 08:25:00,6022.0,coal_black,MW,nem,NSW1
2017-10-26 08:30:00,6043.0,coal_black,MW,nem,NSW1
2017-10-26 08:35:00,6015.0,coal_black,MW,nem,NSW1
2017-10-26 08:40:00,6037.0,coal_black,MW,nem,NSW1
2017-10-26 08:45:00,6071.0,coal_black,MW,nem,NSW1
2017-10-26 08:50:00,6078.0,coal_black,MW,nem,NSW1
2017-10-26 08:55:00,6067.0,coal_black,MW,nem,NSW1
2017-10-26 09:00:00,6065.0,coal_black,MW,nem,NSW1
2017-10-26 09:05:00,6044.0,coal_black,MW,nem,NSW1
2017-10-26 09:10:00,6035.0,coal_black,MW,nem,NSW1
2017-10-26 09:15:00,5998.0,coal_black,MW,nem,NSW1
2017-10-26 09:20:00,5982.0,coal_black,MW,nem,NSW1
2017-10-26 09:25:00,5928.0,coal_black,MW,nem,NSW1
2017-10-26 09:30:00,5914.0,coal_black,MW,nem,NSW1
2017-10-26 09:35:00,5921.0,coal_black,MW,nem,NSW1
2017-10-26 09:40:00,5894.0,coal_black,MW,nem,NSW1
2017-10-26 09:45:00,5953.0,coal_black,MW,nem,NSW1
2017-10-26 09:50:00,5920.0,coal_black,MW,nem,NSW1
2017-10-26 09:55:00,5923.0,coal_black,MW,nem,NSW1
2017-10-26 10:00:00,5897.0,coal_black,MW,nem,NSW1
2017-10-26 10:05:00,5894.0,coal_black,MW,nem,NSW1
2017-10-26 10:10:00,5860.0,coal_black,MW,nem,NSW1
2017-10-26 10:15:00,5794.0,coal_black,MW,nem,NSW1
2017-10-26 10:20:00,5764.0,coal_black,MW,nem,NSW1
2017-10-26 10:25:00,5761.0,coal_black,MW,nem,NSW1
2017-10-26 10:30:00,5747.0,coal_black,MW,nem,NSW1
2017-10-26 10:35:00,5740.0,coal_black,MW,nem,NSW1
2017-10-26 10:40:00,5802.0,coal_black,MW,nem,NSW1
2017-10-26 10:45:00,5750.0,coal_black,MW,nem,NSW1
2017-10-26 10:50:00,5768.0,coal_black,MW,nem,NSW1
2017-10-26 10:55:00,5732.0,coal_black,MW,nem,NSW1
2017-10-26 11:00:00,5755.0,coal_black,MW,nem,NSW1
2017-10-26 11:05:00,5744.0,coal_black,MW,nem,NSW1
2017-10-26 11:10:00,5777.0,coal_black,MW,nem,NSW1
2017-10-26 11:15:00,5738.0,coal_black,MW,nem,NSW1
2017-10-26 11:20:00,5745.0,coal_black,MW,nem,NSW1
2017-10-26 11:25:00,5741.0,coal_black,MW,nem,NSW1
2017-10-26 11:30:00,5713.0,coal_black,MW,nem,NSW1
2017-10-26 11:35:00,5741.0,coal_black,MW,nem,NSW1
2017-10-26 11:40:00,5710.0,coal_black,MW,nem,NSW1
2017-10-26 11:45:00,5718.0,coal_black,MW,nem,NSW1
2017-10-26 11:50:00,5679.0,coal_black,MW,nem,NSW1
2017-10-26 11:55:00,5658.0,coal_black,MW,nem,NSW1
2017-10-26 12:00:00,5654.0,coal_black,MW,nem,NSW1
2017-10-26 12:05:00,5654.0,coal_black,MW,nem,NSW1
2017-10-26 12:10:00,5662.0,coal_black,MW,nem,NSW1
2017-10-26 12:15:00,5649.0,coal_black,MW,nem,NSW1
2017-10-26 12:20:00,5626.0,coal_black,MW,nem,NSW1
2017-10-26 12:25:00,5579.0,coal_black,MW,nem,NSW1
2017-10-26 12:30:00,5606.0,coal_black,MW,nem,NSW1
2017-10-26 12:35:00,5569.0,coal_black,MW,nem,NSW1
2017-10-26 12:40:00,5594.0,coal_black,MW,nem,NSW1
2017-10-26 12:45:00,5642.0,coal_black,MW,nem,NSW1
2017-10-26 12:50:00,5672.0,coal_black,MW,nem,NSW1
2017-10-26 12:55:00,5687.0,coal_black,MW,nem,NSW1
2017-10-26 13:00:00,5663.0,coal_black,MW,nem,NSW1
2017-10-26 13:05:00,5707.0,coal_black,MW,nem,NSW1
2017-10-26 13:10:00,5652.0,coal_black,MW,nem,NSW1
2017-10-26 13:15:00,5700.0,coal_black,MW,nem,NSW1
2017-10-26 13:20:00,5728.0,coal_black,MW,nem,NSW1
2017-10-26 13:25:00,5755.0,coal_black,MW,nem,NSW1
2017-10-26 13:30:00,5766.0,coal_black,MW,nem,NSW1
2017-10-26 13:35:00,5790.0,coal_black,MW,nem,NSW1
2017-10-26 13:40:00,5779.0,coal_black,MW,nem,NSW1
2017-10-26 13:45:00,5778.0,coal_black,MW,nem,NSW1
2017-10-26 13:50:00,5792.0,coal_black,MW,nem,NSW1
2017-10-26 13:55:00,5812.0,coal_black,MW,nem,NSW1
2017-10-26 14:00:00,5855.0,coal_black,MW,nem,NSW1
2017-10-26 14:05:00,5872.0,coal_black,MW,nem,NSW1
2017-10-26 14:10:00,5899.0,coal_black,MW,nem,NSW1
2017-10-26 14:15:00,5911.0,coal_black,MW,nem,NSW1
2017-10-26 14:20:00,5925.0,coal_black,MW,nem,NSW1
2017-10-26 14:25:00,5972.0,coal_black,MW,nem,NSW1
2017-10-26 14:30:00,5969.0,coal_black,MW,nem,NSW1
2017-10-26 14:35:00,5972.0,coal_black,MW,nem,NSW1
2017-10-26 14:40:00,5906.0,coal_black,MW,nem,NSW1
2017-10-26 14:45:00,5910.0,coal_black,MW,nem,NSW1
2017-10-26 14:50:00,5922.0,coal_black,MW,nem,NSW1
2017-10-26 14:55:00,5926.0,coal_black,MW,nem,NSW1
2017-10-26 15:00:00,5895.0,coal_black,MW,nem,NSW1
2017-10-26 15:05:00,5902.0,coal_black,MW,nem,NSW1
2017-10-26 15:10:00,5859.0,coal_black,MW,nem,NSW1
2017-10-26 15:15:00,5831.0,coal_black,MW,nem,NSW1
2017-10-26 15:20:00,5867.0,coal_black,MW,nem,NSW1
2017-10-26 15:25:00,5937.0,coal_black,MW,nem,NSW1
2017-10-26 15:30:00,5979.0,coal_black,MW,nem,NSW1
2017-10-26 15:35:00,5989.0,coal_black,MW,nem,NSW1
2017-10-26 15:40:00,5981.0,coal_black,MW,nem,NSW1
2017-10-26 15:45:00,5980.0,coal_black,MW,nem,NSW1
2017-10-26 15:50:00,5969.0,coal_black,MW,nem,NSW1
2017-10-26 15:55:00,5941.0,coal_black,MW,nem,NSW1
2017-10-26 16:00:00,5943.0,coal_black,MW,nem,NSW1
2017-10-26 16:05:00,5953.0,coal_black,MW,nem,NSW1
2017-10-26 16:10:00,5995.0,coal_black,MW,nem,NSW1
2017-10-26 16:15:00,6016.0,coal_black,MW,nem,NSW1
2017-10-26 16:20:00,6030.0,coal_black,MW,nem,NSW1
2017-10-26 16:25:00,6053.0,coal_black,MW,nem,NSW1
2017-10-26 16:30:00,6019.0,coal_black,MW,nem,NSW1
2017-10-26 16:35:00,6036.0,coal_black,MW,nem,NSW1
2017-10-26 16:40:00,5996.0,coal_black,MW,nem,NSW1
2017-10-26 16:45:00,6019.0,coal_black,MW,nem,NSW1
2017-10-26 16:50:00,6062.0,coal_black,MW,nem,NSW1
2017-10-26 16:55:00,6033.0,coal_black,MW,nem,NSW1
2017-10-26 17:00:00,5993.0,coal_black,MW,nem,NSW1
2017-10-26 17:05:00,5990.0,coal_black,MW,nem,NSW1
2017-10-26 17:10:00,6043.0,coal_black,MW,nem,NSW1
2017-10-26 17:15:00,6056.0,coal_black,MW,nem,NSW1
2017-10-26 17:20:00,6078.0,coal_black,MW,nem,NSW1
2017-10-26 17:25:00,6109.0,coal_black,MW,nem,NSW1
2017-10-26 17:30:00,6085.0,coal_black,MW,nem,NSW1
2017-10-26 17:35:00,6109.0,coal_black,MW,nem,NSW1
2017-10-26 17:40:00,6087.0,coal_black,MW,nem,NSW1
2017-10-26 17:45:00,6104.0,coal_black,MW,nem,NSW1
2017-10-26 17:50:00,6092.0,coal_black,MW,nem,NSW1
2017-10-26 17:55:00,6069.0,coal_black,MW,nem,NSW1
2017-10-26 18:00:00,6080.0,coal_black,MW,nem,NSW1
2017-10-26 18:05:00,6119.0,coal_black,MW,nem,NSW1
2017-10-26 18:10:00,6108.0,coal_black,MW,nem,NSW1
2017-10-26 18:15:00,6080.0,coal_black,MW,nem,NSW1
2017-10-26 18:20:00,6083.0,coal_black,MW,nem,NSW1
2017-10-26 18:25:00,6074.0,coal_black,MW,nem,NSW1
2017-10-26 18:30:00,6083.0,coal_black,MW,nem,NSW1
2017-10-26 18:35:00,6100.0,coal_black,MW,nem,NSW1
2017-10-26 18:40:00,6095.0,coal_black,MW,nem,NSW1
2017-10-26 18:45:00,6091.0,coal_black,MW,nem,NSW1
2017-10-26 18:50:00,6100.0,coal_black,MW,nem,NSW1
2017-10-26 18:55:00,6082.0,coal_black,MW,nem,NSW1
2017-10-26 19:00:00,6116.0,coal_black,MW,nem,NSW1
2017-10-26 19:05:00,6088.0,coal_black,MW,nem,NSW1
2017-10-26 19:10:00,6102.0,coal_black,MW,nem,NSW1
2017-10-26 19:15:00,6080.0,coal_black,MW,nem,NSW1
2017-10-26 19:20:00,6109.0,coal_black,MW,nem,NSW1
2017-10-26 19:25:00,6071.0,coal_black,MW,nem,NSW1
2017-10-26 19:30:00,6048.0,coal_black,MW,nem,NSW1
2017-10-26 19:35:00,6009.0,coal_black,MW,nem,NSW1
2017-10-26 19:40:00,5999.0,coal_black,MW,nem,NSW1
2017-10-26 19:45:00,6000.0,coal_black,MW,nem,NSW1
2017-10-26 19:50:00,5970.0,coal_black,MW,nem,NSW1
2017-10-26 19:55:00,5961.0,coal_black,MW,nem,NSW1
2017-10-26 20:00:00,5972.0,coal_black,MW,nem,NSW1
2017-10-26 20:05:00,5962.0,coal_black,MW,nem,NSW1
2017-10-26 20:10:00,6021.0,coal_black,MW,nem,NSW1
2017-10-26 20:15:00,6005.0,coal_black,MW,nem,NSW1
2017-10-26 20:20:00,6006.0,coal_black,MW,nem,NSW1
2017-10-26 20:25:00,5971.0,coal_black,MW,nem,NSW1
2017-10-26 20:30:00,5890.0,coal_black,MW,nem,NSW1
2017-10-26 20:35:00,5882.0,coal_black,MW,nem,NSW1
2017-10-26 20:40:00,5861.0,coal_black,MW,nem,NSW1
2017-10-26 20:45:00,5895.0,coal_black,MW,nem,NSW1
2017-10-26 20:50:00,5911.0,coal_black,MW,nem,NSW1
2017-10-26 20:55:00,5909.0,coal_black,MW,nem,NSW1
2017-10-26 21:00:00,5869.0,coal_black,MW,nem,NSW1
2017-10-26 21:05:00,5905.0,coal_black,MW,nem,NSW1
2017-10-26 21:10:00,5919.0,coal_black,MW,nem,NSW1
2017-10-26 21:15:00,5943.0,coal_black,MW,nem,NSW1
2017-10-26 21:20:00,5933.0,coal_black,MW,nem,NSW1
2017-10-26 21:25:00,5922.0,coal_black,MW,nem,NSW1
2017-10-26 21:30:00,5916.0,coal_black,MW,nem,NSW1
2017-10-26 21:35:00,5875.0,coal_black,MW,nem,NSW1
2017-10-26 21:40:00,5858.0,coal_black,MW,nem,NSW1
2017-10-26 21:45:00,5852.0,coal_black,MW,nem,NSW1
2017-10-26 21:50:00,5857.0,coal_black,MW,nem,NSW1
2017-10-26 21:55:00,5875.0,coal_black,MW,nem,NSW1
2017-10-26 22:00:00,5861.0,coal_black,MW,nem,NSW1
2017-10-26 22:05:00,5885.0,coal_black,MW,nem,NSW1
2017-10-26 22:10:00,5920.0,coal_black,MW,nem,NSW1
2017-10-26 22:15:00,5906.0,coal_black,MW,nem,NSW1
2017-10-26 22:20:00,5926.0,coal_black,MW,nem,NSW1
2017-10-26 22:25:00,5903.0,coal_black,MW,nem,NSW1
2017-10-26 22:30:00,5895.0,coal_black,MW,nem,NSW1
2017-10-26 22:35:00,5938.0,coal_black,MW,nem,NSW1
2017-10-26 22:40:00,5960.0,coal_black,MW,nem,NSW1
2017-10-26 22:45:00,6001.0,coal_black,MW,nem,NSW1
2017-10-26 22:50:00,5998.0,coal_black,MW,nem,NSW1
2017-10-26 22:55:00,5933.0,coal_black,MW,nem,NSW1
2017-10-26 23:00:00,5977.0,coal_black,MW,nem,NSW1
2017-10-26 23:05:00,5978.0,coal_black,MW,nem,NSW1
2017-10-26 23:10:00,5971.0,coal_black,MW,nem,NSW1
2017-10-26 23:15:00,5958.0,coal_black,MW,nem,NSW1
2017-10-26 23:20:00,5953.0,coal_black,MW,nem,NSW1
2017-10-26 23:25:00,5936.0,coal_black,MW,nem,NSW1
2017-10-26 23:30:00,5897.0,coal_black,MW,nem,NSW1
2017-10-26 23:35:00,5924.0,coal_black,MW,nem,NSW1
2017-10-26 23:40:00,5938.0,coal_black,MW,nem,NSW1
2017-10-26 23:45:00,5846.0,coal_black,MW,nem,NSW1
2017-10-26 23:50:00,5802.0,coal_black,MW,nem,NSW1
2017-10-26 23:55:00,5702.0,coal_black,MW,nem,NSW1
2017-10-27 00:00:00,5682.0,coal_black,MW,nem,NSW1
2017-10-27 00:05:00,5626.0,coal_black,MW,nem,NSW1
2017-10-27 00:10:00,5577.0,coal_black,MW,nem,NSW1
2017-10-27 00:15:00,5519.0,coal_black,MW,nem,NSW1
2017-10-27 00:20:00,5458.0,coal_black,MW,nem,NSW1
2017-10-27 00:25:00,5381.0,coal_black,MW,nem,NSW1
2017-10-27 00:30:00,5331.0,coal_black,MW,nem,NSW1
2017-10-27 00:35:00,5258.0,coal_black,MW,nem,NSW1
2017-10-27 00:40:00,5292.0,coal_black,MW,nem,NSW1
2017-10-27 00:45:00,5257.0,coal_black,MW,nem,NSW1
2017-10-27 00:50:00,5239.0,coal_black,MW,nem,NSW1
2017-10-27 00:55:00,5199.0,coal_black,MW,nem,NSW1
2017-10-27 01:00:00,5147.0,coal_black,MW,nem,NSW1
2017-10-27 01:05:00,5056.0,coal_black,MW,nem,NSW1
2017-10-27 01:10:00,5025.0,coal_black,MW,nem,NSW1
2017-10-27 01:15:00,5028.0,coal_black,MW,nem,NSW1
2017-10-27 01:20:00,4985.0,coal_black,MW,nem,NSW1
2017-10-27 01:25:00,4923.0,coal_black,MW,nem,NSW1
2017-10-27 01:30:00,4872.0,coal_black,MW,nem,NSW1
2017-10-27 01:35:00,4808.0,coal_black,MW,nem,NSW1
2017-10-27 01:40:00,4748.0,coal_black,MW,nem,NSW1
2017-10-27 01:45:00,4708.0,coal_black,MW,nem,NSW1
2017-10-27 01:50:00,4631.0,coal_black,MW,nem,NSW1
2017-10-27 01:55:00,4622.0,coal_black,MW,nem,NSW1
2017-10-27 02:00:00,4600.0,coal_black,MW,nem,NSW1
2017-10-27 02:05:00,4582.0,coal_black,MW,nem,NSW1
2017-10-27 02:10:00,4526.0,coal_black,MW,nem,NSW1
2017-10-27 02:15:00,4501.0,coal_black,MW,nem,NSW1
2017-10-27 02:20:00,4493.0,coal_black,MW,nem,NSW1
2017-10-27 02:25:00,4485.0,coal_black,MW,nem,NSW1
2017-10-27 02:30:00,4487.0,coal_black,MW,nem,NSW1
2017-10-27 02:35:00,4528.0,coal_black,MW,nem,NSW1
2017-10-27 02:40:00,4570.0,coal_black,MW,nem,NSW1
2017-10-27 02:45:00,4495.0,coal_black,MW,nem,NSW1
2017-10-27 02:50:00,4589.0,coal_black,MW,nem,NSW1
2017-10-27 02:55:00,4515.0,coal_black,MW,nem,NSW1
2017-10-27 03:00:00,4506.0,coal_black,MW,nem,NSW1
2017-10-27 03:05:00,4499.0,coal_black,MW,nem,NSW1
2017-10-27 03:10:00,4583.0,coal_black,MW,nem,NSW1
2017-10-27 03:15:00,4526.0,coal_black,MW,nem,NSW1
2017-10-27 03:20:00,4500.0,coal_black,MW,nem,NSW1
2017-10-27 03:25:00,4484.0,coal_black,MW,nem,NSW1
2017-10-27 03:30:00,4419.0,coal_black,MW,nem,NSW1
2017-10-27 03:35:00,4462.0,coal_black,MW,nem,NSW1
2017-10-27 03:40:00,4500.0,coal_black,MW,nem,NSW1
2017-10-27 03:45:00,4461.0,coal_black,MW,nem,NSW1
2017-10-27 03:50:00,4527.0,coal_black,MW,nem,NSW1
2017-10-27 03:55:00,4529.0,coal_black,MW,nem,NSW1
2017-10-27 04:00:00,4536.0,coal_black,MW,nem,NSW1
2017-10-27 04:05:00,4537.0,coal_black,MW,nem,NSW1
2017-10-27 04:10:00,4581.0,coal_black,MW,nem,NSW1
2017-10-27 04:15:00,4585.0,coal_black,MW,nem,NSW1
2017-10-27 04:20:00,4653.0,coal_black,MW,nem,NSW1
2017-10-27 04:25:00,4645.0,coal_black,MW,nem,NSW1
2017-10-27 04:30:00,4694.0,coal_black,MW,nem,NSW1
2017-10-27 04:35:00,4722.0,coal_black,MW,nem,NSW1
2017-10-27 04:40:00,4694.0,coal_black,MW,nem,NSW1
2017-10-27 04:45:00,4717.0,coal_black,MW,nem,NSW1
2017-10-27 04:50:00,4791.0,coal_black,MW,nem,NSW1
2017-10-27 04:55:00,4851.0,coal_black,MW,nem,NSW1
2017-10-27 05:00:00,4922.0,coal_black,MW,nem,NSW1
2017-10-27 05:05:00,4959.0,coal_black,MW,nem,NSW1
2017-10-27 05:10:00,5077.0,coal_black,MW,nem,NSW1
2017-10-27 05:15:00,5144.0,coal_black,MW,nem,NSW1
2017-10-27 05:20:00,5215.0,coal_black,MW,nem,NSW1
2017-10-27 05:25:00,5342.0,coal_black,MW,nem,NSW1
2017-10-27 05:30:00,5419.0,coal_black,MW,nem,NSW1
2017-10-27 05:35:00,5503.0,coal_black,MW,nem,NSW1
2017-10-27 05:40:00,5550.0,coal_black,MW,nem,NSW1
2017-10-27 05:45:00,5611.0,coal_black,MW,nem,NSW1
2017-10-27 05:50:00,5660.0,coal_black,MW,nem,NSW1
2017-10-27 05:55:00,5716.0,coal_black,MW,nem,NSW1
2017-10-27 06:00:00,5770.0,coal_black,MW,nem,NSW1
2017-10-27 06:05:00,5857.0,coal_black,MW,nem,NSW1
2017-10-27 06:10:00,5904.0,coal_black,MW,nem,NSW1
2017-10-27 06:15:00,5900.0,coal_black,MW,nem,NSW1
2017-10-27 06:20:00,5919.0,coal_black,MW,nem,NSW1
2017-10-27 06:25:00,5901.0,coal_black,MW,nem,NSW1
2017-10-27 06:30:00,5953.0,coal_black,MW,nem,NSW1
2017-10-27 06:35:00,5989.0,coal_black,MW,nem,NSW1
2017-10-27 06:40:00,5925.0,coal_black,MW,nem,NSW1
2017-10-27 06:45:00,5948.0,coal_black,MW,nem,NSW1
2017-10-27 06:50:00,5965.0,coal_black,MW,nem,NSW1
2017-10-27 06:55:00,5982.0,coal_black,MW,nem,NSW1
2017-10-27 07:00:00,6000.0,coal_black,MW,nem,NSW1
2017-10-27 07:05:00,5972.0,coal_black,MW,nem,NSW1
2017-10-27 07:10:00,5923.0,coal_black,MW,nem,NSW1
2017-10-27 07:15:00,5914.0,coal_black,MW,nem,NSW1
2017-10-27 07:20:00,5892.0,coal_black,MW,nem,NSW1
2017-10-27 07:25:00,5893.0,coal_black,MW,nem,NSW1
2017-10-27 07:30:00,5922.0,coal_black,MW,nem,NSW1
2017-10-27 07:35:00,5884.0,coal_black,MW,nem,NSW1
2017-10-27 07:40:00,5889.0,coal_black,MW,nem,NSW1
2017-10-27 07:45:00,5899.0,coal_black,MW,nem,NSW1
2017-10-27 07:50:00,5901.0,coal_black,MW,nem,NSW1
2017-10-27 07:55:00,5918.0,coal_black,MW,nem,NSW1
2017-10-27 08:00:00,5928.0,coal_black,MW,nem,NSW1
2017-10-27 08:05:00,5923.0,coal_black,MW,nem,NSW1
2017-10-27 08:10:00,5881.0,coal_black,MW,nem,NSW1
2017-10-27 08:15:00,5898.0,coal_black,MW,nem,NSW1
2017-10-27 08:20:00,5910.0,coal_black,MW,nem,NSW1
2017-10-27 08:25:00,5922.0,coal_black,MW,nem,NSW1
2017-10-27 08:30:00,5872.0,coal_black,MW,nem,NSW1
2017-10-27 08:35:00,5936.0,coal_black,MW,nem,NSW1
2017-10-27 08:40:00,5968.0,coal_black,MW,nem,NSW1
2017-10-27 08:45:00,6021.0,coal_black,MW,nem,NSW1
2017-10-27 08:50:00,6013.0,coal_black,MW,nem,NSW1
2017-10-27 08:55:00,5995.0,coal_black,MW,nem,NSW1
2017-10-27 09:00:00,5932.0,coal_black,MW,nem,NSW1
2017-10-27 09:05:00,5898.0,coal_black,MW,nem,NSW1
2017-10-27 09:10:00,5928.0,coal_black,MW,nem,NSW1
2017-10-27 09:15:00,5961.0,coal_black,MW,nem,NSW1
2017-10-27 09:20:00,5944.0,coal_black,MW,nem,NSW1
2017-10-27 09:25:00,5941.0,coal_black,MW,nem,NSW1
2017-10-27 09:30:00,5948.0,coal_black,MW,nem,NSW1
2017-10-27 09:35:00,5932.0,coal_black,MW,nem,NSW1
2017-10-27 09:40:00,5929.0,coal_black,MW,nem,NSW1
2017-10-27 09:45:00,5934.0,coal_black,MW,nem,NSW1
2017-10-27 09:50:00,5914.0,coal_black,MW,nem,NSW1
2017-10-27 09:55:00,5902.0,coal_black,MW,nem,NSW1
2017-10-27 10:00:00,5838.0,coal_black,MW,nem,NSW1
2017-10-27 10:05:00,5858.0,coal_black,MW,nem,NSW1
2017-10-27 10:10:00,5855.0,coal_black,MW,nem,NSW1
2017-10-27 10:15:00,5861.0,coal_black,MW,nem,NSW1
2017-10-27 10:20:00,5821.0,coal_black,MW,nem,NSW1
2017-10-27 10:25:00,5812.0,coal_black,MW,nem,NSW1
2017-10-27 10:30:00,5872.0,coal_black,MW,nem,NSW1
2017-10-27 10:35:00,5885.0,coal_black,MW,nem,NSW1
2017-10-27 10:40:00,5851.0,coal_black,MW,nem,NSW1
2017-10-27 10:45:00,5788.0,coal_black,MW,nem,NSW1
2017-10-27 10:50:00,5727.0,coal_black,MW,nem,NSW1
2017-10-27 10:55:00,5659.0,coal_black,MW,nem,NSW1
2017-10-27 11:00:00,5604.0,coal_black,MW,nem,NSW1
2017-10-27 11:05:00,5619.0,coal_black,MW,nem,NSW1
2017-10-27 11:10:00,5697.0,coal_black,MW,nem,NSW1
2017-10-27 11:15:00,5772.0,coal_black,MW,nem,NSW1
2017-10-27 11:20:00,5832.0,coal_black,MW,nem,NSW1
2017-10-27 11:25:00,5826.0,coal_black,MW,nem,NSW1
2017-10-27 11:30:00,5819.0,coal_black,MW,nem,NSW1
2017-10-27 11:35:00,5783.0,coal_black,MW,nem,NSW1
2017-10-27 11:40:00,5799.0,coal_black,MW,nem,NSW1
2017-10-27 11:45:00,5813.0,coal_black,MW,nem,NSW1
2017-10-27 11:50:00,5794.0,coal_black,MW,nem,NSW1
2017-10-27 11:55:00,5865.0,coal_black,MW,nem,NSW1
2017-10-27 12:00:00,5871.0,coal_black,MW,nem,NSW1
2017-10-27 12:05:00,5878.0,coal_black,MW,nem,NSW1
2017-10-27 12:10:00,5871.0,coal_black,MW,nem,NSW1
2017-10-27 12:15:00,5892.0,coal_black,MW,nem,NSW1
2017-10-27 12:20:00,5928.0,coal_black,MW,nem,NSW1
2017-10-27 12:25:00,5891.0,coal_black,MW,nem,NSW1
2017-10-27 12:30:00,5913.0,coal_black,MW,nem,NSW1
2017-10-27 12:35:00,5870.0,coal_black,MW,nem,NSW1
2017-10-27 12:40:00,5877.0,coal_black,MW,nem,NSW1
2017-10-27 12:45:00,5952.0,coal_black,MW,nem,NSW1
2017-10-27 12:50:00,5908.0,coal_black,MW,nem,NSW1
2017-10-27 12:55:00,5880.0,coal_black,MW,nem,NSW1
2017-10-27 13:00:00,5885.0,coal_black,MW,nem,NSW1
2017-10-27 13:05:00,5907.0,coal_black,MW,nem,NSW1
2017-10-27 13:10:00,5827.0,coal_black,MW,nem,NSW1
2017-10-27 13:15:00,5773.0,coal_black,MW,nem,NSW1
2017-10-27 13:20:00,5832.0,coal_black,MW,nem,NSW1
2017-10-27 13:25:00,5886.0,coal_black,MW,nem,NSW1
2017-10-27 13:30:00,5899.0,coal_black,MW,nem,NSW1
2017-10-27 13:35:00,5857.0,coal_black,MW,nem,NSW1
2017-10-27 13:40:00,5930.0,coal_black,MW,nem,NSW1
2017-10-27 13:45:00,5970.0,coal_black,MW,nem,NSW1
2017-10-27 13:50:00,5990.0,coal_black,MW,nem,NSW1
2017-10-27 13:55:00,5935.0,coal_black,MW,nem,NSW1
2017-10-27 14:00:00,5957.0,coal_black,MW,nem,NSW1
2017-10-27 14:05:00,5973.0,coal_black,MW,nem,NSW1
2017-10-27 14:10:00,5944.0,coal_black,MW,nem,NSW1
2017-10-27 14:15:00,5927.0,coal_black,MW,nem,NSW1
2017-10-27 14:20:00,5853.0,coal_black,MW,nem,NSW1
2017-10-27 14:25:00,5966.0,coal_black,MW,nem,NSW1
2017-10-27 14:30:00,5970.0,coal_black,MW,nem,NSW1
2017-10-27 14:35:00,5927.0,coal_black,MW,nem,NSW1
2017-10-27 14:40:00,5926.0,coal_black,MW,nem,NSW1
2017-10-27 14:45:00,5997.0,coal_black,MW,nem,NSW1
2017-10-27 14:50:00,5997.0,coal_black,MW,nem,NSW1
2017-10-27 14:55:00,5970.0,coal_black,MW,nem,NSW1
2017-10-27 15:00:00,6022.0,coal_black,MW,nem,NSW1
2017-10-27 15:05:00,6074.0,coal_black,MW,nem,NSW1
2017-10-27 15:10:00,6083.0,coal_black,MW,nem,NSW1
2017-10-27 15:15:00,6130.0,coal_black,MW,nem,NSW1
2017-10-27 15:20:00,6064.0,coal_black,MW,nem,NSW1
2017-10-27 15:25:00,6115.0,coal_black,MW,nem,NSW1
2017-10-27 15:30:00,6153.0,coal_black,MW,nem,NSW1
2017-10-27 15:35:00,6175.0,coal_black,MW,nem,NSW1
2017-10-27 15:40:00,6174.0,coal_black,MW,nem,NSW1
2017-10-27 15:45:00,6208.0,coal_black,MW,nem,NSW1
2017-10-27 15:50:00,6230.0,coal_black,MW,nem,NSW1
2017-10-27 15:55:00,6220.0,coal_black,MW,nem,NSW1
2017-10-27 16:00:00,6221.0,coal_black,MW,nem,NSW1
2017-10-27 16:05:00,6189.0,coal_black,MW,nem,NSW1
2017-10-27 16:10:00,6214.0,coal_black,MW,nem,NSW1
2017-10-27 16:15:00,6225.0,coal_black,MW,nem,NSW1
2017-10-27 16:20:00,6247.0,coal_black,MW,nem,NSW1
2017-10-27 16:25:00,6168.0,coal_black,MW,nem,NSW1
2017-10-27 16:30:00,6202.0,coal_black,MW,nem,NSW1
2017-10-27 16:35:00,6215.0,coal_black,MW,nem,NSW1
2017-10-27 16:40:00,6177.0,coal_black,MW,nem,NSW1
2017-10-27 16:45:00,6185.0,coal_black,MW,nem,NSW1
2017-10-27 16:50:00,6162.0,coal_black,MW,nem,NSW1
2017-10-27 16:55:00,6188.0,coal_black,MW,nem,NSW1
2017-10-27 17:00:00,6196.0,coal_black,MW,nem,NSW1
2017-10-27 17:05:00,6205.0,coal_black,MW,nem,NSW1
2017-10-27 17:10:00,6181.0,coal_black,MW,nem,NSW1
2017-10-27 17:15:00,6161.0,coal_black,MW,nem,NSW1
2017-10-27 17:20:00,6090.0,coal_black,MW,nem,NSW1
2017-10-27 17:25:00,6034.0,coal_black,MW,nem,NSW1
2017-10-27 17:30:00,6020.0,coal_black,MW,nem,NSW1
2017-10-27 17:35:00,6082.0,coal_black,MW,nem,NSW1
2017-10-27 17:40:00,6096.0,coal_black,MW,nem,NSW1
2017-10-27 17:45:00,6108.0,coal_black,MW,nem,NSW1
2017-10-27 17:50:00,6134.0,coal_black,MW,nem,NSW1
2017-10-27 17:55:00,6163.0,coal_black,MW,nem,NSW1
2017-10-27 18:00:00,6149.0,coal_black,MW,nem,NSW1
2017-10-27 18:05:00,6089.0,coal_black,MW,nem,NSW1
2017-10-27 18:10:00,6078.0,coal_black,MW,nem,NSW1
2017-10-27 18:15:00,6053.0,coal_black,MW,nem,NSW1
2017-10-27 18:20:00,6074.0,coal_black,MW,nem,NSW1
2017-10-27 18:25:00,6134.0,coal_black,MW,nem,NSW1
2017-10-27 18:30:00,6181.0,coal_black,MW,nem,NSW1
2017-10-27 18:35:00,6168.0,coal_black,MW,nem,NSW1
2017-10-27 18:40:00,6224.0,coal_black,MW,nem,NSW1
2017-10-27 18:45:00,6227.0,coal_black,MW,nem,NSW1
2017-10-27 18:50:00,6172.0,coal_black,MW,nem,NSW1
2017-10-27 18:55:00,6119.0,coal_black,MW,nem,NSW1
2017-10-27 19:00:00,6142.0,coal_black,MW,nem,NSW1
2017-10-27 19:05:00,6176.0,coal_black,MW,nem,NSW1
2017-10-27 19:10:00,6232.0,coal_black,MW,nem,NSW1
2017-10-27 19:15:00,6262.0,coal_black,MW,nem,NSW1
2017-10-27 19:20:00,6191.0,coal_black,MW,nem,NSW1
2017-10-27 19:25:00,6099.0,coal_black,MW,nem,NSW1
2017-10-27 19:30:00,5977.0,coal_black,MW,nem,NSW1
2017-10-27 19:35:00,5914.0,coal_black,MW,nem,NSW1
2017-10-27 19:40:00,5898.0,coal_black,MW,nem,NSW1
2017-10-27 19:45:00,5882.0,coal_black,MW,nem,NSW1
2017-10-27 19:50:00,5874.0,coal_black,MW,nem,NSW1
2017-10-27 19:55:00,5830.0,coal_black,MW,nem,NSW1
2017-10-27 20:00:00,5827.0,coal_black,MW,nem,NSW1
2017-10-27 20:05:00,5788.0,coal_black,MW,nem,NSW1
2017-10-27 20:10:00,5809.0,coal_black,MW,nem,NSW1
2017-10-27 20:15:00,5765.0,coal_black,MW,nem,NSW1
2017-10-27 20:20:00,5693.0,coal_black,MW,nem,NSW1
2017-10-27 20:25:00,5593.0,coal_black,MW,nem,NSW1
2017-10-27 20:30:00,5547.0,coal_black,MW,nem,NSW1
2017-10-27 20:35:00,5489.0,coal_black,MW,nem,NSW1
2017-10-27 20:40:00,5445.0,coal_black,MW,nem,NSW1
2017-10-27 20:45:00,5454.0,coal_black,MW,nem,NSW1
2017-10-27 20:50:00,5438.0,coal_black,MW,nem,NSW1
2017-10-27 20:55:00,5307.0,coal_black,MW,nem,NSW1
2017-10-27 21:00:00,5275.0,coal_black,MW,nem,NSW1
2017-10-27 21:05:00,5241.0,coal_black,MW,nem,NSW1
2017-10-27 21:10:00,5187.0,coal_black,MW,nem,NSW1
2017-10-27 21:15:00,5197.0,coal_black,MW,nem,NSW1
2017-10-27 21:20:00,5178.0,coal_black,MW,nem,NSW1
2017-10-27 21:25:00,5128.0,coal_black,MW,nem,NSW1
2017-10-27 21:30:00,5064.0,coal_black,MW,nem,NSW1
2017-10-27 21:35:00,5064.0,coal_black,MW,nem,NSW1
2017-10-27 21:40:00,5103.0,coal_black,MW,nem,NSW1
2017-10-27 21:45:00,5153.0,coal_black,MW,nem,NSW1
2017-10-27 21:50:00,5158.0,coal_black,MW,nem,NSW1
2017-10-27 21:55:00,5123.0,coal_black,MW,nem,NSW1
2017-10-27 22:00:00,5039.0,coal_black,MW,nem,NSW1
2017-10-27 22:05:00,4993.0,coal_black,MW,nem,NSW1
2017-10-27 22:10:00,5080.0,coal_black,MW,nem,NSW1
2017-10-27 22:15:00,5210.0,coal_black,MW,nem,NSW1
2017-10-27 22:20:00,5281.0,coal_black,MW,nem,NSW1
2017-10-27 22:25:00,5340.0,coal_black,MW,nem,NSW1
2017-10-27 22:30:00,5322.0,coal_black,MW,nem,NSW1
2017-10-27 22:35:00,5412.0,coal_black,MW,nem,NSW1
2017-10-27 22:40:00,5403.0,coal_black,MW,nem,NSW1
2017-10-27 22:45:00,5365.0,coal_black,MW,nem,NSW1
2017-10-27 22:50:00,5393.0,coal_black,MW,nem,NSW1
2017-10-27 22:55:00,5361.0,coal_black,MW,nem,NSW1
2017-10-27 23:00:00,5310.0,coal_black,MW,nem,NSW1
2017-10-27 23:05:00,5264.0,coal_black,MW,nem,NSW1
2017-10-27 23:10:00,5294.0,coal_black,MW,nem,NSW1
2017-10-27 23:15:00,5337.0,coal_black,MW,nem,NSW1
2017-10-27 23:20:00,5381.0,coal_black,MW,nem,NSW1
2017-10-27 23:25:00,5350.0,coal_black,MW,nem,NSW1
2017-10-27 23:30:00,5331.0,coal_black,MW,nem,NSW1
2017-10-27 23:35:00,5266.0,coal_black,MW,nem,NSW1
2017-10-27 23:40:00,5217.0,coal_black,MW,nem,NSW1
2017-10-27 23:45:00,5190.0,coal_black,MW,nem,NSW1
2017-10-27 23:50:00,5151.0,coal_black,MW,nem,NSW1
2017-10-27 23:55:00,5072.0,coal_black,MW,nem,NSW1
2017-10-28 00:00:00,5057.0,coal_black,MW,nem,NSW1
2017-10-28 00:05:00,4947.0,coal_black,MW,nem,NSW1
2017-10-28 00:10:00,4912.0,coal_black,MW,nem,NSW1
2017-10-28 00:15:00,4859.0,coal_black,MW,nem,NSW1
2017-10-28 00:20:00,4818.0,coal_black,MW,nem,NSW1
2017-10-28 00:25:00,4782.0,coal_black,MW,nem,NSW1
2017-10-28 00:30:00,4759.0,coal_black,MW,nem,NSW1
2017-10-28 00:35:00,4731.0,coal_black,MW,nem,NSW1
2017-10-28 00:40:00,4680.0,coal_black,MW,nem,NSW1
2017-10-28 00:45:00,4715.0,coal_black,MW,nem,NSW1
2017-10-28 00:50:00,4743.0,coal_black,MW,nem,NSW1
2017-10-28 00:55:00,4715.0,coal_black,MW,nem,NSW1
2017-10-28 01:00:00,4729.0,coal_black,MW,nem,NSW1
2017-10-28 01:05:00,4690.0,coal_black,MW,nem,NSW1
2017-10-28 01:10:00,4584.0,coal_black,MW,nem,NSW1
2017-10-28 01:15:00,4589.0,coal_black,MW,nem,NSW1
2017-10-28 01:20:00,4573.0,coal_black,MW,nem,NSW1
2017-10-28 01:25:00,4523.0,coal_black,MW,nem,NSW1
2017-10-28 01:30:00,4503.0,coal_black,MW,nem,NSW1
2017-10-28 01:35:00,4447.0,coal_black,MW,nem,NSW1
2017-10-28 01:40:00,4437.0,coal_black,MW,nem,NSW1
2017-10-28 01:45:00,4514.0,coal_black,MW,nem,NSW1
2017-10-28 01:50:00,4492.0,coal_black,MW,nem,NSW1
2017-10-28 01:55:00,4414.0,coal_black,MW,nem,NSW1
2017-10-28 02:00:00,4365.0,coal_black,MW,nem,NSW1
2017-10-28 02:05:00,4336.0,coal_black,MW,nem,NSW1
2017-10-28 02:10:00,4298.0,coal_black,MW,nem,NSW1
2017-10-28 02:15:00,4212.0,coal_black,MW,nem,NSW1
2017-10-28 02:20:00,4200.0,coal_black,MW,nem,NSW1
2017-10-28 02:25:00,4164.0,coal_black,MW,nem,NSW1
2017-10-28 02:30:00,4112.0,coal_black,MW,nem,NSW1
2017-10-28 02:35:00,4094.0,coal_black,MW,nem,NSW1
2017-10-28 02:40:00,4091.0,coal_black,MW,nem,NSW1
2017-10-28 02:45:00,4087.0,coal_black,MW,nem,NSW1
2017-10-28 02:50:00,4052.0,coal_black,MW,nem,NSW1
2017-10-28 02:55:00,4101.0,coal_black,MW,nem,NSW1
2017-10-28 03:00:00,4057.0,coal_black,MW,nem,NSW1
2017-10-28 03:05:00,4030.0,coal_black,MW,nem,NSW1
2017-10-28 03:10:00,4029.0,coal_black,MW,nem,NSW1
2017-10-28 03:15:00,4020.0,coal_black,MW,nem,NSW1
2017-10-28 03:20:00,4028.0,coal_black,MW,nem,NSW1
2017-10-28 03:25:00,4032.0,coal_black,MW,nem,NSW1
2017-10-28 03:30:00,4034.0,coal_black,MW,nem,NSW1
2017-10-28 03:35:00,4053.0,coal_black,MW,nem,NSW1
2017-10-28 03:40:00,4051.0,coal_black,MW,nem,NSW1
2017-10-28 03:45:00,4045.0,coal_black,MW,nem,NSW1
2017-10-28 03:50:00,4041.0,coal_black,MW,nem,NSW1
2017-10-28 03:55:00,4037.0,coal_black,MW,nem,NSW1
2017-10-28 04:00:00,4057.0,coal_black,MW,nem,NSW1
2017-10-28 04:05:00,4083.0,coal_black,MW,nem,NSW1
2017-10-28 04:10:00,4133.0,coal_black,MW,nem,NSW1
2017-10-28 04:15:00,4161.0,coal_black,MW,nem,NSW1
2017-10-28 04:20:00,4241.0,coal_black,MW,nem,NSW1
2017-10-28 04:25:00,4248.0,coal_black,MW,nem,NSW1
2017-10-28 04:30:00,4299.0,coal_black,MW,nem,NSW1
2017-10-28 04:35:00,4374.0,coal_black,MW,nem,NSW1
2017-10-28 04:40:00,4364.0,coal_black,MW,nem,NSW1
2017-10-28 04:45:00,4346.0,coal_black,MW,nem,NSW1
2017-10-28 04:50:00,4387.0,coal_black,MW,nem,NSW1
2017-10-28 04:55:00,4330.0,coal_black,MW,nem,NSW1
2017-10-28 05:00:00,4327.0,coal_black,MW,nem,NSW1
2017-10-28 05:05:00,4375.0,coal_black,MW,nem,NSW1
2017-10-28 05:10:00,4403.0,coal_black,MW,nem,NSW1
2017-10-28 05:15:00,4498.0,coal_black,MW,nem,NSW1
2017-10-28 05:20:00,4544.0,coal_black,MW,nem,NSW1
2017-10-28 05:25:00,4575.0,coal_black,MW,nem,NSW1
2017-10-28 05:30:00,4563.0,coal_black,MW,nem,NSW1
2017-10-28 05:35:00,4562.0,coal_black,MW,nem,NSW1
2017-10-28 05:40:00,4560.0,coal_black,MW,nem,NSW1
2017-10-28 05:45:00,4684.0,coal_black,MW,nem,NSW1
2017-10-28 05:50:00,4752.0,coal_black,MW,nem,NSW1
2017-10-28 05:55:00,4705.0,coal_black,MW,nem,NSW1
2017-10-28 06:00:00,4724.0,coal_black,MW,nem,NSW1
2017-10-28 06:05:00,4797.0,coal_black,MW,nem,NSW1
2017-10-28 06:10:00,4839.0,coal_black,MW,nem,NSW1
2017-10-28 06:15:00,4885.0,coal_black,MW,nem,NSW1
2017-10-28 06:20:00,4923.0,coal_black,MW,nem,NSW1
2017-10-28 06:25:00,4980.0,coal_black,MW,nem,NSW1
2017-10-28 06:30:00,5046.0,coal_black,MW,nem,NSW1
2017-10-28 06:35:00,5041.0,coal_black,MW,nem,NSW1
2017-10-28 06:40:00,5098.0,coal_black,MW,nem,NSW1
2017-10-28 06:45:00,5166.0,coal_black,MW,nem,NSW1
2017-10-28 06:50:00,5227.0,coal_black,MW,nem,NSW1
2017-10-28 06:55:00,5285.0,coal_black,MW,nem,NSW1
2017-10-28 07:00:00,5426.0,coal_black,MW,nem,NSW1
2017-10-28 07:05:00,5447.0,coal_black,MW,nem,NSW1
2017-10-28 07:10:00,5433.0,coal_black,MW,nem,NSW1
2017-10-28 07:15:00,5441.0,coal_black,MW,nem,NSW1
2017-10-28 07:20:00,5449.0,coal_black,MW,nem,NSW1
2017-10-28 07:25:00,5493.0,coal_black,MW,nem,NSW1
2017-10-28 07:30:00,5509.0,coal_black,MW,nem,NSW1
2017-10-28 07:35:00,5537.0,coal_black,MW,nem,NSW1
2017-10-28 07:40:00,5578.0,coal_black,MW,nem,NSW1
2017-10-28 07:45:00,5577.0,coal_black,MW,nem,NSW1
2017-10-28 07:50:00,5619.0,coal_black,MW,nem,NSW1
2017-10-28 07:55:00,5619.0,coal_black,MW,nem,NSW1
2017-10-28 08:00:00,5631.0,coal_black,MW,nem,NSW1
2017-10-28 08:05:00,5624.0,coal_black,MW,nem,NSW1
2017-10-28 08:10:00,5582.0,coal_black,MW,nem,NSW1
2017-10-28 08:15:00,5560.0,coal_black,MW,nem,NSW1
2017-10-28 08:20:00,5526.0,coal_black,MW,nem,NSW1
2017-10-28 08:25:00,5552.0,coal_black,MW,nem,NSW1
2017-10-28 08:30:00,5596.0,coal_black,MW,nem,NSW1
2017-10-28 08:35:00,5578.0,coal_black,MW,nem,NSW1
2017-10-28 08:40:00,5572.0,coal_black,MW,nem,NSW1
2017-10-28 08:45:00,5508.0,coal_black,MW,nem,NSW1
2017-10-28 08:50:00,5453.0,coal_black,MW,nem,NSW1
2017-10-28 08:55:00,5500.0,coal_black,MW,nem,NSW1
2017-10-28 09:00:00,5514.0,coal_black,MW,nem,NSW1
2017-10-28 09:05:00,5524.0,coal_black,MW,nem,NSW1
2017-10-28 09:10:00,5488.0,coal_black,MW,nem,NSW1
2017-10-28 09:15:00,5492.0,coal_black,MW,nem,NSW1
2017-10-28 09:20:00,5481.0,coal_black,MW,nem,NSW1
2017-10-28 09:25:00,5535.0,coal_black,MW,nem,NSW1
2017-10-28 09:30:00,5556.0,coal_black,MW,nem,NSW1
2017-10-28 09:35:00,5549.0,coal_black,MW,nem,NSW1
2017-10-28 09:40:00,5530.0,coal_black,MW,nem,NSW1
2017-10-28 09:45:00,5498.0,coal_black,MW,nem,NSW1
2017-10-28 09:50:00,5520.0,coal_black,MW,nem,NSW1
2017-10-28 09:55:00,5520.0,coal_black,MW,nem,NSW1
2017-10-28 10:00:00,5545.0,coal_black,MW,nem,NSW1
2017-10-28 10:05:00,5548.0,coal_black,MW,nem,NSW1
2017-10-28 10:10:00,5526.0,coal_black,MW,nem,NSW1
2017-10-28 10:15:00,5561.0,coal_black,MW,nem,NSW1
2017-10-28 10:20:00,5522.0,coal_black,MW,nem,NSW1
2017-10-28 10:25:00,5517.0,coal_black,MW,nem,NSW1
2017-10-28 10:30:00,5499.0,coal_black,MW,nem,NSW1
2017-10-28 10:35:00,5466.0,coal_black,MW,nem,NSW1
2017-10-28 10:40:00,5445.0,coal_black,MW,nem,NSW1
2017-10-28 10:45:00,5460.0,coal_black,MW,nem,NSW1
2017-10-28 10:50:00,5475.0,coal_black,MW,nem,NSW1
2017-10-28 10:55:00,5458.0,coal_black,MW,nem,NSW1
2017-10-28 11:00:00,5441.0,coal_black,MW,nem,NSW1
2017-10-28 11:05:00,5380.0,coal_black,MW,nem,NSW1
2017-10-28 11:10:00,5390.0,coal_black,MW,nem,NSW1
2017-10-28 11:15:00,5410.0,coal_black,MW,nem,NSW1
2017-10-28 11:20:00,5427.0,coal_black,MW,nem,NSW1
2017-10-28 11:25:00,5432.0,coal_black,MW,nem,NSW1
2017-10-28 11:30:00,5470.0,coal_black,MW,nem,NSW1
2017-10-28 11:35:00,5493.0,coal_black,MW,nem,NSW1
2017-10-28 11:40:00,5533.0,coal_black,MW,nem,NSW1
2017-10-28 11:45:00,5537.0,coal_black,MW,nem,NSW1
2017-10-28 11:50:00,5564.0,coal_black,MW,nem,NSW1
2017-10-28 11:55:00,5561.0,coal_black,MW,nem,NSW1
2017-10-28 12:00:00,5589.0,coal_black,MW,nem,NSW1
2017-10-28 12:05:00,5567.0,coal_black,MW,nem,NSW1
2017-10-28 12:10:00,5557.0,coal_black,MW,nem,NSW1
2017-10-28 12:15:00,5559.0,coal_black,MW,nem,NSW1
2017-10-28 12:20:00,5547.0,coal_black,MW,nem,NSW1
2017-10-28 12:25:00,5533.0,coal_black,MW,nem,NSW1
2017-10-28 12:30:00,5497.0,coal_black,MW,nem,NSW1
2017-10-28 12:35:00,5497.0,coal_black,MW,nem,NSW1
2017-10-28 12:40:00,5450.0,coal_black,MW,nem,NSW1
2017-10-28 12:45:00,5536.0,coal_black,MW,nem,NSW1
2017-10-28 12:50:00,5539.0,coal_black,MW,nem,NSW1
2017-10-28 12:55:00,5566.0,coal_black,MW,nem,NSW1
2017-10-28 13:00:00,5555.0,coal_black,MW,nem,NSW1
2017-10-28 13:05:00,5572.0,coal_black,MW,nem,NSW1
2017-10-28 13:10:00,5563.0,coal_black,MW,nem,NSW1
2017-10-28 13:15:00,5536.0,coal_black,MW,nem,NSW1
2017-10-28 13:20:00,5571.0,coal_black,MW,nem,NSW1
2017-10-28 13:25:00,5483.0,coal_black,MW,nem,NSW1
2017-10-28 13:30:00,5484.0,coal_black,MW,nem,NSW1
2017-10-28 13:35:00,5525.0,coal_black,MW,nem,NSW1
2017-10-28 13:40:00,5537.0,coal_black,MW,nem,NSW1
2017-10-28 13:45:00,5556.0,coal_black,MW,nem,NSW1
2017-10-28 13:50:00,5524.0,coal_black,MW,nem,NSW1
2017-10-28 13:55:00,5559.0,coal_black,MW,nem,NSW1
2017-10-28 14:00:00,5548.0,coal_black,MW,nem,NSW1
2017-10-28 14:05:00,5573.0,coal_black,MW,nem,NSW1
2017-10-28 14:10:00,5507.0,coal_black,MW,nem,NSW1
2017-10-28 14:15:00,5508.0,coal_black,MW,nem,NSW1
2017-10-28 14:20:00,5573.0,coal_black,MW,nem,NSW1
2017-10-28 14:25:00,5584.0,coal_black,MW,nem,NSW1
2017-10-28 14:30:00,5592.0,coal_black,MW,nem,NSW1
2017-10-28 14:35:00,5601.0,coal_black,MW,nem,NSW1
2017-10-28 14:40:00,5590.0,coal_black,MW,nem,NSW1
2017-10-28 14:45:00,5598.0,coal_black,MW,nem,NSW1
2017-10-28 14:50:00,5613.0,coal_black,MW,nem,NSW1
2017-10-28 14:55:00,5562.0,coal_black,MW,nem,NSW1
2017-10-28 15:00:00,5650.0,coal_black,MW,nem,NSW1
2017-10-28 15:05:00,5698.0,coal_black,MW,nem,NSW1
2017-10-28 15:10:00,5621.0,coal_black,MW,nem,NSW1
2017-10-28 15:15:00,5680.0,coal_black,MW,nem,NSW1
2017-10-28 15:20:00,5697.0,coal_black,MW,nem,NSW1
2017-10-28 15:25:00,5677.0,coal_black,MW,nem,NSW1
2017-10-28 15:30:00,5664.0,coal_black,MW,nem,NSW1
2017-10-28 15:35:00,5707.0,coal_black,MW,nem,NSW1
2017-10-28 15:40:00,5630.0,coal_black,MW,nem,NSW1
2017-10-28 15:45:00,5592.0,coal_black,MW,nem,NSW1
2017-10-28 15:50:00,5565.0,coal_black,MW,nem,NSW1
2017-10-28 15:55:00,5614.0,coal_black,MW,nem,NSW1
2017-10-28 16:00:00,5627.0,coal_black,MW,nem,NSW1
2017-10-28 16:05:00,5657.0,coal_black,MW,nem,NSW1
2017-10-28 16:10:00,5675.0,coal_black,MW,nem,NSW1
2017-10-28 16:15:00,5661.0,coal_black,MW,nem,NSW1
2017-10-28 16:20:00,5634.0,coal_black,MW,nem,NSW1
2017-10-28 16:25:00,5642.0,coal_black,MW,nem,NSW1
2017-10-28 16:30:00,5664.0,coal_black,MW,nem,NSW1
2017-10-28 16:35:00,5765.0,coal_black,MW,nem,NSW1
2017-10-28 16:40:00,5730.0,coal_black,MW,nem,NSW1
2017-10-28 16:45:00,5739.0,coal_black,MW,nem,NSW1
2017-10-28 16:50:00,5739.0,coal_black,MW,nem,NSW1
2017-10-28 16:55:00,5747.0,coal_black,MW,nem,NSW1
2017-10-28 17:00:00,5720.0,coal_black,MW,nem,NSW1
2017-10-28 17:05:00,5729.0,coal_black,MW,nem,NSW1
2017-10-28 17:10:00,5758.0,coal_black,MW,nem,NSW1
2017-10-28 17:15:00,5782.0,coal_black,MW,nem,NSW1
2017-10-28 17:20:00,5733.0,coal_black,MW,nem,NSW1
2017-10-28 17:25:00,5764.0,coal_black,MW,nem,NSW1
2017-10-28 17:30:00,5762.0,coal_black,MW,nem,NSW1
2017-10-28 17:35:00,5757.0,coal_black,MW,nem,NSW1
2017-10-28 17:40:00,5768.0,coal_black,MW,nem,NSW1
2017-10-28 17:45:00,5766.0,coal_black,MW,nem,NSW1
2017-10-28 17:50:00,5762.0,coal_black,MW,nem,NSW1
2017-10-28 17:55:00,5749.0,coal_black,MW,nem,NSW1
2017-10-28 18:00:00,5756.0,coal_black,MW,nem,NSW1
2017-10-28 18:05:00,5705.0,coal_black,MW,nem,NSW1
2017-10-28 18:10:00,5721.0,coal_black,MW,nem,NSW1
2017-10-28 18:15:00,5738.0,coal_black,MW,nem,NSW1
2017-10-28 18:20:00,5761.0,coal_black,MW,nem,NSW1
2017-10-28 18:25:00,5746.0,coal_black,MW,nem,NSW1
2017-10-28 18:30:00,5760.0,coal_black,MW,nem,NSW1
2017-10-28 18:35:00,5768.0,coal_black,MW,nem,NSW1
2017-10-28 18:40:00,5762.0,coal_black,MW,nem,NSW1
2017-10-28 18:45:00,5767.0,coal_black,MW,nem,NSW1
2017-10-28 18:50:00,5752.0,coal_black,MW,nem,NSW1
2017-10-28 18:55:00,5749.0,coal_black,MW,nem,NSW1
2017-10-28 19:00:00,5759.0,coal_black,MW,nem,NSW1
2017-10-28 19:05:00,5761.0,coal_black,MW,nem,NSW1
2017-10-28 19:10:00,5781.0,coal_black,MW,nem,NSW1
2017-10-28 19:15:00,5769.0,coal_black,MW,nem,NSW1
2017-10-28 19:20:00,5774.0,coal_black,MW,nem,NSW1
2017-10-28 19:25:00,5773.0,coal_black,MW,nem,NSW1
2017-10-28 19:30:00,5769.0,coal_black,MW,nem,NSW1
2017-10-28 19:35:00,5758.0,coal_black,MW,nem,NSW1
2017-10-28 19:40:00,5722.0,coal_black,MW,nem,NSW1
2017-10-28 19:45:00,5715.0,coal_black,MW,nem,NSW1
2017-10-28 19:50:00,5697.0,coal_black,MW,nem,NSW1
2017-10-28 19:55:00,5738.0,coal_black,MW,nem,NSW1
2017-10-28 20:00:00,5718.0,coal_black,MW,nem,NSW1
2017-10-28 20:05:00,5705.0,coal_black,MW,nem,NSW1
2017-10-28 20:10:00,5721.0,coal_black,MW,nem,NSW1
2017-10-28 20:15:00,5710.0,coal_black,MW,nem,NSW1
2017-10-28 20:20:00,5691.0,coal_black,MW,nem,NSW1
2017-10-28 20:25:00,5646.0,coal_black,MW,nem,NSW1
2017-10-28 20:30:00,5650.0,coal_black,MW,nem,NSW1
2017-10-28 20:35:00,5652.0,coal_black,MW,nem,NSW1
2017-10-28 20:40:00,5682.0,coal_black,MW,nem,NSW1
2017-10-28 20:45:00,5672.0,coal_black,MW,nem,NSW1
2017-10-28 20:50:00,5707.0,coal_black,MW,nem,NSW1
2017-10-28 20:55:00,5671.0,coal_black,MW,nem,NSW1
2017-10-28 21:00:00,5661.0,coal_black,MW,nem,NSW1
2017-10-28 21:05:00,5572.0,coal_black,MW,nem,NSW1
2017-10-28 21:10:00,5592.0,coal_black,MW,nem,NSW1
2017-10-28 21:15:00,5611.0,coal_black,MW,nem,NSW1
2017-10-28 21:20:00,5639.0,coal_black,MW,nem,NSW1
2017-10-28 21:25:00,5609.0,coal_black,MW,nem,NSW1
2017-10-28 21:30:00,5593.0,coal_black,MW,nem,NSW1
2017-10-28 21:35:00,5570.0,coal_black,MW,nem,NSW1
2017-10-28 21:40:00,5626.0,coal_black,MW,nem,NSW1
2017-10-28 21:45:00,5617.0,coal_black,MW,nem,NSW1
2017-10-28 21:50:00,5617.0,coal_black,MW,nem,NSW1
2017-10-28 21:55:00,5564.0,coal_black,MW,nem,NSW1
2017-10-28 22:00:00,5524.0,coal_black,MW,nem,NSW1
2017-10-28 22:05:00,5493.0,coal_black,MW,nem,NSW1
2017-10-28 22:10:00,5555.0,coal_black,MW,nem,NSW1
2017-10-28 22:15:00,5612.0,coal_black,MW,nem,NSW1
2017-10-28 22:20:00,5647.0,coal_black,MW,nem,NSW1
2017-10-28 22:25:00,5602.0,coal_black,MW,nem,NSW1
2017-10-28 22:30:00,5557.0,coal_black,MW,nem,NSW1
2017-10-28 22:35:00,5530.0,coal_black,MW,nem,NSW1
2017-10-28 22:40:00,5589.0,coal_black,MW,nem,NSW1
2017-10-28 22:45:00,5640.0,coal_black,MW,nem,NSW1
2017-10-28 22:50:00,5630.0,coal_black,MW,nem,NSW1
2017-10-28 22:55:00,5632.0,coal_black,MW,nem,NSW1
2017-10-28 23:00:00,5597.0,coal_black,MW,nem,NSW1
2017-10-28 23:05:00,5507.0,coal_black,MW,nem,NSW1
2017-10-28 23:10:00,5556.0,coal_black,MW,nem,NSW1
2017-10-28 23:15:00,5588.0,coal_black,MW,nem,NSW1
2017-10-28 23:20:00,5617.0,coal_black,MW,nem,NSW1
2017-10-28 23:25:00,5645.0,coal_black,MW,nem,NSW1
2017-10-28 23:30:00,5631.0,coal_black,MW,nem,NSW1
2017-10-28 23:35:00,5568.0,coal_black,MW,nem,NSW1
2017-10-28 23:40:00,5570.0,coal_black,MW,nem,NSW1
2017-10-28 23:45:00,5636.0,coal_black,MW,nem,NSW1
2017-10-28 23:50:00,5603.0,coal_black,MW,nem,NSW1
2017-10-28 23:55:00,5532.0,coal_black,MW,nem,NSW1
2017-10-29 00:00:00,5473.0,coal_black,MW,nem,NSW1
2017-10-29 00:05:00,5452.0,coal_black,MW,nem,NSW1
2017-10-29 00:10:00,5340.0,coal_black,MW,nem,NSW1
2017-10-29 00:15:00,5310.0,coal_black,MW,nem,NSW1
2017-10-29 00:20:00,5218.0,coal_black,MW,nem,NSW1
2017-10-29 00:25:00,5123.0,coal_black,MW,nem,NSW1
2017-10-29 00:30:00,5058.0,coal_black,MW,nem,NSW1
2017-10-29 00:35:00,4995.0,coal_black,MW,nem,NSW1
2017-10-29 00:40:00,4920.0,coal_black,MW,nem,NSW1
2017-10-29 00:45:00,4873.0,coal_black,MW,nem,NSW1
2017-10-29 00:50:00,4783.0,coal_black,MW,nem,NSW1
2017-10-29 00:55:00,4729.0,coal_black,MW,nem,NSW1
2017-10-29 01:00:00,4654.0,coal_black,MW,nem,NSW1
2017-10-29 01:05:00,4588.0,coal_black,MW,nem,NSW1
2017-10-29 01:10:00,4567.0,coal_black,MW,nem,NSW1
2017-10-29 01:15:00,4508.0,coal_black,MW,nem,NSW1
2017-10-29 01:20:00,4458.0,coal_black,MW,nem,NSW1
2017-10-29 01:25:00,4429.0,coal_black,MW,nem,NSW1
2017-10-29 01:30:00,4341.0,coal_black,MW,nem,NSW1
2017-10-29 01:35:00,4291.0,coal_black,MW,nem,NSW1
2017-10-29 01:40:00,4238.0,coal_black,MW,nem,NSW1
2017-10-29 01:45:00,4235.0,coal_black,MW,nem,NSW1
2017-10-29 01:50:00,4180.0,coal_black,MW,nem,NSW1
2017-10-29 01:55:00,4127.0,coal_black,MW,nem,NSW1
2017-10-29 02:00:00,4135.0,coal_black,MW,nem,NSW1
2017-10-29 02:05:00,4058.0,coal_black,MW,nem,NSW1
2017-10-29 02:10:00,4100.0,coal_black,MW,nem,NSW1
2017-10-29 02:15:00,4091.0,coal_black,MW,nem,NSW1
2017-10-29 02:20:00,4078.0,coal_black,MW,nem,NSW1
2017-10-29 02:25:00,4046.0,coal_black,MW,nem,NSW1
2017-10-29 02:30:00,4016.0,coal_black,MW,nem,NSW1
2017-10-29 02:35:00,3950.0,coal_black,MW,nem,NSW1
2017-10-29 02:40:00,3864.0,coal_black,MW,nem,NSW1
2017-10-29 02:45:00,3794.0,coal_black,MW,nem,NSW1
2017-10-29 02:50:00,3766.0,coal_black,MW,nem,NSW1
2017-10-29 02:55:00,3779.0,coal_black,MW,nem,NSW1
2017-10-29 03:00:00,3782.0,coal_black,MW,nem,NSW1
2017-10-29 03:05:00,3735.0,coal_black,MW,nem,NSW1
2017-10-29 03:10:00,3731.0,coal_black,MW,nem,NSW1
2017-10-29 03:15:00,3678.0,coal_black,MW,nem,NSW1
2017-10-29 03:20:00,3705.0,coal_black,MW,nem,NSW1
2017-10-29 03:25:00,3668.0,coal_black,MW,nem,NSW1
2017-10-29 03:30:00,3601.0,coal_black,MW,nem,NSW1
2017-10-29 03:35:00,3552.0,coal_black,MW,nem,NSW1
2017-10-29 03:40:00,3626.0,coal_black,MW,nem,NSW1
2017-10-29 03:45:00,3677.0,coal_black,MW,nem,NSW1
2017-10-29 03:50:00,3660.0,coal_black,MW,nem,NSW1
2017-10-29 03:55:00,3637.0,coal_black,MW,nem,NSW1
2017-10-29 04:00:00,3620.0,coal_black,MW,nem,NSW1
2017-10-29 04:05:00,3685.0,coal_black,MW,nem,NSW1
2017-10-29 04:10:00,3678.0,coal_black,MW,nem,NSW1
2017-10-29 04:15:00,3634.0,coal_black,MW,nem,NSW1
2017-10-29 04:20:00,3621.0,coal_black,MW,nem,NSW1
2017-10-29 04:25:00,3611.0,coal_black,MW,nem,NSW1
2017-10-29 04:30:00,3612.0,coal_black,MW,nem,NSW1
2017-10-29 04:35:00,3646.0,coal_black,MW,nem,NSW1
2017-10-29 04:40:00,3590.0,coal_black,MW,nem,NSW1
2017-10-29 04:45:00,3557.0,coal_black,MW,nem,NSW1
2017-10-29 04:50:00,3609.0,coal_black,MW,nem,NSW1
2017-10-29 04:55:00,3575.0,coal_black,MW,nem,NSW1
2017-10-29 05:00:00,3545.0,coal_black,MW,nem,NSW1
2017-10-29 05:05:00,3571.0,coal_black,MW,nem,NSW1
2017-10-29 05:10:00,3544.0,coal_black,MW,nem,NSW1
2017-10-29 05:15:00,3466.0,coal_black,MW,nem,NSW1
2017-10-29 05:20:00,3431.0,coal_black,MW,nem,NSW1
2017-10-29 05:25:00,3368.0,coal_black,MW,nem,NSW1
2017-10-29 05:30:00,3368.0,coal_black,MW,nem,NSW1
2017-10-29 05:35:00,3392.0,coal_black,MW,nem,NSW1
2017-10-29 05:40:00,3386.0,coal_black,MW,nem,NSW1
2017-10-29 05:45:00,3507.0,coal_black,MW,nem,NSW1
2017-10-29 05:50:00,3570.0,coal_black,MW,nem,NSW1
2017-10-29 05:55:00,3616.0,coal_black,MW,nem,NSW1
2017-10-29 06:00:00,3618.0,coal_black,MW,nem,NSW1
2017-10-29 06:05:00,3644.0,coal_black,MW,nem,NSW1
2017-10-29 06:10:00,3770.0,coal_black,MW,nem,NSW1
2017-10-29 06:15:00,3871.0,coal_black,MW,nem,NSW1
2017-10-29 06:20:00,3907.0,coal_black,MW,nem,NSW1
2017-10-29 06:25:00,4017.0,coal_black,MW,nem,NSW1
2017-10-29 06:30:00,3990.0,coal_black,MW,nem,NSW1
2017-10-29 06:35:00,4045.0,coal_black,MW,nem,NSW1
2017-10-29 06:40:00,4066.0,coal_black,MW,nem,NSW1
2017-10-29 06:45:00,4100.0,coal_black,MW,nem,NSW1
2017-10-29 06:50:00,4158.0,coal_black,MW,nem,NSW1
2017-10-29 06:55:00,4235.0,coal_black,MW,nem,NSW1
2017-10-29 07:00:00,4232.0,coal_black,MW,nem,NSW1
2017-10-29 07:05:00,4343.0,coal_black,MW,nem,NSW1
2017-10-29 07:10:00,4340.0,coal_black,MW,nem,NSW1
2017-10-29 07:15:00,4347.0,coal_black,MW,nem,NSW1
2017-10-29 07:20:00,4354.0,coal_black,MW,nem,NSW1
2017-10-29 07:25:00,4404.0,coal_black,MW,nem,NSW1
2017-10-29 07:30:00,4369.0,coal_black,MW,nem,NSW1
2017-10-29 07:35:00,4324.0,coal_black,MW,nem,NSW1
2017-10-29 07:40:00,4342.0,coal_black,MW,nem,NSW1
2017-10-29 07:45:00,4392.0,coal_black,MW,nem,NSW1
2017-10-29 07:50:00,4363.0,coal_black,MW,nem,NSW1
2017-10-29 07:55:00,4395.0,coal_black,MW,nem,NSW1
2017-10-29 08:00:00,4439.0,coal_black,MW,nem,NSW1
2017-10-29 08:05:00,4435.0,coal_black,MW,nem,NSW1
2017-10-29 08:10:00,4440.0,coal_black,MW,nem,NSW1
2017-10-29 08:15:00,4418.0,coal_black,MW,nem,NSW1
2017-10-29 08:20:00,4425.0,coal_black,MW,nem,NSW1
2017-10-29 08:25:00,4412.0,coal_black,MW,nem,NSW1
2017-10-29 08:30:00,4418.0,coal_black,MW,nem,NSW1
2017-10-29 08:35:00,4399.0,coal_black,MW,nem,NSW1
2017-10-29 08:40:00,4473.0,coal_black,MW,nem,NSW1
2017-10-29 08:45:00,4504.0,coal_black,MW,nem,NSW1
2017-10-29 08:50:00,4570.0,coal_black,MW,nem,NSW1
2017-10-29 08:55:00,4638.0,coal_black,MW,nem,NSW1
2017-10-29 09:00:00,4645.0,coal_black,MW,nem,NSW1
2017-10-29 09:05:00,4646.0,coal_black,MW,nem,NSW1
2017-10-29 09:10:00,4680.0,coal_black,MW,nem,NSW1
2017-10-29 09:15:00,4712.0,coal_black,MW,nem,NSW1
2017-10-29 09:20:00,4733.0,coal_black,MW,nem,NSW1
2017-10-29 09:25:00,4716.0,coal_black,MW,nem,NSW1
2017-10-29 09:30:00,4681.0,coal_black,MW,nem,NSW1
2017-10-29 09:35:00,4657.0,coal_black,MW,nem,NSW1
2017-10-29 09:40:00,4646.0,coal_black,MW,nem,NSW1
2017-10-29 09:45:00,4737.0,coal_black,MW,nem,NSW1
2017-10-29 09:50:00,4754.0,coal_black,MW,nem,NSW1
2017-10-29 09:55:00,4715.0,coal_black,MW,nem,NSW1
2017-10-29 10:00:00,4664.0,coal_black,MW,nem,NSW1
2017-10-29 10:05:00,4684.0,coal_black,MW,nem,NSW1
2017-10-29 10:10:00,4676.0,coal_black,MW,nem,NSW1
2017-10-29 10:15:00,4743.0,coal_black,MW,nem,NSW1
2017-10-29 10:20:00,4729.0,coal_black,MW,nem,NSW1
2017-10-29 10:25:00,4816.0,coal_black,MW,nem,NSW1
2017-10-29 10:30:00,4867.0,coal_black,MW,nem,NSW1
2017-10-29 10:35:00,4900.0,coal_black,MW,nem,NSW1
2017-10-29 10:40:00,4875.0,coal_black,MW,nem,NSW1
2017-10-29 10:45:00,4858.0,coal_black,MW,nem,NSW1
2017-10-29 10:50:00,4838.0,coal_black,MW,nem,NSW1
2017-10-29 10:55:00,4817.0,coal_black,MW,nem,NSW1
2017-10-29 11:00:00,4813.0,coal_black,MW,nem,NSW1
2017-10-29 11:05:00,4811.0,coal_black,MW,nem,NSW1
2017-10-29 11:10:00,4844.0,coal_black,MW,nem,NSW1
2017-10-29 11:15:00,4867.0,coal_black,MW,nem,NSW1
2017-10-29 11:20:00,4915.0,coal_black,MW,nem,NSW1
2017-10-29 11:25:00,4925.0,coal_black,MW,nem,NSW1
2017-10-29 11:30:00,4928.0,coal_black,MW,nem,NSW1
2017-10-29 11:35:00,4956.0,coal_black,MW,nem,NSW1
2017-10-29 11:40:00,4972.0,coal_black,MW,nem,NSW1
2017-10-29 11:45:00,4964.0,coal_black,MW,nem,NSW1
2017-10-29 11:50:00,5007.0,coal_black,MW,nem,NSW1
2017-10-29 11:55:00,4974.0,coal_black,MW,nem,NSW1
2017-10-29 12:00:00,4950.0,coal_black,MW,nem,NSW1
2017-10-29 12:05:00,5019.0,coal_black,MW,nem,NSW1
2017-10-29 12:10:00,5087.0,coal_black,MW,nem,NSW1
2017-10-29 12:15:00,5095.0,coal_black,MW,nem,NSW1
2017-10-29 12:20:00,5087.0,coal_black,MW,nem,NSW1
2017-10-29 12:25:00,5059.0,coal_black,MW,nem,NSW1
2017-10-29 12:30:00,5096.0,coal_black,MW,nem,NSW1
2017-10-29 12:35:00,5156.0,coal_black,MW,nem,NSW1
2017-10-29 12:40:00,5178.0,coal_black,MW,nem,NSW1
2017-10-29 12:45:00,5198.0,coal_black,MW,nem,NSW1
2017-10-29 12:50:00,5167.0,coal_black,MW,nem,NSW1
2017-10-29 12:55:00,5168.0,coal_black,MW,nem,NSW1
2017-10-29 13:00:00,5231.0,coal_black,MW,nem,NSW1
2017-10-29 13:05:00,5216.0,coal_black,MW,nem,NSW1
2017-10-29 13:10:00,5276.0,coal_black,MW,nem,NSW1
2017-10-29 13:15:00,5288.0,coal_black,MW,nem,NSW1
2017-10-29 13:20:00,5294.0,coal_black,MW,nem,NSW1
2017-10-29 13:25:00,5271.0,coal_black,MW,nem,NSW1
2017-10-29 13:30:00,5271.0,coal_black,MW,nem,NSW1
2017-10-29 13:35:00,5285.0,coal_black,MW,nem,NSW1
2017-10-29 13:40:00,5332.0,coal_black,MW,nem,NSW1
2017-10-29 13:45:00,5337.0,coal_black,MW,nem,NSW1
2017-10-29 13:50:00,5360.0,coal_black,MW,nem,NSW1
2017-10-29 13:55:00,5439.0,coal_black,MW,nem,NSW1
2017-10-29 14:00:00,5466.0,coal_black,MW,nem,NSW1
2017-10-29 14:05:00,5495.0,coal_black,MW,nem,NSW1
2017-10-29 14:10:00,5540.0,coal_black,MW,nem,NSW1
2017-10-29 14:15:00,5532.0,coal_black,MW,nem,NSW1
2017-10-29 14:20:00,5547.0,coal_black,MW,nem,NSW1
2017-10-29 14:25:00,5538.0,coal_black,MW,nem,NSW1
2017-10-29 14:30:00,5594.0,coal_black,MW,nem,NSW1
2017-10-29 14:35:00,5655.0,coal_black,MW,nem,NSW1
2017-10-29 14:40:00,5673.0,coal_black,MW,nem,NSW1
2017-10-29 14:45:00,5668.0,coal_black,MW,nem,NSW1
2017-10-29 14:50:00,5689.0,coal_black,MW,nem,NSW1
2017-10-29 14:55:00,5709.0,coal_black,MW,nem,NSW1
2017-10-29 15:00:00,5810.0,coal_black,MW,nem,NSW1
2017-10-29 15:05:00,5777.0,coal_black,MW,nem,NSW1
2017-10-29 15:10:00,5793.0,coal_black,MW,nem,NSW1
2017-10-29 15:15:00,5834.0,coal_black,MW,nem,NSW1
2017-10-29 15:20:00,5868.0,coal_black,MW,nem,NSW1
2017-10-29 15:25:00,5872.0,coal_black,MW,nem,NSW1
2017-10-29 15:30:00,5911.0,coal_black,MW,nem,NSW1
2017-10-29 15:35:00,5948.0,coal_black,MW,nem,NSW1
2017-10-29 15:40:00,5967.0,coal_black,MW,nem,NSW1
2017-10-29 15:45:00,6022.0,coal_black,MW,nem,NSW1
2017-10-29 15:50:00,6033.0,coal_black,MW,nem,NSW1
2017-10-29 15:55:00,6033.0,coal_black,MW,nem,NSW1
2017-10-29 16:00:00,5986.0,coal_black,MW,nem,NSW1
2017-10-29 16:05:00,6006.0,coal_black,MW,nem,NSW1
2017-10-29 16:10:00,5983.0,coal_black,MW,nem,NSW1
2017-10-29 16:15:00,5965.0,coal_black,MW,nem,NSW1
2017-10-29 16:20:00,6014.0,coal_black,MW,nem,NSW1
2017-10-29 16:25:00,6058.0,coal_black,MW,nem,NSW1
2017-10-29 16:30:00,6097.0,coal_black,MW,nem,NSW1
2017-10-29 16:35:00,6118.0,coal_black,MW,nem,NSW1
2017-10-29 16:40:00,6146.0,coal_black,MW,nem,NSW1
2017-10-29 16:45:00,6208.0,coal_black,MW,nem,NSW1
2017-10-29 16:50:00,6208.0,coal_black,MW,nem,NSW1
2017-10-29 16:55:00,6250.0,coal_black,MW,nem,NSW1
2017-10-29 17:00:00,6231.0,coal_black,MW,nem,NSW1
2017-10-29 17:05:00,6243.0,coal_black,MW,nem,NSW1
2017-10-29 17:10:00,6255.0,coal_black,MW,nem,NSW1
2017-10-29 17:15:00,6245.0,coal_black,MW,nem,NSW1
2017-10-29 17:20:00,6271.0,coal_black,MW,nem,NSW1
2017-10-29 17:25:00,6273.0,coal_black,MW,nem,NSW1
2017-10-29 17:30:00,6288.0,coal_black,MW,nem,NSW1
2017-10-29 17:35:00,6316.0,coal_black,MW,nem,NSW1
2017-10-29 17:40:00,6308.0,coal_black,MW,nem,NSW1
2017-10-29 17:45:00,6354.0,coal_black,MW,nem,NSW1
2017-10-29 17:50:00,6344.0,coal_black,MW,nem,NSW1
2017-10-29 17:55:00,6343.0,coal_black,MW,nem,NSW1
2017-10-29 18:00:00,6361.0,coal_black,MW,nem,NSW1
2017-10-29 18:05:00,6367.0,coal_black,MW,nem,NSW1
2017-10-29 18:10:00,6343.0,coal_black,MW,nem,NSW1
2017-10-29 18:15:00,6363.0,coal_black,MW,nem,NSW1
2017-10-29 18:20:00,6325.0,coal_black,MW,nem,NSW1
2017-10-29 18:25:00,6328.0,coal_black,MW,nem,NSW1
2017-10-29 18:30:00,6337.0,coal_black,MW,nem,NSW1
2017-10-29 18:35:00,6350.0,coal_black,MW,nem,NSW1
2017-10-29 18:40:00,6354.0,coal_black,MW,nem,NSW1
2017-10-29 18:45:00,6383.0,coal_black,MW,nem,NSW1
2017-10-29 18:50:00,6422.0,coal_black,MW,nem,NSW1
2017-10-29 18:55:00,6398.0,coal_black,MW,nem,NSW1
2017-10-29 19:00:00,6401.0,coal_black,MW,nem,NSW1
2017-10-29 19:05:00,6380.0,coal_black,MW,nem,NSW1
2017-10-29 19:10:00,6401.0,coal_black,MW,nem,NSW1
2017-10-29 19:15:00,6401.0,coal_black,MW,nem,NSW1
2017-10-29 19:20:00,6374.0,coal_black,MW,nem,NSW1
2017-10-29 19:25:00,6333.0,coal_black,MW,nem,NSW1
2017-10-29 19:30:00,6317.0,coal_black,MW,nem,NSW1
2017-10-29 19:35:00,6255.0,coal_black,MW,nem,NSW1
2017-10-29 19:40:00,6275.0,coal_black,MW,nem,NSW1
2017-10-29 19:45:00,6296.0,coal_black,MW,nem,NSW1
2017-10-29 19:50:00,6280.0,coal_black,MW,nem,NSW1
2017-10-29 19:55:00,6259.0,coal_black,MW,nem,NSW1
2017-10-29 20:00:00,6245.0,coal_black,MW,nem,NSW1
2017-10-29 20:05:00,6173.0,coal_black,MW,nem,NSW1
2017-10-29 20:10:00,6193.0,coal_black,MW,nem,NSW1
2017-10-29 20:15:00,6172.0,coal_black,MW,nem,NSW1
2017-10-29 20:20:00,6108.0,coal_black,MW,nem,NSW1
2017-10-29 20:25:00,6011.0,coal_black,MW,nem,NSW1
2017-10-29 20:30:00,5979.0,coal_black,MW,nem,NSW1
2017-10-29 20:35:00,5978.0,coal_black,MW,nem,NSW1
2017-10-29 20:40:00,5916.0,coal_black,MW,nem,NSW1
2017-10-29 20:45:00,5903.0,coal_black,MW,nem,NSW1
2017-10-29 20:50:00,5855.0,coal_black,MW,nem,NSW1
2017-10-29 20:55:00,5811.0,coal_black,MW,nem,NSW1
2017-10-29 21:00:00,5733.0,coal_black,MW,nem,NSW1
2017-10-29 21:05:00,5709.0,coal_black,MW,nem,NSW1
2017-10-29 21:10:00,5708.0,coal_black,MW,nem,NSW1
2017-10-29 21:15:00,5737.0,coal_black,MW,nem,NSW1
2017-10-29 21:20:00,5733.0,coal_black,MW,nem,NSW1
2017-10-29 21:25:00,5743.0,coal_black,MW,nem,NSW1
2017-10-29 21:30:00,5704.0,coal_black,MW,nem,NSW1
2017-10-29 21:35:00,5652.0,coal_black,MW,nem,NSW1
2017-10-29 21:40:00,5592.0,coal_black,MW,nem,NSW1
2017-10-29 21:45:00,5633.0,coal_black,MW,nem,NSW1
2017-10-29 21:50:00,5618.0,coal_black,MW,nem,NSW1
2017-10-29 21:55:00,5585.0,coal_black,MW,nem,NSW1
2017-10-29 22:00:00,5550.0,coal_black,MW,nem,NSW1
2017-10-29 22:05:00,5492.0,coal_black,MW,nem,NSW1
2017-10-29 22:10:00,5620.0,coal_black,MW,nem,NSW1
2017-10-29 22:15:00,5641.0,coal_black,MW,nem,NSW1
2017-10-29 22:20:00,5572.0,coal_black,MW,nem,NSW1
2017-10-29 22:25:00,5529.0,coal_black,MW,nem,NSW1
2017-10-29 22:30:00,5484.0,coal_black,MW,nem,NSW1
2017-10-29 22:35:00,5429.0,coal_black,MW,nem,NSW1
2017-10-29 22:40:00,5421.0,coal_black,MW,nem,NSW1
2017-10-29 22:45:00,5372.0,coal_black,MW,nem,NSW1
2017-10-29 22:50:00,5319.0,coal_black,MW,nem,NSW1
2017-10-29 22:55:00,5254.0,coal_black,MW,nem,NSW1
2017-10-29 23:00:00,5187.0,coal_black,MW,nem,NSW1
2017-10-29 23:05:00,5082.0,coal_black,MW,nem,NSW1
2017-10-29 23:10:00,5062.0,coal_black,MW,nem,NSW1
2017-10-29 23:15:00,5167.0,coal_black,MW,nem,NSW1
2017-10-29 23:20:00,5219.0,coal_black,MW,nem,NSW1
2017-10-29 23:25:00,5211.0,coal_black,MW,nem,NSW1
2017-10-29 23:30:00,5139.0,coal_black,MW,nem,NSW1
2017-10-29 23:35:00,5151.0,coal_black,MW,nem,NSW1
2017-10-29 23:40:00,5172.0,coal_black,MW,nem,NSW1
2017-10-29 23:45:00,5258.0,coal_black,MW,nem,NSW1
2017-10-29 23:50:00,5213.0,coal_black,MW,nem,NSW1
2017-10-29 23:55:00,5220.0,coal_black,MW,nem,NSW1
2017-10-30 00:00:00,5148.0,coal_black,MW,nem,NSW1
2017-10-30 00:05:00,5035.0,coal_black,MW,nem,NSW1
2017-10-30 00:10:00,5000.0,coal_black,MW,nem,NSW1
2017-10-30 00:15:00,4929.0,coal_black,MW,nem,NSW1
2017-10-30 00:20:00,4804.0,coal_black,MW,nem,NSW1
2017-10-30 00:25:00,4702.0,coal_black,MW,nem,NSW1
2017-10-30 00:30:00,4615.0,coal_black,MW,nem,NSW1
2017-10-30 00:35:00,4575.0,coal_black,MW,nem,NSW1
2017-10-30 00:40:00,4576.0,coal_black,MW,nem,NSW1
2017-10-30 00:45:00,4472.0,coal_black,MW,nem,NSW1
2017-10-30 00:50:00,4426.0,coal_black,MW,nem,NSW1
2017-10-30 00:55:00,4344.0,coal_black,MW,nem,NSW1
2017-10-30 01:00:00,4289.0,coal_black,MW,nem,NSW1
2017-10-30 01:05:00,4230.0,coal_black,MW,nem,NSW1
2017-10-30 01:10:00,4200.0,coal_black,MW,nem,NSW1
2017-10-30 01:15:00,4156.0,coal_black,MW,nem,NSW1
2017-10-30 01:20:00,4080.0,coal_black,MW,nem,NSW1
2017-10-30 01:25:00,4051.0,coal_black,MW,nem,NSW1
2017-10-30 01:30:00,4008.0,coal_black,MW,nem,NSW1
2017-10-30 01:35:00,3971.0,coal_black,MW,nem,NSW1
2017-10-30 01:40:00,4051.0,coal_black,MW,nem,NSW1
2017-10-30 01:45:00,4052.0,coal_black,MW,nem,NSW1
2017-10-30 01:50:00,4032.0,coal_black,MW,nem,NSW1
2017-10-30 01:55:00,3994.0,coal_black,MW,nem,NSW1
2017-10-30 02:00:00,3926.0,coal_black,MW,nem,NSW1
2017-10-30 02:05:00,3904.0,coal_black,MW,nem,NSW1
2017-10-30 02:10:00,3893.0,coal_black,MW,nem,NSW1
2017-10-30 02:15:00,3855.0,coal_black,MW,nem,NSW1
2017-10-30 02:20:00,3838.0,coal_black,MW,nem,NSW1
2017-10-30 02:25:00,3803.0,coal_black,MW,nem,NSW1
2017-10-30 02:30:00,3755.0,coal_black,MW,nem,NSW1
2017-10-30 02:35:00,3761.0,coal_black,MW,nem,NSW1
2017-10-30 02:40:00,3744.0,coal_black,MW,nem,NSW1
2017-10-30 02:45:00,3755.0,coal_black,MW,nem,NSW1
2017-10-30 02:50:00,3826.0,coal_black,MW,nem,NSW1
2017-10-30 02:55:00,3852.0,coal_black,MW,nem,NSW1
2017-10-30 03:00:00,3803.0,coal_black,MW,nem,NSW1
2017-10-30 03:05:00,3759.0,coal_black,MW,nem,NSW1
2017-10-30 03:10:00,3775.0,coal_black,MW,nem,NSW1
2017-10-30 03:15:00,3823.0,coal_black,MW,nem,NSW1
2017-10-30 03:20:00,3852.0,coal_black,MW,nem,NSW1
2017-10-30 03:25:00,3862.0,coal_black,MW,nem,NSW1
2017-10-30 03:30:00,3871.0,coal_black,MW,nem,NSW1
2017-10-30 03:35:00,3873.0,coal_black,MW,nem,NSW1
2017-10-30 03:40:00,3895.0,coal_black,MW,nem,NSW1
2017-10-30 03:45:00,3884.0,coal_black,MW,nem,NSW1
2017-10-30 03:50:00,3923.0,coal_black,MW,nem,NSW1
2017-10-30 03:55:00,3965.0,coal_black,MW,nem,NSW1
2017-10-30 04:00:00,4043.0,coal_black,MW,nem,NSW1
2017-10-30 04:05:00,4086.0,coal_black,MW,nem,NSW1
2017-10-30 04:10:00,4073.0,coal_black,MW,nem,NSW1
2017-10-30 04:15:00,4141.0,coal_black,MW,nem,NSW1
2017-10-30 04:20:00,4248.0,coal_black,MW,nem,NSW1
2017-10-30 04:25:00,4323.0,coal_black,MW,nem,NSW1
2017-10-30 04:30:00,4394.0,coal_black,MW,nem,NSW1
2017-10-30 04:35:00,4460.0,coal_black,MW,nem,NSW1
2017-10-30 04:40:00,4498.0,coal_black,MW,nem,NSW1
2017-10-30 04:45:00,4536.0,coal_black,MW,nem,NSW1
2017-10-30 04:50:00,4608.0,coal_black,MW,nem,NSW1
2017-10-30 04:55:00,4621.0,coal_black,MW,nem,NSW1
2017-10-30 05:00:00,4672.0,coal_black,MW,nem,NSW1
2017-10-30 05:05:00,4741.0,coal_black,MW,nem,NSW1
2017-10-30 05:10:00,4826.0,coal_black,MW,nem,NSW1
2017-10-30 05:15:00,4945.0,coal_black,MW,nem,NSW1
2017-10-30 05:20:00,5090.0,coal_black,MW,nem,NSW1
2017-10-30 05:25:00,5244.0,coal_black,MW,nem,NSW1
2017-10-30 05:30:00,5299.0,coal_black,MW,nem,NSW1
2017-10-30 05:35:00,5457.0,coal_black,MW,nem,NSW1
2017-10-30 05:40:00,5579.0,coal_black,MW,nem,NSW1
2017-10-30 05:45:00,5700.0,coal_black,MW,nem,NSW1
2017-10-30 05:50:00,5802.0,coal_black,MW,nem,NSW1
2017-10-30 05:55:00,5908.0,coal_black,MW,nem,NSW1
2017-10-30 06:00:00,6027.0,coal_black,MW,nem,NSW1
2017-10-30 06:05:00,6094.0,coal_black,MW,nem,NSW1
2017-10-30 06:10:00,6181.0,coal_black,MW,nem,NSW1
2017-10-30 06:15:00,6227.0,coal_black,MW,nem,NSW1
2017-10-30 06:20:00,6286.0,coal_black,MW,nem,NSW1
2017-10-30 06:25:00,6292.0,coal_black,MW,nem,NSW1
2017-10-30 06:30:00,6360.0,coal_black,MW,nem,NSW1
2017-10-30 06:35:00,6379.0,coal_black,MW,nem,NSW1
2017-10-30 06:40:00,6307.0,coal_black,MW,nem,NSW1
2017-10-30 06:45:00,6351.0,coal_black,MW,nem,NSW1
2017-10-30 06:50:00,6369.0,coal_black,MW,nem,NSW1
2017-10-30 06:55:00,6406.0,coal_black,MW,nem,NSW1
2017-10-30 07:00:00,6436.0,coal_black,MW,nem,NSW1
2017-10-30 07:05:00,6461.0,coal_black,MW,nem,NSW1
2017-10-30 07:10:00,6381.0,coal_black,MW,nem,NSW1
2017-10-30 07:15:00,6399.0,coal_black,MW,nem,NSW1
2017-10-30 07:20:00,6370.0,coal_black,MW,nem,NSW1
2017-10-30 07:25:00,6384.0,coal_black,MW,nem,NSW1
2017-10-30 07:30:00,6354.0,coal_black,MW,nem,NSW1
2017-10-30 07:35:00,6380.0,coal_black,MW,nem,NSW1
2017-10-30 07:40:00,6394.0,coal_black,MW,nem,NSW1
2017-10-30 07:45:00,6405.0,coal_black,MW,nem,NSW1
2017-10-30 07:50:00,6408.0,coal_black,MW,nem,NSW1
2017-10-30 07:55:00,6417.0,coal_black,MW,nem,NSW1
2017-10-30 08:00:00,6416.0,coal_black,MW,nem,NSW1
2017-10-30 08:05:00,6423.0,coal_black,MW,nem,NSW1
2017-10-30 08:10:00,6440.0,coal_black,MW,nem,NSW1
2017-10-30 08:15:00,6447.0,coal_black,MW,nem,NSW1
2017-10-30 08:20:00,6431.0,coal_black,MW,nem,NSW1
2017-10-30 08:25:00,6435.0,coal_black,MW,nem,NSW1
2017-10-30 08:30:00,6415.0,coal_black,MW,nem,NSW1
2017-10-30 08:35:00,6426.0,coal_black,MW,nem,NSW1
2017-10-30 08:40:00,6430.0,coal_black,MW,nem,NSW1
2017-10-30 08:45:00,6420.0,coal_black,MW,nem,NSW1
2017-10-30 08:50:00,6418.0,coal_black,MW,nem,NSW1
2017-10-30 08:55:00,6393.0,coal_black,MW,nem,NSW1
2017-10-30 09:00:00,6416.0,coal_black,MW,nem,NSW1
2017-10-30 09:05:00,6405.0,coal_black,MW,nem,NSW1
2017-10-30 09:10:00,6429.0,coal_black,MW,nem,NSW1
2017-10-30 09:15:00,6455.0,coal_black,MW,nem,NSW1
2017-10-30 09:20:00,6446.0,coal_black,MW,nem,NSW1
2017-10-30 09:25:00,6462.0,coal_black,MW,nem,NSW1
2017-10-30 09:30:00,6412.0,coal_black,MW,nem,NSW1
2017-10-30 09:35:00,6395.0,coal_black,MW,nem,NSW1
2017-10-30 09:40:00,6319.0,coal_black,MW,nem,NSW1
2017-10-30 09:45:00,6397.0,coal_black,MW,nem,NSW1
2017-10-30 09:50:00,6354.0,coal_black,MW,nem,NSW1
2017-10-30 09:55:00,6348.0,coal_black,MW,nem,NSW1
2017-10-30 10:00:00,6403.0,coal_black,MW,nem,NSW1
2017-10-30 10:05:00,6401.0,coal_black,MW,nem,NSW1
2017-10-30 10:10:00,6425.0,coal_black,MW,nem,NSW1
2017-10-30 10:15:00,6341.0,coal_black,MW,nem,NSW1
2017-10-30 10:20:00,6395.0,coal_black,MW,nem,NSW1
2017-10-30 10:25:00,6382.0,coal_black,MW,nem,NSW1
2017-10-30 10:30:00,6395.0,coal_black,MW,nem,NSW1
2017-10-30 10:35:00,6400.0,coal_black,MW,nem,NSW1
2017-10-30 10:40:00,6376.0,coal_black,MW,nem,NSW1
2017-10-30 10:45:00,6387.0,coal_black,MW,nem,NSW1
2017-10-30 10:50:00,6350.0,coal_black,MW,nem,NSW1
2017-10-30 10:55:00,6371.0,coal_black,MW,nem,NSW1
2017-10-30 11:00:00,6326.0,coal_black,MW,nem,NSW1
2017-10-30 11:05:00,6375.0,coal_black,MW,nem,NSW1
2017-10-30 11:10:00,6406.0,coal_black,MW,nem,NSW1
2017-10-30 11:15:00,6408.0,coal_black,MW,nem,NSW1
2017-10-30 11:20:00,6413.0,coal_black,MW,nem,NSW1
2017-10-30 11:25:00,6399.0,coal_black,MW,nem,NSW1
2017-10-30 11:30:00,6380.0,coal_black,MW,nem,NSW1
2017-10-30 11:35:00,6389.0,coal_black,MW,nem,NSW1
2017-10-30 11:40:00,6450.0,coal_black,MW,nem,NSW1
2017-10-30 11:45:00,6407.0,coal_black,MW,nem,NSW1
2017-10-30 11:50:00,6427.0,coal_black,MW,nem,NSW1
2017-10-30 11:55:00,6432.0,coal_black,MW,nem,NSW1
2017-10-30 12:00:00,6428.0,coal_black,MW,nem,NSW1
2017-10-30 12:05:00,6431.0,coal_black,MW,nem,NSW1
2017-10-30 12:10:00,6383.0,coal_black,MW,nem,NSW1
2017-10-30 12:15:00,6435.0,coal_black,MW,nem,NSW1
2017-10-30 12:20:00,6417.0,coal_black,MW,nem,NSW1
2017-10-30 12:25:00,6427.0,coal_black,MW,nem,NSW1
2017-10-30 12:30:00,6421.0,coal_black,MW,nem,NSW1
2017-10-30 12:35:00,6454.0,coal_black,MW,nem,NSW1
2017-10-30 12:40:00,6417.0,coal_black,MW,nem,NSW1
2017-10-30 12:45:00,6331.0,coal_black,MW,nem,NSW1
2017-10-30 12:50:00,6385.0,coal_black,MW,nem,NSW1
2017-10-30 12:55:00,6406.0,coal_black,MW,nem,NSW1
2017-10-30 13:00:00,6402.0,coal_black,MW,nem,NSW1
2017-10-30 13:05:00,6332.0,coal_black,MW,nem,NSW1
2017-10-30 13:10:00,6312.0,coal_black,MW,nem,NSW1
2017-10-30 13:15:00,6364.0,coal_black,MW,nem,NSW1
2017-10-30 13:20:00,6381.0,coal_black,MW,nem,NSW1
2017-10-30 13:25:00,6379.0,coal_black,MW,nem,NSW1
2017-10-30 13:30:00,6329.0,coal_black,MW,nem,NSW1
2017-10-30 13:35:00,6336.0,coal_black,MW,nem,NSW1
2017-10-30 13:40:00,6384.0,coal_black,MW,nem,NSW1
2017-10-30 13:45:00,6339.0,coal_black,MW,nem,NSW1
2017-10-30 13:50:00,6366.0,coal_black,MW,nem,NSW1
2017-10-30 13:55:00,6322.0,coal_black,MW,nem,NSW1
2017-10-30 14:00:00,6365.0,coal_black,MW,nem,NSW1
2017-10-30 14:05:00,6372.0,coal_black,MW,nem,NSW1
2017-10-30 14:10:00,6420.0,coal_black,MW,nem,NSW1
2017-10-30 14:15:00,6402.0,coal_black,MW,nem,NSW1
2017-10-30 14:20:00,6351.0,coal_black,MW,nem,NSW1
2017-10-30 14:25:00,6420.0,coal_black,MW,nem,NSW1
2017-10-30 14:30:00,6406.0,coal_black,MW,nem,NSW1
2017-10-30 14:35:00,6411.0,coal_black,MW,nem,NSW1
2017-10-30 14:40:00,6459.0,coal_black,MW,nem,NSW1
2017-10-30 14:45:00,6472.0,coal_black,MW,nem,NSW1
2017-10-30 14:50:00,6404.0,coal_black,MW,nem,NSW1
2017-10-30 14:55:00,6396.0,coal_black,MW,nem,NSW1
2017-10-30 15:00:00,6447.0,coal_black,MW,nem,NSW1
2017-10-30 15:05:00,6390.0,coal_black,MW,nem,NSW1
2017-10-30 15:10:00,6454.0,coal_black,MW,nem,NSW1
2017-10-30 15:15:00,6440.0,coal_black,MW,nem,NSW1
2017-10-30 15:20:00,6466.0,coal_black,MW,nem,NSW1
2017-10-30 15:25:00,6456.0,coal_black,MW,nem,NSW1
2017-10-30 15:30:00,6512.0,coal_black,MW,nem,NSW1
2017-10-30 15:35:00,6521.0,coal_black,MW,nem,NSW1
2017-10-30 15:40:00,6548.0,coal_black,MW,nem,NSW1
2017-10-30 15:45:00,6501.0,coal_black,MW,nem,NSW1
2017-10-30 15:50:00,6517.0,coal_black,MW,nem,NSW1
2017-10-30 15:55:00,6505.0,coal_black,MW,nem,NSW1
2017-10-30 16:00:00,6502.0,coal_black,MW,nem,NSW1
2017-10-30 16:05:00,6442.0,coal_black,MW,nem,NSW1
2017-10-30 16:10:00,6479.0,coal_black,MW,nem,NSW1
2017-10-30 16:15:00,6511.0,coal_black,MW,nem,NSW1
2017-10-30 16:20:00,6493.0,coal_black,MW,nem,NSW1
2017-10-30 16:25:00,6548.0,coal_black,MW,nem,NSW1
2017-10-30 16:30:00,6535.0,coal_black,MW,nem,NSW1
2017-10-30 16:35:00,6503.0,coal_black,MW,nem,NSW1
2017-10-30 16:40:00,6485.0,coal_black,MW,nem,NSW1
2017-10-30 16:45:00,6500.0,coal_black,MW,nem,NSW1
2017-10-30 16:50:00,6462.0,coal_black,MW,nem,NSW1
2017-10-30 16:55:00,6522.0,coal_black,MW,nem,NSW1
2017-10-30 17:00:00,6540.0,coal_black,MW,nem,NSW1
2017-10-30 17:05:00,6549.0,coal_black,MW,nem,NSW1
2017-10-30 17:10:00,6591.0,coal_black,MW,nem,NSW1
2017-10-30 17:15:00,6531.0,coal_black,MW,nem,NSW1
2017-10-30 17:20:00,6582.0,coal_black,MW,nem,NSW1
2017-10-30 17:25:00,6582.0,coal_black,MW,nem,NSW1
2017-10-30 17:30:00,6562.0,coal_black,MW,nem,NSW1
2017-10-30 17:35:00,6562.0,coal_black,MW,nem,NSW1
2017-10-30 17:40:00,6593.0,coal_black,MW,nem,NSW1
2017-10-30 17:45:00,6609.0,coal_black,MW,nem,NSW1
2017-10-30 17:50:00,6601.0,coal_black,MW,nem,NSW1
2017-10-30 17:55:00,6556.0,coal_black,MW,nem,NSW1
2017-10-30 18:00:00,6564.0,coal_black,MW,nem,NSW1
2017-10-30 18:05:00,6574.0,coal_black,MW,nem,NSW1
2017-10-30 18:10:00,6563.0,coal_black,MW,nem,NSW1
2017-10-30 18:15:00,6610.0,coal_black,MW,nem,NSW1
2017-10-30 18:20:00,6594.0,coal_black,MW,nem,NSW1
2017-10-30 18:25:00,6606.0,coal_black,MW,nem,NSW1
2017-10-30 18:30:00,6639.0,coal_black,MW,nem,NSW1
2017-10-30 18:35:00,6596.0,coal_black,MW,nem,NSW1
2017-10-30 18:40:00,6667.0,coal_black,MW,nem,NSW1
2017-10-30 18:45:00,6658.0,coal_black,MW,nem,NSW1
2017-10-30 18:50:00,6720.0,coal_black,MW,nem,NSW1
2017-10-30 18:55:00,6761.0,coal_black,MW,nem,NSW1
2017-10-30 19:00:00,6728.0,coal_black,MW,nem,NSW1
2017-10-30 19:05:00,6744.0,coal_black,MW,nem,NSW1
2017-10-30 19:10:00,6766.0,coal_black,MW,nem,NSW1
2017-10-30 19:15:00,6816.0,coal_black,MW,nem,NSW1
2017-10-30 19:20:00,6810.0,coal_black,MW,nem,NSW1
2017-10-30 19:25:00,6830.0,coal_black,MW,nem,NSW1
2017-10-30 19:30:00,6830.0,coal_black,MW,nem,NSW1
2017-10-30 19:35:00,6836.0,coal_black,MW,nem,NSW1
2017-10-30 19:40:00,6832.0,coal_black,MW,nem,NSW1
2017-10-30 19:45:00,6846.0,coal_black,MW,nem,NSW1
2017-10-30 19:50:00,6820.0,coal_black,MW,nem,NSW1
2017-10-30 19:55:00,6762.0,coal_black,MW,nem,NSW1
2017-10-30 20:00:00,6726.0,coal_black,MW,nem,NSW1
2017-10-30 20:05:00,6718.0,coal_black,MW,nem,NSW1
2017-10-30 20:10:00,6737.0,coal_black,MW,nem,NSW1
2017-10-30 20:15:00,6592.0,coal_black,MW,nem,NSW1
2017-10-30 20:20:00,6569.0,coal_black,MW,nem,NSW1
2017-10-30 20:25:00,6565.0,coal_black,MW,nem,NSW1
2017-10-30 20:30:00,6646.0,coal_black,MW,nem,NSW1
2017-10-30 20:35:00,6666.0,coal_black,MW,nem,NSW1
2017-10-30 20:40:00,6645.0,coal_black,MW,nem,NSW1
2017-10-30 20:45:00,6607.0,coal_black,MW,nem,NSW1
2017-10-30 20:50:00,6617.0,coal_black,MW,nem,NSW1
2017-10-30 20:55:00,6646.0,coal_black,MW,nem,NSW1
2017-10-30 21:00:00,6652.0,coal_black,MW,nem,NSW1
2017-10-30 21:05:00,6625.0,coal_black,MW,nem,NSW1
2017-10-30 21:10:00,6588.0,coal_black,MW,nem,NSW1
2017-10-30 21:15:00,6540.0,coal_black,MW,nem,NSW1
2017-10-30 21:20:00,6492.0,coal_black,MW,nem,NSW1
2017-10-30 21:25:00,6437.0,coal_black,MW,nem,NSW1
2017-10-30 21:30:00,6471.0,coal_black,MW,nem,NSW1
2017-10-30 21:35:00,6403.0,coal_black,MW,nem,NSW1
2017-10-30 21:40:00,6378.0,coal_black,MW,nem,NSW1
2017-10-30 21:45:00,6409.0,coal_black,MW,nem,NSW1
2017-10-30 21:50:00,6431.0,coal_black,MW,nem,NSW1
2017-10-30 21:55:00,6351.0,coal_black,MW,nem,NSW1
2017-10-30 22:00:00,6274.0,coal_black,MW,nem,NSW1
2017-10-30 22:05:00,6137.0,coal_black,MW,nem,NSW1
2017-10-30 22:10:00,6278.0,coal_black,MW,nem,NSW1
2017-10-30 22:15:00,6357.0,coal_black,MW,nem,NSW1
2017-10-30 22:20:00,6355.0,coal_black,MW,nem,NSW1
2017-10-30 22:25:00,6290.0,coal_black,MW,nem,NSW1
2017-10-30 22:30:00,6295.0,coal_black,MW,nem,NSW1
2017-10-30 22:35:00,6249.0,coal_black,MW,nem,NSW1
2017-10-30 22:40:00,6283.0,coal_black,MW,nem,NSW1
2017-10-30 22:45:00,6247.0,coal_black,MW,nem,NSW1
2017-10-30 22:50:00,6214.0,coal_black,MW,nem,NSW1
2017-10-30 22:55:00,6171.0,coal_black,MW,nem,NSW1
2017-10-30 23:00:00,6134.0,coal_black,MW,nem,NSW1
2017-10-30 23:05:00,6082.0,coal_black,MW,nem,NSW1
2017-10-30 23:10:00,6113.0,coal_black,MW,nem,NSW1
2017-10-30 23:15:00,6185.0,coal_black,MW,nem,NSW1
2017-10-30 23:20:00,6279.0,coal_black,MW,nem,NSW1
2017-10-30 23:25:00,6307.0,coal_black,MW,nem,NSW1
2017-10-30 23:30:00,6267.0,coal_black,MW,nem,NSW1
2017-10-30 23:35:00,6230.0,coal_black,MW,nem,NSW1
2017-10-30 23:40:00,6194.0,coal_black,MW,nem,NSW1
2017-10-30 23:45:00,6129.0,coal_black,MW,nem,NSW1
2017-10-30 23:50:00,6137.0,coal_black,MW,nem,NSW1
2017-10-30 23:55:00,6074.0,coal_black,MW,nem,NSW1
2017-10-31 00:00:00,6113.0,coal_black,MW,nem,NSW1
2017-10-31 00:05:00,6010.0,coal_black,MW,nem,NSW1
2017-10-31 00:10:00,6009.0,coal_black,MW,nem,NSW1
2017-10-31 00:15:00,6027.0,coal_black,MW,nem,NSW1
2017-10-31 00:20:00,6006.0,coal_black,MW,nem,NSW1
2017-10-31 00:25:00,5974.0,coal_black,MW,nem,NSW1
2017-10-31 00:30:00,5870.0,coal_black,MW,nem,NSW1
2017-10-31 00:35:00,5847.0,coal_black,MW,nem,NSW1
2017-10-31 00:40:00,5780.0,coal_black,MW,nem,NSW1
2017-10-31 00:45:00,5737.0,coal_black,MW,nem,NSW1
2017-10-31 00:50:00,5741.0,coal_black,MW,nem,NSW1
2017-10-31 00:55:00,5702.0,coal_black,MW,nem,NSW1
2017-10-31 01:00:00,5717.0,coal_black,MW,nem,NSW1
2017-10-31 01:05:00,5674.0,coal_black,MW,nem,NSW1
2017-10-31 01:10:00,5548.0,coal_black,MW,nem,NSW1
2017-10-31 01:15:00,5534.0,coal_black,MW,nem,NSW1
2017-10-31 01:20:00,5450.0,coal_black,MW,nem,NSW1
2017-10-31 01:25:00,5402.0,coal_black,MW,nem,NSW1
2017-10-31 01:30:00,5377.0,coal_black,MW,nem,NSW1
2017-10-31 01:35:00,5313.0,coal_black,MW,nem,NSW1
2017-10-31 01:40:00,5274.0,coal_black,MW,nem,NSW1
2017-10-31 01:45:00,5263.0,coal_black,MW,nem,NSW1
2017-10-31 01:50:00,5189.0,coal_black,MW,nem,NSW1
2017-10-31 01:55:00,5247.0,coal_black,MW,nem,NSW1
2017-10-31 02:00:00,5282.0,coal_black,MW,nem,NSW1
2017-10-31 02:05:00,5225.0,coal_black,MW,nem,NSW1
2017-10-31 02:10:00,5229.0,coal_black,MW,nem,NSW1
2017-10-31 02:15:00,5175.0,coal_black,MW,nem,NSW1
2017-10-31 02:20:00,5213.0,coal_black,MW,nem,NSW1
2017-10-31 02:25:00,5169.0,coal_black,MW,nem,NSW1
2017-10-31 02:30:00,5174.0,coal_black,MW,nem,NSW1
2017-10-31 02:35:00,5148.0,coal_black,MW,nem,NSW1
2017-10-31 02:40:00,5081.0,coal_black,MW,nem,NSW1
2017-10-31 02:45:00,5066.0,coal_black,MW,nem,NSW1
2017-10-31 02:50:00,5058.0,coal_black,MW,nem,NSW1
2017-10-31 02:55:00,5050.0,coal_black,MW,nem,NSW1
2017-10-31 03:00:00,5043.0,coal_black,MW,nem,NSW1
2017-10-31 03:05:00,5020.0,coal_black,MW,nem,NSW1
2017-10-31 03:10:00,5037.0,coal_black,MW,nem,NSW1
2017-10-31 03:15:00,5081.0,coal_black,MW,nem,NSW1
2017-10-31 03:20:00,5086.0,coal_black,MW,nem,NSW1
2017-10-31 03:25:00,5096.0,coal_black,MW,nem,NSW1
2017-10-31 03:30:00,5132.0,coal_black,MW,nem,NSW1
2017-10-31 03:35:00,5111.0,coal_black,MW,nem,NSW1
2017-10-31 03:40:00,5097.0,coal_black,MW,nem,NSW1
2017-10-31 03:45:00,5121.0,coal_black,MW,nem,NSW1
2017-10-31 03:50:00,5160.0,coal_black,MW,nem,NSW1
2017-10-31 03:55:00,5238.0,coal_black,MW,nem,NSW1
2017-10-31 04:00:00,5228.0,coal_black,MW,nem,NSW1
2017-10-31 04:05:00,5241.0,coal_black,MW,nem,NSW1
2017-10-31 04:10:00,5328.0,coal_black,MW,nem,NSW1
2017-10-31 04:15:00,5373.0,coal_black,MW,nem,NSW1
2017-10-31 04:20:00,5401.0,coal_black,MW,nem,NSW1
2017-10-31 04:25:00,5445.0,coal_black,MW,nem,NSW1
2017-10-31 04:30:00,5491.0,coal_black,MW,nem,NSW1
2017-10-31 04:35:00,5486.0,coal_black,MW,nem,NSW1
2017-10-31 04:40:00,5565.0,coal_black,MW,nem,NSW1
2017-10-31 04:45:00,5670.0,coal_black,MW,nem,NSW1
2017-10-31 04:50:00,5731.0,coal_black,MW,nem,NSW1
2017-10-31 04:55:00,5795.0,coal_black,MW,nem,NSW1
2017-10-31 05:00:00,5912.0,coal_black,MW,nem,NSW1
2017-10-31 05:05:00,6001.0,coal_black,MW,nem,NSW1
2017-10-31 05:10:00,6073.0,coal_black,MW,nem,NSW1
2017-10-31 05:15:00,6177.0,coal_black,MW,nem,NSW1
2017-10-31 05:20:00,6226.0,coal_black,MW,nem,NSW1
2017-10-31 05:25:00,6261.0,coal_black,MW,nem,NSW1
2017-10-31 05:30:00,6353.0,coal_black,MW,nem,NSW1
2017-10-31 05:35:00,6442.0,coal_black,MW,nem,NSW1
2017-10-31 05:40:00,6499.0,coal_black,MW,nem,NSW1
2017-10-31 05:45:00,6501.0,coal_black,MW,nem,NSW1
2017-10-31 05:50:00,6503.0,coal_black,MW,nem,NSW1
2017-10-31 05:55:00,6542.0,coal_black,MW,nem,NSW1
2017-10-31 06:00:00,6653.0,coal_black,MW,nem,NSW1
2017-10-31 06:05:00,6659.0,coal_black,MW,nem,NSW1
2017-10-31 06:10:00,6717.0,coal_black,MW,nem,NSW1
2017-10-31 06:15:00,6729.0,coal_black,MW,nem,NSW1
2017-10-31 06:20:00,6759.0,coal_black,MW,nem,NSW1
2017-10-31 06:25:00,6771.0,coal_black,MW,nem,NSW1
2017-10-31 06:30:00,6770.0,coal_black,MW,nem,NSW1
2017-10-31 06:35:00,6775.0,coal_black,MW,nem,NSW1
2017-10-31 06:40:00,6768.0,coal_black,MW,nem,NSW1
2017-10-31 06:45:00,6768.0,coal_black,MW,nem,NSW1
2017-10-31 06:50:00,6748.0,coal_black,MW,nem,NSW1
2017-10-31 06:55:00,6713.0,coal_black,MW,nem,NSW1
2017-10-31 07:00:00,6718.0,coal_black,MW,nem,NSW1
2017-10-31 07:05:00,6724.0,coal_black,MW,nem,NSW1
2017-10-31 07:10:00,6740.0,coal_black,MW,nem,NSW1
2017-10-31 07:15:00,6720.0,coal_black,MW,nem,NSW1
2017-10-31 07:20:00,6669.0,coal_black,MW,nem,NSW1
2017-10-31 07:25:00,6598.0,coal_black,MW,nem,NSW1
2017-10-31 07:30:00,6609.0,coal_black,MW,nem,NSW1
2017-10-31 07:35:00,6600.0,coal_black,MW,nem,NSW1
2017-10-31 07:40:00,6688.0,coal_black,MW,nem,NSW1
2017-10-31 07:45:00,6739.0,coal_black,MW,nem,NSW1
2017-10-31 07:50:00,6702.0,coal_black,MW,nem,NSW1
2017-10-31 07:55:00,6736.0,coal_black,MW,nem,NSW1
2017-10-31 08:00:00,6737.0,coal_black,MW,nem,NSW1
2017-10-31 08:05:00,6761.0,coal_black,MW,nem,NSW1
2017-10-31 08:10:00,6809.0,coal_black,MW,nem,NSW1
2017-10-31 08:15:00,6835.0,coal_black,MW,nem,NSW1
2017-10-31 08:20:00,6775.0,coal_black,MW,nem,NSW1
2017-10-31 08:25:00,6832.0,coal_black,MW,nem,NSW1
2017-10-31 08:30:00,6809.0,coal_black,MW,nem,NSW1
2017-10-31 08:35:00,6789.0,coal_black,MW,nem,NSW1
2017-10-31 08:40:00,6711.0,coal_black,MW,nem,NSW1
2017-10-31 08:45:00,6643.0,coal_black,MW,nem,NSW1
2017-10-31 08:50:00,6633.0,coal_black,MW,nem,NSW1
2017-10-31 08:55:00,6669.0,coal_black,MW,nem,NSW1
2017-10-31 09:00:00,6662.0,coal_black,MW,nem,NSW1
2017-10-31 09:05:00,6649.0,coal_black,MW,nem,NSW1
2017-10-31 09:10:00,6687.0,coal_black,MW,nem,NSW1
2017-10-31 09:15:00,6711.0,coal_black,MW,nem,NSW1
2017-10-31 09:20:00,6697.0,coal_black,MW,nem,NSW1
2017-10-31 09:25:00,6622.0,coal_black,MW,nem,NSW1
2017-10-31 09:30:00,6625.0,coal_black,MW,nem,NSW1
2017-10-31 09:35:00,6633.0,coal_black,MW,nem,NSW1
2017-10-31 09:40:00,6672.0,coal_black,MW,nem,NSW1
2017-10-31 09:45:00,6635.0,coal_black,MW,nem,NSW1
2017-10-31 09:50:00,6630.0,coal_black,MW,nem,NSW1
2017-10-31 09:55:00,6602.0,coal_black,MW,nem,NSW1
2017-10-31 10:00:00,6536.0,coal_black,MW,nem,NSW1
2017-10-31 10:05:00,6575.0,coal_black,MW,nem,NSW1
2017-10-31 10:10:00,6521.0,coal_black,MW,nem,NSW1
2017-10-31 10:15:00,6539.0,coal_black,MW,nem,NSW1
2017-10-31 10:20:00,6581.0,coal_black,MW,nem,NSW1
2017-10-31 10:25:00,6534.0,coal_black,MW,nem,NSW1
2017-10-31 10:30:00,6509.0,coal_black,MW,nem,NSW1
2017-10-31 10:35:00,6476.0,coal_black,MW,nem,NSW1
2017-10-31 10:40:00,6521.0,coal_black,MW,nem,NSW1
2017-10-31 10:45:00,6511.0,coal_black,MW,nem,NSW1
2017-10-31 10:50:00,6511.0,coal_black,MW,nem,NSW1
2017-10-31 10:55:00,6483.0,coal_black,MW,nem,NSW1
2017-10-31 11:00:00,6494.0,coal_black,MW,nem,NSW1
2017-10-31 11:05:00,6465.0,coal_black,MW,nem,NSW1
2017-10-31 11:10:00,6445.0,coal_black,MW,nem,NSW1
2017-10-31 11:15:00,6475.0,coal_black,MW,nem,NSW1
2017-10-31 11:20:00,6458.0,coal_black,MW,nem,NSW1
2017-10-31 11:25:00,6478.0,coal_black,MW,nem,NSW1
2017-10-31 11:30:00,6409.0,coal_black,MW,nem,NSW1
2017-10-31 11:35:00,6422.0,coal_black,MW,nem,NSW1
2017-10-31 11:40:00,6467.0,coal_black,MW,nem,NSW1
2017-10-31 11:45:00,6495.0,coal_black,MW,nem,NSW1
2017-10-31 11:50:00,6484.0,coal_black,MW,nem,NSW1
2017-10-31 11:55:00,6406.0,coal_black,MW,nem,NSW1
2017-10-31 12:00:00,6371.0,coal_black,MW,nem,NSW1
2017-10-31 12:05:00,6428.0,coal_black,MW,nem,NSW1
2017-10-31 12:10:00,6479.0,coal_black,MW,nem,NSW1
2017-10-31 12:15:00,6566.0,coal_black,MW,nem,NSW1
2017-10-31 12:20:00,6600.0,coal_black,MW,nem,NSW1
2017-10-31 12:25:00,6569.0,coal_black,MW,nem,NSW1
2017-10-31 12:30:00,6519.0,coal_black,MW,nem,NSW1
2017-10-31 12:35:00,6535.0,coal_black,MW,nem,NSW1
2017-10-31 12:40:00,6535.0,coal_black,MW,nem,NSW1
2017-10-31 12:45:00,6512.0,coal_black,MW,nem,NSW1
2017-10-31 12:50:00,6507.0,coal_black,MW,nem,NSW1
2017-10-31 12:55:00,6425.0,coal_black,MW,nem,NSW1
2017-10-31 13:00:00,6439.0,coal_black,MW,nem,NSW1
2017-10-31 13:05:00,6453.0,coal_black,MW,nem,NSW1
2017-10-31 13:10:00,6372.0,coal_black,MW,nem,NSW1
2017-10-31 13:15:00,6388.0,coal_black,MW,nem,NSW1
2017-10-31 13:20:00,6372.0,coal_black,MW,nem,NSW1
2017-10-31 13:25:00,6277.0,coal_black,MW,nem,NSW1
2017-10-31 13:30:00,6219.0,coal_black,MW,nem,NSW1
2017-10-31 13:35:00,6144.0,coal_black,MW,nem,NSW1
2017-10-31 13:40:00,6138.0,coal_black,MW,nem,NSW1
2017-10-31 13:45:00,6178.0,coal_black,MW,nem,NSW1
2017-10-31 13:50:00,6178.0,coal_black,MW,nem,NSW1
2017-10-31 13:55:00,6161.0,coal_black,MW,nem,NSW1
2017-10-31 14:00:00,6221.0,coal_black,MW,nem,NSW1
2017-10-31 14:05:00,6284.0,coal_black,MW,nem,NSW1
2017-10-31 14:10:00,6255.0,coal_black,MW,nem,NSW1
2017-10-31 14:15:00,6212.0,coal_black,MW,nem,NSW1
2017-10-31 14:20:00,6232.0,coal_black,MW,nem,NSW1
2017-10-31 14:25:00,6216.0,coal_black,MW,nem,NSW1
2017-10-31 14:30:00,6217.0,coal_black,MW,nem,NSW1
2017-10-31 14:35:00,6272.0,coal_black,MW,nem,NSW1
2017-10-31 14:40:00,6312.0,coal_black,MW,nem,NSW1
2017-10-31 14:45:00,6332.0,coal_black,MW,nem,NSW1
2017-10-31 14:50:00,6284.0,coal_black,MW,nem,NSW1
2017-10-31 14:55:00,6258.0,coal_black,MW,nem,NSW1
2017-10-31 15:00:00,6254.0,coal_black,MW,nem,NSW1
2017-10-31 15:05:00,6243.0,coal_black,MW,nem,NSW1
2017-10-31 15:10:00,6273.0,coal_black,MW,nem,NSW1
2017-10-31 15:15:00,6298.0,coal_black,MW,nem,NSW1
2017-10-31 15:20:00,6378.0,coal_black,MW,nem,NSW1
2017-10-31 15:25:00,6393.0,coal_black,MW,nem,NSW1
2017-10-31 15:30:00,6481.0,coal_black,MW,nem,NSW1
2017-10-31 15:35:00,6497.0,coal_black,MW,nem,NSW1
2017-10-31 15:40:00,6533.0,coal_black,MW,nem,NSW1
2017-10-31 15:45:00,6548.0,coal_black,MW,nem,NSW1
2017-10-31 15:50:00,6626.0,coal_black,MW,nem,NSW1
2017-10-31 15:55:00,6626.0,coal_black,MW,nem,NSW1
2017-10-31 16:00:00,6688.0,coal_black,MW,nem,NSW1
2017-10-31 16:05:00,6704.0,coal_black,MW,nem,NSW1
2017-10-31 16:10:00,6689.0,coal_black,MW,nem,NSW1
2017-10-31 16:15:00,6726.0,coal_black,MW,nem,NSW1
2017-10-31 16:20:00,6729.0,coal_black,MW,nem,NSW1
2017-10-31 16:25:00,6797.0,coal_black,MW,nem,NSW1
2017-10-31 16:30:00,6819.0,coal_black,MW,nem,NSW1
2017-10-31 16:35:00,6837.0,coal_black,MW,nem,NSW1
2017-10-31 16:40:00,6866.0,coal_black,MW,nem,NSW1
2017-10-31 16:45:00,6924.0,coal_black,MW,nem,NSW1
2017-10-31 16:50:00,6985.0,coal_black,MW,nem,NSW1
2017-10-31 16:55:00,6916.0,coal_black,MW,nem,NSW1
2017-10-31 17:00:00,6928.0,coal_black,MW,nem,NSW1
2017-10-31 17:05:00,6883.0,coal_black,MW,nem,NSW1
2017-10-31 17:10:00,6839.0,coal_black,MW,nem,NSW1
2017-10-31 17:15:00,6806.0,coal_black,MW,nem,NSW1
2017-10-31 17:20:00,6771.0,coal_black,MW,nem,NSW1
2017-10-31 17:25:00,6740.0,coal_black,MW,nem,NSW1
2017-10-31 17:30:00,6738.0,coal_black,MW,nem,NSW1
2017-10-31 17:35:00,6791.0,coal_black,MW,nem,NSW1
2017-10-31 17:40:00,6797.0,coal_black,MW,nem,NSW1
2017-10-31 17:45:00,6731.0,coal_black,MW,nem,NSW1
2017-10-31 17:50:00,6735.0,coal_black,MW,nem,NSW1
2017-10-31 17:55:00,6784.0,coal_black,MW,nem,NSW1
2017-10-31 18:00:00,6801.0,coal_black,MW,nem,NSW1
2017-10-31 18:05:00,6836.0,coal_black,MW,nem,NSW1
2017-10-31 18:10:00,6862.0,coal_black,MW,nem,NSW1
2017-10-31 18:15:00,6897.0,coal_black,MW,nem,NSW1
2017-10-31 18:20:00,6937.0,coal_black,MW,nem,NSW1
2017-10-31 18:25:00,6888.0,coal_black,MW,nem,NSW1
2017-10-31 18:30:00,6906.0,coal_black,MW,nem,NSW1
2017-10-31 18:35:00,6884.0,coal_black,MW,nem,NSW1
2017-10-31 18:40:00,6954.0,coal_black,MW,nem,NSW1
2017-10-31 18:45:00,6964.0,coal_black,MW,nem,NSW1
2017-10-31 18:50:00,6999.0,coal_black,MW,nem,NSW1
2017-10-31 18:55:00,7002.0,coal_black,MW,nem,NSW1
2017-10-31 19:00:00,7046.0,coal_black,MW,nem,NSW1
2017-10-31 19:05:00,7030.0,coal_black,MW,nem,NSW1
2017-10-31 19:10:00,7013.0,coal_black,MW,nem,NSW1
2017-10-31 19:15:00,7074.0,coal_black,MW,nem,NSW1
2017-10-31 19:20:00,7047.0,coal_black,MW,nem,NSW1
2017-10-31 19:25:00,7045.0,coal_black,MW,nem,NSW1
2017-10-31 19:30:00,7031.0,coal_black,MW,nem,NSW1
2017-10-31 19:35:00,7029.0,coal_black,MW,nem,NSW1
2017-10-31 19:40:00,6997.0,coal_black,MW,nem,NSW1
2017-10-31 19:45:00,6983.0,coal_black,MW,nem,NSW1
2017-10-31 19:50:00,6959.0,coal_black,MW,nem,NSW1
2017-10-31 19:55:00,6961.0,coal_black,MW,nem,NSW1
2017-10-31 20:00:00,6891.0,coal_black,MW,nem,NSW1
2017-10-31 20:05:00,6855.0,coal_black,MW,nem,NSW1
2017-10-31 20:10:00,6869.0,coal_black,MW,nem,NSW1
2017-10-31 20:15:00,6905.0,coal_black,MW,nem,NSW1
2017-10-31 20:20:00,6934.0,coal_black,MW,nem,NSW1
2017-10-31 20:25:00,6833.0,coal_black,MW,nem,NSW1
2017-10-31 20:30:00,6880.0,coal_black,MW,nem,NSW1
2017-10-31 20:35:00,6819.0,coal_black,MW,nem,NSW1
2017-10-31 20:40:00,6796.0,coal_black,MW,nem,NSW1
2017-10-31 20:45:00,6736.0,coal_black,MW,nem,NSW1
2017-10-31 20:50:00,6755.0,coal_black,MW,nem,NSW1
2017-10-31 20:55:00,6724.0,coal_black,MW,nem,NSW1
2017-10-31 21:00:00,6691.0,coal_black,MW,nem,NSW1
2017-10-31 21:05:00,6649.0,coal_black,MW,nem,NSW1
2017-10-31 21:10:00,6676.0,coal_black,MW,nem,NSW1
2017-10-31 21:15:00,6674.0,coal_black,MW,nem,NSW1
2017-10-31 21:20:00,6655.0,coal_black,MW,nem,NSW1
2017-10-31 21:25:00,6620.0,coal_black,MW,nem,NSW1
2017-10-31 21:30:00,6600.0,coal_black,MW,nem,NSW1
2017-10-31 21:35:00,6565.0,coal_black,MW,nem,NSW1
2017-10-31 21:40:00,6528.0,coal_black,MW,nem,NSW1
2017-10-31 21:45:00,6538.0,coal_black,MW,nem,NSW1
2017-10-31 21:50:00,6543.0,coal_black,MW,nem,NSW1
2017-10-31 21:55:00,6447.0,coal_black,MW,nem,NSW1
2017-10-31 22:00:00,6447.0,coal_black,MW,nem,NSW1
2017-10-31 22:05:00,6355.0,coal_black,MW,nem,NSW1
2017-10-31 22:10:00,6471.0,coal_black,MW,nem,NSW1
2017-10-31 22:15:00,6559.0,coal_black,MW,nem,NSW1
2017-10-31 22:20:00,6584.0,coal_black,MW,nem,NSW1
2017-10-31 22:25:00,6605.0,coal_black,MW,nem,NSW1
2017-10-31 22:30:00,6615.0,coal_black,MW,nem,NSW1
2017-10-31 22:35:00,6550.0,coal_black,MW,nem,NSW1
2017-10-31 22:40:00,6563.0,coal_black,MW,nem,NSW1
2017-10-31 22:45:00,6566.0,coal_black,MW,nem,NSW1
2017-10-31 22:50:00,6618.0,coal_black,MW,nem,NSW1
2017-10-31 22:55:00,6630.0,coal_black,MW,nem,NSW1
2017-10-31 23:00:00,6698.0,coal_black,MW,nem,NSW1
2017-10-31 23:05:00,6672.0,coal_black,MW,nem,NSW1
2017-10-31 23:10:00,6681.0,coal_black,MW,nem,NSW1
2017-10-31 23:15:00,6670.0,coal_black,MW,nem,NSW1
2017-10-31 23:20:00,6553.0,coal_black,MW,nem,NSW1
2017-10-31 23:25:00,6491.0,coal_black,MW,nem,NSW1
2017-10-31 23:30:00,6492.0,coal_black,MW,nem,NSW1
2017-10-31 23:35:00,6429.0,coal_black,MW,nem,NSW1
2017-10-31 23:40:00,6426.0,coal_black,MW,nem,NSW1
2017-10-31 23:45:00,6450.0,coal_black,MW,nem,NSW1
2017-10-31 23:50:00,6384.0,coal_black,MW,nem,NSW1
2017-10-31 23:55:00,6355.0,coal_black,MW,nem,NSW1
2017-10-01 00:00:00,0.001884,distillate,MW,nem,NSW1
2017-10-01 00:05:00,0.001884,distillate,MW,nem,NSW1
2017-10-01 00:10:00,0.001884,distillate,MW,nem,NSW1
2017-10-01 00:15:00,-0.000481,distillate,MW,nem,NSW1
2017-10-01 00:20:00,-0.000481,distillate,MW,nem,NSW1
2017-10-01 00:25:00,-0.000481,distillate,MW,nem,NSW1
2017-10-01 00:30:00,-0.000481,distillate,MW,nem,NSW1
2017-10-01 00:35:00,-0.000481,distillate,MW,nem,NSW1
2017-10-01 00:40:00,-0.000481,distillate,MW,nem,NSW1
2017-10-01 00:45:00,-0.000481,distillate,MW,nem,NSW1
2017-10-01 00:50:00,-0.000481,distillate,MW,nem,NSW1
2017-10-01 00:55:00,-0.000481,distillate,MW,nem,NSW1
2017-10-01 01:00:00,0.000149,distillate,MW,nem,NSW1
2017-10-01 01:05:00,0.000149,distillate,MW,nem,NSW1
2017-10-01 01:10:00,0.000149,distillate,MW,nem,NSW1
2017-10-01 01:15:00,0.000149,distillate,MW,nem,NSW1
2017-10-01 01:20:00,0.000149,distillate,MW,nem,NSW1
2017-10-01 01:25:00,0.000149,distillate,MW,nem,NSW1
2017-10-01 01:30:00,0.000149,distillate,MW,nem,NSW1
2017-10-01 01:35:00,0.000149,distillate,MW,nem,NSW1
2017-10-01 01:40:00,0.000149,distillate,MW,nem,NSW1
2017-10-01 01:45:00,0.0019,distillate,MW,nem,NSW1
2017-10-01 01:50:00,0.0019,distillate,MW,nem,NSW1
2017-10-01 01:55:00,0.0019,distillate,MW,nem,NSW1
2017-10-01 02:00:00,0.0019,distillate,MW,nem,NSW1
2017-10-01 02:05:00,0.0019,distillate,MW,nem,NSW1
2017-10-01 02:10:00,0.0019,distillate,MW,nem,NSW1
2017-10-01 02:15:00,0.0019,distillate,MW,nem,NSW1
2017-10-01 02:20:00,0.0019,distillate,MW,nem,NSW1
2017-10-01 02:25:00,0.0019,distillate,MW,nem,NSW1
2017-10-01 02:30:00,0.00219,distillate,MW,nem,NSW1
2017-10-01 02:35:00,0.00219,distillate,MW,nem,NSW1
2017-10-01 02:40:00,0.00219,distillate,MW,nem,NSW1
2017-10-01 02:45:00,0.00219,distillate,MW,nem,NSW1
2017-10-01 02:50:00,0.00219,distillate,MW,nem,NSW1
2017-10-01 02:55:00,0.00219,distillate,MW,nem,NSW1
2017-10-01 03:00:00,0.00219,distillate,MW,nem,NSW1
2017-10-01 03:05:00,0.00219,distillate,MW,nem,NSW1
2017-10-01 03:10:00,0.00219,distillate,MW,nem,NSW1
2017-10-01 03:15:00,0.002396,distillate,MW,nem,NSW1
2017-10-01 03:20:00,0.002396,distillate,MW,nem,NSW1
2017-10-01 03:25:00,0.002396,distillate,MW,nem,NSW1
2017-10-01 03:30:00,0.002396,distillate,MW,nem,NSW1
2017-10-01 03:35:00,0.002396,distillate,MW,nem,NSW1
2017-10-01 03:40:00,0.002396,distillate,MW,nem,NSW1
2017-10-01 03:45:00,0.002396,distillate,MW,nem,NSW1
2017-10-01 03:50:00,0.002396,distillate,MW,nem,NSW1
2017-10-01 03:55:00,0.002396,distillate,MW,nem,NSW1
2017-10-01 04:00:00,-0.003857,distillate,MW,nem,NSW1
2017-10-01 04:05:00,-0.003857,distillate,MW,nem,NSW1
2017-10-01 04:10:00,-0.003857,distillate,MW,nem,NSW1
2017-10-01 04:15:00,-0.003857,distillate,MW,nem,NSW1
2017-10-01 04:20:00,-0.003857,distillate,MW,nem,NSW1
2017-10-01 04:25:00,-0.003857,distillate,MW,nem,NSW1
2017-10-01 04:30:00,-0.003857,distillate,MW,nem,NSW1
2017-10-01 04:35:00,-0.003857,distillate,MW,nem,NSW1
2017-10-01 04:40:00,-0.003857,distillate,MW,nem,NSW1
2017-10-01 04:45:00,-0.00359,distillate,MW,nem,NSW1
2017-10-01 04:50:00,-0.00359,distillate,MW,nem,NSW1
2017-10-01 04:55:00,-0.00359,distillate,MW,nem,NSW1
2017-10-01 05:00:00,-0.00359,distillate,MW,nem,NSW1
2017-10-01 05:05:00,-0.00359,distillate,MW,nem,NSW1
2017-10-01 05:10:00,-0.00359,distillate,MW,nem,NSW1
2017-10-01 05:15:00,-0.00359,distillate,MW,nem,NSW1
2017-10-01 05:20:00,-0.00359,distillate,MW,nem,NSW1
2017-10-01 05:25:00,-0.00359,distillate,MW,nem,NSW1
2017-10-01 05:30:00,-0.006401,distillate,MW,nem,NSW1
2017-10-01 05:35:00,-0.006401,distillate,MW,nem,NSW1
2017-10-01 05:40:00,-0.006401,distillate,MW,nem,NSW1
2017-10-01 05:45:00,-0.006401,distillate,MW,nem,NSW1
2017-10-01 05:50:00,-0.006401,distillate,MW,nem,NSW1
2017-10-01 05:55:00,-0.006401,distillate,MW,nem,NSW1
2017-10-01 06:00:00,-0.006401,distillate,MW,nem,NSW1
2017-10-01 06:05:00,-0.006401,distillate,MW,nem,NSW1
2017-10-01 06:10:00,-0.006401,distillate,MW,nem,NSW1
2017-10-01 06:15:00,-0.006199,distillate,MW,nem,NSW1
2017-10-01 06:20:00,-0.006199,distillate,MW,nem,NSW1
2017-10-01 06:25:00,-0.006199,distillate,MW,nem,NSW1
2017-10-01 06:30:00,-0.006199,distillate,MW,nem,NSW1
2017-10-01 06:35:00,-0.006199,distillate,MW,nem,NSW1
2017-10-01 06:40:00,-0.006199,distillate,MW,nem,NSW1
2017-10-01 06:45:00,-0.006199,distillate,MW,nem,NSW1
2017-10-01 06:50:00,-0.006199,distillate,MW,nem,NSW1
2017-10-01 06:55:00,-0.006199,distillate,MW,nem,NSW1
2017-10-01 07:00:00,-0.008411,distillate,MW,nem,NSW1
2017-10-01 07:05:00,-0.008411,distillate,MW,nem,NSW1
2017-10-01 07:10:00,-0.008411,distillate,MW,nem,NSW1
2017-10-01 07:15:00,-0.008411,distillate,MW,nem,NSW1
2017-10-01 07:20:00,-0.008411,distillate,MW,nem,NSW1
2017-10-01 07:25:00,-0.008411,distillate,MW,nem,NSW1
2017-10-01 07:30:00,-0.008411,distillate,MW,nem,NSW1
2017-10-01 07:35:00,-0.008411,distillate,MW,nem,NSW1
2017-10-01 07:40:00,-0.008411,distillate,MW,nem,NSW1
2017-10-01 07:45:00,-0.007828,distillate,MW,nem,NSW1
2017-10-01 07:50:00,-0.007828,distillate,MW,nem,NSW1
2017-10-01 07:55:00,-0.007828,distillate,MW,nem,NSW1
2017-10-01 08:00:00,-0.007828,distillate,MW,nem,NSW1
2017-10-01 08:05:00,-0.007828,distillate,MW,nem,NSW1
2017-10-01 08:10:00,-0.007828,distillate,MW,nem,NSW1
2017-10-01 08:15:00,-0.007828,distillate,MW,nem,NSW1
2017-10-01 08:20:00,-0.007828,distillate,MW,nem,NSW1
2017-10-01 08:25:00,-0.007828,distillate,MW,nem,NSW1
2017-10-01 08:30:00,-0.008728,distillate,MW,nem,NSW1
2017-10-01 08:35:00,-0.008728,distillate,MW,nem,NSW1
2017-10-01 08:40:00,-0.008728,distillate,MW,nem,NSW1
2017-10-01 08:45:00,-0.008728,distillate,MW,nem,NSW1
2017-10-01 08:50:00,-0.008728,distillate,MW,nem,NSW1
2017-10-01 08:55:00,-0.008728,distillate,MW,nem,NSW1
2017-10-01 09:00:00,-0.008728,distillate,MW,nem,NSW1
2017-10-01 09:05:00,-0.008728,distillate,MW,nem,NSW1
2017-10-01 09:10:00,-0.008728,distillate,MW,nem,NSW1
2017-10-01 09:15:00,-0.006634,distillate,MW,nem,NSW1
2017-10-01 09:20:00,-0.006634,distillate,MW,nem,NSW1
2017-10-01 09:25:00,-0.006634,distillate,MW,nem,NSW1
2017-10-01 09:30:00,-0.006634,distillate,MW,nem,NSW1
2017-10-01 09:35:00,-0.006634,distillate,MW,nem,NSW1
2017-10-01 09:40:00,-0.006634,distillate,MW,nem,NSW1
2017-10-01 09:45:00,-0.006634,distillate,MW,nem,NSW1
2017-10-01 09:50:00,-0.006634,distillate,MW,nem,NSW1
2017-10-01 09:55:00,-0.006634,distillate,MW,nem,NSW1
2017-10-01 10:00:00,-0.002312,distillate,MW,nem,NSW1
2017-10-01 10:05:00,-0.002312,distillate,MW,nem,NSW1
2017-10-01 10:10:00,-0.002312,distillate,MW,nem,NSW1
2017-10-01 10:15:00,-0.002312,distillate,MW,nem,NSW1
2017-10-01 10:20:00,-0.002312,distillate,MW,nem,NSW1
2017-10-01 10:25:00,-0.002312,distillate,MW,nem,NSW1
2017-10-01 10:30:00,-0.002312,distillate,MW,nem,NSW1
2017-10-01 10:35:00,-0.002312,distillate,MW,nem,NSW1
2017-10-01 10:40:00,-0.002312,distillate,MW,nem,NSW1
2017-10-01 10:45:00,-0.000378,distillate,MW,nem,NSW1
2017-10-01 10:50:00,-0.000378,distillate,MW,nem,NSW1
2017-10-01 10:55:00,-0.000378,distillate,MW,nem,NSW1
2017-10-01 11:00:00,-0.000378,distillate,MW,nem,NSW1
2017-10-01 11:05:00,-0.000378,distillate,MW,nem,NSW1
2017-10-01 11:10:00,-0.000378,distillate,MW,nem,NSW1
2017-10-01 11:15:00,-0.000378,distillate,MW,nem,NSW1
2017-10-01 11:20:00,-0.000378,distillate,MW,nem,NSW1
2017-10-01 11:25:00,-0.000378,distillate,MW,nem,NSW1
2017-10-01 11:30:00,-0.002434,distillate,MW,nem,NSW1
2017-10-01 11:35:00,-0.002434,distillate,MW,nem,NSW1
2017-10-01 11:40:00,-0.002434,distillate,MW,nem,NSW1
2017-10-01 11:45:00,-0.002434,distillate,MW,nem,NSW1
2017-10-01 11:50:00,-0.002434,distillate,MW,nem,NSW1
2017-10-01 11:55:00,-0.002434,distillate,MW,nem,NSW1
2017-10-01 12:00:00,-0.002434,distillate,MW,nem,NSW1
2017-10-01 12:05:00,-0.002434,distillate,MW,nem,NSW1
2017-10-01 12:10:00,-0.002434,distillate,MW,nem,NSW1
2017-10-01 12:15:00,-0.002689,distillate,MW,nem,NSW1
2017-10-01 12:20:00,-0.002689,distillate,MW,nem,NSW1
2017-10-01 12:25:00,-0.002689,distillate,MW,nem,NSW1
2017-10-01 12:30:00,-0.002689,distillate,MW,nem,NSW1
2017-10-01 12:35:00,-0.002689,distillate,MW,nem,NSW1
2017-10-01 12:40:00,-0.002689,distillate,MW,nem,NSW1
2017-10-01 12:45:00,-0.002689,distillate,MW,nem,NSW1
2017-10-01 12:50:00,-0.002689,distillate,MW,nem,NSW1
2017-10-01 12:55:00,-0.002689,distillate,MW,nem,NSW1
2017-10-01 13:00:00,-0.003548,distillate,MW,nem,NSW1
2017-10-01 13:05:00,-0.003548,distillate,MW,nem,NSW1
2017-10-01 13:10:00,-0.003548,distillate,MW,nem,NSW1
2017-10-01 13:15:00,-0.003548,distillate,MW,nem,NSW1
2017-10-01 13:20:00,-0.003548,distillate,MW,nem,NSW1
2017-10-01 13:25:00,-0.003548,distillate,MW,nem,NSW1
2017-10-01 13:30:00,-0.003548,distillate,MW,nem,NSW1
2017-10-01 13:35:00,-0.003548,distillate,MW,nem,NSW1
2017-10-01 13:40:00,-0.003548,distillate,MW,nem,NSW1
2017-10-01 13:45:00,-0.003075,distillate,MW,nem,NSW1
2017-10-01 13:50:00,-0.003075,distillate,MW,nem,NSW1
2017-10-01 13:55:00,-0.003075,distillate,MW,nem,NSW1
2017-10-01 14:00:00,-0.003075,distillate,MW,nem,NSW1
2017-10-01 14:05:00,-0.003075,distillate,MW,nem,NSW1
2017-10-01 14:10:00,-0.003075,distillate,MW,nem,NSW1
2017-10-01 14:15:00,-0.003075,distillate,MW,nem,NSW1
2017-10-01 14:20:00,-0.003075,distillate,MW,nem,NSW1
2017-10-01 14:25:00,-0.003075,distillate,MW,nem,NSW1
2017-10-01 14:30:00,0.000175,distillate,MW,nem,NSW1
2017-10-01 14:35:00,0.000175,distillate,MW,nem,NSW1
2017-10-01 14:40:00,0.000175,distillate,MW,nem,NSW1
2017-10-01 14:45:00,0.000175,distillate,MW,nem,NSW1
2017-10-01 14:50:00,0.000175,distillate,MW,nem,NSW1
2017-10-01 14:55:00,0.000175,distillate,MW,nem,NSW1
2017-10-01 15:00:00,0.000175,distillate,MW,nem,NSW1
2017-10-01 15:05:00,0.000175,distillate,MW,nem,NSW1
2017-10-01 15:10:00,0.000175,distillate,MW,nem,NSW1
2017-10-01 15:15:00,0.00013,distillate,MW,nem,NSW1
2017-10-01 15:20:00,0.00013,distillate,MW,nem,NSW1
2017-10-01 15:25:00,0.00013,distillate,MW,nem,NSW1
2017-10-01 15:30:00,0.00013,distillate,MW,nem,NSW1
2017-10-01 15:35:00,0.00013,distillate,MW,nem,NSW1
2017-10-01 15:40:00,0.00013,distillate,MW,nem,NSW1
2017-10-01 15:45:00,0.00013,distillate,MW,nem,NSW1
2017-10-01 15:50:00,0.00013,distillate,MW,nem,NSW1
2017-10-01 15:55:00,0.00013,distillate,MW,nem,NSW1
2017-10-01 16:00:00,0.000862,distillate,MW,nem,NSW1
2017-10-01 16:05:00,0.000862,distillate,MW,nem,NSW1
2017-10-01 16:10:00,0.000862,distillate,MW,nem,NSW1
2017-10-01 16:15:00,0.000862,distillate,MW,nem,NSW1
2017-10-01 16:20:00,0.000862,distillate,MW,nem,NSW1
2017-10-01 16:25:00,0.000862,distillate,MW,nem,NSW1
2017-10-01 16:30:00,0.000862,distillate,MW,nem,NSW1
2017-10-01 16:35:00,0.000862,distillate,MW,nem,NSW1
2017-10-01 16:40:00,0.000862,distillate,MW,nem,NSW1
2017-10-01 16:45:00,-0.001709,distillate,MW,nem,NSW1
2017-10-01 16:50:00,-0.001709,distillate,MW,nem,NSW1
2017-10-01 16:55:00,-0.001709,distillate,MW,nem,NSW1
2017-10-01 17:00:00,-0.001709,distillate,MW,nem,NSW1
2017-10-01 17:05:00,-0.001709,distillate,MW,nem,NSW1
2017-10-01 17:10:00,-0.001709,distillate,MW,nem,NSW1
2017-10-01 17:15:00,-0.001709,distillate,MW,nem,NSW1
2017-10-01 17:20:00,-0.001709,distillate,MW,nem,NSW1
2017-10-01 17:25:00,-0.001709,distillate,MW,nem,NSW1
2017-10-01 17:30:00,0.001316,distillate,MW,nem,NSW1
2017-10-01 17:35:00,0.001316,distillate,MW,nem,NSW1
2017-10-01 17:40:00,0.001316,distillate,MW,nem,NSW1
2017-10-01 17:45:00,0.001316,distillate,MW,nem,NSW1
2017-10-01 17:50:00,0.001316,distillate,MW,nem,NSW1
2017-10-01 17:55:00,0.001316,distillate,MW,nem,NSW1
2017-10-01 18:00:00,0.001316,distillate,MW,nem,NSW1
2017-10-01 18:05:00,0.001316,distillate,MW,nem,NSW1
2017-10-01 18:10:00,0.001316,distillate,MW,nem,NSW1
2017-10-01 18:15:00,0.000492,distillate,MW,nem,NSW1
2017-10-01 18:20:00,0.000492,distillate,MW,nem,NSW1
2017-10-01 18:25:00,0.000492,distillate,MW,nem,NSW1
2017-10-01 18:30:00,0.000492,distillate,MW,nem,NSW1
2017-10-01 18:35:00,0.000492,distillate,MW,nem,NSW1
2017-10-01 18:40:00,0.000492,distillate,MW,nem,NSW1
2017-10-01 18:45:00,0.000492,distillate,MW,nem,NSW1
2017-10-01 18:50:00,0.000492,distillate,MW,nem,NSW1
2017-10-01 18:55:00,0.000492,distillate,MW,nem,NSW1
2017-10-01 19:00:00,0.001392,distillate,MW,nem,NSW1
2017-10-01 19:05:00,0.001392,distillate,MW,nem,NSW1
2017-10-01 19:10:00,0.001392,distillate,MW,nem,NSW1
2017-10-01 19:15:00,0.001392,distillate,MW,nem,NSW1
2017-10-01 19:20:00,0.001392,distillate,MW,nem,NSW1
2017-10-01 19:25:00,0.001392,distillate,MW,nem,NSW1
2017-10-01 19:30:00,0.001392,distillate,MW,nem,NSW1
2017-10-01 19:35:00,0.001392,distillate,MW,nem,NSW1
2017-10-01 19:40:00,0.001392,distillate,MW,nem,NSW1
2017-10-01 19:45:00,0.000111,distillate,MW,nem,NSW1
2017-10-01 19:50:00,0.000111,distillate,MW,nem,NSW1
2017-10-01 19:55:00,0.000111,distillate,MW,nem,NSW1
2017-10-01 20:00:00,0.000111,distillate,MW,nem,NSW1
2017-10-01 20:05:00,0.000111,distillate,MW,nem,NSW1
2017-10-01 20:10:00,0.000111,distillate,MW,nem,NSW1
2017-10-01 20:15:00,0.000111,distillate,MW,nem,NSW1
2017-10-01 20:20:00,0.000111,distillate,MW,nem,NSW1
2017-10-01 20:25:00,0.000111,distillate,MW,nem,NSW1
2017-10-01 20:30:00,0.002686,distillate,MW,nem,NSW1
2017-10-01 20:35:00,0.002686,distillate,MW,nem,NSW1
2017-10-01 20:40:00,0.002686,distillate,MW,nem,NSW1
2017-10-01 20:45:00,0.002686,distillate,MW,nem,NSW1
2017-10-01 20:50:00,0.002686,distillate,MW,nem,NSW1
2017-10-01 20:55:00,0.002686,distillate,MW,nem,NSW1
2017-10-01 21:00:00,0.002686,distillate,MW,nem,NSW1
2017-10-01 21:05:00,0.002686,distillate,MW,nem,NSW1
2017-10-01 21:10:00,0.002686,distillate,MW,nem,NSW1
2017-10-01 21:15:00,0.001167,distillate,MW,nem,NSW1
2017-10-01 21:20:00,0.001167,distillate,MW,nem,NSW1
2017-10-01 21:25:00,0.001167,distillate,MW,nem,NSW1
2017-10-01 21:30:00,0.001167,distillate,MW,nem,NSW1
2017-10-01 21:35:00,0.001167,distillate,MW,nem,NSW1
2017-10-01 21:40:00,0.001167,distillate,MW,nem,NSW1
2017-10-01 21:45:00,0.001167,distillate,MW,nem,NSW1
2017-10-01 21:50:00,0.001167,distillate,MW,nem,NSW1
2017-10-01 21:55:00,0.001167,distillate,MW,nem,NSW1
2017-10-01 22:00:00,0.000721,distillate,MW,nem,NSW1
2017-10-01 22:05:00,0.000721,distillate,MW,nem,NSW1
2017-10-01 22:10:00,0.000721,distillate,MW,nem,NSW1
2017-10-01 22:15:00,0.000721,distillate,MW,nem,NSW1
2017-10-01 22:20:00,0.000721,distillate,MW,nem,NSW1
2017-10-01 22:25:00,0.000721,distillate,MW,nem,NSW1
2017-10-01 22:30:00,0.000721,distillate,MW,nem,NSW1
2017-10-01 22:35:00,0.000721,distillate,MW,nem,NSW1
2017-10-01 22:40:00,0.000721,distillate,MW,nem,NSW1
2017-10-01 22:45:00,0.001221,distillate,MW,nem,NSW1
2017-10-01 22:50:00,0.001221,distillate,MW,nem,NSW1
2017-10-01 22:55:00,0.001221,distillate,MW,nem,NSW1
2017-10-01 23:00:00,0.001221,distillate,MW,nem,NSW1
2017-10-01 23:05:00,0.001221,distillate,MW,nem,NSW1
2017-10-01 23:10:00,0.001221,distillate,MW,nem,NSW1
2017-10-01 23:15:00,0.001221,distillate,MW,nem,NSW1
2017-10-01 23:20:00,0.001221,distillate,MW,nem,NSW1
2017-10-01 23:25:00,0.001221,distillate,MW,nem,NSW1
2017-10-01 23:30:00,-0.000652,distillate,MW,nem,NSW1
2017-10-01 23:35:00,-0.000652,distillate,MW,nem,NSW1
2017-10-01 23:40:00,-0.000652,distillate,MW,nem,NSW1
2017-10-01 23:45:00,-0.000652,distillate,MW,nem,NSW1
2017-10-01 23:50:00,-0.000652,distillate,MW,nem,NSW1
2017-10-01 23:55:00,-0.000652,distillate,MW,nem,NSW1
2017-10-02 00:00:00,-0.000652,distillate,MW,nem,NSW1
2017-10-02 00:05:00,-0.000652,distillate,MW,nem,NSW1
2017-10-02 00:10:00,-0.000652,distillate,MW,nem,NSW1
2017-10-02 00:15:00,0.002178,distillate,MW,nem,NSW1
2017-10-02 00:20:00,0.002178,distillate,MW,nem,NSW1
2017-10-02 00:25:00,0.002178,distillate,MW,nem,NSW1
2017-10-02 00:30:00,0.002178,distillate,MW,nem,NSW1
2017-10-02 00:35:00,0.002178,distillate,MW,nem,NSW1
2017-10-02 00:40:00,0.002178,distillate,MW,nem,NSW1
2017-10-02 00:45:00,0.002178,distillate,MW,nem,NSW1
2017-10-02 00:50:00,0.002178,distillate,MW,nem,NSW1
2017-10-02 00:55:00,0.002178,distillate,MW,nem,NSW1
2017-10-02 01:00:00,0.005932,distillate,MW,nem,NSW1
2017-10-02 01:05:00,0.005932,distillate,MW,nem,NSW1
2017-10-02 01:10:00,0.005932,distillate,MW,nem,NSW1
2017-10-02 01:15:00,0.005932,distillate,MW,nem,NSW1
2017-10-02 01:20:00,0.005932,distillate,MW,nem,NSW1
2017-10-02 01:25:00,0.005932,distillate,MW,nem,NSW1
2017-10-02 01:30:00,0.005932,distillate,MW,nem,NSW1
2017-10-02 01:35:00,0.005932,distillate,MW,nem,NSW1
2017-10-02 01:40:00,0.005932,distillate,MW,nem,NSW1
2017-10-02 01:45:00,0.008713,distillate,MW,nem,NSW1
2017-10-02 01:50:00,0.008713,distillate,MW,nem,NSW1
2017-10-02 01:55:00,0.008713,distillate,MW,nem,NSW1
2017-10-02 02:00:00,0.008713,distillate,MW,nem,NSW1
2017-10-02 02:05:00,0.008713,distillate,MW,nem,NSW1
2017-10-02 02:10:00,0.008713,distillate,MW,nem,NSW1
2017-10-02 02:15:00,0.008713,distillate,MW,nem,NSW1
2017-10-02 02:20:00,0.008713,distillate,MW,nem,NSW1
2017-10-02 02:25:00,0.008713,distillate,MW,nem,NSW1
2017-10-02 02:30:00,0.004963,distillate,MW,nem,NSW1
2017-10-02 02:35:00,0.004963,distillate,MW,nem,NSW1
2017-10-02 02:40:00,0.004963,distillate,MW,nem,NSW1
2017-10-02 02:45:00,0.004963,distillate,MW,nem,NSW1
2017-10-02 02:50:00,0.004963,distillate,MW,nem,NSW1
2017-10-02 02:55:00,0.004963,distillate,MW,nem,NSW1
2017-10-02 03:00:00,0.004963,distillate,MW,nem,NSW1
2017-10-02 03:05:00,0.004963,distillate,MW,nem,NSW1
2017-10-02 03:10:00,0.004963,distillate,MW,nem,NSW1
2017-10-02 03:15:00,-0.000645,distillate,MW,nem,NSW1
2017-10-02 03:20:00,-0.000645,distillate,MW,nem,NSW1
2017-10-02 03:25:00,-0.000645,distillate,MW,nem,NSW1
2017-10-02 03:30:00,-0.000645,distillate,MW,nem,NSW1
2017-10-02 03:35:00,-0.000645,distillate,MW,nem,NSW1
2017-10-02 03:40:00,-0.000645,distillate,MW,nem,NSW1
2017-10-02 03:45:00,-0.000645,distillate,MW,nem,NSW1
2017-10-02 03:50:00,-0.000645,distillate,MW,nem,NSW1
2017-10-02 03:55:00,-0.000645,distillate,MW,nem,NSW1
2017-10-02 04:00:00,0.003738,distillate,MW,nem,NSW1
2017-10-02 04:05:00,0.003738,distillate,MW,nem,NSW1
2017-10-02 04:10:00,0.003738,distillate,MW,nem,NSW1
2017-10-02 04:15:00,0.003738,distillate,MW,nem,NSW1
2017-10-02 04:20:00,0.003738,distillate,MW,nem,NSW1
2017-10-02 04:25:00,0.003738,distillate,MW,nem,NSW1
2017-10-02 04:30:00,0.003738,distillate,MW,nem,NSW1
2017-10-02 04:35:00,0.003738,distillate,MW,nem,NSW1
2017-10-02 04:40:00,0.003738,distillate,MW,nem,NSW1
2017-10-02 04:45:00,0.003857,distillate,MW,nem,NSW1
2017-10-02 04:50:00,0.003857,distillate,MW,nem,NSW1
2017-10-02 04:55:00,0.003857,distillate,MW,nem,NSW1
2017-10-02 05:00:00,0.003857,distillate,MW,nem,NSW1
2017-10-02 05:05:00,0.003857,distillate,MW,nem,NSW1
2017-10-02 05:10:00,0.003857,distillate,MW,nem,NSW1
2017-10-02 05:15:00,0.003857,distillate,MW,nem,NSW1
2017-10-02 05:20:00,0.003857,distillate,MW,nem,NSW1
2017-10-02 05:25:00,0.003857,distillate,MW,nem,NSW1
2017-10-02 05:30:00,-0.00214,distillate,MW,nem,NSW1
2017-10-02 05:35:00,-0.00214,distillate,MW,nem,NSW1
2017-10-02 05:40:00,-0.00214,distillate,MW,nem,NSW1
2017-10-02 05:45:00,-0.00214,distillate,MW,nem,NSW1
2017-10-02 05:50:00,-0.00214,distillate,MW,nem,NSW1
2017-10-02 05:55:00,-0.00214,distillate,MW,nem,NSW1
2017-10-02 06:00:00,-0.00214,distillate,MW,nem,NSW1
2017-10-02 06:05:00,-0.00214,distillate,MW,nem,NSW1
2017-10-02 06:10:00,-0.00214,distillate,MW,nem,NSW1
2017-10-02 06:15:00,-0.001637,distillate,MW,nem,NSW1
2017-10-02 06:20:00,-0.001637,distillate,MW,nem,NSW1
2017-10-02 06:25:00,-0.001637,distillate,MW,nem,NSW1
2017-10-02 06:30:00,-0.001637,distillate,MW,nem,NSW1
2017-10-02 06:35:00,-0.001637,distillate,MW,nem,NSW1
2017-10-02 06:40:00,-0.001637,distillate,MW,nem,NSW1
2017-10-02 06:45:00,-0.001637,distillate,MW,nem,NSW1
2017-10-02 06:50:00,-0.001637,distillate,MW,nem,NSW1
2017-10-02 06:55:00,-0.001637,distillate,MW,nem,NSW1
2017-10-02 07:00:00,-0.004364,distillate,MW,nem,NSW1
2017-10-02 07:05:00,-0.004364,distillate,MW,nem,NSW1
2017-10-02 07:10:00,-0.004364,distillate,MW,nem,NSW1
2017-10-02 07:15:00,-0.004364,distillate,MW,nem,NSW1
2017-10-02 07:20:00,-0.004364,distillate,MW,nem,NSW1
2017-10-02 07:25:00,-0.004364,distillate,MW,nem,NSW1
2017-10-02 07:30:00,-0.004364,distillate,MW,nem,NSW1
2017-10-02 07:35:00,-0.004364,distillate,MW,nem,NSW1
2017-10-02 07:40:00,-0.004364,distillate,MW,nem,NSW1
2017-10-02 07:45:00,-0.00383,distillate,MW,nem,NSW1
2017-10-02 07:50:00,-0.00383,distillate,MW,nem,NSW1
2017-10-02 07:55:00,-0.00383,distillate,MW,nem,NSW1
2017-10-02 08:00:00,-0.00383,distillate,MW,nem,NSW1
2017-10-02 08:05:00,-0.00383,distillate,MW,nem,NSW1
2017-10-02 08:10:00,-0.00383,distillate,MW,nem,NSW1
2017-10-02 08:15:00,-0.00383,distillate,MW,nem,NSW1
2017-10-02 08:20:00,-0.00383,distillate,MW,nem,NSW1
2017-10-02 08:25:00,-0.00383,distillate,MW,nem,NSW1
2017-10-02 08:30:00,-0.005936,distillate,MW,nem,NSW1
2017-10-02 08:35:00,-0.005936,distillate,MW,nem,NSW1
2017-10-02 08:40:00,-0.005936,distillate,MW,nem,NSW1
2017-10-02 08:45:00,-0.005936,distillate,MW,nem,NSW1
2017-10-02 08:50:00,-0.005936,distillate,MW,nem,NSW1
2017-10-02 08:55:00,-0.005936,distillate,MW,nem,NSW1
2017-10-02 09:00:00,-0.005936,distillate,MW,nem,NSW1
2017-10-02 09:05:00,-0.005936,distillate,MW,nem,NSW1
2017-10-02 09:10:00,-0.005936,distillate,MW,nem,NSW1
2017-10-02 09:15:00,-0.000748,distillate,MW,nem,NSW1
2017-10-02 09:20:00,-0.000748,distillate,MW,nem,NSW1
2017-10-02 09:25:00,-0.000748,distillate,MW,nem,NSW1
2017-10-02 09:30:00,-0.000748,distillate,MW,nem,NSW1
2017-10-02 09:35:00,-0.000748,distillate,MW,nem,NSW1
2017-10-02 09:40:00,-0.000748,distillate,MW,nem,NSW1
2017-10-02 09:45:00,-0.000748,distillate,MW,nem,NSW1
2017-10-02 09:50:00,-0.000748,distillate,MW,nem,NSW1
2017-10-02 09:55:00,-0.000748,distillate,MW,nem,NSW1
2017-10-02 10:00:00,-0.002907,distillate,MW,nem,NSW1
2017-10-02 10:05:00,-0.002907,distillate,MW,nem,NSW1
2017-10-02 10:10:00,-0.002907,distillate,MW,nem,NSW1
2017-10-02 10:15:00,-0.002907,distillate,MW,nem,NSW1
2017-10-02 10:20:00,-0.002907,distillate,MW,nem,NSW1
2017-10-02 10:25:00,-0.002907,distillate,MW,nem,NSW1
2017-10-02 10:30:00,-0.002907,distillate,MW,nem,NSW1
2017-10-02 10:35:00,-0.002907,distillate,MW,nem,NSW1
2017-10-02 10:40:00,-0.002907,distillate,MW,nem,NSW1
2017-10-02 10:45:00,-0.00111,distillate,MW,nem,NSW1
2017-10-02 10:50:00,-0.00111,distillate,MW,nem,NSW1
2017-10-02 10:55:00,-0.00111,distillate,MW,nem,NSW1
2017-10-02 11:00:00,-0.00111,distillate,MW,nem,NSW1
2017-10-02 11:05:00,-0.00111,distillate,MW,nem,NSW1
2017-10-02 11:10:00,-0.00111,distillate,MW,nem,NSW1
2017-10-02 11:15:00,-0.00111,distillate,MW,nem,NSW1
2017-10-02 11:20:00,-0.00111,distillate,MW,nem,NSW1
2017-10-02 11:25:00,-0.00111,distillate,MW,nem,NSW1
2017-10-02 11:30:00,-0.002113,distillate,MW,nem,NSW1
2017-10-02 11:35:00,-0.002113,distillate,MW,nem,NSW1
2017-10-02 11:40:00,-0.002113,distillate,MW,nem,NSW1
2017-10-02 11:45:00,-0.002113,distillate,MW,nem,NSW1
2017-10-02 11:50:00,-0.002113,distillate,MW,nem,NSW1
2017-10-02 11:55:00,-0.002113,distillate,MW,nem,NSW1
2017-10-02 12:00:00,-0.002113,distillate,MW,nem,NSW1
2017-10-02 12:05:00,-0.002113,distillate,MW,nem,NSW1
2017-10-02 12:10:00,-0.002113,distillate,MW,nem,NSW1
2017-10-02 12:15:00,0.001053,distillate,MW,nem,NSW1
2017-10-02 12:20:00,0.001053,distillate,MW,nem,NSW1
2017-10-02 12:25:00,0.001053,distillate,MW,nem,NSW1
2017-10-02 12:30:00,0.001053,distillate,MW,nem,NSW1
2017-10-02 12:35:00,0.001053,distillate,MW,nem,NSW1
2017-10-02 12:40:00,0.001053,distillate,MW,nem,NSW1
2017-10-02 12:45:00,0.001053,distillate,MW,nem,NSW1
2017-10-02 12:50:00,0.001053,distillate,MW,nem,NSW1
2017-10-02 12:55:00,0.001053,distillate,MW,nem,NSW1
2017-10-02 13:00:00,0.001217,distillate,MW,nem,NSW1
2017-10-02 13:05:00,0.001217,distillate,MW,nem,NSW1
2017-10-02 13:10:00,0.001217,distillate,MW,nem,NSW1
2017-10-02 13:15:00,0.001217,distillate,MW,nem,NSW1
2017-10-02 13:20:00,0.001217,distillate,MW,nem,NSW1
2017-10-02 13:25:00,0.001217,distillate,MW,nem,NSW1
2017-10-02 13:30:00,0.001217,distillate,MW,nem,NSW1
2017-10-02 13:35:00,0.001217,distillate,MW,nem,NSW1
2017-10-02 13:40:00,0.001217,distillate,MW,nem,NSW1
2017-10-02 13:45:00,0.001076,distillate,MW,nem,NSW1
2017-10-02 13:50:00,0.001076,distillate,MW,nem,NSW1
2017-10-02 13:55:00,0.001076,distillate,MW,nem,NSW1
2017-10-02 14:00:00,0.001076,distillate,MW,nem,NSW1
2017-10-02 14:05:00,0.001076,distillate,MW,nem,NSW1
2017-10-02 14:10:00,0.001076,distillate,MW,nem,NSW1
2017-10-02 14:15:00,0.001076,distillate,MW,nem,NSW1
2017-10-02 14:20:00,0.001076,distillate,MW,nem,NSW1
2017-10-02 14:25:00,0.001076,distillate,MW,nem,NSW1
2017-10-02 14:30:00,0.001617,distillate,MW,nem,NSW1
2017-10-02 14:35:00,0.001617,distillate,MW,nem,NSW1
2017-10-02 14:40:00,0.001617,distillate,MW,nem,NSW1
2017-10-02 14:45:00,0.001617,distillate,MW,nem,NSW1
2017-10-02 14:50:00,0.001617,distillate,MW,nem,NSW1
2017-10-02 14:55:00,0.001617,distillate,MW,nem,NSW1
2017-10-02 15:00:00,0.001617,distillate,MW,nem,NSW1
2017-10-02 15:05:00,0.001617,distillate,MW,nem,NSW1
2017-10-02 15:10:00,0.001617,distillate,MW,nem,NSW1
2017-10-02 15:15:00,-0.005932,distillate,MW,nem,NSW1
2017-10-02 15:20:00,-0.005932,distillate,MW,nem,NSW1
2017-10-02 15:25:00,-0.005932,distillate,MW,nem,NSW1
2017-10-02 15:30:00,-0.005932,distillate,MW,nem,NSW1
2017-10-02 15:35:00,-0.005932,distillate,MW,nem,NSW1
2017-10-02 15:40:00,-0.005932,distillate,MW,nem,NSW1
2017-10-02 15:45:00,-0.005932,distillate,MW,nem,NSW1
2017-10-02 15:50:00,-0.005932,distillate,MW,nem,NSW1
2017-10-02 15:55:00,-0.005932,distillate,MW,nem,NSW1
2017-10-02 16:00:00,-0.001724,distillate,MW,nem,NSW1
2017-10-02 16:05:00,-0.001724,distillate,MW,nem,NSW1
2017-10-02 16:10:00,-0.001724,distillate,MW,nem,NSW1
2017-10-02 16:15:00,-0.001724,distillate,MW,nem,NSW1
2017-10-02 16:20:00,-0.001724,distillate,MW,nem,NSW1
2017-10-02 16:25:00,-0.001724,distillate,MW,nem,NSW1
2017-10-02 16:30:00,-0.001724,distillate,MW,nem,NSW1
2017-10-02 16:35:00,-0.001724,distillate,MW,nem,NSW1
2017-10-02 16:40:00,-0.001724,distillate,MW,nem,NSW1
2017-10-02 16:45:00,-0.003578,distillate,MW,nem,NSW1
2017-10-02 16:50:00,-0.003578,distillate,MW,nem,NSW1
2017-10-02 16:55:00,-0.003578,distillate,MW,nem,NSW1
2017-10-02 17:00:00,-0.003578,distillate,MW,nem,NSW1
2017-10-02 17:05:00,-0.003578,distillate,MW,nem,NSW1
2017-10-02 17:10:00,-0.003578,distillate,MW,nem,NSW1
2017-10-02 17:15:00,-0.003578,distillate,MW,nem,NSW1
2017-10-02 17:20:00,-0.003578,distillate,MW,nem,NSW1
2017-10-02 17:25:00,-0.003578,distillate,MW,nem,NSW1
2017-10-02 17:30:00,-0.002941,distillate,MW,nem,NSW1
2017-10-02 17:35:00,-0.002941,distillate,MW,nem,NSW1
2017-10-02 17:40:00,-0.002941,distillate,MW,nem,NSW1
2017-10-02 17:45:00,-0.002941,distillate,MW,nem,NSW1
2017-10-02 17:50:00,-0.002941,distillate,MW,nem,NSW1
2017-10-02 17:55:00,-0.002941,distillate,MW,nem,NSW1
2017-10-02 18:00:00,-0.002941,distillate,MW,nem,NSW1
2017-10-02 18:05:00,-0.002941,distillate,MW,nem,NSW1
2017-10-02 18:10:00,-0.002941,distillate,MW,nem,NSW1
2017-10-02 18:15:00,-0.005383,distillate,MW,nem,NSW1
2017-10-02 18:20:00,-0.005383,distillate,MW,nem,NSW1
2017-10-02 18:25:00,-0.005383,distillate,MW,nem,NSW1
2017-10-02 18:30:00,-0.005383,distillate,MW,nem,NSW1
2017-10-02 18:35:00,-0.005383,distillate,MW,nem,NSW1
2017-10-02 18:40:00,-0.005383,distillate,MW,nem,NSW1
2017-10-02 18:45:00,-0.005383,distillate,MW,nem,NSW1
2017-10-02 18:50:00,-0.005383,distillate,MW,nem,NSW1
2017-10-02 18:55:00,-0.005383,distillate,MW,nem,NSW1
2017-10-02 19:00:00,-0.002056,distillate,MW,nem,NSW1
2017-10-02 19:05:00,-0.002056,distillate,MW,nem,NSW1
2017-10-02 19:10:00,-0.002056,distillate,MW,nem,NSW1
2017-10-02 19:15:00,-0.002056,distillate,MW,nem,NSW1
2017-10-02 19:20:00,-0.002056,distillate,MW,nem,NSW1
2017-10-02 19:25:00,-0.002056,distillate,MW,nem,NSW1
2017-10-02 19:30:00,-0.002056,distillate,MW,nem,NSW1
2017-10-02 19:35:00,-0.002056,distillate,MW,nem,NSW1
2017-10-02 19:40:00,-0.002056,distillate,MW,nem,NSW1
2017-10-02 19:45:00,0.001148,distillate,MW,nem,NSW1
2017-10-02 19:50:00,0.001148,distillate,MW,nem,NSW1
2017-10-02 19:55:00,0.001148,distillate,MW,nem,NSW1
2017-10-02 20:00:00,0.001148,distillate,MW,nem,NSW1
2017-10-02 20:05:00,0.001148,distillate,MW,nem,NSW1
2017-10-02 20:10:00,0.001148,distillate,MW,nem,NSW1
2017-10-02 20:15:00,0.001148,distillate,MW,nem,NSW1
2017-10-02 20:20:00,0.001148,distillate,MW,nem,NSW1
2017-10-02 20:25:00,0.001148,distillate,MW,nem,NSW1
2017-10-02 20:30:00,-0.000328,distillate,MW,nem,NSW1
2017-10-02 20:35:00,-0.000328,distillate,MW,nem,NSW1
2017-10-02 20:40:00,-0.000328,distillate,MW,nem,NSW1
2017-10-02 20:45:00,-0.000328,distillate,MW,nem,NSW1
2017-10-02 20:50:00,-0.000328,distillate,MW,nem,NSW1
2017-10-02 20:55:00,-0.000328,distillate,MW,nem,NSW1
2017-10-02 21:00:00,-0.000328,distillate,MW,nem,NSW1
2017-10-02 21:05:00,-0.000328,distillate,MW,nem,NSW1
2017-10-02 21:10:00,-0.000328,distillate,MW,nem,NSW1
2017-10-02 21:15:00,-0.001266,distillate,MW,nem,NSW1
2017-10-02 21:20:00,-0.001266,distillate,MW,nem,NSW1
2017-10-02 21:25:00,-0.001266,distillate,MW,nem,NSW1
2017-10-02 21:30:00,-0.001266,distillate,MW,nem,NSW1
2017-10-02 21:35:00,-0.001266,distillate,MW,nem,NSW1
2017-10-02 21:40:00,-0.001266,distillate,MW,nem,NSW1
2017-10-02 21:45:00,-0.001266,distillate,MW,nem,NSW1
2017-10-02 21:50:00,-0.001266,distillate,MW,nem,NSW1
2017-10-02 21:55:00,-0.001266,distillate,MW,nem,NSW1
2017-10-02 22:00:00,-0.000683,distillate,MW,nem,NSW1
2017-10-02 22:05:00,-0.000683,distillate,MW,nem,NSW1
2017-10-02 22:10:00,-0.000683,distillate,MW,nem,NSW1
2017-10-02 22:15:00,-0.000683,distillate,MW,nem,NSW1
2017-10-02 22:20:00,-0.000683,distillate,MW,nem,NSW1
2017-10-02 22:25:00,-0.000683,distillate,MW,nem,NSW1
2017-10-02 22:30:00,-0.000683,distillate,MW,nem,NSW1
2017-10-02 22:35:00,-0.000683,distillate,MW,nem,NSW1
2017-10-02 22:40:00,-0.000683,distillate,MW,nem,NSW1
2017-10-02 22:45:00,0.00045,distillate,MW,nem,NSW1
2017-10-02 22:50:00,0.00045,distillate,MW,nem,NSW1
2017-10-02 22:55:00,0.00045,distillate,MW,nem,NSW1
2017-10-02 23:00:00,0.00045,distillate,MW,nem,NSW1
2017-10-02 23:05:00,0.00045,distillate,MW,nem,NSW1
2017-10-02 23:10:00,0.00045,distillate,MW,nem,NSW1
2017-10-02 23:15:00,0.00045,distillate,MW,nem,NSW1
2017-10-02 23:20:00,0.00045,distillate,MW,nem,NSW1
2017-10-02 23:25:00,0.00045,distillate,MW,nem,NSW1
2017-10-02 23:30:00,0.000519,distillate,MW,nem,NSW1
2017-10-02 23:35:00,0.000519,distillate,MW,nem,NSW1
2017-10-02 23:40:00,0.000519,distillate,MW,nem,NSW1
2017-10-02 23:45:00,0.000519,distillate,MW,nem,NSW1
2017-10-02 23:50:00,0.000519,distillate,MW,nem,NSW1
2017-10-02 23:55:00,0.000519,distillate,MW,nem,NSW1
2017-10-03 00:00:00,0.000519,distillate,MW,nem,NSW1
2017-10-03 00:05:00,0.000519,distillate,MW,nem,NSW1
2017-10-03 00:10:00,0.000519,distillate,MW,nem,NSW1
2017-10-03 00:15:00,0.000683,distillate,MW,nem,NSW1
2017-10-03 00:20:00,0.000683,distillate,MW,nem,NSW1
2017-10-03 00:25:00,0.000683,distillate,MW,nem,NSW1
2017-10-03 00:30:00,0.000683,distillate,MW,nem,NSW1
2017-10-03 00:35:00,0.000683,distillate,MW,nem,NSW1
2017-10-03 00:40:00,0.000683,distillate,MW,nem,NSW1
2017-10-03 00:45:00,0.000683,distillate,MW,nem,NSW1
2017-10-03 00:50:00,0.000683,distillate,MW,nem,NSW1
2017-10-03 00:55:00,0.000683,distillate,MW,nem,NSW1
2017-10-03 01:00:00,-0.001255,distillate,MW,nem,NSW1
2017-10-03 01:05:00,-0.001255,distillate,MW,nem,NSW1
2017-10-03 01:10:00,-0.001255,distillate,MW,nem,NSW1
2017-10-03 01:15:00,-0.001255,distillate,MW,nem,NSW1
2017-10-03 01:20:00,-0.001255,distillate,MW,nem,NSW1
2017-10-03 01:25:00,-0.001255,distillate,MW,nem,NSW1
2017-10-03 01:30:00,-0.001255,distillate,MW,nem,NSW1
2017-10-03 01:35:00,-0.001255,distillate,MW,nem,NSW1
2017-10-03 01:40:00,-0.001255,distillate,MW,nem,NSW1
2017-10-03 01:45:00,0.001228,distillate,MW,nem,NSW1
2017-10-03 01:50:00,0.001228,distillate,MW,nem,NSW1
2017-10-03 01:55:00,0.001228,distillate,MW,nem,NSW1
2017-10-03 02:00:00,0.001228,distillate,MW,nem,NSW1
2017-10-03 02:05:00,0.001228,distillate,MW,nem,NSW1
2017-10-03 02:10:00,0.001228,distillate,MW,nem,NSW1
2017-10-03 02:15:00,0.001228,distillate,MW,nem,NSW1
2017-10-03 02:20:00,0.001228,distillate,MW,nem,NSW1
2017-10-03 02:25:00,0.001228,distillate,MW,nem,NSW1
2017-10-03 02:30:00,0.002953,distillate,MW,nem,NSW1
2017-10-03 02:35:00,0.002953,distillate,MW,nem,NSW1
2017-10-03 02:40:00,0.002953,distillate,MW,nem,NSW1
2017-10-03 02:45:00,0.002953,distillate,MW,nem,NSW1
2017-10-03 02:50:00,0.002953,distillate,MW,nem,NSW1
2017-10-03 02:55:00,0.002953,distillate,MW,nem,NSW1
2017-10-03 03:00:00,0.002953,distillate,MW,nem,NSW1
2017-10-03 03:05:00,0.002953,distillate,MW,nem,NSW1
2017-10-03 03:10:00,0.002953,distillate,MW,nem,NSW1
2017-10-03 03:15:00,0.000172,distillate,MW,nem,NSW1
2017-10-03 03:20:00,0.000172,distillate,MW,nem,NSW1
2017-10-03 03:25:00,0.000172,distillate,MW,nem,NSW1
2017-10-03 03:30:00,0.000172,distillate,MW,nem,NSW1
2017-10-03 03:35:00,0.000172,distillate,MW,nem,NSW1
2017-10-03 03:40:00,0.000172,distillate,MW,nem,NSW1
2017-10-03 03:45:00,0.000172,distillate,MW,nem,NSW1
2017-10-03 03:50:00,0.000172,distillate,MW,nem,NSW1
2017-10-03 03:55:00,0.000172,distillate,MW,nem,NSW1
2017-10-03 04:00:00,0.001343,distillate,MW,nem,NSW1
2017-10-03 04:05:00,0.001343,distillate,MW,nem,NSW1
2017-10-03 04:10:00,0.001343,distillate,MW,nem,NSW1
2017-10-03 04:15:00,0.001343,distillate,MW,nem,NSW1
2017-10-03 04:20:00,0.001343,distillate,MW,nem,NSW1
2017-10-03 04:25:00,0.001343,distillate,MW,nem,NSW1
2017-10-03 04:30:00,0.001343,distillate,MW,nem,NSW1
2017-10-03 04:35:00,0.001343,distillate,MW,nem,NSW1
2017-10-03 04:40:00,0.001343,distillate,MW,nem,NSW1
2017-10-03 04:45:00,0.001068,distillate,MW,nem,NSW1
2017-10-03 04:50:00,0.001068,distillate,MW,nem,NSW1
2017-10-03 04:55:00,0.001068,distillate,MW,nem,NSW1
2017-10-03 05:00:00,0.001068,distillate,MW,nem,NSW1
2017-10-03 05:05:00,0.001068,distillate,MW,nem,NSW1
2017-10-03 05:10:00,0.001068,distillate,MW,nem,NSW1
2017-10-03 05:15:00,0.001068,distillate,MW,nem,NSW1
2017-10-03 05:20:00,0.001068,distillate,MW,nem,NSW1
2017-10-03 05:25:00,0.001068,distillate,MW,nem,NSW1
2017-10-03 05:30:00,0.004654,distillate,MW,nem,NSW1
2017-10-03 05:35:00,0.004654,distillate,MW,nem,NSW1
2017-10-03 05:40:00,0.004654,distillate,MW,nem,NSW1
2017-10-03 05:45:00,0.004654,distillate,MW,nem,NSW1
2017-10-03 05:50:00,0.004654,distillate,MW,nem,NSW1
2017-10-03 05:55:00,0.004654,distillate,MW,nem,NSW1
2017-10-03 06:00:00,0.004654,distillate,MW,nem,NSW1
2017-10-03 06:05:00,0.004654,distillate,MW,nem,NSW1
2017-10-03 06:10:00,0.004654,distillate,MW,nem,NSW1
2017-10-03 06:15:00,0.002003,distillate,MW,nem,NSW1
2017-10-03 06:20:00,0.002003,distillate,MW,nem,NSW1
2017-10-03 06:25:00,0.002003,distillate,MW,nem,NSW1
2017-10-03 06:30:00,0.002003,distillate,MW,nem,NSW1
2017-10-03 06:35:00,0.002003,distillate,MW,nem,NSW1
2017-10-03 06:40:00,0.002003,distillate,MW,nem,NSW1
2017-10-03 06:45:00,0.002003,distillate,MW,nem,NSW1
2017-10-03 06:50:00,0.002003,distillate,MW,nem,NSW1
2017-10-03 06:55:00,0.002003,distillate,MW,nem,NSW1
2017-10-03 07:00:00,0.002365,distillate,MW,nem,NSW1
2017-10-03 07:05:00,0.002365,distillate,MW,nem,NSW1
2017-10-03 07:10:00,0.002365,distillate,MW,nem,NSW1
2017-10-03 07:15:00,0.002365,distillate,MW,nem,NSW1
2017-10-03 07:20:00,0.002365,distillate,MW,nem,NSW1
2017-10-03 07:25:00,0.002365,distillate,MW,nem,NSW1
2017-10-03 07:30:00,0.002365,distillate,MW,nem,NSW1
2017-10-03 07:35:00,0.002365,distillate,MW,nem,NSW1
2017-10-03 07:40:00,0.002365,distillate,MW,nem,NSW1
2017-10-03 07:45:00,0.000923,distillate,MW,nem,NSW1
2017-10-03 07:50:00,0.000923,distillate,MW,nem,NSW1
2017-10-03 07:55:00,0.000923,distillate,MW,nem,NSW1
2017-10-03 08:00:00,0.000923,distillate,MW,nem,NSW1
2017-10-03 08:05:00,0.000923,distillate,MW,nem,NSW1
2017-10-03 08:10:00,0.000923,distillate,MW,nem,NSW1
2017-10-03 08:15:00,0.000923,distillate,MW,nem,NSW1
2017-10-03 08:20:00,0.000923,distillate,MW,nem,NSW1
2017-10-03 08:25:00,0.000923,distillate,MW,nem,NSW1
2017-10-03 08:30:00,2.3e-05,distillate,MW,nem,NSW1
2017-10-03 08:35:00,2.3e-05,distillate,MW,nem,NSW1
2017-10-03 08:40:00,2.3e-05,distillate,MW,nem,NSW1
2017-10-03 08:45:00,2.3e-05,distillate,MW,nem,NSW1
2017-10-03 08:50:00,2.3e-05,distillate,MW,nem,NSW1
2017-10-03 08:55:00,2.3e-05,distillate,MW,nem,NSW1
2017-10-03 09:00:00,2.3e-05,distillate,MW,nem,NSW1
2017-10-03 09:05:00,2.3e-05,distillate,MW,nem,NSW1
2017-10-03 09:10:00,2.3e-05,distillate,MW,nem,NSW1
2017-10-03 09:15:00,-0.002213,distillate,MW,nem,NSW1
2017-10-03 09:20:00,-0.002213,distillate,MW,nem,NSW1
2017-10-03 09:25:00,-0.002213,distillate,MW,nem,NSW1
2017-10-03 09:30:00,-0.002213,distillate,MW,nem,NSW1
2017-10-03 09:35:00,-0.002213,distillate,MW,nem,NSW1
2017-10-03 09:40:00,-0.002213,distillate,MW,nem,NSW1
2017-10-03 09:45:00,-0.002213,distillate,MW,nem,NSW1
2017-10-03 09:50:00,-0.002213,distillate,MW,nem,NSW1
2017-10-03 09:55:00,-0.002213,distillate,MW,nem,NSW1
2017-10-03 10:00:00,-0.004272,distillate,MW,nem,NSW1
2017-10-03 10:05:00,-0.004272,distillate,MW,nem,NSW1
2017-10-03 10:10:00,-0.004272,distillate,MW,nem,NSW1
2017-10-03 10:15:00,-0.004272,distillate,MW,nem,NSW1
2017-10-03 10:20:00,-0.004272,distillate,MW,nem,NSW1
2017-10-03 10:25:00,-0.004272,distillate,MW,nem,NSW1
2017-10-03 10:30:00,-0.004272,distillate,MW,nem,NSW1
2017-10-03 10:35:00,-0.004272,distillate,MW,nem,NSW1
2017-10-03 10:40:00,-0.004272,distillate,MW,nem,NSW1
2017-10-03 10:45:00,0.001038,distillate,MW,nem,NSW1
2017-10-03 10:50:00,0.001038,distillate,MW,nem,NSW1
2017-10-03 10:55:00,0.001038,distillate,MW,nem,NSW1
2017-10-03 11:00:00,0.001038,distillate,MW,nem,NSW1
2017-10-03 11:05:00,0.001038,distillate,MW,nem,NSW1
2017-10-03 11:10:00,0.001038,distillate,MW,nem,NSW1
2017-10-03 11:15:00,0.001038,distillate,MW,nem,NSW1
2017-10-03 11:20:00,0.001038,distillate,MW,nem,NSW1
2017-10-03 11:25:00,0.001038,distillate,MW,nem,NSW1
2017-10-03 11:30:00,0.000462,distillate,MW,nem,NSW1
2017-10-03 11:35:00,0.000462,distillate,MW,nem,NSW1
2017-10-03 11:40:00,0.000462,distillate,MW,nem,NSW1
2017-10-03 11:45:00,0.000462,distillate,MW,nem,NSW1
2017-10-03 11:50:00,0.000462,distillate,MW,nem,NSW1
2017-10-03 11:55:00,0.000462,distillate,MW,nem,NSW1
2017-10-03 12:00:00,0.000462,distillate,MW,nem,NSW1
2017-10-03 12:05:00,0.000462,distillate,MW,nem,NSW1
2017-10-03 12:10:00,0.000462,distillate,MW,nem,NSW1
2017-10-03 12:15:00,0.003342,distillate,MW,nem,NSW1
2017-10-03 12:20:00,0.003342,distillate,MW,nem,NSW1
2017-10-03 12:25:00,0.003342,distillate,MW,nem,NSW1
2017-10-03 12:30:00,0.003342,distillate,MW,nem,NSW1
2017-10-03 12:35:00,0.003342,distillate,MW,nem,NSW1
2017-10-03 12:40:00,0.003342,distillate,MW,nem,NSW1
2017-10-03 12:45:00,0.003342,distillate,MW,nem,NSW1
2017-10-03 12:50:00,0.003342,distillate,MW,nem,NSW1
2017-10-03 12:55:00,0.003342,distillate,MW,nem,NSW1
2017-10-03 13:00:00,-0.000793,distillate,MW,nem,NSW1
2017-10-03 13:05:00,-0.000793,distillate,MW,nem,NSW1
2017-10-03 13:10:00,-0.000793,distillate,MW,nem,NSW1
2017-10-03 13:15:00,-0.000793,distillate,MW,nem,NSW1
2017-10-03 13:20:00,-0.000793,distillate,MW,nem,NSW1
2017-10-03 13:25:00,-0.000793,distillate,MW,nem,NSW1
2017-10-03 13:30:00,-0.000793,distillate,MW,nem,NSW1
2017-10-03 13:35:00,-0.000793,distillate,MW,nem,NSW1
2017-10-03 13:40:00,-0.000793,distillate,MW,nem,NSW1
2017-10-03 13:45:00,0.003387,distillate,MW,nem,NSW1
2017-10-03 13:50:00,0.003387,distillate,MW,nem,NSW1
2017-10-03 13:55:00,0.003387,distillate,MW,nem,NSW1
2017-10-03 14:00:00,0.003387,distillate,MW,nem,NSW1
2017-10-03 14:05:00,0.003387,distillate,MW,nem,NSW1
2017-10-03 14:10:00,0.003387,distillate,MW,nem,NSW1
2017-10-03 14:15:00,0.003387,distillate,MW,nem,NSW1
2017-10-03 14:20:00,0.001141,distillate,MW,nem,NSW1
2017-10-03 14:25:00,0.001141,distillate,MW,nem,NSW1
2017-10-03 14:30:00,0.001141,distillate,MW,nem,NSW1
2017-10-03 14:35:00,0.001141,distillate,MW,nem,NSW1
2017-10-03 14:40:00,0.001141,distillate,MW,nem,NSW1
2017-10-03 14:45:00,0.001141,distillate,MW,nem,NSW1
2017-10-03 14:50:00,0.001141,distillate,MW,nem,NSW1
2017-10-03 14:55:00,0.002281,distillate,MW,nem,NSW1
2017-10-03 15:00:00,0.002281,distillate,MW,nem,NSW1
2017-10-03 15:05:00,0.002281,distillate,MW,nem,NSW1
2017-10-03 15:10:00,0.002281,distillate,MW,nem,NSW1
2017-10-03 15:15:00,0.002281,distillate,MW,nem,NSW1
2017-10-03 15:20:00,0.002281,distillate,MW,nem,NSW1
2017-10-03 15:25:00,0.002281,distillate,MW,nem,NSW1
2017-10-03 15:30:00,0.002281,distillate,MW,nem,NSW1
2017-10-03 15:35:00,0.002281,distillate,MW,nem,NSW1
2017-10-03 15:40:00,0.001392,distillate,MW,nem,NSW1
2017-10-03 15:45:00,0.001392,distillate,MW,nem,NSW1
2017-10-03 15:50:00,0.001392,distillate,MW,nem,NSW1
2017-10-03 15:55:00,0.001392,distillate,MW,nem,NSW1
2017-10-03 16:00:00,0.001392,distillate,MW,nem,NSW1
2017-10-03 16:05:00,0.001392,distillate,MW,nem,NSW1
2017-10-03 16:10:00,0.001392,distillate,MW,nem,NSW1
2017-10-03 16:15:00,0.001392,distillate,MW,nem,NSW1
2017-10-03 16:20:00,0.001392,distillate,MW,nem,NSW1
2017-10-03 16:25:00,-0.001488,distillate,MW,nem,NSW1
2017-10-03 16:30:00,-0.001488,distillate,MW,nem,NSW1
2017-10-03 16:35:00,-0.001488,distillate,MW,nem,NSW1
2017-10-03 16:40:00,-0.001488,distillate,MW,nem,NSW1
2017-10-03 16:45:00,-0.001488,distillate,MW,nem,NSW1
2017-10-03 16:50:00,-0.001488,distillate,MW,nem,NSW1
2017-10-03 16:55:00,-0.001488,distillate,MW,nem,NSW1
2017-10-03 17:00:00,-0.001488,distillate,MW,nem,NSW1
2017-10-03 17:05:00,-0.001488,distillate,MW,nem,NSW1
2017-10-03 17:10:00,-0.001389,distillate,MW,nem,NSW1
2017-10-03 17:15:00,-0.001389,distillate,MW,nem,NSW1
2017-10-03 17:20:00,-0.001389,distillate,MW,nem,NSW1
2017-10-03 17:25:00,-0.001389,distillate,MW,nem,NSW1
2017-10-03 17:30:00,-0.001389,distillate,MW,nem,NSW1
2017-10-03 17:35:00,-0.001389,distillate,MW,nem,NSW1
2017-10-03 17:40:00,-0.001389,distillate,MW,nem,NSW1
2017-10-03 17:45:00,-0.001389,distillate,MW,nem,NSW1
2017-10-03 17:50:00,-0.001389,distillate,MW,nem,NSW1
2017-10-03 17:55:00,0.000954,distillate,MW,nem,NSW1
2017-10-03 18:00:00,0.000954,distillate,MW,nem,NSW1
2017-10-03 18:05:00,0.000954,distillate,MW,nem,NSW1
2017-10-03 18:10:00,0.000954,distillate,MW,nem,NSW1
2017-10-03 18:15:00,0.000954,distillate,MW,nem,NSW1
2017-10-03 18:20:00,0.000954,distillate,MW,nem,NSW1
2017-10-03 18:25:00,0.000954,distillate,MW,nem,NSW1
2017-10-03 18:30:00,0.000954,distillate,MW,nem,NSW1
2017-10-03 18:35:00,0.000954,distillate,MW,nem,NSW1
2017-10-03 18:40:00,-0.002831,distillate,MW,nem,NSW1
2017-10-03 18:45:00,-0.002831,distillate,MW,nem,NSW1
2017-10-03 18:50:00,-0.002831,distillate,MW,nem,NSW1
2017-10-03 18:55:00,-0.002831,distillate,MW,nem,NSW1
2017-10-03 19:00:00,-0.002831,distillate,MW,nem,NSW1
2017-10-03 19:05:00,-0.002831,distillate,MW,nem,NSW1
2017-10-03 19:10:00,-0.002831,distillate,MW,nem,NSW1
2017-10-03 19:15:00,-0.002831,distillate,MW,nem,NSW1
2017-10-03 19:20:00,-0.002831,distillate,MW,nem,NSW1
2017-10-03 19:25:00,-0.003277,distillate,MW,nem,NSW1
2017-10-03 19:30:00,-0.003277,distillate,MW,nem,NSW1
2017-10-03 19:35:00,-0.003277,distillate,MW,nem,NSW1
2017-10-03 19:40:00,-0.003277,distillate,MW,nem,NSW1
2017-10-03 19:45:00,-0.003277,distillate,MW,nem,NSW1
2017-10-03 19:50:00,-0.003277,distillate,MW,nem,NSW1
2017-10-03 19:55:00,-0.003277,distillate,MW,nem,NSW1
2017-10-03 20:00:00,-0.003277,distillate,MW,nem,NSW1
2017-10-03 20:05:00,-0.003277,distillate,MW,nem,NSW1
2017-10-03 20:10:00,-0.004925,distillate,MW,nem,NSW1
2017-10-03 20:15:00,-0.004925,distillate,MW,nem,NSW1
2017-10-03 20:20:00,-0.004925,distillate,MW,nem,NSW1
2017-10-03 20:25:00,-0.004925,distillate,MW,nem,NSW1
2017-10-03 20:30:00,-0.004925,distillate,MW,nem,NSW1
2017-10-03 20:35:00,-0.004925,distillate,MW,nem,NSW1
2017-10-03 20:40:00,-0.004925,distillate,MW,nem,NSW1
2017-10-03 20:45:00,-0.004925,distillate,MW,nem,NSW1
2017-10-03 20:50:00,-0.004925,distillate,MW,nem,NSW1
2017-10-03 20:55:00,-0.001545,distillate,MW,nem,NSW1
2017-10-03 21:00:00,-0.001545,distillate,MW,nem,NSW1
2017-10-03 21:05:00,-0.001545,distillate,MW,nem,NSW1
2017-10-03 21:10:00,-0.001545,distillate,MW,nem,NSW1
2017-10-03 21:15:00,-0.001545,distillate,MW,nem,NSW1
2017-10-03 21:20:00,-0.001545,distillate,MW,nem,NSW1
2017-10-03 21:25:00,-0.001545,distillate,MW,nem,NSW1
2017-10-03 21:30:00,-0.001545,distillate,MW,nem,NSW1
2017-10-03 21:35:00,-0.001545,distillate,MW,nem,NSW1
2017-10-03 21:40:00,-0.001755,distillate,MW,nem,NSW1
2017-10-03 21:45:00,-0.001755,distillate,MW,nem,NSW1
2017-10-03 21:50:00,-0.001755,distillate,MW,nem,NSW1
2017-10-03 21:55:00,-0.001755,distillate,MW,nem,NSW1
2017-10-03 22:00:00,-0.001755,distillate,MW,nem,NSW1
2017-10-03 22:05:00,-0.001755,distillate,MW,nem,NSW1
2017-10-03 22:10:00,-0.001755,distillate,MW,nem,NSW1
2017-10-03 22:15:00,-0.001755,distillate,MW,nem,NSW1
2017-10-03 22:20:00,-0.001755,distillate,MW,nem,NSW1
2017-10-03 22:25:00,-0.001408,distillate,MW,nem,NSW1
2017-10-03 22:30:00,-0.001408,distillate,MW,nem,NSW1
2017-10-03 22:35:00,-0.001408,distillate,MW,nem,NSW1
2017-10-03 22:40:00,-0.001408,distillate,MW,nem,NSW1
2017-10-03 22:45:00,-0.001408,distillate,MW,nem,NSW1
2017-10-03 22:50:00,-0.001408,distillate,MW,nem,NSW1
2017-10-03 22:55:00,-0.001408,distillate,MW,nem,NSW1
2017-10-03 23:00:00,-0.001408,distillate,MW,nem,NSW1
2017-10-03 23:05:00,-0.001408,distillate,MW,nem,NSW1
2017-10-03 23:10:00,0.001637,distillate,MW,nem,NSW1
2017-10-03 23:15:00,0.001637,distillate,MW,nem,NSW1
2017-10-03 23:20:00,0.001637,distillate,MW,nem,NSW1
2017-10-03 23:25:00,0.001637,distillate,MW,nem,NSW1
2017-10-03 23:30:00,0.001637,distillate,MW,nem,NSW1
2017-10-03 23:35:00,0.001637,distillate,MW,nem,NSW1
2017-10-03 23:40:00,0.001637,distillate,MW,nem,NSW1
2017-10-03 23:45:00,0.001637,distillate,MW,nem,NSW1
2017-10-03 23:50:00,0.001637,distillate,MW,nem,NSW1
2017-10-03 23:55:00,0.002293,distillate,MW,nem,NSW1
2017-10-04 00:00:00,0.002293,distillate,MW,nem,NSW1
2017-10-04 00:05:00,0.002293,distillate,MW,nem,NSW1
2017-10-04 00:10:00,0.002293,distillate,MW,nem,NSW1
2017-10-04 00:15:00,0.002293,distillate,MW,nem,NSW1
2017-10-04 00:20:00,0.002293,distillate,MW,nem,NSW1
2017-10-04 00:25:00,0.002293,distillate,MW,nem,NSW1
2017-10-04 00:30:00,0.002293,distillate,MW,nem,NSW1
2017-10-04 00:35:00,0.002293,distillate,MW,nem,NSW1
2017-10-04 00:40:00,0.002945,distillate,MW,nem,NSW1
2017-10-04 00:45:00,0.002945,distillate,MW,nem,NSW1
2017-10-04 00:50:00,0.002945,distillate,MW,nem,NSW1
2017-10-04 00:55:00,0.002945,distillate,MW,nem,NSW1
2017-10-04 01:00:00,0.002945,distillate,MW,nem,NSW1
2017-10-04 01:05:00,0.002945,distillate,MW,nem,NSW1
2017-10-04 01:10:00,0.002945,distillate,MW,nem,NSW1
2017-10-04 01:15:00,0.002945,distillate,MW,nem,NSW1
2017-10-04 01:20:00,0.002945,distillate,MW,nem,NSW1
2017-10-04 01:25:00,0.000786,distillate,MW,nem,NSW1
2017-10-04 01:30:00,0.000786,distillate,MW,nem,NSW1
2017-10-04 01:35:00,0.000786,distillate,MW,nem,NSW1
2017-10-04 01:40:00,0.000786,distillate,MW,nem,NSW1
2017-10-04 01:45:00,0.000786,distillate,MW,nem,NSW1
2017-10-04 01:50:00,0.000786,distillate,MW,nem,NSW1
2017-10-04 01:55:00,0.000786,distillate,MW,nem,NSW1
2017-10-04 02:00:00,0.000786,distillate,MW,nem,NSW1
2017-10-04 02:05:00,0.000786,distillate,MW,nem,NSW1
2017-10-04 02:10:00,-0.00053,distillate,MW,nem,NSW1
2017-10-04 02:15:00,-0.00053,distillate,MW,nem,NSW1
2017-10-04 02:20:00,-0.00053,distillate,MW,nem,NSW1
2017-10-04 02:25:00,-0.00053,distillate,MW,nem,NSW1
2017-10-04 02:30:00,-0.00053,distillate,MW,nem,NSW1
2017-10-04 02:35:00,-0.00053,distillate,MW,nem,NSW1
2017-10-04 02:40:00,-0.00053,distillate,MW,nem,NSW1
2017-10-04 02:45:00,-0.00053,distillate,MW,nem,NSW1
2017-10-04 02:50:00,-0.00053,distillate,MW,nem,NSW1
2017-10-04 02:55:00,0.000385,distillate,MW,nem,NSW1
2017-10-04 03:00:00,0.000385,distillate,MW,nem,NSW1
2017-10-04 03:05:00,0.000385,distillate,MW,nem,NSW1
2017-10-04 03:10:00,0.000385,distillate,MW,nem,NSW1
2017-10-04 03:15:00,0.000385,distillate,MW,nem,NSW1
2017-10-04 03:20:00,0.000385,distillate,MW,nem,NSW1
2017-10-04 03:25:00,0.000385,distillate,MW,nem,NSW1
2017-10-04 03:30:00,0.000385,distillate,MW,nem,NSW1
2017-10-04 03:35:00,0.000385,distillate,MW,nem,NSW1
2017-10-04 03:40:00,0.002712,distillate,MW,nem,NSW1
2017-10-04 03:45:00,0.002712,distillate,MW,nem,NSW1
2017-10-04 03:50:00,0.002712,distillate,MW,nem,NSW1
2017-10-04 03:55:00,0.002712,distillate,MW,nem,NSW1
2017-10-04 04:00:00,0.002712,distillate,MW,nem,NSW1
2017-10-04 04:05:00,0.002712,distillate,MW,nem,NSW1
2017-10-04 04:10:00,0.002712,distillate,MW,nem,NSW1
2017-10-04 04:15:00,0.002712,distillate,MW,nem,NSW1
2017-10-04 04:20:00,0.002712,distillate,MW,nem,NSW1
2017-10-04 04:25:00,0.000626,distillate,MW,nem,NSW1
2017-10-04 04:30:00,0.000626,distillate,MW,nem,NSW1
2017-10-04 04:35:00,0.000626,distillate,MW,nem,NSW1
2017-10-04 04:40:00,0.000626,distillate,MW,nem,NSW1
2017-10-04 04:45:00,0.000626,distillate,MW,nem,NSW1
2017-10-04 04:50:00,0.000626,distillate,MW,nem,NSW1
2017-10-04 04:55:00,0.000626,distillate,MW,nem,NSW1
2017-10-04 05:00:00,0.000626,distillate,MW,nem,NSW1
2017-10-04 05:05:00,0.000626,distillate,MW,nem,NSW1
2017-10-04 05:10:00,0.001122,distillate,MW,nem,NSW1
2017-10-04 05:15:00,0.001122,distillate,MW,nem,NSW1
2017-10-04 05:20:00,0.001122,distillate,MW,nem,NSW1
2017-10-04 05:25:00,0.001122,distillate,MW,nem,NSW1
2017-10-04 05:30:00,0.001122,distillate,MW,nem,NSW1
2017-10-04 05:35:00,0.001122,distillate,MW,nem,NSW1
2017-10-04 05:40:00,0.001122,distillate,MW,nem,NSW1
2017-10-04 05:45:00,0.001122,distillate,MW,nem,NSW1
2017-10-04 05:50:00,0.001122,distillate,MW,nem,NSW1
2017-10-04 05:55:00,-0.001007,distillate,MW,nem,NSW1
2017-10-04 06:00:00,-0.001007,distillate,MW,nem,NSW1
2017-10-04 06:05:00,-0.001007,distillate,MW,nem,NSW1
2017-10-04 06:10:00,-0.001007,distillate,MW,nem,NSW1
2017-10-04 06:15:00,-0.001007,distillate,MW,nem,NSW1
2017-10-04 06:20:00,-0.001007,distillate,MW,nem,NSW1
2017-10-04 06:25:00,-0.001007,distillate,MW,nem,NSW1
2017-10-04 06:30:00,-0.001007,distillate,MW,nem,NSW1
2017-10-04 06:35:00,-0.001007,distillate,MW,nem,NSW1
2017-10-04 06:40:00,0.003342,distillate,MW,nem,NSW1
2017-10-04 06:45:00,0.003342,distillate,MW,nem,NSW1
2017-10-04 06:50:00,0.003342,distillate,MW,nem,NSW1
2017-10-04 06:55:00,0.003342,distillate,MW,nem,NSW1
2017-10-04 07:00:00,0.003342,distillate,MW,nem,NSW1
2017-10-04 07:05:00,0.003342,distillate,MW,nem,NSW1
2017-10-04 07:10:00,0.003342,distillate,MW,nem,NSW1
2017-10-04 07:15:00,0.003342,distillate,MW,nem,NSW1
2017-10-04 07:20:00,0.003342,distillate,MW,nem,NSW1
2017-10-04 07:25:00,0.001076,distillate,MW,nem,NSW1
2017-10-04 07:30:00,0.001076,distillate,MW,nem,NSW1
2017-10-04 07:35:00,0.001076,distillate,MW,nem,NSW1
2017-10-04 07:40:00,0.001076,distillate,MW,nem,NSW1
2017-10-04 07:45:00,0.001076,distillate,MW,nem,NSW1
2017-10-04 07:50:00,0.001076,distillate,MW,nem,NSW1
2017-10-04 07:55:00,0.001076,distillate,MW,nem,NSW1
2017-10-04 08:00:00,0.001076,distillate,MW,nem,NSW1
2017-10-04 08:05:00,0.001076,distillate,MW,nem,NSW1
2017-10-04 08:10:00,-0.00317,distillate,MW,nem,NSW1
2017-10-04 08:15:00,-0.00317,distillate,MW,nem,NSW1
2017-10-04 08:20:00,-0.00317,distillate,MW,nem,NSW1
2017-10-04 08:25:00,-0.00317,distillate,MW,nem,NSW1
2017-10-04 08:30:00,-0.00317,distillate,MW,nem,NSW1
2017-10-04 08:35:00,-0.00317,distillate,MW,nem,NSW1
2017-10-04 08:40:00,-0.00317,distillate,MW,nem,NSW1
2017-10-04 08:45:00,-0.00317,distillate,MW,nem,NSW1
2017-10-04 08:50:00,-0.00317,distillate,MW,nem,NSW1
2017-10-04 08:55:00,-0.001022,distillate,MW,nem,NSW1
2017-10-04 09:00:00,-0.001022,distillate,MW,nem,NSW1
2017-10-04 09:05:00,-0.001022,distillate,MW,nem,NSW1
2017-10-04 09:10:00,-0.001022,distillate,MW,nem,NSW1
2017-10-04 09:15:00,-0.001022,distillate,MW,nem,NSW1
2017-10-04 09:20:00,-0.001022,distillate,MW,nem,NSW1
2017-10-04 09:25:00,-0.001022,distillate,MW,nem,NSW1
2017-10-04 09:30:00,-0.001022,distillate,MW,nem,NSW1
2017-10-04 09:35:00,-0.001022,distillate,MW,nem,NSW1
2017-10-04 09:40:00,-0.002995,distillate,MW,nem,NSW1
2017-10-04 09:45:00,-0.002995,distillate,MW,nem,NSW1
2017-10-04 09:50:00,-0.002995,distillate,MW,nem,NSW1
2017-10-04 09:55:00,-0.002995,distillate,MW,nem,NSW1
2017-10-04 10:00:00,-0.002995,distillate,MW,nem,NSW1
2017-10-04 10:05:00,-0.002995,distillate,MW,nem,NSW1
2017-10-04 10:10:00,-0.002995,distillate,MW,nem,NSW1
2017-10-04 10:15:00,-0.002995,distillate,MW,nem,NSW1
2017-10-04 10:20:00,-0.002995,distillate,MW,nem,NSW1
2017-10-04 10:25:00,0.000496,distillate,MW,nem,NSW1
2017-10-04 10:30:00,0.000496,distillate,MW,nem,NSW1
2017-10-04 10:35:00,0.000496,distillate,MW,nem,NSW1
2017-10-04 10:40:00,0.000496,distillate,MW,nem,NSW1
2017-10-04 10:45:00,0.000496,distillate,MW,nem,NSW1
2017-10-04 10:50:00,0.000496,distillate,MW,nem,NSW1
2017-10-04 10:55:00,0.000496,distillate,MW,nem,NSW1
2017-10-04 11:00:00,0.000496,distillate,MW,nem,NSW1
2017-10-04 11:05:00,0.000496,distillate,MW,nem,NSW1
2017-10-04 11:10:00,0.002903,distillate,MW,nem,NSW1
2017-10-04 11:15:00,0.002903,distillate,MW,nem,NSW1
2017-10-04 11:20:00,0.002903,distillate,MW,nem,NSW1
2017-10-04 11:25:00,0.002903,distillate,MW,nem,NSW1
2017-10-04 11:30:00,0.002903,distillate,MW,nem,NSW1
2017-10-04 11:35:00,0.002903,distillate,MW,nem,NSW1
2017-10-04 11:40:00,0.0,distillate,MW,nem,NSW1
2017-10-04 11:45:00,0.00198,distillate,MW,nem,NSW1
2017-10-04 11:50:00,0.00198,distillate,MW,nem,NSW1
2017-10-04 11:55:00,0.006752,distillate,MW,nem,NSW1
2017-10-04 12:00:00,0.006752,distillate,MW,nem,NSW1
2017-10-04 12:05:00,0.006752,distillate,MW,nem,NSW1
2017-10-04 12:10:00,28.8,distillate,MW,nem,NSW1
2017-10-04 12:15:00,0.006752,distillate,MW,nem,NSW1
2017-10-04 12:20:00,0.006752,distillate,MW,nem,NSW1
2017-10-04 12:25:00,0.006752,distillate,MW,nem,NSW1
2017-10-04 12:30:00,0.006752,distillate,MW,nem,NSW1
2017-10-04 12:35:00,0.006752,distillate,MW,nem,NSW1
2017-10-04 12:40:00,0.01045,distillate,MW,nem,NSW1
2017-10-04 12:45:00,0.01045,distillate,MW,nem,NSW1
2017-10-04 12:50:00,0.01045,distillate,MW,nem,NSW1
2017-10-04 12:55:00,0.01045,distillate,MW,nem,NSW1
2017-10-04 13:00:00,0.01045,distillate,MW,nem,NSW1
2017-10-04 13:05:00,0.01045,distillate,MW,nem,NSW1
2017-10-04 13:10:00,0.01045,distillate,MW,nem,NSW1
2017-10-04 13:15:00,0.01045,distillate,MW,nem,NSW1
2017-10-04 13:20:00,0.01045,distillate,MW,nem,NSW1
2017-10-04 13:25:00,0.01099,distillate,MW,nem,NSW1
2017-10-04 13:30:00,0.01099,distillate,MW,nem,NSW1
2017-10-04 13:35:00,0.01099,distillate,MW,nem,NSW1
2017-10-04 13:40:00,0.01099,distillate,MW,nem,NSW1
2017-10-04 13:45:00,0.01099,distillate,MW,nem,NSW1
2017-10-04 13:50:00,0.01099,distillate,MW,nem,NSW1
2017-10-04 13:55:00,0.01099,distillate,MW,nem,NSW1
2017-10-04 14:00:00,0.01099,distillate,MW,nem,NSW1
2017-10-04 14:05:00,0.01099,distillate,MW,nem,NSW1
2017-10-04 14:10:00,0.009579,distillate,MW,nem,NSW1
2017-10-04 14:15:00,0.009579,distillate,MW,nem,NSW1
2017-10-04 14:20:00,0.009579,distillate,MW,nem,NSW1
2017-10-04 14:25:00,0.009579,distillate,MW,nem,NSW1
2017-10-04 14:30:00,0.009579,distillate,MW,nem,NSW1
2017-10-04 14:35:00,0.009579,distillate,MW,nem,NSW1
2017-10-04 14:40:00,0.009579,distillate,MW,nem,NSW1
2017-10-04 14:45:00,0.009579,distillate,MW,nem,NSW1
2017-10-04 14:50:00,0.009579,distillate,MW,nem,NSW1
2017-10-04 14:55:00,0.009308,distillate,MW,nem,NSW1
2017-10-04 15:00:00,0.009308,distillate,MW,nem,NSW1
2017-10-04 15:05:00,0.009308,distillate,MW,nem,NSW1
2017-10-04 15:10:00,0.009308,distillate,MW,nem,NSW1
2017-10-04 15:15:00,0.009308,distillate,MW,nem,NSW1
2017-10-04 15:20:00,0.009308,distillate,MW,nem,NSW1
2017-10-04 15:25:00,0.009308,distillate,MW,nem,NSW1
2017-10-04 15:30:00,0.009308,distillate,MW,nem,NSW1
2017-10-04 15:35:00,0.009308,distillate,MW,nem,NSW1
2017-10-04 15:40:00,0.01032,distillate,MW,nem,NSW1
2017-10-04 15:45:00,0.01032,distillate,MW,nem,NSW1
2017-10-04 15:50:00,0.01032,distillate,MW,nem,NSW1
2017-10-04 15:55:00,0.01032,distillate,MW,nem,NSW1
2017-10-04 16:00:00,0.01032,distillate,MW,nem,NSW1
2017-10-04 16:05:00,0.01032,distillate,MW,nem,NSW1
2017-10-04 16:10:00,0.01032,distillate,MW,nem,NSW1
2017-10-04 16:15:00,0.01032,distillate,MW,nem,NSW1
2017-10-04 16:20:00,0.01032,distillate,MW,nem,NSW1
2017-10-04 16:25:00,0.006798,distillate,MW,nem,NSW1
2017-10-04 16:30:00,0.006798,distillate,MW,nem,NSW1
2017-10-04 16:35:00,0.006798,distillate,MW,nem,NSW1
2017-10-04 16:40:00,0.006798,distillate,MW,nem,NSW1
2017-10-04 16:45:00,0.006798,distillate,MW,nem,NSW1
2017-10-04 16:50:00,0.006798,distillate,MW,nem,NSW1
2017-10-04 16:55:00,0.006798,distillate,MW,nem,NSW1
2017-10-04 17:00:00,0.006798,distillate,MW,nem,NSW1
2017-10-04 17:05:00,0.006798,distillate,MW,nem,NSW1
2017-10-04 17:10:00,0.008831,distillate,MW,nem,NSW1
2017-10-04 17:15:00,0.008831,distillate,MW,nem,NSW1
2017-10-04 17:20:00,0.008831,distillate,MW,nem,NSW1
2017-10-04 17:25:00,0.008831,distillate,MW,nem,NSW1
2017-10-04 17:30:00,0.008831,distillate,MW,nem,NSW1
2017-10-04 17:35:00,0.008831,distillate,MW,nem,NSW1
2017-10-04 17:40:00,0.008831,distillate,MW,nem,NSW1
2017-10-04 17:45:00,0.008831,distillate,MW,nem,NSW1
2017-10-04 17:50:00,0.008831,distillate,MW,nem,NSW1
2017-10-04 17:55:00,0.007584,distillate,MW,nem,NSW1
2017-10-04 18:00:00,0.007584,distillate,MW,nem,NSW1
2017-10-04 18:05:00,0.007584,distillate,MW,nem,NSW1
2017-10-04 18:10:00,0.007584,distillate,MW,nem,NSW1
2017-10-04 18:15:00,0.007584,distillate,MW,nem,NSW1
2017-10-04 18:20:00,0.007584,distillate,MW,nem,NSW1
2017-10-04 18:25:00,0.007584,distillate,MW,nem,NSW1
2017-10-04 18:30:00,0.007584,distillate,MW,nem,NSW1
2017-10-04 18:35:00,0.007584,distillate,MW,nem,NSW1
2017-10-04 18:40:00,0.004078,distillate,MW,nem,NSW1
2017-10-04 18:45:00,0.004078,distillate,MW,nem,NSW1
2017-10-04 18:50:00,0.004078,distillate,MW,nem,NSW1
2017-10-04 18:55:00,0.004078,distillate,MW,nem,NSW1
2017-10-04 19:00:00,0.004078,distillate,MW,nem,NSW1
2017-10-04 19:05:00,0.004078,distillate,MW,nem,NSW1
2017-10-04 19:10:00,0.004078,distillate,MW,nem,NSW1
2017-10-04 19:15:00,0.004078,distillate,MW,nem,NSW1
2017-10-04 19:20:00,0.004078,distillate,MW,nem,NSW1
2017-10-04 19:25:00,0.003284,distillate,MW,nem,NSW1
2017-10-04 19:30:00,0.003284,distillate,MW,nem,NSW1
2017-10-04 19:35:00,0.003284,distillate,MW,nem,NSW1
2017-10-04 19:40:00,0.003284,distillate,MW,nem,NSW1
2017-10-04 19:45:00,0.003284,distillate,MW,nem,NSW1
2017-10-04 19:50:00,0.003284,distillate,MW,nem,NSW1
2017-10-04 19:55:00,0.003284,distillate,MW,nem,NSW1
2017-10-04 20:00:00,0.003284,distillate,MW,nem,NSW1
2017-10-04 20:05:00,0.003284,distillate,MW,nem,NSW1
2017-10-04 20:10:00,0.000534,distillate,MW,nem,NSW1
2017-10-04 20:15:00,0.000534,distillate,MW,nem,NSW1
2017-10-04 20:20:00,0.000534,distillate,MW,nem,NSW1
2017-10-04 20:25:00,0.000534,distillate,MW,nem,NSW1
2017-10-04 20:30:00,0.000534,distillate,MW,nem,NSW1
2017-10-04 20:35:00,0.000534,distillate,MW,nem,NSW1
2017-10-04 20:40:00,0.000534,distillate,MW,nem,NSW1
2017-10-04 20:45:00,0.000534,distillate,MW,nem,NSW1
2017-10-04 20:50:00,0.000534,distillate,MW,nem,NSW1
2017-10-04 20:55:00,0.000893,distillate,MW,nem,NSW1
2017-10-04 21:00:00,0.000893,distillate,MW,nem,NSW1
2017-10-04 21:05:00,0.000893,distillate,MW,nem,NSW1
2017-10-04 21:10:00,0.000893,distillate,MW,nem,NSW1
2017-10-04 21:15:00,0.000893,distillate,MW,nem,NSW1
2017-10-04 21:20:00,0.000893,distillate,MW,nem,NSW1
2017-10-04 21:25:00,0.000893,distillate,MW,nem,NSW1
2017-10-04 21:30:00,0.000893,distillate,MW,nem,NSW1
2017-10-04 21:35:00,0.000893,distillate,MW,nem,NSW1
2017-10-04 21:40:00,-0.002972,distillate,MW,nem,NSW1
2017-10-04 21:45:00,-0.002972,distillate,MW,nem,NSW1
2017-10-04 21:50:00,-0.002972,distillate,MW,nem,NSW1
2017-10-04 21:55:00,-0.002972,distillate,MW,nem,NSW1
2017-10-04 22:00:00,-0.002972,distillate,MW,nem,NSW1
2017-10-04 22:05:00,-0.002972,distillate,MW,nem,NSW1
2017-10-04 22:10:00,-0.002972,distillate,MW,nem,NSW1
2017-10-04 22:15:00,-0.002972,distillate,MW,nem,NSW1
2017-10-04 22:20:00,-0.002972,distillate,MW,nem,NSW1
2017-10-04 22:25:00,0.000111,distillate,MW,nem,NSW1
2017-10-04 22:30:00,0.000111,distillate,MW,nem,NSW1
2017-10-04 22:35:00,0.000111,distillate,MW,nem,NSW1
2017-10-04 22:40:00,0.000111,distillate,MW,nem,NSW1
2017-10-04 22:45:00,0.000111,distillate,MW,nem,NSW1
2017-10-04 22:50:00,0.000111,distillate,MW,nem,NSW1
2017-10-04 22:55:00,0.000111,distillate,MW,nem,NSW1
2017-10-04 23:00:00,0.000111,distillate,MW,nem,NSW1
2017-10-04 23:05:00,0.0,distillate,MW,nem,NSW1
2017-10-04 23:10:00,-0.001453,distillate,MW,nem,NSW1
2017-10-04 23:15:00,-0.001453,distillate,MW,nem,NSW1
2017-10-04 23:20:00,-0.001453,distillate,MW,nem,NSW1
2017-10-04 23:25:00,-0.001453,distillate,MW,nem,NSW1
2017-10-04 23:30:00,-0.001453,distillate,MW,nem,NSW1
2017-10-04 23:35:00,-0.001453,distillate,MW,nem,NSW1
2017-10-04 23:40:00,0.000542,distillate,MW,nem,NSW1
2017-10-04 23:45:00,0.000542,distillate,MW,nem,NSW1
2017-10-04 23:50:00,0.000542,distillate,MW,nem,NSW1
2017-10-04 23:55:00,0.000542,distillate,MW,nem,NSW1
2017-10-05 00:00:00,0.000542,distillate,MW,nem,NSW1
2017-10-05 00:05:00,0.000542,distillate,MW,nem,NSW1
2017-10-05 00:10:00,0.000542,distillate,MW,nem,NSW1
2017-10-05 00:15:00,0.000542,distillate,MW,nem,NSW1
2017-10-05 00:20:00,0.000542,distillate,MW,nem,NSW1
2017-10-05 00:25:00,0.000233,distillate,MW,nem,NSW1
2017-10-05 00:30:00,0.000233,distillate,MW,nem,NSW1
2017-10-05 00:35:00,0.000233,distillate,MW,nem,NSW1
2017-10-05 00:40:00,0.000233,distillate,MW,nem,NSW1
2017-10-05 00:45:00,0.000233,distillate,MW,nem,NSW1
2017-10-05 00:50:00,0.000233,distillate,MW,nem,NSW1
2017-10-05 00:55:00,0.000233,distillate,MW,nem,NSW1
2017-10-05 01:00:00,0.000233,distillate,MW,nem,NSW1
2017-10-05 01:05:00,0.000233,distillate,MW,nem,NSW1
2017-10-05 01:10:00,-0.000359,distillate,MW,nem,NSW1
2017-10-05 01:15:00,-0.000359,distillate,MW,nem,NSW1
2017-10-05 01:20:00,-0.000359,distillate,MW,nem,NSW1
2017-10-05 01:25:00,-0.000359,distillate,MW,nem,NSW1
2017-10-05 01:30:00,-0.000359,distillate,MW,nem,NSW1
2017-10-05 01:35:00,-0.000359,distillate,MW,nem,NSW1
2017-10-05 01:40:00,-0.000359,distillate,MW,nem,NSW1
2017-10-05 01:45:00,-0.000359,distillate,MW,nem,NSW1
2017-10-05 01:50:00,-0.000359,distillate,MW,nem,NSW1
2017-10-05 01:55:00,0.002167,distillate,MW,nem,NSW1
2017-10-05 02:00:00,0.002167,distillate,MW,nem,NSW1
2017-10-05 02:05:00,0.002167,distillate,MW,nem,NSW1
2017-10-05 02:10:00,0.002167,distillate,MW,nem,NSW1
2017-10-05 02:15:00,0.002167,distillate,MW,nem,NSW1
2017-10-05 02:20:00,0.002167,distillate,MW,nem,NSW1
2017-10-05 02:25:00,0.002167,distillate,MW,nem,NSW1
2017-10-05 02:30:00,0.002167,distillate,MW,nem,NSW1
2017-10-05 02:35:00,0.002167,distillate,MW,nem,NSW1
2017-10-05 02:40:00,0.002026,distillate,MW,nem,NSW1
2017-10-05 02:45:00,0.002026,distillate,MW,nem,NSW1
2017-10-05 02:50:00,0.002026,distillate,MW,nem,NSW1
2017-10-05 02:55:00,0.002026,distillate,MW,nem,NSW1
2017-10-05 03:00:00,0.002026,distillate,MW,nem,NSW1
2017-10-05 03:05:00,0.002026,distillate,MW,nem,NSW1
2017-10-05 03:10:00,0.002026,distillate,MW,nem,NSW1
2017-10-05 03:15:00,0.002026,distillate,MW,nem,NSW1
2017-10-05 03:20:00,0.002026,distillate,MW,nem,NSW1
2017-10-05 03:25:00,-0.000885,distillate,MW,nem,NSW1
2017-10-05 03:30:00,-0.000885,distillate,MW,nem,NSW1
2017-10-05 03:35:00,-0.000885,distillate,MW,nem,NSW1
2017-10-05 03:40:00,-0.000885,distillate,MW,nem,NSW1
2017-10-05 03:45:00,-0.000885,distillate,MW,nem,NSW1
2017-10-05 03:50:00,-0.000885,distillate,MW,nem,NSW1
2017-10-05 03:55:00,-0.000885,distillate,MW,nem,NSW1
2017-10-05 04:00:00,-0.000885,distillate,MW,nem,NSW1
2017-10-05 04:05:00,-0.000885,distillate,MW,nem,NSW1
2017-10-05 04:10:00,0.00296,distillate,MW,nem,NSW1
2017-10-05 04:15:00,0.00296,distillate,MW,nem,NSW1
2017-10-05 04:20:00,0.00296,distillate,MW,nem,NSW1
2017-10-05 04:25:00,0.00296,distillate,MW,nem,NSW1
2017-10-05 04:30:00,0.00296,distillate,MW,nem,NSW1
2017-10-05 04:35:00,0.00296,distillate,MW,nem,NSW1
2017-10-05 04:40:00,0.00296,distillate,MW,nem,NSW1
2017-10-05 04:45:00,0.00296,distillate,MW,nem,NSW1
2017-10-05 04:50:00,0.00296,distillate,MW,nem,NSW1
2017-10-05 04:55:00,0.001968,distillate,MW,nem,NSW1
2017-10-05 05:00:00,0.001968,distillate,MW,nem,NSW1
2017-10-05 05:05:00,0.001968,distillate,MW,nem,NSW1
2017-10-05 05:10:00,0.001968,distillate,MW,nem,NSW1
2017-10-05 05:15:00,0.001968,distillate,MW,nem,NSW1
2017-10-05 05:20:00,0.001968,distillate,MW,nem,NSW1
2017-10-05 05:25:00,0.001968,distillate,MW,nem,NSW1
2017-10-05 05:30:00,0.001968,distillate,MW,nem,NSW1
2017-10-05 05:35:00,0.001968,distillate,MW,nem,NSW1
2017-10-05 05:40:00,-0.000301,distillate,MW,nem,NSW1
2017-10-05 05:45:00,-0.000301,distillate,MW,nem,NSW1
2017-10-05 05:50:00,-0.000301,distillate,MW,nem,NSW1
2017-10-05 05:55:00,-0.000301,distillate,MW,nem,NSW1
2017-10-05 06:00:00,-0.000301,distillate,MW,nem,NSW1
2017-10-05 06:05:00,-0.000301,distillate,MW,nem,NSW1
2017-10-05 06:10:00,-0.000301,distillate,MW,nem,NSW1
2017-10-05 06:15:00,-0.000301,distillate,MW,nem,NSW1
2017-10-05 06:20:00,-0.000301,distillate,MW,nem,NSW1
2017-10-05 06:25:00,0.001049,distillate,MW,nem,NSW1
2017-10-05 06:30:00,0.001049,distillate,MW,nem,NSW1
2017-10-05 06:35:00,0.001049,distillate,MW,nem,NSW1
2017-10-05 06:40:00,0.001049,distillate,MW,nem,NSW1
2017-10-05 06:45:00,0.001049,distillate,MW,nem,NSW1
2017-10-05 06:50:00,0.001049,distillate,MW,nem,NSW1
2017-10-05 06:55:00,0.001049,distillate,MW,nem,NSW1
2017-10-05 07:00:00,0.001049,distillate,MW,nem,NSW1
2017-10-05 07:05:00,0.001049,distillate,MW,nem,NSW1
2017-10-05 07:10:00,4e-06,distillate,MW,nem,NSW1
2017-10-05 07:15:00,4e-06,distillate,MW,nem,NSW1
2017-10-05 07:20:00,4e-06,distillate,MW,nem,NSW1
2017-10-05 07:25:00,4e-06,distillate,MW,nem,NSW1
2017-10-05 07:30:00,4e-06,distillate,MW,nem,NSW1
2017-10-05 07:35:00,4e-06,distillate,MW,nem,NSW1
2017-10-05 07:40:00,4e-06,distillate,MW,nem,NSW1
2017-10-05 07:45:00,4e-06,distillate,MW,nem,NSW1
2017-10-05 07:50:00,4e-06,distillate,MW,nem,NSW1
2017-10-05 07:55:00,-0.000618,distillate,MW,nem,NSW1
2017-10-05 08:00:00,-0.000618,distillate,MW,nem,NSW1
2017-10-05 08:05:00,-0.000618,distillate,MW,nem,NSW1
2017-10-05 08:10:00,-0.000618,distillate,MW,nem,NSW1
2017-10-05 08:15:00,-0.000618,distillate,MW,nem,NSW1
2017-10-05 08:20:00,-0.000618,distillate,MW,nem,NSW1
2017-10-05 08:25:00,-0.000618,distillate,MW,nem,NSW1
2017-10-05 08:30:00,-0.000618,distillate,MW,nem,NSW1
2017-10-05 08:35:00,-0.000618,distillate,MW,nem,NSW1
2017-10-05 08:40:00,-0.000603,distillate,MW,nem,NSW1
2017-10-05 08:45:00,-0.000603,distillate,MW,nem,NSW1
2017-10-05 08:50:00,-0.000603,distillate,MW,nem,NSW1
2017-10-05 08:55:00,-0.000603,distillate,MW,nem,NSW1
2017-10-05 09:00:00,-0.000603,distillate,MW,nem,NSW1
2017-10-05 09:05:00,-0.000603,distillate,MW,nem,NSW1
2017-10-05 09:10:00,-0.000603,distillate,MW,nem,NSW1
2017-10-05 09:15:00,-0.000603,distillate,MW,nem,NSW1
2017-10-05 09:20:00,-0.000603,distillate,MW,nem,NSW1
2017-10-05 09:25:00,-0.00248,distillate,MW,nem,NSW1
2017-10-05 09:30:00,-0.00248,distillate,MW,nem,NSW1
2017-10-05 09:35:00,-0.00248,distillate,MW,nem,NSW1
2017-10-05 09:40:00,-0.00248,distillate,MW,nem,NSW1
2017-10-05 09:45:00,-0.00248,distillate,MW,nem,NSW1
2017-10-05 09:50:00,30.9,distillate,MW,nem,NSW1
2017-10-05 09:55:00,-0.00248,distillate,MW,nem,NSW1
2017-10-05 10:00:00,-0.00248,distillate,MW,nem,NSW1
2017-10-05 10:05:00,-0.00248,distillate,MW,nem,NSW1
2017-10-05 10:10:00,-9.9e-05,distillate,MW,nem,NSW1
2017-10-05 10:15:00,-9.9e-05,distillate,MW,nem,NSW1
2017-10-05 10:20:00,-9.9e-05,distillate,MW,nem,NSW1
2017-10-05 10:25:00,-9.9e-05,distillate,MW,nem,NSW1
2017-10-05 10:30:00,-9.9e-05,distillate,MW,nem,NSW1
2017-10-05 10:35:00,-9.9e-05,distillate,MW,nem,NSW1
2017-10-05 10:40:00,-9.9e-05,distillate,MW,nem,NSW1
2017-10-05 10:45:00,-9.9e-05,distillate,MW,nem,NSW1
2017-10-05 10:50:00,-9.9e-05,distillate,MW,nem,NSW1
2017-10-05 10:55:00,-0.000618,distillate,MW,nem,NSW1
2017-10-05 11:00:00,-0.000618,distillate,MW,nem,NSW1
2017-10-05 11:05:00,-0.000618,distillate,MW,nem,NSW1
2017-10-05 11:10:00,-0.000618,distillate,MW,nem,NSW1
2017-10-05 11:15:00,-0.000618,distillate,MW,nem,NSW1
2017-10-05 11:20:00,-0.000618,distillate,MW,nem,NSW1
2017-10-05 11:25:00,-0.000618,distillate,MW,nem,NSW1
2017-10-05 11:30:00,-0.000618,distillate,MW,nem,NSW1
2017-10-05 11:35:00,-0.000618,distillate,MW,nem,NSW1
2017-10-05 11:40:00,0.001369,distillate,MW,nem,NSW1
2017-10-05 11:45:00,0.001369,distillate,MW,nem,NSW1
2017-10-05 11:50:00,0.001369,distillate,MW,nem,NSW1
2017-10-05 11:55:00,0.001369,distillate,MW,nem,NSW1
2017-10-05 12:00:00,0.001369,distillate,MW,nem,NSW1
2017-10-05 12:05:00,0.001369,distillate,MW,nem,NSW1
2017-10-05 12:10:00,0.001369,distillate,MW,nem,NSW1
2017-10-05 12:15:00,0.001369,distillate,MW,nem,NSW1
2017-10-05 12:20:00,0.001369,distillate,MW,nem,NSW1
2017-10-05 12:25:00,0.00338,distillate,MW,nem,NSW1
2017-10-05 12:30:00,0.00338,distillate,MW,nem,NSW1
2017-10-05 12:35:00,0.00338,distillate,MW,nem,NSW1
2017-10-05 12:40:00,0.00338,distillate,MW,nem,NSW1
2017-10-05 12:45:00,0.00338,distillate,MW,nem,NSW1
2017-10-05 12:50:00,0.00338,distillate,MW,nem,NSW1
2017-10-05 12:55:00,0.00338,distillate,MW,nem,NSW1
2017-10-05 13:00:00,0.00338,distillate,MW,nem,NSW1
2017-10-05 13:05:00,0.00338,distillate,MW,nem,NSW1
2017-10-05 13:10:00,0.002228,distillate,MW,nem,NSW1
2017-10-05 13:15:00,0.002228,distillate,MW,nem,NSW1
2017-10-05 13:20:00,0.002228,distillate,MW,nem,NSW1
2017-10-05 13:25:00,0.002228,distillate,MW,nem,NSW1
2017-10-05 13:30:00,0.002228,distillate,MW,nem,NSW1
2017-10-05 13:35:00,0.002228,distillate,MW,nem,NSW1
2017-10-05 13:40:00,0.002228,distillate,MW,nem,NSW1
2017-10-05 13:45:00,0.002228,distillate,MW,nem,NSW1
2017-10-05 13:50:00,0.002228,distillate,MW,nem,NSW1
2017-10-05 13:55:00,0.002754,distillate,MW,nem,NSW1
2017-10-05 14:00:00,0.002754,distillate,MW,nem,NSW1
2017-10-05 14:05:00,0.002754,distillate,MW,nem,NSW1
2017-10-05 14:10:00,0.002754,distillate,MW,nem,NSW1
2017-10-05 14:15:00,0.002754,distillate,MW,nem,NSW1
2017-10-05 14:20:00,0.002754,distillate,MW,nem,NSW1
2017-10-05 14:25:00,0.002754,distillate,MW,nem,NSW1
2017-10-05 14:30:00,0.002754,distillate,MW,nem,NSW1
2017-10-05 14:35:00,0.002754,distillate,MW,nem,NSW1
2017-10-05 14:40:00,0.001678,distillate,MW,nem,NSW1
2017-10-05 14:45:00,0.001678,distillate,MW,nem,NSW1
2017-10-05 14:50:00,0.001678,distillate,MW,nem,NSW1
2017-10-05 14:55:00,0.001678,distillate,MW,nem,NSW1
2017-10-05 15:00:00,0.001678,distillate,MW,nem,NSW1
2017-10-05 15:05:00,0.001678,distillate,MW,nem,NSW1
2017-10-05 15:10:00,0.001678,distillate,MW,nem,NSW1
2017-10-05 15:15:00,0.001678,distillate,MW,nem,NSW1
2017-10-05 15:20:00,0.001678,distillate,MW,nem,NSW1
2017-10-05 15:25:00,0.001446,distillate,MW,nem,NSW1
2017-10-05 15:30:00,0.001446,distillate,MW,nem,NSW1
2017-10-05 15:35:00,0.001446,distillate,MW,nem,NSW1
2017-10-05 15:40:00,0.001446,distillate,MW,nem,NSW1
2017-10-05 15:45:00,0.001446,distillate,MW,nem,NSW1
2017-10-05 15:50:00,0.001446,distillate,MW,nem,NSW1
2017-10-05 15:55:00,0.001446,distillate,MW,nem,NSW1
2017-10-05 16:00:00,0.001446,distillate,MW,nem,NSW1
2017-10-05 16:05:00,0.001446,distillate,MW,nem,NSW1
2017-10-05 16:10:00,0.000652,distillate,MW,nem,NSW1
2017-10-05 16:15:00,0.000652,distillate,MW,nem,NSW1
2017-10-05 16:20:00,0.000652,distillate,MW,nem,NSW1
2017-10-05 16:25:00,0.000309,distillate,MW,nem,NSW1
2017-10-05 16:30:00,0.000309,distillate,MW,nem,NSW1
2017-10-05 16:35:00,0.000309,distillate,MW,nem,NSW1
2017-10-05 16:40:00,0.000309,distillate,MW,nem,NSW1
2017-10-05 16:45:00,-1.5e-05,distillate,MW,nem,NSW1
2017-10-05 16:50:00,-1.5e-05,distillate,MW,nem,NSW1
2017-10-05 16:55:00,-1.5e-05,distillate,MW,nem,NSW1
2017-10-05 17:00:00,-1.5e-05,distillate,MW,nem,NSW1
2017-10-05 17:05:00,-1.5e-05,distillate,MW,nem,NSW1
2017-10-05 17:10:00,-1.5e-05,distillate,MW,nem,NSW1
2017-10-05 17:15:00,-1.5e-05,distillate,MW,nem,NSW1
2017-10-05 17:20:00,-1.5e-05,distillate,MW,nem,NSW1
2017-10-05 17:25:00,-1.5e-05,distillate,MW,nem,NSW1
2017-10-05 17:30:00,0.00013,distillate,MW,nem,NSW1
2017-10-05 17:35:00,0.00013,distillate,MW,nem,NSW1
2017-10-05 17:40:00,0.00013,distillate,MW,nem,NSW1
2017-10-05 17:45:00,0.00013,distillate,MW,nem,NSW1
2017-10-05 17:50:00,0.00013,distillate,MW,nem,NSW1
2017-10-05 17:55:00,0.00013,distillate,MW,nem,NSW1
2017-10-05 18:00:00,0.00013,distillate,MW,nem,NSW1
2017-10-05 18:05:00,0.00013,distillate,MW,nem,NSW1
2017-10-05 18:10:00,0.00013,distillate,MW,nem,NSW1
2017-10-05 18:15:00,-0.001938,distillate,MW,nem,NSW1
2017-10-05 18:20:00,-0.001938,distillate,MW,nem,NSW1
2017-10-05 18:25:00,-0.001938,distillate,MW,nem,NSW1
2017-10-05 18:30:00,-0.001938,distillate,MW,nem,NSW1
2017-10-05 18:35:00,-0.001938,distillate,MW,nem,NSW1
2017-10-05 18:40:00,-0.001938,distillate,MW,nem,NSW1
2017-10-05 18:45:00,-0.001938,distillate,MW,nem,NSW1
2017-10-05 18:50:00,-0.001938,distillate,MW,nem,NSW1
2017-10-05 18:55:00,-0.001938,distillate,MW,nem,NSW1
2017-10-05 19:00:00,-0.002171,distillate,MW,nem,NSW1
2017-10-05 19:05:00,-0.002171,distillate,MW,nem,NSW1
2017-10-05 19:10:00,-0.002171,distillate,MW,nem,NSW1
2017-10-05 19:15:00,-0.002171,distillate,MW,nem,NSW1
2017-10-05 19:20:00,-0.002171,distillate,MW,nem,NSW1
2017-10-05 19:25:00,-0.002171,distillate,MW,nem,NSW1
2017-10-05 19:30:00,-0.002171,distillate,MW,nem,NSW1
2017-10-05 19:35:00,-0.002171,distillate,MW,nem,NSW1
2017-10-05 19:40:00,-0.002171,distillate,MW,nem,NSW1
2017-10-05 19:45:00,-0.003849,distillate,MW,nem,NSW1
2017-10-05 19:50:00,-0.003849,distillate,MW,nem,NSW1
2017-10-05 19:55:00,-0.003849,distillate,MW,nem,NSW1
2017-10-05 20:00:00,-0.003849,distillate,MW,nem,NSW1
2017-10-05 20:05:00,-0.003849,distillate,MW,nem,NSW1
2017-10-05 20:10:00,-0.003849,distillate,MW,nem,NSW1
2017-10-05 20:15:00,-0.003849,distillate,MW,nem,NSW1
2017-10-05 20:20:00,-0.003849,distillate,MW,nem,NSW1
2017-10-05 20:25:00,-0.003849,distillate,MW,nem,NSW1
2017-10-05 20:30:00,-0.002411,distillate,MW,nem,NSW1
2017-10-05 20:35:00,-0.002411,distillate,MW,nem,NSW1
2017-10-05 20:40:00,-0.002411,distillate,MW,nem,NSW1
2017-10-05 20:45:00,-0.002411,distillate,MW,nem,NSW1
2017-10-05 20:50:00,-0.002411,distillate,MW,nem,NSW1
2017-10-05 20:55:00,-0.002411,distillate,MW,nem,NSW1
2017-10-05 21:00:00,-0.002411,distillate,MW,nem,NSW1
2017-10-05 21:05:00,-0.002411,distillate,MW,nem,NSW1
2017-10-05 21:10:00,-0.002411,distillate,MW,nem,NSW1
2017-10-05 21:15:00,-0.001259,distillate,MW,nem,NSW1
2017-10-05 21:20:00,-0.001259,distillate,MW,nem,NSW1
2017-10-05 21:25:00,-0.001259,distillate,MW,nem,NSW1
2017-10-05 21:30:00,-0.001259,distillate,MW,nem,NSW1
2017-10-05 21:35:00,-0.001259,distillate,MW,nem,NSW1
2017-10-05 21:40:00,-0.001259,distillate,MW,nem,NSW1
2017-10-05 21:45:00,-0.001259,distillate,MW,nem,NSW1
2017-10-05 21:50:00,-0.001259,distillate,MW,nem,NSW1
2017-10-05 21:55:00,-0.001259,distillate,MW,nem,NSW1
2017-10-05 22:00:00,-0.00045,distillate,MW,nem,NSW1
2017-10-05 22:05:00,-0.00045,distillate,MW,nem,NSW1
2017-10-05 22:10:00,-0.00045,distillate,MW,nem,NSW1
2017-10-05 22:15:00,-0.00045,distillate,MW,nem,NSW1
2017-10-05 22:20:00,-0.00045,distillate,MW,nem,NSW1
2017-10-05 22:25:00,-0.00045,distillate,MW,nem,NSW1
2017-10-05 22:30:00,-0.00045,distillate,MW,nem,NSW1
2017-10-05 22:35:00,-0.00045,distillate,MW,nem,NSW1
2017-10-05 22:40:00,-0.00045,distillate,MW,nem,NSW1
2017-10-05 22:45:00,-0.001053,distillate,MW,nem,NSW1
2017-10-05 22:50:00,-0.001053,distillate,MW,nem,NSW1
2017-10-05 22:55:00,-0.001053,distillate,MW,nem,NSW1
2017-10-05 23:00:00,-0.001053,distillate,MW,nem,NSW1
2017-10-05 23:05:00,-0.001053,distillate,MW,nem,NSW1
2017-10-05 23:10:00,-0.001053,distillate,MW,nem,NSW1
2017-10-05 23:15:00,-0.001053,distillate,MW,nem,NSW1
2017-10-05 23:20:00,-0.001053,distillate,MW,nem,NSW1
2017-10-05 23:25:00,-0.001053,distillate,MW,nem,NSW1
2017-10-05 23:30:00,-0.000595,distillate,MW,nem,NSW1
2017-10-05 23:35:00,-0.000595,distillate,MW,nem,NSW1
2017-10-05 23:40:00,-0.000595,distillate,MW,nem,NSW1
2017-10-05 23:45:00,-0.000595,distillate,MW,nem,NSW1
2017-10-05 23:50:00,-0.000595,distillate,MW,nem,NSW1
2017-10-05 23:55:00,-0.000595,distillate,MW,nem,NSW1
2017-10-06 00:00:00,-0.000595,distillate,MW,nem,NSW1
2017-10-06 00:05:00,-0.000595,distillate,MW,nem,NSW1
2017-10-06 00:10:00,-0.000595,distillate,MW,nem,NSW1
2017-10-06 00:15:00,-0.002739,distillate,MW,nem,NSW1
2017-10-06 00:20:00,-0.002739,distillate,MW,nem,NSW1
2017-10-06 00:25:00,-0.002739,distillate,MW,nem,NSW1
2017-10-06 00:30:00,-0.002739,distillate,MW,nem,NSW1
2017-10-06 00:35:00,-0.002739,distillate,MW,nem,NSW1
2017-10-06 00:40:00,-0.002739,distillate,MW,nem,NSW1
2017-10-06 00:45:00,-0.002739,distillate,MW,nem,NSW1
2017-10-06 00:50:00,-0.002739,distillate,MW,nem,NSW1
2017-10-06 00:55:00,-0.002739,distillate,MW,nem,NSW1
2017-10-06 01:00:00,0.000465,distillate,MW,nem,NSW1
2017-10-06 01:05:00,0.000465,distillate,MW,nem,NSW1
2017-10-06 01:10:00,0.000465,distillate,MW,nem,NSW1
2017-10-06 01:15:00,0.000465,distillate,MW,nem,NSW1
2017-10-06 01:20:00,0.000465,distillate,MW,nem,NSW1
2017-10-06 01:25:00,0.000465,distillate,MW,nem,NSW1
2017-10-06 01:30:00,0.000465,distillate,MW,nem,NSW1
2017-10-06 01:35:00,0.000465,distillate,MW,nem,NSW1
2017-10-06 01:40:00,0.000465,distillate,MW,nem,NSW1
2017-10-06 01:45:00,0.002674,distillate,MW,nem,NSW1
2017-10-06 01:50:00,0.002674,distillate,MW,nem,NSW1
2017-10-06 01:55:00,0.002674,distillate,MW,nem,NSW1
2017-10-06 02:00:00,0.002674,distillate,MW,nem,NSW1
2017-10-06 02:05:00,0.002674,distillate,MW,nem,NSW1
2017-10-06 02:10:00,0.002674,distillate,MW,nem,NSW1
2017-10-06 02:15:00,0.002674,distillate,MW,nem,NSW1
2017-10-06 02:20:00,0.002674,distillate,MW,nem,NSW1
2017-10-06 02:25:00,0.002674,distillate,MW,nem,NSW1
2017-10-06 02:30:00,-0.000919,distillate,MW,nem,NSW1
2017-10-06 02:35:00,-0.000919,distillate,MW,nem,NSW1
2017-10-06 02:40:00,-0.000919,distillate,MW,nem,NSW1
2017-10-06 02:45:00,-0.000919,distillate,MW,nem,NSW1
2017-10-06 02:50:00,-0.000919,distillate,MW,nem,NSW1
2017-10-06 02:55:00,-0.000919,distillate,MW,nem,NSW1
2017-10-06 03:00:00,-0.000919,distillate,MW,nem,NSW1
2017-10-06 03:05:00,-0.000919,distillate,MW,nem,NSW1
2017-10-06 03:10:00,-0.000919,distillate,MW,nem,NSW1
2017-10-06 03:15:00,-0.003418,distillate,MW,nem,NSW1
2017-10-06 03:20:00,-0.003418,distillate,MW,nem,NSW1
2017-10-06 03:25:00,-0.003418,distillate,MW,nem,NSW1
2017-10-06 03:30:00,-0.003418,distillate,MW,nem,NSW1
2017-10-06 03:35:00,-0.003418,distillate,MW,nem,NSW1
2017-10-06 03:40:00,-0.003418,distillate,MW,nem,NSW1
2017-10-06 03:45:00,-0.003418,distillate,MW,nem,NSW1
2017-10-06 03:50:00,-0.003418,distillate,MW,nem,NSW1
2017-10-06 03:55:00,-0.003418,distillate,MW,nem,NSW1
2017-10-06 04:00:00,-0.000404,distillate,MW,nem,NSW1
2017-10-06 04:05:00,-0.000404,distillate,MW,nem,NSW1
2017-10-06 04:10:00,-0.000404,distillate,MW,nem,NSW1
2017-10-06 04:15:00,-0.000404,distillate,MW,nem,NSW1
2017-10-06 04:20:00,-0.000404,distillate,MW,nem,NSW1
2017-10-06 04:25:00,-0.000404,distillate,MW,nem,NSW1
2017-10-06 04:30:00,-0.000404,distillate,MW,nem,NSW1
2017-10-06 04:35:00,-0.000404,distillate,MW,nem,NSW1
2017-10-06 04:40:00,-0.000404,distillate,MW,nem,NSW1
2017-10-06 04:45:00,-0.001793,distillate,MW,nem,NSW1
2017-10-06 04:50:00,-0.001793,distillate,MW,nem,NSW1
2017-10-06 04:55:00,-0.001793,distillate,MW,nem,NSW1
2017-10-06 05:00:00,-0.001793,distillate,MW,nem,NSW1
2017-10-06 05:05:00,-0.001793,distillate,MW,nem,NSW1
2017-10-06 05:10:00,-0.001793,distillate,MW,nem,NSW1
2017-10-06 05:15:00,-0.001793,distillate,MW,nem,NSW1
2017-10-06 05:20:00,-0.001793,distillate,MW,nem,NSW1
2017-10-06 05:25:00,-0.001793,distillate,MW,nem,NSW1
2017-10-06 05:30:00,-0.005146,distillate,MW,nem,NSW1
2017-10-06 05:35:00,-0.005146,distillate,MW,nem,NSW1
2017-10-06 05:40:00,-0.005146,distillate,MW,nem,NSW1
2017-10-06 05:45:00,-0.005146,distillate,MW,nem,NSW1
2017-10-06 05:50:00,-0.005146,distillate,MW,nem,NSW1
2017-10-06 05:55:00,-0.005146,distillate,MW,nem,NSW1
2017-10-06 06:00:00,-0.005146,distillate,MW,nem,NSW1
2017-10-06 06:05:00,-0.005146,distillate,MW,nem,NSW1
2017-10-06 06:10:00,-0.005146,distillate,MW,nem,NSW1
2017-10-06 06:15:00,-0.009212,distillate,MW,nem,NSW1
2017-10-06 06:20:00,-0.009212,distillate,MW,nem,NSW1
2017-10-06 06:25:00,-0.009212,distillate,MW,nem,NSW1
2017-10-06 06:30:00,-0.009212,distillate,MW,nem,NSW1
2017-10-06 06:35:00,-0.009212,distillate,MW,nem,NSW1
2017-10-06 06:40:00,-0.009212,distillate,MW,nem,NSW1
2017-10-06 06:45:00,-0.009212,distillate,MW,nem,NSW1
2017-10-06 06:50:00,-0.009212,distillate,MW,nem,NSW1
2017-10-06 06:55:00,-0.009212,distillate,MW,nem,NSW1
2017-10-06 07:00:00,-0.01032,distillate,MW,nem,NSW1
2017-10-06 07:05:00,-0.01032,distillate,MW,nem,NSW1
2017-10-06 07:10:00,-0.01032,distillate,MW,nem,NSW1
2017-10-06 07:15:00,-0.01032,distillate,MW,nem,NSW1
2017-10-06 07:20:00,-0.01032,distillate,MW,nem,NSW1
2017-10-06 07:25:00,-0.01032,distillate,MW,nem,NSW1
2017-10-06 07:30:00,-0.01032,distillate,MW,nem,NSW1
2017-10-06 07:35:00,-0.01032,distillate,MW,nem,NSW1
2017-10-06 07:40:00,-0.01032,distillate,MW,nem,NSW1
2017-10-06 07:45:00,-0.007786,distillate,MW,nem,NSW1
2017-10-06 07:50:00,-0.007786,distillate,MW,nem,NSW1
2017-10-06 07:55:00,-0.007786,distillate,MW,nem,NSW1
2017-10-06 08:00:00,-0.007786,distillate,MW,nem,NSW1
2017-10-06 08:05:00,-0.007786,distillate,MW,nem,NSW1
2017-10-06 08:10:00,-0.007786,distillate,MW,nem,NSW1
2017-10-06 08:15:00,-0.007786,distillate,MW,nem,NSW1
2017-10-06 08:20:00,-0.007786,distillate,MW,nem,NSW1
2017-10-06 08:25:00,-0.007786,distillate,MW,nem,NSW1
2017-10-06 08:30:00,-0.01111,distillate,MW,nem,NSW1
2017-10-06 08:35:00,-0.01111,distillate,MW,nem,NSW1
2017-10-06 08:40:00,-0.01111,distillate,MW,nem,NSW1
2017-10-06 08:45:00,-0.01111,distillate,MW,nem,NSW1
2017-10-06 08:50:00,-0.01111,distillate,MW,nem,NSW1
2017-10-06 08:55:00,-0.01111,distillate,MW,nem,NSW1
2017-10-06 09:00:00,-0.01111,distillate,MW,nem,NSW1
2017-10-06 09:05:00,-0.01111,distillate,MW,nem,NSW1
2017-10-06 09:10:00,-0.01111,distillate,MW,nem,NSW1
2017-10-06 09:15:00,-0.01211,distillate,MW,nem,NSW1
2017-10-06 09:20:00,-0.01211,distillate,MW,nem,NSW1
2017-10-06 09:25:00,-0.01211,distillate,MW,nem,NSW1
2017-10-06 09:30:00,-0.01211,distillate,MW,nem,NSW1
2017-10-06 09:35:00,-0.01211,distillate,MW,nem,NSW1
2017-10-06 09:40:00,-0.01211,distillate,MW,nem,NSW1
2017-10-06 09:45:00,-0.01211,distillate,MW,nem,NSW1
2017-10-06 09:50:00,-0.01211,distillate,MW,nem,NSW1
2017-10-06 09:55:00,-0.01211,distillate,MW,nem,NSW1
2017-10-06 10:00:00,-0.01021,distillate,MW,nem,NSW1
2017-10-06 10:05:00,-0.01021,distillate,MW,nem,NSW1
2017-10-06 10:10:00,-0.01021,distillate,MW,nem,NSW1
2017-10-06 10:15:00,-0.01021,distillate,MW,nem,NSW1
2017-10-06 10:20:00,-0.01021,distillate,MW,nem,NSW1
2017-10-06 10:25:00,-0.01021,distillate,MW,nem,NSW1
2017-10-06 10:30:00,-0.01021,distillate,MW,nem,NSW1
2017-10-06 10:35:00,-0.01021,distillate,MW,nem,NSW1
2017-10-06 10:40:00,-0.01021,distillate,MW,nem,NSW1
2017-10-06 10:45:00,-0.011,distillate,MW,nem,NSW1
2017-10-06 10:50:00,-0.011,distillate,MW,nem,NSW1
2017-10-06 10:55:00,-0.011,distillate,MW,nem,NSW1
2017-10-06 11:00:00,-0.011,distillate,MW,nem,NSW1
2017-10-06 11:05:00,-0.011,distillate,MW,nem,NSW1
2017-10-06 11:10:00,-0.011,distillate,MW,nem,NSW1
2017-10-06 11:15:00,-0.011,distillate,MW,nem,NSW1
2017-10-06 11:20:00,-0.011,distillate,MW,nem,NSW1
2017-10-06 11:25:00,-0.011,distillate,MW,nem,NSW1
2017-10-06 11:30:00,-0.007927,distillate,MW,nem,NSW1
2017-10-06 11:35:00,-0.007927,distillate,MW,nem,NSW1
2017-10-06 11:40:00,-0.007927,distillate,MW,nem,NSW1
2017-10-06 11:45:00,-0.007927,distillate,MW,nem,NSW1
2017-10-06 11:50:00,-0.007927,distillate,MW,nem,NSW1
2017-10-06 11:55:00,-0.007927,distillate,MW,nem,NSW1
2017-10-06 12:00:00,-0.007927,distillate,MW,nem,NSW1
2017-10-06 12:05:00,-0.007927,distillate,MW,nem,NSW1
2017-10-06 12:10:00,-0.007927,distillate,MW,nem,NSW1
2017-10-06 12:15:00,-6.9e-05,distillate,MW,nem,NSW1
2017-10-06 12:20:00,-6.9e-05,distillate,MW,nem,NSW1
2017-10-06 12:25:00,-6.9e-05,distillate,MW,nem,NSW1
2017-10-06 12:30:00,-6.9e-05,distillate,MW,nem,NSW1
2017-10-06 12:35:00,-6.9e-05,distillate,MW,nem,NSW1
2017-10-06 12:40:00,-6.9e-05,distillate,MW,nem,NSW1
2017-10-06 12:45:00,-6.9e-05,distillate,MW,nem,NSW1
2017-10-06 12:50:00,-6.9e-05,distillate,MW,nem,NSW1
2017-10-06 12:55:00,-6.9e-05,distillate,MW,nem,NSW1
2017-10-06 13:00:00,0.004002,distillate,MW,nem,NSW1
2017-10-06 13:05:00,0.004002,distillate,MW,nem,NSW1
2017-10-06 13:10:00,0.004002,distillate,MW,nem,NSW1
2017-10-06 13:15:00,0.004002,distillate,MW,nem,NSW1
2017-10-06 13:20:00,0.004002,distillate,MW,nem,NSW1
2017-10-06 13:25:00,0.004002,distillate,MW,nem,NSW1
2017-10-06 13:30:00,0.004002,distillate,MW,nem,NSW1
2017-10-06 13:35:00,0.004002,distillate,MW,nem,NSW1
2017-10-06 13:40:00,0.004002,distillate,MW,nem,NSW1
2017-10-06 13:45:00,0.007061,distillate,MW,nem,NSW1
2017-10-06 13:50:00,0.007061,distillate,MW,nem,NSW1
2017-10-06 13:55:00,0.007061,distillate,MW,nem,NSW1
2017-10-06 14:00:00,0.007061,distillate,MW,nem,NSW1
2017-10-06 14:05:00,0.007061,distillate,MW,nem,NSW1
2017-10-06 14:10:00,0.007061,distillate,MW,nem,NSW1
2017-10-06 14:15:00,0.007061,distillate,MW,nem,NSW1
2017-10-06 14:20:00,0.007061,distillate,MW,nem,NSW1
2017-10-06 14:25:00,0.007061,distillate,MW,nem,NSW1
2017-10-06 14:30:00,0.004425,distillate,MW,nem,NSW1
2017-10-06 14:35:00,0.004425,distillate,MW,nem,NSW1
2017-10-06 14:40:00,0.004425,distillate,MW,nem,NSW1
2017-10-06 14:45:00,0.004425,distillate,MW,nem,NSW1
2017-10-06 14:50:00,0.004425,distillate,MW,nem,NSW1
2017-10-06 14:55:00,0.004425,distillate,MW,nem,NSW1
2017-10-06 15:00:00,0.004425,distillate,MW,nem,NSW1
2017-10-06 15:05:00,0.004425,distillate,MW,nem,NSW1
2017-10-06 15:10:00,0.004425,distillate,MW,nem,NSW1
2017-10-06 15:15:00,0.004997,distillate,MW,nem,NSW1
2017-10-06 15:20:00,0.004997,distillate,MW,nem,NSW1
2017-10-06 15:25:00,0.004997,distillate,MW,nem,NSW1
2017-10-06 15:30:00,0.004997,distillate,MW,nem,NSW1
2017-10-06 15:35:00,0.004997,distillate,MW,nem,NSW1
2017-10-06 15:40:00,0.004997,distillate,MW,nem,NSW1
2017-10-06 15:45:00,0.004997,distillate,MW,nem,NSW1
2017-10-06 15:50:00,0.004997,distillate,MW,nem,NSW1
2017-10-06 15:55:00,0.004997,distillate,MW,nem,NSW1
2017-10-06 16:00:00,0.003551,distillate,MW,nem,NSW1
2017-10-06 16:05:00,0.003551,distillate,MW,nem,NSW1
2017-10-06 16:10:00,0.003551,distillate,MW,nem,NSW1
2017-10-06 16:15:00,0.003551,distillate,MW,nem,NSW1
2017-10-06 16:20:00,0.003551,distillate,MW,nem,NSW1
2017-10-06 16:25:00,0.003551,distillate,MW,nem,NSW1
2017-10-06 16:30:00,0.003551,distillate,MW,nem,NSW1
2017-10-06 16:35:00,0.003551,distillate,MW,nem,NSW1
2017-10-06 16:40:00,0.003551,distillate,MW,nem,NSW1
2017-10-06 16:45:00,0.002747,distillate,MW,nem,NSW1
2017-10-06 16:50:00,0.002747,distillate,MW,nem,NSW1
2017-10-06 16:55:00,0.002747,distillate,MW,nem,NSW1
2017-10-06 17:00:00,0.002747,distillate,MW,nem,NSW1
2017-10-06 17:05:00,0.002747,distillate,MW,nem,NSW1
2017-10-06 17:10:00,0.002747,distillate,MW,nem,NSW1
2017-10-06 17:15:00,0.002747,distillate,MW,nem,NSW1
2017-10-06 17:20:00,0.002747,distillate,MW,nem,NSW1
2017-10-06 17:25:00,0.002747,distillate,MW,nem,NSW1
2017-10-06 17:30:00,0.002956,distillate,MW,nem,NSW1
2017-10-06 17:35:00,0.002956,distillate,MW,nem,NSW1
2017-10-06 17:40:00,0.002956,distillate,MW,nem,NSW1
2017-10-06 17:45:00,0.002956,distillate,MW,nem,NSW1
2017-10-06 17:50:00,0.002956,distillate,MW,nem,NSW1
2017-10-06 17:55:00,0.002956,distillate,MW,nem,NSW1
2017-10-06 18:00:00,0.002956,distillate,MW,nem,NSW1
2017-10-06 18:05:00,0.002956,distillate,MW,nem,NSW1
2017-10-06 18:10:00,0.002956,distillate,MW,nem,NSW1
2017-10-06 18:15:00,0.001507,distillate,MW,nem,NSW1
2017-10-06 18:20:00,0.001507,distillate,MW,nem,NSW1
2017-10-06 18:25:00,0.001507,distillate,MW,nem,NSW1
2017-10-06 18:30:00,0.001507,distillate,MW,nem,NSW1
2017-10-06 18:35:00,0.001507,distillate,MW,nem,NSW1
2017-10-06 18:40:00,0.001507,distillate,MW,nem,NSW1
2017-10-06 18:45:00,0.001507,distillate,MW,nem,NSW1
2017-10-06 18:50:00,0.001507,distillate,MW,nem,NSW1
2017-10-06 18:55:00,0.001507,distillate,MW,nem,NSW1
2017-10-06 19:00:00,0.002613,distillate,MW,nem,NSW1
2017-10-06 19:05:00,0.002613,distillate,MW,nem,NSW1
2017-10-06 19:10:00,0.002613,distillate,MW,nem,NSW1
2017-10-06 19:15:00,0.002613,distillate,MW,nem,NSW1
2017-10-06 19:20:00,0.002613,distillate,MW,nem,NSW1
2017-10-06 19:25:00,0.002613,distillate,MW,nem,NSW1
2017-10-06 19:30:00,0.002613,distillate,MW,nem,NSW1
2017-10-06 19:35:00,0.002613,distillate,MW,nem,NSW1
2017-10-06 19:40:00,0.002613,distillate,MW,nem,NSW1
2017-10-06 19:45:00,0.002617,distillate,MW,nem,NSW1
2017-10-06 19:50:00,0.002617,distillate,MW,nem,NSW1
2017-10-06 19:55:00,0.002617,distillate,MW,nem,NSW1
2017-10-06 20:00:00,0.002617,distillate,MW,nem,NSW1
2017-10-06 20:05:00,0.002617,distillate,MW,nem,NSW1
2017-10-06 20:10:00,0.002617,distillate,MW,nem,NSW1
2017-10-06 20:15:00,0.002617,distillate,MW,nem,NSW1
2017-10-06 20:20:00,0.002617,distillate,MW,nem,NSW1
2017-10-06 20:25:00,0.002617,distillate,MW,nem,NSW1
2017-10-06 20:30:00,0.002651,distillate,MW,nem,NSW1
2017-10-06 20:35:00,0.002651,distillate,MW,nem,NSW1
2017-10-06 20:40:00,0.002651,distillate,MW,nem,NSW1
2017-10-06 20:45:00,0.002651,distillate,MW,nem,NSW1
2017-10-06 20:50:00,0.002651,distillate,MW,nem,NSW1
2017-10-06 20:55:00,0.002651,distillate,MW,nem,NSW1
2017-10-06 21:00:00,0.002651,distillate,MW,nem,NSW1
2017-10-06 21:05:00,0.002651,distillate,MW,nem,NSW1
2017-10-06 21:10:00,0.002651,distillate,MW,nem,NSW1
2017-10-06 21:15:00,0.001408,distillate,MW,nem,NSW1
2017-10-06 21:20:00,0.001408,distillate,MW,nem,NSW1
2017-10-06 21:25:00,0.001408,distillate,MW,nem,NSW1
2017-10-06 21:30:00,0.001408,distillate,MW,nem,NSW1
2017-10-06 21:35:00,0.001408,distillate,MW,nem,NSW1
2017-10-06 21:40:00,0.001408,distillate,MW,nem,NSW1
2017-10-06 21:45:00,0.001408,distillate,MW,nem,NSW1
2017-10-06 21:50:00,0.001408,distillate,MW,nem,NSW1
2017-10-06 21:55:00,0.001408,distillate,MW,nem,NSW1
2017-10-06 22:00:00,-0.001717,distillate,MW,nem,NSW1
2017-10-06 22:05:00,-0.001717,distillate,MW,nem,NSW1
2017-10-06 22:10:00,-0.001717,distillate,MW,nem,NSW1
2017-10-06 22:15:00,-0.001717,distillate,MW,nem,NSW1
2017-10-06 22:20:00,-0.001717,distillate,MW,nem,NSW1
2017-10-06 22:25:00,-0.001717,distillate,MW,nem,NSW1
2017-10-06 22:30:00,-0.001717,distillate,MW,nem,NSW1
2017-10-06 22:35:00,-0.001717,distillate,MW,nem,NSW1
2017-10-06 22:40:00,-0.001717,distillate,MW,nem,NSW1
2017-10-06 22:45:00,0.001404,distillate,MW,nem,NSW1
2017-10-06 22:50:00,0.001404,distillate,MW,nem,NSW1
2017-10-06 22:55:00,0.001404,distillate,MW,nem,NSW1
2017-10-06 23:00:00,0.001404,distillate,MW,nem,NSW1
2017-10-06 23:05:00,0.001404,distillate,MW,nem,NSW1
2017-10-06 23:10:00,0.001404,distillate,MW,nem,NSW1
2017-10-06 23:15:00,0.001404,distillate,MW,nem,NSW1
2017-10-06 23:20:00,0.001404,distillate,MW,nem,NSW1
2017-10-06 23:25:00,0.001404,distillate,MW,nem,NSW1
2017-10-06 23:30:00,0.00275,distillate,MW,nem,NSW1
2017-10-06 23:35:00,0.00275,distillate,MW,nem,NSW1
2017-10-06 23:40:00,0.00275,distillate,MW,nem,NSW1
2017-10-06 23:45:00,0.00275,distillate,MW,nem,NSW1
2017-10-06 23:50:00,0.00275,distillate,MW,nem,NSW1
2017-10-06 23:55:00,0.00275,distillate,MW,nem,NSW1
2017-10-07 00:00:00,0.00275,distillate,MW,nem,NSW1
2017-10-07 00:05:00,0.00275,distillate,MW,nem,NSW1
2017-10-07 00:10:00,0.00275,distillate,MW,nem,NSW1
2017-10-07 00:15:00,0.002781,distillate,MW,nem,NSW1
2017-10-07 00:20:00,0.002781,distillate,MW,nem,NSW1
2017-10-07 00:25:00,0.002781,distillate,MW,nem,NSW1
2017-10-07 00:30:00,0.002781,distillate,MW,nem,NSW1
2017-10-07 00:35:00,0.002781,distillate,MW,nem,NSW1
2017-10-07 00:40:00,0.002781,distillate,MW,nem,NSW1
2017-10-07 00:45:00,0.002781,distillate,MW,nem,NSW1
2017-10-07 00:50:00,0.002781,distillate,MW,nem,NSW1
2017-10-07 00:55:00,0.002781,distillate,MW,nem,NSW1
2017-10-07 01:00:00,0.006374,distillate,MW,nem,NSW1
2017-10-07 01:05:00,0.006374,distillate,MW,nem,NSW1
2017-10-07 01:10:00,0.006374,distillate,MW,nem,NSW1
2017-10-07 01:15:00,0.006374,distillate,MW,nem,NSW1
2017-10-07 01:20:00,0.006374,distillate,MW,nem,NSW1
2017-10-07 01:25:00,0.006374,distillate,MW,nem,NSW1
2017-10-07 01:30:00,0.006374,distillate,MW,nem,NSW1
2017-10-07 01:35:00,0.006374,distillate,MW,nem,NSW1
2017-10-07 01:40:00,0.006374,distillate,MW,nem,NSW1
2017-10-07 01:45:00,0.002956,distillate,MW,nem,NSW1
2017-10-07 01:50:00,0.002956,distillate,MW,nem,NSW1
2017-10-07 01:55:00,0.002956,distillate,MW,nem,NSW1
2017-10-07 02:00:00,0.002956,distillate,MW,nem,NSW1
2017-10-07 02:05:00,0.002956,distillate,MW,nem,NSW1
2017-10-07 02:10:00,0.002956,distillate,MW,nem,NSW1
2017-10-07 02:15:00,0.002956,distillate,MW,nem,NSW1
2017-10-07 02:20:00,0.002956,distillate,MW,nem,NSW1
2017-10-07 02:25:00,0.002956,distillate,MW,nem,NSW1
2017-10-07 02:30:00,0.003685,distillate,MW,nem,NSW1
2017-10-07 02:35:00,0.003685,distillate,MW,nem,NSW1
2017-10-07 02:40:00,0.003685,distillate,MW,nem,NSW1
2017-10-07 02:45:00,0.003685,distillate,MW,nem,NSW1
2017-10-07 02:50:00,0.003685,distillate,MW,nem,NSW1
2017-10-07 02:55:00,0.003685,distillate,MW,nem,NSW1
2017-10-07 03:00:00,0.003685,distillate,MW,nem,NSW1
2017-10-07 03:05:00,0.003685,distillate,MW,nem,NSW1
2017-10-07 03:10:00,0.003685,distillate,MW,nem,NSW1
2017-10-07 03:15:00,0.002846,distillate,MW,nem,NSW1
2017-10-07 03:20:00,0.002846,distillate,MW,nem,NSW1
2017-10-07 03:25:00,0.002846,distillate,MW,nem,NSW1
2017-10-07 03:30:00,0.002846,distillate,MW,nem,NSW1
2017-10-07 03:35:00,0.002846,distillate,MW,nem,NSW1
2017-10-07 03:40:00,0.002846,distillate,MW,nem,NSW1
2017-10-07 03:45:00,0.002846,distillate,MW,nem,NSW1
2017-10-07 03:50:00,0.002846,distillate,MW,nem,NSW1
2017-10-07 03:55:00,0.002846,distillate,MW,nem,NSW1
2017-10-07 04:00:00,0.003777,distillate,MW,nem,NSW1
2017-10-07 04:05:00,0.003777,distillate,MW,nem,NSW1
2017-10-07 04:10:00,0.003777,distillate,MW,nem,NSW1
2017-10-07 04:15:00,0.003777,distillate,MW,nem,NSW1
2017-10-07 04:20:00,0.003777,distillate,MW,nem,NSW1
2017-10-07 04:25:00,0.003777,distillate,MW,nem,NSW1
2017-10-07 04:30:00,0.003777,distillate,MW,nem,NSW1
2017-10-07 04:35:00,0.003777,distillate,MW,nem,NSW1
2017-10-07 04:40:00,0.003777,distillate,MW,nem,NSW1
2017-10-07 04:45:00,0.004787,distillate,MW,nem,NSW1
2017-10-07 04:50:00,0.004787,distillate,MW,nem,NSW1
2017-10-07 04:55:00,0.004787,distillate,MW,nem,NSW1
2017-10-07 05:00:00,0.004787,distillate,MW,nem,NSW1
2017-10-07 05:05:00,0.004787,distillate,MW,nem,NSW1
2017-10-07 05:10:00,0.004787,distillate,MW,nem,NSW1
2017-10-07 05:15:00,0.004787,distillate,MW,nem,NSW1
2017-10-07 05:20:00,0.004787,distillate,MW,nem,NSW1
2017-10-07 05:25:00,0.004787,distillate,MW,nem,NSW1
2017-10-07 05:30:00,0.003792,distillate,MW,nem,NSW1
2017-10-07 05:35:00,0.003792,distillate,MW,nem,NSW1
2017-10-07 05:40:00,0.003792,distillate,MW,nem,NSW1
2017-10-07 05:45:00,0.003792,distillate,MW,nem,NSW1
2017-10-07 05:50:00,0.003792,distillate,MW,nem,NSW1
2017-10-07 05:55:00,0.003792,distillate,MW,nem,NSW1
2017-10-07 06:00:00,0.003792,distillate,MW,nem,NSW1
2017-10-07 06:05:00,0.003792,distillate,MW,nem,NSW1
2017-10-07 06:10:00,0.003792,distillate,MW,nem,NSW1
2017-10-07 06:15:00,0.004921,distillate,MW,nem,NSW1
2017-10-07 06:20:00,0.004921,distillate,MW,nem,NSW1
2017-10-07 06:25:00,0.004921,distillate,MW,nem,NSW1
2017-10-07 06:30:00,0.004921,distillate,MW,nem,NSW1
2017-10-07 06:35:00,0.004921,distillate,MW,nem,NSW1
2017-10-07 06:40:00,0.004921,distillate,MW,nem,NSW1
2017-10-07 06:45:00,0.004921,distillate,MW,nem,NSW1
2017-10-07 06:50:00,0.004921,distillate,MW,nem,NSW1
2017-10-07 06:55:00,0.004921,distillate,MW,nem,NSW1
2017-10-07 07:00:00,0.003044,distillate,MW,nem,NSW1
2017-10-07 07:05:00,0.003044,distillate,MW,nem,NSW1
2017-10-07 07:10:00,0.003044,distillate,MW,nem,NSW1
2017-10-07 07:15:00,0.003044,distillate,MW,nem,NSW1
2017-10-07 07:20:00,0.003044,distillate,MW,nem,NSW1
2017-10-07 07:25:00,0.003044,distillate,MW,nem,NSW1
2017-10-07 07:30:00,0.003044,distillate,MW,nem,NSW1
2017-10-07 07:35:00,0.003044,distillate,MW,nem,NSW1
2017-10-07 07:40:00,0.003044,distillate,MW,nem,NSW1
2017-10-07 07:45:00,0.000107,distillate,MW,nem,NSW1
2017-10-07 07:50:00,0.000107,distillate,MW,nem,NSW1
2017-10-07 07:55:00,0.000107,distillate,MW,nem,NSW1
2017-10-07 08:00:00,0.000107,distillate,MW,nem,NSW1
2017-10-07 08:05:00,0.000107,distillate,MW,nem,NSW1
2017-10-07 08:10:00,0.000107,distillate,MW,nem,NSW1
2017-10-07 08:15:00,0.000107,distillate,MW,nem,NSW1
2017-10-07 08:20:00,0.000107,distillate,MW,nem,NSW1
2017-10-07 08:25:00,0.000107,distillate,MW,nem,NSW1
2017-10-07 08:30:00,0.001278,distillate,MW,nem,NSW1
2017-10-07 08:35:00,0.001278,distillate,MW,nem,NSW1
2017-10-07 08:40:00,0.001278,distillate,MW,nem,NSW1
2017-10-07 08:45:00,0.001278,distillate,MW,nem,NSW1
2017-10-07 08:50:00,0.001278,distillate,MW,nem,NSW1
2017-10-07 08:55:00,0.001278,distillate,MW,nem,NSW1
2017-10-07 09:00:00,0.001278,distillate,MW,nem,NSW1
2017-10-07 09:05:00,0.001278,distillate,MW,nem,NSW1
2017-10-07 09:10:00,0.001278,distillate,MW,nem,NSW1
2017-10-07 09:15:00,-0.001564,distillate,MW,nem,NSW1
2017-10-07 09:20:00,-0.001564,distillate,MW,nem,NSW1
2017-10-07 09:25:00,-0.001564,distillate,MW,nem,NSW1
2017-10-07 09:30:00,-0.001564,distillate,MW,nem,NSW1
2017-10-07 09:35:00,-0.001564,distillate,MW,nem,NSW1
2017-10-07 09:40:00,-0.001564,distillate,MW,nem,NSW1
2017-10-07 09:45:00,-0.001564,distillate,MW,nem,NSW1
2017-10-07 09:50:00,-0.001564,distillate,MW,nem,NSW1
2017-10-07 09:55:00,-0.001564,distillate,MW,nem,NSW1
2017-10-07 10:00:00,-0.002728,distillate,MW,nem,NSW1
2017-10-07 10:05:00,-0.002728,distillate,MW,nem,NSW1
2017-10-07 10:10:00,-0.002728,distillate,MW,nem,NSW1
2017-10-07 10:15:00,-0.002728,distillate,MW,nem,NSW1
2017-10-07 10:20:00,-0.002728,distillate,MW,nem,NSW1
2017-10-07 10:25:00,-0.002728,distillate,MW,nem,NSW1
2017-10-07 10:30:00,-0.002728,distillate,MW,nem,NSW1
2017-10-07 10:35:00,-0.002728,distillate,MW,nem,NSW1
2017-10-07 10:40:00,-0.002728,distillate,MW,nem,NSW1
2017-10-07 10:45:00,-0.000759,distillate,MW,nem,NSW1
2017-10-07 10:50:00,-0.000759,distillate,MW,nem,NSW1
2017-10-07 10:55:00,-0.000759,distillate,MW,nem,NSW1
2017-10-07 11:00:00,-0.000759,distillate,MW,nem,NSW1
2017-10-07 11:05:00,-0.000759,distillate,MW,nem,NSW1
2017-10-07 11:10:00,-0.000759,distillate,MW,nem,NSW1
2017-10-07 11:15:00,-0.000759,distillate,MW,nem,NSW1
2017-10-07 11:20:00,-0.000759,distillate,MW,nem,NSW1
2017-10-07 11:25:00,-0.000759,distillate,MW,nem,NSW1
2017-10-07 11:30:00,-0.000221,distillate,MW,nem,NSW1
2017-10-07 11:35:00,-0.000221,distillate,MW,nem,NSW1
2017-10-07 11:40:00,-0.000221,distillate,MW,nem,NSW1
2017-10-07 11:45:00,-0.000221,distillate,MW,nem,NSW1
2017-10-07 11:50:00,-0.000221,distillate,MW,nem,NSW1
2017-10-07 11:55:00,-0.000221,distillate,MW,nem,NSW1
2017-10-07 12:00:00,-0.000221,distillate,MW,nem,NSW1
2017-10-07 12:05:00,-0.000221,distillate,MW,nem,NSW1
2017-10-07 12:10:00,-0.000221,distillate,MW,nem,NSW1
2017-10-07 12:15:00,0.000858,distillate,MW,nem,NSW1
2017-10-07 12:20:00,0.000858,distillate,MW,nem,NSW1
2017-10-07 12:25:00,0.000858,distillate,MW,nem,NSW1
2017-10-07 12:30:00,0.000858,distillate,MW,nem,NSW1
2017-10-07 12:35:00,0.000858,distillate,MW,nem,NSW1
2017-10-07 12:40:00,0.000858,distillate,MW,nem,NSW1
2017-10-07 12:45:00,0.000858,distillate,MW,nem,NSW1
2017-10-07 12:50:00,0.000858,distillate,MW,nem,NSW1
2017-10-07 12:55:00,0.000858,distillate,MW,nem,NSW1
2017-10-07 13:00:00,0.004391,distillate,MW,nem,NSW1
2017-10-07 13:05:00,0.004391,distillate,MW,nem,NSW1
2017-10-07 13:10:00,0.004391,distillate,MW,nem,NSW1
2017-10-07 13:15:00,0.004391,distillate,MW,nem,NSW1
2017-10-07 13:20:00,0.004391,distillate,MW,nem,NSW1
2017-10-07 13:25:00,0.004391,distillate,MW,nem,NSW1
2017-10-07 13:30:00,0.004391,distillate,MW,nem,NSW1
2017-10-07 13:35:00,0.004391,distillate,MW,nem,NSW1
2017-10-07 13:40:00,0.004391,distillate,MW,nem,NSW1
2017-10-07 13:45:00,0.01057,distillate,MW,nem,NSW1
2017-10-07 13:50:00,0.01057,distillate,MW,nem,NSW1
2017-10-07 13:55:00,0.01057,distillate,MW,nem,NSW1
2017-10-07 14:00:00,0.01057,distillate,MW,nem,NSW1
2017-10-07 14:05:00,0.01057,distillate,MW,nem,NSW1
2017-10-07 14:10:00,0.01057,distillate,MW,nem,NSW1
2017-10-07 14:15:00,0.01057,distillate,MW,nem,NSW1
2017-10-07 14:20:00,0.01057,distillate,MW,nem,NSW1
2017-10-07 14:25:00,0.01057,distillate,MW,nem,NSW1
2017-10-07 14:30:00,0.005913,distillate,MW,nem,NSW1
2017-10-07 14:35:00,0.005913,distillate,MW,nem,NSW1
2017-10-07 14:40:00,0.005913,distillate,MW,nem,NSW1
2017-10-07 14:45:00,0.005913,distillate,MW,nem,NSW1
2017-10-07 14:50:00,0.005913,distillate,MW,nem,NSW1
2017-10-07 14:55:00,0.005913,distillate,MW,nem,NSW1
2017-10-07 15:00:00,0.005913,distillate,MW,nem,NSW1
2017-10-07 15:05:00,0.005913,distillate,MW,nem,NSW1
2017-10-07 15:10:00,0.005913,distillate,MW,nem,NSW1
2017-10-07 15:15:00,0.007942,distillate,MW,nem,NSW1
2017-10-07 15:20:00,0.007942,distillate,MW,nem,NSW1
2017-10-07 15:25:00,0.007942,distillate,MW,nem,NSW1
2017-10-07 15:30:00,0.007942,distillate,MW,nem,NSW1
2017-10-07 15:35:00,0.007942,distillate,MW,nem,NSW1
2017-10-07 15:40:00,0.007942,distillate,MW,nem,NSW1
2017-10-07 15:45:00,0.007942,distillate,MW,nem,NSW1
2017-10-07 15:50:00,0.007942,distillate,MW,nem,NSW1
2017-10-07 15:55:00,0.007942,distillate,MW,nem,NSW1
2017-10-07 16:00:00,0.004879,distillate,MW,nem,NSW1
2017-10-07 16:05:00,0.004879,distillate,MW,nem,NSW1
2017-10-07 16:10:00,0.004879,distillate,MW,nem,NSW1
2017-10-07 16:15:00,0.004879,distillate,MW,nem,NSW1
2017-10-07 16:20:00,0.004879,distillate,MW,nem,NSW1
2017-10-07 16:25:00,0.004879,distillate,MW,nem,NSW1
2017-10-07 16:30:00,0.004879,distillate,MW,nem,NSW1
2017-10-07 16:35:00,0.004879,distillate,MW,nem,NSW1
2017-10-07 16:40:00,0.004879,distillate,MW,nem,NSW1
2017-10-07 16:45:00,0.01037,distillate,MW,nem,NSW1
2017-10-07 16:50:00,0.01037,distillate,MW,nem,NSW1
2017-10-07 16:55:00,0.01037,distillate,MW,nem,NSW1
2017-10-07 17:00:00,0.01037,distillate,MW,nem,NSW1
2017-10-07 17:05:00,0.01037,distillate,MW,nem,NSW1
2017-10-07 17:10:00,0.01037,distillate,MW,nem,NSW1
2017-10-07 17:15:00,0.01037,distillate,MW,nem,NSW1
2017-10-07 17:20:00,0.01037,distillate,MW,nem,NSW1
2017-10-07 17:25:00,0.01037,distillate,MW,nem,NSW1
2017-10-07 17:30:00,0.006451,distillate,MW,nem,NSW1
2017-10-07 17:35:00,0.006451,distillate,MW,nem,NSW1
2017-10-07 17:40:00,0.006451,distillate,MW,nem,NSW1
2017-10-07 17:45:00,0.006451,distillate,MW,nem,NSW1
2017-10-07 17:50:00,0.006451,distillate,MW,nem,NSW1
2017-10-07 17:55:00,0.006451,distillate,MW,nem,NSW1
2017-10-07 18:00:00,0.006451,distillate,MW,nem,NSW1
2017-10-07 18:05:00,0.006451,distillate,MW,nem,NSW1
2017-10-07 18:10:00,0.006451,distillate,MW,nem,NSW1
2017-10-07 18:15:00,0.003387,distillate,MW,nem,NSW1
2017-10-07 18:20:00,0.003387,distillate,MW,nem,NSW1
2017-10-07 18:25:00,0.003387,distillate,MW,nem,NSW1
2017-10-07 18:30:00,0.003387,distillate,MW,nem,NSW1
2017-10-07 18:35:00,0.003387,distillate,MW,nem,NSW1
2017-10-07 18:40:00,0.003387,distillate,MW,nem,NSW1
2017-10-07 18:45:00,0.003387,distillate,MW,nem,NSW1
2017-10-07 18:50:00,0.003387,distillate,MW,nem,NSW1
2017-10-07 18:55:00,0.003387,distillate,MW,nem,NSW1
2017-10-07 19:00:00,0.004921,distillate,MW,nem,NSW1
2017-10-07 19:05:00,0.004921,distillate,MW,nem,NSW1
2017-10-07 19:10:00,0.004921,distillate,MW,nem,NSW1
2017-10-07 19:15:00,0.004921,distillate,MW,nem,NSW1
2017-10-07 19:20:00,0.004921,distillate,MW,nem,NSW1
2017-10-07 19:25:00,0.004921,distillate,MW,nem,NSW1
2017-10-07 19:30:00,0.004921,distillate,MW,nem,NSW1
2017-10-07 19:35:00,0.004921,distillate,MW,nem,NSW1
2017-10-07 19:40:00,0.004921,distillate,MW,nem,NSW1
2017-10-07 19:45:00,0.002369,distillate,MW,nem,NSW1
2017-10-07 19:50:00,0.002369,distillate,MW,nem,NSW1
2017-10-07 19:55:00,0.002369,distillate,MW,nem,NSW1
2017-10-07 20:00:00,0.002369,distillate,MW,nem,NSW1
2017-10-07 20:05:00,0.002369,distillate,MW,nem,NSW1
2017-10-07 20:10:00,0.002369,distillate,MW,nem,NSW1
2017-10-07 20:15:00,0.002369,distillate,MW,nem,NSW1
2017-10-07 20:20:00,0.002369,distillate,MW,nem,NSW1
2017-10-07 20:25:00,0.002369,distillate,MW,nem,NSW1
2017-10-07 20:30:00,-0.000374,distillate,MW,nem,NSW1
2017-10-07 20:35:00,-0.000374,distillate,MW,nem,NSW1
2017-10-07 20:40:00,-0.000374,distillate,MW,nem,NSW1
2017-10-07 20:45:00,-0.000374,distillate,MW,nem,NSW1
2017-10-07 20:50:00,-0.000374,distillate,MW,nem,NSW1
2017-10-07 20:55:00,-0.000374,distillate,MW,nem,NSW1
2017-10-07 21:00:00,-0.000374,distillate,MW,nem,NSW1
2017-10-07 21:05:00,-0.000374,distillate,MW,nem,NSW1
2017-10-07 21:10:00,-0.000374,distillate,MW,nem,NSW1
2017-10-07 21:15:00,-0.004982,distillate,MW,nem,NSW1
2017-10-07 21:20:00,-0.004982,distillate,MW,nem,NSW1
2017-10-07 21:25:00,-0.004982,distillate,MW,nem,NSW1
2017-10-07 21:30:00,-0.004982,distillate,MW,nem,NSW1
2017-10-07 21:35:00,-0.004982,distillate,MW,nem,NSW1
2017-10-07 21:40:00,-0.004982,distillate,MW,nem,NSW1
2017-10-07 21:45:00,-0.004982,distillate,MW,nem,NSW1
2017-10-07 21:50:00,-0.004982,distillate,MW,nem,NSW1
2017-10-07 21:55:00,-0.004982,distillate,MW,nem,NSW1
2017-10-07 22:00:00,-0.002457,distillate,MW,nem,NSW1
2017-10-07 22:05:00,-0.002457,distillate,MW,nem,NSW1
2017-10-07 22:10:00,-0.002457,distillate,MW,nem,NSW1
2017-10-07 22:15:00,-0.002457,distillate,MW,nem,NSW1
2017-10-07 22:20:00,-0.002457,distillate,MW,nem,NSW1
2017-10-07 22:25:00,-0.002457,distillate,MW,nem,NSW1
2017-10-07 22:30:00,-0.002457,distillate,MW,nem,NSW1
2017-10-07 22:35:00,-0.002457,distillate,MW,nem,NSW1
2017-10-07 22:40:00,-0.002457,distillate,MW,nem,NSW1
2017-10-07 22:45:00,8e-06,distillate,MW,nem,NSW1
2017-10-07 22:50:00,8e-06,distillate,MW,nem,NSW1
2017-10-07 22:55:00,8e-06,distillate,MW,nem,NSW1
2017-10-07 23:00:00,8e-06,distillate,MW,nem,NSW1
2017-10-07 23:05:00,8e-06,distillate,MW,nem,NSW1
2017-10-07 23:10:00,8e-06,distillate,MW,nem,NSW1
2017-10-07 23:15:00,8e-06,distillate,MW,nem,NSW1
2017-10-07 23:20:00,8e-06,distillate,MW,nem,NSW1
2017-10-07 23:25:00,8e-06,distillate,MW,nem,NSW1
2017-10-07 23:30:00,-0.00238,distillate,MW,nem,NSW1
2017-10-07 23:35:00,-0.00238,distillate,MW,nem,NSW1
2017-10-07 23:40:00,-0.00238,distillate,MW,nem,NSW1
2017-10-07 23:45:00,-0.00238,distillate,MW,nem,NSW1
2017-10-07 23:50:00,-0.00238,distillate,MW,nem,NSW1
2017-10-07 23:55:00,-0.00238,distillate,MW,nem,NSW1
2017-10-08 00:00:00,-0.00238,distillate,MW,nem,NSW1
2017-10-08 00:05:00,-0.00238,distillate,MW,nem,NSW1
2017-10-08 00:10:00,-0.00238,distillate,MW,nem,NSW1
2017-10-08 00:15:00,-0.003899,distillate,MW,nem,NSW1
2017-10-08 00:20:00,-0.003899,distillate,MW,nem,NSW1
2017-10-08 00:25:00,-0.003899,distillate,MW,nem,NSW1
2017-10-08 00:30:00,-0.003899,distillate,MW,nem,NSW1
2017-10-08 00:35:00,-0.003899,distillate,MW,nem,NSW1
2017-10-08 00:40:00,-0.003899,distillate,MW,nem,NSW1
2017-10-08 00:45:00,-0.003899,distillate,MW,nem,NSW1
2017-10-08 00:50:00,-0.003899,distillate,MW,nem,NSW1
2017-10-08 00:55:00,-0.003899,distillate,MW,nem,NSW1
2017-10-08 01:00:00,-0.004974,distillate,MW,nem,NSW1
2017-10-08 01:05:00,-0.004974,distillate,MW,nem,NSW1
2017-10-08 01:10:00,-0.004974,distillate,MW,nem,NSW1
2017-10-08 01:15:00,-0.004974,distillate,MW,nem,NSW1
2017-10-08 01:20:00,-0.004974,distillate,MW,nem,NSW1
2017-10-08 01:25:00,-0.004974,distillate,MW,nem,NSW1
2017-10-08 01:30:00,-0.004974,distillate,MW,nem,NSW1
2017-10-08 01:35:00,-0.004974,distillate,MW,nem,NSW1
2017-10-08 01:40:00,-0.004974,distillate,MW,nem,NSW1
2017-10-08 01:45:00,-0.003807,distillate,MW,nem,NSW1
2017-10-08 01:50:00,-0.003807,distillate,MW,nem,NSW1
2017-10-08 01:55:00,-0.003807,distillate,MW,nem,NSW1
2017-10-08 02:00:00,-0.003807,distillate,MW,nem,NSW1
2017-10-08 02:05:00,-0.003807,distillate,MW,nem,NSW1
2017-10-08 02:10:00,-0.003807,distillate,MW,nem,NSW1
2017-10-08 02:15:00,-0.003807,distillate,MW,nem,NSW1
2017-10-08 02:20:00,-0.003807,distillate,MW,nem,NSW1
2017-10-08 02:25:00,-0.003807,distillate,MW,nem,NSW1
2017-10-08 02:30:00,-0.005417,distillate,MW,nem,NSW1
2017-10-08 02:35:00,-0.005417,distillate,MW,nem,NSW1
2017-10-08 02:40:00,-0.005417,distillate,MW,nem,NSW1
2017-10-08 02:45:00,-0.005417,distillate,MW,nem,NSW1
2017-10-08 02:50:00,-0.005417,distillate,MW,nem,NSW1
2017-10-08 02:55:00,-0.005417,distillate,MW,nem,NSW1
2017-10-08 03:00:00,-0.005417,distillate,MW,nem,NSW1
2017-10-08 03:05:00,-0.005417,distillate,MW,nem,NSW1
2017-10-08 03:10:00,-0.005417,distillate,MW,nem,NSW1
2017-10-08 03:15:00,-0.004292,distillate,MW,nem,NSW1
2017-10-08 03:20:00,-0.004292,distillate,MW,nem,NSW1
2017-10-08 03:25:00,-0.004292,distillate,MW,nem,NSW1
2017-10-08 03:30:00,-0.004292,distillate,MW,nem,NSW1
2017-10-08 03:35:00,-0.004292,distillate,MW,nem,NSW1
2017-10-08 03:40:00,-0.004292,distillate,MW,nem,NSW1
2017-10-08 03:45:00,-0.004292,distillate,MW,nem,NSW1
2017-10-08 03:50:00,-0.004292,distillate,MW,nem,NSW1
2017-10-08 03:55:00,-0.004292,distillate,MW,nem,NSW1
2017-10-08 04:00:00,-0.003296,distillate,MW,nem,NSW1
2017-10-08 04:05:00,-0.003296,distillate,MW,nem,NSW1
2017-10-08 04:10:00,-0.003296,distillate,MW,nem,NSW1
2017-10-08 04:15:00,-0.003296,distillate,MW,nem,NSW1
2017-10-08 04:20:00,-0.003296,distillate,MW,nem,NSW1
2017-10-08 04:25:00,-0.003296,distillate,MW,nem,NSW1
2017-10-08 04:30:00,-0.003296,distillate,MW,nem,NSW1
2017-10-08 04:35:00,-0.003296,distillate,MW,nem,NSW1
2017-10-08 04:40:00,-0.003296,distillate,MW,nem,NSW1
2017-10-08 04:45:00,-0.003181,distillate,MW,nem,NSW1
2017-10-08 04:50:00,-0.003181,distillate,MW,nem,NSW1
2017-10-08 04:55:00,-0.003181,distillate,MW,nem,NSW1
2017-10-08 05:00:00,-0.003181,distillate,MW,nem,NSW1
2017-10-08 05:05:00,-0.003181,distillate,MW,nem,NSW1
2017-10-08 05:10:00,-0.003181,distillate,MW,nem,NSW1
2017-10-08 05:15:00,-0.003181,distillate,MW,nem,NSW1
2017-10-08 05:20:00,-0.003181,distillate,MW,nem,NSW1
2017-10-08 05:25:00,-0.003181,distillate,MW,nem,NSW1
2017-10-08 05:30:00,-0.003784,distillate,MW,nem,NSW1
2017-10-08 05:35:00,-0.003784,distillate,MW,nem,NSW1
2017-10-08 05:40:00,-0.003784,distillate,MW,nem,NSW1
2017-10-08 05:45:00,-0.003784,distillate,MW,nem,NSW1
2017-10-08 05:50:00,-0.003784,distillate,MW,nem,NSW1
2017-10-08 05:55:00,-0.003784,distillate,MW,nem,NSW1
2017-10-08 06:00:00,-0.003784,distillate,MW,nem,NSW1
2017-10-08 06:05:00,-0.003784,distillate,MW,nem,NSW1
2017-10-08 06:10:00,-0.003784,distillate,MW,nem,NSW1
2017-10-08 06:15:00,-0.003468,distillate,MW,nem,NSW1
2017-10-08 06:20:00,-0.003468,distillate,MW,nem,NSW1
2017-10-08 06:25:00,-0.003468,distillate,MW,nem,NSW1
2017-10-08 06:30:00,-0.003468,distillate,MW,nem,NSW1
2017-10-08 06:35:00,-0.003468,distillate,MW,nem,NSW1
2017-10-08 06:40:00,-0.003468,distillate,MW,nem,NSW1
2017-10-08 06:45:00,-0.003468,distillate,MW,nem,NSW1
2017-10-08 06:50:00,-0.003468,distillate,MW,nem,NSW1
2017-10-08 06:55:00,-0.003468,distillate,MW,nem,NSW1
2017-10-08 07:00:00,-0.004673,distillate,MW,nem,NSW1
2017-10-08 07:05:00,-0.004673,distillate,MW,nem,NSW1
2017-10-08 07:10:00,-0.004673,distillate,MW,nem,NSW1
2017-10-08 07:15:00,-0.004673,distillate,MW,nem,NSW1
2017-10-08 07:20:00,-0.004673,distillate,MW,nem,NSW1
2017-10-08 07:25:00,-0.004673,distillate,MW,nem,NSW1
2017-10-08 07:30:00,-0.004673,distillate,MW,nem,NSW1
2017-10-08 07:35:00,-0.004673,distillate,MW,nem,NSW1
2017-10-08 07:40:00,-0.004673,distillate,MW,nem,NSW1
2017-10-08 07:45:00,-0.003426,distillate,MW,nem,NSW1
2017-10-08 07:50:00,-0.003426,distillate,MW,nem,NSW1
2017-10-08 07:55:00,-0.003426,distillate,MW,nem,NSW1
2017-10-08 08:00:00,-0.003426,distillate,MW,nem,NSW1
2017-10-08 08:05:00,-0.003426,distillate,MW,nem,NSW1
2017-10-08 08:10:00,-0.003426,distillate,MW,nem,NSW1
2017-10-08 08:15:00,-0.003426,distillate,MW,nem,NSW1
2017-10-08 08:20:00,-0.003426,distillate,MW,nem,NSW1
2017-10-08 08:25:00,-0.003426,distillate,MW,nem,NSW1
2017-10-08 08:30:00,-0.001427,distillate,MW,nem,NSW1
2017-10-08 08:35:00,-0.001427,distillate,MW,nem,NSW1
2017-10-08 08:40:00,-0.001427,distillate,MW,nem,NSW1
2017-10-08 08:45:00,-0.001427,distillate,MW,nem,NSW1
2017-10-08 08:50:00,-0.001427,distillate,MW,nem,NSW1
2017-10-08 08:55:00,-0.001427,distillate,MW,nem,NSW1
2017-10-08 09:00:00,-0.001427,distillate,MW,nem,NSW1
2017-10-08 09:05:00,-0.001427,distillate,MW,nem,NSW1
2017-10-08 09:10:00,-0.001427,distillate,MW,nem,NSW1
2017-10-08 09:15:00,-0.003006,distillate,MW,nem,NSW1
2017-10-08 09:20:00,-0.003006,distillate,MW,nem,NSW1
2017-10-08 09:25:00,-0.003006,distillate,MW,nem,NSW1
2017-10-08 09:30:00,-0.003006,distillate,MW,nem,NSW1
2017-10-08 09:35:00,-0.003006,distillate,MW,nem,NSW1
2017-10-08 09:40:00,-0.003006,distillate,MW,nem,NSW1
2017-10-08 09:45:00,-0.003006,distillate,MW,nem,NSW1
2017-10-08 09:50:00,-0.003006,distillate,MW,nem,NSW1
2017-10-08 09:55:00,-0.003006,distillate,MW,nem,NSW1
2017-10-08 10:00:00,-0.002823,distillate,MW,nem,NSW1
2017-10-08 10:05:00,-0.002823,distillate,MW,nem,NSW1
2017-10-08 10:10:00,-0.002823,distillate,MW,nem,NSW1
2017-10-08 10:15:00,-0.002823,distillate,MW,nem,NSW1
2017-10-08 10:20:00,-0.002823,distillate,MW,nem,NSW1
2017-10-08 10:25:00,-0.002823,distillate,MW,nem,NSW1
2017-10-08 10:30:00,-0.002823,distillate,MW,nem,NSW1
2017-10-08 10:35:00,-0.002823,distillate,MW,nem,NSW1
2017-10-08 10:40:00,-0.002823,distillate,MW,nem,NSW1
2017-10-08 10:45:00,0.003441,distillate,MW,nem,NSW1
2017-10-08 10:50:00,0.003441,distillate,MW,nem,NSW1
2017-10-08 10:55:00,0.003441,distillate,MW,nem,NSW1
2017-10-08 11:00:00,0.003441,distillate,MW,nem,NSW1
2017-10-08 11:05:00,0.003441,distillate,MW,nem,NSW1
2017-10-08 11:10:00,0.003441,distillate,MW,nem,NSW1
2017-10-08 11:15:00,0.003441,distillate,MW,nem,NSW1
2017-10-08 11:20:00,0.003441,distillate,MW,nem,NSW1
2017-10-08 11:25:00,0.003441,distillate,MW,nem,NSW1
2017-10-08 11:30:00,0.002094,distillate,MW,nem,NSW1
2017-10-08 11:35:00,0.002094,distillate,MW,nem,NSW1
2017-10-08 11:40:00,0.002094,distillate,MW,nem,NSW1
2017-10-08 11:45:00,0.002094,distillate,MW,nem,NSW1
2017-10-08 11:50:00,0.002094,distillate,MW,nem,NSW1
2017-10-08 11:55:00,0.002094,distillate,MW,nem,NSW1
2017-10-08 12:00:00,0.002094,distillate,MW,nem,NSW1
2017-10-08 12:05:00,0.002094,distillate,MW,nem,NSW1
2017-10-08 12:10:00,0.002094,distillate,MW,nem,NSW1
2017-10-08 12:15:00,0.002731,distillate,MW,nem,NSW1
2017-10-08 12:20:00,0.002731,distillate,MW,nem,NSW1
2017-10-08 12:25:00,0.002731,distillate,MW,nem,NSW1
2017-10-08 12:30:00,0.002731,distillate,MW,nem,NSW1
2017-10-08 12:35:00,0.002731,distillate,MW,nem,NSW1
2017-10-08 12:40:00,0.002731,distillate,MW,nem,NSW1
2017-10-08 12:45:00,0.002731,distillate,MW,nem,NSW1
2017-10-08 12:50:00,0.002731,distillate,MW,nem,NSW1
2017-10-08 12:55:00,0.002731,distillate,MW,nem,NSW1
2017-10-08 13:00:00,0.007599,distillate,MW,nem,NSW1
2017-10-08 13:05:00,0.007599,distillate,MW,nem,NSW1
2017-10-08 13:10:00,0.007599,distillate,MW,nem,NSW1
2017-10-08 13:15:00,0.007599,distillate,MW,nem,NSW1
2017-10-08 13:20:00,0.007599,distillate,MW,nem,NSW1
2017-10-08 13:25:00,0.007599,distillate,MW,nem,NSW1
2017-10-08 13:30:00,0.007599,distillate,MW,nem,NSW1
2017-10-08 13:35:00,0.007599,distillate,MW,nem,NSW1
2017-10-08 13:40:00,0.007599,distillate,MW,nem,NSW1
2017-10-08 13:45:00,0.008041,distillate,MW,nem,NSW1
2017-10-08 13:50:00,0.008041,distillate,MW,nem,NSW1
2017-10-08 13:55:00,0.008041,distillate,MW,nem,NSW1
2017-10-08 14:00:00,0.008041,distillate,MW,nem,NSW1
2017-10-08 14:05:00,0.008041,distillate,MW,nem,NSW1
2017-10-08 14:10:00,0.008041,distillate,MW,nem,NSW1
2017-10-08 14:15:00,0.008041,distillate,MW,nem,NSW1
2017-10-08 14:20:00,0.008041,distillate,MW,nem,NSW1
2017-10-08 14:25:00,0.008041,distillate,MW,nem,NSW1
2017-10-08 14:30:00,0.01287,distillate,MW,nem,NSW1
2017-10-08 14:35:00,0.01287,distillate,MW,nem,NSW1
2017-10-08 14:40:00,0.01287,distillate,MW,nem,NSW1
2017-10-08 14:45:00,0.01287,distillate,MW,nem,NSW1
2017-10-08 14:50:00,0.01287,distillate,MW,nem,NSW1
2017-10-08 14:55:00,0.01287,distillate,MW,nem,NSW1
2017-10-08 15:00:00,0.01287,distillate,MW,nem,NSW1
2017-10-08 15:05:00,0.01287,distillate,MW,nem,NSW1
2017-10-08 15:10:00,0.01287,distillate,MW,nem,NSW1
2017-10-08 15:15:00,0.0132,distillate,MW,nem,NSW1
2017-10-08 15:20:00,0.0132,distillate,MW,nem,NSW1
2017-10-08 15:25:00,0.0132,distillate,MW,nem,NSW1
2017-10-08 15:30:00,0.0132,distillate,MW,nem,NSW1
2017-10-08 15:35:00,0.0132,distillate,MW,nem,NSW1
2017-10-08 15:40:00,0.0132,distillate,MW,nem,NSW1
2017-10-08 15:45:00,0.0132,distillate,MW,nem,NSW1
2017-10-08 15:50:00,0.0132,distillate,MW,nem,NSW1
2017-10-08 15:55:00,0.0132,distillate,MW,nem,NSW1
2017-10-08 16:00:00,0.01318,distillate,MW,nem,NSW1
2017-10-08 16:05:00,0.01318,distillate,MW,nem,NSW1
2017-10-08 16:10:00,0.01318,distillate,MW,nem,NSW1
2017-10-08 16:15:00,0.01318,distillate,MW,nem,NSW1
2017-10-08 16:20:00,0.01318,distillate,MW,nem,NSW1
2017-10-08 16:25:00,0.01318,distillate,MW,nem,NSW1
2017-10-08 16:30:00,0.01318,distillate,MW,nem,NSW1
2017-10-08 16:35:00,0.01318,distillate,MW,nem,NSW1
2017-10-08 16:40:00,0.01318,distillate,MW,nem,NSW1
2017-10-08 16:45:00,0.01118,distillate,MW,nem,NSW1
2017-10-08 16:50:00,0.01118,distillate,MW,nem,NSW1
2017-10-08 16:55:00,0.01118,distillate,MW,nem,NSW1
2017-10-08 17:00:00,0.01118,distillate,MW,nem,NSW1
2017-10-08 17:05:00,0.01118,distillate,MW,nem,NSW1
2017-10-08 17:10:00,0.01118,distillate,MW,nem,NSW1
2017-10-08 17:15:00,0.01118,distillate,MW,nem,NSW1
2017-10-08 17:20:00,0.01118,distillate,MW,nem,NSW1
2017-10-08 17:25:00,0.01118,distillate,MW,nem,NSW1
2017-10-08 17:30:00,0.01426,distillate,MW,nem,NSW1
2017-10-08 17:35:00,0.01426,distillate,MW,nem,NSW1
2017-10-08 17:40:00,0.01426,distillate,MW,nem,NSW1
2017-10-08 17:45:00,0.01426,distillate,MW,nem,NSW1
2017-10-08 17:50:00,0.01426,distillate,MW,nem,NSW1
2017-10-08 17:55:00,0.01426,distillate,MW,nem,NSW1
2017-10-08 18:00:00,0.01426,distillate,MW,nem,NSW1
2017-10-08 18:05:00,0.01426,distillate,MW,nem,NSW1
2017-10-08 18:10:00,0.01426,distillate,MW,nem,NSW1
2017-10-08 18:15:00,0.009796,distillate,MW,nem,NSW1
2017-10-08 18:20:00,0.009796,distillate,MW,nem,NSW1
2017-10-08 18:25:00,0.009796,distillate,MW,nem,NSW1
2017-10-08 18:30:00,0.009796,distillate,MW,nem,NSW1
2017-10-08 18:35:00,0.009796,distillate,MW,nem,NSW1
2017-10-08 18:40:00,0.009796,distillate,MW,nem,NSW1
2017-10-08 18:45:00,0.009796,distillate,MW,nem,NSW1
2017-10-08 18:50:00,0.009796,distillate,MW,nem,NSW1
2017-10-08 18:55:00,0.009796,distillate,MW,nem,NSW1
2017-10-08 19:00:00,0.003922,distillate,MW,nem,NSW1
2017-10-08 19:05:00,0.003922,distillate,MW,nem,NSW1
2017-10-08 19:10:00,0.003922,distillate,MW,nem,NSW1
2017-10-08 19:15:00,0.003922,distillate,MW,nem,NSW1
2017-10-08 19:20:00,0.003922,distillate,MW,nem,NSW1
2017-10-08 19:25:00,0.003922,distillate,MW,nem,NSW1
2017-10-08 19:30:00,0.003922,distillate,MW,nem,NSW1
2017-10-08 19:35:00,0.003922,distillate,MW,nem,NSW1
2017-10-08 19:40:00,0.003922,distillate,MW,nem,NSW1
2017-10-08 19:45:00,-0.000328,distillate,MW,nem,NSW1
2017-10-08 19:50:00,-0.000328,distillate,MW,nem,NSW1
2017-10-08 19:55:00,-0.000328,distillate,MW,nem,NSW1
2017-10-08 20:00:00,-0.000328,distillate,MW,nem,NSW1
2017-10-08 20:05:00,-0.000328,distillate,MW,nem,NSW1
2017-10-08 20:10:00,-0.000328,distillate,MW,nem,NSW1
2017-10-08 20:15:00,-0.000328,distillate,MW,nem,NSW1
2017-10-08 20:20:00,-0.000328,distillate,MW,nem,NSW1
2017-10-08 20:25:00,-0.000328,distillate,MW,nem,NSW1
2017-10-08 20:30:00,-0.001377,distillate,MW,nem,NSW1
2017-10-08 20:35:00,-0.001377,distillate,MW,nem,NSW1
2017-10-08 20:40:00,-0.001377,distillate,MW,nem,NSW1
2017-10-08 20:45:00,-0.001377,distillate,MW,nem,NSW1
2017-10-08 20:50:00,-0.001377,distillate,MW,nem,NSW1
2017-10-08 20:55:00,-0.001377,distillate,MW,nem,NSW1
2017-10-08 21:00:00,-0.001377,distillate,MW,nem,NSW1
2017-10-08 21:05:00,-0.001377,distillate,MW,nem,NSW1
2017-10-08 21:10:00,-0.001377,distillate,MW,nem,NSW1
2017-10-08 21:15:00,-0.000214,distillate,MW,nem,NSW1
2017-10-08 21:20:00,-0.000214,distillate,MW,nem,NSW1
2017-10-08 21:25:00,-0.000214,distillate,MW,nem,NSW1
2017-10-08 21:30:00,-0.000214,distillate,MW,nem,NSW1
2017-10-08 21:35:00,-0.000214,distillate,MW,nem,NSW1
2017-10-08 21:40:00,-0.000214,distillate,MW,nem,NSW1
2017-10-08 21:45:00,-0.000214,distillate,MW,nem,NSW1
2017-10-08 21:50:00,-0.000214,distillate,MW,nem,NSW1
2017-10-08 21:55:00,-0.000214,distillate,MW,nem,NSW1
2017-10-08 22:00:00,-0.001331,distillate,MW,nem,NSW1
2017-10-08 22:05:00,-0.001331,distillate,MW,nem,NSW1
2017-10-08 22:10:00,-0.001331,distillate,MW,nem,NSW1
2017-10-08 22:15:00,-0.001331,distillate,MW,nem,NSW1
2017-10-08 22:20:00,-0.001331,distillate,MW,nem,NSW1
2017-10-08 22:25:00,-0.001331,distillate,MW,nem,NSW1
2017-10-08 22:30:00,-0.001331,distillate,MW,nem,NSW1
2017-10-08 22:35:00,-0.001331,distillate,MW,nem,NSW1
2017-10-08 22:40:00,-0.001331,distillate,MW,nem,NSW1
2017-10-08 22:45:00,-0.002937,distillate,MW,nem,NSW1
2017-10-08 22:50:00,-0.002937,distillate,MW,nem,NSW1
2017-10-08 22:55:00,-0.002937,distillate,MW,nem,NSW1
2017-10-08 23:00:00,-0.002937,distillate,MW,nem,NSW1
2017-10-08 23:05:00,-0.002937,distillate,MW,nem,NSW1
2017-10-08 23:10:00,-0.002937,distillate,MW,nem,NSW1
2017-10-08 23:15:00,-0.002937,distillate,MW,nem,NSW1
2017-10-08 23:20:00,-0.002937,distillate,MW,nem,NSW1
2017-10-08 23:25:00,-0.002937,distillate,MW,nem,NSW1
2017-10-08 23:30:00,0.002518,distillate,MW,nem,NSW1
2017-10-08 23:35:00,0.002518,distillate,MW,nem,NSW1
2017-10-08 23:40:00,0.002518,distillate,MW,nem,NSW1
2017-10-08 23:45:00,0.002518,distillate,MW,nem,NSW1
2017-10-08 23:50:00,0.002518,distillate,MW,nem,NSW1
2017-10-08 23:55:00,0.002518,distillate,MW,nem,NSW1
2017-10-09 00:00:00,0.002518,distillate,MW,nem,NSW1
2017-10-09 00:05:00,0.002518,distillate,MW,nem,NSW1
2017-10-09 00:10:00,0.002518,distillate,MW,nem,NSW1
2017-10-09 00:15:00,-0.002686,distillate,MW,nem,NSW1
2017-10-09 00:20:00,-0.002686,distillate,MW,nem,NSW1
2017-10-09 00:25:00,-0.002686,distillate,MW,nem,NSW1
2017-10-09 00:30:00,-0.002686,distillate,MW,nem,NSW1
2017-10-09 00:35:00,-0.002686,distillate,MW,nem,NSW1
2017-10-09 00:40:00,-0.002686,distillate,MW,nem,NSW1
2017-10-09 00:45:00,-0.002686,distillate,MW,nem,NSW1
2017-10-09 00:50:00,-0.002686,distillate,MW,nem,NSW1
2017-10-09 00:55:00,-0.002686,distillate,MW,nem,NSW1
2017-10-09 01:00:00,-0.004402,distillate,MW,nem,NSW1
2017-10-09 01:05:00,-0.004402,distillate,MW,nem,NSW1
2017-10-09 01:10:00,-0.004402,distillate,MW,nem,NSW1
2017-10-09 01:15:00,-0.004402,distillate,MW,nem,NSW1
2017-10-09 01:20:00,-0.004402,distillate,MW,nem,NSW1
2017-10-09 01:25:00,-0.004402,distillate,MW,nem,NSW1
2017-10-09 01:30:00,-0.004402,distillate,MW,nem,NSW1
2017-10-09 01:35:00,-0.004402,distillate,MW,nem,NSW1
2017-10-09 01:40:00,-0.004402,distillate,MW,nem,NSW1
2017-10-09 01:45:00,-0.002712,distillate,MW,nem,NSW1
2017-10-09 01:50:00,-0.002712,distillate,MW,nem,NSW1
2017-10-09 01:55:00,-0.002712,distillate,MW,nem,NSW1
2017-10-09 02:00:00,-0.002712,distillate,MW,nem,NSW1
2017-10-09 02:05:00,-0.002712,distillate,MW,nem,NSW1
2017-10-09 02:10:00,-0.002712,distillate,MW,nem,NSW1
2017-10-09 02:15:00,-0.002712,distillate,MW,nem,NSW1
2017-10-09 02:20:00,-0.002712,distillate,MW,nem,NSW1
2017-10-09 02:25:00,-0.002712,distillate,MW,nem,NSW1
2017-10-09 02:30:00,-0.004608,distillate,MW,nem,NSW1
2017-10-09 02:35:00,-0.004608,distillate,MW,nem,NSW1
2017-10-09 02:40:00,-0.004608,distillate,MW,nem,NSW1
2017-10-09 02:45:00,-0.004608,distillate,MW,nem,NSW1
2017-10-09 02:50:00,-0.004608,distillate,MW,nem,NSW1
2017-10-09 02:55:00,-0.004608,distillate,MW,nem,NSW1
2017-10-09 03:00:00,-0.004608,distillate,MW,nem,NSW1
2017-10-09 03:05:00,-0.004608,distillate,MW,nem,NSW1
2017-10-09 03:10:00,-0.004608,distillate,MW,nem,NSW1
2017-10-09 03:15:00,-0.00425,distillate,MW,nem,NSW1
2017-10-09 03:20:00,-0.00425,distillate,MW,nem,NSW1
2017-10-09 03:25:00,-0.00425,distillate,MW,nem,NSW1
2017-10-09 03:30:00,-0.00425,distillate,MW,nem,NSW1
2017-10-09 03:35:00,-0.00425,distillate,MW,nem,NSW1
2017-10-09 03:40:00,-0.00425,distillate,MW,nem,NSW1
2017-10-09 03:45:00,-0.00425,distillate,MW,nem,NSW1
2017-10-09 03:50:00,-0.00425,distillate,MW,nem,NSW1
2017-10-09 03:55:00,-0.00425,distillate,MW,nem,NSW1
2017-10-09 04:00:00,-0.00227,distillate,MW,nem,NSW1
2017-10-09 04:05:00,-0.00227,distillate,MW,nem,NSW1
2017-10-09 04:10:00,-0.00227,distillate,MW,nem,NSW1
2017-10-09 04:15:00,-0.00227,distillate,MW,nem,NSW1
2017-10-09 04:20:00,-0.00227,distillate,MW,nem,NSW1
2017-10-09 04:25:00,-0.00227,distillate,MW,nem,NSW1
2017-10-09 04:30:00,-0.00227,distillate,MW,nem,NSW1
2017-10-09 04:35:00,-0.00227,distillate,MW,nem,NSW1
2017-10-09 04:40:00,-0.00227,distillate,MW,nem,NSW1
2017-10-09 04:45:00,-0.004372,distillate,MW,nem,NSW1
2017-10-09 04:50:00,-0.004372,distillate,MW,nem,NSW1
2017-10-09 04:55:00,-0.004372,distillate,MW,nem,NSW1
2017-10-09 05:00:00,-0.004372,distillate,MW,nem,NSW1
2017-10-09 05:05:00,-0.004372,distillate,MW,nem,NSW1
2017-10-09 05:10:00,-0.004372,distillate,MW,nem,NSW1
2017-10-09 05:15:00,-0.004372,distillate,MW,nem,NSW1
2017-10-09 05:20:00,-0.004372,distillate,MW,nem,NSW1
2017-10-09 05:25:00,-0.004372,distillate,MW,nem,NSW1
2017-10-09 05:30:00,-0.00317,distillate,MW,nem,NSW1
2017-10-09 05:35:00,-0.00317,distillate,MW,nem,NSW1
2017-10-09 05:40:00,-0.00317,distillate,MW,nem,NSW1
2017-10-09 05:45:00,-0.00317,distillate,MW,nem,NSW1
2017-10-09 05:50:00,-0.00317,distillate,MW,nem,NSW1
2017-10-09 05:55:00,-0.00317,distillate,MW,nem,NSW1
2017-10-09 06:00:00,-0.00317,distillate,MW,nem,NSW1
2017-10-09 06:05:00,-0.00317,distillate,MW,nem,NSW1
2017-10-09 06:10:00,-0.00317,distillate,MW,nem,NSW1
2017-10-09 06:15:00,-0.001671,distillate,MW,nem,NSW1
2017-10-09 06:20:00,-0.001671,distillate,MW,nem,NSW1
2017-10-09 06:25:00,-0.001671,distillate,MW,nem,NSW1
2017-10-09 06:30:00,-0.001671,distillate,MW,nem,NSW1
2017-10-09 06:35:00,-0.001671,distillate,MW,nem,NSW1
2017-10-09 06:40:00,-0.001671,distillate,MW,nem,NSW1
2017-10-09 06:45:00,-0.001671,distillate,MW,nem,NSW1
2017-10-09 06:50:00,-0.001671,distillate,MW,nem,NSW1
2017-10-09 06:55:00,-0.001671,distillate,MW,nem,NSW1
2017-10-09 07:00:00,-0.004391,distillate,MW,nem,NSW1
2017-10-09 07:05:00,-0.004391,distillate,MW,nem,NSW1
2017-10-09 07:10:00,-0.004391,distillate,MW,nem,NSW1
2017-10-09 07:15:00,-0.004391,distillate,MW,nem,NSW1
2017-10-09 07:20:00,-0.004391,distillate,MW,nem,NSW1
2017-10-09 07:25:00,-0.004391,distillate,MW,nem,NSW1
2017-10-09 07:30:00,-0.004391,distillate,MW,nem,NSW1
2017-10-09 07:35:00,-0.004391,distillate,MW,nem,NSW1
2017-10-09 07:40:00,-0.004391,distillate,MW,nem,NSW1
2017-10-09 07:45:00,-0.003418,distillate,MW,nem,NSW1
2017-10-09 07:50:00,-0.003418,distillate,MW,nem,NSW1
2017-10-09 07:55:00,-0.003418,distillate,MW,nem,NSW1
2017-10-09 08:00:00,-0.003418,distillate,MW,nem,NSW1
2017-10-09 08:05:00,-0.003418,distillate,MW,nem,NSW1
2017-10-09 08:10:00,-0.003418,distillate,MW,nem,NSW1
2017-10-09 08:15:00,-0.003418,distillate,MW,nem,NSW1
2017-10-09 08:20:00,-0.003418,distillate,MW,nem,NSW1
2017-10-09 08:25:00,-0.003418,distillate,MW,nem,NSW1
2017-10-09 08:30:00,-0.003109,distillate,MW,nem,NSW1
2017-10-09 08:35:00,-0.003109,distillate,MW,nem,NSW1
2017-10-09 08:40:00,-0.003109,distillate,MW,nem,NSW1
2017-10-09 08:45:00,-0.003109,distillate,MW,nem,NSW1
2017-10-09 08:50:00,-0.003109,distillate,MW,nem,NSW1
2017-10-09 08:55:00,-0.003109,distillate,MW,nem,NSW1
2017-10-09 09:00:00,-0.003109,distillate,MW,nem,NSW1
2017-10-09 09:05:00,-0.003109,distillate,MW,nem,NSW1
2017-10-09 09:10:00,-0.003109,distillate,MW,nem,NSW1
2017-10-09 09:15:00,-0.003239,distillate,MW,nem,NSW1
2017-10-09 09:20:00,-0.003239,distillate,MW,nem,NSW1
2017-10-09 09:25:00,-0.003239,distillate,MW,nem,NSW1
2017-10-09 09:30:00,-0.003239,distillate,MW,nem,NSW1
2017-10-09 09:35:00,-0.003239,distillate,MW,nem,NSW1
2017-10-09 09:40:00,-0.003239,distillate,MW,nem,NSW1
2017-10-09 09:45:00,-0.003239,distillate,MW,nem,NSW1
2017-10-09 09:50:00,-0.003239,distillate,MW,nem,NSW1
2017-10-09 09:55:00,-0.003239,distillate,MW,nem,NSW1
2017-10-09 10:00:00,-0.000385,distillate,MW,nem,NSW1
2017-10-09 10:05:00,-0.000385,distillate,MW,nem,NSW1
2017-10-09 10:10:00,-0.000385,distillate,MW,nem,NSW1
2017-10-09 10:15:00,-0.000385,distillate,MW,nem,NSW1
2017-10-09 10:20:00,-0.000385,distillate,MW,nem,NSW1
2017-10-09 10:25:00,-0.000385,distillate,MW,nem,NSW1
2017-10-09 10:30:00,-0.000385,distillate,MW,nem,NSW1
2017-10-09 10:35:00,-0.000385,distillate,MW,nem,NSW1
2017-10-09 10:40:00,-0.000385,distillate,MW,nem,NSW1
2017-10-09 10:45:00,-0.003044,distillate,MW,nem,NSW1
2017-10-09 10:50:00,-0.003044,distillate,MW,nem,NSW1
2017-10-09 10:55:00,-0.003044,distillate,MW,nem,NSW1
2017-10-09 11:00:00,-0.003044,distillate,MW,nem,NSW1
2017-10-09 11:05:00,-0.003044,distillate,MW,nem,NSW1
2017-10-09 11:10:00,-0.003044,distillate,MW,nem,NSW1
2017-10-09 11:15:00,-0.003044,distillate,MW,nem,NSW1
2017-10-09 11:20:00,-0.003044,distillate,MW,nem,NSW1
2017-10-09 11:25:00,-0.003044,distillate,MW,nem,NSW1
2017-10-09 11:30:00,-0.001587,distillate,MW,nem,NSW1
2017-10-09 11:35:00,-0.001587,distillate,MW,nem,NSW1
2017-10-09 11:40:00,-0.001587,distillate,MW,nem,NSW1
2017-10-09 11:45:00,-0.001587,distillate,MW,nem,NSW1
2017-10-09 11:50:00,-0.001587,distillate,MW,nem,NSW1
2017-10-09 11:55:00,-0.001587,distillate,MW,nem,NSW1
2017-10-09 12:00:00,-0.001587,distillate,MW,nem,NSW1
2017-10-09 12:05:00,-0.001587,distillate,MW,nem,NSW1
2017-10-09 12:10:00,-0.001587,distillate,MW,nem,NSW1
2017-10-09 12:15:00,-0.004101,distillate,MW,nem,NSW1
2017-10-09 12:20:00,-0.004101,distillate,MW,nem,NSW1
2017-10-09 12:25:00,-0.004101,distillate,MW,nem,NSW1
2017-10-09 12:30:00,-0.004101,distillate,MW,nem,NSW1
2017-10-09 12:35:00,-0.004101,distillate,MW,nem,NSW1
2017-10-09 12:40:00,-0.004101,distillate,MW,nem,NSW1
2017-10-09 12:45:00,-0.004101,distillate,MW,nem,NSW1
2017-10-09 12:50:00,-0.002346,distillate,MW,nem,NSW1
2017-10-09 12:55:00,-0.002346,distillate,MW,nem,NSW1
2017-10-09 13:00:00,-0.002346,distillate,MW,nem,NSW1
2017-10-09 13:05:00,-0.002346,distillate,MW,nem,NSW1
2017-10-09 13:10:00,-0.002346,distillate,MW,nem,NSW1
2017-10-09 13:15:00,-0.002346,distillate,MW,nem,NSW1
2017-10-09 13:20:00,-0.002346,distillate,MW,nem,NSW1
2017-10-09 13:25:00,-0.001415,distillate,MW,nem,NSW1
2017-10-09 13:30:00,-0.001415,distillate,MW,nem,NSW1
2017-10-09 13:35:00,-0.001415,distillate,MW,nem,NSW1
2017-10-09 13:40:00,-0.001415,distillate,MW,nem,NSW1
2017-10-09 13:45:00,-0.001415,distillate,MW,nem,NSW1
2017-10-09 13:50:00,-0.001827,distillate,MW,nem,NSW1
2017-10-09 13:55:00,-0.001827,distillate,MW,nem,NSW1
2017-10-09 14:00:00,-0.001827,distillate,MW,nem,NSW1
2017-10-09 14:05:00,-0.001827,distillate,MW,nem,NSW1
2017-10-09 14:10:00,-0.001827,distillate,MW,nem,NSW1
2017-10-09 14:15:00,-0.001827,distillate,MW,nem,NSW1
2017-10-09 14:20:00,-0.001827,distillate,MW,nem,NSW1
2017-10-09 14:25:00,-0.001827,distillate,MW,nem,NSW1
2017-10-09 14:30:00,-0.002869,distillate,MW,nem,NSW1
2017-10-09 14:35:00,-0.002869,distillate,MW,nem,NSW1
2017-10-09 14:40:00,-0.002869,distillate,MW,nem,NSW1
2017-10-09 14:45:00,-0.002869,distillate,MW,nem,NSW1
2017-10-09 14:50:00,-0.002869,distillate,MW,nem,NSW1
2017-10-09 14:55:00,-0.002869,distillate,MW,nem,NSW1
2017-10-09 15:00:00,-0.002869,distillate,MW,nem,NSW1
2017-10-09 15:05:00,-0.002869,distillate,MW,nem,NSW1
2017-10-09 15:10:00,-0.002869,distillate,MW,nem,NSW1
2017-10-09 15:15:00,-0.000778,distillate,MW,nem,NSW1
2017-10-09 15:20:00,-0.000778,distillate,MW,nem,NSW1
2017-10-09 15:25:00,-0.000778,distillate,MW,nem,NSW1
2017-10-09 15:30:00,-0.000778,distillate,MW,nem,NSW1
2017-10-09 15:35:00,-0.000778,distillate,MW,nem,NSW1
2017-10-09 15:40:00,-0.000778,distillate,MW,nem,NSW1
2017-10-09 15:45:00,-0.003185,distillate,MW,nem,NSW1
2017-10-09 15:50:00,-0.003185,distillate,MW,nem,NSW1
2017-10-09 15:55:00,-0.003185,distillate,MW,nem,NSW1
2017-10-09 16:00:00,-0.002934,distillate,MW,nem,NSW1
2017-10-09 16:05:00,-0.002934,distillate,MW,nem,NSW1
2017-10-09 16:10:00,-0.008759,distillate,MW,nem,NSW1
2017-10-09 16:15:00,-0.008759,distillate,MW,nem,NSW1
2017-10-09 16:20:00,-0.008759,distillate,MW,nem,NSW1
2017-10-09 16:25:00,-0.008759,distillate,MW,nem,NSW1
2017-10-09 16:30:00,-0.003071,distillate,MW,nem,NSW1
2017-10-09 16:35:00,-0.003071,distillate,MW,nem,NSW1
2017-10-09 16:40:00,-0.003071,distillate,MW,nem,NSW1
2017-10-09 16:45:00,-0.003071,distillate,MW,nem,NSW1
2017-10-09 16:50:00,-0.003071,distillate,MW,nem,NSW1
2017-10-09 16:55:00,-0.003071,distillate,MW,nem,NSW1
2017-10-09 17:00:00,-0.002373,distillate,MW,nem,NSW1
2017-10-09 17:05:00,-0.002373,distillate,MW,nem,NSW1
2017-10-09 17:10:00,-0.002373,distillate,MW,nem,NSW1
2017-10-09 17:15:00,-0.002373,distillate,MW,nem,NSW1
2017-10-09 17:20:00,-0.002373,distillate,MW,nem,NSW1
2017-10-09 17:25:00,-0.002373,distillate,MW,nem,NSW1
2017-10-09 17:30:00,-0.002373,distillate,MW,nem,NSW1
2017-10-09 17:35:00,-0.002373,distillate,MW,nem,NSW1
2017-10-09 17:40:00,-0.002373,distillate,MW,nem,NSW1
2017-10-09 17:45:00,-0.006012,distillate,MW,nem,NSW1
2017-10-09 17:50:00,-0.006012,distillate,MW,nem,NSW1
2017-10-09 17:55:00,-0.006012,distillate,MW,nem,NSW1
2017-10-09 18:00:00,-0.006012,distillate,MW,nem,NSW1
2017-10-09 18:05:00,-0.006012,distillate,MW,nem,NSW1
2017-10-09 18:10:00,-0.006012,distillate,MW,nem,NSW1
2017-10-09 18:15:00,-0.006012,distillate,MW,nem,NSW1
2017-10-09 18:20:00,-0.006012,distillate,MW,nem,NSW1
2017-10-09 18:25:00,-0.006012,distillate,MW,nem,NSW1
2017-10-09 18:30:00,-0.007813,distillate,MW,nem,NSW1
2017-10-09 18:35:00,-0.007813,distillate,MW,nem,NSW1
2017-10-09 18:40:00,-0.005154,distillate,MW,nem,NSW1
2017-10-09 18:45:00,-0.005154,distillate,MW,nem,NSW1
2017-10-09 18:50:00,-0.006062,distillate,MW,nem,NSW1
2017-10-09 18:55:00,-0.006062,distillate,MW,nem,NSW1
2017-10-09 19:00:00,-0.006062,distillate,MW,nem,NSW1
2017-10-09 19:05:00,-0.006062,distillate,MW,nem,NSW1
2017-10-09 19:10:00,-0.006062,distillate,MW,nem,NSW1
2017-10-09 19:15:00,-0.003937,distillate,MW,nem,NSW1
2017-10-09 19:20:00,-0.003937,distillate,MW,nem,NSW1
2017-10-09 19:25:00,-0.003937,distillate,MW,nem,NSW1
2017-10-09 19:30:00,-0.003937,distillate,MW,nem,NSW1
2017-10-09 19:35:00,-0.003937,distillate,MW,nem,NSW1
2017-10-09 19:40:00,-0.003937,distillate,MW,nem,NSW1
2017-10-09 19:45:00,-0.003937,distillate,MW,nem,NSW1
2017-10-09 19:50:00,-0.003937,distillate,MW,nem,NSW1
2017-10-09 19:55:00,-0.003937,distillate,MW,nem,NSW1
2017-10-09 20:00:00,-0.00433,distillate,MW,nem,NSW1
2017-10-09 20:05:00,-0.00433,distillate,MW,nem,NSW1
2017-10-09 20:10:00,-0.00433,distillate,MW,nem,NSW1
2017-10-09 20:15:00,-0.00433,distillate,MW,nem,NSW1
2017-10-09 20:20:00,-0.00433,distillate,MW,nem,NSW1
2017-10-09 20:25:00,-0.00433,distillate,MW,nem,NSW1
2017-10-09 20:30:00,-0.00433,distillate,MW,nem,NSW1
2017-10-09 20:35:00,-0.00433,distillate,MW,nem,NSW1
2017-10-09 20:40:00,-0.00433,distillate,MW,nem,NSW1
2017-10-09 20:45:00,-0.003067,distillate,MW,nem,NSW1
2017-10-09 20:50:00,-0.003067,distillate,MW,nem,NSW1
2017-10-09 20:55:00,-0.003067,distillate,MW,nem,NSW1
2017-10-09 21:00:00,-0.003067,distillate,MW,nem,NSW1
2017-10-09 21:05:00,-0.003067,distillate,MW,nem,NSW1
2017-10-09 21:10:00,-0.003067,distillate,MW,nem,NSW1
2017-10-09 21:15:00,-0.003067,distillate,MW,nem,NSW1
2017-10-09 21:20:00,-0.003067,distillate,MW,nem,NSW1
2017-10-09 21:25:00,-0.003067,distillate,MW,nem,NSW1
2017-10-09 21:30:00,-0.000233,distillate,MW,nem,NSW1
2017-10-09 21:35:00,-0.000233,distillate,MW,nem,NSW1
2017-10-09 21:40:00,-0.000233,distillate,MW,nem,NSW1
2017-10-09 21:45:00,-0.000233,distillate,MW,nem,NSW1
2017-10-09 21:50:00,-0.000233,distillate,MW,nem,NSW1
2017-10-09 21:55:00,-0.000233,distillate,MW,nem,NSW1
2017-10-09 22:00:00,-0.000233,distillate,MW,nem,NSW1
2017-10-09 22:05:00,-0.000233,distillate,MW,nem,NSW1
2017-10-09 22:10:00,-0.000233,distillate,MW,nem,NSW1
2017-10-09 22:15:00,-0.003143,distillate,MW,nem,NSW1
2017-10-09 22:20:00,-0.003143,distillate,MW,nem,NSW1
2017-10-09 22:25:00,-0.003143,distillate,MW,nem,NSW1
2017-10-09 22:30:00,-0.003143,distillate,MW,nem,NSW1
2017-10-09 22:35:00,-0.003143,distillate,MW,nem,NSW1
2017-10-09 22:40:00,-0.003143,distillate,MW,nem,NSW1
2017-10-09 22:45:00,-0.003143,distillate,MW,nem,NSW1
2017-10-09 22:50:00,-0.003143,distillate,MW,nem,NSW1
2017-10-09 22:55:00,-0.003143,distillate,MW,nem,NSW1
2017-10-09 23:00:00,-0.002411,distillate,MW,nem,NSW1
2017-10-09 23:05:00,-0.002411,distillate,MW,nem,NSW1
2017-10-09 23:10:00,-0.002411,distillate,MW,nem,NSW1
2017-10-09 23:15:00,-0.002411,distillate,MW,nem,NSW1
2017-10-09 23:20:00,-0.002411,distillate,MW,nem,NSW1
2017-10-09 23:25:00,-0.002411,distillate,MW,nem,NSW1
2017-10-09 23:30:00,-0.002411,distillate,MW,nem,NSW1
2017-10-09 23:35:00,-0.002411,distillate,MW,nem,NSW1
2017-10-09 23:40:00,-0.002411,distillate,MW,nem,NSW1
2017-10-09 23:45:00,-0.002766,distillate,MW,nem,NSW1
2017-10-09 23:50:00,-0.002766,distillate,MW,nem,NSW1
2017-10-09 23:55:00,-0.002766,distillate,MW,nem,NSW1
2017-10-10 00:00:00,-0.002766,distillate,MW,nem,NSW1
2017-10-10 00:05:00,-0.002766,distillate,MW,nem,NSW1
2017-10-10 00:10:00,-0.002766,distillate,MW,nem,NSW1
2017-10-10 00:15:00,-0.002766,distillate,MW,nem,NSW1
2017-10-10 00:20:00,-0.002766,distillate,MW,nem,NSW1
2017-10-10 00:25:00,-0.002766,distillate,MW,nem,NSW1
2017-10-10 00:30:00,-0.001907,distillate,MW,nem,NSW1
2017-10-10 00:35:00,-0.001907,distillate,MW,nem,NSW1
2017-10-10 00:40:00,-0.001907,distillate,MW,nem,NSW1
2017-10-10 00:45:00,-0.001907,distillate,MW,nem,NSW1
2017-10-10 00:50:00,-0.001907,distillate,MW,nem,NSW1
2017-10-10 00:55:00,-0.001907,distillate,MW,nem,NSW1
2017-10-10 01:00:00,-0.001907,distillate,MW,nem,NSW1
2017-10-10 01:05:00,-0.001907,distillate,MW,nem,NSW1
2017-10-10 01:10:00,-0.001907,distillate,MW,nem,NSW1
2017-10-10 01:15:00,-0.001617,distillate,MW,nem,NSW1
2017-10-10 01:20:00,-0.001617,distillate,MW,nem,NSW1
2017-10-10 01:25:00,-0.001617,distillate,MW,nem,NSW1
2017-10-10 01:30:00,-0.001617,distillate,MW,nem,NSW1
2017-10-10 01:35:00,-0.001617,distillate,MW,nem,NSW1
2017-10-10 01:40:00,-0.001617,distillate,MW,nem,NSW1
2017-10-10 01:45:00,-0.001617,distillate,MW,nem,NSW1
2017-10-10 01:50:00,-0.001617,distillate,MW,nem,NSW1
2017-10-10 01:55:00,-0.001617,distillate,MW,nem,NSW1
2017-10-10 02:00:00,-0.001328,distillate,MW,nem,NSW1
2017-10-10 02:05:00,-0.001328,distillate,MW,nem,NSW1
2017-10-10 02:10:00,-0.001328,distillate,MW,nem,NSW1
2017-10-10 02:15:00,-0.001328,distillate,MW,nem,NSW1
2017-10-10 02:20:00,-0.001328,distillate,MW,nem,NSW1
2017-10-10 02:25:00,-0.001328,distillate,MW,nem,NSW1
2017-10-10 02:30:00,-0.001328,distillate,MW,nem,NSW1
2017-10-10 02:35:00,-0.001328,distillate,MW,nem,NSW1
2017-10-10 02:40:00,-0.001328,distillate,MW,nem,NSW1
2017-10-10 02:45:00,-0.000515,distillate,MW,nem,NSW1
2017-10-10 02:50:00,-0.000515,distillate,MW,nem,NSW1
2017-10-10 02:55:00,-0.000515,distillate,MW,nem,NSW1
2017-10-10 03:00:00,-0.000515,distillate,MW,nem,NSW1
2017-10-10 03:05:00,-0.000515,distillate,MW,nem,NSW1
2017-10-10 03:10:00,-0.000515,distillate,MW,nem,NSW1
2017-10-10 03:15:00,-0.000515,distillate,MW,nem,NSW1
2017-10-10 03:20:00,-0.000515,distillate,MW,nem,NSW1
2017-10-10 03:25:00,-0.000515,distillate,MW,nem,NSW1
2017-10-10 03:30:00,-0.001434,distillate,MW,nem,NSW1
2017-10-10 03:35:00,-0.001434,distillate,MW,nem,NSW1
2017-10-10 03:40:00,-0.001434,distillate,MW,nem,NSW1
2017-10-10 03:45:00,-0.001434,distillate,MW,nem,NSW1
2017-10-10 03:50:00,-0.001434,distillate,MW,nem,NSW1
2017-10-10 03:55:00,-0.001434,distillate,MW,nem,NSW1
2017-10-10 04:00:00,-0.001434,distillate,MW,nem,NSW1
2017-10-10 04:05:00,-0.001434,distillate,MW,nem,NSW1
2017-10-10 04:10:00,-0.001434,distillate,MW,nem,NSW1
2017-10-10 04:15:00,0.001469,distillate,MW,nem,NSW1
2017-10-10 04:20:00,0.001469,distillate,MW,nem,NSW1
2017-10-10 04:25:00,0.001469,distillate,MW,nem,NSW1
2017-10-10 04:30:00,0.001469,distillate,MW,nem,NSW1
2017-10-10 04:35:00,0.001469,distillate,MW,nem,NSW1
2017-10-10 04:40:00,0.001469,distillate,MW,nem,NSW1
2017-10-10 04:45:00,0.001469,distillate,MW,nem,NSW1
2017-10-10 04:50:00,0.001469,distillate,MW,nem,NSW1
2017-10-10 04:55:00,0.001469,distillate,MW,nem,NSW1
2017-10-10 05:00:00,0.003098,distillate,MW,nem,NSW1
2017-10-10 05:05:00,0.003098,distillate,MW,nem,NSW1
2017-10-10 05:10:00,0.003098,distillate,MW,nem,NSW1
2017-10-10 05:15:00,0.003098,distillate,MW,nem,NSW1
2017-10-10 05:20:00,0.003098,distillate,MW,nem,NSW1
2017-10-10 05:25:00,0.003098,distillate,MW,nem,NSW1
2017-10-10 05:30:00,0.003098,distillate,MW,nem,NSW1
2017-10-10 05:35:00,0.003098,distillate,MW,nem,NSW1
2017-10-10 05:40:00,0.003098,distillate,MW,nem,NSW1
2017-10-10 05:45:00,0.003895,distillate,MW,nem,NSW1
2017-10-10 05:50:00,0.003895,distillate,MW,nem,NSW1
2017-10-10 05:55:00,0.003895,distillate,MW,nem,NSW1
2017-10-10 06:00:00,0.003895,distillate,MW,nem,NSW1
2017-10-10 06:05:00,0.003895,distillate,MW,nem,NSW1
2017-10-10 06:10:00,0.003895,distillate,MW,nem,NSW1
2017-10-10 06:15:00,0.003895,distillate,MW,nem,NSW1
2017-10-10 06:20:00,0.003895,distillate,MW,nem,NSW1
2017-10-10 06:25:00,0.003895,distillate,MW,nem,NSW1
2017-10-10 06:30:00,0.001835,distillate,MW,nem,NSW1
2017-10-10 06:35:00,0.001835,distillate,MW,nem,NSW1
2017-10-10 06:40:00,0.001835,distillate,MW,nem,NSW1
2017-10-10 06:45:00,0.001835,distillate,MW,nem,NSW1
2017-10-10 06:50:00,0.001835,distillate,MW,nem,NSW1
2017-10-10 06:55:00,0.001835,distillate,MW,nem,NSW1
2017-10-10 07:00:00,0.001835,distillate,MW,nem,NSW1
2017-10-10 07:05:00,0.001835,distillate,MW,nem,NSW1
2017-10-10 07:10:00,0.001835,distillate,MW,nem,NSW1
2017-10-10 07:15:00,0.003433,distillate,MW,nem,NSW1
2017-10-10 07:20:00,0.003433,distillate,MW,nem,NSW1
2017-10-10 07:25:00,0.003433,distillate,MW,nem,NSW1
2017-10-10 07:30:00,0.003433,distillate,MW,nem,NSW1
2017-10-10 07:35:00,0.003433,distillate,MW,nem,NSW1
2017-10-10 07:40:00,0.003433,distillate,MW,nem,NSW1
2017-10-10 07:45:00,0.003433,distillate,MW,nem,NSW1
2017-10-10 07:50:00,0.003433,distillate,MW,nem,NSW1
2017-10-10 07:55:00,0.003433,distillate,MW,nem,NSW1
2017-10-10 08:00:00,0.001225,distillate,MW,nem,NSW1
2017-10-10 08:05:00,0.001225,distillate,MW,nem,NSW1
2017-10-10 08:10:00,0.001225,distillate,MW,nem,NSW1
2017-10-10 08:15:00,0.001225,distillate,MW,nem,NSW1
2017-10-10 08:20:00,0.001225,distillate,MW,nem,NSW1
2017-10-10 08:25:00,0.001225,distillate,MW,nem,NSW1
2017-10-10 08:30:00,0.001225,distillate,MW,nem,NSW1
2017-10-10 08:35:00,0.001225,distillate,MW,nem,NSW1
2017-10-10 08:40:00,0.001225,distillate,MW,nem,NSW1
2017-10-10 08:45:00,0.000397,distillate,MW,nem,NSW1
2017-10-10 08:50:00,0.000397,distillate,MW,nem,NSW1
2017-10-10 08:55:00,0.000397,distillate,MW,nem,NSW1
2017-10-10 09:00:00,0.000397,distillate,MW,nem,NSW1
2017-10-10 09:05:00,0.000397,distillate,MW,nem,NSW1
2017-10-10 09:10:00,0.000397,distillate,MW,nem,NSW1
2017-10-10 09:15:00,0.000397,distillate,MW,nem,NSW1
2017-10-10 09:20:00,0.000397,distillate,MW,nem,NSW1
2017-10-10 09:25:00,0.000397,distillate,MW,nem,NSW1
2017-10-10 09:30:00,-0.000668,distillate,MW,nem,NSW1
2017-10-10 09:35:00,-0.000668,distillate,MW,nem,NSW1
2017-10-10 09:40:00,-0.000668,distillate,MW,nem,NSW1
2017-10-10 09:45:00,-0.000668,distillate,MW,nem,NSW1
2017-10-10 09:50:00,-0.000668,distillate,MW,nem,NSW1
2017-10-10 09:55:00,-0.000668,distillate,MW,nem,NSW1
2017-10-10 10:00:00,-0.000668,distillate,MW,nem,NSW1
2017-10-10 10:05:00,-0.000668,distillate,MW,nem,NSW1
2017-10-10 10:10:00,-0.000668,distillate,MW,nem,NSW1
2017-10-10 10:15:00,-0.001251,distillate,MW,nem,NSW1
2017-10-10 10:20:00,-0.001251,distillate,MW,nem,NSW1
2017-10-10 10:25:00,-0.001251,distillate,MW,nem,NSW1
2017-10-10 10:30:00,-0.001251,distillate,MW,nem,NSW1
2017-10-10 10:35:00,-0.001251,distillate,MW,nem,NSW1
2017-10-10 10:40:00,-0.001251,distillate,MW,nem,NSW1
2017-10-10 10:45:00,-0.001251,distillate,MW,nem,NSW1
2017-10-10 10:50:00,-0.001251,distillate,MW,nem,NSW1
2017-10-10 10:55:00,-0.001251,distillate,MW,nem,NSW1
2017-10-10 11:00:00,0.001228,distillate,MW,nem,NSW1
2017-10-10 11:05:00,0.001228,distillate,MW,nem,NSW1
2017-10-10 11:10:00,0.001228,distillate,MW,nem,NSW1
2017-10-10 11:15:00,0.001228,distillate,MW,nem,NSW1
2017-10-10 11:20:00,0.001228,distillate,MW,nem,NSW1
2017-10-10 11:25:00,0.001228,distillate,MW,nem,NSW1
2017-10-10 11:30:00,0.001228,distillate,MW,nem,NSW1
2017-10-10 11:35:00,0.001228,distillate,MW,nem,NSW1
2017-10-10 11:40:00,0.001228,distillate,MW,nem,NSW1
2017-10-10 11:45:00,-0.000385,distillate,MW,nem,NSW1
2017-10-10 11:50:00,-0.000385,distillate,MW,nem,NSW1
2017-10-10 11:55:00,-0.000385,distillate,MW,nem,NSW1
2017-10-10 12:00:00,-0.000385,distillate,MW,nem,NSW1
2017-10-10 12:05:00,-0.000385,distillate,MW,nem,NSW1
2017-10-10 12:10:00,-0.000385,distillate,MW,nem,NSW1
2017-10-10 12:15:00,-0.000385,distillate,MW,nem,NSW1
2017-10-10 12:20:00,-0.000385,distillate,MW,nem,NSW1
2017-10-10 12:25:00,-0.000385,distillate,MW,nem,NSW1
2017-10-10 12:30:00,0.000542,distillate,MW,nem,NSW1
2017-10-10 12:35:00,0.000542,distillate,MW,nem,NSW1
2017-10-10 12:40:00,0.000542,distillate,MW,nem,NSW1
2017-10-10 12:45:00,0.000542,distillate,MW,nem,NSW1
2017-10-10 12:50:00,0.000542,distillate,MW,nem,NSW1
2017-10-10 12:55:00,0.000542,distillate,MW,nem,NSW1
2017-10-10 13:00:00,0.000542,distillate,MW,nem,NSW1
2017-10-10 13:05:00,0.000542,distillate,MW,nem,NSW1
2017-10-10 13:10:00,0.000542,distillate,MW,nem,NSW1
2017-10-10 13:15:00,0.000565,distillate,MW,nem,NSW1
2017-10-10 13:20:00,0.000565,distillate,MW,nem,NSW1
2017-10-10 13:25:00,0.000565,distillate,MW,nem,NSW1
2017-10-10 13:30:00,0.000565,distillate,MW,nem,NSW1
2017-10-10 13:35:00,0.000565,distillate,MW,nem,NSW1
2017-10-10 13:40:00,0.000565,distillate,MW,nem,NSW1
2017-10-10 13:45:00,0.000565,distillate,MW,nem,NSW1
2017-10-10 13:50:00,0.000565,distillate,MW,nem,NSW1
2017-10-10 13:55:00,0.000565,distillate,MW,nem,NSW1
2017-10-10 14:00:00,0.003796,distillate,MW,nem,NSW1
2017-10-10 14:05:00,0.003796,distillate,MW,nem,NSW1
2017-10-10 14:10:00,0.003796,distillate,MW,nem,NSW1
2017-10-10 14:15:00,0.003796,distillate,MW,nem,NSW1
2017-10-10 14:20:00,0.003796,distillate,MW,nem,NSW1
2017-10-10 14:25:00,0.003796,distillate,MW,nem,NSW1
2017-10-10 14:30:00,0.003796,distillate,MW,nem,NSW1
2017-10-10 14:35:00,0.003796,distillate,MW,nem,NSW1
2017-10-10 14:40:00,0.003796,distillate,MW,nem,NSW1
2017-10-10 14:45:00,0.002258,distillate,MW,nem,NSW1
2017-10-10 14:50:00,0.002258,distillate,MW,nem,NSW1
2017-10-10 14:55:00,0.002258,distillate,MW,nem,NSW1
2017-10-10 15:00:00,0.002258,distillate,MW,nem,NSW1
2017-10-10 15:05:00,0.002258,distillate,MW,nem,NSW1
2017-10-10 15:10:00,0.002258,distillate,MW,nem,NSW1
2017-10-10 15:15:00,0.002258,distillate,MW,nem,NSW1
2017-10-10 15:20:00,0.002258,distillate,MW,nem,NSW1
2017-10-10 15:25:00,0.002258,distillate,MW,nem,NSW1
2017-10-10 15:30:00,0.005474,distillate,MW,nem,NSW1
2017-10-10 15:35:00,0.005474,distillate,MW,nem,NSW1
2017-10-10 15:40:00,0.005474,distillate,MW,nem,NSW1
2017-10-10 15:45:00,0.005474,distillate,MW,nem,NSW1
2017-10-10 15:50:00,0.005474,distillate,MW,nem,NSW1
2017-10-10 15:55:00,0.005474,distillate,MW,nem,NSW1
2017-10-10 16:00:00,0.005474,distillate,MW,nem,NSW1
2017-10-10 16:05:00,0.005474,distillate,MW,nem,NSW1
2017-10-10 16:10:00,0.005474,distillate,MW,nem,NSW1
2017-10-10 16:15:00,0.00193,distillate,MW,nem,NSW1
2017-10-10 16:20:00,0.00193,distillate,MW,nem,NSW1
2017-10-10 16:25:00,0.00193,distillate,MW,nem,NSW1
2017-10-10 16:30:00,0.00193,distillate,MW,nem,NSW1
2017-10-10 16:35:00,0.00193,distillate,MW,nem,NSW1
2017-10-10 16:40:00,0.00193,distillate,MW,nem,NSW1
2017-10-10 16:45:00,0.00193,distillate,MW,nem,NSW1
2017-10-10 16:50:00,0.00193,distillate,MW,nem,NSW1
2017-10-10 16:55:00,0.00193,distillate,MW,nem,NSW1
2017-10-10 17:00:00,0.003681,distillate,MW,nem,NSW1
2017-10-10 17:05:00,0.003681,distillate,MW,nem,NSW1
2017-10-10 17:10:00,0.003681,distillate,MW,nem,NSW1
2017-10-10 17:15:00,0.003681,distillate,MW,nem,NSW1
2017-10-10 17:20:00,0.003681,distillate,MW,nem,NSW1
2017-10-10 17:25:00,0.003681,distillate,MW,nem,NSW1
2017-10-10 17:30:00,0.003681,distillate,MW,nem,NSW1
2017-10-10 17:35:00,0.003681,distillate,MW,nem,NSW1
2017-10-10 17:40:00,0.003681,distillate,MW,nem,NSW1
2017-10-10 17:45:00,0.003136,distillate,MW,nem,NSW1
2017-10-10 17:50:00,0.003136,distillate,MW,nem,NSW1
2017-10-10 17:55:00,0.003136,distillate,MW,nem,NSW1
2017-10-10 18:00:00,0.003136,distillate,MW,nem,NSW1
2017-10-10 18:05:00,0.00082,distillate,MW,nem,NSW1
2017-10-10 18:10:00,0.00082,distillate,MW,nem,NSW1
2017-10-10 18:15:00,0.00082,distillate,MW,nem,NSW1
2017-10-10 18:20:00,0.00082,distillate,MW,nem,NSW1
2017-10-10 18:25:00,0.00082,distillate,MW,nem,NSW1
2017-10-10 18:30:00,0.000969,distillate,MW,nem,NSW1
2017-10-10 18:35:00,0.000969,distillate,MW,nem,NSW1
2017-10-10 18:40:00,0.000969,distillate,MW,nem,NSW1
2017-10-10 18:45:00,0.000969,distillate,MW,nem,NSW1
2017-10-10 18:50:00,0.000969,distillate,MW,nem,NSW1
2017-10-10 18:55:00,0.000969,distillate,MW,nem,NSW1
2017-10-10 19:00:00,0.000969,distillate,MW,nem,NSW1
2017-10-10 19:05:00,0.000969,distillate,MW,nem,NSW1
2017-10-10 19:10:00,0.000969,distillate,MW,nem,NSW1
2017-10-10 19:15:00,-0.000797,distillate,MW,nem,NSW1
2017-10-10 19:20:00,-0.000797,distillate,MW,nem,NSW1
2017-10-10 19:25:00,-0.000797,distillate,MW,nem,NSW1
2017-10-10 19:30:00,-0.000797,distillate,MW,nem,NSW1
2017-10-10 19:35:00,-0.000797,distillate,MW,nem,NSW1
2017-10-10 19:40:00,-0.000797,distillate,MW,nem,NSW1
2017-10-10 19:45:00,-0.000797,distillate,MW,nem,NSW1
2017-10-10 19:50:00,-0.000797,distillate,MW,nem,NSW1
2017-10-10 19:55:00,-0.000797,distillate,MW,nem,NSW1
2017-10-10 20:00:00,0.001522,distillate,MW,nem,NSW1
2017-10-10 20:05:00,0.001522,distillate,MW,nem,NSW1
2017-10-10 20:10:00,0.001522,distillate,MW,nem,NSW1
2017-10-10 20:15:00,0.001522,distillate,MW,nem,NSW1
2017-10-10 20:20:00,0.001522,distillate,MW,nem,NSW1
2017-10-10 20:25:00,0.001522,distillate,MW,nem,NSW1
2017-10-10 20:30:00,0.001522,distillate,MW,nem,NSW1
2017-10-10 20:35:00,0.001522,distillate,MW,nem,NSW1
2017-10-10 20:40:00,0.001522,distillate,MW,nem,NSW1
2017-10-10 20:45:00,-0.003304,distillate,MW,nem,NSW1
2017-10-10 20:50:00,-0.003304,distillate,MW,nem,NSW1
2017-10-10 20:55:00,-0.003304,distillate,MW,nem,NSW1
2017-10-10 21:00:00,-0.003304,distillate,MW,nem,NSW1
2017-10-10 21:05:00,-0.003304,distillate,MW,nem,NSW1
2017-10-10 21:10:00,-0.003304,distillate,MW,nem,NSW1
2017-10-10 21:15:00,-0.003304,distillate,MW,nem,NSW1
2017-10-10 21:20:00,-0.003304,distillate,MW,nem,NSW1
2017-10-10 21:25:00,-0.003304,distillate,MW,nem,NSW1
2017-10-10 21:30:00,-0.003525,distillate,MW,nem,NSW1
2017-10-10 21:35:00,-0.003525,distillate,MW,nem,NSW1
2017-10-10 21:40:00,-0.003525,distillate,MW,nem,NSW1
2017-10-10 21:45:00,-0.003525,distillate,MW,nem,NSW1
2017-10-10 21:50:00,-0.003525,distillate,MW,nem,NSW1
2017-10-10 21:55:00,-0.003525,distillate,MW,nem,NSW1
2017-10-10 22:00:00,-0.003525,distillate,MW,nem,NSW1
2017-10-10 22:05:00,-0.003525,distillate,MW,nem,NSW1
2017-10-10 22:10:00,-0.003525,distillate,MW,nem,NSW1
2017-10-10 22:15:00,-0.001556,distillate,MW,nem,NSW1
2017-10-10 22:20:00,-0.001556,distillate,MW,nem,NSW1
2017-10-10 22:25:00,-0.001556,distillate,MW,nem,NSW1
2017-10-10 22:30:00,-0.001556,distillate,MW,nem,NSW1
2017-10-10 22:35:00,-0.001556,distillate,MW,nem,NSW1
2017-10-10 22:40:00,-0.001556,distillate,MW,nem,NSW1
2017-10-10 22:45:00,-0.001556,distillate,MW,nem,NSW1
2017-10-10 22:50:00,-0.001556,distillate,MW,nem,NSW1
2017-10-10 22:55:00,-0.001556,distillate,MW,nem,NSW1
2017-10-10 23:00:00,0.002815,distillate,MW,nem,NSW1
2017-10-10 23:05:00,0.002815,distillate,MW,nem,NSW1
2017-10-10 23:10:00,0.002815,distillate,MW,nem,NSW1
2017-10-10 23:15:00,0.002815,distillate,MW,nem,NSW1
2017-10-10 23:20:00,0.002815,distillate,MW,nem,NSW1
2017-10-10 23:25:00,0.002815,distillate,MW,nem,NSW1
2017-10-10 23:30:00,0.002815,distillate,MW,nem,NSW1
2017-10-10 23:35:00,0.002815,distillate,MW,nem,NSW1
2017-10-10 23:40:00,0.002815,distillate,MW,nem,NSW1
2017-10-10 23:45:00,-0.003426,distillate,MW,nem,NSW1
2017-10-10 23:50:00,-0.003426,distillate,MW,nem,NSW1
2017-10-10 23:55:00,-0.003426,distillate,MW,nem,NSW1
2017-10-11 00:00:00,-0.003426,distillate,MW,nem,NSW1
2017-10-11 00:05:00,-0.003426,distillate,MW,nem,NSW1
2017-10-11 00:10:00,-0.003426,distillate,MW,nem,NSW1
2017-10-11 00:15:00,-0.003426,distillate,MW,nem,NSW1
2017-10-11 00:20:00,-0.003426,distillate,MW,nem,NSW1
2017-10-11 00:25:00,-0.003426,distillate,MW,nem,NSW1
2017-10-11 00:30:00,-0.000862,distillate,MW,nem,NSW1
2017-10-11 00:35:00,-0.000862,distillate,MW,nem,NSW1
2017-10-11 00:40:00,-0.000862,distillate,MW,nem,NSW1
2017-10-11 00:45:00,-0.000862,distillate,MW,nem,NSW1
2017-10-11 00:50:00,-0.000862,distillate,MW,nem,NSW1
2017-10-11 00:55:00,-0.000862,distillate,MW,nem,NSW1
2017-10-11 01:00:00,-0.000862,distillate,MW,nem,NSW1
2017-10-11 01:05:00,-0.000862,distillate,MW,nem,NSW1
2017-10-11 01:10:00,-0.000862,distillate,MW,nem,NSW1
2017-10-11 01:15:00,-0.001289,distillate,MW,nem,NSW1
2017-10-11 01:20:00,-0.001289,distillate,MW,nem,NSW1
2017-10-11 01:25:00,-0.001289,distillate,MW,nem,NSW1
2017-10-11 01:30:00,-0.001289,distillate,MW,nem,NSW1
2017-10-11 01:35:00,-0.001289,distillate,MW,nem,NSW1
2017-10-11 01:40:00,-0.001289,distillate,MW,nem,NSW1
2017-10-11 01:45:00,-0.001289,distillate,MW,nem,NSW1
2017-10-11 01:50:00,-0.001289,distillate,MW,nem,NSW1
2017-10-11 01:55:00,-0.001289,distillate,MW,nem,NSW1
2017-10-11 02:00:00,-0.003426,distillate,MW,nem,NSW1
2017-10-11 02:05:00,-0.003426,distillate,MW,nem,NSW1
2017-10-11 02:10:00,-0.003426,distillate,MW,nem,NSW1
2017-10-11 02:15:00,-0.003426,distillate,MW,nem,NSW1
2017-10-11 02:20:00,-0.003426,distillate,MW,nem,NSW1
2017-10-11 02:25:00,-0.003426,distillate,MW,nem,NSW1
2017-10-11 02:30:00,-0.003426,distillate,MW,nem,NSW1
2017-10-11 02:35:00,-0.003426,distillate,MW,nem,NSW1
2017-10-11 02:40:00,-0.003426,distillate,MW,nem,NSW1
2017-10-11 02:45:00,-0.00227,distillate,MW,nem,NSW1
2017-10-11 02:50:00,-0.00227,distillate,MW,nem,NSW1
2017-10-11 02:55:00,-0.00227,distillate,MW,nem,NSW1
2017-10-11 03:00:00,-0.00227,distillate,MW,nem,NSW1
2017-10-11 03:05:00,-0.00227,distillate,MW,nem,NSW1
2017-10-11 03:10:00,-0.00227,distillate,MW,nem,NSW1
2017-10-11 03:15:00,-0.00227,distillate,MW,nem,NSW1
2017-10-11 03:20:00,-0.00227,distillate,MW,nem,NSW1
2017-10-11 03:25:00,-0.00227,distillate,MW,nem,NSW1
2017-10-11 03:30:00,-0.000198,distillate,MW,nem,NSW1
2017-10-11 03:35:00,-0.000198,distillate,MW,nem,NSW1
2017-10-11 03:40:00,-0.000198,distillate,MW,nem,NSW1
2017-10-11 03:45:00,-0.000198,distillate,MW,nem,NSW1
2017-10-11 03:50:00,-0.000198,distillate,MW,nem,NSW1
2017-10-11 03:55:00,-0.000198,distillate,MW,nem,NSW1
2017-10-11 04:00:00,-0.000198,distillate,MW,nem,NSW1
2017-10-11 04:05:00,-0.000198,distillate,MW,nem,NSW1
2017-10-11 04:10:00,-0.000198,distillate,MW,nem,NSW1
2017-10-11 04:15:00,-0.004368,distillate,MW,nem,NSW1
2017-10-11 04:20:00,-0.004368,distillate,MW,nem,NSW1
2017-10-11 04:25:00,-0.004368,distillate,MW,nem,NSW1
2017-10-11 04:30:00,-0.004368,distillate,MW,nem,NSW1
2017-10-11 04:35:00,-0.004368,distillate,MW,nem,NSW1
2017-10-11 04:40:00,-0.004368,distillate,MW,nem,NSW1
2017-10-11 04:45:00,-0.004368,distillate,MW,nem,NSW1
2017-10-11 04:50:00,-0.004368,distillate,MW,nem,NSW1
2017-10-11 04:55:00,-0.004368,distillate,MW,nem,NSW1
2017-10-11 05:00:00,-0.002487,distillate,MW,nem,NSW1
2017-10-11 05:05:00,-0.002487,distillate,MW,nem,NSW1
2017-10-11 05:10:00,-0.002487,distillate,MW,nem,NSW1
2017-10-11 05:15:00,-0.002487,distillate,MW,nem,NSW1
2017-10-11 05:20:00,-0.002487,distillate,MW,nem,NSW1
2017-10-11 05:25:00,-0.002487,distillate,MW,nem,NSW1
2017-10-11 05:30:00,-0.002487,distillate,MW,nem,NSW1
2017-10-11 05:35:00,-0.002487,distillate,MW,nem,NSW1
2017-10-11 05:40:00,-0.002487,distillate,MW,nem,NSW1
2017-10-11 05:45:00,-0.004086,distillate,MW,nem,NSW1
2017-10-11 05:50:00,-0.004086,distillate,MW,nem,NSW1
2017-10-11 05:55:00,-0.004086,distillate,MW,nem,NSW1
2017-10-11 06:00:00,-0.004086,distillate,MW,nem,NSW1
2017-10-11 06:05:00,-0.004086,distillate,MW,nem,NSW1
2017-10-11 06:10:00,-0.004086,distillate,MW,nem,NSW1
2017-10-11 06:15:00,-0.004086,distillate,MW,nem,NSW1
2017-10-11 06:20:00,-0.004086,distillate,MW,nem,NSW1
2017-10-11 06:25:00,-0.004086,distillate,MW,nem,NSW1
2017-10-11 06:30:00,-0.002934,distillate,MW,nem,NSW1
2017-10-11 06:35:00,-0.002934,distillate,MW,nem,NSW1
2017-10-11 06:40:00,-0.002934,distillate,MW,nem,NSW1
2017-10-11 06:45:00,-0.002934,distillate,MW,nem,NSW1
2017-10-11 06:50:00,-0.002934,distillate,MW,nem,NSW1
2017-10-11 06:55:00,-0.002934,distillate,MW,nem,NSW1
2017-10-11 07:00:00,-0.002934,distillate,MW,nem,NSW1
2017-10-11 07:05:00,-0.002934,distillate,MW,nem,NSW1
2017-10-11 07:10:00,-0.002934,distillate,MW,nem,NSW1
2017-10-11 07:15:00,-0.004612,distillate,MW,nem,NSW1
2017-10-11 07:20:00,-0.004612,distillate,MW,nem,NSW1
2017-10-11 07:25:00,-0.004612,distillate,MW,nem,NSW1
2017-10-11 07:30:00,-0.004612,distillate,MW,nem,NSW1
2017-10-11 07:35:00,-0.004612,distillate,MW,nem,NSW1
2017-10-11 07:40:00,-0.004612,distillate,MW,nem,NSW1
2017-10-11 07:45:00,-0.004612,distillate,MW,nem,NSW1
2017-10-11 07:50:00,-0.004612,distillate,MW,nem,NSW1
2017-10-11 07:55:00,-0.004612,distillate,MW,nem,NSW1
2017-10-11 08:00:00,-0.003338,distillate,MW,nem,NSW1
2017-10-11 08:05:00,-0.003338,distillate,MW,nem,NSW1
2017-10-11 08:10:00,-0.003338,distillate,MW,nem,NSW1
2017-10-11 08:15:00,-0.003338,distillate,MW,nem,NSW1
2017-10-11 08:20:00,-0.003338,distillate,MW,nem,NSW1
2017-10-11 08:25:00,-0.003338,distillate,MW,nem,NSW1
2017-10-11 08:30:00,-0.003338,distillate,MW,nem,NSW1
2017-10-11 08:35:00,-0.003338,distillate,MW,nem,NSW1
2017-10-11 08:40:00,-0.003338,distillate,MW,nem,NSW1
2017-10-11 08:45:00,-0.005184,distillate,MW,nem,NSW1
2017-10-11 08:50:00,-0.005184,distillate,MW,nem,NSW1
2017-10-11 08:55:00,-0.005184,distillate,MW,nem,NSW1
2017-10-11 09:00:00,-0.005184,distillate,MW,nem,NSW1
2017-10-11 09:05:00,-0.005184,distillate,MW,nem,NSW1
2017-10-11 09:10:00,-0.005184,distillate,MW,nem,NSW1
2017-10-11 09:15:00,-0.005184,distillate,MW,nem,NSW1
2017-10-11 09:20:00,-0.005184,distillate,MW,nem,NSW1
2017-10-11 09:25:00,-0.005184,distillate,MW,nem,NSW1
2017-10-11 09:30:00,-0.005081,distillate,MW,nem,NSW1
2017-10-11 09:35:00,-0.005081,distillate,MW,nem,NSW1
2017-10-11 09:40:00,-0.005081,distillate,MW,nem,NSW1
2017-10-11 09:45:00,-0.005081,distillate,MW,nem,NSW1
2017-10-11 09:50:00,-0.005081,distillate,MW,nem,NSW1
2017-10-11 09:55:00,-0.005081,distillate,MW,nem,NSW1
2017-10-11 10:00:00,-0.005081,distillate,MW,nem,NSW1
2017-10-11 10:05:00,-0.005081,distillate,MW,nem,NSW1
2017-10-11 10:10:00,-0.005081,distillate,MW,nem,NSW1
2017-10-11 10:15:00,-0.003639,distillate,MW,nem,NSW1
2017-10-11 10:20:00,-0.003639,distillate,MW,nem,NSW1
2017-10-11 10:25:00,-0.003639,distillate,MW,nem,NSW1
2017-10-11 10:30:00,-0.003639,distillate,MW,nem,NSW1
2017-10-11 10:35:00,-0.003639,distillate,MW,nem,NSW1
2017-10-11 10:40:00,-0.003639,distillate,MW,nem,NSW1
2017-10-11 10:45:00,-0.003639,distillate,MW,nem,NSW1
2017-10-11 10:50:00,-0.003639,distillate,MW,nem,NSW1
2017-10-11 10:55:00,-0.003639,distillate,MW,nem,NSW1
2017-10-11 11:00:00,-0.002426,distillate,MW,nem,NSW1
2017-10-11 11:05:00,-0.002426,distillate,MW,nem,NSW1
2017-10-11 11:10:00,-0.002426,distillate,MW,nem,NSW1
2017-10-11 11:15:00,-0.002426,distillate,MW,nem,NSW1
2017-10-11 11:20:00,-0.002426,distillate,MW,nem,NSW1
2017-10-11 11:25:00,-0.002426,distillate,MW,nem,NSW1
2017-10-11 11:30:00,-0.002426,distillate,MW,nem,NSW1
2017-10-11 11:35:00,-0.002426,distillate,MW,nem,NSW1
2017-10-11 11:40:00,-0.002426,distillate,MW,nem,NSW1
2017-10-11 11:45:00,-0.002743,distillate,MW,nem,NSW1
2017-10-11 11:50:00,-0.002743,distillate,MW,nem,NSW1
2017-10-11 11:55:00,-0.002743,distillate,MW,nem,NSW1
2017-10-11 12:00:00,-0.002743,distillate,MW,nem,NSW1
2017-10-11 12:05:00,-0.002743,distillate,MW,nem,NSW1
2017-10-11 12:10:00,-0.002743,distillate,MW,nem,NSW1
2017-10-11 12:15:00,-0.002743,distillate,MW,nem,NSW1
2017-10-11 12:20:00,-0.002743,distillate,MW,nem,NSW1
2017-10-11 12:25:00,-0.002743,distillate,MW,nem,NSW1
2017-10-11 12:30:00,-0.001183,distillate,MW,nem,NSW1
2017-10-11 12:35:00,-0.001183,distillate,MW,nem,NSW1
2017-10-11 12:40:00,-0.001183,distillate,MW,nem,NSW1
2017-10-11 12:45:00,-0.001183,distillate,MW,nem,NSW1
2017-10-11 12:50:00,-0.001183,distillate,MW,nem,NSW1
2017-10-11 12:55:00,-0.001183,distillate,MW,nem,NSW1
2017-10-11 13:00:00,-0.002438,distillate,MW,nem,NSW1
2017-10-11 13:05:00,-0.002586,distillate,MW,nem,NSW1
2017-10-11 13:10:00,-0.002586,distillate,MW,nem,NSW1
2017-10-11 13:15:00,-0.002563,distillate,MW,nem,NSW1
2017-10-11 13:20:00,-0.002563,distillate,MW,nem,NSW1
2017-10-11 13:25:00,-0.002563,distillate,MW,nem,NSW1
2017-10-11 13:30:00,-0.002563,distillate,MW,nem,NSW1
2017-10-11 13:35:00,-0.002563,distillate,MW,nem,NSW1
2017-10-11 13:40:00,-0.002563,distillate,MW,nem,NSW1
2017-10-11 13:45:00,-0.002563,distillate,MW,nem,NSW1
2017-10-11 13:50:00,-0.002563,distillate,MW,nem,NSW1
2017-10-11 13:55:00,-0.002563,distillate,MW,nem,NSW1
2017-10-11 14:00:00,7.2e-05,distillate,MW,nem,NSW1
2017-10-11 14:05:00,7.2e-05,distillate,MW,nem,NSW1
2017-10-11 14:10:00,7.2e-05,distillate,MW,nem,NSW1
2017-10-11 14:15:00,7.2e-05,distillate,MW,nem,NSW1
2017-10-11 14:20:00,7.2e-05,distillate,MW,nem,NSW1
2017-10-11 14:25:00,7.2e-05,distillate,MW,nem,NSW1
2017-10-11 14:30:00,-0.001064,distillate,MW,nem,NSW1
2017-10-11 14:35:00,-0.001064,distillate,MW,nem,NSW1
2017-10-11 14:40:00,-0.001064,distillate,MW,nem,NSW1
2017-10-11 14:45:00,-0.000824,distillate,MW,nem,NSW1
2017-10-11 14:50:00,-0.000824,distillate,MW,nem,NSW1
2017-10-11 14:55:00,-0.000824,distillate,MW,nem,NSW1
2017-10-11 15:00:00,-0.000824,distillate,MW,nem,NSW1
2017-10-11 15:05:00,-0.000824,distillate,MW,nem,NSW1
2017-10-11 15:10:00,-0.000824,distillate,MW,nem,NSW1
2017-10-11 15:15:00,-0.000824,distillate,MW,nem,NSW1
2017-10-11 15:20:00,-0.000824,distillate,MW,nem,NSW1
2017-10-11 15:25:00,-0.000824,distillate,MW,nem,NSW1
2017-10-11 15:30:00,-0.00042,distillate,MW,nem,NSW1
2017-10-11 15:35:00,-0.00042,distillate,MW,nem,NSW1
2017-10-11 15:40:00,-0.00042,distillate,MW,nem,NSW1
2017-10-11 15:45:00,-0.00042,distillate,MW,nem,NSW1
2017-10-11 15:50:00,-0.00042,distillate,MW,nem,NSW1
2017-10-11 15:55:00,-0.00042,distillate,MW,nem,NSW1
2017-10-11 16:00:00,-0.00042,distillate,MW,nem,NSW1
2017-10-11 16:05:00,-0.00042,distillate,MW,nem,NSW1
2017-10-11 16:10:00,-0.00042,distillate,MW,nem,NSW1
2017-10-11 16:15:00,-0.000195,distillate,MW,nem,NSW1
2017-10-11 16:20:00,-0.000195,distillate,MW,nem,NSW1
2017-10-11 16:25:00,-0.000195,distillate,MW,nem,NSW1
2017-10-11 16:30:00,-0.000195,distillate,MW,nem,NSW1
2017-10-11 16:35:00,-0.000195,distillate,MW,nem,NSW1
2017-10-11 16:40:00,-0.000195,distillate,MW,nem,NSW1
2017-10-11 16:45:00,-0.000195,distillate,MW,nem,NSW1
2017-10-11 16:50:00,-0.000195,distillate,MW,nem,NSW1
2017-10-11 16:55:00,-0.000195,distillate,MW,nem,NSW1
2017-10-11 17:00:00,-0.001179,distillate,MW,nem,NSW1
2017-10-11 17:05:00,-0.001179,distillate,MW,nem,NSW1
2017-10-11 17:10:00,-0.001179,distillate,MW,nem,NSW1
2017-10-11 17:15:00,-0.001179,distillate,MW,nem,NSW1
2017-10-11 17:20:00,-0.001179,distillate,MW,nem,NSW1
2017-10-11 17:25:00,-0.001179,distillate,MW,nem,NSW1
2017-10-11 17:30:00,-0.001179,distillate,MW,nem,NSW1
2017-10-11 17:35:00,-0.001179,distillate,MW,nem,NSW1
2017-10-11 17:40:00,-0.001179,distillate,MW,nem,NSW1
2017-10-11 17:45:00,-0.002789,distillate,MW,nem,NSW1
2017-10-11 17:50:00,-0.002789,distillate,MW,nem,NSW1
2017-10-11 17:55:00,-0.002789,distillate,MW,nem,NSW1
2017-10-11 18:00:00,-0.002789,distillate,MW,nem,NSW1
2017-10-11 18:05:00,-0.002789,distillate,MW,nem,NSW1
2017-10-11 18:10:00,-0.002789,distillate,MW,nem,NSW1
2017-10-11 18:15:00,-0.002789,distillate,MW,nem,NSW1
2017-10-11 18:20:00,-0.002789,distillate,MW,nem,NSW1
2017-10-11 18:25:00,-0.002789,distillate,MW,nem,NSW1
2017-10-11 18:30:00,-0.001625,distillate,MW,nem,NSW1
2017-10-11 18:35:00,-0.000671,distillate,MW,nem,NSW1
2017-10-11 18:40:00,-0.000671,distillate,MW,nem,NSW1
2017-10-11 18:45:00,-0.000671,distillate,MW,nem,NSW1
2017-10-11 18:50:00,-0.000671,distillate,MW,nem,NSW1
2017-10-11 18:55:00,-0.000671,distillate,MW,nem,NSW1
2017-10-11 19:00:00,-0.000671,distillate,MW,nem,NSW1
2017-10-11 19:05:00,-0.000671,distillate,MW,nem,NSW1
2017-10-11 19:10:00,-0.000671,distillate,MW,nem,NSW1
2017-10-11 19:15:00,-0.001091,distillate,MW,nem,NSW1
2017-10-11 19:20:00,-0.001091,distillate,MW,nem,NSW1
2017-10-11 19:25:00,-0.001091,distillate,MW,nem,NSW1
2017-10-11 19:30:00,-0.001091,distillate,MW,nem,NSW1
2017-10-11 19:35:00,-0.001091,distillate,MW,nem,NSW1
2017-10-11 19:40:00,-0.001091,distillate,MW,nem,NSW1
2017-10-11 19:45:00,-0.001091,distillate,MW,nem,NSW1
2017-10-11 19:50:00,-0.001091,distillate,MW,nem,NSW1
2017-10-11 19:55:00,-0.001091,distillate,MW,nem,NSW1
2017-10-11 20:00:00,-0.004395,distillate,MW,nem,NSW1
2017-10-11 20:05:00,-0.004395,distillate,MW,nem,NSW1
2017-10-11 20:10:00,-0.004395,distillate,MW,nem,NSW1
2017-10-11 20:15:00,-0.004395,distillate,MW,nem,NSW1
2017-10-11 20:20:00,-0.004395,distillate,MW,nem,NSW1
2017-10-11 20:25:00,-0.004395,distillate,MW,nem,NSW1
2017-10-11 20:30:00,-0.004395,distillate,MW,nem,NSW1
2017-10-11 20:35:00,-0.004395,distillate,MW,nem,NSW1
2017-10-11 20:40:00,-0.004395,distillate,MW,nem,NSW1
2017-10-11 20:45:00,-0.001873,distillate,MW,nem,NSW1
2017-10-11 20:50:00,-0.001873,distillate,MW,nem,NSW1
2017-10-11 20:55:00,-0.001873,distillate,MW,nem,NSW1
2017-10-11 21:00:00,-0.001873,distillate,MW,nem,NSW1
2017-10-11 21:05:00,-0.001873,distillate,MW,nem,NSW1
2017-10-11 21:10:00,-0.001873,distillate,MW,nem,NSW1
2017-10-11 21:15:00,-0.001873,distillate,MW,nem,NSW1
2017-10-11 21:20:00,-0.001873,distillate,MW,nem,NSW1
2017-10-11 21:25:00,-0.001873,distillate,MW,nem,NSW1
2017-10-11 21:30:00,-0.001381,distillate,MW,nem,NSW1
2017-10-11 21:35:00,-0.001381,distillate,MW,nem,NSW1
2017-10-11 21:40:00,-0.001381,distillate,MW,nem,NSW1
2017-10-11 21:45:00,-0.001381,distillate,MW,nem,NSW1
2017-10-11 21:50:00,-0.001381,distillate,MW,nem,NSW1
2017-10-11 21:55:00,-0.001381,distillate,MW,nem,NSW1
2017-10-11 22:00:00,-0.001381,distillate,MW,nem,NSW1
2017-10-11 22:05:00,-0.001381,distillate,MW,nem,NSW1
2017-10-11 22:10:00,-0.001381,distillate,MW,nem,NSW1
2017-10-11 22:15:00,-0.00349,distillate,MW,nem,NSW1
2017-10-11 22:20:00,-0.00349,distillate,MW,nem,NSW1
2017-10-11 22:25:00,-0.00349,distillate,MW,nem,NSW1
2017-10-11 22:30:00,-0.00349,distillate,MW,nem,NSW1
2017-10-11 22:35:00,-0.00349,distillate,MW,nem,NSW1
2017-10-11 22:40:00,-0.00349,distillate,MW,nem,NSW1
2017-10-11 22:45:00,-0.00349,distillate,MW,nem,NSW1
2017-10-11 22:50:00,-0.00349,distillate,MW,nem,NSW1
2017-10-11 22:55:00,-0.00349,distillate,MW,nem,NSW1
2017-10-11 23:00:00,-0.004585,distillate,MW,nem,NSW1
2017-10-11 23:05:00,-0.004585,distillate,MW,nem,NSW1
2017-10-11 23:10:00,-0.004585,distillate,MW,nem,NSW1
2017-10-11 23:15:00,-0.004585,distillate,MW,nem,NSW1
2017-10-11 23:20:00,-0.004585,distillate,MW,nem,NSW1
2017-10-11 23:25:00,-0.004585,distillate,MW,nem,NSW1
2017-10-11 23:30:00,-0.004585,distillate,MW,nem,NSW1
2017-10-11 23:35:00,-0.004585,distillate,MW,nem,NSW1
2017-10-11 23:40:00,-0.004585,distillate,MW,nem,NSW1
2017-10-11 23:45:00,-0.002254,distillate,MW,nem,NSW1
2017-10-11 23:50:00,-0.002254,distillate,MW,nem,NSW1
2017-10-11 23:55:00,-0.002254,distillate,MW,nem,NSW1
2017-10-12 00:00:00,-0.002254,distillate,MW,nem,NSW1
2017-10-12 00:05:00,-0.002254,distillate,MW,nem,NSW1
2017-10-12 00:10:00,-0.002254,distillate,MW,nem,NSW1
2017-10-12 00:15:00,-0.002254,distillate,MW,nem,NSW1
2017-10-12 00:20:00,-0.002254,distillate,MW,nem,NSW1
2017-10-12 00:25:00,-0.002254,distillate,MW,nem,NSW1
2017-10-12 00:30:00,-0.002335,distillate,MW,nem,NSW1
2017-10-12 00:35:00,-0.002335,distillate,MW,nem,NSW1
2017-10-12 00:40:00,-0.002335,distillate,MW,nem,NSW1
2017-10-12 00:45:00,-0.002335,distillate,MW,nem,NSW1
2017-10-12 00:50:00,-0.002335,distillate,MW,nem,NSW1
2017-10-12 00:55:00,-0.002335,distillate,MW,nem,NSW1
2017-10-12 01:00:00,-0.002335,distillate,MW,nem,NSW1
2017-10-12 01:05:00,-0.002335,distillate,MW,nem,NSW1
2017-10-12 01:10:00,-0.002335,distillate,MW,nem,NSW1
2017-10-12 01:15:00,-0.001328,distillate,MW,nem,NSW1
2017-10-12 01:20:00,-0.001328,distillate,MW,nem,NSW1
2017-10-12 01:25:00,-0.001328,distillate,MW,nem,NSW1
2017-10-12 01:30:00,-0.001328,distillate,MW,nem,NSW1
2017-10-12 01:35:00,-0.001328,distillate,MW,nem,NSW1
2017-10-12 01:40:00,-0.001328,distillate,MW,nem,NSW1
2017-10-12 01:45:00,-0.001328,distillate,MW,nem,NSW1
2017-10-12 01:50:00,-0.001328,distillate,MW,nem,NSW1
2017-10-12 01:55:00,-0.001328,distillate,MW,nem,NSW1
2017-10-12 02:00:00,-0.001709,distillate,MW,nem,NSW1
2017-10-12 02:05:00,-0.001709,distillate,MW,nem,NSW1
2017-10-12 02:10:00,-0.001709,distillate,MW,nem,NSW1
2017-10-12 02:15:00,-0.001709,distillate,MW,nem,NSW1
2017-10-12 02:20:00,-0.001709,distillate,MW,nem,NSW1
2017-10-12 02:25:00,-0.001709,distillate,MW,nem,NSW1
2017-10-12 02:30:00,-0.001709,distillate,MW,nem,NSW1
2017-10-12 02:35:00,-0.001709,distillate,MW,nem,NSW1
2017-10-12 02:40:00,-0.001709,distillate,MW,nem,NSW1
2017-10-12 02:45:00,-0.00404,distillate,MW,nem,NSW1
2017-10-12 02:50:00,-0.00404,distillate,MW,nem,NSW1
2017-10-12 02:55:00,-0.00404,distillate,MW,nem,NSW1
2017-10-12 03:00:00,-0.00404,distillate,MW,nem,NSW1
2017-10-12 03:05:00,-0.00404,distillate,MW,nem,NSW1
2017-10-12 03:10:00,-0.00404,distillate,MW,nem,NSW1
2017-10-12 03:15:00,-0.00404,distillate,MW,nem,NSW1
2017-10-12 03:20:00,-0.00404,distillate,MW,nem,NSW1
2017-10-12 03:25:00,-0.00404,distillate,MW,nem,NSW1
2017-10-12 03:30:00,-0.004612,distillate,MW,nem,NSW1
2017-10-12 03:35:00,-0.004612,distillate,MW,nem,NSW1
2017-10-12 03:40:00,-0.004612,distillate,MW,nem,NSW1
2017-10-12 03:45:00,-0.004612,distillate,MW,nem,NSW1
2017-10-12 03:50:00,-0.004612,distillate,MW,nem,NSW1
2017-10-12 03:55:00,-0.004612,distillate,MW,nem,NSW1
2017-10-12 04:00:00,-0.004612,distillate,MW,nem,NSW1
2017-10-12 04:05:00,-0.004612,distillate,MW,nem,NSW1
2017-10-12 04:10:00,-0.004612,distillate,MW,nem,NSW1
2017-10-12 04:15:00,-0.004211,distillate,MW,nem,NSW1
2017-10-12 04:20:00,-0.004211,distillate,MW,nem,NSW1
2017-10-12 04:25:00,-0.004211,distillate,MW,nem,NSW1
2017-10-12 04:30:00,-0.004211,distillate,MW,nem,NSW1
2017-10-12 04:35:00,-0.004211,distillate,MW,nem,NSW1
2017-10-12 04:40:00,-0.004211,distillate,MW,nem,NSW1
2017-10-12 04:45:00,-0.004211,distillate,MW,nem,NSW1
2017-10-12 04:50:00,-0.004211,distillate,MW,nem,NSW1
2017-10-12 04:55:00,-0.004211,distillate,MW,nem,NSW1
2017-10-12 05:00:00,-0.007614,distillate,MW,nem,NSW1
2017-10-12 05:05:00,-0.007614,distillate,MW,nem,NSW1
2017-10-12 05:10:00,-0.007614,distillate,MW,nem,NSW1
2017-10-12 05:15:00,-0.007614,distillate,MW,nem,NSW1
2017-10-12 05:20:00,-0.007614,distillate,MW,nem,NSW1
2017-10-12 05:25:00,-0.007614,distillate,MW,nem,NSW1
2017-10-12 05:30:00,-0.007614,distillate,MW,nem,NSW1
2017-10-12 05:35:00,-0.007614,distillate,MW,nem,NSW1
2017-10-12 05:40:00,-0.007614,distillate,MW,nem,NSW1
2017-10-12 05:45:00,-0.00774,distillate,MW,nem,NSW1
2017-10-12 05:50:00,-0.00774,distillate,MW,nem,NSW1
2017-10-12 05:55:00,-0.00774,distillate,MW,nem,NSW1
2017-10-12 06:00:00,-0.00774,distillate,MW,nem,NSW1
2017-10-12 06:05:00,-0.00774,distillate,MW,nem,NSW1
2017-10-12 06:10:00,-0.00774,distillate,MW,nem,NSW1
2017-10-12 06:15:00,-0.00774,distillate,MW,nem,NSW1
2017-10-12 06:20:00,-0.00774,distillate,MW,nem,NSW1
2017-10-12 06:25:00,-0.00774,distillate,MW,nem,NSW1
2017-10-12 06:30:00,-0.00864,distillate,MW,nem,NSW1
2017-10-12 06:35:00,-0.00864,distillate,MW,nem,NSW1
2017-10-12 06:40:00,-0.00864,distillate,MW,nem,NSW1
2017-10-12 06:45:00,-0.00864,distillate,MW,nem,NSW1
2017-10-12 06:50:00,-0.00864,distillate,MW,nem,NSW1
2017-10-12 06:55:00,-0.00864,distillate,MW,nem,NSW1
2017-10-12 07:00:00,-0.00864,distillate,MW,nem,NSW1
2017-10-12 07:05:00,-0.00864,distillate,MW,nem,NSW1
2017-10-12 07:10:00,-0.00864,distillate,MW,nem,NSW1
2017-10-12 07:15:00,-0.01151,distillate,MW,nem,NSW1
2017-10-12 07:20:00,-0.01151,distillate,MW,nem,NSW1
2017-10-12 07:25:00,-0.01151,distillate,MW,nem,NSW1
2017-10-12 07:30:00,-0.01151,distillate,MW,nem,NSW1
2017-10-12 07:35:00,-0.01151,distillate,MW,nem,NSW1
2017-10-12 07:40:00,-0.01151,distillate,MW,nem,NSW1
2017-10-12 07:45:00,-0.01151,distillate,MW,nem,NSW1
2017-10-12 07:50:00,-0.01151,distillate,MW,nem,NSW1
2017-10-12 07:55:00,-0.01151,distillate,MW,nem,NSW1
2017-10-12 08:00:00,-0.00507,distillate,MW,nem,NSW1
2017-10-12 08:05:00,-0.00507,distillate,MW,nem,NSW1
2017-10-12 08:10:00,-0.00507,distillate,MW,nem,NSW1
2017-10-12 08:15:00,-0.00507,distillate,MW,nem,NSW1
2017-10-12 08:20:00,-0.00507,distillate,MW,nem,NSW1
2017-10-12 08:25:00,-0.00507,distillate,MW,nem,NSW1
2017-10-12 08:30:00,-0.00507,distillate,MW,nem,NSW1
2017-10-12 08:35:00,-0.00507,distillate,MW,nem,NSW1
2017-10-12 08:40:00,-0.00507,distillate,MW,nem,NSW1
2017-10-12 08:45:00,-0.008553,distillate,MW,nem,NSW1
2017-10-12 08:50:00,-0.008553,distillate,MW,nem,NSW1
2017-10-12 08:55:00,-0.008553,distillate,MW,nem,NSW1
2017-10-12 09:00:00,-0.008553,distillate,MW,nem,NSW1
2017-10-12 09:05:00,-0.008553,distillate,MW,nem,NSW1
2017-10-12 09:10:00,-0.008553,distillate,MW,nem,NSW1
2017-10-12 09:15:00,-0.008553,distillate,MW,nem,NSW1
2017-10-12 09:20:00,-0.008553,distillate,MW,nem,NSW1
2017-10-12 09:25:00,-0.008553,distillate,MW,nem,NSW1
2017-10-12 09:30:00,-0.003586,distillate,MW,nem,NSW1
2017-10-12 09:35:00,-0.003586,distillate,MW,nem,NSW1
2017-10-12 09:40:00,-0.003586,distillate,MW,nem,NSW1
2017-10-12 09:45:00,-0.003586,distillate,MW,nem,NSW1
2017-10-12 09:50:00,-0.003586,distillate,MW,nem,NSW1
2017-10-12 09:55:00,-0.003586,distillate,MW,nem,NSW1
2017-10-12 10:00:00,-0.003586,distillate,MW,nem,NSW1
2017-10-12 10:05:00,-0.003586,distillate,MW,nem,NSW1
2017-10-12 10:10:00,-0.003586,distillate,MW,nem,NSW1
2017-10-12 10:15:00,0.000607,distillate,MW,nem,NSW1
2017-10-12 10:20:00,0.000607,distillate,MW,nem,NSW1
2017-10-12 10:25:00,0.000607,distillate,MW,nem,NSW1
2017-10-12 10:30:00,0.000607,distillate,MW,nem,NSW1
2017-10-12 10:35:00,0.000607,distillate,MW,nem,NSW1
2017-10-12 10:40:00,0.000607,distillate,MW,nem,NSW1
2017-10-12 10:45:00,0.000607,distillate,MW,nem,NSW1
2017-10-12 10:50:00,0.000607,distillate,MW,nem,NSW1
2017-10-12 10:55:00,0.000607,distillate,MW,nem,NSW1
2017-10-12 11:00:00,-0.001072,distillate,MW,nem,NSW1
2017-10-12 11:05:00,-0.001072,distillate,MW,nem,NSW1
2017-10-12 11:10:00,-0.001072,distillate,MW,nem,NSW1
2017-10-12 11:15:00,-0.001072,distillate,MW,nem,NSW1
2017-10-12 11:20:00,-0.001072,distillate,MW,nem,NSW1
2017-10-12 11:25:00,-0.001072,distillate,MW,nem,NSW1
2017-10-12 11:30:00,-0.001072,distillate,MW,nem,NSW1
2017-10-12 11:35:00,-0.001072,distillate,MW,nem,NSW1
2017-10-12 11:40:00,-0.001072,distillate,MW,nem,NSW1
2017-10-12 11:45:00,-0.00428,distillate,MW,nem,NSW1
2017-10-12 11:50:00,-0.00428,distillate,MW,nem,NSW1
2017-10-12 11:55:00,-0.00428,distillate,MW,nem,NSW1
2017-10-12 12:00:00,-0.00428,distillate,MW,nem,NSW1
2017-10-12 12:05:00,-0.00428,distillate,MW,nem,NSW1
2017-10-12 12:10:00,0.000843,distillate,MW,nem,NSW1
2017-10-12 12:15:00,0.000843,distillate,MW,nem,NSW1
2017-10-12 12:20:00,0.000843,distillate,MW,nem,NSW1
2017-10-12 12:25:00,0.000843,distillate,MW,nem,NSW1
2017-10-12 12:30:00,-0.001053,distillate,MW,nem,NSW1
2017-10-12 12:35:00,-0.001053,distillate,MW,nem,NSW1
2017-10-12 12:40:00,-0.001053,distillate,MW,nem,NSW1
2017-10-12 12:45:00,-0.001053,distillate,MW,nem,NSW1
2017-10-12 12:50:00,-0.001053,distillate,MW,nem,NSW1
2017-10-12 12:55:00,-0.001053,distillate,MW,nem,NSW1
2017-10-12 13:00:00,-0.001053,distillate,MW,nem,NSW1
2017-10-12 13:05:00,-0.001053,distillate,MW,nem,NSW1
2017-10-12 13:10:00,-0.001053,distillate,MW,nem,NSW1
2017-10-12 13:15:00,-0.000473,distillate,MW,nem,NSW1
2017-10-12 13:20:00,-0.000473,distillate,MW,nem,NSW1
2017-10-12 13:25:00,-0.000473,distillate,MW,nem,NSW1
2017-10-12 13:30:00,-0.000473,distillate,MW,nem,NSW1
2017-10-12 13:35:00,-0.000473,distillate,MW,nem,NSW1
2017-10-12 13:40:00,-0.000473,distillate,MW,nem,NSW1
2017-10-12 13:45:00,-0.000473,distillate,MW,nem,NSW1
2017-10-12 13:50:00,-0.000473,distillate,MW,nem,NSW1
2017-10-12 13:55:00,-0.000473,distillate,MW,nem,NSW1
2017-10-12 14:00:00,-0.002178,distillate,MW,nem,NSW1
2017-10-12 14:05:00,-0.002178,distillate,MW,nem,NSW1
2017-10-12 14:10:00,-0.002178,distillate,MW,nem,NSW1
2017-10-12 14:15:00,-0.002178,distillate,MW,nem,NSW1
2017-10-12 14:20:00,-0.002178,distillate,MW,nem,NSW1
2017-10-12 14:25:00,-0.002178,distillate,MW,nem,NSW1
2017-10-12 14:30:00,-0.002178,distillate,MW,nem,NSW1
2017-10-12 14:35:00,-0.002178,distillate,MW,nem,NSW1
2017-10-12 14:40:00,-0.002178,distillate,MW,nem,NSW1
2017-10-12 14:45:00,-0.000633,distillate,MW,nem,NSW1
2017-10-12 14:50:00,-0.001877,distillate,MW,nem,NSW1
2017-10-12 14:55:00,-0.001877,distillate,MW,nem,NSW1
2017-10-12 15:00:00,-0.001877,distillate,MW,nem,NSW1
2017-10-12 15:05:00,-0.001877,distillate,MW,nem,NSW1
2017-10-12 15:10:00,-0.001877,distillate,MW,nem,NSW1
2017-10-12 15:15:00,-0.001877,distillate,MW,nem,NSW1
2017-10-12 15:20:00,-0.001877,distillate,MW,nem,NSW1
2017-10-12 15:25:00,-0.001877,distillate,MW,nem,NSW1
2017-10-12 15:30:00,-0.003387,distillate,MW,nem,NSW1
2017-10-12 15:35:00,-0.003387,distillate,MW,nem,NSW1
2017-10-12 15:40:00,-0.003387,distillate,MW,nem,NSW1
2017-10-12 15:45:00,-0.003387,distillate,MW,nem,NSW1
2017-10-12 15:50:00,-0.003387,distillate,MW,nem,NSW1
2017-10-12 15:55:00,-0.003387,distillate,MW,nem,NSW1
2017-10-12 16:00:00,-0.003387,distillate,MW,nem,NSW1
2017-10-12 16:05:00,-0.003387,distillate,MW,nem,NSW1
2017-10-12 16:10:00,-0.003387,distillate,MW,nem,NSW1
2017-10-12 16:15:00,-0.002117,distillate,MW,nem,NSW1
2017-10-12 16:20:00,-0.002117,distillate,MW,nem,NSW1
2017-10-12 16:25:00,-0.002117,distillate,MW,nem,NSW1
2017-10-12 16:30:00,-0.002117,distillate,MW,nem,NSW1
2017-10-12 16:35:00,-0.002117,distillate,MW,nem,NSW1
2017-10-12 16:40:00,-0.002117,distillate,MW,nem,NSW1
2017-10-12 16:45:00,-0.002117,distillate,MW,nem,NSW1
2017-10-12 16:50:00,-0.002117,distillate,MW,nem,NSW1
2017-10-12 16:55:00,-0.002117,distillate,MW,nem,NSW1
2017-10-12 17:00:00,-0.003811,distillate,MW,nem,NSW1
2017-10-12 17:05:00,-0.003811,distillate,MW,nem,NSW1
2017-10-12 17:10:00,0.0,distillate,MW,nem,NSW1
2017-10-12 17:15:00,-0.004234,distillate,MW,nem,NSW1
2017-10-12 17:20:00,-0.004234,distillate,MW,nem,NSW1
2017-10-12 17:25:00,-0.004395,distillate,MW,nem,NSW1
2017-10-12 17:30:00,-0.005707,distillate,MW,nem,NSW1
2017-10-12 17:35:00,-0.005707,distillate,MW,nem,NSW1
2017-10-12 17:40:00,-0.004074,distillate,MW,nem,NSW1
2017-10-12 17:45:00,-0.004372,distillate,MW,nem,NSW1
2017-10-12 17:50:00,-0.004372,distillate,MW,nem,NSW1
2017-10-12 17:55:00,0.0,distillate,MW,nem,NSW1
2017-10-12 18:00:00,-0.00452,distillate,MW,nem,NSW1
2017-10-12 18:05:00,-0.006615,distillate,MW,nem,NSW1
2017-10-12 18:10:00,-0.006615,distillate,MW,nem,NSW1
2017-10-12 18:15:00,-0.006615,distillate,MW,nem,NSW1
2017-10-12 18:20:00,-0.006615,distillate,MW,nem,NSW1
2017-10-12 18:25:00,-0.006615,distillate,MW,nem,NSW1
2017-10-12 18:30:00,-0.006615,distillate,MW,nem,NSW1
2017-10-12 18:35:00,-0.006615,distillate,MW,nem,NSW1
2017-10-12 18:40:00,-0.006615,distillate,MW,nem,NSW1
2017-10-12 18:45:00,-0.004646,distillate,MW,nem,NSW1
2017-10-12 18:50:00,-0.004646,distillate,MW,nem,NSW1
2017-10-12 18:55:00,-0.004646,distillate,MW,nem,NSW1
2017-10-12 19:00:00,-0.004646,distillate,MW,nem,NSW1
2017-10-12 19:05:00,-0.004646,distillate,MW,nem,NSW1
2017-10-12 19:10:00,-0.004646,distillate,MW,nem,NSW1
2017-10-12 19:15:00,-0.004646,distillate,MW,nem,NSW1
2017-10-12 19:20:00,-0.004646,distillate,MW,nem,NSW1
2017-10-12 19:25:00,-0.004646,distillate,MW,nem,NSW1
2017-10-12 19:30:00,-0.004787,distillate,MW,nem,NSW1
2017-10-12 19:35:00,-0.004787,distillate,MW,nem,NSW1
2017-10-12 19:40:00,-0.004787,distillate,MW,nem,NSW1
2017-10-12 19:45:00,-0.004787,distillate,MW,nem,NSW1
2017-10-12 19:50:00,-0.004787,distillate,MW,nem,NSW1
2017-10-12 19:55:00,-0.004787,distillate,MW,nem,NSW1
2017-10-12 20:00:00,-0.004787,distillate,MW,nem,NSW1
2017-10-12 20:05:00,-0.004787,distillate,MW,nem,NSW1
2017-10-12 20:10:00,-0.004787,distillate,MW,nem,NSW1
2017-10-12 20:15:00,-0.005627,distillate,MW,nem,NSW1
2017-10-12 20:20:00,-0.005627,distillate,MW,nem,NSW1
2017-10-12 20:25:00,-0.005627,distillate,MW,nem,NSW1
2017-10-12 20:30:00,-0.005627,distillate,MW,nem,NSW1
2017-10-12 20:35:00,-0.005627,distillate,MW,nem,NSW1
2017-10-12 20:40:00,-0.005627,distillate,MW,nem,NSW1
2017-10-12 20:45:00,-0.005627,distillate,MW,nem,NSW1
2017-10-12 20:50:00,-0.005627,distillate,MW,nem,NSW1
2017-10-12 20:55:00,-0.005627,distillate,MW,nem,NSW1
2017-10-12 21:00:00,-0.001732,distillate,MW,nem,NSW1
2017-10-12 21:05:00,-0.001732,distillate,MW,nem,NSW1
2017-10-12 21:10:00,-0.001732,distillate,MW,nem,NSW1
2017-10-12 21:15:00,-0.001732,distillate,MW,nem,NSW1
2017-10-12 21:20:00,-0.001732,distillate,MW,nem,NSW1
2017-10-12 21:25:00,-0.001732,distillate,MW,nem,NSW1
2017-10-12 21:30:00,-0.001732,distillate,MW,nem,NSW1
2017-10-12 21:35:00,-0.001732,distillate,MW,nem,NSW1
2017-10-12 21:40:00,-0.001732,distillate,MW,nem,NSW1
2017-10-12 21:45:00,-0.004749,distillate,MW,nem,NSW1
2017-10-12 21:50:00,-0.004749,distillate,MW,nem,NSW1
2017-10-12 21:55:00,-0.004749,distillate,MW,nem,NSW1
2017-10-12 22:00:00,-0.004749,distillate,MW,nem,NSW1
2017-10-12 22:05:00,-0.004749,distillate,MW,nem,NSW1
2017-10-12 22:10:00,-0.004749,distillate,MW,nem,NSW1
2017-10-12 22:15:00,-0.004749,distillate,MW,nem,NSW1
2017-10-12 22:20:00,-0.004749,distillate,MW,nem,NSW1
2017-10-12 22:25:00,-0.004749,distillate,MW,nem,NSW1
2017-10-12 22:30:00,-0.003529,distillate,MW,nem,NSW1
2017-10-12 22:35:00,-0.003529,distillate,MW,nem,NSW1
2017-10-12 22:40:00,-0.003529,distillate,MW,nem,NSW1
2017-10-12 22:45:00,-0.003529,distillate,MW,nem,NSW1
2017-10-12 22:50:00,-0.003529,distillate,MW,nem,NSW1
2017-10-12 22:55:00,-0.003529,distillate,MW,nem,NSW1
2017-10-12 23:00:00,-0.003529,distillate,MW,nem,NSW1
2017-10-12 23:05:00,-0.003529,distillate,MW,nem,NSW1
2017-10-12 23:10:00,-0.003529,distillate,MW,nem,NSW1
2017-10-12 23:15:00,-0.000938,distillate,MW,nem,NSW1
2017-10-12 23:20:00,-0.000938,distillate,MW,nem,NSW1
2017-10-12 23:25:00,-0.000938,distillate,MW,nem,NSW1
2017-10-12 23:30:00,-0.000938,distillate,MW,nem,NSW1
2017-10-12 23:35:00,-0.000938,distillate,MW,nem,NSW1
2017-10-12 23:40:00,-0.000938,distillate,MW,nem,NSW1
2017-10-12 23:45:00,-0.000938,distillate,MW,nem,NSW1
2017-10-12 23:50:00,-0.000938,distillate,MW,nem,NSW1
2017-10-12 23:55:00,-0.000938,distillate,MW,nem,NSW1
2017-10-13 00:00:00,-0.001835,distillate,MW,nem,NSW1
2017-10-13 00:05:00,-0.001835,distillate,MW,nem,NSW1
2017-10-13 00:10:00,-0.001835,distillate,MW,nem,NSW1
2017-10-13 00:15:00,-0.001835,distillate,MW,nem,NSW1
2017-10-13 00:20:00,-0.001835,distillate,MW,nem,NSW1
2017-10-13 00:25:00,-0.001835,distillate,MW,nem,NSW1
2017-10-13 00:30:00,-0.001835,distillate,MW,nem,NSW1
2017-10-13 00:35:00,-0.001835,distillate,MW,nem,NSW1
2017-10-13 00:40:00,-0.001835,distillate,MW,nem,NSW1
2017-10-13 00:45:00,-0.003124,distillate,MW,nem,NSW1
2017-10-13 00:50:00,-0.003124,distillate,MW,nem,NSW1
2017-10-13 00:55:00,-0.003124,distillate,MW,nem,NSW1
2017-10-13 01:00:00,-0.003124,distillate,MW,nem,NSW1
2017-10-13 01:05:00,-0.003124,distillate,MW,nem,NSW1
2017-10-13 01:10:00,-0.003124,distillate,MW,nem,NSW1
2017-10-13 01:15:00,-0.003124,distillate,MW,nem,NSW1
2017-10-13 01:20:00,-0.003124,distillate,MW,nem,NSW1
2017-10-13 01:25:00,-0.003124,distillate,MW,nem,NSW1
2017-10-13 01:30:00,5.3e-05,distillate,MW,nem,NSW1
2017-10-13 01:35:00,5.3e-05,distillate,MW,nem,NSW1
2017-10-13 01:40:00,5.3e-05,distillate,MW,nem,NSW1
2017-10-13 01:45:00,5.3e-05,distillate,MW,nem,NSW1
2017-10-13 01:50:00,5.3e-05,distillate,MW,nem,NSW1
2017-10-13 01:55:00,5.3e-05,distillate,MW,nem,NSW1
2017-10-13 02:00:00,5.3e-05,distillate,MW,nem,NSW1
2017-10-13 02:05:00,5.3e-05,distillate,MW,nem,NSW1
2017-10-13 02:10:00,5.3e-05,distillate,MW,nem,NSW1
2017-10-13 02:15:00,0.000988,distillate,MW,nem,NSW1
2017-10-13 02:20:00,0.000988,distillate,MW,nem,NSW1
2017-10-13 02:25:00,0.000988,distillate,MW,nem,NSW1
2017-10-13 02:30:00,0.000988,distillate,MW,nem,NSW1
2017-10-13 02:35:00,0.000988,distillate,MW,nem,NSW1
2017-10-13 02:40:00,0.000988,distillate,MW,nem,NSW1
2017-10-13 02:45:00,0.000988,distillate,MW,nem,NSW1
2017-10-13 02:50:00,0.000988,distillate,MW,nem,NSW1
2017-10-13 02:55:00,0.000988,distillate,MW,nem,NSW1
2017-10-13 03:00:00,-0.000862,distillate,MW,nem,NSW1
2017-10-13 03:05:00,-0.000862,distillate,MW,nem,NSW1
2017-10-13 03:10:00,-0.000862,distillate,MW,nem,NSW1
2017-10-13 03:15:00,-0.000862,distillate,MW,nem,NSW1
2017-10-13 03:20:00,-0.000862,distillate,MW,nem,NSW1
2017-10-13 03:25:00,-0.000862,distillate,MW,nem,NSW1
2017-10-13 03:30:00,-0.000862,distillate,MW,nem,NSW1
2017-10-13 03:35:00,-0.000862,distillate,MW,nem,NSW1
2017-10-13 03:40:00,-0.000862,distillate,MW,nem,NSW1
2017-10-13 03:45:00,0.000477,distillate,MW,nem,NSW1
2017-10-13 03:50:00,0.000477,distillate,MW,nem,NSW1
2017-10-13 03:55:00,0.000477,distillate,MW,nem,NSW1
2017-10-13 04:00:00,0.000477,distillate,MW,nem,NSW1
2017-10-13 04:05:00,0.000477,distillate,MW,nem,NSW1
2017-10-13 04:10:00,0.000477,distillate,MW,nem,NSW1
2017-10-13 04:15:00,0.000477,distillate,MW,nem,NSW1
2017-10-13 04:20:00,0.000477,distillate,MW,nem,NSW1
2017-10-13 04:25:00,0.000477,distillate,MW,nem,NSW1
2017-10-13 04:30:00,-0.000988,distillate,MW,nem,NSW1
2017-10-13 04:35:00,-0.000988,distillate,MW,nem,NSW1
2017-10-13 04:40:00,-0.000988,distillate,MW,nem,NSW1
2017-10-13 04:45:00,-0.000988,distillate,MW,nem,NSW1
2017-10-13 04:50:00,-0.000988,distillate,MW,nem,NSW1
2017-10-13 04:55:00,-0.000988,distillate,MW,nem,NSW1
2017-10-13 05:00:00,-0.000988,distillate,MW,nem,NSW1
2017-10-13 05:05:00,-0.000988,distillate,MW,nem,NSW1
2017-10-13 05:10:00,-0.000988,distillate,MW,nem,NSW1
2017-10-13 05:15:00,-0.00259,distillate,MW,nem,NSW1
2017-10-13 05:20:00,-0.00259,distillate,MW,nem,NSW1
2017-10-13 05:25:00,-0.00259,distillate,MW,nem,NSW1
2017-10-13 05:30:00,-0.00259,distillate,MW,nem,NSW1
2017-10-13 05:35:00,-0.00259,distillate,MW,nem,NSW1
2017-10-13 05:40:00,-0.00259,distillate,MW,nem,NSW1
2017-10-13 05:45:00,-0.00259,distillate,MW,nem,NSW1
2017-10-13 05:50:00,-0.00259,distillate,MW,nem,NSW1
2017-10-13 05:55:00,-0.00259,distillate,MW,nem,NSW1
2017-10-13 06:00:00,-0.002335,distillate,MW,nem,NSW1
2017-10-13 06:05:00,-0.002335,distillate,MW,nem,NSW1
2017-10-13 06:10:00,-0.002335,distillate,MW,nem,NSW1
2017-10-13 06:15:00,-0.002335,distillate,MW,nem,NSW1
2017-10-13 06:20:00,-0.002335,distillate,MW,nem,NSW1
2017-10-13 06:25:00,-0.002335,distillate,MW,nem,NSW1
2017-10-13 06:30:00,-0.002335,distillate,MW,nem,NSW1
2017-10-13 06:35:00,-0.002335,distillate,MW,nem,NSW1
2017-10-13 06:40:00,-0.002335,distillate,MW,nem,NSW1
2017-10-13 06:45:00,-0.001911,distillate,MW,nem,NSW1
2017-10-13 06:50:00,-0.001911,distillate,MW,nem,NSW1
2017-10-13 06:55:00,-0.001911,distillate,MW,nem,NSW1
2017-10-13 07:00:00,-0.001911,distillate,MW,nem,NSW1
2017-10-13 07:05:00,-0.001911,distillate,MW,nem,NSW1
2017-10-13 07:10:00,-0.001911,distillate,MW,nem,NSW1
2017-10-13 07:15:00,-0.001911,distillate,MW,nem,NSW1
2017-10-13 07:20:00,-0.001911,distillate,MW,nem,NSW1
2017-10-13 07:25:00,-0.001911,distillate,MW,nem,NSW1
2017-10-13 07:30:00,-0.002975,distillate,MW,nem,NSW1
2017-10-13 07:35:00,-0.002975,distillate,MW,nem,NSW1
2017-10-13 07:40:00,-0.002975,distillate,MW,nem,NSW1
2017-10-13 07:45:00,-0.002975,distillate,MW,nem,NSW1
2017-10-13 07:50:00,-0.002975,distillate,MW,nem,NSW1
2017-10-13 07:55:00,-0.002975,distillate,MW,nem,NSW1
2017-10-13 08:00:00,-0.002975,distillate,MW,nem,NSW1
2017-10-13 08:05:00,-0.002975,distillate,MW,nem,NSW1
2017-10-13 08:10:00,-0.002975,distillate,MW,nem,NSW1
2017-10-13 08:15:00,-0.002117,distillate,MW,nem,NSW1
2017-10-13 08:20:00,-0.002117,distillate,MW,nem,NSW1
2017-10-13 08:25:00,-0.002117,distillate,MW,nem,NSW1
2017-10-13 08:30:00,-0.002117,distillate,MW,nem,NSW1
2017-10-13 08:35:00,-0.002117,distillate,MW,nem,NSW1
2017-10-13 08:40:00,-0.002117,distillate,MW,nem,NSW1
2017-10-13 08:45:00,-0.002117,distillate,MW,nem,NSW1
2017-10-13 08:50:00,-0.002117,distillate,MW,nem,NSW1
2017-10-13 08:55:00,-0.002117,distillate,MW,nem,NSW1
2017-10-13 09:00:00,-0.008205,distillate,MW,nem,NSW1
2017-10-13 09:05:00,-0.008205,distillate,MW,nem,NSW1
2017-10-13 09:10:00,-0.008205,distillate,MW,nem,NSW1
2017-10-13 09:15:00,-0.008205,distillate,MW,nem,NSW1
2017-10-13 09:20:00,-0.008205,distillate,MW,nem,NSW1
2017-10-13 09:25:00,-0.008205,distillate,MW,nem,NSW1
2017-10-13 09:30:00,-0.008205,distillate,MW,nem,NSW1
2017-10-13 09:35:00,-0.008205,distillate,MW,nem,NSW1
2017-10-13 09:40:00,-0.008205,distillate,MW,nem,NSW1
2017-10-13 09:45:00,-0.02557,distillate,MW,nem,NSW1
2017-10-13 09:50:00,-0.02557,distillate,MW,nem,NSW1
2017-10-13 09:55:00,-0.02557,distillate,MW,nem,NSW1
2017-10-13 10:00:00,-0.02557,distillate,MW,nem,NSW1
2017-10-13 10:05:00,-0.02557,distillate,MW,nem,NSW1
2017-10-13 10:10:00,-0.02557,distillate,MW,nem,NSW1
2017-10-13 10:15:00,-0.02557,distillate,MW,nem,NSW1
2017-10-13 10:20:00,-0.02557,distillate,MW,nem,NSW1
2017-10-13 10:25:00,-0.02557,distillate,MW,nem,NSW1
2017-10-13 10:30:00,-0.02372,distillate,MW,nem,NSW1
2017-10-13 10:35:00,-0.02372,distillate,MW,nem,NSW1
2017-10-13 10:40:00,-0.02372,distillate,MW,nem,NSW1
2017-10-13 10:45:00,-0.02372,distillate,MW,nem,NSW1
2017-10-13 10:50:00,-0.02372,distillate,MW,nem,NSW1
2017-10-13 10:55:00,-0.02372,distillate,MW,nem,NSW1
2017-10-13 11:00:00,-0.02372,distillate,MW,nem,NSW1
2017-10-13 11:05:00,-0.02372,distillate,MW,nem,NSW1
2017-10-13 11:10:00,-0.02372,distillate,MW,nem,NSW1
2017-10-13 11:15:00,-0.01815,distillate,MW,nem,NSW1
2017-10-13 11:20:00,-0.01815,distillate,MW,nem,NSW1
2017-10-13 11:25:00,-0.01815,distillate,MW,nem,NSW1
2017-10-13 11:30:00,-0.01815,distillate,MW,nem,NSW1
2017-10-13 11:35:00,-0.01815,distillate,MW,nem,NSW1
2017-10-13 11:40:00,-0.01815,distillate,MW,nem,NSW1
2017-10-13 11:45:00,-0.01815,distillate,MW,nem,NSW1
2017-10-13 11:50:00,-0.01815,distillate,MW,nem,NSW1
2017-10-13 11:55:00,-0.01815,distillate,MW,nem,NSW1
2017-10-13 12:00:00,-0.01909,distillate,MW,nem,NSW1
2017-10-13 12:05:00,-0.01909,distillate,MW,nem,NSW1
2017-10-13 12:10:00,-0.01909,distillate,MW,nem,NSW1
2017-10-13 12:15:00,-0.01909,distillate,MW,nem,NSW1
2017-10-13 12:20:00,-0.01909,distillate,MW,nem,NSW1
2017-10-13 12:25:00,-0.01909,distillate,MW,nem,NSW1
2017-10-13 12:30:00,-0.01909,distillate,MW,nem,NSW1
2017-10-13 12:35:00,-0.01909,distillate,MW,nem,NSW1
2017-10-13 12:40:00,-0.01909,distillate,MW,nem,NSW1
2017-10-13 12:45:00,-0.01954,distillate,MW,nem,NSW1
2017-10-13 12:50:00,-0.01954,distillate,MW,nem,NSW1
2017-10-13 12:55:00,-0.02212,distillate,MW,nem,NSW1
2017-10-13 13:00:00,-0.02212,distillate,MW,nem,NSW1
2017-10-13 13:05:00,-0.02212,distillate,MW,nem,NSW1
2017-10-13 13:10:00,-0.02287,distillate,MW,nem,NSW1
2017-10-13 13:15:00,-0.02189,distillate,MW,nem,NSW1
2017-10-13 13:20:00,-0.02189,distillate,MW,nem,NSW1
2017-10-13 13:25:00,-0.02249,distillate,MW,nem,NSW1
2017-10-13 13:30:00,-0.02475,distillate,MW,nem,NSW1
2017-10-13 13:35:00,20.09,distillate,MW,nem,NSW1
2017-10-13 13:40:00,19.75,distillate,MW,nem,NSW1
2017-10-13 13:45:00,20.06,distillate,MW,nem,NSW1
2017-10-13 13:50:00,19.69,distillate,MW,nem,NSW1
2017-10-13 13:55:00,20.37,distillate,MW,nem,NSW1
2017-10-13 14:00:00,-0.02475,distillate,MW,nem,NSW1
2017-10-13 14:05:00,-0.02475,distillate,MW,nem,NSW1
2017-10-13 14:10:00,-0.02475,distillate,MW,nem,NSW1
2017-10-13 14:15:00,-0.02187,distillate,MW,nem,NSW1
2017-10-13 14:20:00,-0.02187,distillate,MW,nem,NSW1
2017-10-13 14:25:00,-0.02187,distillate,MW,nem,NSW1
2017-10-13 14:30:00,-0.02187,distillate,MW,nem,NSW1
2017-10-13 14:35:00,-0.02187,distillate,MW,nem,NSW1
2017-10-13 14:40:00,-0.02187,distillate,MW,nem,NSW1
2017-10-13 14:45:00,-0.02187,distillate,MW,nem,NSW1
2017-10-13 14:50:00,-0.02187,distillate,MW,nem,NSW1
2017-10-13 14:55:00,-0.02187,distillate,MW,nem,NSW1
2017-10-13 15:00:00,-0.02568,distillate,MW,nem,NSW1
2017-10-13 15:05:00,-0.02568,distillate,MW,nem,NSW1
2017-10-13 15:10:00,-0.02568,distillate,MW,nem,NSW1
2017-10-13 15:15:00,-0.02568,distillate,MW,nem,NSW1
2017-10-13 15:20:00,-0.02568,distillate,MW,nem,NSW1
2017-10-13 15:25:00,-0.02568,distillate,MW,nem,NSW1
2017-10-13 15:30:00,-0.02568,distillate,MW,nem,NSW1
2017-10-13 15:35:00,-0.02568,distillate,MW,nem,NSW1
2017-10-13 15:40:00,-0.02568,distillate,MW,nem,NSW1
2017-10-13 15:45:00,-0.01074,distillate,MW,nem,NSW1
2017-10-13 15:50:00,-0.01074,distillate,MW,nem,NSW1
2017-10-13 15:55:00,-0.01074,distillate,MW,nem,NSW1
2017-10-13 16:00:00,-0.01074,distillate,MW,nem,NSW1
2017-10-13 16:05:00,-0.01074,distillate,MW,nem,NSW1
2017-10-13 16:10:00,-0.01074,distillate,MW,nem,NSW1
2017-10-13 16:15:00,-0.01074,distillate,MW,nem,NSW1
2017-10-13 16:20:00,-0.01074,distillate,MW,nem,NSW1
2017-10-13 16:25:00,-0.01074,distillate,MW,nem,NSW1
2017-10-13 16:30:00,-0.007431,distillate,MW,nem,NSW1
2017-10-13 16:35:00,-0.007431,distillate,MW,nem,NSW1
2017-10-13 16:40:00,-0.007431,distillate,MW,nem,NSW1
2017-10-13 16:45:00,-0.007431,distillate,MW,nem,NSW1
2017-10-13 16:50:00,-0.007431,distillate,MW,nem,NSW1
2017-10-13 16:55:00,-0.007431,distillate,MW,nem,NSW1
2017-10-13 17:00:00,-0.007431,distillate,MW,nem,NSW1
2017-10-13 17:05:00,-0.007431,distillate,MW,nem,NSW1
2017-10-13 17:10:00,-0.007431,distillate,MW,nem,NSW1
2017-10-13 17:15:00,-0.006271,distillate,MW,nem,NSW1
2017-10-13 17:20:00,-0.006271,distillate,MW,nem,NSW1
2017-10-13 17:25:00,-0.006271,distillate,MW,nem,NSW1
2017-10-13 17:30:00,-0.006271,distillate,MW,nem,NSW1
2017-10-13 17:35:00,-0.006271,distillate,MW,nem,NSW1
2017-10-13 17:40:00,-0.006271,distillate,MW,nem,NSW1
2017-10-13 17:45:00,-0.006271,distillate,MW,nem,NSW1
2017-10-13 17:50:00,-0.006271,distillate,MW,nem,NSW1
2017-10-13 17:55:00,-0.006271,distillate,MW,nem,NSW1
2017-10-13 18:00:00,-0.005516,distillate,MW,nem,NSW1
2017-10-13 18:05:00,-0.005516,distillate,MW,nem,NSW1
2017-10-13 18:10:00,-0.005516,distillate,MW,nem,NSW1
2017-10-13 18:15:00,-0.005516,distillate,MW,nem,NSW1
2017-10-13 18:20:00,-0.005516,distillate,MW,nem,NSW1
2017-10-13 18:25:00,-0.005516,distillate,MW,nem,NSW1
2017-10-13 18:30:00,-0.005516,distillate,MW,nem,NSW1
2017-10-13 18:35:00,-0.005516,distillate,MW,nem,NSW1
2017-10-13 18:40:00,-0.005516,distillate,MW,nem,NSW1
2017-10-13 18:45:00,-0.001339,distillate,MW,nem,NSW1
2017-10-13 18:50:00,-0.001339,distillate,MW,nem,NSW1
2017-10-13 18:55:00,-0.001339,distillate,MW,nem,NSW1
2017-10-13 19:00:00,-0.001339,distillate,MW,nem,NSW1
2017-10-13 19:05:00,-0.001339,distillate,MW,nem,NSW1
2017-10-13 19:10:00,-0.001339,distillate,MW,nem,NSW1
2017-10-13 19:15:00,-0.001339,distillate,MW,nem,NSW1
2017-10-13 19:20:00,-0.001339,distillate,MW,nem,NSW1
2017-10-13 19:25:00,-0.001339,distillate,MW,nem,NSW1
2017-10-13 19:30:00,-0.00592,distillate,MW,nem,NSW1
2017-10-13 19:35:00,-0.00592,distillate,MW,nem,NSW1
2017-10-13 19:40:00,-0.00592,distillate,MW,nem,NSW1
2017-10-13 19:45:00,-0.00592,distillate,MW,nem,NSW1
2017-10-13 19:50:00,-0.00592,distillate,MW,nem,NSW1
2017-10-13 19:55:00,-0.00592,distillate,MW,nem,NSW1
2017-10-13 20:00:00,-0.00592,distillate,MW,nem,NSW1
2017-10-13 20:05:00,-0.00592,distillate,MW,nem,NSW1
2017-10-13 20:10:00,-0.00592,distillate,MW,nem,NSW1
2017-10-13 20:15:00,-0.004837,distillate,MW,nem,NSW1
2017-10-13 20:20:00,-0.004837,distillate,MW,nem,NSW1
2017-10-13 20:25:00,-0.004837,distillate,MW,nem,NSW1
2017-10-13 20:30:00,-0.004837,distillate,MW,nem,NSW1
2017-10-13 20:35:00,-0.004837,distillate,MW,nem,NSW1
2017-10-13 20:40:00,-0.004837,distillate,MW,nem,NSW1
2017-10-13 20:45:00,-0.004837,distillate,MW,nem,NSW1
2017-10-13 20:50:00,-0.004837,distillate,MW,nem,NSW1
2017-10-13 20:55:00,-0.004837,distillate,MW,nem,NSW1
2017-10-13 21:00:00,-0.001167,distillate,MW,nem,NSW1
2017-10-13 21:05:00,-0.001167,distillate,MW,nem,NSW1
2017-10-13 21:10:00,-0.001167,distillate,MW,nem,NSW1
2017-10-13 21:15:00,-0.001167,distillate,MW,nem,NSW1
2017-10-13 21:20:00,-0.001167,distillate,MW,nem,NSW1
2017-10-13 21:25:00,-0.001167,distillate,MW,nem,NSW1
2017-10-13 21:30:00,-0.001167,distillate,MW,nem,NSW1
2017-10-13 21:35:00,-0.001167,distillate,MW,nem,NSW1
2017-10-13 21:40:00,-0.001167,distillate,MW,nem,NSW1
2017-10-13 21:45:00,-0.002029,distillate,MW,nem,NSW1
2017-10-13 21:50:00,-0.002029,distillate,MW,nem,NSW1
2017-10-13 21:55:00,-0.002029,distillate,MW,nem,NSW1
2017-10-13 22:00:00,-0.002029,distillate,MW,nem,NSW1
2017-10-13 22:05:00,-0.002029,distillate,MW,nem,NSW1
2017-10-13 22:10:00,-0.002029,distillate,MW,nem,NSW1
2017-10-13 22:15:00,-0.002029,distillate,MW,nem,NSW1
2017-10-13 22:20:00,-0.002029,distillate,MW,nem,NSW1
2017-10-13 22:25:00,-0.002029,distillate,MW,nem,NSW1
2017-10-13 22:30:00,0.000233,distillate,MW,nem,NSW1
2017-10-13 22:35:00,0.000233,distillate,MW,nem,NSW1
2017-10-13 22:40:00,0.000233,distillate,MW,nem,NSW1
2017-10-13 22:45:00,0.000233,distillate,MW,nem,NSW1
2017-10-13 22:50:00,0.000233,distillate,MW,nem,NSW1
2017-10-13 22:55:00,0.000233,distillate,MW,nem,NSW1
2017-10-13 23:00:00,0.000233,distillate,MW,nem,NSW1
2017-10-13 23:05:00,0.000233,distillate,MW,nem,NSW1
2017-10-13 23:10:00,0.000233,distillate,MW,nem,NSW1
2017-10-13 23:15:00,0.000835,distillate,MW,nem,NSW1
2017-10-13 23:20:00,0.000835,distillate,MW,nem,NSW1
2017-10-13 23:25:00,0.000835,distillate,MW,nem,NSW1
2017-10-13 23:30:00,0.000835,distillate,MW,nem,NSW1
2017-10-13 23:35:00,0.000835,distillate,MW,nem,NSW1
2017-10-13 23:40:00,0.000835,distillate,MW,nem,NSW1
2017-10-13 23:45:00,0.000835,distillate,MW,nem,NSW1
2017-10-13 23:50:00,0.000835,distillate,MW,nem,NSW1
2017-10-13 23:55:00,0.000835,distillate,MW,nem,NSW1
2017-10-14 00:00:00,-0.002365,distillate,MW,nem,NSW1
2017-10-14 00:05:00,-0.002365,distillate,MW,nem,NSW1
2017-10-14 00:10:00,-0.002365,distillate,MW,nem,NSW1
2017-10-14 00:15:00,-0.002365,distillate,MW,nem,NSW1
2017-10-14 00:20:00,-0.002365,distillate,MW,nem,NSW1
2017-10-14 00:25:00,-0.002365,distillate,MW,nem,NSW1
2017-10-14 00:30:00,-0.002365,distillate,MW,nem,NSW1
2017-10-14 00:35:00,-0.002365,distillate,MW,nem,NSW1
2017-10-14 00:40:00,-0.002365,distillate,MW,nem,NSW1
2017-10-14 00:45:00,0.000832,distillate,MW,nem,NSW1
2017-10-14 00:50:00,0.000832,distillate,MW,nem,NSW1
2017-10-14 00:55:00,0.000832,distillate,MW,nem,NSW1
2017-10-14 01:00:00,0.000832,distillate,MW,nem,NSW1
2017-10-14 01:05:00,0.000832,distillate,MW,nem,NSW1
2017-10-14 01:10:00,0.000832,distillate,MW,nem,NSW1
2017-10-14 01:15:00,0.000832,distillate,MW,nem,NSW1
2017-10-14 01:20:00,0.000832,distillate,MW,nem,NSW1
2017-10-14 01:25:00,0.000832,distillate,MW,nem,NSW1
2017-10-14 01:30:00,-0.00267,distillate,MW,nem,NSW1
2017-10-14 01:35:00,-0.00267,distillate,MW,nem,NSW1
2017-10-14 01:40:00,-0.00267,distillate,MW,nem,NSW1
2017-10-14 01:45:00,-0.00267,distillate,MW,nem,NSW1
2017-10-14 01:50:00,-0.00267,distillate,MW,nem,NSW1
2017-10-14 01:55:00,-0.00267,distillate,MW,nem,NSW1
2017-10-14 02:00:00,-0.00267,distillate,MW,nem,NSW1
2017-10-14 02:05:00,-0.00267,distillate,MW,nem,NSW1
2017-10-14 02:10:00,-0.00267,distillate,MW,nem,NSW1
2017-10-14 02:15:00,0.00029,distillate,MW,nem,NSW1
2017-10-14 02:20:00,0.00029,distillate,MW,nem,NSW1
2017-10-14 02:25:00,0.00029,distillate,MW,nem,NSW1
2017-10-14 02:30:00,0.00029,distillate,MW,nem,NSW1
2017-10-14 02:35:00,0.00029,distillate,MW,nem,NSW1
2017-10-14 02:40:00,0.00029,distillate,MW,nem,NSW1
2017-10-14 02:45:00,0.00029,distillate,MW,nem,NSW1
2017-10-14 02:50:00,0.00029,distillate,MW,nem,NSW1
2017-10-14 02:55:00,0.00029,distillate,MW,nem,NSW1
2017-10-14 03:00:00,0.000412,distillate,MW,nem,NSW1
2017-10-14 03:05:00,0.000412,distillate,MW,nem,NSW1
2017-10-14 03:10:00,0.000412,distillate,MW,nem,NSW1
2017-10-14 03:15:00,0.000412,distillate,MW,nem,NSW1
2017-10-14 03:20:00,0.000412,distillate,MW,nem,NSW1
2017-10-14 03:25:00,0.000412,distillate,MW,nem,NSW1
2017-10-14 03:30:00,0.000412,distillate,MW,nem,NSW1
2017-10-14 03:35:00,0.000412,distillate,MW,nem,NSW1
2017-10-14 03:40:00,0.000412,distillate,MW,nem,NSW1
2017-10-14 03:45:00,0.000916,distillate,MW,nem,NSW1
2017-10-14 03:50:00,0.000916,distillate,MW,nem,NSW1
2017-10-14 03:55:00,0.000916,distillate,MW,nem,NSW1
2017-10-14 04:00:00,0.000916,distillate,MW,nem,NSW1
2017-10-14 04:05:00,0.000916,distillate,MW,nem,NSW1
2017-10-14 04:10:00,0.000916,distillate,MW,nem,NSW1
2017-10-14 04:15:00,0.000916,distillate,MW,nem,NSW1
2017-10-14 04:20:00,0.000916,distillate,MW,nem,NSW1
2017-10-14 04:25:00,0.000916,distillate,MW,nem,NSW1
2017-10-14 04:30:00,-0.00161,distillate,MW,nem,NSW1
2017-10-14 04:35:00,-0.00161,distillate,MW,nem,NSW1
2017-10-14 04:40:00,-0.00161,distillate,MW,nem,NSW1
2017-10-14 04:45:00,-0.00161,distillate,MW,nem,NSW1
2017-10-14 04:50:00,-0.00161,distillate,MW,nem,NSW1
2017-10-14 04:55:00,-0.00161,distillate,MW,nem,NSW1
2017-10-14 05:00:00,-0.00161,distillate,MW,nem,NSW1
2017-10-14 05:05:00,-0.00161,distillate,MW,nem,NSW1
2017-10-14 05:10:00,-0.00161,distillate,MW,nem,NSW1
2017-10-14 05:15:00,-0.002171,distillate,MW,nem,NSW1
2017-10-14 05:20:00,-0.002171,distillate,MW,nem,NSW1
2017-10-14 05:25:00,-0.002171,distillate,MW,nem,NSW1
2017-10-14 05:30:00,-0.002171,distillate,MW,nem,NSW1
2017-10-14 05:35:00,-0.002171,distillate,MW,nem,NSW1
2017-10-14 05:40:00,-0.002171,distillate,MW,nem,NSW1
2017-10-14 05:45:00,-0.002171,distillate,MW,nem,NSW1
2017-10-14 05:50:00,-0.002171,distillate,MW,nem,NSW1
2017-10-14 05:55:00,-0.002171,distillate,MW,nem,NSW1
2017-10-14 06:00:00,-0.002934,distillate,MW,nem,NSW1
2017-10-14 06:05:00,-0.002934,distillate,MW,nem,NSW1
2017-10-14 06:10:00,-0.002934,distillate,MW,nem,NSW1
2017-10-14 06:15:00,-0.002934,distillate,MW,nem,NSW1
2017-10-14 06:20:00,-0.002934,distillate,MW,nem,NSW1
2017-10-14 06:25:00,-0.002934,distillate,MW,nem,NSW1
2017-10-14 06:30:00,-0.002934,distillate,MW,nem,NSW1
2017-10-14 06:35:00,-0.002934,distillate,MW,nem,NSW1
2017-10-14 06:40:00,-0.002934,distillate,MW,nem,NSW1
2017-10-14 06:45:00,-0.003769,distillate,MW,nem,NSW1
2017-10-14 06:50:00,-0.003769,distillate,MW,nem,NSW1
2017-10-14 06:55:00,-0.003769,distillate,MW,nem,NSW1
2017-10-14 07:00:00,-0.003769,distillate,MW,nem,NSW1
2017-10-14 07:05:00,-0.003769,distillate,MW,nem,NSW1
2017-10-14 07:10:00,-0.003769,distillate,MW,nem,NSW1
2017-10-14 07:15:00,-0.003769,distillate,MW,nem,NSW1
2017-10-14 07:20:00,-0.003769,distillate,MW,nem,NSW1
2017-10-14 07:25:00,-0.003769,distillate,MW,nem,NSW1
2017-10-14 07:30:00,-0.003754,distillate,MW,nem,NSW1
2017-10-14 07:35:00,-0.003754,distillate,MW,nem,NSW1
2017-10-14 07:40:00,-0.003754,distillate,MW,nem,NSW1
2017-10-14 07:45:00,-0.003754,distillate,MW,nem,NSW1
2017-10-14 07:50:00,-0.003754,distillate,MW,nem,NSW1
2017-10-14 07:55:00,-0.003754,distillate,MW,nem,NSW1
2017-10-14 08:00:00,-0.003754,distillate,MW,nem,NSW1
2017-10-14 08:05:00,-0.003754,distillate,MW,nem,NSW1
2017-10-14 08:10:00,-0.003754,distillate,MW,nem,NSW1
2017-10-14 08:15:00,-0.0005,distillate,MW,nem,NSW1
2017-10-14 08:20:00,-0.0005,distillate,MW,nem,NSW1
2017-10-14 08:25:00,-0.0005,distillate,MW,nem,NSW1
2017-10-14 08:30:00,-0.0005,distillate,MW,nem,NSW1
2017-10-14 08:35:00,-0.0005,distillate,MW,nem,NSW1
2017-10-14 08:40:00,-0.0005,distillate,MW,nem,NSW1
2017-10-14 08:45:00,-0.0005,distillate,MW,nem,NSW1
2017-10-14 08:50:00,-0.0005,distillate,MW,nem,NSW1
2017-10-14 08:55:00,-0.0005,distillate,MW,nem,NSW1
2017-10-14 09:00:00,-0.000191,distillate,MW,nem,NSW1
2017-10-14 09:05:00,-0.000191,distillate,MW,nem,NSW1
2017-10-14 09:10:00,-0.000191,distillate,MW,nem,NSW1
2017-10-14 09:15:00,-0.000191,distillate,MW,nem,NSW1
2017-10-14 09:20:00,-0.000191,distillate,MW,nem,NSW1
2017-10-14 09:25:00,-0.000191,distillate,MW,nem,NSW1
2017-10-14 09:30:00,-0.000191,distillate,MW,nem,NSW1
2017-10-14 09:35:00,-0.000191,distillate,MW,nem,NSW1
2017-10-14 09:40:00,-0.000191,distillate,MW,nem,NSW1
2017-10-14 09:45:00,0.0009,distillate,MW,nem,NSW1
2017-10-14 09:50:00,0.0009,distillate,MW,nem,NSW1
2017-10-14 09:55:00,0.0009,distillate,MW,nem,NSW1
2017-10-14 10:00:00,0.0009,distillate,MW,nem,NSW1
2017-10-14 10:05:00,0.0009,distillate,MW,nem,NSW1
2017-10-14 10:10:00,0.0009,distillate,MW,nem,NSW1
2017-10-14 10:15:00,0.0009,distillate,MW,nem,NSW1
2017-10-14 10:20:00,0.0009,distillate,MW,nem,NSW1
2017-10-14 10:25:00,0.0009,distillate,MW,nem,NSW1
2017-10-14 10:30:00,0.000343,distillate,MW,nem,NSW1
2017-10-14 10:35:00,0.000343,distillate,MW,nem,NSW1
2017-10-14 10:40:00,0.000343,distillate,MW,nem,NSW1
2017-10-14 10:45:00,0.000343,distillate,MW,nem,NSW1
2017-10-14 10:50:00,0.000343,distillate,MW,nem,NSW1
2017-10-14 10:55:00,0.000343,distillate,MW,nem,NSW1
2017-10-14 11:00:00,0.000343,distillate,MW,nem,NSW1
2017-10-14 11:05:00,0.000343,distillate,MW,nem,NSW1
2017-10-14 11:10:00,0.000343,distillate,MW,nem,NSW1
2017-10-14 11:15:00,-0.000793,distillate,MW,nem,NSW1
2017-10-14 11:20:00,-0.000793,distillate,MW,nem,NSW1
2017-10-14 11:25:00,-0.000793,distillate,MW,nem,NSW1
2017-10-14 11:30:00,-0.000793,distillate,MW,nem,NSW1
2017-10-14 11:35:00,-0.000793,distillate,MW,nem,NSW1
2017-10-14 11:40:00,-0.000793,distillate,MW,nem,NSW1
2017-10-14 11:45:00,-0.000793,distillate,MW,nem,NSW1
2017-10-14 11:50:00,-0.000793,distillate,MW,nem,NSW1
2017-10-14 11:55:00,-0.000793,distillate,MW,nem,NSW1
2017-10-14 12:00:00,-0.000969,distillate,MW,nem,NSW1
2017-10-14 12:05:00,-0.000969,distillate,MW,nem,NSW1
2017-10-14 12:10:00,-0.000969,distillate,MW,nem,NSW1
2017-10-14 12:15:00,-0.000969,distillate,MW,nem,NSW1
2017-10-14 12:20:00,-0.000969,distillate,MW,nem,NSW1
2017-10-14 12:25:00,-0.000969,distillate,MW,nem,NSW1
2017-10-14 12:30:00,-0.000969,distillate,MW,nem,NSW1
2017-10-14 12:35:00,-0.000969,distillate,MW,nem,NSW1
2017-10-14 12:40:00,-0.000969,distillate,MW,nem,NSW1
2017-10-14 12:45:00,-0.000854,distillate,MW,nem,NSW1
2017-10-14 12:50:00,-0.000854,distillate,MW,nem,NSW1
2017-10-14 12:55:00,-0.000854,distillate,MW,nem,NSW1
2017-10-14 13:00:00,-0.000854,distillate,MW,nem,NSW1
2017-10-14 13:05:00,-0.000854,distillate,MW,nem,NSW1
2017-10-14 13:10:00,-0.000854,distillate,MW,nem,NSW1
2017-10-14 13:15:00,-0.000854,distillate,MW,nem,NSW1
2017-10-14 13:20:00,-0.000854,distillate,MW,nem,NSW1
2017-10-14 13:25:00,-0.000854,distillate,MW,nem,NSW1
2017-10-14 13:30:00,-0.001755,distillate,MW,nem,NSW1
2017-10-14 13:35:00,-0.001755,distillate,MW,nem,NSW1
2017-10-14 13:40:00,-0.001755,distillate,MW,nem,NSW1
2017-10-14 13:45:00,-0.001755,distillate,MW,nem,NSW1
2017-10-14 13:50:00,-0.001755,distillate,MW,nem,NSW1
2017-10-14 13:55:00,-0.001755,distillate,MW,nem,NSW1
2017-10-14 14:00:00,-0.001755,distillate,MW,nem,NSW1
2017-10-14 14:05:00,-0.001755,distillate,MW,nem,NSW1
2017-10-14 14:10:00,-0.001755,distillate,MW,nem,NSW1
2017-10-14 14:15:00,-0.00399,distillate,MW,nem,NSW1
2017-10-14 14:20:00,-0.00399,distillate,MW,nem,NSW1
2017-10-14 14:25:00,-0.00399,distillate,MW,nem,NSW1
2017-10-14 14:30:00,-0.00399,distillate,MW,nem,NSW1
2017-10-14 14:35:00,-0.00399,distillate,MW,nem,NSW1
2017-10-14 14:40:00,-0.00399,distillate,MW,nem,NSW1
2017-10-14 14:45:00,-0.00399,distillate,MW,nem,NSW1
2017-10-14 14:50:00,-0.00399,distillate,MW,nem,NSW1
2017-10-14 14:55:00,-0.00399,distillate,MW,nem,NSW1
2017-10-14 15:00:00,-0.004902,distillate,MW,nem,NSW1
2017-10-14 15:05:00,-0.004902,distillate,MW,nem,NSW1
2017-10-14 15:10:00,-0.004902,distillate,MW,nem,NSW1
2017-10-14 15:15:00,-0.004902,distillate,MW,nem,NSW1
2017-10-14 15:20:00,-0.004902,distillate,MW,nem,NSW1
2017-10-14 15:25:00,-0.004902,distillate,MW,nem,NSW1
2017-10-14 15:30:00,-0.004902,distillate,MW,nem,NSW1
2017-10-14 15:35:00,-0.004902,distillate,MW,nem,NSW1
2017-10-14 15:40:00,-0.004902,distillate,MW,nem,NSW1
2017-10-14 15:45:00,-0.003792,distillate,MW,nem,NSW1
2017-10-14 15:50:00,-0.003792,distillate,MW,nem,NSW1
2017-10-14 15:55:00,-0.003792,distillate,MW,nem,NSW1
2017-10-14 16:00:00,-0.003792,distillate,MW,nem,NSW1
2017-10-14 16:05:00,-0.003792,distillate,MW,nem,NSW1
2017-10-14 16:10:00,-0.003792,distillate,MW,nem,NSW1
2017-10-14 16:15:00,-0.003792,distillate,MW,nem,NSW1
2017-10-14 16:20:00,-0.003792,distillate,MW,nem,NSW1
2017-10-14 16:25:00,-0.003792,distillate,MW,nem,NSW1
2017-10-14 16:30:00,-0.005501,distillate,MW,nem,NSW1
2017-10-14 16:35:00,-0.005501,distillate,MW,nem,NSW1
2017-10-14 16:40:00,-0.005501,distillate,MW,nem,NSW1
2017-10-14 16:45:00,-0.005501,distillate,MW,nem,NSW1
2017-10-14 16:50:00,-0.005501,distillate,MW,nem,NSW1
2017-10-14 16:55:00,-0.005501,distillate,MW,nem,NSW1
2017-10-14 17:00:00,-0.005501,distillate,MW,nem,NSW1
2017-10-14 17:05:00,-0.005501,distillate,MW,nem,NSW1
2017-10-14 17:10:00,-0.005501,distillate,MW,nem,NSW1
2017-10-14 17:15:00,-0.007473,distillate,MW,nem,NSW1
2017-10-14 17:20:00,-0.007473,distillate,MW,nem,NSW1
2017-10-14 17:25:00,-0.007473,distillate,MW,nem,NSW1
2017-10-14 17:30:00,-0.007473,distillate,MW,nem,NSW1
2017-10-14 17:35:00,-0.007473,distillate,MW,nem,NSW1
2017-10-14 17:40:00,-0.007473,distillate,MW,nem,NSW1
2017-10-14 17:45:00,-0.007473,distillate,MW,nem,NSW1
2017-10-14 17:50:00,-0.007473,distillate,MW,nem,NSW1
2017-10-14 17:55:00,-0.007473,distillate,MW,nem,NSW1
2017-10-14 18:00:00,-0.003311,distillate,MW,nem,NSW1
2017-10-14 18:05:00,-0.003311,distillate,MW,nem,NSW1
2017-10-14 18:10:00,-0.003311,distillate,MW,nem,NSW1
2017-10-14 18:15:00,-0.003311,distillate,MW,nem,NSW1
2017-10-14 18:20:00,-0.003311,distillate,MW,nem,NSW1
2017-10-14 18:25:00,-0.003311,distillate,MW,nem,NSW1
2017-10-14 18:30:00,-0.003311,distillate,MW,nem,NSW1
2017-10-14 18:35:00,-0.003311,distillate,MW,nem,NSW1
2017-10-14 18:40:00,-0.003311,distillate,MW,nem,NSW1
2017-10-14 18:45:00,-0.004326,distillate,MW,nem,NSW1
2017-10-14 18:50:00,-0.004326,distillate,MW,nem,NSW1
2017-10-14 18:55:00,-0.004326,distillate,MW,nem,NSW1
2017-10-14 19:00:00,-0.004326,distillate,MW,nem,NSW1
2017-10-14 19:05:00,-0.004326,distillate,MW,nem,NSW1
2017-10-14 19:10:00,-0.004326,distillate,MW,nem,NSW1
2017-10-14 19:15:00,-0.004326,distillate,MW,nem,NSW1
2017-10-14 19:20:00,-0.004326,distillate,MW,nem,NSW1
2017-10-14 19:25:00,-0.004326,distillate,MW,nem,NSW1
2017-10-14 19:30:00,-0.004124,distillate,MW,nem,NSW1
2017-10-14 19:35:00,-0.004124,distillate,MW,nem,NSW1
2017-10-14 19:40:00,-0.004124,distillate,MW,nem,NSW1
2017-10-14 19:45:00,-0.004124,distillate,MW,nem,NSW1
2017-10-14 19:50:00,-0.004124,distillate,MW,nem,NSW1
2017-10-14 19:55:00,-0.004124,distillate,MW,nem,NSW1
2017-10-14 20:00:00,-0.004124,distillate,MW,nem,NSW1
2017-10-14 20:05:00,-0.004124,distillate,MW,nem,NSW1
2017-10-14 20:10:00,-0.004124,distillate,MW,nem,NSW1
2017-10-14 20:15:00,-0.004761,distillate,MW,nem,NSW1
2017-10-14 20:20:00,-0.004761,distillate,MW,nem,NSW1
2017-10-14 20:25:00,-0.004761,distillate,MW,nem,NSW1
2017-10-14 20:30:00,-0.004761,distillate,MW,nem,NSW1
2017-10-14 20:35:00,-0.004761,distillate,MW,nem,NSW1
2017-10-14 20:40:00,-0.004761,distillate,MW,nem,NSW1
2017-10-14 20:45:00,-0.004761,distillate,MW,nem,NSW1
2017-10-14 20:50:00,-0.004761,distillate,MW,nem,NSW1
2017-10-14 20:55:00,-0.004761,distillate,MW,nem,NSW1
2017-10-14 21:00:00,-0.004486,distillate,MW,nem,NSW1
2017-10-14 21:05:00,-0.004486,distillate,MW,nem,NSW1
2017-10-14 21:10:00,-0.004486,distillate,MW,nem,NSW1
2017-10-14 21:15:00,-0.004486,distillate,MW,nem,NSW1
2017-10-14 21:20:00,-0.004486,distillate,MW,nem,NSW1
2017-10-14 21:25:00,-0.004486,distillate,MW,nem,NSW1
2017-10-14 21:30:00,-0.004486,distillate,MW,nem,NSW1
2017-10-14 21:35:00,-0.004486,distillate,MW,nem,NSW1
2017-10-14 21:40:00,-0.004486,distillate,MW,nem,NSW1
2017-10-14 21:45:00,-0.003147,distillate,MW,nem,NSW1
2017-10-14 21:50:00,-0.003147,distillate,MW,nem,NSW1
2017-10-14 21:55:00,-0.003147,distillate,MW,nem,NSW1
2017-10-14 22:00:00,-0.003147,distillate,MW,nem,NSW1
2017-10-14 22:05:00,-0.003147,distillate,MW,nem,NSW1
2017-10-14 22:10:00,-0.003147,distillate,MW,nem,NSW1
2017-10-14 22:15:00,-0.003147,distillate,MW,nem,NSW1
2017-10-14 22:20:00,-0.003147,distillate,MW,nem,NSW1
2017-10-14 22:25:00,-0.003147,distillate,MW,nem,NSW1
2017-10-14 22:30:00,-0.004967,distillate,MW,nem,NSW1
2017-10-14 22:35:00,-0.004967,distillate,MW,nem,NSW1
2017-10-14 22:40:00,-0.004967,distillate,MW,nem,NSW1
2017-10-14 22:45:00,-0.004967,distillate,MW,nem,NSW1
2017-10-14 22:50:00,-0.004967,distillate,MW,nem,NSW1
2017-10-14 22:55:00,-0.004967,distillate,MW,nem,NSW1
2017-10-14 23:00:00,-0.004967,distillate,MW,nem,NSW1
2017-10-14 23:05:00,-0.004967,distillate,MW,nem,NSW1
2017-10-14 23:10:00,-0.004967,distillate,MW,nem,NSW1
2017-10-14 23:15:00,-0.001732,distillate,MW,nem,NSW1
2017-10-14 23:20:00,-0.001732,distillate,MW,nem,NSW1
2017-10-14 23:25:00,-0.001732,distillate,MW,nem,NSW1
2017-10-14 23:30:00,-0.001732,distillate,MW,nem,NSW1
2017-10-14 23:35:00,-0.001732,distillate,MW,nem,NSW1
2017-10-14 23:40:00,-0.001732,distillate,MW,nem,NSW1
2017-10-14 23:45:00,-0.001732,distillate,MW,nem,NSW1
2017-10-14 23:50:00,-0.001732,distillate,MW,nem,NSW1
2017-10-14 23:55:00,-0.001732,distillate,MW,nem,NSW1
2017-10-15 00:00:00,-0.002705,distillate,MW,nem,NSW1
2017-10-15 00:05:00,-0.002705,distillate,MW,nem,NSW1
2017-10-15 00:10:00,-0.002705,distillate,MW,nem,NSW1
2017-10-15 00:15:00,-0.002705,distillate,MW,nem,NSW1
2017-10-15 00:20:00,-0.002705,distillate,MW,nem,NSW1
2017-10-15 00:25:00,-0.002705,distillate,MW,nem,NSW1
2017-10-15 00:30:00,-0.002705,distillate,MW,nem,NSW1
2017-10-15 00:35:00,-0.002705,distillate,MW,nem,NSW1
2017-10-15 00:40:00,-0.002705,distillate,MW,nem,NSW1
2017-10-15 00:45:00,-0.001526,distillate,MW,nem,NSW1
2017-10-15 00:50:00,-0.001526,distillate,MW,nem,NSW1
2017-10-15 00:55:00,-0.001526,distillate,MW,nem,NSW1
2017-10-15 01:00:00,-0.001526,distillate,MW,nem,NSW1
2017-10-15 01:05:00,-0.001526,distillate,MW,nem,NSW1
2017-10-15 01:10:00,-0.001526,distillate,MW,nem,NSW1
2017-10-15 01:15:00,-0.001526,distillate,MW,nem,NSW1
2017-10-15 01:20:00,-0.001526,distillate,MW,nem,NSW1
2017-10-15 01:25:00,-0.001526,distillate,MW,nem,NSW1
2017-10-15 01:30:00,-9.2e-05,distillate,MW,nem,NSW1
2017-10-15 01:35:00,-9.2e-05,distillate,MW,nem,NSW1
2017-10-15 01:40:00,-9.2e-05,distillate,MW,nem,NSW1
2017-10-15 01:45:00,-9.2e-05,distillate,MW,nem,NSW1
2017-10-15 01:50:00,-9.2e-05,distillate,MW,nem,NSW1
2017-10-15 01:55:00,-9.2e-05,distillate,MW,nem,NSW1
2017-10-15 02:00:00,-9.2e-05,distillate,MW,nem,NSW1
2017-10-15 02:05:00,-9.2e-05,distillate,MW,nem,NSW1
2017-10-15 02:10:00,-9.2e-05,distillate,MW,nem,NSW1
2017-10-15 02:15:00,0.000111,distillate,MW,nem,NSW1
2017-10-15 02:20:00,0.000111,distillate,MW,nem,NSW1
2017-10-15 02:25:00,0.000111,distillate,MW,nem,NSW1
2017-10-15 02:30:00,0.000111,distillate,MW,nem,NSW1
2017-10-15 02:35:00,0.000111,distillate,MW,nem,NSW1
2017-10-15 02:40:00,0.000111,distillate,MW,nem,NSW1
2017-10-15 02:45:00,0.000111,distillate,MW,nem,NSW1
2017-10-15 02:50:00,0.000111,distillate,MW,nem,NSW1
2017-10-15 02:55:00,0.000111,distillate,MW,nem,NSW1
2017-10-15 03:00:00,-0.000721,distillate,MW,nem,NSW1
2017-10-15 03:05:00,-0.000721,distillate,MW,nem,NSW1
2017-10-15 03:10:00,-0.000721,distillate,MW,nem,NSW1
2017-10-15 03:15:00,-0.000721,distillate,MW,nem,NSW1
2017-10-15 03:20:00,-0.000721,distillate,MW,nem,NSW1
2017-10-15 03:25:00,-0.000721,distillate,MW,nem,NSW1
2017-10-15 03:30:00,-0.000721,distillate,MW,nem,NSW1
2017-10-15 03:35:00,-0.000721,distillate,MW,nem,NSW1
2017-10-15 03:40:00,-0.000721,distillate,MW,nem,NSW1
2017-10-15 03:45:00,0.002445,distillate,MW,nem,NSW1
2017-10-15 03:50:00,0.002445,distillate,MW,nem,NSW1
2017-10-15 03:55:00,0.002445,distillate,MW,nem,NSW1
2017-10-15 04:00:00,0.002445,distillate,MW,nem,NSW1
2017-10-15 04:05:00,0.002445,distillate,MW,nem,NSW1
2017-10-15 04:10:00,0.002445,distillate,MW,nem,NSW1
2017-10-15 04:15:00,0.002445,distillate,MW,nem,NSW1
2017-10-15 04:20:00,0.002445,distillate,MW,nem,NSW1
2017-10-15 04:25:00,0.002445,distillate,MW,nem,NSW1
2017-10-15 04:30:00,0.002426,distillate,MW,nem,NSW1
2017-10-15 04:35:00,0.002426,distillate,MW,nem,NSW1
2017-10-15 04:40:00,0.002426,distillate,MW,nem,NSW1
2017-10-15 04:45:00,0.002426,distillate,MW,nem,NSW1
2017-10-15 04:50:00,0.002426,distillate,MW,nem,NSW1
2017-10-15 04:55:00,0.002426,distillate,MW,nem,NSW1
2017-10-15 05:00:00,0.002426,distillate,MW,nem,NSW1
2017-10-15 05:05:00,0.002426,distillate,MW,nem,NSW1
2017-10-15 05:10:00,0.002426,distillate,MW,nem,NSW1
2017-10-15 05:15:00,0.000706,distillate,MW,nem,NSW1
2017-10-15 05:20:00,0.000706,distillate,MW,nem,NSW1
2017-10-15 05:25:00,0.000706,distillate,MW,nem,NSW1
2017-10-15 05:30:00,0.000706,distillate,MW,nem,NSW1
2017-10-15 05:35:00,0.000706,distillate,MW,nem,NSW1
2017-10-15 05:40:00,0.000706,distillate,MW,nem,NSW1
2017-10-15 05:45:00,0.000706,distillate,MW,nem,NSW1
2017-10-15 05:50:00,0.000706,distillate,MW,nem,NSW1
2017-10-15 05:55:00,0.000706,distillate,MW,nem,NSW1
2017-10-15 06:00:00,0.000729,distillate,MW,nem,NSW1
2017-10-15 06:05:00,0.000729,distillate,MW,nem,NSW1
2017-10-15 06:10:00,0.000729,distillate,MW,nem,NSW1
2017-10-15 06:15:00,0.000729,distillate,MW,nem,NSW1
2017-10-15 06:20:00,0.000729,distillate,MW,nem,NSW1
2017-10-15 06:25:00,0.000729,distillate,MW,nem,NSW1
2017-10-15 06:30:00,0.000729,distillate,MW,nem,NSW1
2017-10-15 06:35:00,0.000729,distillate,MW,nem,NSW1
2017-10-15 06:40:00,0.000729,distillate,MW,nem,NSW1
2017-10-15 06:45:00,0.000801,distillate,MW,nem,NSW1
2017-10-15 06:50:00,0.000801,distillate,MW,nem,NSW1
2017-10-15 06:55:00,0.000801,distillate,MW,nem,NSW1
2017-10-15 07:00:00,0.000801,distillate,MW,nem,NSW1
2017-10-15 07:05:00,0.000801,distillate,MW,nem,NSW1
2017-10-15 07:10:00,0.000801,distillate,MW,nem,NSW1
2017-10-15 07:15:00,0.000801,distillate,MW,nem,NSW1
2017-10-15 07:20:00,0.000801,distillate,MW,nem,NSW1
2017-10-15 07:25:00,0.000801,distillate,MW,nem,NSW1
2017-10-15 07:30:00,-0.001301,distillate,MW,nem,NSW1
2017-10-15 07:35:00,-0.001301,distillate,MW,nem,NSW1
2017-10-15 07:40:00,-0.001301,distillate,MW,nem,NSW1
2017-10-15 07:45:00,-0.001301,distillate,MW,nem,NSW1
2017-10-15 07:50:00,-0.001301,distillate,MW,nem,NSW1
2017-10-15 07:55:00,-0.001301,distillate,MW,nem,NSW1
2017-10-15 08:00:00,-0.001301,distillate,MW,nem,NSW1
2017-10-15 08:05:00,-0.001301,distillate,MW,nem,NSW1
2017-10-15 08:10:00,-0.001301,distillate,MW,nem,NSW1
2017-10-15 08:15:00,-0.001503,distillate,MW,nem,NSW1
2017-10-15 08:20:00,-0.001503,distillate,MW,nem,NSW1
2017-10-15 08:25:00,-0.001503,distillate,MW,nem,NSW1
2017-10-15 08:30:00,-0.001503,distillate,MW,nem,NSW1
2017-10-15 08:35:00,-0.001503,distillate,MW,nem,NSW1
2017-10-15 08:40:00,-0.001503,distillate,MW,nem,NSW1
2017-10-15 08:45:00,-0.001503,distillate,MW,nem,NSW1
2017-10-15 08:50:00,-0.001503,distillate,MW,nem,NSW1
2017-10-15 08:55:00,-0.001503,distillate,MW,nem,NSW1
2017-10-15 09:00:00,-0.002441,distillate,MW,nem,NSW1
2017-10-15 09:05:00,-0.002441,distillate,MW,nem,NSW1
2017-10-15 09:10:00,-0.002441,distillate,MW,nem,NSW1
2017-10-15 09:15:00,-0.002441,distillate,MW,nem,NSW1
2017-10-15 09:20:00,-0.002441,distillate,MW,nem,NSW1
2017-10-15 09:25:00,-0.002441,distillate,MW,nem,NSW1
2017-10-15 09:30:00,-0.002441,distillate,MW,nem,NSW1
2017-10-15 09:35:00,-0.002441,distillate,MW,nem,NSW1
2017-10-15 09:40:00,-0.002441,distillate,MW,nem,NSW1
2017-10-15 09:45:00,-0.000477,distillate,MW,nem,NSW1
2017-10-15 09:50:00,-0.000477,distillate,MW,nem,NSW1
2017-10-15 09:55:00,-0.000477,distillate,MW,nem,NSW1
2017-10-15 10:00:00,-0.000477,distillate,MW,nem,NSW1
2017-10-15 10:05:00,-0.000477,distillate,MW,nem,NSW1
2017-10-15 10:10:00,-0.000477,distillate,MW,nem,NSW1
2017-10-15 10:15:00,-0.000477,distillate,MW,nem,NSW1
2017-10-15 10:20:00,-0.000477,distillate,MW,nem,NSW1
2017-10-15 10:25:00,-0.000477,distillate,MW,nem,NSW1
2017-10-15 10:30:00,-0.002663,distillate,MW,nem,NSW1
2017-10-15 10:35:00,-0.002663,distillate,MW,nem,NSW1
2017-10-15 10:40:00,-0.002663,distillate,MW,nem,NSW1
2017-10-15 10:45:00,-0.002663,distillate,MW,nem,NSW1
2017-10-15 10:50:00,-0.002663,distillate,MW,nem,NSW1
2017-10-15 10:55:00,-0.002663,distillate,MW,nem,NSW1
2017-10-15 11:00:00,-0.002663,distillate,MW,nem,NSW1
2017-10-15 11:05:00,-0.002663,distillate,MW,nem,NSW1
2017-10-15 11:10:00,-0.002663,distillate,MW,nem,NSW1
2017-10-15 11:15:00,0.001305,distillate,MW,nem,NSW1
2017-10-15 11:20:00,0.001305,distillate,MW,nem,NSW1
2017-10-15 11:25:00,0.001305,distillate,MW,nem,NSW1
2017-10-15 11:30:00,0.001305,distillate,MW,nem,NSW1
2017-10-15 11:35:00,0.001305,distillate,MW,nem,NSW1
2017-10-15 11:40:00,0.001305,distillate,MW,nem,NSW1
2017-10-15 11:45:00,0.001305,distillate,MW,nem,NSW1
2017-10-15 11:50:00,0.001305,distillate,MW,nem,NSW1
2017-10-15 11:55:00,0.001305,distillate,MW,nem,NSW1
2017-10-15 12:00:00,0.000347,distillate,MW,nem,NSW1
2017-10-15 12:05:00,0.000347,distillate,MW,nem,NSW1
2017-10-15 12:10:00,0.000347,distillate,MW,nem,NSW1
2017-10-15 12:15:00,0.000347,distillate,MW,nem,NSW1
2017-10-15 12:20:00,0.000347,distillate,MW,nem,NSW1
2017-10-15 12:25:00,0.000347,distillate,MW,nem,NSW1
2017-10-15 12:30:00,0.000347,distillate,MW,nem,NSW1
2017-10-15 12:35:00,0.000347,distillate,MW,nem,NSW1
2017-10-15 12:40:00,0.000347,distillate,MW,nem,NSW1
2017-10-15 12:45:00,-0.00103,distillate,MW,nem,NSW1
2017-10-15 12:50:00,-0.00103,distillate,MW,nem,NSW1
2017-10-15 12:55:00,-0.00103,distillate,MW,nem,NSW1
2017-10-15 13:00:00,-0.00103,distillate,MW,nem,NSW1
2017-10-15 13:05:00,-0.00103,distillate,MW,nem,NSW1
2017-10-15 13:10:00,-0.00103,distillate,MW,nem,NSW1
2017-10-15 13:15:00,-0.00103,distillate,MW,nem,NSW1
2017-10-15 13:20:00,-0.00103,distillate,MW,nem,NSW1
2017-10-15 13:25:00,-0.00103,distillate,MW,nem,NSW1
2017-10-15 13:30:00,-0.000881,distillate,MW,nem,NSW1
2017-10-15 13:35:00,-0.000881,distillate,MW,nem,NSW1
2017-10-15 13:40:00,-0.000881,distillate,MW,nem,NSW1
2017-10-15 13:45:00,-0.000881,distillate,MW,nem,NSW1
2017-10-15 13:50:00,-0.000881,distillate,MW,nem,NSW1
2017-10-15 13:55:00,-0.000881,distillate,MW,nem,NSW1
2017-10-15 14:00:00,-0.000881,distillate,MW,nem,NSW1
2017-10-15 14:05:00,-0.000881,distillate,MW,nem,NSW1
2017-10-15 14:10:00,-0.000881,distillate,MW,nem,NSW1
2017-10-15 14:15:00,0.000664,distillate,MW,nem,NSW1
2017-10-15 14:20:00,0.000664,distillate,MW,nem,NSW1
2017-10-15 14:25:00,0.000664,distillate,MW,nem,NSW1
2017-10-15 14:30:00,0.000664,distillate,MW,nem,NSW1
2017-10-15 14:35:00,0.000664,distillate,MW,nem,NSW1
2017-10-15 14:40:00,0.000664,distillate,MW,nem,NSW1
2017-10-15 14:45:00,0.000664,distillate,MW,nem,NSW1
2017-10-15 14:50:00,0.000664,distillate,MW,nem,NSW1
2017-10-15 14:55:00,0.000664,distillate,MW,nem,NSW1
2017-10-15 15:00:00,-0.000839,distillate,MW,nem,NSW1
2017-10-15 15:05:00,-0.000839,distillate,MW,nem,NSW1
2017-10-15 15:10:00,-0.000839,distillate,MW,nem,NSW1
2017-10-15 15:15:00,-0.000839,distillate,MW,nem,NSW1
2017-10-15 15:20:00,-0.000839,distillate,MW,nem,NSW1
2017-10-15 15:25:00,-0.000839,distillate,MW,nem,NSW1
2017-10-15 15:30:00,-0.000839,distillate,MW,nem,NSW1
2017-10-15 15:35:00,-0.000839,distillate,MW,nem,NSW1
2017-10-15 15:40:00,-0.000839,distillate,MW,nem,NSW1
2017-10-15 15:45:00,-0.000835,distillate,MW,nem,NSW1
2017-10-15 15:50:00,-0.000835,distillate,MW,nem,NSW1
2017-10-15 15:55:00,-0.000835,distillate,MW,nem,NSW1
2017-10-15 16:00:00,-0.000835,distillate,MW,nem,NSW1
2017-10-15 16:05:00,-0.000835,distillate,MW,nem,NSW1
2017-10-15 16:10:00,-0.000835,distillate,MW,nem,NSW1
2017-10-15 16:15:00,-0.000835,distillate,MW,nem,NSW1
2017-10-15 16:20:00,-0.000835,distillate,MW,nem,NSW1
2017-10-15 16:25:00,-0.000835,distillate,MW,nem,NSW1
2017-10-15 16:30:00,0.001987,distillate,MW,nem,NSW1
2017-10-15 16:35:00,0.001987,distillate,MW,nem,NSW1
2017-10-15 16:40:00,0.001987,distillate,MW,nem,NSW1
2017-10-15 16:45:00,0.001987,distillate,MW,nem,NSW1
2017-10-15 16:50:00,0.001987,distillate,MW,nem,NSW1
2017-10-15 16:55:00,0.001987,distillate,MW,nem,NSW1
2017-10-15 17:00:00,0.001987,distillate,MW,nem,NSW1
2017-10-15 17:05:00,0.001987,distillate,MW,nem,NSW1
2017-10-15 17:10:00,0.001987,distillate,MW,nem,NSW1
2017-10-15 17:15:00,0.002083,distillate,MW,nem,NSW1
2017-10-15 17:20:00,0.002083,distillate,MW,nem,NSW1
2017-10-15 17:25:00,0.002083,distillate,MW,nem,NSW1
2017-10-15 17:30:00,0.002083,distillate,MW,nem,NSW1
2017-10-15 17:35:00,0.002083,distillate,MW,nem,NSW1
2017-10-15 17:40:00,0.002083,distillate,MW,nem,NSW1
2017-10-15 17:45:00,0.002083,distillate,MW,nem,NSW1
2017-10-15 17:50:00,0.002083,distillate,MW,nem,NSW1
2017-10-15 17:55:00,0.002083,distillate,MW,nem,NSW1
2017-10-15 18:00:00,0.00082,distillate,MW,nem,NSW1
2017-10-15 18:05:00,0.00082,distillate,MW,nem,NSW1
2017-10-15 18:10:00,0.00082,distillate,MW,nem,NSW1
2017-10-15 18:15:00,0.00082,distillate,MW,nem,NSW1
2017-10-15 18:20:00,0.00082,distillate,MW,nem,NSW1
2017-10-15 18:25:00,0.00082,distillate,MW,nem,NSW1
2017-10-15 18:30:00,0.00082,distillate,MW,nem,NSW1
2017-10-15 18:35:00,0.00082,distillate,MW,nem,NSW1
2017-10-15 18:40:00,0.00082,distillate,MW,nem,NSW1
2017-10-15 18:45:00,0.001102,distillate,MW,nem,NSW1
2017-10-15 18:50:00,0.001102,distillate,MW,nem,NSW1
2017-10-15 18:55:00,0.001102,distillate,MW,nem,NSW1
2017-10-15 19:00:00,0.001102,distillate,MW,nem,NSW1
2017-10-15 19:05:00,0.001102,distillate,MW,nem,NSW1
2017-10-15 19:10:00,0.001102,distillate,MW,nem,NSW1
2017-10-15 19:15:00,0.001102,distillate,MW,nem,NSW1
2017-10-15 19:20:00,0.001102,distillate,MW,nem,NSW1
2017-10-15 19:25:00,0.001102,distillate,MW,nem,NSW1
2017-10-15 19:30:00,-0.001572,distillate,MW,nem,NSW1
2017-10-15 19:35:00,-0.001572,distillate,MW,nem,NSW1
2017-10-15 19:40:00,-0.001572,distillate,MW,nem,NSW1
2017-10-15 19:45:00,-0.001572,distillate,MW,nem,NSW1
2017-10-15 19:50:00,-0.001572,distillate,MW,nem,NSW1
2017-10-15 19:55:00,-0.001572,distillate,MW,nem,NSW1
2017-10-15 20:00:00,-0.001572,distillate,MW,nem,NSW1
2017-10-15 20:05:00,-0.001572,distillate,MW,nem,NSW1
2017-10-15 20:10:00,-0.001572,distillate,MW,nem,NSW1
2017-10-15 20:15:00,-0.002983,distillate,MW,nem,NSW1
2017-10-15 20:20:00,-0.002983,distillate,MW,nem,NSW1
2017-10-15 20:25:00,-0.002983,distillate,MW,nem,NSW1
2017-10-15 20:30:00,-0.002983,distillate,MW,nem,NSW1
2017-10-15 20:35:00,-0.002983,distillate,MW,nem,NSW1
2017-10-15 20:40:00,-0.002983,distillate,MW,nem,NSW1
2017-10-15 20:45:00,-0.002983,distillate,MW,nem,NSW1
2017-10-15 20:50:00,-0.002983,distillate,MW,nem,NSW1
2017-10-15 20:55:00,-0.002983,distillate,MW,nem,NSW1
2017-10-15 21:00:00,-0.001526,distillate,MW,nem,NSW1
2017-10-15 21:05:00,-0.001526,distillate,MW,nem,NSW1
2017-10-15 21:10:00,-0.001526,distillate,MW,nem,NSW1
2017-10-15 21:15:00,-0.001526,distillate,MW,nem,NSW1
2017-10-15 21:20:00,-0.001526,distillate,MW,nem,NSW1
2017-10-15 21:25:00,-0.001526,distillate,MW,nem,NSW1
2017-10-15 21:30:00,-0.001526,distillate,MW,nem,NSW1
2017-10-15 21:35:00,-0.001526,distillate,MW,nem,NSW1
2017-10-15 21:40:00,-0.001526,distillate,MW,nem,NSW1
2017-10-15 21:45:00,-0.005882,distillate,MW,nem,NSW1
2017-10-15 21:50:00,-0.005882,distillate,MW,nem,NSW1
2017-10-15 21:55:00,-0.005882,distillate,MW,nem,NSW1
2017-10-15 22:00:00,-0.005882,distillate,MW,nem,NSW1
2017-10-15 22:05:00,-0.005882,distillate,MW,nem,NSW1
2017-10-15 22:10:00,-0.005882,distillate,MW,nem,NSW1
2017-10-15 22:15:00,-0.005882,distillate,MW,nem,NSW1
2017-10-15 22:20:00,-0.005882,distillate,MW,nem,NSW1
2017-10-15 22:25:00,-0.005882,distillate,MW,nem,NSW1
2017-10-15 22:30:00,-0.005756,distillate,MW,nem,NSW1
2017-10-15 22:35:00,-0.005756,distillate,MW,nem,NSW1
2017-10-15 22:40:00,-0.005756,distillate,MW,nem,NSW1
2017-10-15 22:45:00,-0.005756,distillate,MW,nem,NSW1
2017-10-15 22:50:00,-0.005756,distillate,MW,nem,NSW1
2017-10-15 22:55:00,-0.005756,distillate,MW,nem,NSW1
2017-10-15 23:00:00,-0.005756,distillate,MW,nem,NSW1
2017-10-15 23:05:00,-0.005756,distillate,MW,nem,NSW1
2017-10-15 23:10:00,-0.005756,distillate,MW,nem,NSW1
2017-10-15 23:15:00,-0.00547,distillate,MW,nem,NSW1
2017-10-15 23:20:00,-0.00547,distillate,MW,nem,NSW1
2017-10-15 23:25:00,-0.00547,distillate,MW,nem,NSW1
2017-10-15 23:30:00,-0.00547,distillate,MW,nem,NSW1
2017-10-15 23:35:00,-0.00547,distillate,MW,nem,NSW1
2017-10-15 23:40:00,-0.00547,distillate,MW,nem,NSW1
2017-10-15 23:45:00,-0.00547,distillate,MW,nem,NSW1
2017-10-15 23:50:00,-0.00547,distillate,MW,nem,NSW1
2017-10-15 23:55:00,-0.00547,distillate,MW,nem,NSW1
2017-10-16 00:00:00,-0.007538,distillate,MW,nem,NSW1
2017-10-16 00:05:00,-0.007538,distillate,MW,nem,NSW1
2017-10-16 00:10:00,-0.007538,distillate,MW,nem,NSW1
2017-10-16 00:15:00,-0.007538,distillate,MW,nem,NSW1
2017-10-16 00:20:00,-0.007538,distillate,MW,nem,NSW1
2017-10-16 00:25:00,-0.007538,distillate,MW,nem,NSW1
2017-10-16 00:30:00,-0.007538,distillate,MW,nem,NSW1
2017-10-16 00:35:00,-0.007538,distillate,MW,nem,NSW1
2017-10-16 00:40:00,-0.007538,distillate,MW,nem,NSW1
2017-10-16 00:45:00,-0.003342,distillate,MW,nem,NSW1
2017-10-16 00:50:00,-0.003342,distillate,MW,nem,NSW1
2017-10-16 00:55:00,-0.003342,distillate,MW,nem,NSW1
2017-10-16 01:00:00,-0.003342,distillate,MW,nem,NSW1
2017-10-16 01:05:00,-0.003342,distillate,MW,nem,NSW1
2017-10-16 01:10:00,-0.003342,distillate,MW,nem,NSW1
2017-10-16 01:15:00,-0.003342,distillate,MW,nem,NSW1
2017-10-16 01:20:00,-0.003342,distillate,MW,nem,NSW1
2017-10-16 01:25:00,-0.003342,distillate,MW,nem,NSW1
2017-10-16 01:30:00,-0.007202,distillate,MW,nem,NSW1
2017-10-16 01:35:00,-0.007202,distillate,MW,nem,NSW1
2017-10-16 01:40:00,-0.007202,distillate,MW,nem,NSW1
2017-10-16 01:45:00,-0.007202,distillate,MW,nem,NSW1
2017-10-16 01:50:00,-0.007202,distillate,MW,nem,NSW1
2017-10-16 01:55:00,-0.007202,distillate,MW,nem,NSW1
2017-10-16 02:00:00,-0.007202,distillate,MW,nem,NSW1
2017-10-16 02:05:00,-0.007202,distillate,MW,nem,NSW1
2017-10-16 02:10:00,-0.007202,distillate,MW,nem,NSW1
2017-10-16 02:15:00,-0.004333,distillate,MW,nem,NSW1
2017-10-16 02:20:00,-0.004333,distillate,MW,nem,NSW1
2017-10-16 02:25:00,-0.004333,distillate,MW,nem,NSW1
2017-10-16 02:30:00,-0.004333,distillate,MW,nem,NSW1
2017-10-16 02:35:00,-0.004333,distillate,MW,nem,NSW1
2017-10-16 02:40:00,-0.004333,distillate,MW,nem,NSW1
2017-10-16 02:45:00,-0.004333,distillate,MW,nem,NSW1
2017-10-16 02:50:00,-0.004333,distillate,MW,nem,NSW1
2017-10-16 02:55:00,-0.004333,distillate,MW,nem,NSW1
2017-10-16 03:00:00,-0.006897,distillate,MW,nem,NSW1
2017-10-16 03:05:00,-0.006897,distillate,MW,nem,NSW1
2017-10-16 03:10:00,-0.006897,distillate,MW,nem,NSW1
2017-10-16 03:15:00,-0.006897,distillate,MW,nem,NSW1
2017-10-16 03:20:00,-0.006897,distillate,MW,nem,NSW1
2017-10-16 03:25:00,-0.006897,distillate,MW,nem,NSW1
2017-10-16 03:30:00,-0.006897,distillate,MW,nem,NSW1
2017-10-16 03:35:00,-0.006897,distillate,MW,nem,NSW1
2017-10-16 03:40:00,-0.006897,distillate,MW,nem,NSW1
2017-10-16 03:45:00,-0.005188,distillate,MW,nem,NSW1
2017-10-16 03:50:00,-0.005188,distillate,MW,nem,NSW1
2017-10-16 03:55:00,-0.005188,distillate,MW,nem,NSW1
2017-10-16 04:00:00,-0.005188,distillate,MW,nem,NSW1
2017-10-16 04:05:00,-0.005188,distillate,MW,nem,NSW1
2017-10-16 04:10:00,-0.005188,distillate,MW,nem,NSW1
2017-10-16 04:15:00,-0.005188,distillate,MW,nem,NSW1
2017-10-16 04:20:00,-0.005188,distillate,MW,nem,NSW1
2017-10-16 04:25:00,-0.005188,distillate,MW,nem,NSW1
2017-10-16 04:30:00,-0.006599,distillate,MW,nem,NSW1
2017-10-16 04:35:00,-0.006599,distillate,MW,nem,NSW1
2017-10-16 04:40:00,-0.006599,distillate,MW,nem,NSW1
2017-10-16 04:45:00,-0.006599,distillate,MW,nem,NSW1
2017-10-16 04:50:00,-0.006599,distillate,MW,nem,NSW1
2017-10-16 04:55:00,-0.006599,distillate,MW,nem,NSW1
2017-10-16 05:00:00,-0.006599,distillate,MW,nem,NSW1
2017-10-16 05:05:00,-0.006599,distillate,MW,nem,NSW1
2017-10-16 05:10:00,-0.006599,distillate,MW,nem,NSW1
2017-10-16 05:15:00,-0.004486,distillate,MW,nem,NSW1
2017-10-16 05:20:00,-0.004486,distillate,MW,nem,NSW1
2017-10-16 05:25:00,-0.004486,distillate,MW,nem,NSW1
2017-10-16 05:30:00,-0.004486,distillate,MW,nem,NSW1
2017-10-16 05:35:00,-0.004486,distillate,MW,nem,NSW1
2017-10-16 05:40:00,-0.004486,distillate,MW,nem,NSW1
2017-10-16 05:45:00,-0.004486,distillate,MW,nem,NSW1
2017-10-16 05:50:00,-0.004486,distillate,MW,nem,NSW1
2017-10-16 05:55:00,-0.004486,distillate,MW,nem,NSW1
2017-10-16 06:00:00,-0.003056,distillate,MW,nem,NSW1
2017-10-16 06:05:00,-0.003056,distillate,MW,nem,NSW1
2017-10-16 06:10:00,-0.003056,distillate,MW,nem,NSW1
2017-10-16 06:15:00,-0.003056,distillate,MW,nem,NSW1
2017-10-16 06:20:00,-0.003056,distillate,MW,nem,NSW1
2017-10-16 06:25:00,-0.003056,distillate,MW,nem,NSW1
2017-10-16 06:30:00,-0.003056,distillate,MW,nem,NSW1
2017-10-16 06:35:00,-0.003056,distillate,MW,nem,NSW1
2017-10-16 06:40:00,-0.003056,distillate,MW,nem,NSW1
2017-10-16 06:45:00,-0.004078,distillate,MW,nem,NSW1
2017-10-16 06:50:00,-0.004078,distillate,MW,nem,NSW1
2017-10-16 06:55:00,-0.004078,distillate,MW,nem,NSW1
2017-10-16 07:00:00,-0.004078,distillate,MW,nem,NSW1
2017-10-16 07:05:00,-0.004078,distillate,MW,nem,NSW1
2017-10-16 07:10:00,-0.004078,distillate,MW,nem,NSW1
2017-10-16 07:15:00,-0.004078,distillate,MW,nem,NSW1
2017-10-16 07:20:00,-0.004078,distillate,MW,nem,NSW1
2017-10-16 07:25:00,-0.004078,distillate,MW,nem,NSW1
2017-10-16 07:30:00,-0.004883,distillate,MW,nem,NSW1
2017-10-16 07:35:00,-0.004883,distillate,MW,nem,NSW1
2017-10-16 07:40:00,-0.004883,distillate,MW,nem,NSW1
2017-10-16 07:45:00,-0.004883,distillate,MW,nem,NSW1
2017-10-16 07:50:00,-0.004883,distillate,MW,nem,NSW1
2017-10-16 07:55:00,-0.004883,distillate,MW,nem,NSW1
2017-10-16 08:00:00,-0.004883,distillate,MW,nem,NSW1
2017-10-16 08:05:00,-0.004883,distillate,MW,nem,NSW1
2017-10-16 08:10:00,-0.004883,distillate,MW,nem,NSW1
2017-10-16 08:15:00,-0.003777,distillate,MW,nem,NSW1
2017-10-16 08:20:00,-0.003777,distillate,MW,nem,NSW1
2017-10-16 08:25:00,-0.003777,distillate,MW,nem,NSW1
2017-10-16 08:30:00,-0.003777,distillate,MW,nem,NSW1
2017-10-16 08:35:00,-0.003777,distillate,MW,nem,NSW1
2017-10-16 08:40:00,-0.003777,distillate,MW,nem,NSW1
2017-10-16 08:45:00,-0.003777,distillate,MW,nem,NSW1
2017-10-16 08:50:00,-0.003777,distillate,MW,nem,NSW1
2017-10-16 08:55:00,-0.003777,distillate,MW,nem,NSW1
2017-10-16 09:00:00,-0.00396,distillate,MW,nem,NSW1
2017-10-16 09:05:00,-0.00396,distillate,MW,nem,NSW1
2017-10-16 09:10:00,-0.00396,distillate,MW,nem,NSW1
2017-10-16 09:15:00,-0.00396,distillate,MW,nem,NSW1
2017-10-16 09:20:00,-0.00396,distillate,MW,nem,NSW1
2017-10-16 09:25:00,-0.00396,distillate,MW,nem,NSW1
2017-10-16 09:30:00,-0.00396,distillate,MW,nem,NSW1
2017-10-16 09:35:00,-0.00396,distillate,MW,nem,NSW1
2017-10-16 09:40:00,-0.00396,distillate,MW,nem,NSW1
2017-10-16 09:45:00,-0.001556,distillate,MW,nem,NSW1
2017-10-16 09:50:00,-0.001556,distillate,MW,nem,NSW1
2017-10-16 09:55:00,-0.001556,distillate,MW,nem,NSW1
2017-10-16 10:00:00,-0.001556,distillate,MW,nem,NSW1
2017-10-16 10:05:00,-0.001556,distillate,MW,nem,NSW1
2017-10-16 10:10:00,-0.001556,distillate,MW,nem,NSW1
2017-10-16 10:15:00,-0.001556,distillate,MW,nem,NSW1
2017-10-16 10:20:00,-0.001556,distillate,MW,nem,NSW1
2017-10-16 10:25:00,-0.001556,distillate,MW,nem,NSW1
2017-10-16 10:30:00,0.001415,distillate,MW,nem,NSW1
2017-10-16 10:35:00,0.001415,distillate,MW,nem,NSW1
2017-10-16 10:40:00,0.001415,distillate,MW,nem,NSW1
2017-10-16 10:45:00,0.001415,distillate,MW,nem,NSW1
2017-10-16 10:50:00,0.001415,distillate,MW,nem,NSW1
2017-10-16 10:55:00,0.001415,distillate,MW,nem,NSW1
2017-10-16 11:00:00,0.001415,distillate,MW,nem,NSW1
2017-10-16 11:05:00,0.001415,distillate,MW,nem,NSW1
2017-10-16 11:10:00,0.001415,distillate,MW,nem,NSW1
2017-10-16 11:15:00,0.000797,distillate,MW,nem,NSW1
2017-10-16 11:20:00,0.000797,distillate,MW,nem,NSW1
2017-10-16 11:25:00,0.000797,distillate,MW,nem,NSW1
2017-10-16 11:30:00,0.000797,distillate,MW,nem,NSW1
2017-10-16 11:35:00,0.000797,distillate,MW,nem,NSW1
2017-10-16 11:40:00,0.000797,distillate,MW,nem,NSW1
2017-10-16 11:45:00,0.000797,distillate,MW,nem,NSW1
2017-10-16 11:50:00,0.000797,distillate,MW,nem,NSW1
2017-10-16 11:55:00,0.000797,distillate,MW,nem,NSW1
2017-10-16 12:00:00,0.007881,distillate,MW,nem,NSW1
2017-10-16 12:05:00,0.007881,distillate,MW,nem,NSW1
2017-10-16 12:10:00,0.007881,distillate,MW,nem,NSW1
2017-10-16 12:15:00,0.007881,distillate,MW,nem,NSW1
2017-10-16 12:20:00,0.007881,distillate,MW,nem,NSW1
2017-10-16 12:25:00,0.007881,distillate,MW,nem,NSW1
2017-10-16 12:30:00,0.007881,distillate,MW,nem,NSW1
2017-10-16 12:35:00,0.007881,distillate,MW,nem,NSW1
2017-10-16 12:40:00,0.007881,distillate,MW,nem,NSW1
2017-10-16 12:45:00,0.007744,distillate,MW,nem,NSW1
2017-10-16 12:50:00,0.007744,distillate,MW,nem,NSW1
2017-10-16 12:55:00,0.007744,distillate,MW,nem,NSW1
2017-10-16 13:00:00,0.007744,distillate,MW,nem,NSW1
2017-10-16 13:05:00,0.007744,distillate,MW,nem,NSW1
2017-10-16 13:10:00,0.007744,distillate,MW,nem,NSW1
2017-10-16 13:15:00,0.007744,distillate,MW,nem,NSW1
2017-10-16 13:20:00,0.007744,distillate,MW,nem,NSW1
2017-10-16 13:25:00,0.007744,distillate,MW,nem,NSW1
2017-10-16 13:30:00,0.008003,distillate,MW,nem,NSW1
2017-10-16 13:35:00,0.008003,distillate,MW,nem,NSW1
2017-10-16 13:40:00,0.008003,distillate,MW,nem,NSW1
2017-10-16 13:45:00,0.008003,distillate,MW,nem,NSW1
2017-10-16 13:50:00,0.008003,distillate,MW,nem,NSW1
2017-10-16 13:55:00,0.008003,distillate,MW,nem,NSW1
2017-10-16 14:00:00,0.008003,distillate,MW,nem,NSW1
2017-10-16 14:05:00,0.008003,distillate,MW,nem,NSW1
2017-10-16 14:10:00,0.008003,distillate,MW,nem,NSW1
2017-10-16 14:15:00,0.006439,distillate,MW,nem,NSW1
2017-10-16 14:20:00,0.006439,distillate,MW,nem,NSW1
2017-10-16 14:25:00,0.006439,distillate,MW,nem,NSW1
2017-10-16 14:30:00,0.006439,distillate,MW,nem,NSW1
2017-10-16 14:35:00,0.006439,distillate,MW,nem,NSW1
2017-10-16 14:40:00,0.006439,distillate,MW,nem,NSW1
2017-10-16 14:45:00,0.006439,distillate,MW,nem,NSW1
2017-10-16 14:50:00,0.006439,distillate,MW,nem,NSW1
2017-10-16 14:55:00,0.006439,distillate,MW,nem,NSW1
2017-10-16 15:00:00,0.004444,distillate,MW,nem,NSW1
2017-10-16 15:05:00,0.004444,distillate,MW,nem,NSW1
2017-10-16 15:10:00,0.004444,distillate,MW,nem,NSW1
2017-10-16 15:15:00,0.004444,distillate,MW,nem,NSW1
2017-10-16 15:20:00,0.004444,distillate,MW,nem,NSW1
2017-10-16 15:25:00,0.004444,distillate,MW,nem,NSW1
2017-10-16 15:30:00,0.004444,distillate,MW,nem,NSW1
2017-10-16 15:35:00,0.004444,distillate,MW,nem,NSW1
2017-10-16 15:40:00,0.004444,distillate,MW,nem,NSW1
2017-10-16 15:45:00,0.005474,distillate,MW,nem,NSW1
2017-10-16 15:50:00,0.005474,distillate,MW,nem,NSW1
2017-10-16 15:55:00,0.005474,distillate,MW,nem,NSW1
2017-10-16 16:00:00,0.005474,distillate,MW,nem,NSW1
2017-10-16 16:05:00,0.005474,distillate,MW,nem,NSW1
2017-10-16 16:10:00,0.005474,distillate,MW,nem,NSW1
2017-10-16 16:15:00,0.005474,distillate,MW,nem,NSW1
2017-10-16 16:20:00,0.005474,distillate,MW,nem,NSW1
2017-10-16 16:25:00,0.005474,distillate,MW,nem,NSW1
2017-10-16 16:30:00,0.006989,distillate,MW,nem,NSW1
2017-10-16 16:35:00,0.006989,distillate,MW,nem,NSW1
2017-10-16 16:40:00,0.006989,distillate,MW,nem,NSW1
2017-10-16 16:45:00,0.006989,distillate,MW,nem,NSW1
2017-10-16 16:50:00,0.006989,distillate,MW,nem,NSW1
2017-10-16 16:55:00,0.006989,distillate,MW,nem,NSW1
2017-10-16 17:00:00,0.006989,distillate,MW,nem,NSW1
2017-10-16 17:05:00,0.006989,distillate,MW,nem,NSW1
2017-10-16 17:10:00,0.006989,distillate,MW,nem,NSW1
2017-10-16 17:15:00,0.007698,distillate,MW,nem,NSW1
2017-10-16 17:20:00,0.007698,distillate,MW,nem,NSW1
2017-10-16 17:25:00,0.007698,distillate,MW,nem,NSW1
2017-10-16 17:30:00,0.007698,distillate,MW,nem,NSW1
2017-10-16 17:35:00,0.007698,distillate,MW,nem,NSW1
2017-10-16 17:40:00,0.007698,distillate,MW,nem,NSW1
2017-10-16 17:45:00,0.007698,distillate,MW,nem,NSW1
2017-10-16 17:50:00,0.007698,distillate,MW,nem,NSW1
2017-10-16 17:55:00,0.007698,distillate,MW,nem,NSW1
2017-10-16 18:00:00,0.003719,distillate,MW,nem,NSW1
2017-10-16 18:05:00,0.003719,distillate,MW,nem,NSW1
2017-10-16 18:10:00,0.003719,distillate,MW,nem,NSW1
2017-10-16 18:15:00,0.003719,distillate,MW,nem,NSW1
2017-10-16 18:20:00,0.003719,distillate,MW,nem,NSW1
2017-10-16 18:25:00,0.003719,distillate,MW,nem,NSW1
2017-10-16 18:30:00,0.003719,distillate,MW,nem,NSW1
2017-10-16 18:35:00,0.003719,distillate,MW,nem,NSW1
2017-10-16 18:40:00,0.003719,distillate,MW,nem,NSW1
2017-10-16 18:45:00,0.006901,distillate,MW,nem,NSW1
2017-10-16 18:50:00,0.006901,distillate,MW,nem,NSW1
2017-10-16 18:55:00,0.006901,distillate,MW,nem,NSW1
2017-10-16 19:00:00,0.006901,distillate,MW,nem,NSW1
2017-10-16 19:05:00,0.006901,distillate,MW,nem,NSW1
2017-10-16 19:10:00,0.006901,distillate,MW,nem,NSW1
2017-10-16 19:15:00,0.006901,distillate,MW,nem,NSW1
2017-10-16 19:20:00,0.006901,distillate,MW,nem,NSW1
2017-10-16 19:25:00,0.006901,distillate,MW,nem,NSW1
2017-10-16 19:30:00,0.002556,distillate,MW,nem,NSW1
2017-10-16 19:35:00,0.002556,distillate,MW,nem,NSW1
2017-10-16 19:40:00,0.002556,distillate,MW,nem,NSW1
2017-10-16 19:45:00,0.002556,distillate,MW,nem,NSW1
2017-10-16 19:50:00,0.002556,distillate,MW,nem,NSW1
2017-10-16 19:55:00,0.002556,distillate,MW,nem,NSW1
2017-10-16 20:00:00,0.002556,distillate,MW,nem,NSW1
2017-10-16 20:05:00,0.002556,distillate,MW,nem,NSW1
2017-10-16 20:10:00,0.002556,distillate,MW,nem,NSW1
2017-10-16 20:15:00,-0.000629,distillate,MW,nem,NSW1
2017-10-16 20:20:00,-0.000629,distillate,MW,nem,NSW1
2017-10-16 20:25:00,-0.000629,distillate,MW,nem,NSW1
2017-10-16 20:30:00,-0.000629,distillate,MW,nem,NSW1
2017-10-16 20:35:00,-0.000629,distillate,MW,nem,NSW1
2017-10-16 20:40:00,-0.000629,distillate,MW,nem,NSW1
2017-10-16 20:45:00,-0.000629,distillate,MW,nem,NSW1
2017-10-16 20:50:00,-0.000629,distillate,MW,nem,NSW1
2017-10-16 20:55:00,-0.000629,distillate,MW,nem,NSW1
2017-10-16 21:00:00,-0.000702,distillate,MW,nem,NSW1
2017-10-16 21:05:00,-0.000702,distillate,MW,nem,NSW1
2017-10-16 21:10:00,-0.000702,distillate,MW,nem,NSW1
2017-10-16 21:15:00,-0.000702,distillate,MW,nem,NSW1
2017-10-16 21:20:00,-0.000702,distillate,MW,nem,NSW1
2017-10-16 21:25:00,-0.000702,distillate,MW,nem,NSW1
2017-10-16 21:30:00,-0.000702,distillate,MW,nem,NSW1
2017-10-16 21:35:00,-0.000702,distillate,MW,nem,NSW1
2017-10-16 21:40:00,-0.000702,distillate,MW,nem,NSW1
2017-10-16 21:45:00,-0.004211,distillate,MW,nem,NSW1
2017-10-16 21:50:00,-0.004211,distillate,MW,nem,NSW1
2017-10-16 21:55:00,-0.004211,distillate,MW,nem,NSW1
2017-10-16 22:00:00,-0.004211,distillate,MW,nem,NSW1
2017-10-16 22:05:00,-0.004211,distillate,MW,nem,NSW1
2017-10-16 22:10:00,-0.004211,distillate,MW,nem,NSW1
2017-10-16 22:15:00,-0.004211,distillate,MW,nem,NSW1
2017-10-16 22:20:00,-0.004211,distillate,MW,nem,NSW1
2017-10-16 22:25:00,-0.004211,distillate,MW,nem,NSW1
2017-10-16 22:30:00,-0.005356,distillate,MW,nem,NSW1
2017-10-16 22:35:00,-0.005356,distillate,MW,nem,NSW1
2017-10-16 22:40:00,-0.005356,distillate,MW,nem,NSW1
2017-10-16 22:45:00,-0.005356,distillate,MW,nem,NSW1
2017-10-16 22:50:00,-0.005356,distillate,MW,nem,NSW1
2017-10-16 22:55:00,-0.005356,distillate,MW,nem,NSW1
2017-10-16 23:00:00,-0.005356,distillate,MW,nem,NSW1
2017-10-16 23:05:00,-0.005356,distillate,MW,nem,NSW1
2017-10-16 23:10:00,-0.005356,distillate,MW,nem,NSW1
2017-10-16 23:15:00,-0.005676,distillate,MW,nem,NSW1
2017-10-16 23:20:00,-0.005676,distillate,MW,nem,NSW1
2017-10-16 23:25:00,-0.005676,distillate,MW,nem,NSW1
2017-10-16 23:30:00,-0.005676,distillate,MW,nem,NSW1
2017-10-16 23:35:00,-0.005676,distillate,MW,nem,NSW1
2017-10-16 23:40:00,-0.005676,distillate,MW,nem,NSW1
2017-10-16 23:45:00,-0.005676,distillate,MW,nem,NSW1
2017-10-16 23:50:00,-0.005676,distillate,MW,nem,NSW1
2017-10-16 23:55:00,-0.005676,distillate,MW,nem,NSW1
2017-10-17 00:00:00,-0.00631,distillate,MW,nem,NSW1
2017-10-17 00:05:00,-0.00631,distillate,MW,nem,NSW1
2017-10-17 00:10:00,-0.00631,distillate,MW,nem,NSW1
2017-10-17 00:15:00,-0.00631,distillate,MW,nem,NSW1
2017-10-17 00:20:00,-0.00631,distillate,MW,nem,NSW1
2017-10-17 00:25:00,-0.00631,distillate,MW,nem,NSW1
2017-10-17 00:30:00,-0.00631,distillate,MW,nem,NSW1
2017-10-17 00:35:00,-0.00631,distillate,MW,nem,NSW1
2017-10-17 00:40:00,-0.00631,distillate,MW,nem,NSW1
2017-10-17 00:45:00,-0.00602,distillate,MW,nem,NSW1
2017-10-17 00:50:00,-0.00602,distillate,MW,nem,NSW1
2017-10-17 00:55:00,-0.00602,distillate,MW,nem,NSW1
2017-10-17 01:00:00,-0.00602,distillate,MW,nem,NSW1
2017-10-17 01:05:00,-0.00602,distillate,MW,nem,NSW1
2017-10-17 01:10:00,-0.00602,distillate,MW,nem,NSW1
2017-10-17 01:15:00,-0.00602,distillate,MW,nem,NSW1
2017-10-17 01:20:00,-0.00602,distillate,MW,nem,NSW1
2017-10-17 01:25:00,-0.00602,distillate,MW,nem,NSW1
2017-10-17 01:30:00,-0.005207,distillate,MW,nem,NSW1
2017-10-17 01:35:00,-0.005207,distillate,MW,nem,NSW1
2017-10-17 01:40:00,-0.005207,distillate,MW,nem,NSW1
2017-10-17 01:45:00,-0.005207,distillate,MW,nem,NSW1
2017-10-17 01:50:00,-0.005207,distillate,MW,nem,NSW1
2017-10-17 01:55:00,-0.005207,distillate,MW,nem,NSW1
2017-10-17 02:00:00,-0.005207,distillate,MW,nem,NSW1
2017-10-17 02:05:00,-0.005207,distillate,MW,nem,NSW1
2017-10-17 02:10:00,-0.005207,distillate,MW,nem,NSW1
2017-10-17 02:15:00,-0.005333,distillate,MW,nem,NSW1
2017-10-17 02:20:00,-0.005333,distillate,MW,nem,NSW1
2017-10-17 02:25:00,-0.005333,distillate,MW,nem,NSW1
2017-10-17 02:30:00,-0.005333,distillate,MW,nem,NSW1
2017-10-17 02:35:00,-0.005333,distillate,MW,nem,NSW1
2017-10-17 02:40:00,-0.005333,distillate,MW,nem,NSW1
2017-10-17 02:45:00,-0.005333,distillate,MW,nem,NSW1
2017-10-17 02:50:00,-0.005333,distillate,MW,nem,NSW1
2017-10-17 02:55:00,-0.005333,distillate,MW,nem,NSW1
2017-10-17 03:00:00,-0.003342,distillate,MW,nem,NSW1
2017-10-17 03:05:00,-0.003342,distillate,MW,nem,NSW1
2017-10-17 03:10:00,-0.003342,distillate,MW,nem,NSW1
2017-10-17 03:15:00,-0.003342,distillate,MW,nem,NSW1
2017-10-17 03:20:00,-0.003342,distillate,MW,nem,NSW1
2017-10-17 03:25:00,-0.003342,distillate,MW,nem,NSW1
2017-10-17 03:30:00,-0.003342,distillate,MW,nem,NSW1
2017-10-17 03:35:00,-0.003342,distillate,MW,nem,NSW1
2017-10-17 03:40:00,-0.003342,distillate,MW,nem,NSW1
2017-10-17 03:45:00,-0.003799,distillate,MW,nem,NSW1
2017-10-17 03:50:00,-0.003799,distillate,MW,nem,NSW1
2017-10-17 03:55:00,-0.003799,distillate,MW,nem,NSW1
2017-10-17 04:00:00,-0.003799,distillate,MW,nem,NSW1
2017-10-17 04:05:00,-0.003799,distillate,MW,nem,NSW1
2017-10-17 04:10:00,-0.003799,distillate,MW,nem,NSW1
2017-10-17 04:15:00,-0.003799,distillate,MW,nem,NSW1
2017-10-17 04:20:00,-0.003799,distillate,MW,nem,NSW1
2017-10-17 04:25:00,-0.003799,distillate,MW,nem,NSW1
2017-10-17 04:30:00,-0.00428,distillate,MW,nem,NSW1
2017-10-17 04:35:00,-0.00428,distillate,MW,nem,NSW1
2017-10-17 04:40:00,-0.00428,distillate,MW,nem,NSW1
2017-10-17 04:45:00,-0.00428,distillate,MW,nem,NSW1
2017-10-17 04:50:00,-0.00428,distillate,MW,nem,NSW1
2017-10-17 04:55:00,-0.00428,distillate,MW,nem,NSW1
2017-10-17 05:00:00,-0.00428,distillate,MW,nem,NSW1
2017-10-17 05:05:00,-0.00428,distillate,MW,nem,NSW1
2017-10-17 05:10:00,-0.00428,distillate,MW,nem,NSW1
2017-10-17 05:15:00,-0.003204,distillate,MW,nem,NSW1
2017-10-17 05:20:00,-0.003204,distillate,MW,nem,NSW1
2017-10-17 05:25:00,-0.003204,distillate,MW,nem,NSW1
2017-10-17 05:30:00,-0.003204,distillate,MW,nem,NSW1
2017-10-17 05:35:00,-0.003204,distillate,MW,nem,NSW1
2017-10-17 05:40:00,-0.003204,distillate,MW,nem,NSW1
2017-10-17 05:45:00,-0.003204,distillate,MW,nem,NSW1
2017-10-17 05:50:00,-0.003204,distillate,MW,nem,NSW1
2017-10-17 05:55:00,-0.003204,distillate,MW,nem,NSW1
2017-10-17 06:00:00,-0.003929,distillate,MW,nem,NSW1
2017-10-17 06:05:00,-0.003929,distillate,MW,nem,NSW1
2017-10-17 06:10:00,-0.003929,distillate,MW,nem,NSW1
2017-10-17 06:15:00,-0.003929,distillate,MW,nem,NSW1
2017-10-17 06:20:00,-0.003929,distillate,MW,nem,NSW1
2017-10-17 06:25:00,-0.003929,distillate,MW,nem,NSW1
2017-10-17 06:30:00,-0.003929,distillate,MW,nem,NSW1
2017-10-17 06:35:00,-0.003929,distillate,MW,nem,NSW1
2017-10-17 06:40:00,-0.003929,distillate,MW,nem,NSW1
2017-10-17 06:45:00,-0.005257,distillate,MW,nem,NSW1
2017-10-17 06:50:00,-0.005257,distillate,MW,nem,NSW1
2017-10-17 06:55:00,-0.005257,distillate,MW,nem,NSW1
2017-10-17 07:00:00,-0.005257,distillate,MW,nem,NSW1
2017-10-17 07:05:00,-0.005257,distillate,MW,nem,NSW1
2017-10-17 07:10:00,-0.005257,distillate,MW,nem,NSW1
2017-10-17 07:15:00,-0.005257,distillate,MW,nem,NSW1
2017-10-17 07:20:00,-0.005257,distillate,MW,nem,NSW1
2017-10-17 07:25:00,-0.005257,distillate,MW,nem,NSW1
2017-10-17 07:30:00,-0.003387,distillate,MW,nem,NSW1
2017-10-17 07:35:00,-0.003387,distillate,MW,nem,NSW1
2017-10-17 07:40:00,-0.003387,distillate,MW,nem,NSW1
2017-10-17 07:45:00,-0.003387,distillate,MW,nem,NSW1
2017-10-17 07:50:00,-0.003387,distillate,MW,nem,NSW1
2017-10-17 07:55:00,-0.003387,distillate,MW,nem,NSW1
2017-10-17 08:00:00,-0.003387,distillate,MW,nem,NSW1
2017-10-17 08:05:00,-0.003387,distillate,MW,nem,NSW1
2017-10-17 08:10:00,-0.003387,distillate,MW,nem,NSW1
2017-10-17 08:15:00,-0.006554,distillate,MW,nem,NSW1
2017-10-17 08:20:00,-0.006554,distillate,MW,nem,NSW1
2017-10-17 08:25:00,-0.006554,distillate,MW,nem,NSW1
2017-10-17 08:30:00,-0.006554,distillate,MW,nem,NSW1
2017-10-17 08:35:00,-0.006554,distillate,MW,nem,NSW1
2017-10-17 08:40:00,-0.006554,distillate,MW,nem,NSW1
2017-10-17 08:45:00,-0.006554,distillate,MW,nem,NSW1
2017-10-17 08:50:00,-0.006554,distillate,MW,nem,NSW1
2017-10-17 08:55:00,-0.006554,distillate,MW,nem,NSW1
2017-10-17 09:00:00,-0.002548,distillate,MW,nem,NSW1
2017-10-17 09:05:00,-0.002548,distillate,MW,nem,NSW1
2017-10-17 09:10:00,-0.002548,distillate,MW,nem,NSW1
2017-10-17 09:15:00,-0.002548,distillate,MW,nem,NSW1
2017-10-17 09:20:00,-0.002548,distillate,MW,nem,NSW1
2017-10-17 09:25:00,-0.002548,distillate,MW,nem,NSW1
2017-10-17 09:30:00,-0.002548,distillate,MW,nem,NSW1
2017-10-17 09:35:00,-0.002548,distillate,MW,nem,NSW1
2017-10-17 09:40:00,-0.002548,distillate,MW,nem,NSW1
2017-10-17 09:45:00,-0.004963,distillate,MW,nem,NSW1
2017-10-17 09:50:00,-0.004963,distillate,MW,nem,NSW1
2017-10-17 09:55:00,-0.004963,distillate,MW,nem,NSW1
2017-10-17 10:00:00,-0.004963,distillate,MW,nem,NSW1
2017-10-17 10:05:00,-0.004963,distillate,MW,nem,NSW1
2017-10-17 10:10:00,-0.004963,distillate,MW,nem,NSW1
2017-10-17 10:15:00,-0.004963,distillate,MW,nem,NSW1
2017-10-17 10:20:00,-0.004963,distillate,MW,nem,NSW1
2017-10-17 10:25:00,-0.004963,distillate,MW,nem,NSW1
2017-10-17 10:30:00,-0.000988,distillate,MW,nem,NSW1
2017-10-17 10:35:00,-0.000988,distillate,MW,nem,NSW1
2017-10-17 10:40:00,-0.000988,distillate,MW,nem,NSW1
2017-10-17 10:45:00,-0.000988,distillate,MW,nem,NSW1
2017-10-17 10:50:00,-0.000988,distillate,MW,nem,NSW1
2017-10-17 10:55:00,-0.000988,distillate,MW,nem,NSW1
2017-10-17 11:00:00,-0.000988,distillate,MW,nem,NSW1
2017-10-17 11:05:00,-0.000988,distillate,MW,nem,NSW1
2017-10-17 11:10:00,-0.000988,distillate,MW,nem,NSW1
2017-10-17 11:15:00,0.001644,distillate,MW,nem,NSW1
2017-10-17 11:20:00,0.001644,distillate,MW,nem,NSW1
2017-10-17 11:25:00,0.001644,distillate,MW,nem,NSW1
2017-10-17 11:30:00,0.001644,distillate,MW,nem,NSW1
2017-10-17 11:35:00,0.001644,distillate,MW,nem,NSW1
2017-10-17 11:40:00,0.001644,distillate,MW,nem,NSW1
2017-10-17 11:45:00,0.001644,distillate,MW,nem,NSW1
2017-10-17 11:50:00,0.001644,distillate,MW,nem,NSW1
2017-10-17 11:55:00,0.001644,distillate,MW,nem,NSW1
2017-10-17 12:00:00,0.002251,distillate,MW,nem,NSW1
2017-10-17 12:05:00,0.002251,distillate,MW,nem,NSW1
2017-10-17 12:10:00,0.002251,distillate,MW,nem,NSW1
2017-10-17 12:15:00,0.002251,distillate,MW,nem,NSW1
2017-10-17 12:20:00,0.002251,distillate,MW,nem,NSW1
2017-10-17 12:25:00,0.002251,distillate,MW,nem,NSW1
2017-10-17 12:30:00,0.002251,distillate,MW,nem,NSW1
2017-10-17 12:35:00,0.002251,distillate,MW,nem,NSW1
2017-10-17 12:40:00,0.002251,distillate,MW,nem,NSW1
2017-10-17 12:45:00,0.001965,distillate,MW,nem,NSW1
2017-10-17 12:50:00,0.001965,distillate,MW,nem,NSW1
2017-10-17 12:55:00,0.001965,distillate,MW,nem,NSW1
2017-10-17 13:00:00,0.001965,distillate,MW,nem,NSW1
2017-10-17 13:05:00,0.001965,distillate,MW,nem,NSW1
2017-10-17 13:10:00,0.001965,distillate,MW,nem,NSW1
2017-10-17 13:15:00,0.001965,distillate,MW,nem,NSW1
2017-10-17 13:20:00,0.001965,distillate,MW,nem,NSW1
2017-10-17 13:25:00,0.001965,distillate,MW,nem,NSW1
2017-10-17 13:30:00,0.004906,distillate,MW,nem,NSW1
2017-10-17 13:35:00,0.004906,distillate,MW,nem,NSW1
2017-10-17 13:40:00,0.004906,distillate,MW,nem,NSW1
2017-10-17 13:45:00,0.004906,distillate,MW,nem,NSW1
2017-10-17 13:50:00,0.004906,distillate,MW,nem,NSW1
2017-10-17 13:55:00,0.004906,distillate,MW,nem,NSW1
2017-10-17 14:00:00,0.004906,distillate,MW,nem,NSW1
2017-10-17 14:05:00,0.004906,distillate,MW,nem,NSW1
2017-10-17 14:10:00,0.004906,distillate,MW,nem,NSW1
2017-10-17 14:15:00,0.005665,distillate,MW,nem,NSW1
2017-10-17 14:20:00,0.005665,distillate,MW,nem,NSW1
2017-10-17 14:25:00,0.005665,distillate,MW,nem,NSW1
2017-10-17 14:30:00,0.005665,distillate,MW,nem,NSW1
2017-10-17 14:35:00,0.005665,distillate,MW,nem,NSW1
2017-10-17 14:40:00,0.005665,distillate,MW,nem,NSW1
2017-10-17 14:45:00,0.005665,distillate,MW,nem,NSW1
2017-10-17 14:50:00,0.005665,distillate,MW,nem,NSW1
2017-10-17 14:55:00,0.005665,distillate,MW,nem,NSW1
2017-10-17 15:00:00,0.00507,distillate,MW,nem,NSW1
2017-10-17 15:05:00,0.00507,distillate,MW,nem,NSW1
2017-10-17 15:10:00,0.00507,distillate,MW,nem,NSW1
2017-10-17 15:15:00,0.00507,distillate,MW,nem,NSW1
2017-10-17 15:20:00,0.00507,distillate,MW,nem,NSW1
2017-10-17 15:25:00,0.00507,distillate,MW,nem,NSW1
2017-10-17 15:30:00,0.00507,distillate,MW,nem,NSW1
2017-10-17 15:35:00,0.00507,distillate,MW,nem,NSW1
2017-10-17 15:40:00,0.00507,distillate,MW,nem,NSW1
2017-10-17 15:45:00,0.005627,distillate,MW,nem,NSW1
2017-10-17 15:50:00,0.005627,distillate,MW,nem,NSW1
2017-10-17 15:55:00,0.005627,distillate,MW,nem,NSW1
2017-10-17 16:00:00,0.005627,distillate,MW,nem,NSW1
2017-10-17 16:05:00,0.005627,distillate,MW,nem,NSW1
2017-10-17 16:10:00,0.005627,distillate,MW,nem,NSW1
2017-10-17 16:15:00,0.005627,distillate,MW,nem,NSW1
2017-10-17 16:20:00,0.005627,distillate,MW,nem,NSW1
2017-10-17 16:25:00,0.005627,distillate,MW,nem,NSW1
2017-10-17 16:30:00,0.004776,distillate,MW,nem,NSW1
2017-10-17 16:35:00,0.004776,distillate,MW,nem,NSW1
2017-10-17 16:40:00,0.004776,distillate,MW,nem,NSW1
2017-10-17 16:45:00,0.004776,distillate,MW,nem,NSW1
2017-10-17 16:50:00,0.004776,distillate,MW,nem,NSW1
2017-10-17 16:55:00,0.004776,distillate,MW,nem,NSW1
2017-10-17 17:00:00,0.004776,distillate,MW,nem,NSW1
2017-10-17 17:05:00,0.004776,distillate,MW,nem,NSW1
2017-10-17 17:10:00,0.004776,distillate,MW,nem,NSW1
2017-10-17 17:15:00,0.005665,distillate,MW,nem,NSW1
2017-10-17 17:20:00,0.005665,distillate,MW,nem,NSW1
2017-10-17 17:25:00,0.005665,distillate,MW,nem,NSW1
2017-10-17 17:30:00,0.005665,distillate,MW,nem,NSW1
2017-10-17 17:35:00,0.005665,distillate,MW,nem,NSW1
2017-10-17 17:40:00,0.005665,distillate,MW,nem,NSW1
2017-10-17 17:45:00,0.005665,distillate,MW,nem,NSW1
2017-10-17 17:50:00,0.005665,distillate,MW,nem,NSW1
2017-10-17 17:55:00,0.005665,distillate,MW,nem,NSW1
2017-10-17 18:00:00,0.005203,distillate,MW,nem,NSW1
2017-10-17 18:05:00,0.005203,distillate,MW,nem,NSW1
2017-10-17 18:10:00,0.005203,distillate,MW,nem,NSW1
2017-10-17 18:15:00,0.005203,distillate,MW,nem,NSW1
2017-10-17 18:20:00,0.005203,distillate,MW,nem,NSW1
2017-10-17 18:25:00,0.005203,distillate,MW,nem,NSW1
2017-10-17 18:30:00,0.005203,distillate,MW,nem,NSW1
2017-10-17 18:35:00,0.005203,distillate,MW,nem,NSW1
2017-10-17 18:40:00,0.005203,distillate,MW,nem,NSW1
2017-10-17 18:45:00,0.004192,distillate,MW,nem,NSW1
2017-10-17 18:50:00,0.004192,distillate,MW,nem,NSW1
2017-10-17 18:55:00,0.004192,distillate,MW,nem,NSW1
2017-10-17 19:00:00,0.004192,distillate,MW,nem,NSW1
2017-10-17 19:05:00,0.004192,distillate,MW,nem,NSW1
2017-10-17 19:10:00,0.004192,distillate,MW,nem,NSW1
2017-10-17 19:15:00,0.004192,distillate,MW,nem,NSW1
2017-10-17 19:20:00,0.004192,distillate,MW,nem,NSW1
2017-10-17 19:25:00,0.004192,distillate,MW,nem,NSW1
2017-10-17 19:30:00,0.003532,distillate,MW,nem,NSW1
2017-10-17 19:35:00,0.003532,distillate,MW,nem,NSW1
2017-10-17 19:40:00,0.003532,distillate,MW,nem,NSW1
2017-10-17 19:45:00,0.003532,distillate,MW,nem,NSW1
2017-10-17 19:50:00,0.003532,distillate,MW,nem,NSW1
2017-10-17 19:55:00,0.003532,distillate,MW,nem,NSW1
2017-10-17 20:00:00,0.003532,distillate,MW,nem,NSW1
2017-10-17 20:05:00,0.003532,distillate,MW,nem,NSW1
2017-10-17 20:10:00,0.003532,distillate,MW,nem,NSW1
2017-10-17 20:15:00,-0.00116,distillate,MW,nem,NSW1
2017-10-17 20:20:00,-0.00116,distillate,MW,nem,NSW1
2017-10-17 20:25:00,-0.00116,distillate,MW,nem,NSW1
2017-10-17 20:30:00,-0.00116,distillate,MW,nem,NSW1
2017-10-17 20:35:00,-0.00116,distillate,MW,nem,NSW1
2017-10-17 20:40:00,-0.00116,distillate,MW,nem,NSW1
2017-10-17 20:45:00,-0.00116,distillate,MW,nem,NSW1
2017-10-17 20:50:00,-0.00116,distillate,MW,nem,NSW1
2017-10-17 20:55:00,-0.00116,distillate,MW,nem,NSW1
2017-10-17 21:00:00,-0.001163,distillate,MW,nem,NSW1
2017-10-17 21:05:00,-0.001163,distillate,MW,nem,NSW1
2017-10-17 21:10:00,-0.001163,distillate,MW,nem,NSW1
2017-10-17 21:15:00,-0.001163,distillate,MW,nem,NSW1
2017-10-17 21:20:00,-0.001163,distillate,MW,nem,NSW1
2017-10-17 21:25:00,-0.001163,distillate,MW,nem,NSW1
2017-10-17 21:30:00,-0.001163,distillate,MW,nem,NSW1
2017-10-17 21:35:00,-0.001163,distillate,MW,nem,NSW1
2017-10-17 21:40:00,-0.001163,distillate,MW,nem,NSW1
2017-10-17 21:45:00,-0.003223,distillate,MW,nem,NSW1
2017-10-17 21:50:00,-0.003223,distillate,MW,nem,NSW1
2017-10-17 21:55:00,-0.003223,distillate,MW,nem,NSW1
2017-10-17 22:00:00,-0.003223,distillate,MW,nem,NSW1
2017-10-17 22:05:00,-0.003223,distillate,MW,nem,NSW1
2017-10-17 22:10:00,-0.003223,distillate,MW,nem,NSW1
2017-10-17 22:15:00,-0.003223,distillate,MW,nem,NSW1
2017-10-17 22:20:00,-0.003223,distillate,MW,nem,NSW1
2017-10-17 22:25:00,-0.003223,distillate,MW,nem,NSW1
2017-10-17 22:30:00,-0.006096,distillate,MW,nem,NSW1
2017-10-17 22:35:00,-0.006096,distillate,MW,nem,NSW1
2017-10-17 22:40:00,-0.006096,distillate,MW,nem,NSW1
2017-10-17 22:45:00,-0.006096,distillate,MW,nem,NSW1
2017-10-17 22:50:00,-0.006096,distillate,MW,nem,NSW1
2017-10-17 22:55:00,-0.006096,distillate,MW,nem,NSW1
2017-10-17 23:00:00,-0.006096,distillate,MW,nem,NSW1
2017-10-17 23:05:00,-0.006096,distillate,MW,nem,NSW1
2017-10-17 23:10:00,-0.006096,distillate,MW,nem,NSW1
2017-10-17 23:15:00,-0.003124,distillate,MW,nem,NSW1
2017-10-17 23:20:00,-0.003124,distillate,MW,nem,NSW1
2017-10-17 23:25:00,-0.003124,distillate,MW,nem,NSW1
2017-10-17 23:30:00,-0.003124,distillate,MW,nem,NSW1
2017-10-17 23:35:00,-0.003124,distillate,MW,nem,NSW1
2017-10-17 23:40:00,-0.003124,distillate,MW,nem,NSW1
2017-10-17 23:45:00,-0.003124,distillate,MW,nem,NSW1
2017-10-17 23:50:00,-0.003124,distillate,MW,nem,NSW1
2017-10-17 23:55:00,-0.003124,distillate,MW,nem,NSW1
2017-10-18 00:00:00,-0.004292,distillate,MW,nem,NSW1
2017-10-18 00:05:00,-0.004292,distillate,MW,nem,NSW1
2017-10-18 00:10:00,-0.004292,distillate,MW,nem,NSW1
2017-10-18 00:15:00,-0.004292,distillate,MW,nem,NSW1
2017-10-18 00:20:00,-0.004292,distillate,MW,nem,NSW1
2017-10-18 00:25:00,-0.004292,distillate,MW,nem,NSW1
2017-10-18 00:30:00,-0.004292,distillate,MW,nem,NSW1
2017-10-18 00:35:00,-0.004292,distillate,MW,nem,NSW1
2017-10-18 00:40:00,-0.004292,distillate,MW,nem,NSW1
2017-10-18 00:45:00,-0.004715,distillate,MW,nem,NSW1
2017-10-18 00:50:00,-0.004715,distillate,MW,nem,NSW1
2017-10-18 00:55:00,-0.004715,distillate,MW,nem,NSW1
2017-10-18 01:00:00,-0.004715,distillate,MW,nem,NSW1
2017-10-18 01:05:00,-0.004715,distillate,MW,nem,NSW1
2017-10-18 01:10:00,-0.004715,distillate,MW,nem,NSW1
2017-10-18 01:15:00,-0.004715,distillate,MW,nem,NSW1
2017-10-18 01:20:00,-0.004715,distillate,MW,nem,NSW1
2017-10-18 01:25:00,-0.004715,distillate,MW,nem,NSW1
2017-10-18 01:30:00,-0.005039,distillate,MW,nem,NSW1
2017-10-18 01:35:00,-0.005039,distillate,MW,nem,NSW1
2017-10-18 01:40:00,-0.005039,distillate,MW,nem,NSW1
2017-10-18 01:45:00,-0.005039,distillate,MW,nem,NSW1
2017-10-18 01:50:00,-0.005039,distillate,MW,nem,NSW1
2017-10-18 01:55:00,-0.005039,distillate,MW,nem,NSW1
2017-10-18 02:00:00,-0.005039,distillate,MW,nem,NSW1
2017-10-18 02:05:00,-0.005039,distillate,MW,nem,NSW1
2017-10-18 02:10:00,-0.005039,distillate,MW,nem,NSW1
2017-10-18 02:15:00,-0.006252,distillate,MW,nem,NSW1
2017-10-18 02:20:00,-0.006252,distillate,MW,nem,NSW1
2017-10-18 02:25:00,-0.006252,distillate,MW,nem,NSW1
2017-10-18 02:30:00,-0.006252,distillate,MW,nem,NSW1
2017-10-18 02:35:00,-0.006252,distillate,MW,nem,NSW1
2017-10-18 02:40:00,-0.006252,distillate,MW,nem,NSW1
2017-10-18 02:45:00,-0.006252,distillate,MW,nem,NSW1
2017-10-18 02:50:00,-0.006252,distillate,MW,nem,NSW1
2017-10-18 02:55:00,-0.006252,distillate,MW,nem,NSW1
2017-10-18 03:00:00,-0.004959,distillate,MW,nem,NSW1
2017-10-18 03:05:00,-0.004959,distillate,MW,nem,NSW1
2017-10-18 03:10:00,-0.004959,distillate,MW,nem,NSW1
2017-10-18 03:15:00,-0.004959,distillate,MW,nem,NSW1
2017-10-18 03:20:00,-0.004959,distillate,MW,nem,NSW1
2017-10-18 03:25:00,-0.004959,distillate,MW,nem,NSW1
2017-10-18 03:30:00,-0.004959,distillate,MW,nem,NSW1
2017-10-18 03:35:00,-0.004959,distillate,MW,nem,NSW1
2017-10-18 03:40:00,-0.004959,distillate,MW,nem,NSW1
2017-10-18 03:45:00,-0.007957,distillate,MW,nem,NSW1
2017-10-18 03:50:00,-0.007957,distillate,MW,nem,NSW1
2017-10-18 03:55:00,-0.007957,distillate,MW,nem,NSW1
2017-10-18 04:00:00,-0.007957,distillate,MW,nem,NSW1
2017-10-18 04:05:00,-0.007957,distillate,MW,nem,NSW1
2017-10-18 04:10:00,-0.007957,distillate,MW,nem,NSW1
2017-10-18 04:15:00,-0.007957,distillate,MW,nem,NSW1
2017-10-18 04:20:00,-0.007957,distillate,MW,nem,NSW1
2017-10-18 04:25:00,-0.007957,distillate,MW,nem,NSW1
2017-10-18 04:30:00,-0.005547,distillate,MW,nem,NSW1
2017-10-18 04:35:00,-0.005547,distillate,MW,nem,NSW1
2017-10-18 04:40:00,-0.005547,distillate,MW,nem,NSW1
2017-10-18 04:45:00,-0.005547,distillate,MW,nem,NSW1
2017-10-18 04:50:00,-0.005547,distillate,MW,nem,NSW1
2017-10-18 04:55:00,-0.005547,distillate,MW,nem,NSW1
2017-10-18 05:00:00,-0.005547,distillate,MW,nem,NSW1
2017-10-18 05:05:00,-0.005547,distillate,MW,nem,NSW1
2017-10-18 05:10:00,-0.005547,distillate,MW,nem,NSW1
2017-10-18 05:15:00,-0.004673,distillate,MW,nem,NSW1
2017-10-18 05:20:00,-0.004673,distillate,MW,nem,NSW1
2017-10-18 05:25:00,-0.004673,distillate,MW,nem,NSW1
2017-10-18 05:30:00,-0.004673,distillate,MW,nem,NSW1
2017-10-18 05:35:00,-0.004673,distillate,MW,nem,NSW1
2017-10-18 05:40:00,-0.004673,distillate,MW,nem,NSW1
2017-10-18 05:45:00,-0.004673,distillate,MW,nem,NSW1
2017-10-18 05:50:00,-0.004673,distillate,MW,nem,NSW1
2017-10-18 05:55:00,-0.004673,distillate,MW,nem,NSW1
2017-10-18 06:00:00,-0.004597,distillate,MW,nem,NSW1
2017-10-18 06:05:00,-0.004597,distillate,MW,nem,NSW1
2017-10-18 06:10:00,-0.004597,distillate,MW,nem,NSW1
2017-10-18 06:15:00,-0.004597,distillate,MW,nem,NSW1
2017-10-18 06:20:00,-0.004597,distillate,MW,nem,NSW1
2017-10-18 06:25:00,-0.004597,distillate,MW,nem,NSW1
2017-10-18 06:30:00,-0.004597,distillate,MW,nem,NSW1
2017-10-18 06:35:00,-0.004597,distillate,MW,nem,NSW1
2017-10-18 06:40:00,-0.004597,distillate,MW,nem,NSW1
2017-10-18 06:45:00,-0.005379,distillate,MW,nem,NSW1
2017-10-18 06:50:00,-0.005379,distillate,MW,nem,NSW1
2017-10-18 06:55:00,-0.005379,distillate,MW,nem,NSW1
2017-10-18 07:00:00,-0.005379,distillate,MW,nem,NSW1
2017-10-18 07:05:00,-0.005379,distillate,MW,nem,NSW1
2017-10-18 07:10:00,-0.005379,distillate,MW,nem,NSW1
2017-10-18 07:15:00,-0.005379,distillate,MW,nem,NSW1
2017-10-18 07:20:00,-0.005379,distillate,MW,nem,NSW1
2017-10-18 07:25:00,-0.005379,distillate,MW,nem,NSW1
2017-10-18 07:30:00,-0.004211,distillate,MW,nem,NSW1
2017-10-18 07:35:00,-0.004211,distillate,MW,nem,NSW1
2017-10-18 07:40:00,-0.004211,distillate,MW,nem,NSW1
2017-10-18 07:45:00,-0.004211,distillate,MW,nem,NSW1
2017-10-18 07:50:00,-0.004211,distillate,MW,nem,NSW1
2017-10-18 07:55:00,-0.004211,distillate,MW,nem,NSW1
2017-10-18 08:00:00,-0.004211,distillate,MW,nem,NSW1
2017-10-18 08:05:00,-0.004211,distillate,MW,nem,NSW1
2017-10-18 08:10:00,-0.004211,distillate,MW,nem,NSW1
2017-10-18 08:15:00,-0.001987,distillate,MW,nem,NSW1
2017-10-18 08:20:00,-0.001987,distillate,MW,nem,NSW1
2017-10-18 08:25:00,-0.001987,distillate,MW,nem,NSW1
2017-10-18 08:30:00,-0.001987,distillate,MW,nem,NSW1
2017-10-18 08:35:00,-0.001987,distillate,MW,nem,NSW1
2017-10-18 08:40:00,-0.001987,distillate,MW,nem,NSW1
2017-10-18 08:45:00,-0.001987,distillate,MW,nem,NSW1
2017-10-18 08:50:00,-0.001987,distillate,MW,nem,NSW1
2017-10-18 08:55:00,-0.001987,distillate,MW,nem,NSW1
2017-10-18 09:00:00,-0.002472,distillate,MW,nem,NSW1
2017-10-18 09:05:00,-0.002472,distillate,MW,nem,NSW1
2017-10-18 09:10:00,-0.002472,distillate,MW,nem,NSW1
2017-10-18 09:15:00,-0.002472,distillate,MW,nem,NSW1
2017-10-18 09:20:00,-0.002472,distillate,MW,nem,NSW1
2017-10-18 09:25:00,-0.002472,distillate,MW,nem,NSW1
2017-10-18 09:30:00,-0.002472,distillate,MW,nem,NSW1
2017-10-18 09:35:00,-0.002472,distillate,MW,nem,NSW1
2017-10-18 09:40:00,-0.002472,distillate,MW,nem,NSW1
2017-10-18 09:45:00,-0.002441,distillate,MW,nem,NSW1
2017-10-18 09:50:00,-0.002441,distillate,MW,nem,NSW1
2017-10-18 09:55:00,-0.002441,distillate,MW,nem,NSW1
2017-10-18 10:00:00,-0.002441,distillate,MW,nem,NSW1
2017-10-18 10:05:00,-0.002441,distillate,MW,nem,NSW1
2017-10-18 10:10:00,-0.002441,distillate,MW,nem,NSW1
2017-10-18 10:15:00,-0.002441,distillate,MW,nem,NSW1
2017-10-18 10:20:00,-0.002441,distillate,MW,nem,NSW1
2017-10-18 10:25:00,-0.002441,distillate,MW,nem,NSW1
2017-10-18 10:30:00,0.000439,distillate,MW,nem,NSW1
2017-10-18 10:35:00,0.000439,distillate,MW,nem,NSW1
2017-10-18 10:40:00,0.000439,distillate,MW,nem,NSW1
2017-10-18 10:45:00,0.000439,distillate,MW,nem,NSW1
2017-10-18 10:50:00,0.000439,distillate,MW,nem,NSW1
2017-10-18 10:55:00,0.000439,distillate,MW,nem,NSW1
2017-10-18 11:00:00,0.000439,distillate,MW,nem,NSW1
2017-10-18 11:05:00,0.000439,distillate,MW,nem,NSW1
2017-10-18 11:10:00,0.000439,distillate,MW,nem,NSW1
2017-10-18 11:15:00,0.00499,distillate,MW,nem,NSW1
2017-10-18 11:20:00,0.00499,distillate,MW,nem,NSW1
2017-10-18 11:25:00,0.00499,distillate,MW,nem,NSW1
2017-10-18 11:30:00,0.00499,distillate,MW,nem,NSW1
2017-10-18 11:35:00,0.00499,distillate,MW,nem,NSW1
2017-10-18 11:40:00,0.00499,distillate,MW,nem,NSW1
2017-10-18 11:45:00,0.00499,distillate,MW,nem,NSW1
2017-10-18 11:50:00,0.00499,distillate,MW,nem,NSW1
2017-10-18 11:55:00,0.00499,distillate,MW,nem,NSW1
2017-10-18 12:00:00,0.00441,distillate,MW,nem,NSW1
2017-10-18 12:05:00,0.00441,distillate,MW,nem,NSW1
2017-10-18 12:10:00,0.00441,distillate,MW,nem,NSW1
2017-10-18 12:15:00,0.00441,distillate,MW,nem,NSW1
2017-10-18 12:20:00,0.00441,distillate,MW,nem,NSW1
2017-10-18 12:25:00,0.00441,distillate,MW,nem,NSW1
2017-10-18 12:30:00,0.00441,distillate,MW,nem,NSW1
2017-10-18 12:35:00,0.00441,distillate,MW,nem,NSW1
2017-10-18 12:40:00,0.00441,distillate,MW,nem,NSW1
2017-10-18 12:45:00,0.005932,distillate,MW,nem,NSW1
2017-10-18 12:50:00,0.005932,distillate,MW,nem,NSW1
2017-10-18 12:55:00,0.005932,distillate,MW,nem,NSW1
2017-10-18 13:00:00,0.005932,distillate,MW,nem,NSW1
2017-10-18 13:05:00,0.005932,distillate,MW,nem,NSW1
2017-10-18 13:10:00,0.005932,distillate,MW,nem,NSW1
2017-10-18 13:15:00,0.005932,distillate,MW,nem,NSW1
2017-10-18 13:20:00,0.005932,distillate,MW,nem,NSW1
2017-10-18 13:25:00,0.005932,distillate,MW,nem,NSW1
2017-10-18 13:30:00,0.005283,distillate,MW,nem,NSW1
2017-10-18 13:35:00,0.005283,distillate,MW,nem,NSW1
2017-10-18 13:40:00,0.005283,distillate,MW,nem,NSW1
2017-10-18 13:45:00,0.005283,distillate,MW,nem,NSW1
2017-10-18 13:50:00,0.005283,distillate,MW,nem,NSW1
2017-10-18 13:55:00,0.005283,distillate,MW,nem,NSW1
2017-10-18 14:00:00,0.005283,distillate,MW,nem,NSW1
2017-10-18 14:05:00,0.005283,distillate,MW,nem,NSW1
2017-10-18 14:10:00,0.005283,distillate,MW,nem,NSW1
2017-10-18 14:15:00,0.002571,distillate,MW,nem,NSW1
2017-10-18 14:20:00,0.002571,distillate,MW,nem,NSW1
2017-10-18 14:25:00,0.002571,distillate,MW,nem,NSW1
2017-10-18 14:30:00,0.002571,distillate,MW,nem,NSW1
2017-10-18 14:35:00,0.002571,distillate,MW,nem,NSW1
2017-10-18 14:40:00,0.002571,distillate,MW,nem,NSW1
2017-10-18 14:45:00,0.002571,distillate,MW,nem,NSW1
2017-10-18 14:50:00,0.002571,distillate,MW,nem,NSW1
2017-10-18 14:55:00,0.002571,distillate,MW,nem,NSW1
2017-10-18 15:00:00,0.002289,distillate,MW,nem,NSW1
2017-10-18 15:05:00,0.002289,distillate,MW,nem,NSW1
2017-10-18 15:10:00,0.002289,distillate,MW,nem,NSW1
2017-10-18 15:15:00,0.002289,distillate,MW,nem,NSW1
2017-10-18 15:20:00,0.002289,distillate,MW,nem,NSW1
2017-10-18 15:25:00,0.002289,distillate,MW,nem,NSW1
2017-10-18 15:30:00,0.002289,distillate,MW,nem,NSW1
2017-10-18 15:35:00,0.002289,distillate,MW,nem,NSW1
2017-10-18 15:40:00,0.002289,distillate,MW,nem,NSW1
2017-10-18 15:45:00,0.007111,distillate,MW,nem,NSW1
2017-10-18 15:50:00,0.007111,distillate,MW,nem,NSW1
2017-10-18 15:55:00,0.007111,distillate,MW,nem,NSW1
2017-10-18 16:00:00,0.007111,distillate,MW,nem,NSW1
2017-10-18 16:05:00,0.007111,distillate,MW,nem,NSW1
2017-10-18 16:10:00,0.007111,distillate,MW,nem,NSW1
2017-10-18 16:15:00,0.007111,distillate,MW,nem,NSW1
2017-10-18 16:20:00,0.007111,distillate,MW,nem,NSW1
2017-10-18 16:25:00,0.007111,distillate,MW,nem,NSW1
2017-10-18 16:30:00,0.002983,distillate,MW,nem,NSW1
2017-10-18 16:35:00,0.002983,distillate,MW,nem,NSW1
2017-10-18 16:40:00,0.002983,distillate,MW,nem,NSW1
2017-10-18 16:45:00,0.002983,distillate,MW,nem,NSW1
2017-10-18 16:50:00,0.002983,distillate,MW,nem,NSW1
2017-10-18 16:55:00,0.002983,distillate,MW,nem,NSW1
2017-10-18 17:00:00,0.002983,distillate,MW,nem,NSW1
2017-10-18 17:05:00,0.002983,distillate,MW,nem,NSW1
2017-10-18 17:10:00,0.002983,distillate,MW,nem,NSW1
2017-10-18 17:15:00,0.00766,distillate,MW,nem,NSW1
2017-10-18 17:20:00,0.00766,distillate,MW,nem,NSW1
2017-10-18 17:25:00,0.00766,distillate,MW,nem,NSW1
2017-10-18 17:30:00,0.00766,distillate,MW,nem,NSW1
2017-10-18 17:35:00,0.00766,distillate,MW,nem,NSW1
2017-10-18 17:40:00,0.00766,distillate,MW,nem,NSW1
2017-10-18 17:45:00,0.00766,distillate,MW,nem,NSW1
2017-10-18 17:50:00,0.00766,distillate,MW,nem,NSW1
2017-10-18 17:55:00,0.00766,distillate,MW,nem,NSW1
2017-10-18 18:00:00,0.004097,distillate,MW,nem,NSW1
2017-10-18 18:05:00,0.004097,distillate,MW,nem,NSW1
2017-10-18 18:10:00,0.004097,distillate,MW,nem,NSW1
2017-10-18 18:15:00,0.004097,distillate,MW,nem,NSW1
2017-10-18 18:20:00,0.004097,distillate,MW,nem,NSW1
2017-10-18 18:25:00,0.004097,distillate,MW,nem,NSW1
2017-10-18 18:30:00,0.004097,distillate,MW,nem,NSW1
2017-10-18 18:35:00,0.004097,distillate,MW,nem,NSW1
2017-10-18 18:40:00,0.004097,distillate,MW,nem,NSW1
2017-10-18 18:45:00,0.004845,distillate,MW,nem,NSW1
2017-10-18 18:50:00,0.004845,distillate,MW,nem,NSW1
2017-10-18 18:55:00,0.004845,distillate,MW,nem,NSW1
2017-10-18 19:00:00,0.004845,distillate,MW,nem,NSW1
2017-10-18 19:05:00,0.004845,distillate,MW,nem,NSW1
2017-10-18 19:10:00,0.004845,distillate,MW,nem,NSW1
2017-10-18 19:15:00,0.004845,distillate,MW,nem,NSW1
2017-10-18 19:20:00,0.004845,distillate,MW,nem,NSW1
2017-10-18 19:25:00,0.004845,distillate,MW,nem,NSW1
2017-10-18 19:30:00,0.000759,distillate,MW,nem,NSW1
2017-10-18 19:35:00,0.000759,distillate,MW,nem,NSW1
2017-10-18 19:40:00,0.000759,distillate,MW,nem,NSW1
2017-10-18 19:45:00,0.000759,distillate,MW,nem,NSW1
2017-10-18 19:50:00,0.000759,distillate,MW,nem,NSW1
2017-10-18 19:55:00,0.000759,distillate,MW,nem,NSW1
2017-10-18 20:00:00,0.000759,distillate,MW,nem,NSW1
2017-10-18 20:05:00,0.000759,distillate,MW,nem,NSW1
2017-10-18 20:10:00,0.000759,distillate,MW,nem,NSW1
2017-10-18 20:15:00,-0.000351,distillate,MW,nem,NSW1
2017-10-18 20:20:00,-0.000351,distillate,MW,nem,NSW1
2017-10-18 20:25:00,-0.000351,distillate,MW,nem,NSW1
2017-10-18 20:30:00,-0.000351,distillate,MW,nem,NSW1
2017-10-18 20:35:00,-0.000351,distillate,MW,nem,NSW1
2017-10-18 20:40:00,-0.000351,distillate,MW,nem,NSW1
2017-10-18 20:45:00,-0.000351,distillate,MW,nem,NSW1
2017-10-18 20:50:00,-0.000351,distillate,MW,nem,NSW1
2017-10-18 20:55:00,-0.000351,distillate,MW,nem,NSW1
2017-10-18 21:00:00,-0.001579,distillate,MW,nem,NSW1
2017-10-18 21:05:00,-0.001579,distillate,MW,nem,NSW1
2017-10-18 21:10:00,-0.001579,distillate,MW,nem,NSW1
2017-10-18 21:15:00,-0.001579,distillate,MW,nem,NSW1
2017-10-18 21:20:00,-0.001579,distillate,MW,nem,NSW1
2017-10-18 21:25:00,-0.001579,distillate,MW,nem,NSW1
2017-10-18 21:30:00,-0.001579,distillate,MW,nem,NSW1
2017-10-18 21:35:00,-0.001579,distillate,MW,nem,NSW1
2017-10-18 21:40:00,-0.001579,distillate,MW,nem,NSW1
2017-10-18 21:45:00,-0.004326,distillate,MW,nem,NSW1
2017-10-18 21:50:00,-0.004326,distillate,MW,nem,NSW1
2017-10-18 21:55:00,-0.004326,distillate,MW,nem,NSW1
2017-10-18 22:00:00,-0.004326,distillate,MW,nem,NSW1
2017-10-18 22:05:00,-0.004326,distillate,MW,nem,NSW1
2017-10-18 22:10:00,-0.004326,distillate,MW,nem,NSW1
2017-10-18 22:15:00,-0.004326,distillate,MW,nem,NSW1
2017-10-18 22:20:00,-0.004326,distillate,MW,nem,NSW1
2017-10-18 22:25:00,-0.004326,distillate,MW,nem,NSW1
2017-10-18 22:30:00,-0.002445,distillate,MW,nem,NSW1
2017-10-18 22:35:00,-0.002445,distillate,MW,nem,NSW1
2017-10-18 22:40:00,-0.002445,distillate,MW,nem,NSW1
2017-10-18 22:45:00,-0.002445,distillate,MW,nem,NSW1
2017-10-18 22:50:00,-0.002445,distillate,MW,nem,NSW1
2017-10-18 22:55:00,-0.002445,distillate,MW,nem,NSW1
2017-10-18 23:00:00,-0.002445,distillate,MW,nem,NSW1
2017-10-18 23:05:00,-0.002445,distillate,MW,nem,NSW1
2017-10-18 23:10:00,-0.002445,distillate,MW,nem,NSW1
2017-10-18 23:15:00,-0.007053,distillate,MW,nem,NSW1
2017-10-18 23:20:00,-0.007053,distillate,MW,nem,NSW1
2017-10-18 23:25:00,-0.007053,distillate,MW,nem,NSW1
2017-10-18 23:30:00,-0.007053,distillate,MW,nem,NSW1
2017-10-18 23:35:00,-0.007053,distillate,MW,nem,NSW1
2017-10-18 23:40:00,-0.007053,distillate,MW,nem,NSW1
2017-10-18 23:45:00,-0.007053,distillate,MW,nem,NSW1
2017-10-18 23:50:00,-0.007053,distillate,MW,nem,NSW1
2017-10-18 23:55:00,-0.007053,distillate,MW,nem,NSW1
2017-10-19 00:00:00,-0.005936,distillate,MW,nem,NSW1
2017-10-19 00:05:00,-0.005936,distillate,MW,nem,NSW1
2017-10-19 00:10:00,-0.005936,distillate,MW,nem,NSW1
2017-10-19 00:15:00,-0.005936,distillate,MW,nem,NSW1
2017-10-19 00:20:00,-0.005936,distillate,MW,nem,NSW1
2017-10-19 00:25:00,-0.005936,distillate,MW,nem,NSW1
2017-10-19 00:30:00,-0.005936,distillate,MW,nem,NSW1
2017-10-19 00:35:00,-0.005936,distillate,MW,nem,NSW1
2017-10-19 00:40:00,-0.005936,distillate,MW,nem,NSW1
2017-10-19 00:45:00,-0.002754,distillate,MW,nem,NSW1
2017-10-19 00:50:00,-0.002754,distillate,MW,nem,NSW1
2017-10-19 00:55:00,-0.002754,distillate,MW,nem,NSW1
2017-10-19 01:00:00,-0.002754,distillate,MW,nem,NSW1
2017-10-19 01:05:00,-0.002754,distillate,MW,nem,NSW1
2017-10-19 01:10:00,-0.002754,distillate,MW,nem,NSW1
2017-10-19 01:15:00,-0.002754,distillate,MW,nem,NSW1
2017-10-19 01:20:00,-0.002754,distillate,MW,nem,NSW1
2017-10-19 01:25:00,-0.002754,distillate,MW,nem,NSW1
2017-10-19 01:30:00,-0.00518,distillate,MW,nem,NSW1
2017-10-19 01:35:00,-0.00518,distillate,MW,nem,NSW1
2017-10-19 01:40:00,-0.00518,distillate,MW,nem,NSW1
2017-10-19 01:45:00,-0.00518,distillate,MW,nem,NSW1
2017-10-19 01:50:00,-0.00518,distillate,MW,nem,NSW1
2017-10-19 01:55:00,-0.00518,distillate,MW,nem,NSW1
2017-10-19 02:00:00,-0.00518,distillate,MW,nem,NSW1
2017-10-19 02:05:00,-0.00518,distillate,MW,nem,NSW1
2017-10-19 02:10:00,-0.00518,distillate,MW,nem,NSW1
2017-10-19 02:15:00,-0.002972,distillate,MW,nem,NSW1
2017-10-19 02:20:00,-0.002972,distillate,MW,nem,NSW1
2017-10-19 02:25:00,-0.002972,distillate,MW,nem,NSW1
2017-10-19 02:30:00,-0.002972,distillate,MW,nem,NSW1
2017-10-19 02:35:00,-0.002972,distillate,MW,nem,NSW1
2017-10-19 02:40:00,-0.002972,distillate,MW,nem,NSW1
2017-10-19 02:45:00,-0.002972,distillate,MW,nem,NSW1
2017-10-19 02:50:00,-0.002972,distillate,MW,nem,NSW1
2017-10-19 02:55:00,-0.002972,distillate,MW,nem,NSW1
2017-10-19 03:00:00,-0.004135,distillate,MW,nem,NSW1
2017-10-19 03:05:00,-0.004135,distillate,MW,nem,NSW1
2017-10-19 03:10:00,-0.004135,distillate,MW,nem,NSW1
2017-10-19 03:15:00,-0.004135,distillate,MW,nem,NSW1
2017-10-19 03:20:00,-0.004135,distillate,MW,nem,NSW1
2017-10-19 03:25:00,-0.004135,distillate,MW,nem,NSW1
2017-10-19 03:30:00,-0.004135,distillate,MW,nem,NSW1
2017-10-19 03:35:00,-0.004135,distillate,MW,nem,NSW1
2017-10-19 03:40:00,-0.004135,distillate,MW,nem,NSW1
2017-10-19 03:45:00,-0.004314,distillate,MW,nem,NSW1
2017-10-19 03:50:00,-0.004314,distillate,MW,nem,NSW1
2017-10-19 03:55:00,-0.004314,distillate,MW,nem,NSW1
2017-10-19 04:00:00,-0.004314,distillate,MW,nem,NSW1
2017-10-19 04:05:00,-0.004314,distillate,MW,nem,NSW1
2017-10-19 04:10:00,-0.004314,distillate,MW,nem,NSW1
2017-10-19 04:15:00,-0.004314,distillate,MW,nem,NSW1
2017-10-19 04:20:00,-0.004314,distillate,MW,nem,NSW1
2017-10-19 04:25:00,-0.004314,distillate,MW,nem,NSW1
2017-10-19 04:30:00,-0.004559,distillate,MW,nem,NSW1
2017-10-19 04:35:00,-0.004559,distillate,MW,nem,NSW1
2017-10-19 04:40:00,-0.004559,distillate,MW,nem,NSW1
2017-10-19 04:45:00,-0.004559,distillate,MW,nem,NSW1
2017-10-19 04:50:00,-0.004559,distillate,MW,nem,NSW1
2017-10-19 04:55:00,-0.004559,distillate,MW,nem,NSW1
2017-10-19 05:00:00,-0.004559,distillate,MW,nem,NSW1
2017-10-19 05:05:00,-0.004559,distillate,MW,nem,NSW1
2017-10-19 05:10:00,-0.004559,distillate,MW,nem,NSW1
2017-10-19 05:15:00,-0.004028,distillate,MW,nem,NSW1
2017-10-19 05:20:00,-0.004028,distillate,MW,nem,NSW1
2017-10-19 05:25:00,-0.004028,distillate,MW,nem,NSW1
2017-10-19 05:30:00,-0.004028,distillate,MW,nem,NSW1
2017-10-19 05:35:00,-0.004028,distillate,MW,nem,NSW1
2017-10-19 05:40:00,-0.004028,distillate,MW,nem,NSW1
2017-10-19 05:45:00,-0.004028,distillate,MW,nem,NSW1
2017-10-19 05:50:00,-0.004028,distillate,MW,nem,NSW1
2017-10-19 05:55:00,-0.004028,distillate,MW,nem,NSW1
2017-10-19 06:00:00,-0.002182,distillate,MW,nem,NSW1
2017-10-19 06:05:00,-0.002182,distillate,MW,nem,NSW1
2017-10-19 06:10:00,-0.002182,distillate,MW,nem,NSW1
2017-10-19 06:15:00,-0.002182,distillate,MW,nem,NSW1
2017-10-19 06:20:00,-0.002182,distillate,MW,nem,NSW1
2017-10-19 06:25:00,-0.002182,distillate,MW,nem,NSW1
2017-10-19 06:30:00,-0.002182,distillate,MW,nem,NSW1
2017-10-19 06:35:00,-0.002182,distillate,MW,nem,NSW1
2017-10-19 06:40:00,-0.002182,distillate,MW,nem,NSW1
2017-10-19 06:45:00,-0.002663,distillate,MW,nem,NSW1
2017-10-19 06:50:00,-0.002663,distillate,MW,nem,NSW1
2017-10-19 06:55:00,-0.002663,distillate,MW,nem,NSW1
2017-10-19 07:00:00,-0.002663,distillate,MW,nem,NSW1
2017-10-19 07:05:00,-0.002663,distillate,MW,nem,NSW1
2017-10-19 07:10:00,-0.002663,distillate,MW,nem,NSW1
2017-10-19 07:15:00,-0.002663,distillate,MW,nem,NSW1
2017-10-19 07:20:00,-0.002663,distillate,MW,nem,NSW1
2017-10-19 07:25:00,-0.002663,distillate,MW,nem,NSW1
2017-10-19 07:30:00,-0.004276,distillate,MW,nem,NSW1
2017-10-19 07:35:00,-0.004276,distillate,MW,nem,NSW1
2017-10-19 07:40:00,-0.004276,distillate,MW,nem,NSW1
2017-10-19 07:45:00,-0.004276,distillate,MW,nem,NSW1
2017-10-19 07:50:00,-0.004276,distillate,MW,nem,NSW1
2017-10-19 07:55:00,-0.004276,distillate,MW,nem,NSW1
2017-10-19 08:00:00,-0.004276,distillate,MW,nem,NSW1
2017-10-19 08:05:00,-0.004276,distillate,MW,nem,NSW1
2017-10-19 08:10:00,-0.004276,distillate,MW,nem,NSW1
2017-10-19 08:15:00,-0.003338,distillate,MW,nem,NSW1
2017-10-19 08:20:00,-0.003338,distillate,MW,nem,NSW1
2017-10-19 08:25:00,-0.003338,distillate,MW,nem,NSW1
2017-10-19 08:30:00,-0.003338,distillate,MW,nem,NSW1
2017-10-19 08:35:00,-0.003338,distillate,MW,nem,NSW1
2017-10-19 08:40:00,-0.003338,distillate,MW,nem,NSW1
2017-10-19 08:45:00,-0.003338,distillate,MW,nem,NSW1
2017-10-19 08:50:00,-0.003338,distillate,MW,nem,NSW1
2017-10-19 08:55:00,-0.003338,distillate,MW,nem,NSW1
2017-10-19 09:00:00,0.001873,distillate,MW,nem,NSW1
2017-10-19 09:05:00,0.001873,distillate,MW,nem,NSW1
2017-10-19 09:10:00,0.001873,distillate,MW,nem,NSW1
2017-10-19 09:15:00,0.001873,distillate,MW,nem,NSW1
2017-10-19 09:20:00,0.001873,distillate,MW,nem,NSW1
2017-10-19 09:25:00,0.001873,distillate,MW,nem,NSW1
2017-10-19 09:30:00,0.001873,distillate,MW,nem,NSW1
2017-10-19 09:35:00,0.001873,distillate,MW,nem,NSW1
2017-10-19 09:40:00,0.001873,distillate,MW,nem,NSW1
2017-10-19 09:45:00,0.000526,distillate,MW,nem,NSW1
2017-10-19 09:50:00,0.000526,distillate,MW,nem,NSW1
2017-10-19 09:55:00,0.000526,distillate,MW,nem,NSW1
2017-10-19 10:00:00,0.000526,distillate,MW,nem,NSW1
2017-10-19 10:05:00,0.000526,distillate,MW,nem,NSW1
2017-10-19 10:10:00,0.000526,distillate,MW,nem,NSW1
2017-10-19 10:15:00,0.000526,distillate,MW,nem,NSW1
2017-10-19 10:20:00,0.000526,distillate,MW,nem,NSW1
2017-10-19 10:25:00,0.000526,distillate,MW,nem,NSW1
2017-10-19 10:30:00,0.000427,distillate,MW,nem,NSW1
2017-10-19 10:35:00,0.000427,distillate,MW,nem,NSW1
2017-10-19 10:40:00,0.000427,distillate,MW,nem,NSW1
2017-10-19 10:45:00,0.000427,distillate,MW,nem,NSW1
2017-10-19 10:50:00,0.000427,distillate,MW,nem,NSW1
2017-10-19 10:55:00,0.000427,distillate,MW,nem,NSW1
2017-10-19 11:00:00,0.000427,distillate,MW,nem,NSW1
2017-10-19 11:05:00,0.000427,distillate,MW,nem,NSW1
2017-10-19 11:10:00,0.000427,distillate,MW,nem,NSW1
2017-10-19 11:15:00,0.001083,distillate,MW,nem,NSW1
2017-10-19 11:20:00,0.001083,distillate,MW,nem,NSW1
2017-10-19 11:25:00,0.001083,distillate,MW,nem,NSW1
2017-10-19 11:30:00,0.001083,distillate,MW,nem,NSW1
2017-10-19 11:35:00,0.001083,distillate,MW,nem,NSW1
2017-10-19 11:40:00,0.001083,distillate,MW,nem,NSW1
2017-10-19 11:45:00,0.001083,distillate,MW,nem,NSW1
2017-10-19 11:50:00,0.001083,distillate,MW,nem,NSW1
2017-10-19 11:55:00,0.001083,distillate,MW,nem,NSW1
2017-10-19 12:00:00,0.004066,distillate,MW,nem,NSW1
2017-10-19 12:05:00,0.004066,distillate,MW,nem,NSW1
2017-10-19 12:10:00,0.004066,distillate,MW,nem,NSW1
2017-10-19 12:15:00,0.004066,distillate,MW,nem,NSW1
2017-10-19 12:20:00,0.004066,distillate,MW,nem,NSW1
2017-10-19 12:25:00,0.004066,distillate,MW,nem,NSW1
2017-10-19 12:30:00,0.004066,distillate,MW,nem,NSW1
2017-10-19 12:35:00,0.004066,distillate,MW,nem,NSW1
2017-10-19 12:40:00,0.004066,distillate,MW,nem,NSW1
2017-10-19 12:45:00,0.007,distillate,MW,nem,NSW1
2017-10-19 12:50:00,0.007,distillate,MW,nem,NSW1
2017-10-19 12:55:00,0.007,distillate,MW,nem,NSW1
2017-10-19 13:00:00,0.007,distillate,MW,nem,NSW1
2017-10-19 13:05:00,0.007,distillate,MW,nem,NSW1
2017-10-19 13:10:00,0.007,distillate,MW,nem,NSW1
2017-10-19 13:15:00,0.007,distillate,MW,nem,NSW1
2017-10-19 13:20:00,0.007,distillate,MW,nem,NSW1
2017-10-19 13:25:00,0.007,distillate,MW,nem,NSW1
2017-10-19 13:30:00,0.0042,distillate,MW,nem,NSW1
2017-10-19 13:35:00,0.0042,distillate,MW,nem,NSW1
2017-10-19 13:40:00,0.0042,distillate,MW,nem,NSW1
2017-10-19 13:45:00,0.0042,distillate,MW,nem,NSW1
2017-10-19 13:50:00,0.0042,distillate,MW,nem,NSW1
2017-10-19 13:55:00,0.0042,distillate,MW,nem,NSW1
2017-10-19 14:00:00,0.0042,distillate,MW,nem,NSW1
2017-10-19 14:05:00,0.0042,distillate,MW,nem,NSW1
2017-10-19 14:10:00,0.0042,distillate,MW,nem,NSW1
2017-10-19 14:15:00,0.003696,distillate,MW,nem,NSW1
2017-10-19 14:20:00,0.003696,distillate,MW,nem,NSW1
2017-10-19 14:25:00,0.003696,distillate,MW,nem,NSW1
2017-10-19 14:30:00,0.003696,distillate,MW,nem,NSW1
2017-10-19 14:35:00,0.003696,distillate,MW,nem,NSW1
2017-10-19 14:40:00,0.003696,distillate,MW,nem,NSW1
2017-10-19 14:45:00,0.003696,distillate,MW,nem,NSW1
2017-10-19 14:50:00,0.003696,distillate,MW,nem,NSW1
2017-10-19 14:55:00,0.003696,distillate,MW,nem,NSW1
2017-10-19 15:00:00,0.001865,distillate,MW,nem,NSW1
2017-10-19 15:05:00,0.001865,distillate,MW,nem,NSW1
2017-10-19 15:10:00,0.001865,distillate,MW,nem,NSW1
2017-10-19 15:15:00,0.001865,distillate,MW,nem,NSW1
2017-10-19 15:20:00,0.001865,distillate,MW,nem,NSW1
2017-10-19 15:25:00,0.001865,distillate,MW,nem,NSW1
2017-10-19 15:30:00,0.001865,distillate,MW,nem,NSW1
2017-10-19 15:35:00,0.001865,distillate,MW,nem,NSW1
2017-10-19 15:40:00,0.001865,distillate,MW,nem,NSW1
2017-10-19 15:45:00,-0.001987,distillate,MW,nem,NSW1
2017-10-19 15:50:00,-0.001987,distillate,MW,nem,NSW1
2017-10-19 15:55:00,-0.001987,distillate,MW,nem,NSW1
2017-10-19 16:00:00,-0.001987,distillate,MW,nem,NSW1
2017-10-19 16:05:00,-0.001987,distillate,MW,nem,NSW1
2017-10-19 16:10:00,-0.001987,distillate,MW,nem,NSW1
2017-10-19 16:15:00,-0.001987,distillate,MW,nem,NSW1
2017-10-19 16:20:00,-0.001987,distillate,MW,nem,NSW1
2017-10-19 16:25:00,-0.001987,distillate,MW,nem,NSW1
2017-10-19 16:30:00,-0.003525,distillate,MW,nem,NSW1
2017-10-19 16:35:00,-0.003525,distillate,MW,nem,NSW1
2017-10-19 16:40:00,-0.003525,distillate,MW,nem,NSW1
2017-10-19 16:45:00,-0.003525,distillate,MW,nem,NSW1
2017-10-19 16:50:00,-0.003525,distillate,MW,nem,NSW1
2017-10-19 16:55:00,-0.003525,distillate,MW,nem,NSW1
2017-10-19 17:00:00,-0.003525,distillate,MW,nem,NSW1
2017-10-19 17:05:00,-0.003525,distillate,MW,nem,NSW1
2017-10-19 17:10:00,-0.003525,distillate,MW,nem,NSW1
2017-10-19 17:15:00,0.00222,distillate,MW,nem,NSW1
2017-10-19 17:20:00,0.00222,distillate,MW,nem,NSW1
2017-10-19 17:25:00,0.00222,distillate,MW,nem,NSW1
2017-10-19 17:30:00,0.00222,distillate,MW,nem,NSW1
2017-10-19 17:35:00,0.00222,distillate,MW,nem,NSW1
2017-10-19 17:40:00,0.00222,distillate,MW,nem,NSW1
2017-10-19 17:45:00,0.00222,distillate,MW,nem,NSW1
2017-10-19 17:50:00,0.00222,distillate,MW,nem,NSW1
2017-10-19 17:55:00,0.000664,distillate,MW,nem,NSW1
2017-10-19 18:00:00,0.002476,distillate,MW,nem,NSW1
2017-10-19 18:05:00,0.002476,distillate,MW,nem,NSW1
2017-10-19 18:10:00,0.002476,distillate,MW,nem,NSW1
2017-10-19 18:15:00,0.002476,distillate,MW,nem,NSW1
2017-10-19 18:20:00,0.002476,distillate,MW,nem,NSW1
2017-10-19 18:25:00,0.002476,distillate,MW,nem,NSW1
2017-10-19 18:30:00,0.002476,distillate,MW,nem,NSW1
2017-10-19 18:35:00,0.002476,distillate,MW,nem,NSW1
2017-10-19 18:40:00,0.002476,distillate,MW,nem,NSW1
2017-10-19 18:45:00,-0.0037,distillate,MW,nem,NSW1
2017-10-19 18:50:00,-0.0037,distillate,MW,nem,NSW1
2017-10-19 18:55:00,-0.0037,distillate,MW,nem,NSW1
2017-10-19 19:00:00,-0.0037,distillate,MW,nem,NSW1
2017-10-19 19:05:00,-0.0037,distillate,MW,nem,NSW1
2017-10-19 19:10:00,-0.0037,distillate,MW,nem,NSW1
2017-10-19 19:15:00,-0.0037,distillate,MW,nem,NSW1
2017-10-19 19:20:00,-0.0037,distillate,MW,nem,NSW1
2017-10-19 19:25:00,-0.0037,distillate,MW,nem,NSW1
2017-10-19 19:30:00,-0.006905,distillate,MW,nem,NSW1
2017-10-19 19:35:00,-0.006905,distillate,MW,nem,NSW1
2017-10-19 19:40:00,-0.006905,distillate,MW,nem,NSW1
2017-10-19 19:45:00,-0.006905,distillate,MW,nem,NSW1
2017-10-19 19:50:00,-0.006905,distillate,MW,nem,NSW1
2017-10-19 19:55:00,-0.006905,distillate,MW,nem,NSW1
2017-10-19 20:00:00,-0.006905,distillate,MW,nem,NSW1
2017-10-19 20:05:00,-0.006905,distillate,MW,nem,NSW1
2017-10-19 20:10:00,-0.006905,distillate,MW,nem,NSW1
2017-10-19 20:15:00,-0.005001,distillate,MW,nem,NSW1
2017-10-19 20:20:00,-0.005001,distillate,MW,nem,NSW1
2017-10-19 20:25:00,-0.005001,distillate,MW,nem,NSW1
2017-10-19 20:30:00,-0.005001,distillate,MW,nem,NSW1
2017-10-19 20:35:00,-0.005001,distillate,MW,nem,NSW1
2017-10-19 20:40:00,-0.005001,distillate,MW,nem,NSW1
2017-10-19 20:45:00,-0.005001,distillate,MW,nem,NSW1
2017-10-19 20:50:00,-0.005001,distillate,MW,nem,NSW1
2017-10-19 20:55:00,-0.005001,distillate,MW,nem,NSW1
2017-10-19 21:00:00,-0.00914,distillate,MW,nem,NSW1
2017-10-19 21:05:00,-0.00914,distillate,MW,nem,NSW1
2017-10-19 21:10:00,-0.00914,distillate,MW,nem,NSW1
2017-10-19 21:15:00,-0.00914,distillate,MW,nem,NSW1
2017-10-19 21:20:00,-0.00914,distillate,MW,nem,NSW1
2017-10-19 21:25:00,-0.00914,distillate,MW,nem,NSW1
2017-10-19 21:30:00,-0.00914,distillate,MW,nem,NSW1
2017-10-19 21:35:00,-0.00914,distillate,MW,nem,NSW1
2017-10-19 21:40:00,-0.00914,distillate,MW,nem,NSW1
2017-10-19 21:45:00,-0.008942,distillate,MW,nem,NSW1
2017-10-19 21:50:00,-0.008942,distillate,MW,nem,NSW1
2017-10-19 21:55:00,-0.008942,distillate,MW,nem,NSW1
2017-10-19 22:00:00,-0.008942,distillate,MW,nem,NSW1
2017-10-19 22:05:00,-0.008942,distillate,MW,nem,NSW1
2017-10-19 22:10:00,-0.008942,distillate,MW,nem,NSW1
2017-10-19 22:15:00,-0.008942,distillate,MW,nem,NSW1
2017-10-19 22:20:00,-0.008942,distillate,MW,nem,NSW1
2017-10-19 22:25:00,-0.008942,distillate,MW,nem,NSW1
2017-10-19 22:30:00,-0.006355,distillate,MW,nem,NSW1
2017-10-19 22:35:00,-0.006355,distillate,MW,nem,NSW1
2017-10-19 22:40:00,-0.006355,distillate,MW,nem,NSW1
2017-10-19 22:45:00,-0.006355,distillate,MW,nem,NSW1
2017-10-19 22:50:00,-0.006355,distillate,MW,nem,NSW1
2017-10-19 22:55:00,-0.006355,distillate,MW,nem,NSW1
2017-10-19 23:00:00,-0.006355,distillate,MW,nem,NSW1
2017-10-19 23:05:00,-0.006355,distillate,MW,nem,NSW1
2017-10-19 23:10:00,-0.006355,distillate,MW,nem,NSW1
2017-10-19 23:15:00,-0.006996,distillate,MW,nem,NSW1
2017-10-19 23:20:00,-0.006996,distillate,MW,nem,NSW1
2017-10-19 23:25:00,-0.006996,distillate,MW,nem,NSW1
2017-10-19 23:30:00,-0.006996,distillate,MW,nem,NSW1
2017-10-19 23:35:00,-0.006996,distillate,MW,nem,NSW1
2017-10-19 23:40:00,-0.006996,distillate,MW,nem,NSW1
2017-10-19 23:45:00,-0.006996,distillate,MW,nem,NSW1
2017-10-19 23:50:00,-0.006996,distillate,MW,nem,NSW1
2017-10-19 23:55:00,-0.006996,distillate,MW,nem,NSW1
2017-10-20 00:00:00,6.9e-05,distillate,MW,nem,NSW1
2017-10-20 00:05:00,6.9e-05,distillate,MW,nem,NSW1
2017-10-20 00:10:00,6.9e-05,distillate,MW,nem,NSW1
2017-10-20 00:15:00,6.9e-05,distillate,MW,nem,NSW1
2017-10-20 00:20:00,6.9e-05,distillate,MW,nem,NSW1
2017-10-20 00:25:00,6.9e-05,distillate,MW,nem,NSW1
2017-10-20 00:30:00,6.9e-05,distillate,MW,nem,NSW1
2017-10-20 00:35:00,6.9e-05,distillate,MW,nem,NSW1
2017-10-20 00:40:00,6.9e-05,distillate,MW,nem,NSW1
2017-10-20 00:45:00,-0.001446,distillate,MW,nem,NSW1
2017-10-20 00:50:00,-0.001446,distillate,MW,nem,NSW1
2017-10-20 00:55:00,-0.001446,distillate,MW,nem,NSW1
2017-10-20 01:00:00,-0.001446,distillate,MW,nem,NSW1
2017-10-20 01:05:00,-0.001446,distillate,MW,nem,NSW1
2017-10-20 01:10:00,-0.001446,distillate,MW,nem,NSW1
2017-10-20 01:15:00,-0.001446,distillate,MW,nem,NSW1
2017-10-20 01:20:00,-0.001446,distillate,MW,nem,NSW1
2017-10-20 01:25:00,-0.001446,distillate,MW,nem,NSW1
2017-10-20 01:30:00,-0.002705,distillate,MW,nem,NSW1
2017-10-20 01:35:00,-0.002705,distillate,MW,nem,NSW1
2017-10-20 01:40:00,-0.002705,distillate,MW,nem,NSW1
2017-10-20 01:45:00,-0.002705,distillate,MW,nem,NSW1
2017-10-20 01:50:00,-0.002705,distillate,MW,nem,NSW1
2017-10-20 01:55:00,-0.002705,distillate,MW,nem,NSW1
2017-10-20 02:00:00,-0.002705,distillate,MW,nem,NSW1
2017-10-20 02:05:00,-0.002705,distillate,MW,nem,NSW1
2017-10-20 02:10:00,-0.002705,distillate,MW,nem,NSW1
2017-10-20 02:15:00,-0.00206,distillate,MW,nem,NSW1
2017-10-20 02:20:00,-0.00206,distillate,MW,nem,NSW1
2017-10-20 02:25:00,-0.00206,distillate,MW,nem,NSW1
2017-10-20 02:30:00,-0.00206,distillate,MW,nem,NSW1
2017-10-20 02:35:00,-0.00206,distillate,MW,nem,NSW1
2017-10-20 02:40:00,-0.00206,distillate,MW,nem,NSW1
2017-10-20 02:45:00,-0.00206,distillate,MW,nem,NSW1
2017-10-20 02:50:00,-0.00206,distillate,MW,nem,NSW1
2017-10-20 02:55:00,-0.00206,distillate,MW,nem,NSW1
2017-10-20 03:00:00,-0.005589,distillate,MW,nem,NSW1
2017-10-20 03:05:00,-0.005589,distillate,MW,nem,NSW1
2017-10-20 03:10:00,-0.005589,distillate,MW,nem,NSW1
2017-10-20 03:15:00,-0.005589,distillate,MW,nem,NSW1
2017-10-20 03:20:00,-0.005589,distillate,MW,nem,NSW1
2017-10-20 03:25:00,-0.005589,distillate,MW,nem,NSW1
2017-10-20 03:30:00,-0.005589,distillate,MW,nem,NSW1
2017-10-20 03:35:00,-0.005589,distillate,MW,nem,NSW1
2017-10-20 03:40:00,-0.005589,distillate,MW,nem,NSW1
2017-10-20 03:45:00,-0.006111,distillate,MW,nem,NSW1
2017-10-20 03:50:00,-0.006111,distillate,MW,nem,NSW1
2017-10-20 03:55:00,-0.006111,distillate,MW,nem,NSW1
2017-10-20 04:00:00,-0.006111,distillate,MW,nem,NSW1
2017-10-20 04:05:00,-0.006111,distillate,MW,nem,NSW1
2017-10-20 04:10:00,-0.006111,distillate,MW,nem,NSW1
2017-10-20 04:15:00,-0.006111,distillate,MW,nem,NSW1
2017-10-20 04:20:00,-0.006111,distillate,MW,nem,NSW1
2017-10-20 04:25:00,-0.006111,distillate,MW,nem,NSW1
2017-10-20 04:30:00,-0.01144,distillate,MW,nem,NSW1
2017-10-20 04:35:00,-0.01144,distillate,MW,nem,NSW1
2017-10-20 04:40:00,-0.01144,distillate,MW,nem,NSW1
2017-10-20 04:45:00,-0.01144,distillate,MW,nem,NSW1
2017-10-20 04:50:00,-0.01144,distillate,MW,nem,NSW1
2017-10-20 04:55:00,-0.01144,distillate,MW,nem,NSW1
2017-10-20 05:00:00,-0.01144,distillate,MW,nem,NSW1
2017-10-20 05:05:00,-0.01144,distillate,MW,nem,NSW1
2017-10-20 05:10:00,-0.01144,distillate,MW,nem,NSW1
2017-10-20 05:15:00,-0.01585,distillate,MW,nem,NSW1
2017-10-20 05:20:00,-0.01585,distillate,MW,nem,NSW1
2017-10-20 05:25:00,-0.01585,distillate,MW,nem,NSW1
2017-10-20 05:30:00,-0.01585,distillate,MW,nem,NSW1
2017-10-20 05:35:00,-0.01585,distillate,MW,nem,NSW1
2017-10-20 05:40:00,-0.01585,distillate,MW,nem,NSW1
2017-10-20 05:45:00,-0.01585,distillate,MW,nem,NSW1
2017-10-20 05:50:00,-0.01585,distillate,MW,nem,NSW1
2017-10-20 05:55:00,-0.01585,distillate,MW,nem,NSW1
2017-10-20 06:00:00,-0.01841,distillate,MW,nem,NSW1
2017-10-20 06:05:00,-0.01841,distillate,MW,nem,NSW1
2017-10-20 06:10:00,-0.01841,distillate,MW,nem,NSW1
2017-10-20 06:15:00,-0.01841,distillate,MW,nem,NSW1
2017-10-20 06:20:00,-0.01841,distillate,MW,nem,NSW1
2017-10-20 06:25:00,-0.01841,distillate,MW,nem,NSW1
2017-10-20 06:30:00,-0.01841,distillate,MW,nem,NSW1
2017-10-20 06:35:00,-0.01841,distillate,MW,nem,NSW1
2017-10-20 06:40:00,-0.01841,distillate,MW,nem,NSW1
2017-10-20 06:45:00,-0.01997,distillate,MW,nem,NSW1
2017-10-20 06:50:00,-0.01997,distillate,MW,nem,NSW1
2017-10-20 06:55:00,-0.01997,distillate,MW,nem,NSW1
2017-10-20 07:00:00,-0.01997,distillate,MW,nem,NSW1
2017-10-20 07:05:00,-0.01997,distillate,MW,nem,NSW1
2017-10-20 07:10:00,-0.01997,distillate,MW,nem,NSW1
2017-10-20 07:15:00,-0.01997,distillate,MW,nem,NSW1
2017-10-20 07:20:00,-0.01997,distillate,MW,nem,NSW1
2017-10-20 07:25:00,-0.01997,distillate,MW,nem,NSW1
2017-10-20 07:30:00,-0.02117,distillate,MW,nem,NSW1
2017-10-20 07:35:00,-0.02117,distillate,MW,nem,NSW1
2017-10-20 07:40:00,-0.02117,distillate,MW,nem,NSW1
2017-10-20 07:45:00,-0.02117,distillate,MW,nem,NSW1
2017-10-20 07:50:00,-0.02117,distillate,MW,nem,NSW1
2017-10-20 07:55:00,-0.02117,distillate,MW,nem,NSW1
2017-10-20 08:00:00,-0.02117,distillate,MW,nem,NSW1
2017-10-20 08:05:00,-0.02117,distillate,MW,nem,NSW1
2017-10-20 08:10:00,-0.02117,distillate,MW,nem,NSW1
2017-10-20 08:15:00,-0.01715,distillate,MW,nem,NSW1
2017-10-20 08:20:00,-0.01715,distillate,MW,nem,NSW1
2017-10-20 08:25:00,-0.01715,distillate,MW,nem,NSW1
2017-10-20 08:30:00,-0.01715,distillate,MW,nem,NSW1
2017-10-20 08:35:00,-0.01715,distillate,MW,nem,NSW1
2017-10-20 08:40:00,-0.01715,distillate,MW,nem,NSW1
2017-10-20 08:45:00,-0.01715,distillate,MW,nem,NSW1
2017-10-20 08:50:00,-0.01715,distillate,MW,nem,NSW1
2017-10-20 08:55:00,-0.01715,distillate,MW,nem,NSW1
2017-10-20 09:00:00,-0.01487,distillate,MW,nem,NSW1
2017-10-20 09:05:00,-0.01487,distillate,MW,nem,NSW1
2017-10-20 09:10:00,-0.01487,distillate,MW,nem,NSW1
2017-10-20 09:15:00,-0.01487,distillate,MW,nem,NSW1
2017-10-20 09:20:00,-0.01487,distillate,MW,nem,NSW1
2017-10-20 09:25:00,-0.01487,distillate,MW,nem,NSW1
2017-10-20 09:30:00,-0.01487,distillate,MW,nem,NSW1
2017-10-20 09:35:00,-0.01487,distillate,MW,nem,NSW1
2017-10-20 09:40:00,-0.01487,distillate,MW,nem,NSW1
2017-10-20 09:45:00,-0.01661,distillate,MW,nem,NSW1
2017-10-20 09:50:00,-0.01661,distillate,MW,nem,NSW1
2017-10-20 09:55:00,-0.01661,distillate,MW,nem,NSW1
2017-10-20 10:00:00,-0.01661,distillate,MW,nem,NSW1
2017-10-20 10:05:00,-0.01661,distillate,MW,nem,NSW1
2017-10-20 10:10:00,-0.01661,distillate,MW,nem,NSW1
2017-10-20 10:15:00,-0.01661,distillate,MW,nem,NSW1
2017-10-20 10:20:00,-0.01661,distillate,MW,nem,NSW1
2017-10-20 10:25:00,-0.01661,distillate,MW,nem,NSW1
2017-10-20 10:30:00,-0.01099,distillate,MW,nem,NSW1
2017-10-20 10:35:00,-0.01099,distillate,MW,nem,NSW1
2017-10-20 10:40:00,-0.01099,distillate,MW,nem,NSW1
2017-10-20 10:45:00,-0.01099,distillate,MW,nem,NSW1
2017-10-20 10:50:00,-0.01099,distillate,MW,nem,NSW1
2017-10-20 10:55:00,-0.01099,distillate,MW,nem,NSW1
2017-10-20 11:00:00,-0.01099,distillate,MW,nem,NSW1
2017-10-20 11:05:00,-0.01099,distillate,MW,nem,NSW1
2017-10-20 11:10:00,-0.01099,distillate,MW,nem,NSW1
2017-10-20 11:15:00,-0.00473,distillate,MW,nem,NSW1
2017-10-20 11:20:00,-0.00473,distillate,MW,nem,NSW1
2017-10-20 11:25:00,-0.00473,distillate,MW,nem,NSW1
2017-10-20 11:30:00,-0.00473,distillate,MW,nem,NSW1
2017-10-20 11:35:00,-0.00473,distillate,MW,nem,NSW1
2017-10-20 11:40:00,-0.00473,distillate,MW,nem,NSW1
2017-10-20 11:45:00,-0.00473,distillate,MW,nem,NSW1
2017-10-20 11:50:00,-0.00473,distillate,MW,nem,NSW1
2017-10-20 11:55:00,-0.00473,distillate,MW,nem,NSW1
2017-10-20 12:00:00,-0.000919,distillate,MW,nem,NSW1
2017-10-20 12:05:00,-0.000919,distillate,MW,nem,NSW1
2017-10-20 12:10:00,-0.000919,distillate,MW,nem,NSW1
2017-10-20 12:15:00,-0.000919,distillate,MW,nem,NSW1
2017-10-20 12:20:00,-0.000919,distillate,MW,nem,NSW1
2017-10-20 12:25:00,-0.000919,distillate,MW,nem,NSW1
2017-10-20 12:30:00,-0.000919,distillate,MW,nem,NSW1
2017-10-20 12:35:00,-0.000919,distillate,MW,nem,NSW1
2017-10-20 12:40:00,-0.000919,distillate,MW,nem,NSW1
2017-10-20 12:45:00,-0.001007,distillate,MW,nem,NSW1
2017-10-20 12:50:00,-0.001007,distillate,MW,nem,NSW1
2017-10-20 12:55:00,-0.001007,distillate,MW,nem,NSW1
2017-10-20 13:00:00,-0.001007,distillate,MW,nem,NSW1
2017-10-20 13:05:00,-0.001007,distillate,MW,nem,NSW1
2017-10-20 13:10:00,-0.001007,distillate,MW,nem,NSW1
2017-10-20 13:15:00,-0.001007,distillate,MW,nem,NSW1
2017-10-20 13:20:00,-0.001007,distillate,MW,nem,NSW1
2017-10-20 13:25:00,-0.001007,distillate,MW,nem,NSW1
2017-10-20 13:30:00,-0.003746,distillate,MW,nem,NSW1
2017-10-20 13:35:00,0.04013,distillate,MW,nem,NSW1
2017-10-20 13:40:00,0.04013,distillate,MW,nem,NSW1
2017-10-20 13:45:00,0.04013,distillate,MW,nem,NSW1
2017-10-20 13:50:00,0.04013,distillate,MW,nem,NSW1
2017-10-20 13:55:00,0.04013,distillate,MW,nem,NSW1
2017-10-20 14:00:00,0.04013,distillate,MW,nem,NSW1
2017-10-20 14:05:00,0.04013,distillate,MW,nem,NSW1
2017-10-20 14:10:00,0.04013,distillate,MW,nem,NSW1
2017-10-20 14:15:00,0.04151,distillate,MW,nem,NSW1
2017-10-20 14:20:00,0.04151,distillate,MW,nem,NSW1
2017-10-20 14:25:00,0.04151,distillate,MW,nem,NSW1
2017-10-20 14:30:00,0.04151,distillate,MW,nem,NSW1
2017-10-20 14:35:00,0.04151,distillate,MW,nem,NSW1
2017-10-20 14:40:00,0.04151,distillate,MW,nem,NSW1
2017-10-20 14:45:00,0.04151,distillate,MW,nem,NSW1
2017-10-20 14:50:00,0.04151,distillate,MW,nem,NSW1
2017-10-20 14:55:00,0.04151,distillate,MW,nem,NSW1
2017-10-20 15:00:00,0.03892,distillate,MW,nem,NSW1
2017-10-20 15:05:00,0.03892,distillate,MW,nem,NSW1
2017-10-20 15:10:00,0.03892,distillate,MW,nem,NSW1
2017-10-20 15:15:00,0.03892,distillate,MW,nem,NSW1
2017-10-20 15:20:00,0.03892,distillate,MW,nem,NSW1
2017-10-20 15:25:00,0.03892,distillate,MW,nem,NSW1
2017-10-20 15:30:00,0.03892,distillate,MW,nem,NSW1
2017-10-20 15:35:00,0.03892,distillate,MW,nem,NSW1
2017-10-20 15:40:00,0.03892,distillate,MW,nem,NSW1
2017-10-20 15:45:00,0.03706,distillate,MW,nem,NSW1
2017-10-20 15:50:00,0.03706,distillate,MW,nem,NSW1
2017-10-20 15:55:00,0.03706,distillate,MW,nem,NSW1
2017-10-20 16:00:00,0.03706,distillate,MW,nem,NSW1
2017-10-20 16:05:00,0.03706,distillate,MW,nem,NSW1
2017-10-20 16:10:00,0.03706,distillate,MW,nem,NSW1
2017-10-20 16:15:00,0.03706,distillate,MW,nem,NSW1
2017-10-20 16:20:00,0.03706,distillate,MW,nem,NSW1
2017-10-20 16:25:00,0.03706,distillate,MW,nem,NSW1
2017-10-20 16:30:00,0.03835,distillate,MW,nem,NSW1
2017-10-20 16:35:00,0.03835,distillate,MW,nem,NSW1
2017-10-20 16:40:00,0.03835,distillate,MW,nem,NSW1
2017-10-20 16:45:00,0.03835,distillate,MW,nem,NSW1
2017-10-20 16:50:00,0.03835,distillate,MW,nem,NSW1
2017-10-20 16:55:00,0.03835,distillate,MW,nem,NSW1
2017-10-20 17:00:00,0.03835,distillate,MW,nem,NSW1
2017-10-20 17:05:00,0.03835,distillate,MW,nem,NSW1
2017-10-20 17:10:00,0.03835,distillate,MW,nem,NSW1
2017-10-20 17:15:00,0.03788,distillate,MW,nem,NSW1
2017-10-20 17:20:00,0.03788,distillate,MW,nem,NSW1
2017-10-20 17:25:00,0.03788,distillate,MW,nem,NSW1
2017-10-20 17:30:00,0.03788,distillate,MW,nem,NSW1
2017-10-20 17:35:00,0.03788,distillate,MW,nem,NSW1
2017-10-20 17:40:00,0.03788,distillate,MW,nem,NSW1
2017-10-20 17:45:00,0.03788,distillate,MW,nem,NSW1
2017-10-20 17:50:00,0.03788,distillate,MW,nem,NSW1
2017-10-20 17:55:00,0.03788,distillate,MW,nem,NSW1
2017-10-20 18:00:00,0.0368,distillate,MW,nem,NSW1
2017-10-20 18:05:00,0.0368,distillate,MW,nem,NSW1
2017-10-20 18:10:00,0.0368,distillate,MW,nem,NSW1
2017-10-20 18:15:00,0.0368,distillate,MW,nem,NSW1
2017-10-20 18:20:00,0.0368,distillate,MW,nem,NSW1
2017-10-20 18:25:00,0.0368,distillate,MW,nem,NSW1
2017-10-20 18:30:00,0.0368,distillate,MW,nem,NSW1
2017-10-20 18:35:00,0.0368,distillate,MW,nem,NSW1
2017-10-20 18:40:00,0.0368,distillate,MW,nem,NSW1
2017-10-20 18:45:00,0.03831,distillate,MW,nem,NSW1
2017-10-20 18:50:00,0.03831,distillate,MW,nem,NSW1
2017-10-20 18:55:00,0.03831,distillate,MW,nem,NSW1
2017-10-20 19:00:00,0.03831,distillate,MW,nem,NSW1
2017-10-20 19:05:00,0.03831,distillate,MW,nem,NSW1
2017-10-20 19:10:00,0.03831,distillate,MW,nem,NSW1
2017-10-20 19:15:00,0.03831,distillate,MW,nem,NSW1
2017-10-20 19:20:00,0.03831,distillate,MW,nem,NSW1
2017-10-20 19:25:00,0.03831,distillate,MW,nem,NSW1
2017-10-20 19:30:00,0.0392,distillate,MW,nem,NSW1
2017-10-20 19:35:00,0.0392,distillate,MW,nem,NSW1
2017-10-20 19:40:00,0.0392,distillate,MW,nem,NSW1
2017-10-20 19:45:00,0.0392,distillate,MW,nem,NSW1
2017-10-20 19:50:00,0.0392,distillate,MW,nem,NSW1
2017-10-20 19:55:00,0.0392,distillate,MW,nem,NSW1
2017-10-20 20:00:00,0.0392,distillate,MW,nem,NSW1
2017-10-20 20:05:00,0.0392,distillate,MW,nem,NSW1
2017-10-20 20:10:00,0.0392,distillate,MW,nem,NSW1
2017-10-20 20:15:00,0.04148,distillate,MW,nem,NSW1
2017-10-20 20:20:00,0.04148,distillate,MW,nem,NSW1
2017-10-20 20:25:00,0.04148,distillate,MW,nem,NSW1
2017-10-20 20:30:00,0.04148,distillate,MW,nem,NSW1
2017-10-20 20:35:00,0.04148,distillate,MW,nem,NSW1
2017-10-20 20:40:00,0.04148,distillate,MW,nem,NSW1
2017-10-20 20:45:00,0.04148,distillate,MW,nem,NSW1
2017-10-20 20:50:00,0.04148,distillate,MW,nem,NSW1
2017-10-20 20:55:00,0.04148,distillate,MW,nem,NSW1
2017-10-20 21:00:00,0.04047,distillate,MW,nem,NSW1
2017-10-20 21:05:00,0.04047,distillate,MW,nem,NSW1
2017-10-20 21:10:00,0.04047,distillate,MW,nem,NSW1
2017-10-20 21:15:00,0.04047,distillate,MW,nem,NSW1
2017-10-20 21:20:00,0.04047,distillate,MW,nem,NSW1
2017-10-20 21:25:00,0.04047,distillate,MW,nem,NSW1
2017-10-20 21:30:00,0.04047,distillate,MW,nem,NSW1
2017-10-20 21:35:00,0.04047,distillate,MW,nem,NSW1
2017-10-20 21:40:00,0.04047,distillate,MW,nem,NSW1
2017-10-20 21:45:00,0.04078,distillate,MW,nem,NSW1
2017-10-20 21:50:00,0.04078,distillate,MW,nem,NSW1
2017-10-20 21:55:00,0.04078,distillate,MW,nem,NSW1
2017-10-20 22:00:00,0.04078,distillate,MW,nem,NSW1
2017-10-20 22:05:00,0.04078,distillate,MW,nem,NSW1
2017-10-20 22:10:00,0.04078,distillate,MW,nem,NSW1
2017-10-20 22:15:00,0.04078,distillate,MW,nem,NSW1
2017-10-20 22:20:00,0.04078,distillate,MW,nem,NSW1
2017-10-20 22:25:00,0.04078,distillate,MW,nem,NSW1
2017-10-20 22:30:00,0.03999,distillate,MW,nem,NSW1
2017-10-20 22:35:00,0.03999,distillate,MW,nem,NSW1
2017-10-20 22:40:00,0.03999,distillate,MW,nem,NSW1
2017-10-20 22:45:00,0.03999,distillate,MW,nem,NSW1
2017-10-20 22:50:00,0.03999,distillate,MW,nem,NSW1
2017-10-20 22:55:00,0.03999,distillate,MW,nem,NSW1
2017-10-20 23:00:00,0.03999,distillate,MW,nem,NSW1
2017-10-20 23:05:00,0.03999,distillate,MW,nem,NSW1
2017-10-20 23:10:00,0.03999,distillate,MW,nem,NSW1
2017-10-20 23:15:00,0.04126,distillate,MW,nem,NSW1
2017-10-20 23:20:00,0.04126,distillate,MW,nem,NSW1
2017-10-20 23:25:00,0.04126,distillate,MW,nem,NSW1
2017-10-20 23:30:00,0.04126,distillate,MW,nem,NSW1
2017-10-20 23:35:00,0.04126,distillate,MW,nem,NSW1
2017-10-20 23:40:00,0.04126,distillate,MW,nem,NSW1
2017-10-20 23:45:00,0.04126,distillate,MW,nem,NSW1
2017-10-20 23:50:00,0.04126,distillate,MW,nem,NSW1
2017-10-20 23:55:00,0.04126,distillate,MW,nem,NSW1
2017-10-21 00:00:00,0.0381,distillate,MW,nem,NSW1
2017-10-21 00:05:00,0.0381,distillate,MW,nem,NSW1
2017-10-21 00:10:00,0.0381,distillate,MW,nem,NSW1
2017-10-21 00:15:00,0.0381,distillate,MW,nem,NSW1
2017-10-21 00:20:00,0.0381,distillate,MW,nem,NSW1
2017-10-21 00:25:00,0.0381,distillate,MW,nem,NSW1
2017-10-21 00:30:00,0.0381,distillate,MW,nem,NSW1
2017-10-21 00:35:00,0.0381,distillate,MW,nem,NSW1
2017-10-21 00:40:00,0.0381,distillate,MW,nem,NSW1
2017-10-21 00:45:00,0.04204,distillate,MW,nem,NSW1
2017-10-21 00:50:00,0.04204,distillate,MW,nem,NSW1
2017-10-21 00:55:00,0.04204,distillate,MW,nem,NSW1
2017-10-21 01:00:00,0.04204,distillate,MW,nem,NSW1
2017-10-21 01:05:00,0.04204,distillate,MW,nem,NSW1
2017-10-21 01:10:00,0.04204,distillate,MW,nem,NSW1
2017-10-21 01:15:00,0.04204,distillate,MW,nem,NSW1
2017-10-21 01:20:00,0.04204,distillate,MW,nem,NSW1
2017-10-21 01:25:00,0.04204,distillate,MW,nem,NSW1
2017-10-21 01:30:00,0.03594,distillate,MW,nem,NSW1
2017-10-21 01:35:00,0.03594,distillate,MW,nem,NSW1
2017-10-21 01:40:00,0.03594,distillate,MW,nem,NSW1
2017-10-21 01:45:00,0.03594,distillate,MW,nem,NSW1
2017-10-21 01:50:00,0.03594,distillate,MW,nem,NSW1
2017-10-21 01:55:00,0.03594,distillate,MW,nem,NSW1
2017-10-21 02:00:00,0.03594,distillate,MW,nem,NSW1
2017-10-21 02:05:00,0.03594,distillate,MW,nem,NSW1
2017-10-21 02:10:00,0.03594,distillate,MW,nem,NSW1
2017-10-21 02:15:00,0.03689,distillate,MW,nem,NSW1
2017-10-21 02:20:00,0.03689,distillate,MW,nem,NSW1
2017-10-21 02:25:00,0.03689,distillate,MW,nem,NSW1
2017-10-21 02:30:00,0.03689,distillate,MW,nem,NSW1
2017-10-21 02:35:00,0.03689,distillate,MW,nem,NSW1
2017-10-21 02:40:00,0.03689,distillate,MW,nem,NSW1
2017-10-21 02:45:00,0.03689,distillate,MW,nem,NSW1
2017-10-21 02:50:00,0.03689,distillate,MW,nem,NSW1
2017-10-21 02:55:00,0.03689,distillate,MW,nem,NSW1
2017-10-21 03:00:00,0.0345,distillate,MW,nem,NSW1
2017-10-21 03:05:00,0.0345,distillate,MW,nem,NSW1
2017-10-21 03:10:00,0.0345,distillate,MW,nem,NSW1
2017-10-21 03:15:00,0.0345,distillate,MW,nem,NSW1
2017-10-21 03:20:00,0.0345,distillate,MW,nem,NSW1
2017-10-21 03:25:00,0.0345,distillate,MW,nem,NSW1
2017-10-21 03:30:00,0.0345,distillate,MW,nem,NSW1
2017-10-21 03:35:00,0.0345,distillate,MW,nem,NSW1
2017-10-21 03:40:00,0.0345,distillate,MW,nem,NSW1
2017-10-21 03:45:00,0.03447,distillate,MW,nem,NSW1
2017-10-21 03:50:00,0.03447,distillate,MW,nem,NSW1
2017-10-21 03:55:00,0.03447,distillate,MW,nem,NSW1
2017-10-21 04:00:00,0.03447,distillate,MW,nem,NSW1
2017-10-21 04:05:00,0.03447,distillate,MW,nem,NSW1
2017-10-21 04:10:00,0.03447,distillate,MW,nem,NSW1
2017-10-21 04:15:00,0.03447,distillate,MW,nem,NSW1
2017-10-21 04:20:00,0.03447,distillate,MW,nem,NSW1
2017-10-21 04:25:00,0.03447,distillate,MW,nem,NSW1
2017-10-21 04:30:00,0.03533,distillate,MW,nem,NSW1
2017-10-21 04:35:00,0.03533,distillate,MW,nem,NSW1
2017-10-21 04:40:00,0.03533,distillate,MW,nem,NSW1
2017-10-21 04:45:00,0.03533,distillate,MW,nem,NSW1
2017-10-21 04:50:00,0.03533,distillate,MW,nem,NSW1
2017-10-21 04:55:00,0.03533,distillate,MW,nem,NSW1
2017-10-21 05:00:00,0.03533,distillate,MW,nem,NSW1
2017-10-21 05:05:00,0.03533,distillate,MW,nem,NSW1
2017-10-21 05:10:00,0.03533,distillate,MW,nem,NSW1
2017-10-21 05:15:00,0.03189,distillate,MW,nem,NSW1
2017-10-21 05:20:00,0.03189,distillate,MW,nem,NSW1
2017-10-21 05:25:00,0.03189,distillate,MW,nem,NSW1
2017-10-21 05:30:00,0.03189,distillate,MW,nem,NSW1
2017-10-21 05:35:00,0.03189,distillate,MW,nem,NSW1
2017-10-21 05:40:00,0.03189,distillate,MW,nem,NSW1
2017-10-21 05:45:00,0.03189,distillate,MW,nem,NSW1
2017-10-21 05:50:00,0.03189,distillate,MW,nem,NSW1
2017-10-21 05:55:00,0.03189,distillate,MW,nem,NSW1
2017-10-21 06:00:00,0.03009,distillate,MW,nem,NSW1
2017-10-21 06:05:00,0.03009,distillate,MW,nem,NSW1
2017-10-21 06:10:00,0.03009,distillate,MW,nem,NSW1
2017-10-21 06:15:00,0.03009,distillate,MW,nem,NSW1
2017-10-21 06:20:00,0.03009,distillate,MW,nem,NSW1
2017-10-21 06:25:00,0.03009,distillate,MW,nem,NSW1
2017-10-21 06:30:00,0.03009,distillate,MW,nem,NSW1
2017-10-21 06:35:00,0.03009,distillate,MW,nem,NSW1
2017-10-21 06:40:00,0.03009,distillate,MW,nem,NSW1
2017-10-21 06:45:00,0.02835,distillate,MW,nem,NSW1
2017-10-21 06:50:00,0.02835,distillate,MW,nem,NSW1
2017-10-21 06:55:00,0.02835,distillate,MW,nem,NSW1
2017-10-21 07:00:00,0.02835,distillate,MW,nem,NSW1
2017-10-21 07:05:00,0.02835,distillate,MW,nem,NSW1
2017-10-21 07:10:00,0.02835,distillate,MW,nem,NSW1
2017-10-21 07:15:00,0.02835,distillate,MW,nem,NSW1
2017-10-21 07:20:00,0.02835,distillate,MW,nem,NSW1
2017-10-21 07:25:00,0.02835,distillate,MW,nem,NSW1
2017-10-21 07:30:00,0.0303,distillate,MW,nem,NSW1
2017-10-21 07:35:00,0.0303,distillate,MW,nem,NSW1
2017-10-21 07:40:00,0.0303,distillate,MW,nem,NSW1
2017-10-21 07:45:00,0.02614,distillate,MW,nem,NSW1
2017-10-21 07:50:00,0.02614,distillate,MW,nem,NSW1
2017-10-21 07:55:00,0.02614,distillate,MW,nem,NSW1
2017-10-21 08:00:00,0.0297,distillate,MW,nem,NSW1
2017-10-21 08:05:00,0.0297,distillate,MW,nem,NSW1
2017-10-21 08:10:00,0.0297,distillate,MW,nem,NSW1
2017-10-21 08:15:00,0.0297,distillate,MW,nem,NSW1
2017-10-21 08:20:00,0.0297,distillate,MW,nem,NSW1
2017-10-21 08:25:00,0.0297,distillate,MW,nem,NSW1
2017-10-21 08:30:00,0.0297,distillate,MW,nem,NSW1
2017-10-21 08:35:00,0.0297,distillate,MW,nem,NSW1
2017-10-21 08:40:00,0.0297,distillate,MW,nem,NSW1
2017-10-21 08:45:00,0.03196,distillate,MW,nem,NSW1
2017-10-21 08:50:00,0.03196,distillate,MW,nem,NSW1
2017-10-21 08:55:00,0.03196,distillate,MW,nem,NSW1
2017-10-21 09:00:00,0.03196,distillate,MW,nem,NSW1
2017-10-21 09:05:00,0.03196,distillate,MW,nem,NSW1
2017-10-21 09:10:00,0.03196,distillate,MW,nem,NSW1
2017-10-21 09:15:00,0.03196,distillate,MW,nem,NSW1
2017-10-21 09:20:00,0.03196,distillate,MW,nem,NSW1
2017-10-21 09:25:00,0.03196,distillate,MW,nem,NSW1
2017-10-21 09:30:00,0.03293,distillate,MW,nem,NSW1
2017-10-21 09:35:00,0.03384,distillate,MW,nem,NSW1
2017-10-21 09:40:00,0.03384,distillate,MW,nem,NSW1
2017-10-21 09:45:00,0.02851,distillate,MW,nem,NSW1
2017-10-21 09:50:00,0.02851,distillate,MW,nem,NSW1
2017-10-21 09:55:00,0.03221,distillate,MW,nem,NSW1
2017-10-21 10:00:00,0.03221,distillate,MW,nem,NSW1
2017-10-21 10:05:00,0.03221,distillate,MW,nem,NSW1
2017-10-21 10:10:00,0.03221,distillate,MW,nem,NSW1
2017-10-21 10:15:00,0.03221,distillate,MW,nem,NSW1
2017-10-21 10:20:00,0.03221,distillate,MW,nem,NSW1
2017-10-21 10:25:00,0.03221,distillate,MW,nem,NSW1
2017-10-21 10:30:00,0.035,distillate,MW,nem,NSW1
2017-10-21 10:35:00,0.035,distillate,MW,nem,NSW1
2017-10-21 10:40:00,0.035,distillate,MW,nem,NSW1
2017-10-21 10:45:00,0.035,distillate,MW,nem,NSW1
2017-10-21 10:50:00,0.035,distillate,MW,nem,NSW1
2017-10-21 10:55:00,0.035,distillate,MW,nem,NSW1
2017-10-21 11:00:00,0.035,distillate,MW,nem,NSW1
2017-10-21 11:05:00,0.035,distillate,MW,nem,NSW1
2017-10-21 11:10:00,0.035,distillate,MW,nem,NSW1
2017-10-21 11:15:00,0.0358,distillate,MW,nem,NSW1
2017-10-21 11:20:00,0.0358,distillate,MW,nem,NSW1
2017-10-21 11:25:00,0.0358,distillate,MW,nem,NSW1
2017-10-21 11:30:00,0.0358,distillate,MW,nem,NSW1
2017-10-21 11:35:00,0.0358,distillate,MW,nem,NSW1
2017-10-21 11:40:00,0.0358,distillate,MW,nem,NSW1
2017-10-21 11:45:00,0.0358,distillate,MW,nem,NSW1
2017-10-21 11:50:00,0.0358,distillate,MW,nem,NSW1
2017-10-21 11:55:00,0.0358,distillate,MW,nem,NSW1
2017-10-21 12:00:00,0.04082,distillate,MW,nem,NSW1
2017-10-21 12:05:00,0.04082,distillate,MW,nem,NSW1
2017-10-21 12:10:00,0.04082,distillate,MW,nem,NSW1
2017-10-21 12:15:00,0.04082,distillate,MW,nem,NSW1
2017-10-21 12:20:00,0.04082,distillate,MW,nem,NSW1
2017-10-21 12:25:00,0.04082,distillate,MW,nem,NSW1
2017-10-21 12:30:00,0.04082,distillate,MW,nem,NSW1
2017-10-21 12:35:00,0.04082,distillate,MW,nem,NSW1
2017-10-21 12:40:00,0.04082,distillate,MW,nem,NSW1
2017-10-21 12:45:00,0.04305,distillate,MW,nem,NSW1
2017-10-21 12:50:00,0.04305,distillate,MW,nem,NSW1
2017-10-21 12:55:00,0.04305,distillate,MW,nem,NSW1
2017-10-21 13:00:00,0.04305,distillate,MW,nem,NSW1
2017-10-21 13:05:00,0.04305,distillate,MW,nem,NSW1
2017-10-21 13:10:00,0.04305,distillate,MW,nem,NSW1
2017-10-21 13:15:00,0.04305,distillate,MW,nem,NSW1
2017-10-21 13:20:00,0.04305,distillate,MW,nem,NSW1
2017-10-21 13:25:00,0.04305,distillate,MW,nem,NSW1
2017-10-21 13:30:00,0.04276,distillate,MW,nem,NSW1
2017-10-21 13:35:00,0.04276,distillate,MW,nem,NSW1
2017-10-21 13:40:00,0.04276,distillate,MW,nem,NSW1
2017-10-21 13:45:00,0.04276,distillate,MW,nem,NSW1
2017-10-21 13:50:00,0.04276,distillate,MW,nem,NSW1
2017-10-21 13:55:00,0.04276,distillate,MW,nem,NSW1
2017-10-21 14:00:00,0.04281,distillate,MW,nem,NSW1
2017-10-21 14:05:00,0.04281,distillate,MW,nem,NSW1
2017-10-21 14:10:00,0.04281,distillate,MW,nem,NSW1
2017-10-21 14:15:00,0.04281,distillate,MW,nem,NSW1
2017-10-21 14:20:00,0.03971,distillate,MW,nem,NSW1
2017-10-21 14:25:00,0.03971,distillate,MW,nem,NSW1
2017-10-21 14:30:00,0.03971,distillate,MW,nem,NSW1
2017-10-21 14:35:00,0.03971,distillate,MW,nem,NSW1
2017-10-21 14:40:00,0.03971,distillate,MW,nem,NSW1
2017-10-21 14:45:00,0.03971,distillate,MW,nem,NSW1
2017-10-21 14:50:00,0.03971,distillate,MW,nem,NSW1
2017-10-21 14:55:00,0.03971,distillate,MW,nem,NSW1
2017-10-21 15:00:00,0.03971,distillate,MW,nem,NSW1
2017-10-21 15:05:00,0.04062,distillate,MW,nem,NSW1
2017-10-21 15:10:00,0.04062,distillate,MW,nem,NSW1
2017-10-21 15:15:00,0.04062,distillate,MW,nem,NSW1
2017-10-21 15:20:00,0.04062,distillate,MW,nem,NSW1
2017-10-21 15:25:00,0.04062,distillate,MW,nem,NSW1
2017-10-21 15:30:00,0.04062,distillate,MW,nem,NSW1
2017-10-21 15:35:00,0.04062,distillate,MW,nem,NSW1
2017-10-21 15:40:00,0.04062,distillate,MW,nem,NSW1
2017-10-21 15:45:00,0.04062,distillate,MW,nem,NSW1
2017-10-21 15:50:00,0.03798,distillate,MW,nem,NSW1
2017-10-21 15:55:00,0.03798,distillate,MW,nem,NSW1
2017-10-21 16:00:00,0.03798,distillate,MW,nem,NSW1
2017-10-21 16:05:00,0.03798,distillate,MW,nem,NSW1
2017-10-21 16:10:00,0.03798,distillate,MW,nem,NSW1
2017-10-21 16:15:00,0.03798,distillate,MW,nem,NSW1
2017-10-21 16:20:00,0.03798,distillate,MW,nem,NSW1
2017-10-21 16:25:00,0.03798,distillate,MW,nem,NSW1
2017-10-21 16:30:00,0.03798,distillate,MW,nem,NSW1
2017-10-21 16:35:00,0.03647,distillate,MW,nem,NSW1
2017-10-21 16:40:00,0.03647,distillate,MW,nem,NSW1
2017-10-21 16:45:00,0.03647,distillate,MW,nem,NSW1
2017-10-21 16:50:00,0.03647,distillate,MW,nem,NSW1
2017-10-21 16:55:00,0.03647,distillate,MW,nem,NSW1
2017-10-21 17:00:00,0.03647,distillate,MW,nem,NSW1
2017-10-21 17:05:00,0.03647,distillate,MW,nem,NSW1
2017-10-21 17:10:00,0.03647,distillate,MW,nem,NSW1
2017-10-21 17:15:00,0.03647,distillate,MW,nem,NSW1
2017-10-21 17:20:00,0.04036,distillate,MW,nem,NSW1
2017-10-21 17:25:00,0.04036,distillate,MW,nem,NSW1
2017-10-21 17:30:00,0.04036,distillate,MW,nem,NSW1
2017-10-21 17:35:00,0.04036,distillate,MW,nem,NSW1
2017-10-21 17:40:00,0.04036,distillate,MW,nem,NSW1
2017-10-21 17:45:00,0.04036,distillate,MW,nem,NSW1
2017-10-21 17:50:00,0.04036,distillate,MW,nem,NSW1
2017-10-21 17:55:00,0.04036,distillate,MW,nem,NSW1
2017-10-21 18:00:00,0.04036,distillate,MW,nem,NSW1
2017-10-21 18:05:00,0.03701,distillate,MW,nem,NSW1
2017-10-21 18:10:00,0.03701,distillate,MW,nem,NSW1
2017-10-21 18:15:00,0.03701,distillate,MW,nem,NSW1
2017-10-21 18:20:00,0.03701,distillate,MW,nem,NSW1
2017-10-21 18:25:00,0.03701,distillate,MW,nem,NSW1
2017-10-21 18:30:00,0.03701,distillate,MW,nem,NSW1
2017-10-21 18:35:00,0.03701,distillate,MW,nem,NSW1
2017-10-21 18:40:00,0.03701,distillate,MW,nem,NSW1
2017-10-21 18:45:00,0.03701,distillate,MW,nem,NSW1
2017-10-21 18:50:00,0.03708,distillate,MW,nem,NSW1
2017-10-21 18:55:00,0.03708,distillate,MW,nem,NSW1
2017-10-21 19:00:00,0.03708,distillate,MW,nem,NSW1
2017-10-21 19:05:00,0.03708,distillate,MW,nem,NSW1
2017-10-21 19:10:00,0.03708,distillate,MW,nem,NSW1
2017-10-21 19:15:00,0.03708,distillate,MW,nem,NSW1
2017-10-21 19:20:00,0.03708,distillate,MW,nem,NSW1
2017-10-21 19:25:00,0.03708,distillate,MW,nem,NSW1
2017-10-21 19:30:00,0.03708,distillate,MW,nem,NSW1
2017-10-21 19:35:00,0.03704,distillate,MW,nem,NSW1
2017-10-21 19:40:00,0.03704,distillate,MW,nem,NSW1
2017-10-21 19:45:00,0.03704,distillate,MW,nem,NSW1
2017-10-21 19:50:00,0.03704,distillate,MW,nem,NSW1
2017-10-21 19:55:00,0.03704,distillate,MW,nem,NSW1
2017-10-21 20:00:00,0.03704,distillate,MW,nem,NSW1
2017-10-21 20:05:00,0.03704,distillate,MW,nem,NSW1
2017-10-21 20:10:00,0.03704,distillate,MW,nem,NSW1
2017-10-21 20:15:00,0.03704,distillate,MW,nem,NSW1
2017-10-21 20:20:00,0.03903,distillate,MW,nem,NSW1
2017-10-21 20:25:00,0.03903,distillate,MW,nem,NSW1
2017-10-21 20:30:00,0.03903,distillate,MW,nem,NSW1
2017-10-21 20:35:00,0.03903,distillate,MW,nem,NSW1
2017-10-21 20:40:00,0.03903,distillate,MW,nem,NSW1
2017-10-21 20:45:00,0.03903,distillate,MW,nem,NSW1
2017-10-21 20:50:00,0.03903,distillate,MW,nem,NSW1
2017-10-21 20:55:00,0.03903,distillate,MW,nem,NSW1
2017-10-21 21:00:00,0.03903,distillate,MW,nem,NSW1
2017-10-21 21:05:00,0.03813,distillate,MW,nem,NSW1
2017-10-21 21:10:00,0.03813,distillate,MW,nem,NSW1
2017-10-21 21:15:00,0.03813,distillate,MW,nem,NSW1
2017-10-21 21:20:00,0.03813,distillate,MW,nem,NSW1
2017-10-21 21:25:00,0.03813,distillate,MW,nem,NSW1
2017-10-21 21:30:00,0.03813,distillate,MW,nem,NSW1
2017-10-21 21:35:00,0.03813,distillate,MW,nem,NSW1
2017-10-21 21:40:00,0.03813,distillate,MW,nem,NSW1
2017-10-21 21:45:00,0.03813,distillate,MW,nem,NSW1
2017-10-21 21:50:00,0.04168,distillate,MW,nem,NSW1
2017-10-21 21:55:00,0.04168,distillate,MW,nem,NSW1
2017-10-21 22:00:00,0.04168,distillate,MW,nem,NSW1
2017-10-21 22:05:00,0.04168,distillate,MW,nem,NSW1
2017-10-21 22:10:00,0.04168,distillate,MW,nem,NSW1
2017-10-21 22:15:00,0.04168,distillate,MW,nem,NSW1
2017-10-21 22:20:00,0.04168,distillate,MW,nem,NSW1
2017-10-21 22:25:00,0.04168,distillate,MW,nem,NSW1
2017-10-21 22:30:00,0.04168,distillate,MW,nem,NSW1
2017-10-21 22:35:00,0.03975,distillate,MW,nem,NSW1
2017-10-21 22:40:00,0.03975,distillate,MW,nem,NSW1
2017-10-21 22:45:00,0.03975,distillate,MW,nem,NSW1
2017-10-21 22:50:00,0.03975,distillate,MW,nem,NSW1
2017-10-21 22:55:00,0.03975,distillate,MW,nem,NSW1
2017-10-21 23:00:00,0.03975,distillate,MW,nem,NSW1
2017-10-21 23:05:00,0.03975,distillate,MW,nem,NSW1
2017-10-21 23:10:00,0.03975,distillate,MW,nem,NSW1
2017-10-21 23:15:00,0.03975,distillate,MW,nem,NSW1
2017-10-21 23:20:00,0.0448,distillate,MW,nem,NSW1
2017-10-21 23:25:00,0.0448,distillate,MW,nem,NSW1
2017-10-21 23:30:00,0.0448,distillate,MW,nem,NSW1
2017-10-21 23:35:00,0.0448,distillate,MW,nem,NSW1
2017-10-21 23:40:00,0.0448,distillate,MW,nem,NSW1
2017-10-21 23:45:00,0.0448,distillate,MW,nem,NSW1
2017-10-21 23:50:00,0.0448,distillate,MW,nem,NSW1
2017-10-21 23:55:00,0.0448,distillate,MW,nem,NSW1
2017-10-22 00:00:00,0.0448,distillate,MW,nem,NSW1
2017-10-22 00:05:00,0.04181,distillate,MW,nem,NSW1
2017-10-22 00:10:00,0.04181,distillate,MW,nem,NSW1
2017-10-22 00:15:00,0.04181,distillate,MW,nem,NSW1
2017-10-22 00:20:00,0.04181,distillate,MW,nem,NSW1
2017-10-22 00:25:00,0.04181,distillate,MW,nem,NSW1
2017-10-22 00:30:00,0.04181,distillate,MW,nem,NSW1
2017-10-22 00:35:00,0.04181,distillate,MW,nem,NSW1
2017-10-22 00:40:00,0.04181,distillate,MW,nem,NSW1
2017-10-22 00:45:00,0.04181,distillate,MW,nem,NSW1
2017-10-22 00:50:00,0.04166,distillate,MW,nem,NSW1
2017-10-22 00:55:00,0.04166,distillate,MW,nem,NSW1
2017-10-22 01:00:00,0.04166,distillate,MW,nem,NSW1
2017-10-22 01:05:00,0.04166,distillate,MW,nem,NSW1
2017-10-22 01:10:00,0.04166,distillate,MW,nem,NSW1
2017-10-22 01:15:00,0.04166,distillate,MW,nem,NSW1
2017-10-22 01:20:00,0.04166,distillate,MW,nem,NSW1
2017-10-22 01:25:00,0.04166,distillate,MW,nem,NSW1
2017-10-22 01:30:00,0.04166,distillate,MW,nem,NSW1
2017-10-22 01:35:00,0.03909,distillate,MW,nem,NSW1
2017-10-22 01:40:00,0.03909,distillate,MW,nem,NSW1
2017-10-22 01:45:00,0.03909,distillate,MW,nem,NSW1
2017-10-22 01:50:00,0.03909,distillate,MW,nem,NSW1
2017-10-22 01:55:00,0.03909,distillate,MW,nem,NSW1
2017-10-22 02:00:00,0.03909,distillate,MW,nem,NSW1
2017-10-22 02:05:00,0.03909,distillate,MW,nem,NSW1
2017-10-22 02:10:00,0.03909,distillate,MW,nem,NSW1
2017-10-22 02:15:00,0.03909,distillate,MW,nem,NSW1
2017-10-22 02:20:00,0.03521,distillate,MW,nem,NSW1
2017-10-22 02:25:00,0.03521,distillate,MW,nem,NSW1
2017-10-22 02:30:00,0.03521,distillate,MW,nem,NSW1
2017-10-22 02:35:00,0.03521,distillate,MW,nem,NSW1
2017-10-22 02:40:00,0.03521,distillate,MW,nem,NSW1
2017-10-22 02:45:00,0.03521,distillate,MW,nem,NSW1
2017-10-22 02:50:00,0.03521,distillate,MW,nem,NSW1
2017-10-22 02:55:00,0.03521,distillate,MW,nem,NSW1
2017-10-22 03:00:00,0.03521,distillate,MW,nem,NSW1
2017-10-22 03:05:00,0.03597,distillate,MW,nem,NSW1
2017-10-22 03:10:00,0.03597,distillate,MW,nem,NSW1
2017-10-22 03:15:00,0.03597,distillate,MW,nem,NSW1
2017-10-22 03:20:00,0.03597,distillate,MW,nem,NSW1
2017-10-22 03:25:00,0.03597,distillate,MW,nem,NSW1
2017-10-22 03:30:00,0.03597,distillate,MW,nem,NSW1
2017-10-22 03:35:00,0.03597,distillate,MW,nem,NSW1
2017-10-22 03:40:00,0.03597,distillate,MW,nem,NSW1
2017-10-22 03:45:00,0.03597,distillate,MW,nem,NSW1
2017-10-22 03:50:00,0.03164,distillate,MW,nem,NSW1
2017-10-22 03:55:00,0.03164,distillate,MW,nem,NSW1
2017-10-22 04:00:00,0.03164,distillate,MW,nem,NSW1
2017-10-22 04:05:00,0.03164,distillate,MW,nem,NSW1
2017-10-22 04:10:00,0.03164,distillate,MW,nem,NSW1
2017-10-22 04:15:00,0.03164,distillate,MW,nem,NSW1
2017-10-22 04:20:00,0.03164,distillate,MW,nem,NSW1
2017-10-22 04:25:00,0.03164,distillate,MW,nem,NSW1
2017-10-22 04:30:00,0.03164,distillate,MW,nem,NSW1
2017-10-22 04:35:00,0.03111,distillate,MW,nem,NSW1
2017-10-22 04:40:00,0.03111,distillate,MW,nem,NSW1
2017-10-22 04:45:00,0.03111,distillate,MW,nem,NSW1
2017-10-22 04:50:00,0.03111,distillate,MW,nem,NSW1
2017-10-22 04:55:00,0.03111,distillate,MW,nem,NSW1
2017-10-22 05:00:00,0.03111,distillate,MW,nem,NSW1
2017-10-22 05:05:00,0.03111,distillate,MW,nem,NSW1
2017-10-22 05:10:00,0.03111,distillate,MW,nem,NSW1
2017-10-22 05:15:00,0.03111,distillate,MW,nem,NSW1
2017-10-22 05:20:00,0.02927,distillate,MW,nem,NSW1
2017-10-22 05:25:00,0.02927,distillate,MW,nem,NSW1
2017-10-22 05:30:00,0.02927,distillate,MW,nem,NSW1
2017-10-22 05:35:00,0.02927,distillate,MW,nem,NSW1
2017-10-22 05:40:00,0.02927,distillate,MW,nem,NSW1
2017-10-22 05:45:00,0.02927,distillate,MW,nem,NSW1
2017-10-22 05:50:00,0.02927,distillate,MW,nem,NSW1
2017-10-22 05:55:00,0.02927,distillate,MW,nem,NSW1
2017-10-22 06:00:00,0.02927,distillate,MW,nem,NSW1
2017-10-22 06:05:00,0.0286,distillate,MW,nem,NSW1
2017-10-22 06:10:00,0.0286,distillate,MW,nem,NSW1
2017-10-22 06:15:00,0.0286,distillate,MW,nem,NSW1
2017-10-22 06:20:00,0.0286,distillate,MW,nem,NSW1
2017-10-22 06:25:00,0.0286,distillate,MW,nem,NSW1
2017-10-22 06:30:00,0.0286,distillate,MW,nem,NSW1
2017-10-22 06:35:00,0.0286,distillate,MW,nem,NSW1
2017-10-22 06:40:00,0.0286,distillate,MW,nem,NSW1
2017-10-22 06:45:00,0.0286,distillate,MW,nem,NSW1
2017-10-22 06:50:00,0.02547,distillate,MW,nem,NSW1
2017-10-22 06:55:00,0.02547,distillate,MW,nem,NSW1
2017-10-22 07:00:00,0.02547,distillate,MW,nem,NSW1
2017-10-22 07:05:00,0.02547,distillate,MW,nem,NSW1
2017-10-22 07:10:00,0.02547,distillate,MW,nem,NSW1
2017-10-22 07:15:00,0.02547,distillate,MW,nem,NSW1
2017-10-22 07:20:00,0.02547,distillate,MW,nem,NSW1
2017-10-22 07:25:00,0.02547,distillate,MW,nem,NSW1
2017-10-22 07:30:00,0.02547,distillate,MW,nem,NSW1
2017-10-22 07:35:00,0.02854,distillate,MW,nem,NSW1
2017-10-22 07:40:00,0.02854,distillate,MW,nem,NSW1
2017-10-22 07:45:00,0.02854,distillate,MW,nem,NSW1
2017-10-22 07:50:00,0.02854,distillate,MW,nem,NSW1
2017-10-22 07:55:00,0.02854,distillate,MW,nem,NSW1
2017-10-22 08:00:00,0.02854,distillate,MW,nem,NSW1
2017-10-22 08:05:00,0.02854,distillate,MW,nem,NSW1
2017-10-22 08:10:00,0.02854,distillate,MW,nem,NSW1
2017-10-22 08:15:00,0.02854,distillate,MW,nem,NSW1
2017-10-22 08:20:00,0.0264,distillate,MW,nem,NSW1
2017-10-22 08:25:00,0.0264,distillate,MW,nem,NSW1
2017-10-22 08:30:00,0.0264,distillate,MW,nem,NSW1
2017-10-22 08:35:00,0.0264,distillate,MW,nem,NSW1
2017-10-22 08:40:00,0.0264,distillate,MW,nem,NSW1
2017-10-22 08:45:00,0.0264,distillate,MW,nem,NSW1
2017-10-22 08:50:00,0.0264,distillate,MW,nem,NSW1
2017-10-22 08:55:00,0.0264,distillate,MW,nem,NSW1
2017-10-22 09:00:00,0.0264,distillate,MW,nem,NSW1
2017-10-22 09:05:00,0.0308,distillate,MW,nem,NSW1
2017-10-22 09:10:00,0.0308,distillate,MW,nem,NSW1
2017-10-22 09:15:00,0.0308,distillate,MW,nem,NSW1
2017-10-22 09:20:00,0.0308,distillate,MW,nem,NSW1
2017-10-22 09:25:00,0.0308,distillate,MW,nem,NSW1
2017-10-22 09:30:00,0.0308,distillate,MW,nem,NSW1
2017-10-22 09:35:00,0.0308,distillate,MW,nem,NSW1
2017-10-22 09:40:00,0.0308,distillate,MW,nem,NSW1
2017-10-22 09:45:00,0.0308,distillate,MW,nem,NSW1
2017-10-22 09:50:00,0.03201,distillate,MW,nem,NSW1
2017-10-22 09:55:00,0.03201,distillate,MW,nem,NSW1
2017-10-22 10:00:00,0.03201,distillate,MW,nem,NSW1
2017-10-22 10:05:00,0.03201,distillate,MW,nem,NSW1
2017-10-22 10:10:00,0.03201,distillate,MW,nem,NSW1
2017-10-22 10:15:00,0.03201,distillate,MW,nem,NSW1
2017-10-22 10:20:00,0.03201,distillate,MW,nem,NSW1
2017-10-22 10:25:00,0.03201,distillate,MW,nem,NSW1
2017-10-22 10:30:00,0.03201,distillate,MW,nem,NSW1
2017-10-22 10:35:00,0.03359,distillate,MW,nem,NSW1
2017-10-22 10:40:00,0.03359,distillate,MW,nem,NSW1
2017-10-22 10:45:00,0.03359,distillate,MW,nem,NSW1
2017-10-22 10:50:00,0.03359,distillate,MW,nem,NSW1
2017-10-22 10:55:00,0.03359,distillate,MW,nem,NSW1
2017-10-22 11:00:00,0.03359,distillate,MW,nem,NSW1
2017-10-22 11:05:00,0.03359,distillate,MW,nem,NSW1
2017-10-22 11:10:00,0.03359,distillate,MW,nem,NSW1
2017-10-22 11:15:00,0.03359,distillate,MW,nem,NSW1
2017-10-22 11:20:00,0.0395,distillate,MW,nem,NSW1
2017-10-22 11:25:00,0.0395,distillate,MW,nem,NSW1
2017-10-22 11:30:00,0.0395,distillate,MW,nem,NSW1
2017-10-22 11:35:00,0.0395,distillate,MW,nem,NSW1
2017-10-22 11:40:00,0.0395,distillate,MW,nem,NSW1
2017-10-22 11:45:00,0.0395,distillate,MW,nem,NSW1
2017-10-22 11:50:00,0.0395,distillate,MW,nem,NSW1
2017-10-22 11:55:00,0.0395,distillate,MW,nem,NSW1
2017-10-22 12:00:00,0.0395,distillate,MW,nem,NSW1
2017-10-22 12:05:00,0.04525,distillate,MW,nem,NSW1
2017-10-22 12:10:00,0.04525,distillate,MW,nem,NSW1
2017-10-22 12:15:00,0.04525,distillate,MW,nem,NSW1
2017-10-22 12:20:00,0.04525,distillate,MW,nem,NSW1
2017-10-22 12:25:00,0.04525,distillate,MW,nem,NSW1
2017-10-22 12:30:00,0.04525,distillate,MW,nem,NSW1
2017-10-22 12:35:00,0.04525,distillate,MW,nem,NSW1
2017-10-22 12:40:00,0.04525,distillate,MW,nem,NSW1
2017-10-22 12:45:00,0.04525,distillate,MW,nem,NSW1
2017-10-22 12:50:00,0.04,distillate,MW,nem,NSW1
2017-10-22 12:55:00,0.04,distillate,MW,nem,NSW1
2017-10-22 13:00:00,0.04,distillate,MW,nem,NSW1
2017-10-22 13:05:00,0.04,distillate,MW,nem,NSW1
2017-10-22 13:10:00,0.04,distillate,MW,nem,NSW1
2017-10-22 13:15:00,0.04,distillate,MW,nem,NSW1
2017-10-22 13:20:00,0.04,distillate,MW,nem,NSW1
2017-10-22 13:25:00,0.04,distillate,MW,nem,NSW1
2017-10-22 13:30:00,0.04,distillate,MW,nem,NSW1
2017-10-22 13:35:00,0.04235,distillate,MW,nem,NSW1
2017-10-22 13:40:00,0.04235,distillate,MW,nem,NSW1
2017-10-22 13:45:00,0.04235,distillate,MW,nem,NSW1
2017-10-22 13:50:00,0.04235,distillate,MW,nem,NSW1
2017-10-22 13:55:00,0.04235,distillate,MW,nem,NSW1
2017-10-22 14:00:00,0.04235,distillate,MW,nem,NSW1
2017-10-22 14:05:00,0.04235,distillate,MW,nem,NSW1
2017-10-22 14:10:00,0.04235,distillate,MW,nem,NSW1
2017-10-22 14:15:00,0.04235,distillate,MW,nem,NSW1
2017-10-22 14:20:00,0.04142,distillate,MW,nem,NSW1
2017-10-22 14:25:00,0.04142,distillate,MW,nem,NSW1
2017-10-22 14:30:00,0.04142,distillate,MW,nem,NSW1
2017-10-22 14:35:00,0.04142,distillate,MW,nem,NSW1
2017-10-22 14:40:00,0.04142,distillate,MW,nem,NSW1
2017-10-22 14:45:00,0.04142,distillate,MW,nem,NSW1
2017-10-22 14:50:00,0.04142,distillate,MW,nem,NSW1
2017-10-22 14:55:00,0.04142,distillate,MW,nem,NSW1
2017-10-22 15:00:00,0.04142,distillate,MW,nem,NSW1
2017-10-22 15:05:00,0.04118,distillate,MW,nem,NSW1
2017-10-22 15:10:00,0.04118,distillate,MW,nem,NSW1
2017-10-22 15:15:00,0.04118,distillate,MW,nem,NSW1
2017-10-22 15:20:00,0.04118,distillate,MW,nem,NSW1
2017-10-22 15:25:00,0.04118,distillate,MW,nem,NSW1
2017-10-22 15:30:00,0.04118,distillate,MW,nem,NSW1
2017-10-22 15:35:00,0.04118,distillate,MW,nem,NSW1
2017-10-22 15:40:00,0.04118,distillate,MW,nem,NSW1
2017-10-22 15:45:00,0.04118,distillate,MW,nem,NSW1
2017-10-22 15:50:00,0.04308,distillate,MW,nem,NSW1
2017-10-22 15:55:00,0.04308,distillate,MW,nem,NSW1
2017-10-22 16:00:00,0.04308,distillate,MW,nem,NSW1
2017-10-22 16:05:00,0.04308,distillate,MW,nem,NSW1
2017-10-22 16:10:00,0.04308,distillate,MW,nem,NSW1
2017-10-22 16:15:00,0.04308,distillate,MW,nem,NSW1
2017-10-22 16:20:00,0.04308,distillate,MW,nem,NSW1
2017-10-22 16:25:00,0.04308,distillate,MW,nem,NSW1
2017-10-22 16:30:00,0.04308,distillate,MW,nem,NSW1
2017-10-22 16:35:00,0.03933,distillate,MW,nem,NSW1
2017-10-22 16:40:00,0.03933,distillate,MW,nem,NSW1
2017-10-22 16:45:00,0.03933,distillate,MW,nem,NSW1
2017-10-22 16:50:00,0.03933,distillate,MW,nem,NSW1
2017-10-22 16:55:00,0.03933,distillate,MW,nem,NSW1
2017-10-22 17:00:00,0.03933,distillate,MW,nem,NSW1
2017-10-22 17:05:00,0.03933,distillate,MW,nem,NSW1
2017-10-22 17:10:00,0.03933,distillate,MW,nem,NSW1
2017-10-22 17:15:00,0.03933,distillate,MW,nem,NSW1
2017-10-22 17:20:00,0.04006,distillate,MW,nem,NSW1
2017-10-22 17:25:00,0.04006,distillate,MW,nem,NSW1
2017-10-22 17:30:00,0.04006,distillate,MW,nem,NSW1
2017-10-22 17:35:00,0.04006,distillate,MW,nem,NSW1
2017-10-22 17:40:00,0.04006,distillate,MW,nem,NSW1
2017-10-22 17:45:00,0.04006,distillate,MW,nem,NSW1
2017-10-22 17:50:00,0.04006,distillate,MW,nem,NSW1
2017-10-22 17:55:00,0.04006,distillate,MW,nem,NSW1
2017-10-22 18:00:00,0.04006,distillate,MW,nem,NSW1
2017-10-22 18:05:00,0.0391,distillate,MW,nem,NSW1
2017-10-22 18:10:00,0.0391,distillate,MW,nem,NSW1
2017-10-22 18:15:00,0.0391,distillate,MW,nem,NSW1
2017-10-22 18:20:00,0.0391,distillate,MW,nem,NSW1
2017-10-22 18:25:00,0.0391,distillate,MW,nem,NSW1
2017-10-22 18:30:00,0.0391,distillate,MW,nem,NSW1
2017-10-22 18:35:00,0.0391,distillate,MW,nem,NSW1
2017-10-22 18:40:00,0.0391,distillate,MW,nem,NSW1
2017-10-22 18:45:00,0.0391,distillate,MW,nem,NSW1
2017-10-22 18:50:00,0.03958,distillate,MW,nem,NSW1
2017-10-22 18:55:00,0.03958,distillate,MW,nem,NSW1
2017-10-22 19:00:00,0.03958,distillate,MW,nem,NSW1
2017-10-22 19:05:00,0.03958,distillate,MW,nem,NSW1
2017-10-22 19:10:00,0.03958,distillate,MW,nem,NSW1
2017-10-22 19:15:00,0.03958,distillate,MW,nem,NSW1
2017-10-22 19:20:00,0.03958,distillate,MW,nem,NSW1
2017-10-22 19:25:00,0.03958,distillate,MW,nem,NSW1
2017-10-22 19:30:00,0.03958,distillate,MW,nem,NSW1
2017-10-22 19:35:00,0.04014,distillate,MW,nem,NSW1
2017-10-22 19:40:00,0.04014,distillate,MW,nem,NSW1
2017-10-22 19:45:00,0.04014,distillate,MW,nem,NSW1
2017-10-22 19:50:00,0.04014,distillate,MW,nem,NSW1
2017-10-22 19:55:00,0.04014,distillate,MW,nem,NSW1
2017-10-22 20:00:00,0.04014,distillate,MW,nem,NSW1
2017-10-22 20:05:00,0.04014,distillate,MW,nem,NSW1
2017-10-22 20:10:00,0.04014,distillate,MW,nem,NSW1
2017-10-22 20:15:00,0.04014,distillate,MW,nem,NSW1
2017-10-22 20:20:00,0.03956,distillate,MW,nem,NSW1
2017-10-22 20:25:00,0.03956,distillate,MW,nem,NSW1
2017-10-22 20:30:00,0.03956,distillate,MW,nem,NSW1
2017-10-22 20:35:00,0.03956,distillate,MW,nem,NSW1
2017-10-22 20:40:00,0.03956,distillate,MW,nem,NSW1
2017-10-22 20:45:00,0.03956,distillate,MW,nem,NSW1
2017-10-22 20:50:00,0.03956,distillate,MW,nem,NSW1
2017-10-22 20:55:00,0.03956,distillate,MW,nem,NSW1
2017-10-22 21:00:00,0.03956,distillate,MW,nem,NSW1
2017-10-22 21:05:00,0.04172,distillate,MW,nem,NSW1
2017-10-22 21:10:00,0.04172,distillate,MW,nem,NSW1
2017-10-22 21:15:00,0.04172,distillate,MW,nem,NSW1
2017-10-22 21:20:00,0.04172,distillate,MW,nem,NSW1
2017-10-22 21:25:00,0.04172,distillate,MW,nem,NSW1
2017-10-22 21:30:00,0.04172,distillate,MW,nem,NSW1
2017-10-22 21:35:00,0.04172,distillate,MW,nem,NSW1
2017-10-22 21:40:00,0.04172,distillate,MW,nem,NSW1
2017-10-22 21:45:00,0.04172,distillate,MW,nem,NSW1
2017-10-22 21:50:00,0.04097,distillate,MW,nem,NSW1
2017-10-22 21:55:00,0.04097,distillate,MW,nem,NSW1
2017-10-22 22:00:00,0.04097,distillate,MW,nem,NSW1
2017-10-22 22:05:00,0.04097,distillate,MW,nem,NSW1
2017-10-22 22:10:00,0.04097,distillate,MW,nem,NSW1
2017-10-22 22:15:00,0.04097,distillate,MW,nem,NSW1
2017-10-22 22:20:00,0.04097,distillate,MW,nem,NSW1
2017-10-22 22:25:00,0.04097,distillate,MW,nem,NSW1
2017-10-22 22:30:00,0.04097,distillate,MW,nem,NSW1
2017-10-22 22:35:00,0.04402,distillate,MW,nem,NSW1
2017-10-22 22:40:00,0.04402,distillate,MW,nem,NSW1
2017-10-22 22:45:00,0.04402,distillate,MW,nem,NSW1
2017-10-22 22:50:00,0.04402,distillate,MW,nem,NSW1
2017-10-22 22:55:00,0.04402,distillate,MW,nem,NSW1
2017-10-22 23:00:00,0.04402,distillate,MW,nem,NSW1
2017-10-22 23:05:00,0.04402,distillate,MW,nem,NSW1
2017-10-22 23:10:00,0.04402,distillate,MW,nem,NSW1
2017-10-22 23:15:00,0.04402,distillate,MW,nem,NSW1
2017-10-22 23:20:00,0.04256,distillate,MW,nem,NSW1
2017-10-22 23:25:00,0.04256,distillate,MW,nem,NSW1
2017-10-22 23:30:00,0.04256,distillate,MW,nem,NSW1
2017-10-22 23:35:00,0.04256,distillate,MW,nem,NSW1
2017-10-22 23:40:00,0.04256,distillate,MW,nem,NSW1
2017-10-22 23:45:00,0.04256,distillate,MW,nem,NSW1
2017-10-22 23:50:00,0.04256,distillate,MW,nem,NSW1
2017-10-22 23:55:00,0.04256,distillate,MW,nem,NSW1
2017-10-23 00:00:00,0.04256,distillate,MW,nem,NSW1
2017-10-23 00:05:00,0.04352,distillate,MW,nem,NSW1
2017-10-23 00:10:00,0.04352,distillate,MW,nem,NSW1
2017-10-23 00:15:00,0.04352,distillate,MW,nem,NSW1
2017-10-23 00:20:00,0.04352,distillate,MW,nem,NSW1
2017-10-23 00:25:00,0.04352,distillate,MW,nem,NSW1
2017-10-23 00:30:00,0.04352,distillate,MW,nem,NSW1
2017-10-23 00:35:00,0.04352,distillate,MW,nem,NSW1
2017-10-23 00:40:00,0.04352,distillate,MW,nem,NSW1
2017-10-23 00:45:00,0.04352,distillate,MW,nem,NSW1
2017-10-23 00:50:00,0.04408,distillate,MW,nem,NSW1
2017-10-23 00:55:00,0.04408,distillate,MW,nem,NSW1
2017-10-23 01:00:00,0.04408,distillate,MW,nem,NSW1
2017-10-23 01:05:00,0.04408,distillate,MW,nem,NSW1
2017-10-23 01:10:00,0.04408,distillate,MW,nem,NSW1
2017-10-23 01:15:00,0.04408,distillate,MW,nem,NSW1
2017-10-23 01:20:00,0.04408,distillate,MW,nem,NSW1
2017-10-23 01:25:00,0.04408,distillate,MW,nem,NSW1
2017-10-23 01:30:00,0.04408,distillate,MW,nem,NSW1
2017-10-23 01:35:00,0.04696,distillate,MW,nem,NSW1
2017-10-23 01:40:00,0.04696,distillate,MW,nem,NSW1
2017-10-23 01:45:00,0.04696,distillate,MW,nem,NSW1
2017-10-23 01:50:00,0.04696,distillate,MW,nem,NSW1
2017-10-23 01:55:00,0.04696,distillate,MW,nem,NSW1
2017-10-23 02:00:00,0.04696,distillate,MW,nem,NSW1
2017-10-23 02:05:00,0.04696,distillate,MW,nem,NSW1
2017-10-23 02:10:00,0.04696,distillate,MW,nem,NSW1
2017-10-23 02:15:00,0.04696,distillate,MW,nem,NSW1
2017-10-23 02:20:00,0.04536,distillate,MW,nem,NSW1
2017-10-23 02:25:00,0.04536,distillate,MW,nem,NSW1
2017-10-23 02:30:00,0.04536,distillate,MW,nem,NSW1
2017-10-23 02:35:00,0.04536,distillate,MW,nem,NSW1
2017-10-23 02:40:00,0.04536,distillate,MW,nem,NSW1
2017-10-23 02:45:00,0.04536,distillate,MW,nem,NSW1
2017-10-23 02:50:00,0.04536,distillate,MW,nem,NSW1
2017-10-23 02:55:00,0.04536,distillate,MW,nem,NSW1
2017-10-23 03:00:00,0.04536,distillate,MW,nem,NSW1
2017-10-23 03:05:00,0.04572,distillate,MW,nem,NSW1
2017-10-23 03:10:00,0.04572,distillate,MW,nem,NSW1
2017-10-23 03:15:00,0.04572,distillate,MW,nem,NSW1
2017-10-23 03:20:00,0.04572,distillate,MW,nem,NSW1
2017-10-23 03:25:00,0.04572,distillate,MW,nem,NSW1
2017-10-23 03:30:00,0.04572,distillate,MW,nem,NSW1
2017-10-23 03:35:00,0.04572,distillate,MW,nem,NSW1
2017-10-23 03:40:00,0.04572,distillate,MW,nem,NSW1
2017-10-23 03:45:00,0.04572,distillate,MW,nem,NSW1
2017-10-23 03:50:00,0.0472,distillate,MW,nem,NSW1
2017-10-23 03:55:00,0.0472,distillate,MW,nem,NSW1
2017-10-23 04:00:00,0.0472,distillate,MW,nem,NSW1
2017-10-23 04:05:00,0.0472,distillate,MW,nem,NSW1
2017-10-23 04:10:00,0.0472,distillate,MW,nem,NSW1
2017-10-23 04:15:00,0.0472,distillate,MW,nem,NSW1
2017-10-23 04:20:00,0.0472,distillate,MW,nem,NSW1
2017-10-23 04:25:00,0.0472,distillate,MW,nem,NSW1
2017-10-23 04:30:00,0.0472,distillate,MW,nem,NSW1
2017-10-23 04:35:00,0.04485,distillate,MW,nem,NSW1
2017-10-23 04:40:00,0.04485,distillate,MW,nem,NSW1
2017-10-23 04:45:00,0.04485,distillate,MW,nem,NSW1
2017-10-23 04:50:00,0.04485,distillate,MW,nem,NSW1
2017-10-23 04:55:00,0.04485,distillate,MW,nem,NSW1
2017-10-23 05:00:00,0.04485,distillate,MW,nem,NSW1
2017-10-23 05:05:00,0.04485,distillate,MW,nem,NSW1
2017-10-23 05:10:00,0.04485,distillate,MW,nem,NSW1
2017-10-23 05:15:00,0.04485,distillate,MW,nem,NSW1
2017-10-23 05:20:00,0.04444,distillate,MW,nem,NSW1
2017-10-23 05:25:00,0.04444,distillate,MW,nem,NSW1
2017-10-23 05:30:00,0.04444,distillate,MW,nem,NSW1
2017-10-23 05:35:00,0.04444,distillate,MW,nem,NSW1
2017-10-23 05:40:00,0.04444,distillate,MW,nem,NSW1
2017-10-23 05:45:00,0.04444,distillate,MW,nem,NSW1
2017-10-23 05:50:00,0.04444,distillate,MW,nem,NSW1
2017-10-23 05:55:00,0.04444,distillate,MW,nem,NSW1
2017-10-23 06:00:00,0.04444,distillate,MW,nem,NSW1
2017-10-23 06:05:00,0.04438,distillate,MW,nem,NSW1
2017-10-23 06:10:00,0.04438,distillate,MW,nem,NSW1
2017-10-23 06:15:00,0.04438,distillate,MW,nem,NSW1
2017-10-23 06:20:00,0.04438,distillate,MW,nem,NSW1
2017-10-23 06:25:00,0.04438,distillate,MW,nem,NSW1
2017-10-23 06:30:00,0.04438,distillate,MW,nem,NSW1
2017-10-23 06:35:00,0.04438,distillate,MW,nem,NSW1
2017-10-23 06:40:00,0.04438,distillate,MW,nem,NSW1
2017-10-23 06:45:00,0.04438,distillate,MW,nem,NSW1
2017-10-23 06:50:00,0.04171,distillate,MW,nem,NSW1
2017-10-23 06:55:00,0.04171,distillate,MW,nem,NSW1
2017-10-23 07:00:00,0.04171,distillate,MW,nem,NSW1
2017-10-23 07:05:00,0.04171,distillate,MW,nem,NSW1
2017-10-23 07:10:00,0.04171,distillate,MW,nem,NSW1
2017-10-23 07:15:00,0.04171,distillate,MW,nem,NSW1
2017-10-23 07:20:00,0.04171,distillate,MW,nem,NSW1
2017-10-23 07:25:00,0.04171,distillate,MW,nem,NSW1
2017-10-23 07:30:00,0.04171,distillate,MW,nem,NSW1
2017-10-23 07:35:00,0.0449,distillate,MW,nem,NSW1
2017-10-23 07:40:00,0.0449,distillate,MW,nem,NSW1
2017-10-23 07:45:00,0.0449,distillate,MW,nem,NSW1
2017-10-23 07:50:00,0.0449,distillate,MW,nem,NSW1
2017-10-23 07:55:00,0.0449,distillate,MW,nem,NSW1
2017-10-23 08:00:00,0.0449,distillate,MW,nem,NSW1
2017-10-23 08:05:00,0.0449,distillate,MW,nem,NSW1
2017-10-23 08:10:00,0.0449,distillate,MW,nem,NSW1
2017-10-23 08:15:00,0.0449,distillate,MW,nem,NSW1
2017-10-23 08:20:00,0.04313,distillate,MW,nem,NSW1
2017-10-23 08:25:00,0.04313,distillate,MW,nem,NSW1
2017-10-23 08:30:00,0.04313,distillate,MW,nem,NSW1
2017-10-23 08:35:00,0.04313,distillate,MW,nem,NSW1
2017-10-23 08:40:00,0.04313,distillate,MW,nem,NSW1
2017-10-23 08:45:00,0.04313,distillate,MW,nem,NSW1
2017-10-23 08:50:00,0.04313,distillate,MW,nem,NSW1
2017-10-23 08:55:00,0.04313,distillate,MW,nem,NSW1
2017-10-23 09:00:00,0.04313,distillate,MW,nem,NSW1
2017-10-23 09:05:00,0.04051,distillate,MW,nem,NSW1
2017-10-23 09:10:00,0.04051,distillate,MW,nem,NSW1
2017-10-23 09:15:00,0.04051,distillate,MW,nem,NSW1
2017-10-23 09:20:00,0.04051,distillate,MW,nem,NSW1
2017-10-23 09:25:00,0.04051,distillate,MW,nem,NSW1
2017-10-23 09:30:00,0.04051,distillate,MW,nem,NSW1
2017-10-23 09:35:00,0.04051,distillate,MW,nem,NSW1
2017-10-23 09:40:00,0.04051,distillate,MW,nem,NSW1
2017-10-23 09:45:00,0.04051,distillate,MW,nem,NSW1
2017-10-23 09:50:00,0.04005,distillate,MW,nem,NSW1
2017-10-23 09:55:00,0.04005,distillate,MW,nem,NSW1
2017-10-23 10:00:00,0.04005,distillate,MW,nem,NSW1
2017-10-23 10:05:00,0.04005,distillate,MW,nem,NSW1
2017-10-23 10:10:00,0.04005,distillate,MW,nem,NSW1
2017-10-23 10:15:00,0.04005,distillate,MW,nem,NSW1
2017-10-23 10:20:00,0.04005,distillate,MW,nem,NSW1
2017-10-23 10:25:00,0.04005,distillate,MW,nem,NSW1
2017-10-23 10:30:00,0.04005,distillate,MW,nem,NSW1
2017-10-23 10:35:00,0.04313,distillate,MW,nem,NSW1
2017-10-23 10:40:00,0.04313,distillate,MW,nem,NSW1
2017-10-23 10:45:00,0.04313,distillate,MW,nem,NSW1
2017-10-23 10:50:00,0.04313,distillate,MW,nem,NSW1
2017-10-23 10:55:00,0.04313,distillate,MW,nem,NSW1
2017-10-23 11:00:00,0.04313,distillate,MW,nem,NSW1
2017-10-23 11:05:00,0.04313,distillate,MW,nem,NSW1
2017-10-23 11:10:00,0.04313,distillate,MW,nem,NSW1
2017-10-23 11:15:00,0.04313,distillate,MW,nem,NSW1
2017-10-23 11:20:00,0.0412,distillate,MW,nem,NSW1
2017-10-23 11:25:00,0.0412,distillate,MW,nem,NSW1
2017-10-23 11:30:00,0.0412,distillate,MW,nem,NSW1
2017-10-23 11:35:00,0.0412,distillate,MW,nem,NSW1
2017-10-23 11:40:00,0.0412,distillate,MW,nem,NSW1
2017-10-23 11:45:00,0.0412,distillate,MW,nem,NSW1
2017-10-23 11:50:00,0.0412,distillate,MW,nem,NSW1
2017-10-23 11:55:00,0.0412,distillate,MW,nem,NSW1
2017-10-23 12:00:00,0.0412,distillate,MW,nem,NSW1
2017-10-23 12:05:00,0.04175,distillate,MW,nem,NSW1
2017-10-23 12:10:00,0.04175,distillate,MW,nem,NSW1
2017-10-23 12:15:00,0.04175,distillate,MW,nem,NSW1
2017-10-23 12:20:00,0.04175,distillate,MW,nem,NSW1
2017-10-23 12:25:00,0.04175,distillate,MW,nem,NSW1
2017-10-23 12:30:00,0.04175,distillate,MW,nem,NSW1
2017-10-23 12:35:00,0.04175,distillate,MW,nem,NSW1
2017-10-23 12:40:00,0.04175,distillate,MW,nem,NSW1
2017-10-23 12:45:00,0.04175,distillate,MW,nem,NSW1
2017-10-23 12:50:00,0.04213,distillate,MW,nem,NSW1
2017-10-23 12:55:00,0.04213,distillate,MW,nem,NSW1
2017-10-23 13:00:00,0.04213,distillate,MW,nem,NSW1
2017-10-23 13:05:00,0.04213,distillate,MW,nem,NSW1
2017-10-23 13:10:00,0.04213,distillate,MW,nem,NSW1
2017-10-23 13:15:00,0.04213,distillate,MW,nem,NSW1
2017-10-23 13:20:00,0.04213,distillate,MW,nem,NSW1
2017-10-23 13:25:00,0.04213,distillate,MW,nem,NSW1
2017-10-23 13:30:00,0.04213,distillate,MW,nem,NSW1
2017-10-23 13:35:00,0.0434,distillate,MW,nem,NSW1
2017-10-23 13:40:00,0.0434,distillate,MW,nem,NSW1
2017-10-23 13:45:00,0.0434,distillate,MW,nem,NSW1
2017-10-23 13:50:00,0.0434,distillate,MW,nem,NSW1
2017-10-23 13:55:00,0.0434,distillate,MW,nem,NSW1
2017-10-23 14:00:00,0.0434,distillate,MW,nem,NSW1
2017-10-23 14:05:00,0.0434,distillate,MW,nem,NSW1
2017-10-23 14:10:00,0.0434,distillate,MW,nem,NSW1
2017-10-23 14:15:00,0.0434,distillate,MW,nem,NSW1
2017-10-23 14:20:00,0.04072,distillate,MW,nem,NSW1
2017-10-23 14:25:00,0.04072,distillate,MW,nem,NSW1
2017-10-23 14:30:00,0.04072,distillate,MW,nem,NSW1
2017-10-23 14:35:00,0.04072,distillate,MW,nem,NSW1
2017-10-23 14:40:00,0.04072,distillate,MW,nem,NSW1
2017-10-23 14:45:00,0.04072,distillate,MW,nem,NSW1
2017-10-23 14:50:00,0.04072,distillate,MW,nem,NSW1
2017-10-23 14:55:00,0.04072,distillate,MW,nem,NSW1
2017-10-23 15:00:00,0.04072,distillate,MW,nem,NSW1
2017-10-23 15:05:00,0.04236,distillate,MW,nem,NSW1
2017-10-23 15:10:00,0.04236,distillate,MW,nem,NSW1
2017-10-23 15:15:00,0.04236,distillate,MW,nem,NSW1
2017-10-23 15:20:00,0.04236,distillate,MW,nem,NSW1
2017-10-23 15:25:00,0.04236,distillate,MW,nem,NSW1
2017-10-23 15:30:00,0.04236,distillate,MW,nem,NSW1
2017-10-23 15:35:00,0.04236,distillate,MW,nem,NSW1
2017-10-23 15:40:00,0.04236,distillate,MW,nem,NSW1
2017-10-23 15:45:00,0.04236,distillate,MW,nem,NSW1
2017-10-23 15:50:00,0.03895,distillate,MW,nem,NSW1
2017-10-23 15:55:00,0.03895,distillate,MW,nem,NSW1
2017-10-23 16:00:00,0.03895,distillate,MW,nem,NSW1
2017-10-23 16:05:00,0.03895,distillate,MW,nem,NSW1
2017-10-23 16:10:00,0.03895,distillate,MW,nem,NSW1
2017-10-23 16:15:00,0.03895,distillate,MW,nem,NSW1
2017-10-23 16:20:00,0.03895,distillate,MW,nem,NSW1
2017-10-23 16:25:00,0.03895,distillate,MW,nem,NSW1
2017-10-23 16:30:00,0.03895,distillate,MW,nem,NSW1
2017-10-23 16:35:00,0.03803,distillate,MW,nem,NSW1
2017-10-23 16:40:00,0.03803,distillate,MW,nem,NSW1
2017-10-23 16:45:00,0.03803,distillate,MW,nem,NSW1
2017-10-23 16:50:00,0.03803,distillate,MW,nem,NSW1
2017-10-23 16:55:00,0.03803,distillate,MW,nem,NSW1
2017-10-23 17:00:00,0.03803,distillate,MW,nem,NSW1
2017-10-23 17:05:00,0.03803,distillate,MW,nem,NSW1
2017-10-23 17:10:00,0.03803,distillate,MW,nem,NSW1
2017-10-23 17:15:00,0.03803,distillate,MW,nem,NSW1
2017-10-23 17:20:00,0.03999,distillate,MW,nem,NSW1
2017-10-23 17:25:00,0.03999,distillate,MW,nem,NSW1
2017-10-23 17:30:00,0.03999,distillate,MW,nem,NSW1
2017-10-23 17:35:00,0.03999,distillate,MW,nem,NSW1
2017-10-23 17:40:00,0.03999,distillate,MW,nem,NSW1
2017-10-23 17:45:00,0.03999,distillate,MW,nem,NSW1
2017-10-23 17:50:00,0.03999,distillate,MW,nem,NSW1
2017-10-23 17:55:00,0.03999,distillate,MW,nem,NSW1
2017-10-23 18:00:00,0.03999,distillate,MW,nem,NSW1
2017-10-23 18:05:00,0.03868,distillate,MW,nem,NSW1
2017-10-23 18:10:00,0.03868,distillate,MW,nem,NSW1
2017-10-23 18:15:00,0.03868,distillate,MW,nem,NSW1
2017-10-23 18:20:00,0.03868,distillate,MW,nem,NSW1
2017-10-23 18:25:00,0.03868,distillate,MW,nem,NSW1
2017-10-23 18:30:00,0.03868,distillate,MW,nem,NSW1
2017-10-23 18:35:00,0.03868,distillate,MW,nem,NSW1
2017-10-23 18:40:00,0.03868,distillate,MW,nem,NSW1
2017-10-23 18:45:00,0.03868,distillate,MW,nem,NSW1
2017-10-23 18:50:00,0.04032,distillate,MW,nem,NSW1
2017-10-23 18:55:00,0.04032,distillate,MW,nem,NSW1
2017-10-23 19:00:00,0.04032,distillate,MW,nem,NSW1
2017-10-23 19:05:00,0.04032,distillate,MW,nem,NSW1
2017-10-23 19:10:00,0.04032,distillate,MW,nem,NSW1
2017-10-23 19:15:00,0.04032,distillate,MW,nem,NSW1
2017-10-23 19:20:00,0.04032,distillate,MW,nem,NSW1
2017-10-23 19:25:00,0.04032,distillate,MW,nem,NSW1
2017-10-23 19:30:00,0.04032,distillate,MW,nem,NSW1
2017-10-23 19:35:00,0.03398,distillate,MW,nem,NSW1
2017-10-23 19:40:00,0.03398,distillate,MW,nem,NSW1
2017-10-23 19:45:00,0.03398,distillate,MW,nem,NSW1
2017-10-23 19:50:00,0.03398,distillate,MW,nem,NSW1
2017-10-23 19:55:00,0.03398,distillate,MW,nem,NSW1
2017-10-23 20:00:00,0.03398,distillate,MW,nem,NSW1
2017-10-23 20:05:00,0.03398,distillate,MW,nem,NSW1
2017-10-23 20:10:00,0.03398,distillate,MW,nem,NSW1
2017-10-23 20:15:00,0.03398,distillate,MW,nem,NSW1
2017-10-23 20:20:00,0.0224,distillate,MW,nem,NSW1
2017-10-23 20:25:00,0.0224,distillate,MW,nem,NSW1
2017-10-23 20:30:00,0.0224,distillate,MW,nem,NSW1
2017-10-23 20:35:00,0.0224,distillate,MW,nem,NSW1
2017-10-23 20:40:00,0.0224,distillate,MW,nem,NSW1
2017-10-23 20:45:00,0.0224,distillate,MW,nem,NSW1
2017-10-23 20:50:00,0.0224,distillate,MW,nem,NSW1
2017-10-23 20:55:00,0.0224,distillate,MW,nem,NSW1
2017-10-23 21:00:00,0.0224,distillate,MW,nem,NSW1
2017-10-23 21:05:00,0.01771,distillate,MW,nem,NSW1
2017-10-23 21:10:00,0.01771,distillate,MW,nem,NSW1
2017-10-23 21:15:00,0.01771,distillate,MW,nem,NSW1
2017-10-23 21:20:00,0.01771,distillate,MW,nem,NSW1
2017-10-23 21:25:00,0.01771,distillate,MW,nem,NSW1
2017-10-23 21:30:00,0.01771,distillate,MW,nem,NSW1
2017-10-23 21:35:00,0.01771,distillate,MW,nem,NSW1
2017-10-23 21:40:00,0.01771,distillate,MW,nem,NSW1
2017-10-23 21:45:00,0.01771,distillate,MW,nem,NSW1
2017-10-23 21:50:00,0.01888,distillate,MW,nem,NSW1
2017-10-23 21:55:00,0.01888,distillate,MW,nem,NSW1
2017-10-23 22:00:00,0.01888,distillate,MW,nem,NSW1
2017-10-23 22:05:00,0.01888,distillate,MW,nem,NSW1
2017-10-23 22:10:00,0.01888,distillate,MW,nem,NSW1
2017-10-23 22:15:00,0.01888,distillate,MW,nem,NSW1
2017-10-23 22:20:00,0.01888,distillate,MW,nem,NSW1
2017-10-23 22:25:00,0.01888,distillate,MW,nem,NSW1
2017-10-23 22:30:00,0.01888,distillate,MW,nem,NSW1
2017-10-23 22:35:00,0.01912,distillate,MW,nem,NSW1
2017-10-23 22:40:00,0.01912,distillate,MW,nem,NSW1
2017-10-23 22:45:00,0.01912,distillate,MW,nem,NSW1
2017-10-23 22:50:00,0.01912,distillate,MW,nem,NSW1
2017-10-23 22:55:00,0.01912,distillate,MW,nem,NSW1
2017-10-23 23:00:00,0.01912,distillate,MW,nem,NSW1
2017-10-23 23:05:00,0.01912,distillate,MW,nem,NSW1
2017-10-23 23:10:00,0.01912,distillate,MW,nem,NSW1
2017-10-23 23:15:00,0.01912,distillate,MW,nem,NSW1
2017-10-23 23:20:00,0.02483,distillate,MW,nem,NSW1
2017-10-23 23:25:00,0.02483,distillate,MW,nem,NSW1
2017-10-23 23:30:00,0.02483,distillate,MW,nem,NSW1
2017-10-23 23:35:00,0.02483,distillate,MW,nem,NSW1
2017-10-23 23:40:00,0.02483,distillate,MW,nem,NSW1
2017-10-23 23:45:00,0.02483,distillate,MW,nem,NSW1
2017-10-23 23:50:00,0.02483,distillate,MW,nem,NSW1
2017-10-23 23:55:00,0.02483,distillate,MW,nem,NSW1
2017-10-24 00:00:00,0.02483,distillate,MW,nem,NSW1
2017-10-24 00:05:00,0.02656,distillate,MW,nem,NSW1
2017-10-24 00:10:00,0.02656,distillate,MW,nem,NSW1
2017-10-24 00:15:00,0.02656,distillate,MW,nem,NSW1
2017-10-24 00:20:00,0.02656,distillate,MW,nem,NSW1
2017-10-24 00:25:00,0.02656,distillate,MW,nem,NSW1
2017-10-24 00:30:00,0.02656,distillate,MW,nem,NSW1
2017-10-24 00:35:00,0.02656,distillate,MW,nem,NSW1
2017-10-24 00:40:00,0.02656,distillate,MW,nem,NSW1
2017-10-24 00:45:00,0.02656,distillate,MW,nem,NSW1
2017-10-24 00:50:00,0.02315,distillate,MW,nem,NSW1
2017-10-24 00:55:00,0.02315,distillate,MW,nem,NSW1
2017-10-24 01:00:00,0.02315,distillate,MW,nem,NSW1
2017-10-24 01:05:00,0.02315,distillate,MW,nem,NSW1
2017-10-24 01:10:00,0.02315,distillate,MW,nem,NSW1
2017-10-24 01:15:00,0.02315,distillate,MW,nem,NSW1
2017-10-24 01:20:00,0.02315,distillate,MW,nem,NSW1
2017-10-24 01:25:00,0.02315,distillate,MW,nem,NSW1
2017-10-24 01:30:00,0.02315,distillate,MW,nem,NSW1
2017-10-24 01:35:00,0.02497,distillate,MW,nem,NSW1
2017-10-24 01:40:00,0.02497,distillate,MW,nem,NSW1
2017-10-24 01:45:00,0.02497,distillate,MW,nem,NSW1
2017-10-24 01:50:00,0.02497,distillate,MW,nem,NSW1
2017-10-24 01:55:00,0.02497,distillate,MW,nem,NSW1
2017-10-24 02:00:00,0.02497,distillate,MW,nem,NSW1
2017-10-24 02:05:00,0.02497,distillate,MW,nem,NSW1
2017-10-24 02:10:00,0.02497,distillate,MW,nem,NSW1
2017-10-24 02:15:00,0.02497,distillate,MW,nem,NSW1
2017-10-24 02:20:00,0.02665,distillate,MW,nem,NSW1
2017-10-24 02:25:00,0.02665,distillate,MW,nem,NSW1
2017-10-24 02:30:00,0.02665,distillate,MW,nem,NSW1
2017-10-24 02:35:00,0.02665,distillate,MW,nem,NSW1
2017-10-24 02:40:00,0.02665,distillate,MW,nem,NSW1
2017-10-24 02:45:00,0.02665,distillate,MW,nem,NSW1
2017-10-24 02:50:00,0.02665,distillate,MW,nem,NSW1
2017-10-24 02:55:00,0.02665,distillate,MW,nem,NSW1
2017-10-24 03:00:00,0.02665,distillate,MW,nem,NSW1
2017-10-24 03:05:00,0.02373,distillate,MW,nem,NSW1
2017-10-24 03:10:00,0.02373,distillate,MW,nem,NSW1
2017-10-24 03:15:00,0.02373,distillate,MW,nem,NSW1
2017-10-24 03:20:00,0.02373,distillate,MW,nem,NSW1
2017-10-24 03:25:00,0.02373,distillate,MW,nem,NSW1
2017-10-24 03:30:00,0.02373,distillate,MW,nem,NSW1
2017-10-24 03:35:00,0.02373,distillate,MW,nem,NSW1
2017-10-24 03:40:00,0.02373,distillate,MW,nem,NSW1
2017-10-24 03:45:00,0.02373,distillate,MW,nem,NSW1
2017-10-24 03:50:00,0.02037,distillate,MW,nem,NSW1
2017-10-24 03:55:00,0.02037,distillate,MW,nem,NSW1
2017-10-24 04:00:00,0.02037,distillate,MW,nem,NSW1
2017-10-24 04:05:00,0.02037,distillate,MW,nem,NSW1
2017-10-24 04:10:00,0.02037,distillate,MW,nem,NSW1
2017-10-24 04:15:00,0.02037,distillate,MW,nem,NSW1
2017-10-24 04:20:00,0.02037,distillate,MW,nem,NSW1
2017-10-24 04:25:00,0.02037,distillate,MW,nem,NSW1
2017-10-24 04:30:00,0.02037,distillate,MW,nem,NSW1
2017-10-24 04:35:00,0.02458,distillate,MW,nem,NSW1
2017-10-24 04:40:00,0.02458,distillate,MW,nem,NSW1
2017-10-24 04:45:00,0.02458,distillate,MW,nem,NSW1
2017-10-24 04:50:00,0.02458,distillate,MW,nem,NSW1
2017-10-24 04:55:00,0.02458,distillate,MW,nem,NSW1
2017-10-24 05:00:00,0.02458,distillate,MW,nem,NSW1
2017-10-24 05:05:00,0.02458,distillate,MW,nem,NSW1
2017-10-24 05:10:00,0.02458,distillate,MW,nem,NSW1
2017-10-24 05:15:00,0.02458,distillate,MW,nem,NSW1
2017-10-24 05:20:00,0.02198,distillate,MW,nem,NSW1
2017-10-24 05:25:00,0.02198,distillate,MW,nem,NSW1
2017-10-24 05:30:00,0.02198,distillate,MW,nem,NSW1
2017-10-24 05:35:00,0.02198,distillate,MW,nem,NSW1
2017-10-24 05:40:00,0.02198,distillate,MW,nem,NSW1
2017-10-24 05:45:00,0.02198,distillate,MW,nem,NSW1
2017-10-24 05:50:00,0.02198,distillate,MW,nem,NSW1
2017-10-24 05:55:00,0.02198,distillate,MW,nem,NSW1
2017-10-24 06:00:00,0.02198,distillate,MW,nem,NSW1
2017-10-24 06:05:00,0.02256,distillate,MW,nem,NSW1
2017-10-24 06:10:00,0.02256,distillate,MW,nem,NSW1
2017-10-24 06:15:00,0.02256,distillate,MW,nem,NSW1
2017-10-24 06:20:00,0.02256,distillate,MW,nem,NSW1
2017-10-24 06:25:00,0.02256,distillate,MW,nem,NSW1
2017-10-24 06:30:00,0.02256,distillate,MW,nem,NSW1
2017-10-24 06:35:00,0.02256,distillate,MW,nem,NSW1
2017-10-24 06:40:00,0.02256,distillate,MW,nem,NSW1
2017-10-24 06:45:00,0.02256,distillate,MW,nem,NSW1
2017-10-24 06:50:00,0.02263,distillate,MW,nem,NSW1
2017-10-24 06:55:00,0.02263,distillate,MW,nem,NSW1
2017-10-24 07:00:00,0.02263,distillate,MW,nem,NSW1
2017-10-24 07:05:00,0.02263,distillate,MW,nem,NSW1
2017-10-24 07:10:00,0.02263,distillate,MW,nem,NSW1
2017-10-24 07:15:00,0.02263,distillate,MW,nem,NSW1
2017-10-24 07:20:00,0.02263,distillate,MW,nem,NSW1
2017-10-24 07:25:00,0.02263,distillate,MW,nem,NSW1
2017-10-24 07:30:00,0.02263,distillate,MW,nem,NSW1
2017-10-24 07:35:00,0.01633,distillate,MW,nem,NSW1
2017-10-24 07:40:00,0.01633,distillate,MW,nem,NSW1
2017-10-24 07:45:00,0.01633,distillate,MW,nem,NSW1
2017-10-24 07:50:00,0.01633,distillate,MW,nem,NSW1
2017-10-24 07:55:00,0.01633,distillate,MW,nem,NSW1
2017-10-24 08:00:00,0.01633,distillate,MW,nem,NSW1
2017-10-24 08:05:00,0.01633,distillate,MW,nem,NSW1
2017-10-24 08:10:00,0.01633,distillate,MW,nem,NSW1
2017-10-24 08:15:00,0.01633,distillate,MW,nem,NSW1
2017-10-24 08:20:00,0.0184,distillate,MW,nem,NSW1
2017-10-24 08:25:00,0.0184,distillate,MW,nem,NSW1
2017-10-24 08:30:00,0.0184,distillate,MW,nem,NSW1
2017-10-24 08:35:00,0.0184,distillate,MW,nem,NSW1
2017-10-24 08:40:00,0.0184,distillate,MW,nem,NSW1
2017-10-24 08:45:00,0.0184,distillate,MW,nem,NSW1
2017-10-24 08:50:00,0.0184,distillate,MW,nem,NSW1
2017-10-24 08:55:00,0.0184,distillate,MW,nem,NSW1
2017-10-24 09:00:00,0.0184,distillate,MW,nem,NSW1
2017-10-24 09:05:00,0.02174,distillate,MW,nem,NSW1
2017-10-24 09:10:00,0.02174,distillate,MW,nem,NSW1
2017-10-24 09:15:00,0.02174,distillate,MW,nem,NSW1
2017-10-24 09:20:00,0.02174,distillate,MW,nem,NSW1
2017-10-24 09:25:00,0.02174,distillate,MW,nem,NSW1
2017-10-24 09:30:00,0.02174,distillate,MW,nem,NSW1
2017-10-24 09:35:00,0.02174,distillate,MW,nem,NSW1
2017-10-24 09:40:00,0.02174,distillate,MW,nem,NSW1
2017-10-24 09:45:00,0.02174,distillate,MW,nem,NSW1
2017-10-24 09:50:00,0.02433,distillate,MW,nem,NSW1
2017-10-24 09:55:00,0.02433,distillate,MW,nem,NSW1
2017-10-24 10:00:00,0.02433,distillate,MW,nem,NSW1
2017-10-24 10:05:00,0.02433,distillate,MW,nem,NSW1
2017-10-24 10:10:00,0.02433,distillate,MW,nem,NSW1
2017-10-24 10:15:00,0.02433,distillate,MW,nem,NSW1
2017-10-24 10:20:00,0.02433,distillate,MW,nem,NSW1
2017-10-24 10:25:00,0.02433,distillate,MW,nem,NSW1
2017-10-24 10:30:00,0.02433,distillate,MW,nem,NSW1
2017-10-24 10:35:00,0.03592,distillate,MW,nem,NSW1
2017-10-24 10:40:00,0.03592,distillate,MW,nem,NSW1
2017-10-24 10:45:00,0.03592,distillate,MW,nem,NSW1
2017-10-24 10:50:00,0.03592,distillate,MW,nem,NSW1
2017-10-24 10:55:00,0.03592,distillate,MW,nem,NSW1
2017-10-24 11:00:00,0.03592,distillate,MW,nem,NSW1
2017-10-24 11:05:00,0.03592,distillate,MW,nem,NSW1
2017-10-24 11:10:00,0.03592,distillate,MW,nem,NSW1
2017-10-24 11:15:00,0.03592,distillate,MW,nem,NSW1
2017-10-24 11:20:00,0.04425,distillate,MW,nem,NSW1
2017-10-24 11:25:00,0.04425,distillate,MW,nem,NSW1
2017-10-24 11:30:00,0.04425,distillate,MW,nem,NSW1
2017-10-24 11:35:00,0.04425,distillate,MW,nem,NSW1
2017-10-24 11:40:00,0.04425,distillate,MW,nem,NSW1
2017-10-24 11:45:00,0.04425,distillate,MW,nem,NSW1
2017-10-24 11:50:00,0.04425,distillate,MW,nem,NSW1
2017-10-24 11:55:00,0.04425,distillate,MW,nem,NSW1
2017-10-24 12:00:00,0.04425,distillate,MW,nem,NSW1
2017-10-24 12:05:00,0.0,distillate,MW,nem,NSW1
2017-10-24 12:10:00,0.0,distillate,MW,nem,NSW1
2017-10-24 12:15:00,0.0,distillate,MW,nem,NSW1
2017-10-24 12:20:00,0.0,distillate,MW,nem,NSW1
2017-10-24 12:25:00,0.0,distillate,MW,nem,NSW1
2017-10-24 12:30:00,0.0,distillate,MW,nem,NSW1
2017-10-24 12:35:00,0.0,distillate,MW,nem,NSW1
2017-10-24 12:40:00,0.0,distillate,MW,nem,NSW1
2017-10-24 12:45:00,0.0,distillate,MW,nem,NSW1
2017-10-24 12:50:00,0.04361,distillate,MW,nem,NSW1
2017-10-24 12:55:00,0.04361,distillate,MW,nem,NSW1
2017-10-24 13:00:00,0.04361,distillate,MW,nem,NSW1
2017-10-24 13:05:00,0.04361,distillate,MW,nem,NSW1
2017-10-24 13:10:00,0.04361,distillate,MW,nem,NSW1
2017-10-24 13:15:00,0.04361,distillate,MW,nem,NSW1
2017-10-24 13:20:00,0.04361,distillate,MW,nem,NSW1
2017-10-24 13:25:00,0.04361,distillate,MW,nem,NSW1
2017-10-24 13:30:00,0.04361,distillate,MW,nem,NSW1
2017-10-24 13:35:00,0.04401,distillate,MW,nem,NSW1
2017-10-24 13:40:00,0.04401,distillate,MW,nem,NSW1
2017-10-24 13:45:00,0.04401,distillate,MW,nem,NSW1
2017-10-24 13:50:00,0.04401,distillate,MW,nem,NSW1
2017-10-24 13:55:00,0.04401,distillate,MW,nem,NSW1
2017-10-24 14:00:00,0.04401,distillate,MW,nem,NSW1
2017-10-24 14:05:00,0.04401,distillate,MW,nem,NSW1
2017-10-24 14:10:00,0.04401,distillate,MW,nem,NSW1
2017-10-24 14:15:00,0.04401,distillate,MW,nem,NSW1
2017-10-24 14:20:00,0.04406,distillate,MW,nem,NSW1
2017-10-24 14:25:00,0.04406,distillate,MW,nem,NSW1
2017-10-24 14:30:00,0.04406,distillate,MW,nem,NSW1
2017-10-24 14:35:00,0.04406,distillate,MW,nem,NSW1
2017-10-24 14:40:00,0.04406,distillate,MW,nem,NSW1
2017-10-24 14:45:00,0.04406,distillate,MW,nem,NSW1
2017-10-24 14:50:00,0.04406,distillate,MW,nem,NSW1
2017-10-24 14:55:00,0.04406,distillate,MW,nem,NSW1
2017-10-24 15:00:00,0.04406,distillate,MW,nem,NSW1
2017-10-24 15:05:00,0.05373,distillate,MW,nem,NSW1
2017-10-24 15:10:00,0.05373,distillate,MW,nem,NSW1
2017-10-24 15:15:00,0.05373,distillate,MW,nem,NSW1
2017-10-24 15:20:00,0.05373,distillate,MW,nem,NSW1
2017-10-24 15:25:00,0.05373,distillate,MW,nem,NSW1
2017-10-24 15:30:00,0.05373,distillate,MW,nem,NSW1
2017-10-24 15:35:00,0.05373,distillate,MW,nem,NSW1
2017-10-24 15:40:00,0.05373,distillate,MW,nem,NSW1
2017-10-24 15:45:00,0.05373,distillate,MW,nem,NSW1
2017-10-24 15:50:00,0.05216,distillate,MW,nem,NSW1
2017-10-24 15:55:00,0.05216,distillate,MW,nem,NSW1
2017-10-24 16:00:00,0.05216,distillate,MW,nem,NSW1
2017-10-24 16:05:00,0.05216,distillate,MW,nem,NSW1
2017-10-24 16:10:00,0.05216,distillate,MW,nem,NSW1
2017-10-24 16:15:00,0.05216,distillate,MW,nem,NSW1
2017-10-24 16:20:00,0.05216,distillate,MW,nem,NSW1
2017-10-24 16:25:00,0.05216,distillate,MW,nem,NSW1
2017-10-24 16:30:00,0.05216,distillate,MW,nem,NSW1
2017-10-24 16:35:00,0.05176,distillate,MW,nem,NSW1
2017-10-24 16:40:00,0.05176,distillate,MW,nem,NSW1
2017-10-24 16:45:00,0.05176,distillate,MW,nem,NSW1
2017-10-24 16:50:00,0.05176,distillate,MW,nem,NSW1
2017-10-24 16:55:00,0.05176,distillate,MW,nem,NSW1
2017-10-24 17:00:00,0.05176,distillate,MW,nem,NSW1
2017-10-24 17:05:00,0.05176,distillate,MW,nem,NSW1
2017-10-24 17:10:00,0.05176,distillate,MW,nem,NSW1
2017-10-24 17:15:00,0.05176,distillate,MW,nem,NSW1
2017-10-24 17:20:00,0.04984,distillate,MW,nem,NSW1
2017-10-24 17:25:00,0.04984,distillate,MW,nem,NSW1
2017-10-24 17:30:00,0.04984,distillate,MW,nem,NSW1
2017-10-24 17:35:00,0.04984,distillate,MW,nem,NSW1
2017-10-24 17:40:00,0.04984,distillate,MW,nem,NSW1
2017-10-24 17:45:00,0.04984,distillate,MW,nem,NSW1
2017-10-24 17:50:00,0.04984,distillate,MW,nem,NSW1
2017-10-24 17:55:00,0.04984,distillate,MW,nem,NSW1
2017-10-24 18:00:00,0.04984,distillate,MW,nem,NSW1
2017-10-24 18:05:00,0.04649,distillate,MW,nem,NSW1
2017-10-24 18:10:00,0.04649,distillate,MW,nem,NSW1
2017-10-24 18:15:00,0.04649,distillate,MW,nem,NSW1
2017-10-24 18:20:00,0.04649,distillate,MW,nem,NSW1
2017-10-24 18:25:00,0.04649,distillate,MW,nem,NSW1
2017-10-24 18:30:00,0.04649,distillate,MW,nem,NSW1
2017-10-24 18:35:00,0.04649,distillate,MW,nem,NSW1
2017-10-24 18:40:00,0.04649,distillate,MW,nem,NSW1
2017-10-24 18:45:00,0.04649,distillate,MW,nem,NSW1
2017-10-24 18:50:00,0.04622,distillate,MW,nem,NSW1
2017-10-24 18:55:00,0.04622,distillate,MW,nem,NSW1
2017-10-24 19:00:00,0.04622,distillate,MW,nem,NSW1
2017-10-24 19:05:00,0.04622,distillate,MW,nem,NSW1
2017-10-24 19:10:00,0.04622,distillate,MW,nem,NSW1
2017-10-24 19:15:00,0.04622,distillate,MW,nem,NSW1
2017-10-24 19:20:00,0.04622,distillate,MW,nem,NSW1
2017-10-24 19:25:00,0.04622,distillate,MW,nem,NSW1
2017-10-24 19:30:00,0.04622,distillate,MW,nem,NSW1
2017-10-24 19:35:00,0.0462,distillate,MW,nem,NSW1
2017-10-24 19:40:00,0.0462,distillate,MW,nem,NSW1
2017-10-24 19:45:00,0.0462,distillate,MW,nem,NSW1
2017-10-24 19:50:00,0.0462,distillate,MW,nem,NSW1
2017-10-24 19:55:00,0.0462,distillate,MW,nem,NSW1
2017-10-24 20:00:00,0.0462,distillate,MW,nem,NSW1
2017-10-24 20:05:00,0.0462,distillate,MW,nem,NSW1
2017-10-24 20:10:00,0.0462,distillate,MW,nem,NSW1
2017-10-24 20:15:00,0.0462,distillate,MW,nem,NSW1
2017-10-24 20:20:00,0.03902,distillate,MW,nem,NSW1
2017-10-24 20:25:00,0.03902,distillate,MW,nem,NSW1
2017-10-24 20:30:00,0.03902,distillate,MW,nem,NSW1
2017-10-24 20:35:00,0.03902,distillate,MW,nem,NSW1
2017-10-24 20:40:00,0.03902,distillate,MW,nem,NSW1
2017-10-24 20:45:00,0.03902,distillate,MW,nem,NSW1
2017-10-24 20:50:00,0.03902,distillate,MW,nem,NSW1
2017-10-24 20:55:00,0.03902,distillate,MW,nem,NSW1
2017-10-24 21:00:00,0.03902,distillate,MW,nem,NSW1
2017-10-24 21:05:00,0.04171,distillate,MW,nem,NSW1
2017-10-24 21:10:00,0.04171,distillate,MW,nem,NSW1
2017-10-24 21:15:00,0.04171,distillate,MW,nem,NSW1
2017-10-24 21:20:00,0.04171,distillate,MW,nem,NSW1
2017-10-24 21:25:00,0.04171,distillate,MW,nem,NSW1
2017-10-24 21:30:00,0.04171,distillate,MW,nem,NSW1
2017-10-24 21:35:00,0.04171,distillate,MW,nem,NSW1
2017-10-24 21:40:00,0.04171,distillate,MW,nem,NSW1
2017-10-24 21:45:00,0.04171,distillate,MW,nem,NSW1
2017-10-24 21:50:00,0.03956,distillate,MW,nem,NSW1
2017-10-24 21:55:00,0.03956,distillate,MW,nem,NSW1
2017-10-24 22:00:00,0.03956,distillate,MW,nem,NSW1
2017-10-24 22:05:00,0.03956,distillate,MW,nem,NSW1
2017-10-24 22:10:00,0.03956,distillate,MW,nem,NSW1
2017-10-24 22:15:00,0.03956,distillate,MW,nem,NSW1
2017-10-24 22:20:00,0.03956,distillate,MW,nem,NSW1
2017-10-24 22:25:00,0.03956,distillate,MW,nem,NSW1
2017-10-24 22:30:00,0.03956,distillate,MW,nem,NSW1
2017-10-24 22:35:00,0.03816,distillate,MW,nem,NSW1
2017-10-24 22:40:00,0.03816,distillate,MW,nem,NSW1
2017-10-24 22:45:00,0.03816,distillate,MW,nem,NSW1
2017-10-24 22:50:00,0.03816,distillate,MW,nem,NSW1
2017-10-24 22:55:00,0.03816,distillate,MW,nem,NSW1
2017-10-24 23:00:00,0.03816,distillate,MW,nem,NSW1
2017-10-24 23:05:00,0.03816,distillate,MW,nem,NSW1
2017-10-24 23:10:00,0.03816,distillate,MW,nem,NSW1
2017-10-24 23:15:00,0.03816,distillate,MW,nem,NSW1
2017-10-24 23:20:00,0.03684,distillate,MW,nem,NSW1
2017-10-24 23:25:00,0.03684,distillate,MW,nem,NSW1
2017-10-24 23:30:00,0.03684,distillate,MW,nem,NSW1
2017-10-24 23:35:00,0.03684,distillate,MW,nem,NSW1
2017-10-24 23:40:00,0.03684,distillate,MW,nem,NSW1
2017-10-24 23:45:00,0.03684,distillate,MW,nem,NSW1
2017-10-24 23:50:00,0.03684,distillate,MW,nem,NSW1
2017-10-24 23:55:00,0.03684,distillate,MW,nem,NSW1
2017-10-25 00:00:00,0.03684,distillate,MW,nem,NSW1
2017-10-25 00:05:00,0.03989,distillate,MW,nem,NSW1
2017-10-25 00:10:00,0.03989,distillate,MW,nem,NSW1
2017-10-25 00:15:00,0.03989,distillate,MW,nem,NSW1
2017-10-25 00:20:00,0.03989,distillate,MW,nem,NSW1
2017-10-25 00:25:00,0.03989,distillate,MW,nem,NSW1
2017-10-25 00:30:00,0.03989,distillate,MW,nem,NSW1
2017-10-25 00:35:00,0.03989,distillate,MW,nem,NSW1
2017-10-25 00:40:00,0.03989,distillate,MW,nem,NSW1
2017-10-25 00:45:00,0.03989,distillate,MW,nem,NSW1
2017-10-25 00:50:00,0.03914,distillate,MW,nem,NSW1
2017-10-25 00:55:00,0.03914,distillate,MW,nem,NSW1
2017-10-25 01:00:00,0.03914,distillate,MW,nem,NSW1
2017-10-25 01:05:00,0.03914,distillate,MW,nem,NSW1
2017-10-25 01:10:00,0.03914,distillate,MW,nem,NSW1
2017-10-25 01:15:00,0.03914,distillate,MW,nem,NSW1
2017-10-25 01:20:00,0.03914,distillate,MW,nem,NSW1
2017-10-25 01:25:00,0.03914,distillate,MW,nem,NSW1
2017-10-25 01:30:00,0.03914,distillate,MW,nem,NSW1
2017-10-25 01:35:00,0.04013,distillate,MW,nem,NSW1
2017-10-25 01:40:00,0.04013,distillate,MW,nem,NSW1
2017-10-25 01:45:00,0.04013,distillate,MW,nem,NSW1
2017-10-25 01:50:00,0.04013,distillate,MW,nem,NSW1
2017-10-25 01:55:00,0.04013,distillate,MW,nem,NSW1
2017-10-25 02:00:00,0.04013,distillate,MW,nem,NSW1
2017-10-25 02:05:00,0.04013,distillate,MW,nem,NSW1
2017-10-25 02:10:00,0.04013,distillate,MW,nem,NSW1
2017-10-25 02:15:00,0.04013,distillate,MW,nem,NSW1
2017-10-25 02:20:00,0.03954,distillate,MW,nem,NSW1
2017-10-25 02:25:00,0.03954,distillate,MW,nem,NSW1
2017-10-25 02:30:00,0.03954,distillate,MW,nem,NSW1
2017-10-25 02:35:00,0.03954,distillate,MW,nem,NSW1
2017-10-25 02:40:00,0.03954,distillate,MW,nem,NSW1
2017-10-25 02:45:00,0.03954,distillate,MW,nem,NSW1
2017-10-25 02:50:00,0.03954,distillate,MW,nem,NSW1
2017-10-25 02:55:00,0.03954,distillate,MW,nem,NSW1
2017-10-25 03:00:00,0.03954,distillate,MW,nem,NSW1
2017-10-25 03:05:00,0.03872,distillate,MW,nem,NSW1
2017-10-25 03:10:00,0.03872,distillate,MW,nem,NSW1
2017-10-25 03:15:00,0.03872,distillate,MW,nem,NSW1
2017-10-25 03:20:00,0.03872,distillate,MW,nem,NSW1
2017-10-25 03:25:00,0.03872,distillate,MW,nem,NSW1
2017-10-25 03:30:00,0.03872,distillate,MW,nem,NSW1
2017-10-25 03:35:00,0.03872,distillate,MW,nem,NSW1
2017-10-25 03:40:00,0.03872,distillate,MW,nem,NSW1
2017-10-25 03:45:00,0.03872,distillate,MW,nem,NSW1
2017-10-25 03:50:00,0.03939,distillate,MW,nem,NSW1
2017-10-25 03:55:00,0.03939,distillate,MW,nem,NSW1
2017-10-25 04:00:00,0.03939,distillate,MW,nem,NSW1
2017-10-25 04:05:00,0.03939,distillate,MW,nem,NSW1
2017-10-25 04:10:00,0.03939,distillate,MW,nem,NSW1
2017-10-25 04:15:00,0.03939,distillate,MW,nem,NSW1
2017-10-25 04:20:00,0.03939,distillate,MW,nem,NSW1
2017-10-25 04:25:00,0.03939,distillate,MW,nem,NSW1
2017-10-25 04:30:00,0.03939,distillate,MW,nem,NSW1
2017-10-25 04:35:00,0.04154,distillate,MW,nem,NSW1
2017-10-25 04:40:00,0.04154,distillate,MW,nem,NSW1
2017-10-25 04:45:00,0.04154,distillate,MW,nem,NSW1
2017-10-25 04:50:00,0.04154,distillate,MW,nem,NSW1
2017-10-25 04:55:00,0.04154,distillate,MW,nem,NSW1
2017-10-25 05:00:00,0.04154,distillate,MW,nem,NSW1
2017-10-25 05:05:00,0.04154,distillate,MW,nem,NSW1
2017-10-25 05:10:00,0.04154,distillate,MW,nem,NSW1
2017-10-25 05:15:00,0.04154,distillate,MW,nem,NSW1
2017-10-25 05:20:00,0.03867,distillate,MW,nem,NSW1
2017-10-25 05:25:00,0.03867,distillate,MW,nem,NSW1
2017-10-25 05:30:00,0.03867,distillate,MW,nem,NSW1
2017-10-25 05:35:00,0.03867,distillate,MW,nem,NSW1
2017-10-25 05:40:00,0.03867,distillate,MW,nem,NSW1
2017-10-25 05:45:00,0.03867,distillate,MW,nem,NSW1
2017-10-25 05:50:00,0.03867,distillate,MW,nem,NSW1
2017-10-25 05:55:00,0.03867,distillate,MW,nem,NSW1
2017-10-25 06:00:00,0.03867,distillate,MW,nem,NSW1
2017-10-25 06:05:00,0.03787,distillate,MW,nem,NSW1
2017-10-25 06:10:00,0.03787,distillate,MW,nem,NSW1
2017-10-25 06:15:00,0.03787,distillate,MW,nem,NSW1
2017-10-25 06:20:00,0.03787,distillate,MW,nem,NSW1
2017-10-25 06:25:00,0.03787,distillate,MW,nem,NSW1
2017-10-25 06:30:00,0.03787,distillate,MW,nem,NSW1
2017-10-25 06:35:00,0.03787,distillate,MW,nem,NSW1
2017-10-25 06:40:00,0.03787,distillate,MW,nem,NSW1
2017-10-25 06:45:00,0.03787,distillate,MW,nem,NSW1
2017-10-25 06:50:00,0.03985,distillate,MW,nem,NSW1
2017-10-25 06:55:00,0.03985,distillate,MW,nem,NSW1
2017-10-25 07:00:00,0.03985,distillate,MW,nem,NSW1
2017-10-25 07:05:00,0.03985,distillate,MW,nem,NSW1
2017-10-25 07:10:00,0.03985,distillate,MW,nem,NSW1
2017-10-25 07:15:00,0.03985,distillate,MW,nem,NSW1
2017-10-25 07:20:00,0.03985,distillate,MW,nem,NSW1
2017-10-25 07:25:00,0.03985,distillate,MW,nem,NSW1
2017-10-25 07:30:00,0.03985,distillate,MW,nem,NSW1
2017-10-25 07:35:00,0.03917,distillate,MW,nem,NSW1
2017-10-25 07:40:00,0.03917,distillate,MW,nem,NSW1
2017-10-25 07:45:00,0.03917,distillate,MW,nem,NSW1
2017-10-25 07:50:00,0.03917,distillate,MW,nem,NSW1
2017-10-25 07:55:00,0.03917,distillate,MW,nem,NSW1
2017-10-25 08:00:00,0.03917,distillate,MW,nem,NSW1
2017-10-25 08:05:00,0.03917,distillate,MW,nem,NSW1
2017-10-25 08:10:00,0.03917,distillate,MW,nem,NSW1
2017-10-25 08:15:00,0.03917,distillate,MW,nem,NSW1
2017-10-25 08:20:00,0.03958,distillate,MW,nem,NSW1
2017-10-25 08:25:00,0.03958,distillate,MW,nem,NSW1
2017-10-25 08:30:00,0.03958,distillate,MW,nem,NSW1
2017-10-25 08:35:00,0.03958,distillate,MW,nem,NSW1
2017-10-25 08:40:00,0.03958,distillate,MW,nem,NSW1
2017-10-25 08:45:00,0.03958,distillate,MW,nem,NSW1
2017-10-25 08:50:00,0.03958,distillate,MW,nem,NSW1
2017-10-25 08:55:00,0.03958,distillate,MW,nem,NSW1
2017-10-25 09:00:00,0.03958,distillate,MW,nem,NSW1
2017-10-25 09:05:00,0.04113,distillate,MW,nem,NSW1
2017-10-25 09:10:00,0.04113,distillate,MW,nem,NSW1
2017-10-25 09:15:00,0.04113,distillate,MW,nem,NSW1
2017-10-25 09:20:00,0.04113,distillate,MW,nem,NSW1
2017-10-25 09:25:00,0.04113,distillate,MW,nem,NSW1
2017-10-25 09:30:00,0.04113,distillate,MW,nem,NSW1
2017-10-25 09:35:00,0.04113,distillate,MW,nem,NSW1
2017-10-25 09:40:00,0.04113,distillate,MW,nem,NSW1
2017-10-25 09:45:00,0.04113,distillate,MW,nem,NSW1
2017-10-25 09:50:00,0.0471,distillate,MW,nem,NSW1
2017-10-25 09:55:00,0.0471,distillate,MW,nem,NSW1
2017-10-25 10:00:00,0.0471,distillate,MW,nem,NSW1
2017-10-25 10:05:00,0.0471,distillate,MW,nem,NSW1
2017-10-25 10:10:00,0.0471,distillate,MW,nem,NSW1
2017-10-25 10:15:00,0.0471,distillate,MW,nem,NSW1
2017-10-25 10:20:00,0.0471,distillate,MW,nem,NSW1
2017-10-25 10:25:00,0.0471,distillate,MW,nem,NSW1
2017-10-25 10:30:00,0.0471,distillate,MW,nem,NSW1
2017-10-25 10:35:00,0.04765,distillate,MW,nem,NSW1
2017-10-25 10:40:00,0.04765,distillate,MW,nem,NSW1
2017-10-25 10:45:00,0.04765,distillate,MW,nem,NSW1
2017-10-25 10:50:00,0.04765,distillate,MW,nem,NSW1
2017-10-25 10:55:00,0.04765,distillate,MW,nem,NSW1
2017-10-25 11:00:00,0.04765,distillate,MW,nem,NSW1
2017-10-25 11:05:00,0.04765,distillate,MW,nem,NSW1
2017-10-25 11:10:00,0.04765,distillate,MW,nem,NSW1
2017-10-25 11:15:00,0.04765,distillate,MW,nem,NSW1
2017-10-25 11:20:00,0.05416,distillate,MW,nem,NSW1
2017-10-25 11:25:00,0.05416,distillate,MW,nem,NSW1
2017-10-25 11:30:00,0.05416,distillate,MW,nem,NSW1
2017-10-25 11:35:00,0.05416,distillate,MW,nem,NSW1
2017-10-25 11:40:00,0.05416,distillate,MW,nem,NSW1
2017-10-25 11:45:00,0.05416,distillate,MW,nem,NSW1
2017-10-25 11:50:00,0.05416,distillate,MW,nem,NSW1
2017-10-25 11:55:00,0.05416,distillate,MW,nem,NSW1
2017-10-25 12:00:00,0.05416,distillate,MW,nem,NSW1
2017-10-25 12:05:00,0.05968,distillate,MW,nem,NSW1
2017-10-25 12:10:00,0.05968,distillate,MW,nem,NSW1
2017-10-25 12:15:00,0.05968,distillate,MW,nem,NSW1
2017-10-25 12:20:00,0.05968,distillate,MW,nem,NSW1
2017-10-25 12:25:00,0.05968,distillate,MW,nem,NSW1
2017-10-25 12:30:00,0.05968,distillate,MW,nem,NSW1
2017-10-25 12:35:00,0.05968,distillate,MW,nem,NSW1
2017-10-25 12:40:00,0.05968,distillate,MW,nem,NSW1
2017-10-25 12:45:00,0.05968,distillate,MW,nem,NSW1
2017-10-25 12:50:00,0.05962,distillate,MW,nem,NSW1
2017-10-25 12:55:00,0.05962,distillate,MW,nem,NSW1
2017-10-25 13:00:00,0.05962,distillate,MW,nem,NSW1
2017-10-25 13:05:00,0.05962,distillate,MW,nem,NSW1
2017-10-25 13:10:00,0.05962,distillate,MW,nem,NSW1
2017-10-25 13:15:00,0.05962,distillate,MW,nem,NSW1
2017-10-25 13:20:00,0.05962,distillate,MW,nem,NSW1
2017-10-25 13:25:00,0.05962,distillate,MW,nem,NSW1
2017-10-25 13:30:00,0.05962,distillate,MW,nem,NSW1
2017-10-25 13:35:00,0.05802,distillate,MW,nem,NSW1
2017-10-25 13:40:00,0.05802,distillate,MW,nem,NSW1
2017-10-25 13:45:00,0.05802,distillate,MW,nem,NSW1
2017-10-25 13:50:00,0.05802,distillate,MW,nem,NSW1
2017-10-25 13:55:00,0.05802,distillate,MW,nem,NSW1
2017-10-25 14:00:00,0.05802,distillate,MW,nem,NSW1
2017-10-25 14:05:00,0.05802,distillate,MW,nem,NSW1
2017-10-25 14:10:00,0.05802,distillate,MW,nem,NSW1
2017-10-25 14:15:00,0.05802,distillate,MW,nem,NSW1
2017-10-25 14:20:00,0.06063,distillate,MW,nem,NSW1
2017-10-25 14:25:00,0.06063,distillate,MW,nem,NSW1
2017-10-25 14:30:00,0.06063,distillate,MW,nem,NSW1
2017-10-25 14:35:00,0.06063,distillate,MW,nem,NSW1
2017-10-25 14:40:00,0.06063,distillate,MW,nem,NSW1
2017-10-25 14:45:00,0.06063,distillate,MW,nem,NSW1
2017-10-25 14:50:00,0.06063,distillate,MW,nem,NSW1
2017-10-25 14:55:00,0.06063,distillate,MW,nem,NSW1
2017-10-25 15:00:00,0.06063,distillate,MW,nem,NSW1
2017-10-25 15:05:00,0.05486,distillate,MW,nem,NSW1
2017-10-25 15:10:00,0.05486,distillate,MW,nem,NSW1
2017-10-25 15:15:00,0.05486,distillate,MW,nem,NSW1
2017-10-25 15:20:00,0.05486,distillate,MW,nem,NSW1
2017-10-25 15:25:00,0.05486,distillate,MW,nem,NSW1
2017-10-25 15:30:00,0.05486,distillate,MW,nem,NSW1
2017-10-25 15:35:00,0.05486,distillate,MW,nem,NSW1
2017-10-25 15:40:00,0.05486,distillate,MW,nem,NSW1
2017-10-25 15:45:00,0.05486,distillate,MW,nem,NSW1
2017-10-25 15:50:00,0.05241,distillate,MW,nem,NSW1
2017-10-25 15:55:00,0.05241,distillate,MW,nem,NSW1
2017-10-25 16:00:00,0.05241,distillate,MW,nem,NSW1
2017-10-25 16:05:00,0.05241,distillate,MW,nem,NSW1
2017-10-25 16:10:00,0.05241,distillate,MW,nem,NSW1
2017-10-25 16:15:00,0.05241,distillate,MW,nem,NSW1
2017-10-25 16:20:00,0.05241,distillate,MW,nem,NSW1
2017-10-25 16:25:00,0.05241,distillate,MW,nem,NSW1
2017-10-25 16:30:00,0.05241,distillate,MW,nem,NSW1
2017-10-25 16:35:00,0.05251,distillate,MW,nem,NSW1
2017-10-25 16:40:00,0.05251,distillate,MW,nem,NSW1
2017-10-25 16:45:00,0.05251,distillate,MW,nem,NSW1
2017-10-25 16:50:00,0.05251,distillate,MW,nem,NSW1
2017-10-25 16:55:00,0.05251,distillate,MW,nem,NSW1
2017-10-25 17:00:00,0.05251,distillate,MW,nem,NSW1
2017-10-25 17:05:00,0.05251,distillate,MW,nem,NSW1
2017-10-25 17:10:00,0.05251,distillate,MW,nem,NSW1
2017-10-25 17:15:00,0.05251,distillate,MW,nem,NSW1
2017-10-25 17:20:00,0.05368,distillate,MW,nem,NSW1
2017-10-25 17:25:00,0.05368,distillate,MW,nem,NSW1
2017-10-25 17:30:00,0.05368,distillate,MW,nem,NSW1
2017-10-25 17:35:00,0.05368,distillate,MW,nem,NSW1
2017-10-25 17:40:00,0.05368,distillate,MW,nem,NSW1
2017-10-25 17:45:00,0.05368,distillate,MW,nem,NSW1
2017-10-25 17:50:00,0.05368,distillate,MW,nem,NSW1
2017-10-25 17:55:00,0.05368,distillate,MW,nem,NSW1
2017-10-25 18:00:00,0.05368,distillate,MW,nem,NSW1
2017-10-25 18:05:00,0.05424,distillate,MW,nem,NSW1
2017-10-25 18:10:00,0.05424,distillate,MW,nem,NSW1
2017-10-25 18:15:00,0.05424,distillate,MW,nem,NSW1
2017-10-25 18:20:00,0.05424,distillate,MW,nem,NSW1
2017-10-25 18:25:00,0.05424,distillate,MW,nem,NSW1
2017-10-25 18:30:00,0.05424,distillate,MW,nem,NSW1
2017-10-25 18:35:00,0.05424,distillate,MW,nem,NSW1
2017-10-25 18:40:00,0.05424,distillate,MW,nem,NSW1
2017-10-25 18:45:00,0.05424,distillate,MW,nem,NSW1
2017-10-25 18:50:00,0.0502,distillate,MW,nem,NSW1
2017-10-25 18:55:00,0.0502,distillate,MW,nem,NSW1
2017-10-25 19:00:00,0.0502,distillate,MW,nem,NSW1
2017-10-25 19:05:00,0.0502,distillate,MW,nem,NSW1
2017-10-25 19:10:00,0.0502,distillate,MW,nem,NSW1
2017-10-25 19:15:00,0.0502,distillate,MW,nem,NSW1
2017-10-25 19:20:00,0.0502,distillate,MW,nem,NSW1
2017-10-25 19:25:00,0.0502,distillate,MW,nem,NSW1
2017-10-25 19:30:00,0.0502,distillate,MW,nem,NSW1
2017-10-25 19:35:00,0.05227,distillate,MW,nem,NSW1
2017-10-25 19:40:00,0.05227,distillate,MW,nem,NSW1
2017-10-25 19:45:00,0.05227,distillate,MW,nem,NSW1
2017-10-25 19:50:00,0.05227,distillate,MW,nem,NSW1
2017-10-25 19:55:00,0.05227,distillate,MW,nem,NSW1
2017-10-25 20:00:00,0.05227,distillate,MW,nem,NSW1
2017-10-25 20:05:00,0.05227,distillate,MW,nem,NSW1
2017-10-25 20:10:00,0.05227,distillate,MW,nem,NSW1
2017-10-25 20:15:00,0.05227,distillate,MW,nem,NSW1
2017-10-25 20:20:00,0.04948,distillate,MW,nem,NSW1
2017-10-25 20:25:00,0.04948,distillate,MW,nem,NSW1
2017-10-25 20:30:00,0.04948,distillate,MW,nem,NSW1
2017-10-25 20:35:00,0.04948,distillate,MW,nem,NSW1
2017-10-25 20:40:00,0.04948,distillate,MW,nem,NSW1
2017-10-25 20:45:00,0.04948,distillate,MW,nem,NSW1
2017-10-25 20:50:00,0.04948,distillate,MW,nem,NSW1
2017-10-25 20:55:00,0.04948,distillate,MW,nem,NSW1
2017-10-25 21:00:00,0.04948,distillate,MW,nem,NSW1
2017-10-25 21:05:00,0.04815,distillate,MW,nem,NSW1
2017-10-25 21:10:00,0.04815,distillate,MW,nem,NSW1
2017-10-25 21:15:00,0.04815,distillate,MW,nem,NSW1
2017-10-25 21:20:00,0.04815,distillate,MW,nem,NSW1
2017-10-25 21:25:00,0.04815,distillate,MW,nem,NSW1
2017-10-25 21:30:00,0.04815,distillate,MW,nem,NSW1
2017-10-25 21:35:00,0.04815,distillate,MW,nem,NSW1
2017-10-25 21:40:00,0.04815,distillate,MW,nem,NSW1
2017-10-25 21:45:00,0.04815,distillate,MW,nem,NSW1
2017-10-25 21:50:00,0.04227,distillate,MW,nem,NSW1
2017-10-25 21:55:00,0.04227,distillate,MW,nem,NSW1
2017-10-25 22:00:00,0.04227,distillate,MW,nem,NSW1
2017-10-25 22:05:00,0.04227,distillate,MW,nem,NSW1
2017-10-25 22:10:00,0.04227,distillate,MW,nem,NSW1
2017-10-25 22:15:00,0.04227,distillate,MW,nem,NSW1
2017-10-25 22:20:00,0.04227,distillate,MW,nem,NSW1
2017-10-25 22:25:00,0.04227,distillate,MW,nem,NSW1
2017-10-25 22:30:00,0.04227,distillate,MW,nem,NSW1
2017-10-25 22:35:00,0.03798,distillate,MW,nem,NSW1
2017-10-25 22:40:00,0.03798,distillate,MW,nem,NSW1
2017-10-25 22:45:00,0.03798,distillate,MW,nem,NSW1
2017-10-25 22:50:00,0.03798,distillate,MW,nem,NSW1
2017-10-25 22:55:00,0.03798,distillate,MW,nem,NSW1
2017-10-25 23:00:00,0.03798,distillate,MW,nem,NSW1
2017-10-25 23:05:00,0.03798,distillate,MW,nem,NSW1
2017-10-25 23:10:00,0.03798,distillate,MW,nem,NSW1
2017-10-25 23:15:00,0.03798,distillate,MW,nem,NSW1
2017-10-25 23:20:00,0.03642,distillate,MW,nem,NSW1
2017-10-25 23:25:00,0.03642,distillate,MW,nem,NSW1
2017-10-25 23:30:00,0.03642,distillate,MW,nem,NSW1
2017-10-25 23:35:00,0.03642,distillate,MW,nem,NSW1
2017-10-25 23:40:00,0.03642,distillate,MW,nem,NSW1
2017-10-25 23:45:00,0.03642,distillate,MW,nem,NSW1
2017-10-25 23:50:00,0.03642,distillate,MW,nem,NSW1
2017-10-25 23:55:00,0.03642,distillate,MW,nem,NSW1
2017-10-26 00:00:00,0.03642,distillate,MW,nem,NSW1
2017-10-26 00:05:00,0.0408,distillate,MW,nem,NSW1
2017-10-26 00:10:00,0.0408,distillate,MW,nem,NSW1
2017-10-26 00:15:00,0.0408,distillate,MW,nem,NSW1
2017-10-26 00:20:00,0.0408,distillate,MW,nem,NSW1
2017-10-26 00:25:00,0.0408,distillate,MW,nem,NSW1
2017-10-26 00:30:00,0.0408,distillate,MW,nem,NSW1
2017-10-26 00:35:00,0.03751,distillate,MW,nem,NSW1
2017-10-26 00:40:00,0.03751,distillate,MW,nem,NSW1
2017-10-26 00:45:00,0.03751,distillate,MW,nem,NSW1
2017-10-26 00:50:00,0.03378,distillate,MW,nem,NSW1
2017-10-26 00:55:00,0.03378,distillate,MW,nem,NSW1
2017-10-26 01:00:00,0.03378,distillate,MW,nem,NSW1
2017-10-26 01:05:00,0.03378,distillate,MW,nem,NSW1
2017-10-26 01:10:00,0.03378,distillate,MW,nem,NSW1
2017-10-26 01:15:00,0.03378,distillate,MW,nem,NSW1
2017-10-26 01:20:00,0.03378,distillate,MW,nem,NSW1
2017-10-26 01:25:00,0.03378,distillate,MW,nem,NSW1
2017-10-26 01:30:00,0.03378,distillate,MW,nem,NSW1
2017-10-26 01:35:00,0.03584,distillate,MW,nem,NSW1
2017-10-26 01:40:00,0.03584,distillate,MW,nem,NSW1
2017-10-26 01:45:00,0.03584,distillate,MW,nem,NSW1
2017-10-26 01:50:00,0.03584,distillate,MW,nem,NSW1
2017-10-26 01:55:00,0.03584,distillate,MW,nem,NSW1
2017-10-26 02:00:00,0.03584,distillate,MW,nem,NSW1
2017-10-26 02:05:00,0.03584,distillate,MW,nem,NSW1
2017-10-26 02:10:00,0.03584,distillate,MW,nem,NSW1
2017-10-26 02:15:00,0.03584,distillate,MW,nem,NSW1
2017-10-26 02:20:00,0.03434,distillate,MW,nem,NSW1
2017-10-26 02:25:00,0.03434,distillate,MW,nem,NSW1
2017-10-26 02:30:00,0.03434,distillate,MW,nem,NSW1
2017-10-26 02:35:00,0.03434,distillate,MW,nem,NSW1
2017-10-26 02:40:00,0.03434,distillate,MW,nem,NSW1
2017-10-26 02:45:00,0.03434,distillate,MW,nem,NSW1
2017-10-26 02:50:00,0.03434,distillate,MW,nem,NSW1
2017-10-26 02:55:00,0.03434,distillate,MW,nem,NSW1
2017-10-26 03:00:00,0.03434,distillate,MW,nem,NSW1
2017-10-26 03:05:00,0.04082,distillate,MW,nem,NSW1
2017-10-26 03:10:00,0.04082,distillate,MW,nem,NSW1
2017-10-26 03:15:00,0.04082,distillate,MW,nem,NSW1
2017-10-26 03:20:00,0.04082,distillate,MW,nem,NSW1
2017-10-26 03:25:00,0.04082,distillate,MW,nem,NSW1
2017-10-26 03:30:00,0.04082,distillate,MW,nem,NSW1
2017-10-26 03:35:00,0.04082,distillate,MW,nem,NSW1
2017-10-26 03:40:00,0.04082,distillate,MW,nem,NSW1
2017-10-26 03:45:00,0.04082,distillate,MW,nem,NSW1
2017-10-26 03:50:00,0.03747,distillate,MW,nem,NSW1
2017-10-26 03:55:00,0.03747,distillate,MW,nem,NSW1
2017-10-26 04:00:00,0.03747,distillate,MW,nem,NSW1
2017-10-26 04:05:00,0.03747,distillate,MW,nem,NSW1
2017-10-26 04:10:00,0.03747,distillate,MW,nem,NSW1
2017-10-26 04:15:00,0.03747,distillate,MW,nem,NSW1
2017-10-26 04:20:00,0.03747,distillate,MW,nem,NSW1
2017-10-26 04:25:00,0.03747,distillate,MW,nem,NSW1
2017-10-26 04:30:00,0.03747,distillate,MW,nem,NSW1
2017-10-26 04:35:00,0.03376,distillate,MW,nem,NSW1
2017-10-26 04:40:00,0.03376,distillate,MW,nem,NSW1
2017-10-26 04:45:00,0.03376,distillate,MW,nem,NSW1
2017-10-26 04:50:00,0.03376,distillate,MW,nem,NSW1
2017-10-26 04:55:00,0.03376,distillate,MW,nem,NSW1
2017-10-26 05:00:00,0.03376,distillate,MW,nem,NSW1
2017-10-26 05:05:00,0.03376,distillate,MW,nem,NSW1
2017-10-26 05:10:00,0.03376,distillate,MW,nem,NSW1
2017-10-26 05:15:00,0.03376,distillate,MW,nem,NSW1
2017-10-26 05:20:00,0.03636,distillate,MW,nem,NSW1
2017-10-26 05:25:00,0.03636,distillate,MW,nem,NSW1
2017-10-26 05:30:00,0.03636,distillate,MW,nem,NSW1
2017-10-26 05:35:00,0.03636,distillate,MW,nem,NSW1
2017-10-26 05:40:00,0.03636,distillate,MW,nem,NSW1
2017-10-26 05:45:00,0.03636,distillate,MW,nem,NSW1
2017-10-26 05:50:00,0.03636,distillate,MW,nem,NSW1
2017-10-26 05:55:00,0.03636,distillate,MW,nem,NSW1
2017-10-26 06:00:00,0.03636,distillate,MW,nem,NSW1
2017-10-26 06:05:00,0.03579,distillate,MW,nem,NSW1
2017-10-26 06:10:00,0.03579,distillate,MW,nem,NSW1
2017-10-26 06:15:00,0.03579,distillate,MW,nem,NSW1
2017-10-26 06:20:00,0.03579,distillate,MW,nem,NSW1
2017-10-26 06:25:00,0.03579,distillate,MW,nem,NSW1
2017-10-26 06:30:00,0.03579,distillate,MW,nem,NSW1
2017-10-26 06:35:00,0.03579,distillate,MW,nem,NSW1
2017-10-26 06:40:00,0.03579,distillate,MW,nem,NSW1
2017-10-26 06:45:00,0.03579,distillate,MW,nem,NSW1
2017-10-26 06:50:00,0.03611,distillate,MW,nem,NSW1
2017-10-26 06:55:00,0.03611,distillate,MW,nem,NSW1
2017-10-26 07:00:00,0.03611,distillate,MW,nem,NSW1
2017-10-26 07:05:00,0.03611,distillate,MW,nem,NSW1
2017-10-26 07:10:00,0.03611,distillate,MW,nem,NSW1
2017-10-26 07:15:00,0.03611,distillate,MW,nem,NSW1
2017-10-26 07:20:00,0.03611,distillate,MW,nem,NSW1
2017-10-26 07:25:00,0.03611,distillate,MW,nem,NSW1
2017-10-26 07:30:00,0.03611,distillate,MW,nem,NSW1
2017-10-26 07:35:00,0.03941,distillate,MW,nem,NSW1
2017-10-26 07:40:00,0.03941,distillate,MW,nem,NSW1
2017-10-26 07:45:00,0.03941,distillate,MW,nem,NSW1
2017-10-26 07:50:00,0.03941,distillate,MW,nem,NSW1
2017-10-26 07:55:00,0.03941,distillate,MW,nem,NSW1
2017-10-26 08:00:00,0.03941,distillate,MW,nem,NSW1
2017-10-26 08:05:00,0.03941,distillate,MW,nem,NSW1
2017-10-26 08:10:00,0.03941,distillate,MW,nem,NSW1
2017-10-26 08:15:00,0.03941,distillate,MW,nem,NSW1
2017-10-26 08:20:00,0.03853,distillate,MW,nem,NSW1
2017-10-26 08:25:00,0.03853,distillate,MW,nem,NSW1
2017-10-26 08:30:00,0.03853,distillate,MW,nem,NSW1
2017-10-26 08:35:00,0.03853,distillate,MW,nem,NSW1
2017-10-26 08:40:00,0.03853,distillate,MW,nem,NSW1
2017-10-26 08:45:00,0.03853,distillate,MW,nem,NSW1
2017-10-26 08:50:00,0.03853,distillate,MW,nem,NSW1
2017-10-26 08:55:00,0.03853,distillate,MW,nem,NSW1
2017-10-26 09:00:00,0.03853,distillate,MW,nem,NSW1
2017-10-26 09:05:00,0.03716,distillate,MW,nem,NSW1
2017-10-26 09:10:00,0.03716,distillate,MW,nem,NSW1
2017-10-26 09:15:00,0.03716,distillate,MW,nem,NSW1
2017-10-26 09:20:00,0.03716,distillate,MW,nem,NSW1
2017-10-26 09:25:00,0.03716,distillate,MW,nem,NSW1
2017-10-26 09:30:00,0.03716,distillate,MW,nem,NSW1
2017-10-26 09:35:00,0.03716,distillate,MW,nem,NSW1
2017-10-26 09:40:00,0.03716,distillate,MW,nem,NSW1
2017-10-26 09:45:00,0.03716,distillate,MW,nem,NSW1
2017-10-26 09:50:00,0.03799,distillate,MW,nem,NSW1
2017-10-26 09:55:00,0.03799,distillate,MW,nem,NSW1
2017-10-26 10:00:00,0.03799,distillate,MW,nem,NSW1
2017-10-26 10:05:00,0.03799,distillate,MW,nem,NSW1
2017-10-26 10:10:00,0.03799,distillate,MW,nem,NSW1
2017-10-26 10:15:00,0.03799,distillate,MW,nem,NSW1
2017-10-26 10:20:00,0.03799,distillate,MW,nem,NSW1
2017-10-26 10:25:00,0.03799,distillate,MW,nem,NSW1
2017-10-26 10:30:00,0.03799,distillate,MW,nem,NSW1
2017-10-26 10:35:00,0.03721,distillate,MW,nem,NSW1
2017-10-26 10:40:00,0.03721,distillate,MW,nem,NSW1
2017-10-26 10:45:00,0.03721,distillate,MW,nem,NSW1
2017-10-26 10:50:00,0.03721,distillate,MW,nem,NSW1
2017-10-26 10:55:00,0.03721,distillate,MW,nem,NSW1
2017-10-26 11:00:00,0.03721,distillate,MW,nem,NSW1
2017-10-26 11:05:00,0.03721,distillate,MW,nem,NSW1
2017-10-26 11:10:00,0.03721,distillate,MW,nem,NSW1
2017-10-26 11:15:00,0.03721,distillate,MW,nem,NSW1
2017-10-26 11:20:00,0.03945,distillate,MW,nem,NSW1
2017-10-26 11:25:00,0.03945,distillate,MW,nem,NSW1
2017-10-26 11:30:00,0.03945,distillate,MW,nem,NSW1
2017-10-26 11:35:00,0.03945,distillate,MW,nem,NSW1
2017-10-26 11:40:00,0.03945,distillate,MW,nem,NSW1
2017-10-26 11:45:00,0.03945,distillate,MW,nem,NSW1
2017-10-26 11:50:00,0.03945,distillate,MW,nem,NSW1
2017-10-26 11:55:00,0.03945,distillate,MW,nem,NSW1
2017-10-26 12:00:00,0.03945,distillate,MW,nem,NSW1
2017-10-26 12:05:00,0.03819,distillate,MW,nem,NSW1
2017-10-26 12:10:00,0.03819,distillate,MW,nem,NSW1
2017-10-26 12:15:00,0.03819,distillate,MW,nem,NSW1
2017-10-26 12:20:00,0.03819,distillate,MW,nem,NSW1
2017-10-26 12:25:00,0.03819,distillate,MW,nem,NSW1
2017-10-26 12:30:00,0.03819,distillate,MW,nem,NSW1
2017-10-26 12:35:00,0.03819,distillate,MW,nem,NSW1
2017-10-26 12:40:00,0.03819,distillate,MW,nem,NSW1
2017-10-26 12:45:00,0.03819,distillate,MW,nem,NSW1
2017-10-26 12:50:00,0.03848,distillate,MW,nem,NSW1
2017-10-26 12:55:00,0.03848,distillate,MW,nem,NSW1
2017-10-26 13:00:00,0.03848,distillate,MW,nem,NSW1
2017-10-26 13:05:00,0.03848,distillate,MW,nem,NSW1
2017-10-26 13:10:00,0.03848,distillate,MW,nem,NSW1
2017-10-26 13:15:00,0.03848,distillate,MW,nem,NSW1
2017-10-26 13:20:00,0.03848,distillate,MW,nem,NSW1
2017-10-26 13:25:00,0.03848,distillate,MW,nem,NSW1
2017-10-26 13:30:00,0.03848,distillate,MW,nem,NSW1
2017-10-26 13:35:00,0.03729,distillate,MW,nem,NSW1
2017-10-26 13:40:00,0.03729,distillate,MW,nem,NSW1
2017-10-26 13:45:00,0.03729,distillate,MW,nem,NSW1
2017-10-26 13:50:00,0.03729,distillate,MW,nem,NSW1
2017-10-26 13:55:00,0.03729,distillate,MW,nem,NSW1
2017-10-26 14:00:00,0.03729,distillate,MW,nem,NSW1
2017-10-26 14:05:00,0.03729,distillate,MW,nem,NSW1
2017-10-26 14:10:00,0.03729,distillate,MW,nem,NSW1
2017-10-26 14:15:00,0.03729,distillate,MW,nem,NSW1
2017-10-26 14:20:00,0.03791,distillate,MW,nem,NSW1
2017-10-26 14:25:00,0.03791,distillate,MW,nem,NSW1
2017-10-26 14:30:00,0.03791,distillate,MW,nem,NSW1
2017-10-26 14:35:00,0.03791,distillate,MW,nem,NSW1
2017-10-26 14:40:00,0.03791,distillate,MW,nem,NSW1
2017-10-26 14:45:00,0.03791,distillate,MW,nem,NSW1
2017-10-26 14:50:00,0.03791,distillate,MW,nem,NSW1
2017-10-26 14:55:00,0.03791,distillate,MW,nem,NSW1
2017-10-26 15:00:00,0.03791,distillate,MW,nem,NSW1
2017-10-26 15:05:00,0.03725,distillate,MW,nem,NSW1
2017-10-26 15:10:00,0.03725,distillate,MW,nem,NSW1
2017-10-26 15:15:00,0.03725,distillate,MW,nem,NSW1
2017-10-26 15:20:00,0.03725,distillate,MW,nem,NSW1
2017-10-26 15:25:00,0.03725,distillate,MW,nem,NSW1
2017-10-26 15:30:00,0.03725,distillate,MW,nem,NSW1
2017-10-26 15:35:00,0.03725,distillate,MW,nem,NSW1
2017-10-26 15:40:00,0.03725,distillate,MW,nem,NSW1
2017-10-26 15:45:00,0.03725,distillate,MW,nem,NSW1
2017-10-26 15:50:00,0.03927,distillate,MW,nem,NSW1
2017-10-26 15:55:00,0.03927,distillate,MW,nem,NSW1
2017-10-26 16:00:00,0.03927,distillate,MW,nem,NSW1
2017-10-26 16:05:00,0.03927,distillate,MW,nem,NSW1
2017-10-26 16:10:00,0.03927,distillate,MW,nem,NSW1
2017-10-26 16:15:00,0.03927,distillate,MW,nem,NSW1
2017-10-26 16:20:00,0.03927,distillate,MW,nem,NSW1
2017-10-26 16:25:00,0.03927,distillate,MW,nem,NSW1
2017-10-26 16:30:00,0.03927,distillate,MW,nem,NSW1
2017-10-26 16:35:00,0.03792,distillate,MW,nem,NSW1
2017-10-26 16:40:00,0.03792,distillate,MW,nem,NSW1
2017-10-26 16:45:00,0.03792,distillate,MW,nem,NSW1
2017-10-26 16:50:00,0.03792,distillate,MW,nem,NSW1
2017-10-26 16:55:00,0.03792,distillate,MW,nem,NSW1
2017-10-26 17:00:00,0.03792,distillate,MW,nem,NSW1
2017-10-26 17:05:00,0.03792,distillate,MW,nem,NSW1
2017-10-26 17:10:00,0.03792,distillate,MW,nem,NSW1
2017-10-26 17:15:00,0.03792,distillate,MW,nem,NSW1
2017-10-26 17:20:00,0.03798,distillate,MW,nem,NSW1
2017-10-26 17:25:00,0.03798,distillate,MW,nem,NSW1
2017-10-26 17:30:00,0.03798,distillate,MW,nem,NSW1
2017-10-26 17:35:00,0.03798,distillate,MW,nem,NSW1
2017-10-26 17:40:00,0.03798,distillate,MW,nem,NSW1
2017-10-26 17:45:00,0.03798,distillate,MW,nem,NSW1
2017-10-26 17:50:00,0.03798,distillate,MW,nem,NSW1
2017-10-26 17:55:00,0.03798,distillate,MW,nem,NSW1
2017-10-26 18:00:00,0.03798,distillate,MW,nem,NSW1
2017-10-26 18:05:00,0.03793,distillate,MW,nem,NSW1
2017-10-26 18:10:00,0.03793,distillate,MW,nem,NSW1
2017-10-26 18:15:00,0.03793,distillate,MW,nem,NSW1
2017-10-26 18:20:00,0.03793,distillate,MW,nem,NSW1
2017-10-26 18:25:00,0.03793,distillate,MW,nem,NSW1
2017-10-26 18:30:00,0.03793,distillate,MW,nem,NSW1
2017-10-26 18:35:00,0.03793,distillate,MW,nem,NSW1
2017-10-26 18:40:00,0.03793,distillate,MW,nem,NSW1
2017-10-26 18:45:00,0.03793,distillate,MW,nem,NSW1
2017-10-26 18:50:00,0.03838,distillate,MW,nem,NSW1
2017-10-26 18:55:00,0.03838,distillate,MW,nem,NSW1
2017-10-26 19:00:00,0.03838,distillate,MW,nem,NSW1
2017-10-26 19:05:00,0.03838,distillate,MW,nem,NSW1
2017-10-26 19:10:00,0.03838,distillate,MW,nem,NSW1
2017-10-26 19:15:00,0.03838,distillate,MW,nem,NSW1
2017-10-26 19:20:00,0.03838,distillate,MW,nem,NSW1
2017-10-26 19:25:00,0.03838,distillate,MW,nem,NSW1
2017-10-26 19:30:00,0.03838,distillate,MW,nem,NSW1
2017-10-26 19:35:00,0.03526,distillate,MW,nem,NSW1
2017-10-26 19:40:00,0.03526,distillate,MW,nem,NSW1
2017-10-26 19:45:00,0.03526,distillate,MW,nem,NSW1
2017-10-26 19:50:00,0.03526,distillate,MW,nem,NSW1
2017-10-26 19:55:00,0.03526,distillate,MW,nem,NSW1
2017-10-26 20:00:00,0.03526,distillate,MW,nem,NSW1
2017-10-26 20:05:00,0.03526,distillate,MW,nem,NSW1
2017-10-26 20:10:00,0.03526,distillate,MW,nem,NSW1
2017-10-26 20:15:00,0.03526,distillate,MW,nem,NSW1
2017-10-26 20:20:00,0.03779,distillate,MW,nem,NSW1
2017-10-26 20:25:00,0.03779,distillate,MW,nem,NSW1
2017-10-26 20:30:00,0.03779,distillate,MW,nem,NSW1
2017-10-26 20:35:00,0.03779,distillate,MW,nem,NSW1
2017-10-26 20:40:00,0.03779,distillate,MW,nem,NSW1
2017-10-26 20:45:00,0.03779,distillate,MW,nem,NSW1
2017-10-26 20:50:00,0.03779,distillate,MW,nem,NSW1
2017-10-26 20:55:00,0.03779,distillate,MW,nem,NSW1
2017-10-26 21:00:00,0.03779,distillate,MW,nem,NSW1
2017-10-26 21:05:00,0.03431,distillate,MW,nem,NSW1
2017-10-26 21:10:00,0.03431,distillate,MW,nem,NSW1
2017-10-26 21:15:00,0.03431,distillate,MW,nem,NSW1
2017-10-26 21:20:00,0.03431,distillate,MW,nem,NSW1
2017-10-26 21:25:00,0.03431,distillate,MW,nem,NSW1
2017-10-26 21:30:00,0.03431,distillate,MW,nem,NSW1
2017-10-26 21:35:00,0.03431,distillate,MW,nem,NSW1
2017-10-26 21:40:00,0.03431,distillate,MW,nem,NSW1
2017-10-26 21:45:00,0.03431,distillate,MW,nem,NSW1
2017-10-26 21:50:00,0.03509,distillate,MW,nem,NSW1
2017-10-26 21:55:00,0.03509,distillate,MW,nem,NSW1
2017-10-26 22:00:00,0.03509,distillate,MW,nem,NSW1
2017-10-26 22:05:00,0.03509,distillate,MW,nem,NSW1
2017-10-26 22:10:00,0.03509,distillate,MW,nem,NSW1
2017-10-26 22:15:00,0.03509,distillate,MW,nem,NSW1
2017-10-26 22:20:00,0.03509,distillate,MW,nem,NSW1
2017-10-26 22:25:00,0.03509,distillate,MW,nem,NSW1
2017-10-26 22:30:00,0.03509,distillate,MW,nem,NSW1
2017-10-26 22:35:00,0.03285,distillate,MW,nem,NSW1
2017-10-26 22:40:00,0.03285,distillate,MW,nem,NSW1
2017-10-26 22:45:00,0.03285,distillate,MW,nem,NSW1
2017-10-26 22:50:00,0.03285,distillate,MW,nem,NSW1
2017-10-26 22:55:00,0.03285,distillate,MW,nem,NSW1
2017-10-26 23:00:00,0.03285,distillate,MW,nem,NSW1
2017-10-26 23:05:00,0.03285,distillate,MW,nem,NSW1
2017-10-26 23:10:00,0.03285,distillate,MW,nem,NSW1
2017-10-26 23:15:00,0.03285,distillate,MW,nem,NSW1
2017-10-26 23:20:00,0.03777,distillate,MW,nem,NSW1
2017-10-26 23:25:00,0.03777,distillate,MW,nem,NSW1
2017-10-26 23:30:00,0.03777,distillate,MW,nem,NSW1
2017-10-26 23:35:00,0.03777,distillate,MW,nem,NSW1
2017-10-26 23:40:00,0.03777,distillate,MW,nem,NSW1
2017-10-26 23:45:00,0.03777,distillate,MW,nem,NSW1
2017-10-26 23:50:00,0.03777,distillate,MW,nem,NSW1
2017-10-26 23:55:00,0.03777,distillate,MW,nem,NSW1
2017-10-27 00:00:00,0.03777,distillate,MW,nem,NSW1
2017-10-27 00:05:00,0.03587,distillate,MW,nem,NSW1
2017-10-27 00:10:00,0.03587,distillate,MW,nem,NSW1
2017-10-27 00:15:00,0.03587,distillate,MW,nem,NSW1
2017-10-27 00:20:00,0.03587,distillate,MW,nem,NSW1
2017-10-27 00:25:00,0.03587,distillate,MW,nem,NSW1
2017-10-27 00:30:00,0.03587,distillate,MW,nem,NSW1
2017-10-27 00:35:00,0.03587,distillate,MW,nem,NSW1
2017-10-27 00:40:00,0.03587,distillate,MW,nem,NSW1
2017-10-27 00:45:00,0.03587,distillate,MW,nem,NSW1
2017-10-27 00:50:00,0.03899,distillate,MW,nem,NSW1
2017-10-27 00:55:00,0.03899,distillate,MW,nem,NSW1
2017-10-27 01:00:00,0.03899,distillate,MW,nem,NSW1
2017-10-27 01:05:00,0.03899,distillate,MW,nem,NSW1
2017-10-27 01:10:00,0.03899,distillate,MW,nem,NSW1
2017-10-27 01:15:00,0.03899,distillate,MW,nem,NSW1
2017-10-27 01:20:00,0.03899,distillate,MW,nem,NSW1
2017-10-27 01:25:00,0.03899,distillate,MW,nem,NSW1
2017-10-27 01:30:00,0.03899,distillate,MW,nem,NSW1
2017-10-27 01:35:00,0.03899,distillate,MW,nem,NSW1
2017-10-27 01:40:00,0.03899,distillate,MW,nem,NSW1
2017-10-27 01:45:00,0.03899,distillate,MW,nem,NSW1
2017-10-27 01:50:00,0.03899,distillate,MW,nem,NSW1
2017-10-27 01:55:00,0.03899,distillate,MW,nem,NSW1
2017-10-27 02:00:00,0.03899,distillate,MW,nem,NSW1
2017-10-27 02:05:00,0.03899,distillate,MW,nem,NSW1
2017-10-27 02:10:00,0.03899,distillate,MW,nem,NSW1
2017-10-27 02:15:00,0.03899,distillate,MW,nem,NSW1
2017-10-27 02:20:00,0.03936,distillate,MW,nem,NSW1
2017-10-27 02:25:00,0.03936,distillate,MW,nem,NSW1
2017-10-27 02:30:00,0.03936,distillate,MW,nem,NSW1
2017-10-27 02:35:00,0.03936,distillate,MW,nem,NSW1
2017-10-27 02:40:00,0.03936,distillate,MW,nem,NSW1
2017-10-27 02:45:00,0.03936,distillate,MW,nem,NSW1
2017-10-27 02:50:00,0.03936,distillate,MW,nem,NSW1
2017-10-27 02:55:00,0.03936,distillate,MW,nem,NSW1
2017-10-27 03:00:00,0.03936,distillate,MW,nem,NSW1
2017-10-27 03:05:00,0.03731,distillate,MW,nem,NSW1
2017-10-27 03:10:00,0.03731,distillate,MW,nem,NSW1
2017-10-27 03:15:00,0.03731,distillate,MW,nem,NSW1
2017-10-27 03:20:00,0.03731,distillate,MW,nem,NSW1
2017-10-27 03:25:00,0.03731,distillate,MW,nem,NSW1
2017-10-27 03:30:00,0.03731,distillate,MW,nem,NSW1
2017-10-27 03:35:00,0.03731,distillate,MW,nem,NSW1
2017-10-27 03:40:00,0.03731,distillate,MW,nem,NSW1
2017-10-27 03:45:00,0.03731,distillate,MW,nem,NSW1
2017-10-27 03:50:00,0.03815,distillate,MW,nem,NSW1
2017-10-27 03:55:00,0.03815,distillate,MW,nem,NSW1
2017-10-27 04:00:00,0.03815,distillate,MW,nem,NSW1
2017-10-27 04:05:00,0.03815,distillate,MW,nem,NSW1
2017-10-27 04:10:00,0.03815,distillate,MW,nem,NSW1
2017-10-27 04:15:00,0.03815,distillate,MW,nem,NSW1
2017-10-27 04:20:00,0.03815,distillate,MW,nem,NSW1
2017-10-27 04:25:00,0.03815,distillate,MW,nem,NSW1
2017-10-27 04:30:00,0.03815,distillate,MW,nem,NSW1
2017-10-27 04:35:00,0.03764,distillate,MW,nem,NSW1
2017-10-27 04:40:00,0.03764,distillate,MW,nem,NSW1
2017-10-27 04:45:00,0.03764,distillate,MW,nem,NSW1
2017-10-27 04:50:00,0.03764,distillate,MW,nem,NSW1
2017-10-27 04:55:00,0.03764,distillate,MW,nem,NSW1
2017-10-27 05:00:00,0.03764,distillate,MW,nem,NSW1
2017-10-27 05:05:00,0.03764,distillate,MW,nem,NSW1
2017-10-27 05:10:00,0.03764,distillate,MW,nem,NSW1
2017-10-27 05:15:00,0.03764,distillate,MW,nem,NSW1
2017-10-27 05:20:00,0.03807,distillate,MW,nem,NSW1
2017-10-27 05:25:00,0.03807,distillate,MW,nem,NSW1
2017-10-27 05:30:00,0.03807,distillate,MW,nem,NSW1
2017-10-27 05:35:00,0.03807,distillate,MW,nem,NSW1
2017-10-27 05:40:00,0.03807,distillate,MW,nem,NSW1
2017-10-27 05:45:00,0.03807,distillate,MW,nem,NSW1
2017-10-27 05:50:00,0.03807,distillate,MW,nem,NSW1
2017-10-27 05:55:00,0.03807,distillate,MW,nem,NSW1
2017-10-27 06:00:00,0.03807,distillate,MW,nem,NSW1
2017-10-27 06:05:00,0.0362,distillate,MW,nem,NSW1
2017-10-27 06:10:00,0.0362,distillate,MW,nem,NSW1
2017-10-27 06:15:00,0.0362,distillate,MW,nem,NSW1
2017-10-27 06:20:00,0.0362,distillate,MW,nem,NSW1
2017-10-27 06:25:00,0.0362,distillate,MW,nem,NSW1
2017-10-27 06:30:00,0.0362,distillate,MW,nem,NSW1
2017-10-27 06:35:00,0.0362,distillate,MW,nem,NSW1
2017-10-27 06:40:00,0.0362,distillate,MW,nem,NSW1
2017-10-27 06:45:00,0.0362,distillate,MW,nem,NSW1
2017-10-27 06:50:00,0.03722,distillate,MW,nem,NSW1
2017-10-27 06:55:00,0.03722,distillate,MW,nem,NSW1
2017-10-27 07:00:00,0.03722,distillate,MW,nem,NSW1
2017-10-27 07:05:00,0.03722,distillate,MW,nem,NSW1
2017-10-27 07:10:00,0.03722,distillate,MW,nem,NSW1
2017-10-27 07:15:00,0.03722,distillate,MW,nem,NSW1
2017-10-27 07:20:00,0.03722,distillate,MW,nem,NSW1
2017-10-27 07:25:00,0.03722,distillate,MW,nem,NSW1
2017-10-27 07:30:00,0.03722,distillate,MW,nem,NSW1
2017-10-27 07:35:00,0.03454,distillate,MW,nem,NSW1
2017-10-27 07:40:00,0.03454,distillate,MW,nem,NSW1
2017-10-27 07:45:00,0.03454,distillate,MW,nem,NSW1
2017-10-27 07:50:00,0.03454,distillate,MW,nem,NSW1
2017-10-27 07:55:00,0.03454,distillate,MW,nem,NSW1
2017-10-27 08:00:00,0.03454,distillate,MW,nem,NSW1
2017-10-27 08:05:00,0.03454,distillate,MW,nem,NSW1
2017-10-27 08:10:00,0.03454,distillate,MW,nem,NSW1
2017-10-27 08:15:00,0.03454,distillate,MW,nem,NSW1
2017-10-27 08:20:00,0.03672,distillate,MW,nem,NSW1
2017-10-27 08:25:00,0.03672,distillate,MW,nem,NSW1
2017-10-27 08:30:00,0.03672,distillate,MW,nem,NSW1
2017-10-27 08:35:00,0.03672,distillate,MW,nem,NSW1
2017-10-27 08:40:00,0.03672,distillate,MW,nem,NSW1
2017-10-27 08:45:00,0.03672,distillate,MW,nem,NSW1
2017-10-27 08:50:00,0.03672,distillate,MW,nem,NSW1
2017-10-27 08:55:00,0.03672,distillate,MW,nem,NSW1
2017-10-27 09:00:00,0.03672,distillate,MW,nem,NSW1
2017-10-27 09:05:00,0.03526,distillate,MW,nem,NSW1
2017-10-27 09:10:00,0.03526,distillate,MW,nem,NSW1
2017-10-27 09:15:00,0.03526,distillate,MW,nem,NSW1
2017-10-27 09:20:00,0.03526,distillate,MW,nem,NSW1
2017-10-27 09:25:00,0.03526,distillate,MW,nem,NSW1
2017-10-27 09:30:00,0.03526,distillate,MW,nem,NSW1
2017-10-27 09:35:00,0.03526,distillate,MW,nem,NSW1
2017-10-27 09:40:00,0.03526,distillate,MW,nem,NSW1
2017-10-27 09:45:00,0.03526,distillate,MW,nem,NSW1
2017-10-27 09:50:00,0.0391,distillate,MW,nem,NSW1
2017-10-27 09:55:00,0.0391,distillate,MW,nem,NSW1
2017-10-27 10:00:00,0.0391,distillate,MW,nem,NSW1
2017-10-27 10:05:00,0.0391,distillate,MW,nem,NSW1
2017-10-27 10:10:00,0.0391,distillate,MW,nem,NSW1
2017-10-27 10:15:00,0.0391,distillate,MW,nem,NSW1
2017-10-27 10:20:00,0.0391,distillate,MW,nem,NSW1
2017-10-27 10:25:00,0.0391,distillate,MW,nem,NSW1
2017-10-27 10:30:00,0.0391,distillate,MW,nem,NSW1
2017-10-27 10:35:00,0.03684,distillate,MW,nem,NSW1
2017-10-27 10:40:00,0.03684,distillate,MW,nem,NSW1
2017-10-27 10:45:00,0.03684,distillate,MW,nem,NSW1
2017-10-27 10:50:00,0.03684,distillate,MW,nem,NSW1
2017-10-27 10:55:00,0.03684,distillate,MW,nem,NSW1
2017-10-27 11:00:00,0.03684,distillate,MW,nem,NSW1
2017-10-27 11:05:00,0.03684,distillate,MW,nem,NSW1
2017-10-27 11:10:00,0.03684,distillate,MW,nem,NSW1
2017-10-27 11:15:00,0.03684,distillate,MW,nem,NSW1
2017-10-27 11:20:00,0.04305,distillate,MW,nem,NSW1
2017-10-27 11:25:00,0.04305,distillate,MW,nem,NSW1
2017-10-27 11:30:00,0.04305,distillate,MW,nem,NSW1
2017-10-27 11:35:00,0.04305,distillate,MW,nem,NSW1
2017-10-27 11:40:00,0.04305,distillate,MW,nem,NSW1
2017-10-27 11:45:00,0.04305,distillate,MW,nem,NSW1
2017-10-27 11:50:00,0.04305,distillate,MW,nem,NSW1
2017-10-27 11:55:00,0.04305,distillate,MW,nem,NSW1
2017-10-27 12:00:00,0.04305,distillate,MW,nem,NSW1
2017-10-27 12:05:00,0.04309,distillate,MW,nem,NSW1
2017-10-27 12:10:00,0.04309,distillate,MW,nem,NSW1
2017-10-27 12:15:00,0.04309,distillate,MW,nem,NSW1
2017-10-27 12:20:00,0.04309,distillate,MW,nem,NSW1
2017-10-27 12:25:00,0.04309,distillate,MW,nem,NSW1
2017-10-27 12:30:00,0.04309,distillate,MW,nem,NSW1
2017-10-27 12:35:00,0.04309,distillate,MW,nem,NSW1
2017-10-27 12:40:00,0.04309,distillate,MW,nem,NSW1
2017-10-27 12:45:00,0.04309,distillate,MW,nem,NSW1
2017-10-27 12:50:00,0.04634,distillate,MW,nem,NSW1
2017-10-27 12:55:00,0.04634,distillate,MW,nem,NSW1
2017-10-27 13:00:00,0.04634,distillate,MW,nem,NSW1
2017-10-27 13:05:00,0.04634,distillate,MW,nem,NSW1
2017-10-27 13:10:00,0.04634,distillate,MW,nem,NSW1
2017-10-27 13:15:00,0.04634,distillate,MW,nem,NSW1
2017-10-27 13:20:00,0.04634,distillate,MW,nem,NSW1
2017-10-27 13:25:00,0.04634,distillate,MW,nem,NSW1
2017-10-27 13:30:00,0.04634,distillate,MW,nem,NSW1
2017-10-27 13:35:00,0.04979,distillate,MW,nem,NSW1
2017-10-27 13:40:00,0.04979,distillate,MW,nem,NSW1
2017-10-27 13:45:00,0.04979,distillate,MW,nem,NSW1
2017-10-27 13:50:00,0.04979,distillate,MW,nem,NSW1
2017-10-27 13:55:00,0.04979,distillate,MW,nem,NSW1
2017-10-27 14:00:00,0.04979,distillate,MW,nem,NSW1
2017-10-27 14:05:00,0.04979,distillate,MW,nem,NSW1
2017-10-27 14:10:00,0.04979,distillate,MW,nem,NSW1
2017-10-27 14:15:00,0.04979,distillate,MW,nem,NSW1
2017-10-27 14:20:00,0.04662,distillate,MW,nem,NSW1
2017-10-27 14:25:00,0.04662,distillate,MW,nem,NSW1
2017-10-27 14:30:00,0.04662,distillate,MW,nem,NSW1
2017-10-27 14:35:00,0.04662,distillate,MW,nem,NSW1
2017-10-27 14:40:00,0.04662,distillate,MW,nem,NSW1
2017-10-27 14:45:00,0.04662,distillate,MW,nem,NSW1
2017-10-27 14:50:00,0.04662,distillate,MW,nem,NSW1
2017-10-27 14:55:00,0.04662,distillate,MW,nem,NSW1
2017-10-27 15:00:00,0.04662,distillate,MW,nem,NSW1
2017-10-27 15:05:00,0.04782,distillate,MW,nem,NSW1
2017-10-27 15:10:00,0.04782,distillate,MW,nem,NSW1
2017-10-27 15:15:00,0.04782,distillate,MW,nem,NSW1
2017-10-27 15:20:00,0.04782,distillate,MW,nem,NSW1
2017-10-27 15:25:00,0.04782,distillate,MW,nem,NSW1
2017-10-27 15:30:00,0.04782,distillate,MW,nem,NSW1
2017-10-27 15:35:00,0.04782,distillate,MW,nem,NSW1
2017-10-27 15:40:00,0.04782,distillate,MW,nem,NSW1
2017-10-27 15:45:00,0.04782,distillate,MW,nem,NSW1
2017-10-27 15:50:00,0.04506,distillate,MW,nem,NSW1
2017-10-27 15:55:00,0.04506,distillate,MW,nem,NSW1
2017-10-27 16:00:00,0.04506,distillate,MW,nem,NSW1
2017-10-27 16:05:00,0.04506,distillate,MW,nem,NSW1
2017-10-27 16:10:00,0.04506,distillate,MW,nem,NSW1
2017-10-27 16:15:00,0.04506,distillate,MW,nem,NSW1
2017-10-27 16:20:00,0.04506,distillate,MW,nem,NSW1
2017-10-27 16:25:00,0.04506,distillate,MW,nem,NSW1
2017-10-27 16:30:00,0.04506,distillate,MW,nem,NSW1
2017-10-27 16:35:00,0.04985,distillate,MW,nem,NSW1
2017-10-27 16:40:00,0.04985,distillate,MW,nem,NSW1
2017-10-27 16:45:00,0.04985,distillate,MW,nem,NSW1
2017-10-27 16:50:00,0.04985,distillate,MW,nem,NSW1
2017-10-27 16:55:00,0.04985,distillate,MW,nem,NSW1
2017-10-27 17:00:00,0.04985,distillate,MW,nem,NSW1
2017-10-27 17:05:00,0.04985,distillate,MW,nem,NSW1
2017-10-27 17:10:00,0.04985,distillate,MW,nem,NSW1
2017-10-27 17:15:00,0.04985,distillate,MW,nem,NSW1
2017-10-27 17:20:00,0.04908,distillate,MW,nem,NSW1
2017-10-27 17:25:00,0.04908,distillate,MW,nem,NSW1
2017-10-27 17:30:00,0.04908,distillate,MW,nem,NSW1
2017-10-27 17:35:00,0.04908,distillate,MW,nem,NSW1
2017-10-27 17:40:00,0.04908,distillate,MW,nem,NSW1
2017-10-27 17:45:00,0.04908,distillate,MW,nem,NSW1
2017-10-27 17:50:00,0.04908,distillate,MW,nem,NSW1
2017-10-27 17:55:00,0.04908,distillate,MW,nem,NSW1
2017-10-27 18:00:00,0.04908,distillate,MW,nem,NSW1
2017-10-27 18:05:00,0.05364,distillate,MW,nem,NSW1
2017-10-27 18:10:00,0.05364,distillate,MW,nem,NSW1
2017-10-27 18:15:00,0.05364,distillate,MW,nem,NSW1
2017-10-27 18:20:00,0.05364,distillate,MW,nem,NSW1
2017-10-27 18:25:00,0.05364,distillate,MW,nem,NSW1
2017-10-27 18:30:00,0.05364,distillate,MW,nem,NSW1
2017-10-27 18:35:00,0.05364,distillate,MW,nem,NSW1
2017-10-27 18:40:00,0.05364,distillate,MW,nem,NSW1
2017-10-27 18:45:00,0.05364,distillate,MW,nem,NSW1
2017-10-27 18:50:00,0.05192,distillate,MW,nem,NSW1
2017-10-27 18:55:00,0.05192,distillate,MW,nem,NSW1
2017-10-27 19:00:00,0.05192,distillate,MW,nem,NSW1
2017-10-27 19:05:00,0.05192,distillate,MW,nem,NSW1
2017-10-27 19:10:00,0.05192,distillate,MW,nem,NSW1
2017-10-27 19:15:00,0.05192,distillate,MW,nem,NSW1
2017-10-27 19:20:00,0.05192,distillate,MW,nem,NSW1
2017-10-27 19:25:00,0.05192,distillate,MW,nem,NSW1
2017-10-27 19:30:00,0.05192,distillate,MW,nem,NSW1
2017-10-27 19:35:00,0.04812,distillate,MW,nem,NSW1
2017-10-27 19:40:00,0.04812,distillate,MW,nem,NSW1
2017-10-27 19:45:00,0.04812,distillate,MW,nem,NSW1
2017-10-27 19:50:00,0.04812,distillate,MW,nem,NSW1
2017-10-27 19:55:00,0.04812,distillate,MW,nem,NSW1
2017-10-27 20:00:00,0.04812,distillate,MW,nem,NSW1
2017-10-27 20:05:00,0.04812,distillate,MW,nem,NSW1
2017-10-27 20:10:00,0.04812,distillate,MW,nem,NSW1
2017-10-27 20:15:00,0.04812,distillate,MW,nem,NSW1
2017-10-27 20:20:00,0.0457,distillate,MW,nem,NSW1
2017-10-27 20:25:00,0.0457,distillate,MW,nem,NSW1
2017-10-27 20:30:00,0.0457,distillate,MW,nem,NSW1
2017-10-27 20:35:00,0.0457,distillate,MW,nem,NSW1
2017-10-27 20:40:00,0.0457,distillate,MW,nem,NSW1
2017-10-27 20:45:00,0.0457,distillate,MW,nem,NSW1
2017-10-27 20:50:00,0.0457,distillate,MW,nem,NSW1
2017-10-27 20:55:00,0.0457,distillate,MW,nem,NSW1
2017-10-27 21:00:00,0.0457,distillate,MW,nem,NSW1
2017-10-27 21:05:00,0.04454,distillate,MW,nem,NSW1
2017-10-27 21:10:00,0.04454,distillate,MW,nem,NSW1
2017-10-27 21:15:00,0.04454,distillate,MW,nem,NSW1
2017-10-27 21:20:00,0.04454,distillate,MW,nem,NSW1
2017-10-27 21:25:00,0.04454,distillate,MW,nem,NSW1
2017-10-27 21:30:00,0.04454,distillate,MW,nem,NSW1
2017-10-27 21:35:00,0.04454,distillate,MW,nem,NSW1
2017-10-27 21:40:00,0.04454,distillate,MW,nem,NSW1
2017-10-27 21:45:00,0.04454,distillate,MW,nem,NSW1
2017-10-27 21:50:00,0.04292,distillate,MW,nem,NSW1
2017-10-27 21:55:00,0.04292,distillate,MW,nem,NSW1
2017-10-27 22:00:00,0.04292,distillate,MW,nem,NSW1
2017-10-27 22:05:00,0.04292,distillate,MW,nem,NSW1
2017-10-27 22:10:00,0.04292,distillate,MW,nem,NSW1
2017-10-27 22:15:00,0.04292,distillate,MW,nem,NSW1
2017-10-27 22:20:00,0.04292,distillate,MW,nem,NSW1
2017-10-27 22:25:00,0.04292,distillate,MW,nem,NSW1
2017-10-27 22:30:00,0.04292,distillate,MW,nem,NSW1
2017-10-27 22:35:00,0.04474,distillate,MW,nem,NSW1
2017-10-27 22:40:00,0.04474,distillate,MW,nem,NSW1
2017-10-27 22:45:00,0.04474,distillate,MW,nem,NSW1
2017-10-27 22:50:00,0.04474,distillate,MW,nem,NSW1
2017-10-27 22:55:00,0.04474,distillate,MW,nem,NSW1
2017-10-27 23:00:00,0.04474,distillate,MW,nem,NSW1
2017-10-27 23:05:00,0.04474,distillate,MW,nem,NSW1
2017-10-27 23:10:00,0.04474,distillate,MW,nem,NSW1
2017-10-27 23:15:00,0.04474,distillate,MW,nem,NSW1
2017-10-27 23:20:00,0.0432,distillate,MW,nem,NSW1
2017-10-27 23:25:00,0.0432,distillate,MW,nem,NSW1
2017-10-27 23:30:00,0.0432,distillate,MW,nem,NSW1
2017-10-27 23:35:00,0.0432,distillate,MW,nem,NSW1
2017-10-27 23:40:00,0.0432,distillate,MW,nem,NSW1
2017-10-27 23:45:00,0.0432,distillate,MW,nem,NSW1
2017-10-27 23:50:00,0.0432,distillate,MW,nem,NSW1
2017-10-27 23:55:00,0.0432,distillate,MW,nem,NSW1
2017-10-28 00:00:00,0.0432,distillate,MW,nem,NSW1
2017-10-28 00:05:00,0.03891,distillate,MW,nem,NSW1
2017-10-28 00:10:00,0.03891,distillate,MW,nem,NSW1
2017-10-28 00:15:00,0.03891,distillate,MW,nem,NSW1
2017-10-28 00:20:00,0.03891,distillate,MW,nem,NSW1
2017-10-28 00:25:00,0.03891,distillate,MW,nem,NSW1
2017-10-28 00:30:00,0.03891,distillate,MW,nem,NSW1
2017-10-28 00:35:00,0.03891,distillate,MW,nem,NSW1
2017-10-28 00:40:00,0.03891,distillate,MW,nem,NSW1
2017-10-28 00:45:00,0.03891,distillate,MW,nem,NSW1
2017-10-28 00:50:00,0.03809,distillate,MW,nem,NSW1
2017-10-28 00:55:00,0.03809,distillate,MW,nem,NSW1
2017-10-28 01:00:00,0.03809,distillate,MW,nem,NSW1
2017-10-28 01:05:00,0.03809,distillate,MW,nem,NSW1
2017-10-28 01:10:00,0.03809,distillate,MW,nem,NSW1
2017-10-28 01:15:00,0.03809,distillate,MW,nem,NSW1
2017-10-28 01:20:00,0.03809,distillate,MW,nem,NSW1
2017-10-28 01:25:00,0.03809,distillate,MW,nem,NSW1
2017-10-28 01:30:00,0.03809,distillate,MW,nem,NSW1
2017-10-28 01:35:00,0.0391,distillate,MW,nem,NSW1
2017-10-28 01:40:00,0.0391,distillate,MW,nem,NSW1
2017-10-28 01:45:00,0.0391,distillate,MW,nem,NSW1
2017-10-28 01:50:00,0.0391,distillate,MW,nem,NSW1
2017-10-28 01:55:00,0.0391,distillate,MW,nem,NSW1
2017-10-28 02:00:00,0.0391,distillate,MW,nem,NSW1
2017-10-28 02:05:00,0.0391,distillate,MW,nem,NSW1
2017-10-28 02:10:00,0.0391,distillate,MW,nem,NSW1
2017-10-28 02:15:00,0.0391,distillate,MW,nem,NSW1
2017-10-28 02:20:00,0.03754,distillate,MW,nem,NSW1
2017-10-28 02:25:00,0.03754,distillate,MW,nem,NSW1
2017-10-28 02:30:00,0.03754,distillate,MW,nem,NSW1
2017-10-28 02:35:00,0.03754,distillate,MW,nem,NSW1
2017-10-28 02:40:00,0.03754,distillate,MW,nem,NSW1
2017-10-28 02:45:00,0.03754,distillate,MW,nem,NSW1
2017-10-28 02:50:00,0.03754,distillate,MW,nem,NSW1
2017-10-28 02:55:00,0.03754,distillate,MW,nem,NSW1
2017-10-28 03:00:00,0.03754,distillate,MW,nem,NSW1
2017-10-28 03:05:00,0.0378,distillate,MW,nem,NSW1
2017-10-28 03:10:00,0.0378,distillate,MW,nem,NSW1
2017-10-28 03:15:00,0.0378,distillate,MW,nem,NSW1
2017-10-28 03:20:00,0.0378,distillate,MW,nem,NSW1
2017-10-28 03:25:00,0.0378,distillate,MW,nem,NSW1
2017-10-28 03:30:00,0.0378,distillate,MW,nem,NSW1
2017-10-28 03:35:00,0.0378,distillate,MW,nem,NSW1
2017-10-28 03:40:00,0.0378,distillate,MW,nem,NSW1
2017-10-28 03:45:00,0.0378,distillate,MW,nem,NSW1
2017-10-28 03:50:00,0.03559,distillate,MW,nem,NSW1
2017-10-28 03:55:00,0.03559,distillate,MW,nem,NSW1
2017-10-28 04:00:00,0.03559,distillate,MW,nem,NSW1
2017-10-28 04:05:00,0.03559,distillate,MW,nem,NSW1
2017-10-28 04:10:00,0.03559,distillate,MW,nem,NSW1
2017-10-28 04:15:00,0.03559,distillate,MW,nem,NSW1
2017-10-28 04:20:00,0.03559,distillate,MW,nem,NSW1
2017-10-28 04:25:00,0.03559,distillate,MW,nem,NSW1
2017-10-28 04:30:00,0.03559,distillate,MW,nem,NSW1
2017-10-28 04:35:00,0.03826,distillate,MW,nem,NSW1
2017-10-28 04:40:00,0.03826,distillate,MW,nem,NSW1
2017-10-28 04:45:00,0.03826,distillate,MW,nem,NSW1
2017-10-28 04:50:00,0.03826,distillate,MW,nem,NSW1
2017-10-28 04:55:00,0.03826,distillate,MW,nem,NSW1
2017-10-28 05:00:00,0.03826,distillate,MW,nem,NSW1
2017-10-28 05:05:00,0.03826,distillate,MW,nem,NSW1
2017-10-28 05:10:00,0.03826,distillate,MW,nem,NSW1
2017-10-28 05:15:00,0.03826,distillate,MW,nem,NSW1
2017-10-28 05:20:00,0.03796,distillate,MW,nem,NSW1
2017-10-28 05:25:00,0.03796,distillate,MW,nem,NSW1
2017-10-28 05:30:00,0.03796,distillate,MW,nem,NSW1
2017-10-28 05:35:00,0.03796,distillate,MW,nem,NSW1
2017-10-28 05:40:00,0.03796,distillate,MW,nem,NSW1
2017-10-28 05:45:00,0.03796,distillate,MW,nem,NSW1
2017-10-28 05:50:00,0.03796,distillate,MW,nem,NSW1
2017-10-28 05:55:00,0.03796,distillate,MW,nem,NSW1
2017-10-28 06:00:00,0.03796,distillate,MW,nem,NSW1
2017-10-28 06:05:00,0.0377,distillate,MW,nem,NSW1
2017-10-28 06:10:00,0.0377,distillate,MW,nem,NSW1
2017-10-28 06:15:00,0.0377,distillate,MW,nem,NSW1
2017-10-28 06:20:00,0.0377,distillate,MW,nem,NSW1
2017-10-28 06:25:00,0.0377,distillate,MW,nem,NSW1
2017-10-28 06:30:00,0.0377,distillate,MW,nem,NSW1
2017-10-28 06:35:00,0.0377,distillate,MW,nem,NSW1
2017-10-28 06:40:00,0.0377,distillate,MW,nem,NSW1
2017-10-28 06:45:00,0.0377,distillate,MW,nem,NSW1
2017-10-28 06:50:00,0.03684,distillate,MW,nem,NSW1
2017-10-28 06:55:00,0.03684,distillate,MW,nem,NSW1
2017-10-28 07:00:00,0.03684,distillate,MW,nem,NSW1
2017-10-28 07:05:00,0.03684,distillate,MW,nem,NSW1
2017-10-28 07:10:00,0.03684,distillate,MW,nem,NSW1
2017-10-28 07:15:00,0.03684,distillate,MW,nem,NSW1
2017-10-28 07:20:00,0.03684,distillate,MW,nem,NSW1
2017-10-28 07:25:00,0.03684,distillate,MW,nem,NSW1
2017-10-28 07:30:00,0.03684,distillate,MW,nem,NSW1
2017-10-28 07:35:00,0.03424,distillate,MW,nem,NSW1
2017-10-28 07:40:00,0.03424,distillate,MW,nem,NSW1
2017-10-28 07:45:00,0.03424,distillate,MW,nem,NSW1
2017-10-28 07:50:00,0.03424,distillate,MW,nem,NSW1
2017-10-28 07:55:00,0.03424,distillate,MW,nem,NSW1
2017-10-28 08:00:00,0.03424,distillate,MW,nem,NSW1
2017-10-28 08:05:00,0.03424,distillate,MW,nem,NSW1
2017-10-28 08:10:00,0.03424,distillate,MW,nem,NSW1
2017-10-28 08:15:00,0.03424,distillate,MW,nem,NSW1
2017-10-28 08:20:00,0.03658,distillate,MW,nem,NSW1
2017-10-28 08:25:00,0.03658,distillate,MW,nem,NSW1
2017-10-28 08:30:00,0.03658,distillate,MW,nem,NSW1
2017-10-28 08:35:00,0.03658,distillate,MW,nem,NSW1
2017-10-28 08:40:00,0.03658,distillate,MW,nem,NSW1
2017-10-28 08:45:00,0.03658,distillate,MW,nem,NSW1
2017-10-28 08:50:00,0.03658,distillate,MW,nem,NSW1
2017-10-28 08:55:00,0.03658,distillate,MW,nem,NSW1
2017-10-28 09:00:00,0.03658,distillate,MW,nem,NSW1
2017-10-28 09:05:00,0.03583,distillate,MW,nem,NSW1
2017-10-28 09:10:00,0.03583,distillate,MW,nem,NSW1
2017-10-28 09:15:00,0.03583,distillate,MW,nem,NSW1
2017-10-28 09:20:00,0.03583,distillate,MW,nem,NSW1
2017-10-28 09:25:00,0.03583,distillate,MW,nem,NSW1
2017-10-28 09:30:00,0.03583,distillate,MW,nem,NSW1
2017-10-28 09:35:00,0.03583,distillate,MW,nem,NSW1
2017-10-28 09:40:00,0.03583,distillate,MW,nem,NSW1
2017-10-28 09:45:00,0.03583,distillate,MW,nem,NSW1
2017-10-28 09:50:00,0.03791,distillate,MW,nem,NSW1
2017-10-28 09:55:00,0.03791,distillate,MW,nem,NSW1
2017-10-28 10:00:00,0.03791,distillate,MW,nem,NSW1
2017-10-28 10:05:00,0.03791,distillate,MW,nem,NSW1
2017-10-28 10:10:00,0.03791,distillate,MW,nem,NSW1
2017-10-28 10:15:00,0.03791,distillate,MW,nem,NSW1
2017-10-28 10:20:00,0.03791,distillate,MW,nem,NSW1
2017-10-28 10:25:00,0.03791,distillate,MW,nem,NSW1
2017-10-28 10:30:00,0.03791,distillate,MW,nem,NSW1
2017-10-28 10:35:00,0.03737,distillate,MW,nem,NSW1
2017-10-28 10:40:00,0.03737,distillate,MW,nem,NSW1
2017-10-28 10:45:00,0.03737,distillate,MW,nem,NSW1
2017-10-28 10:50:00,0.03737,distillate,MW,nem,NSW1
2017-10-28 10:55:00,0.03737,distillate,MW,nem,NSW1
2017-10-28 11:00:00,0.03737,distillate,MW,nem,NSW1
2017-10-28 11:05:00,0.03737,distillate,MW,nem,NSW1
2017-10-28 11:10:00,0.03737,distillate,MW,nem,NSW1
2017-10-28 11:15:00,0.03737,distillate,MW,nem,NSW1
2017-10-28 11:20:00,0.03926,distillate,MW,nem,NSW1
2017-10-28 11:25:00,0.03926,distillate,MW,nem,NSW1
2017-10-28 11:30:00,0.03926,distillate,MW,nem,NSW1
2017-10-28 11:35:00,0.03926,distillate,MW,nem,NSW1
2017-10-28 11:40:00,0.03926,distillate,MW,nem,NSW1
2017-10-28 11:45:00,0.03926,distillate,MW,nem,NSW1
2017-10-28 11:50:00,0.03926,distillate,MW,nem,NSW1
2017-10-28 11:55:00,0.03926,distillate,MW,nem,NSW1
2017-10-28 12:00:00,0.03926,distillate,MW,nem,NSW1
2017-10-28 12:05:00,0.04051,distillate,MW,nem,NSW1
2017-10-28 12:10:00,0.04051,distillate,MW,nem,NSW1
2017-10-28 12:15:00,0.04051,distillate,MW,nem,NSW1
2017-10-28 12:20:00,0.04051,distillate,MW,nem,NSW1
2017-10-28 12:25:00,0.04051,distillate,MW,nem,NSW1
2017-10-28 12:30:00,0.04051,distillate,MW,nem,NSW1
2017-10-28 12:35:00,0.04051,distillate,MW,nem,NSW1
2017-10-28 12:40:00,0.04051,distillate,MW,nem,NSW1
2017-10-28 12:45:00,0.04051,distillate,MW,nem,NSW1
2017-10-28 12:50:00,0.04024,distillate,MW,nem,NSW1
2017-10-28 12:55:00,0.04024,distillate,MW,nem,NSW1
2017-10-28 13:00:00,0.04024,distillate,MW,nem,NSW1
2017-10-28 13:05:00,0.04024,distillate,MW,nem,NSW1
2017-10-28 13:10:00,0.04024,distillate,MW,nem,NSW1
2017-10-28 13:15:00,0.04024,distillate,MW,nem,NSW1
2017-10-28 13:20:00,0.04024,distillate,MW,nem,NSW1
2017-10-28 13:25:00,0.04024,distillate,MW,nem,NSW1
2017-10-28 13:30:00,0.04024,distillate,MW,nem,NSW1
2017-10-28 13:35:00,0.03878,distillate,MW,nem,NSW1
2017-10-28 13:40:00,0.03878,distillate,MW,nem,NSW1
2017-10-28 13:45:00,0.03878,distillate,MW,nem,NSW1
2017-10-28 13:50:00,0.03878,distillate,MW,nem,NSW1
2017-10-28 13:55:00,0.03878,distillate,MW,nem,NSW1
2017-10-28 14:00:00,0.03878,distillate,MW,nem,NSW1
2017-10-28 14:05:00,0.03878,distillate,MW,nem,NSW1
2017-10-28 14:10:00,0.03878,distillate,MW,nem,NSW1
2017-10-28 14:15:00,0.03878,distillate,MW,nem,NSW1
2017-10-28 14:20:00,0.04054,distillate,MW,nem,NSW1
2017-10-28 14:25:00,0.04054,distillate,MW,nem,NSW1
2017-10-28 14:30:00,0.04054,distillate,MW,nem,NSW1
2017-10-28 14:35:00,0.04054,distillate,MW,nem,NSW1
2017-10-28 14:40:00,0.04054,distillate,MW,nem,NSW1
2017-10-28 14:45:00,0.04054,distillate,MW,nem,NSW1
2017-10-28 14:50:00,0.04054,distillate,MW,nem,NSW1
2017-10-28 14:55:00,0.04054,distillate,MW,nem,NSW1
2017-10-28 15:00:00,0.04054,distillate,MW,nem,NSW1
2017-10-28 15:05:00,0.03762,distillate,MW,nem,NSW1
2017-10-28 15:10:00,0.03762,distillate,MW,nem,NSW1
2017-10-28 15:15:00,0.03762,distillate,MW,nem,NSW1
2017-10-28 15:20:00,0.03762,distillate,MW,nem,NSW1
2017-10-28 15:25:00,0.03762,distillate,MW,nem,NSW1
2017-10-28 15:30:00,0.03762,distillate,MW,nem,NSW1
2017-10-28 15:35:00,0.03762,distillate,MW,nem,NSW1
2017-10-28 15:40:00,0.03762,distillate,MW,nem,NSW1
2017-10-28 15:45:00,0.03762,distillate,MW,nem,NSW1
2017-10-28 15:50:00,0.03876,distillate,MW,nem,NSW1
2017-10-28 15:55:00,0.03876,distillate,MW,nem,NSW1
2017-10-28 16:00:00,0.03876,distillate,MW,nem,NSW1
2017-10-28 16:05:00,0.03876,distillate,MW,nem,NSW1
2017-10-28 16:10:00,0.03876,distillate,MW,nem,NSW1
2017-10-28 16:15:00,0.03876,distillate,MW,nem,NSW1
2017-10-28 16:20:00,0.03876,distillate,MW,nem,NSW1
2017-10-28 16:25:00,0.03876,distillate,MW,nem,NSW1
2017-10-28 16:30:00,0.03876,distillate,MW,nem,NSW1
2017-10-28 16:35:00,0.03884,distillate,MW,nem,NSW1
2017-10-28 16:40:00,0.03884,distillate,MW,nem,NSW1
2017-10-28 16:45:00,0.03884,distillate,MW,nem,NSW1
2017-10-28 16:50:00,0.03884,distillate,MW,nem,NSW1
2017-10-28 16:55:00,0.03884,distillate,MW,nem,NSW1
2017-10-28 17:00:00,0.03884,distillate,MW,nem,NSW1
2017-10-28 17:05:00,0.03884,distillate,MW,nem,NSW1
2017-10-28 17:10:00,0.03884,distillate,MW,nem,NSW1
2017-10-28 17:15:00,0.03884,distillate,MW,nem,NSW1
2017-10-28 17:20:00,0.04218,distillate,MW,nem,NSW1
2017-10-28 17:25:00,0.04218,distillate,MW,nem,NSW1
2017-10-28 17:30:00,0.04218,distillate,MW,nem,NSW1
2017-10-28 17:35:00,0.04218,distillate,MW,nem,NSW1
2017-10-28 17:40:00,0.04218,distillate,MW,nem,NSW1
2017-10-28 17:45:00,0.04218,distillate,MW,nem,NSW1
2017-10-28 17:50:00,0.04218,distillate,MW,nem,NSW1
2017-10-28 17:55:00,0.04218,distillate,MW,nem,NSW1
2017-10-28 18:00:00,0.04218,distillate,MW,nem,NSW1
2017-10-28 18:05:00,0.03953,distillate,MW,nem,NSW1
2017-10-28 18:10:00,0.03953,distillate,MW,nem,NSW1
2017-10-28 18:15:00,0.03953,distillate,MW,nem,NSW1
2017-10-28 18:20:00,0.03953,distillate,MW,nem,NSW1
2017-10-28 18:25:00,0.03953,distillate,MW,nem,NSW1
2017-10-28 18:30:00,0.03953,distillate,MW,nem,NSW1
2017-10-28 18:35:00,0.03953,distillate,MW,nem,NSW1
2017-10-28 18:40:00,0.03953,distillate,MW,nem,NSW1
2017-10-28 18:45:00,0.03953,distillate,MW,nem,NSW1
2017-10-28 18:50:00,0.03864,distillate,MW,nem,NSW1
2017-10-28 18:55:00,0.03864,distillate,MW,nem,NSW1
2017-10-28 19:00:00,0.03864,distillate,MW,nem,NSW1
2017-10-28 19:05:00,0.03864,distillate,MW,nem,NSW1
2017-10-28 19:10:00,0.03864,distillate,MW,nem,NSW1
2017-10-28 19:15:00,0.03864,distillate,MW,nem,NSW1
2017-10-28 19:20:00,0.03864,distillate,MW,nem,NSW1
2017-10-28 19:25:00,0.03864,distillate,MW,nem,NSW1
2017-10-28 19:30:00,0.03864,distillate,MW,nem,NSW1
2017-10-28 19:35:00,0.03985,distillate,MW,nem,NSW1
2017-10-28 19:40:00,0.03985,distillate,MW,nem,NSW1
2017-10-28 19:45:00,0.03985,distillate,MW,nem,NSW1
2017-10-28 19:50:00,0.03985,distillate,MW,nem,NSW1
2017-10-28 19:55:00,0.03985,distillate,MW,nem,NSW1
2017-10-28 20:00:00,0.03985,distillate,MW,nem,NSW1
2017-10-28 20:05:00,0.03985,distillate,MW,nem,NSW1
2017-10-28 20:10:00,0.03985,distillate,MW,nem,NSW1
2017-10-28 20:15:00,0.03985,distillate,MW,nem,NSW1
2017-10-28 20:20:00,0.0356,distillate,MW,nem,NSW1
2017-10-28 20:25:00,0.0356,distillate,MW,nem,NSW1
2017-10-28 20:30:00,0.0356,distillate,MW,nem,NSW1
2017-10-28 20:35:00,0.0356,distillate,MW,nem,NSW1
2017-10-28 20:40:00,0.0356,distillate,MW,nem,NSW1
2017-10-28 20:45:00,0.0356,distillate,MW,nem,NSW1
2017-10-28 20:50:00,0.0356,distillate,MW,nem,NSW1
2017-10-28 20:55:00,0.0356,distillate,MW,nem,NSW1
2017-10-28 21:00:00,0.0356,distillate,MW,nem,NSW1
2017-10-28 21:05:00,0.03443,distillate,MW,nem,NSW1
2017-10-28 21:10:00,0.03443,distillate,MW,nem,NSW1
2017-10-28 21:15:00,0.03443,distillate,MW,nem,NSW1
2017-10-28 21:20:00,0.03443,distillate,MW,nem,NSW1
2017-10-28 21:25:00,0.03443,distillate,MW,nem,NSW1
2017-10-28 21:30:00,0.03443,distillate,MW,nem,NSW1
2017-10-28 21:35:00,0.03443,distillate,MW,nem,NSW1
2017-10-28 21:40:00,0.03443,distillate,MW,nem,NSW1
2017-10-28 21:45:00,0.03443,distillate,MW,nem,NSW1
2017-10-28 21:50:00,0.03628,distillate,MW,nem,NSW1
2017-10-28 21:55:00,0.03628,distillate,MW,nem,NSW1
2017-10-28 22:00:00,0.03628,distillate,MW,nem,NSW1
2017-10-28 22:05:00,0.03628,distillate,MW,nem,NSW1
2017-10-28 22:10:00,0.03628,distillate,MW,nem,NSW1
2017-10-28 22:15:00,0.03628,distillate,MW,nem,NSW1
2017-10-28 22:20:00,0.03628,distillate,MW,nem,NSW1
2017-10-28 22:25:00,0.03628,distillate,MW,nem,NSW1
2017-10-28 22:30:00,0.03628,distillate,MW,nem,NSW1
2017-10-28 22:35:00,0.03708,distillate,MW,nem,NSW1
2017-10-28 22:40:00,0.03708,distillate,MW,nem,NSW1
2017-10-28 22:45:00,0.03708,distillate,MW,nem,NSW1
2017-10-28 22:50:00,0.03708,distillate,MW,nem,NSW1
2017-10-28 22:55:00,0.03708,distillate,MW,nem,NSW1
2017-10-28 23:00:00,0.03708,distillate,MW,nem,NSW1
2017-10-28 23:05:00,0.03708,distillate,MW,nem,NSW1
2017-10-28 23:10:00,0.03708,distillate,MW,nem,NSW1
2017-10-28 23:15:00,0.03708,distillate,MW,nem,NSW1
2017-10-28 23:20:00,0.03487,distillate,MW,nem,NSW1
2017-10-28 23:25:00,0.03487,distillate,MW,nem,NSW1
2017-10-28 23:30:00,0.03487,distillate,MW,nem,NSW1
2017-10-28 23:35:00,0.03487,distillate,MW,nem,NSW1
2017-10-28 23:40:00,0.03487,distillate,MW,nem,NSW1
2017-10-28 23:45:00,0.03487,distillate,MW,nem,NSW1
2017-10-28 23:50:00,0.03487,distillate,MW,nem,NSW1
2017-10-28 23:55:00,0.03487,distillate,MW,nem,NSW1
2017-10-29 00:00:00,0.03487,distillate,MW,nem,NSW1
2017-10-29 00:05:00,0.03664,distillate,MW,nem,NSW1
2017-10-29 00:10:00,0.03664,distillate,MW,nem,NSW1
2017-10-29 00:15:00,0.03664,distillate,MW,nem,NSW1
2017-10-29 00:20:00,0.03664,distillate,MW,nem,NSW1
2017-10-29 00:25:00,0.03664,distillate,MW,nem,NSW1
2017-10-29 00:30:00,0.03664,distillate,MW,nem,NSW1
2017-10-29 00:35:00,0.03664,distillate,MW,nem,NSW1
2017-10-29 00:40:00,0.03664,distillate,MW,nem,NSW1
2017-10-29 00:45:00,0.03664,distillate,MW,nem,NSW1
2017-10-29 00:50:00,0.03974,distillate,MW,nem,NSW1
2017-10-29 00:55:00,0.03974,distillate,MW,nem,NSW1
2017-10-29 01:00:00,0.03974,distillate,MW,nem,NSW1
2017-10-29 01:05:00,0.03974,distillate,MW,nem,NSW1
2017-10-29 01:10:00,0.03974,distillate,MW,nem,NSW1
2017-10-29 01:15:00,0.03974,distillate,MW,nem,NSW1
2017-10-29 01:20:00,0.03974,distillate,MW,nem,NSW1
2017-10-29 01:25:00,0.03974,distillate,MW,nem,NSW1
2017-10-29 01:30:00,0.03974,distillate,MW,nem,NSW1
2017-10-29 01:35:00,0.03848,distillate,MW,nem,NSW1
2017-10-29 01:40:00,0.03848,distillate,MW,nem,NSW1
2017-10-29 01:45:00,0.03848,distillate,MW,nem,NSW1
2017-10-29 01:50:00,0.03848,distillate,MW,nem,NSW1
2017-10-29 01:55:00,0.03848,distillate,MW,nem,NSW1
2017-10-29 02:00:00,0.03848,distillate,MW,nem,NSW1
2017-10-29 02:05:00,0.03848,distillate,MW,nem,NSW1
2017-10-29 02:10:00,0.03848,distillate,MW,nem,NSW1
2017-10-29 02:15:00,0.03848,distillate,MW,nem,NSW1
2017-10-29 02:20:00,0.04018,distillate,MW,nem,NSW1
2017-10-29 02:25:00,0.04018,distillate,MW,nem,NSW1
2017-10-29 02:30:00,0.04018,distillate,MW,nem,NSW1
2017-10-29 02:35:00,0.04018,distillate,MW,nem,NSW1
2017-10-29 02:40:00,0.04018,distillate,MW,nem,NSW1
2017-10-29 02:45:00,0.04018,distillate,MW,nem,NSW1
2017-10-29 02:50:00,0.04018,distillate,MW,nem,NSW1
2017-10-29 02:55:00,0.04018,distillate,MW,nem,NSW1
2017-10-29 03:00:00,0.04018,distillate,MW,nem,NSW1
2017-10-29 03:05:00,0.03788,distillate,MW,nem,NSW1
2017-10-29 03:10:00,0.03788,distillate,MW,nem,NSW1
2017-10-29 03:15:00,0.03788,distillate,MW,nem,NSW1
2017-10-29 03:20:00,0.03788,distillate,MW,nem,NSW1
2017-10-29 03:25:00,0.03788,distillate,MW,nem,NSW1
2017-10-29 03:30:00,0.03788,distillate,MW,nem,NSW1
2017-10-29 03:35:00,0.03788,distillate,MW,nem,NSW1
2017-10-29 03:40:00,0.03788,distillate,MW,nem,NSW1
2017-10-29 03:45:00,0.03788,distillate,MW,nem,NSW1
2017-10-29 03:50:00,0.03792,distillate,MW,nem,NSW1
2017-10-29 03:55:00,0.03792,distillate,MW,nem,NSW1
2017-10-29 04:00:00,0.03792,distillate,MW,nem,NSW1
2017-10-29 04:05:00,0.03792,distillate,MW,nem,NSW1
2017-10-29 04:10:00,0.03792,distillate,MW,nem,NSW1
2017-10-29 04:15:00,0.03792,distillate,MW,nem,NSW1
2017-10-29 04:20:00,0.03792,distillate,MW,nem,NSW1
2017-10-29 04:25:00,0.03792,distillate,MW,nem,NSW1
2017-10-29 04:30:00,0.03792,distillate,MW,nem,NSW1
2017-10-29 04:35:00,0.03921,distillate,MW,nem,NSW1
2017-10-29 04:40:00,0.03921,distillate,MW,nem,NSW1
2017-10-29 04:45:00,0.03921,distillate,MW,nem,NSW1
2017-10-29 04:50:00,0.03921,distillate,MW,nem,NSW1
2017-10-29 04:55:00,0.03921,distillate,MW,nem,NSW1
2017-10-29 05:00:00,0.03921,distillate,MW,nem,NSW1
2017-10-29 05:05:00,0.03921,distillate,MW,nem,NSW1
2017-10-29 05:10:00,0.03921,distillate,MW,nem,NSW1
2017-10-29 05:15:00,0.03921,distillate,MW,nem,NSW1
2017-10-29 05:20:00,0.04183,distillate,MW,nem,NSW1
2017-10-29 05:25:00,0.04183,distillate,MW,nem,NSW1
2017-10-29 05:30:00,0.04183,distillate,MW,nem,NSW1
2017-10-29 05:35:00,0.04183,distillate,MW,nem,NSW1
2017-10-29 05:40:00,0.04183,distillate,MW,nem,NSW1
2017-10-29 05:45:00,0.04183,distillate,MW,nem,NSW1
2017-10-29 05:50:00,0.04183,distillate,MW,nem,NSW1
2017-10-29 05:55:00,0.04183,distillate,MW,nem,NSW1
2017-10-29 06:00:00,0.04183,distillate,MW,nem,NSW1
2017-10-29 06:05:00,0.03876,distillate,MW,nem,NSW1
2017-10-29 06:10:00,0.03876,distillate,MW,nem,NSW1
2017-10-29 06:15:00,0.03876,distillate,MW,nem,NSW1
2017-10-29 06:20:00,0.03876,distillate,MW,nem,NSW1
2017-10-29 06:25:00,0.03876,distillate,MW,nem,NSW1
2017-10-29 06:30:00,0.03876,distillate,MW,nem,NSW1
2017-10-29 06:35:00,0.03876,distillate,MW,nem,NSW1
2017-10-29 06:40:00,0.03876,distillate,MW,nem,NSW1
2017-10-29 06:45:00,0.03876,distillate,MW,nem,NSW1
2017-10-29 06:50:00,0.03817,distillate,MW,nem,NSW1
2017-10-29 06:55:00,0.03817,distillate,MW,nem,NSW1
2017-10-29 07:00:00,0.03817,distillate,MW,nem,NSW1
2017-10-29 07:05:00,0.03817,distillate,MW,nem,NSW1
2017-10-29 07:10:00,0.03817,distillate,MW,nem,NSW1
2017-10-29 07:15:00,0.03817,distillate,MW,nem,NSW1
2017-10-29 07:20:00,0.03817,distillate,MW,nem,NSW1
2017-10-29 07:25:00,0.03817,distillate,MW,nem,NSW1
2017-10-29 07:30:00,0.03817,distillate,MW,nem,NSW1
2017-10-29 07:35:00,0.03783,distillate,MW,nem,NSW1
2017-10-29 07:40:00,0.03783,distillate,MW,nem,NSW1
2017-10-29 07:45:00,0.03783,distillate,MW,nem,NSW1
2017-10-29 07:50:00,0.03783,distillate,MW,nem,NSW1
2017-10-29 07:55:00,0.03783,distillate,MW,nem,NSW1
2017-10-29 08:00:00,0.03783,distillate,MW,nem,NSW1
2017-10-29 08:05:00,0.03783,distillate,MW,nem,NSW1
2017-10-29 08:10:00,0.03783,distillate,MW,nem,NSW1
2017-10-29 08:15:00,0.03783,distillate,MW,nem,NSW1
2017-10-29 08:20:00,0.03718,distillate,MW,nem,NSW1
2017-10-29 08:25:00,0.03718,distillate,MW,nem,NSW1
2017-10-29 08:30:00,0.03718,distillate,MW,nem,NSW1
2017-10-29 08:35:00,0.03718,distillate,MW,nem,NSW1
2017-10-29 08:40:00,0.03718,distillate,MW,nem,NSW1
2017-10-29 08:45:00,0.03718,distillate,MW,nem,NSW1
2017-10-29 08:50:00,0.03718,distillate,MW,nem,NSW1
2017-10-29 08:55:00,0.03718,distillate,MW,nem,NSW1
2017-10-29 09:00:00,0.03718,distillate,MW,nem,NSW1
2017-10-29 09:05:00,0.03865,distillate,MW,nem,NSW1
2017-10-29 09:10:00,0.03865,distillate,MW,nem,NSW1
2017-10-29 09:15:00,0.03865,distillate,MW,nem,NSW1
2017-10-29 09:20:00,0.03865,distillate,MW,nem,NSW1
2017-10-29 09:25:00,0.03865,distillate,MW,nem,NSW1
2017-10-29 09:30:00,0.03865,distillate,MW,nem,NSW1
2017-10-29 09:35:00,0.03865,distillate,MW,nem,NSW1
2017-10-29 09:40:00,0.03865,distillate,MW,nem,NSW1
2017-10-29 09:45:00,0.03865,distillate,MW,nem,NSW1
2017-10-29 09:50:00,0.03464,distillate,MW,nem,NSW1
2017-10-29 09:55:00,0.03464,distillate,MW,nem,NSW1
2017-10-29 10:00:00,0.03464,distillate,MW,nem,NSW1
2017-10-29 10:05:00,0.03464,distillate,MW,nem,NSW1
2017-10-29 10:10:00,0.03464,distillate,MW,nem,NSW1
2017-10-29 10:15:00,0.03464,distillate,MW,nem,NSW1
2017-10-29 10:20:00,0.03464,distillate,MW,nem,NSW1
2017-10-29 10:25:00,0.03464,distillate,MW,nem,NSW1
2017-10-29 10:30:00,0.03464,distillate,MW,nem,NSW1
2017-10-29 10:35:00,0.03912,distillate,MW,nem,NSW1
2017-10-29 10:40:00,0.03912,distillate,MW,nem,NSW1
2017-10-29 10:45:00,0.03912,distillate,MW,nem,NSW1
2017-10-29 10:50:00,0.03912,distillate,MW,nem,NSW1
2017-10-29 10:55:00,0.03912,distillate,MW,nem,NSW1
2017-10-29 11:00:00,0.03912,distillate,MW,nem,NSW1
2017-10-29 11:05:00,0.03912,distillate,MW,nem,NSW1
2017-10-29 11:10:00,0.03912,distillate,MW,nem,NSW1
2017-10-29 11:15:00,0.03912,distillate,MW,nem,NSW1
2017-10-29 11:20:00,0.0421,distillate,MW,nem,NSW1
2017-10-29 11:25:00,0.0421,distillate,MW,nem,NSW1
2017-10-29 11:30:00,0.0421,distillate,MW,nem,NSW1
2017-10-29 11:35:00,0.0421,distillate,MW,nem,NSW1
2017-10-29 11:40:00,0.0421,distillate,MW,nem,NSW1
2017-10-29 11:45:00,0.0421,distillate,MW,nem,NSW1
2017-10-29 11:50:00,0.0421,distillate,MW,nem,NSW1
2017-10-29 11:55:00,0.0421,distillate,MW,nem,NSW1
2017-10-29 12:00:00,0.0421,distillate,MW,nem,NSW1
2017-10-29 12:05:00,0.04708,distillate,MW,nem,NSW1
2017-10-29 12:10:00,0.04708,distillate,MW,nem,NSW1
2017-10-29 12:15:00,0.04708,distillate,MW,nem,NSW1
2017-10-29 12:20:00,0.04708,distillate,MW,nem,NSW1
2017-10-29 12:25:00,0.04708,distillate,MW,nem,NSW1
2017-10-29 12:30:00,0.04708,distillate,MW,nem,NSW1
2017-10-29 12:35:00,0.04708,distillate,MW,nem,NSW1
2017-10-29 12:40:00,0.04708,distillate,MW,nem,NSW1
2017-10-29 12:45:00,0.04708,distillate,MW,nem,NSW1
2017-10-29 12:50:00,0.04699,distillate,MW,nem,NSW1
2017-10-29 12:55:00,0.04699,distillate,MW,nem,NSW1
2017-10-29 13:00:00,0.04699,distillate,MW,nem,NSW1
2017-10-29 13:05:00,0.04699,distillate,MW,nem,NSW1
2017-10-29 13:10:00,0.04699,distillate,MW,nem,NSW1
2017-10-29 13:15:00,0.04699,distillate,MW,nem,NSW1
2017-10-29 13:20:00,0.04699,distillate,MW,nem,NSW1
2017-10-29 13:25:00,0.04699,distillate,MW,nem,NSW1
2017-10-29 13:30:00,0.04699,distillate,MW,nem,NSW1
2017-10-29 13:35:00,0.04487,distillate,MW,nem,NSW1
2017-10-29 13:40:00,0.04487,distillate,MW,nem,NSW1
2017-10-29 13:45:00,0.04487,distillate,MW,nem,NSW1
2017-10-29 13:50:00,0.04487,distillate,MW,nem,NSW1
2017-10-29 13:55:00,0.04487,distillate,MW,nem,NSW1
2017-10-29 14:00:00,0.04487,distillate,MW,nem,NSW1
2017-10-29 14:05:00,0.04487,distillate,MW,nem,NSW1
2017-10-29 14:10:00,0.04487,distillate,MW,nem,NSW1
2017-10-29 14:15:00,0.04487,distillate,MW,nem,NSW1
2017-10-29 14:20:00,0.04715,distillate,MW,nem,NSW1
2017-10-29 14:25:00,0.04715,distillate,MW,nem,NSW1
2017-10-29 14:30:00,0.04715,distillate,MW,nem,NSW1
2017-10-29 14:35:00,0.04715,distillate,MW,nem,NSW1
2017-10-29 14:40:00,0.04715,distillate,MW,nem,NSW1
2017-10-29 14:45:00,0.04715,distillate,MW,nem,NSW1
2017-10-29 14:50:00,0.04715,distillate,MW,nem,NSW1
2017-10-29 14:55:00,0.04715,distillate,MW,nem,NSW1
2017-10-29 15:00:00,0.04715,distillate,MW,nem,NSW1
2017-10-29 15:05:00,0.04925,distillate,MW,nem,NSW1
2017-10-29 15:10:00,0.04925,distillate,MW,nem,NSW1
2017-10-29 15:15:00,0.04925,distillate,MW,nem,NSW1
2017-10-29 15:20:00,0.04925,distillate,MW,nem,NSW1
2017-10-29 15:25:00,0.04925,distillate,MW,nem,NSW1
2017-10-29 15:30:00,0.04925,distillate,MW,nem,NSW1
2017-10-29 15:35:00,0.04925,distillate,MW,nem,NSW1
2017-10-29 15:40:00,0.04925,distillate,MW,nem,NSW1
2017-10-29 15:45:00,0.04925,distillate,MW,nem,NSW1
2017-10-29 15:50:00,0.04887,distillate,MW,nem,NSW1
2017-10-29 15:55:00,0.04887,distillate,MW,nem,NSW1
2017-10-29 16:00:00,0.04887,distillate,MW,nem,NSW1
2017-10-29 16:05:00,0.04887,distillate,MW,nem,NSW1
2017-10-29 16:10:00,0.04887,distillate,MW,nem,NSW1
2017-10-29 16:15:00,0.04887,distillate,MW,nem,NSW1
2017-10-29 16:20:00,0.04887,distillate,MW,nem,NSW1
2017-10-29 16:25:00,0.04887,distillate,MW,nem,NSW1
2017-10-29 16:30:00,0.04887,distillate,MW,nem,NSW1
2017-10-29 16:35:00,0.0495,distillate,MW,nem,NSW1
2017-10-29 16:40:00,0.0495,distillate,MW,nem,NSW1
2017-10-29 16:45:00,0.0495,distillate,MW,nem,NSW1
2017-10-29 16:50:00,0.0495,distillate,MW,nem,NSW1
2017-10-29 16:55:00,0.0495,distillate,MW,nem,NSW1
2017-10-29 17:00:00,0.0495,distillate,MW,nem,NSW1
2017-10-29 17:05:00,0.0495,distillate,MW,nem,NSW1
2017-10-29 17:10:00,0.0495,distillate,MW,nem,NSW1
2017-10-29 17:15:00,0.0495,distillate,MW,nem,NSW1
2017-10-29 17:20:00,0.05368,distillate,MW,nem,NSW1
2017-10-29 17:25:00,0.05368,distillate,MW,nem,NSW1
2017-10-29 17:30:00,0.05368,distillate,MW,nem,NSW1
2017-10-29 17:35:00,0.05368,distillate,MW,nem,NSW1
2017-10-29 17:40:00,0.05368,distillate,MW,nem,NSW1
2017-10-29 17:45:00,0.05368,distillate,MW,nem,NSW1
2017-10-29 17:50:00,0.05368,distillate,MW,nem,NSW1
2017-10-29 17:55:00,0.05368,distillate,MW,nem,NSW1
2017-10-29 18:00:00,0.05368,distillate,MW,nem,NSW1
2017-10-29 18:05:00,0.05613,distillate,MW,nem,NSW1
2017-10-29 18:10:00,0.05613,distillate,MW,nem,NSW1
2017-10-29 18:15:00,0.05613,distillate,MW,nem,NSW1
2017-10-29 18:20:00,0.05613,distillate,MW,nem,NSW1
2017-10-29 18:25:00,0.05613,distillate,MW,nem,NSW1
2017-10-29 18:30:00,0.05613,distillate,MW,nem,NSW1
2017-10-29 18:35:00,0.05613,distillate,MW,nem,NSW1
2017-10-29 18:40:00,0.05613,distillate,MW,nem,NSW1
2017-10-29 18:45:00,0.05613,distillate,MW,nem,NSW1
2017-10-29 18:50:00,0.05415,distillate,MW,nem,NSW1
2017-10-29 18:55:00,0.05415,distillate,MW,nem,NSW1
2017-10-29 19:00:00,0.05415,distillate,MW,nem,NSW1
2017-10-29 19:05:00,0.05415,distillate,MW,nem,NSW1
2017-10-29 19:10:00,0.05415,distillate,MW,nem,NSW1
2017-10-29 19:15:00,0.05415,distillate,MW,nem,NSW1
2017-10-29 19:20:00,0.05415,distillate,MW,nem,NSW1
2017-10-29 19:25:00,0.05415,distillate,MW,nem,NSW1
2017-10-29 19:30:00,0.05415,distillate,MW,nem,NSW1
2017-10-29 19:35:00,0.05146,distillate,MW,nem,NSW1
2017-10-29 19:40:00,0.05146,distillate,MW,nem,NSW1
2017-10-29 19:45:00,0.05146,distillate,MW,nem,NSW1
2017-10-29 19:50:00,0.05146,distillate,MW,nem,NSW1
2017-10-29 19:55:00,0.05146,distillate,MW,nem,NSW1
2017-10-29 20:00:00,0.05146,distillate,MW,nem,NSW1
2017-10-29 20:05:00,0.05146,distillate,MW,nem,NSW1
2017-10-29 20:10:00,0.05146,distillate,MW,nem,NSW1
2017-10-29 20:15:00,0.05146,distillate,MW,nem,NSW1
2017-10-29 20:20:00,0.04787,distillate,MW,nem,NSW1
2017-10-29 20:25:00,0.04787,distillate,MW,nem,NSW1
2017-10-29 20:30:00,0.04787,distillate,MW,nem,NSW1
2017-10-29 20:35:00,0.04787,distillate,MW,nem,NSW1
2017-10-29 20:40:00,0.04787,distillate,MW,nem,NSW1
2017-10-29 20:45:00,0.04787,distillate,MW,nem,NSW1
2017-10-29 20:50:00,0.04787,distillate,MW,nem,NSW1
2017-10-29 20:55:00,0.04787,distillate,MW,nem,NSW1
2017-10-29 21:00:00,0.04787,distillate,MW,nem,NSW1
2017-10-29 21:05:00,0.04412,distillate,MW,nem,NSW1
2017-10-29 21:10:00,0.04412,distillate,MW,nem,NSW1
2017-10-29 21:15:00,0.04412,distillate,MW,nem,NSW1
2017-10-29 21:20:00,0.04412,distillate,MW,nem,NSW1
2017-10-29 21:25:00,0.04412,distillate,MW,nem,NSW1
2017-10-29 21:30:00,0.04412,distillate,MW,nem,NSW1
2017-10-29 21:35:00,0.04412,distillate,MW,nem,NSW1
2017-10-29 21:40:00,0.04412,distillate,MW,nem,NSW1
2017-10-29 21:45:00,0.04412,distillate,MW,nem,NSW1
2017-10-29 21:50:00,0.04193,distillate,MW,nem,NSW1
2017-10-29 21:55:00,0.04193,distillate,MW,nem,NSW1
2017-10-29 22:00:00,0.04193,distillate,MW,nem,NSW1
2017-10-29 22:05:00,0.04193,distillate,MW,nem,NSW1
2017-10-29 22:10:00,0.04193,distillate,MW,nem,NSW1
2017-10-29 22:15:00,0.04193,distillate,MW,nem,NSW1
2017-10-29 22:20:00,0.04193,distillate,MW,nem,NSW1
2017-10-29 22:25:00,0.04193,distillate,MW,nem,NSW1
2017-10-29 22:30:00,0.04193,distillate,MW,nem,NSW1
2017-10-29 22:35:00,0.03735,distillate,MW,nem,NSW1
2017-10-29 22:40:00,0.03735,distillate,MW,nem,NSW1
2017-10-29 22:45:00,0.03735,distillate,MW,nem,NSW1
2017-10-29 22:50:00,0.03735,distillate,MW,nem,NSW1
2017-10-29 22:55:00,0.03735,distillate,MW,nem,NSW1
2017-10-29 23:00:00,0.03735,distillate,MW,nem,NSW1
2017-10-29 23:05:00,0.03735,distillate,MW,nem,NSW1
2017-10-29 23:10:00,0.03735,distillate,MW,nem,NSW1
2017-10-29 23:15:00,0.03735,distillate,MW,nem,NSW1
2017-10-29 23:20:00,0.03614,distillate,MW,nem,NSW1
2017-10-29 23:25:00,0.03614,distillate,MW,nem,NSW1
2017-10-29 23:30:00,0.03614,distillate,MW,nem,NSW1
2017-10-29 23:35:00,0.03614,distillate,MW,nem,NSW1
2017-10-29 23:40:00,0.03614,distillate,MW,nem,NSW1
2017-10-29 23:45:00,0.03614,distillate,MW,nem,NSW1
2017-10-29 23:50:00,0.03614,distillate,MW,nem,NSW1
2017-10-29 23:55:00,0.03614,distillate,MW,nem,NSW1
2017-10-30 00:00:00,0.03614,distillate,MW,nem,NSW1
2017-10-30 00:05:00,0.03875,distillate,MW,nem,NSW1
2017-10-30 00:10:00,0.03875,distillate,MW,nem,NSW1
2017-10-30 00:15:00,0.03875,distillate,MW,nem,NSW1
2017-10-30 00:20:00,0.03875,distillate,MW,nem,NSW1
2017-10-30 00:25:00,0.03875,distillate,MW,nem,NSW1
2017-10-30 00:30:00,0.03875,distillate,MW,nem,NSW1
2017-10-30 00:35:00,0.03875,distillate,MW,nem,NSW1
2017-10-30 00:40:00,0.03875,distillate,MW,nem,NSW1
2017-10-30 00:45:00,0.03875,distillate,MW,nem,NSW1
2017-10-30 00:50:00,0.03925,distillate,MW,nem,NSW1
2017-10-30 00:55:00,0.03925,distillate,MW,nem,NSW1
2017-10-30 01:00:00,0.03925,distillate,MW,nem,NSW1
2017-10-30 01:05:00,0.03925,distillate,MW,nem,NSW1
2017-10-30 01:10:00,0.03925,distillate,MW,nem,NSW1
2017-10-30 01:15:00,0.03925,distillate,MW,nem,NSW1
2017-10-30 01:20:00,0.03925,distillate,MW,nem,NSW1
2017-10-30 01:25:00,0.03925,distillate,MW,nem,NSW1
2017-10-30 01:30:00,0.03925,distillate,MW,nem,NSW1
2017-10-30 01:35:00,0.0422,distillate,MW,nem,NSW1
2017-10-30 01:40:00,0.0422,distillate,MW,nem,NSW1
2017-10-30 01:45:00,0.0422,distillate,MW,nem,NSW1
2017-10-30 01:50:00,0.0422,distillate,MW,nem,NSW1
2017-10-30 01:55:00,0.0422,distillate,MW,nem,NSW1
2017-10-30 02:00:00,0.0422,distillate,MW,nem,NSW1
2017-10-30 02:05:00,0.0422,distillate,MW,nem,NSW1
2017-10-30 02:10:00,0.0422,distillate,MW,nem,NSW1
2017-10-30 02:15:00,0.0422,distillate,MW,nem,NSW1
2017-10-30 02:20:00,0.0408,distillate,MW,nem,NSW1
2017-10-30 02:25:00,0.0408,distillate,MW,nem,NSW1
2017-10-30 02:30:00,0.0408,distillate,MW,nem,NSW1
2017-10-30 02:35:00,0.0408,distillate,MW,nem,NSW1
2017-10-30 02:40:00,0.0408,distillate,MW,nem,NSW1
2017-10-30 02:45:00,0.0408,distillate,MW,nem,NSW1
2017-10-30 02:50:00,0.0408,distillate,MW,nem,NSW1
2017-10-30 02:55:00,0.0408,distillate,MW,nem,NSW1
2017-10-30 03:00:00,0.0408,distillate,MW,nem,NSW1
2017-10-30 03:05:00,0.03918,distillate,MW,nem,NSW1
2017-10-30 03:10:00,0.03918,distillate,MW,nem,NSW1
2017-10-30 03:15:00,0.03918,distillate,MW,nem,NSW1
2017-10-30 03:20:00,0.03918,distillate,MW,nem,NSW1
2017-10-30 03:25:00,0.03918,distillate,MW,nem,NSW1
2017-10-30 03:30:00,0.03918,distillate,MW,nem,NSW1
2017-10-30 03:35:00,0.03918,distillate,MW,nem,NSW1
2017-10-30 03:40:00,0.03918,distillate,MW,nem,NSW1
2017-10-30 03:45:00,0.03918,distillate,MW,nem,NSW1
2017-10-30 03:50:00,0.04004,distillate,MW,nem,NSW1
2017-10-30 03:55:00,0.04004,distillate,MW,nem,NSW1
2017-10-30 04:00:00,0.04004,distillate,MW,nem,NSW1
2017-10-30 04:05:00,0.04004,distillate,MW,nem,NSW1
2017-10-30 04:10:00,0.04004,distillate,MW,nem,NSW1
2017-10-30 04:15:00,0.04004,distillate,MW,nem,NSW1
2017-10-30 04:20:00,0.04004,distillate,MW,nem,NSW1
2017-10-30 04:25:00,0.04004,distillate,MW,nem,NSW1
2017-10-30 04:30:00,0.04004,distillate,MW,nem,NSW1
2017-10-30 04:35:00,0.03914,distillate,MW,nem,NSW1
2017-10-30 04:40:00,0.03914,distillate,MW,nem,NSW1
2017-10-30 04:45:00,0.03914,distillate,MW,nem,NSW1
2017-10-30 04:50:00,0.03914,distillate,MW,nem,NSW1
2017-10-30 04:55:00,0.03914,distillate,MW,nem,NSW1
2017-10-30 05:00:00,0.03914,distillate,MW,nem,NSW1
2017-10-30 05:05:00,0.03914,distillate,MW,nem,NSW1
2017-10-30 05:10:00,0.03914,distillate,MW,nem,NSW1
2017-10-30 05:15:00,0.03914,distillate,MW,nem,NSW1
2017-10-30 05:20:00,0.0402,distillate,MW,nem,NSW1
2017-10-30 05:25:00,0.0402,distillate,MW,nem,NSW1
2017-10-30 05:30:00,0.0402,distillate,MW,nem,NSW1
2017-10-30 05:35:00,0.0402,distillate,MW,nem,NSW1
2017-10-30 05:40:00,0.0402,distillate,MW,nem,NSW1
2017-10-30 05:45:00,0.0402,distillate,MW,nem,NSW1
2017-10-30 05:50:00,0.0402,distillate,MW,nem,NSW1
2017-10-30 05:55:00,0.0402,distillate,MW,nem,NSW1
2017-10-30 06:00:00,0.0402,distillate,MW,nem,NSW1
2017-10-30 06:05:00,0.04052,distillate,MW,nem,NSW1
2017-10-30 06:10:00,0.04052,distillate,MW,nem,NSW1
2017-10-30 06:15:00,0.04052,distillate,MW,nem,NSW1
2017-10-30 06:20:00,0.04052,distillate,MW,nem,NSW1
2017-10-30 06:25:00,0.04052,distillate,MW,nem,NSW1
2017-10-30 06:30:00,0.04052,distillate,MW,nem,NSW1
2017-10-30 06:35:00,0.04052,distillate,MW,nem,NSW1
2017-10-30 06:40:00,0.04052,distillate,MW,nem,NSW1
2017-10-30 06:45:00,0.04052,distillate,MW,nem,NSW1
2017-10-30 06:50:00,0.04267,distillate,MW,nem,NSW1
2017-10-30 06:55:00,0.04267,distillate,MW,nem,NSW1
2017-10-30 07:00:00,0.04267,distillate,MW,nem,NSW1
2017-10-30 07:05:00,0.04267,distillate,MW,nem,NSW1
2017-10-30 07:10:00,0.04267,distillate,MW,nem,NSW1
2017-10-30 07:15:00,0.04267,distillate,MW,nem,NSW1
2017-10-30 07:20:00,0.04267,distillate,MW,nem,NSW1
2017-10-30 07:25:00,0.04267,distillate,MW,nem,NSW1
2017-10-30 07:30:00,0.04267,distillate,MW,nem,NSW1
2017-10-30 07:35:00,0.04095,distillate,MW,nem,NSW1
2017-10-30 07:40:00,0.04095,distillate,MW,nem,NSW1
2017-10-30 07:45:00,0.04095,distillate,MW,nem,NSW1
2017-10-30 07:50:00,0.04095,distillate,MW,nem,NSW1
2017-10-30 07:55:00,0.04095,distillate,MW,nem,NSW1
2017-10-30 08:00:00,0.04095,distillate,MW,nem,NSW1
2017-10-30 08:05:00,0.04095,distillate,MW,nem,NSW1
2017-10-30 08:10:00,0.04095,distillate,MW,nem,NSW1
2017-10-30 08:15:00,0.04095,distillate,MW,nem,NSW1
2017-10-30 08:20:00,0.03789,distillate,MW,nem,NSW1
2017-10-30 08:25:00,0.03789,distillate,MW,nem,NSW1
2017-10-30 08:30:00,0.03789,distillate,MW,nem,NSW1
2017-10-30 08:35:00,0.03789,distillate,MW,nem,NSW1
2017-10-30 08:40:00,0.03789,distillate,MW,nem,NSW1
2017-10-30 08:45:00,0.03789,distillate,MW,nem,NSW1
2017-10-30 08:50:00,0.03789,distillate,MW,nem,NSW1
2017-10-30 08:55:00,0.03789,distillate,MW,nem,NSW1
2017-10-30 09:00:00,0.03789,distillate,MW,nem,NSW1
2017-10-30 09:05:00,0.04006,distillate,MW,nem,NSW1
2017-10-30 09:10:00,0.04006,distillate,MW,nem,NSW1
2017-10-30 09:15:00,0.04006,distillate,MW,nem,NSW1
2017-10-30 09:20:00,0.04006,distillate,MW,nem,NSW1
2017-10-30 09:25:00,0.04006,distillate,MW,nem,NSW1
2017-10-30 09:30:00,0.04006,distillate,MW,nem,NSW1
2017-10-30 09:35:00,0.04006,distillate,MW,nem,NSW1
2017-10-30 09:40:00,0.04006,distillate,MW,nem,NSW1
2017-10-30 09:45:00,0.04006,distillate,MW,nem,NSW1
2017-10-30 09:50:00,0.04186,distillate,MW,nem,NSW1
2017-10-30 09:55:00,0.04186,distillate,MW,nem,NSW1
2017-10-30 10:00:00,0.04186,distillate,MW,nem,NSW1
2017-10-30 10:05:00,0.04186,distillate,MW,nem,NSW1
2017-10-30 10:10:00,0.04186,distillate,MW,nem,NSW1
2017-10-30 10:15:00,0.04186,distillate,MW,nem,NSW1
2017-10-30 10:20:00,0.04186,distillate,MW,nem,NSW1
2017-10-30 10:25:00,0.04186,distillate,MW,nem,NSW1
2017-10-30 10:30:00,0.04186,distillate,MW,nem,NSW1
2017-10-30 10:35:00,0.0382,distillate,MW,nem,NSW1
2017-10-30 10:40:00,0.0382,distillate,MW,nem,NSW1
2017-10-30 10:45:00,0.0382,distillate,MW,nem,NSW1
2017-10-30 10:50:00,0.0382,distillate,MW,nem,NSW1
2017-10-30 10:55:00,0.0382,distillate,MW,nem,NSW1
2017-10-30 11:00:00,0.0382,distillate,MW,nem,NSW1
2017-10-30 11:05:00,0.0382,distillate,MW,nem,NSW1
2017-10-30 11:10:00,0.0382,distillate,MW,nem,NSW1
2017-10-30 11:15:00,0.0382,distillate,MW,nem,NSW1
2017-10-30 11:20:00,0.03989,distillate,MW,nem,NSW1
2017-10-30 11:25:00,0.03989,distillate,MW,nem,NSW1
2017-10-30 11:30:00,0.03989,distillate,MW,nem,NSW1
2017-10-30 11:35:00,0.03989,distillate,MW,nem,NSW1
2017-10-30 11:40:00,0.03989,distillate,MW,nem,NSW1
2017-10-30 11:45:00,0.03989,distillate,MW,nem,NSW1
2017-10-30 11:50:00,0.03989,distillate,MW,nem,NSW1
2017-10-30 11:55:00,0.03989,distillate,MW,nem,NSW1
2017-10-30 12:00:00,0.03989,distillate,MW,nem,NSW1
2017-10-30 12:05:00,0.03894,distillate,MW,nem,NSW1
2017-10-30 12:10:00,0.03894,distillate,MW,nem,NSW1
2017-10-30 12:15:00,0.03894,distillate,MW,nem,NSW1
2017-10-30 12:20:00,0.03894,distillate,MW,nem,NSW1
2017-10-30 12:25:00,0.03894,distillate,MW,nem,NSW1
2017-10-30 12:30:00,0.03894,distillate,MW,nem,NSW1
2017-10-30 12:35:00,0.03894,distillate,MW,nem,NSW1
2017-10-30 12:40:00,0.03894,distillate,MW,nem,NSW1
2017-10-30 12:45:00,0.03894,distillate,MW,nem,NSW1
2017-10-30 12:50:00,0.04121,distillate,MW,nem,NSW1
2017-10-30 12:55:00,0.04121,distillate,MW,nem,NSW1
2017-10-30 13:00:00,0.04121,distillate,MW,nem,NSW1
2017-10-30 13:05:00,0.04121,distillate,MW,nem,NSW1
2017-10-30 13:10:00,0.04121,distillate,MW,nem,NSW1
2017-10-30 13:15:00,0.04121,distillate,MW,nem,NSW1
2017-10-30 13:20:00,0.04121,distillate,MW,nem,NSW1
2017-10-30 13:25:00,0.04121,distillate,MW,nem,NSW1
2017-10-30 13:30:00,0.04121,distillate,MW,nem,NSW1
2017-10-30 13:35:00,0.04029,distillate,MW,nem,NSW1
2017-10-30 13:40:00,0.04029,distillate,MW,nem,NSW1
2017-10-30 13:45:00,0.04029,distillate,MW,nem,NSW1
2017-10-30 13:50:00,0.04029,distillate,MW,nem,NSW1
2017-10-30 13:55:00,0.04029,distillate,MW,nem,NSW1
2017-10-30 14:00:00,0.04029,distillate,MW,nem,NSW1
2017-10-30 14:05:00,0.04029,distillate,MW,nem,NSW1
2017-10-30 14:10:00,0.04029,distillate,MW,nem,NSW1
2017-10-30 14:15:00,0.04029,distillate,MW,nem,NSW1
2017-10-30 14:20:00,0.03981,distillate,MW,nem,NSW1
2017-10-30 14:25:00,0.03981,distillate,MW,nem,NSW1
2017-10-30 14:30:00,0.03981,distillate,MW,nem,NSW1
2017-10-30 14:35:00,0.03981,distillate,MW,nem,NSW1
2017-10-30 14:40:00,0.03981,distillate,MW,nem,NSW1
2017-10-30 14:45:00,0.03981,distillate,MW,nem,NSW1
2017-10-30 14:50:00,0.03981,distillate,MW,nem,NSW1
2017-10-30 14:55:00,0.03981,distillate,MW,nem,NSW1
2017-10-30 15:00:00,0.03981,distillate,MW,nem,NSW1
2017-10-30 15:05:00,0.04075,distillate,MW,nem,NSW1
2017-10-30 15:10:00,0.04075,distillate,MW,nem,NSW1
2017-10-30 15:15:00,0.04075,distillate,MW,nem,NSW1
2017-10-30 15:20:00,0.04075,distillate,MW,nem,NSW1
2017-10-30 15:25:00,0.04075,distillate,MW,nem,NSW1
2017-10-30 15:30:00,0.04075,distillate,MW,nem,NSW1
2017-10-30 15:35:00,0.04075,distillate,MW,nem,NSW1
2017-10-30 15:40:00,0.04075,distillate,MW,nem,NSW1
2017-10-30 15:45:00,0.04075,distillate,MW,nem,NSW1
2017-10-30 15:50:00,0.03904,distillate,MW,nem,NSW1
2017-10-30 15:55:00,0.03904,distillate,MW,nem,NSW1
2017-10-30 16:00:00,0.03904,distillate,MW,nem,NSW1
2017-10-30 16:05:00,0.03904,distillate,MW,nem,NSW1
2017-10-30 16:10:00,0.03904,distillate,MW,nem,NSW1
2017-10-30 16:15:00,0.03904,distillate,MW,nem,NSW1
2017-10-30 16:20:00,0.03904,distillate,MW,nem,NSW1
2017-10-30 16:25:00,0.03904,distillate,MW,nem,NSW1
2017-10-30 16:30:00,0.03904,distillate,MW,nem,NSW1
2017-10-30 16:35:00,0.03977,distillate,MW,nem,NSW1
2017-10-30 16:40:00,0.03977,distillate,MW,nem,NSW1
2017-10-30 16:45:00,0.03977,distillate,MW,nem,NSW1
2017-10-30 16:50:00,0.03977,distillate,MW,nem,NSW1
2017-10-30 16:55:00,0.03977,distillate,MW,nem,NSW1
2017-10-30 17:00:00,0.03977,distillate,MW,nem,NSW1
2017-10-30 17:05:00,0.03977,distillate,MW,nem,NSW1
2017-10-30 17:10:00,0.03977,distillate,MW,nem,NSW1
2017-10-30 17:15:00,0.03977,distillate,MW,nem,NSW1
2017-10-30 17:20:00,0.03838,distillate,MW,nem,NSW1
2017-10-30 17:25:00,0.03838,distillate,MW,nem,NSW1
2017-10-30 17:30:00,0.03838,distillate,MW,nem,NSW1
2017-10-30 17:35:00,0.03838,distillate,MW,nem,NSW1
2017-10-30 17:40:00,0.03838,distillate,MW,nem,NSW1
2017-10-30 17:45:00,0.03838,distillate,MW,nem,NSW1
2017-10-30 17:50:00,0.03838,distillate,MW,nem,NSW1
2017-10-30 17:55:00,0.03838,distillate,MW,nem,NSW1
2017-10-30 18:00:00,0.03838,distillate,MW,nem,NSW1
2017-10-30 18:05:00,0.04166,distillate,MW,nem,NSW1
2017-10-30 18:10:00,0.04166,distillate,MW,nem,NSW1
2017-10-30 18:15:00,0.04166,distillate,MW,nem,NSW1
2017-10-30 18:20:00,0.04166,distillate,MW,nem,NSW1
2017-10-30 18:25:00,0.04166,distillate,MW,nem,NSW1
2017-10-30 18:30:00,0.04166,distillate,MW,nem,NSW1
2017-10-30 18:35:00,0.04166,distillate,MW,nem,NSW1
2017-10-30 18:40:00,0.04166,distillate,MW,nem,NSW1
2017-10-30 18:45:00,0.04166,distillate,MW,nem,NSW1
2017-10-30 18:50:00,0.04038,distillate,MW,nem,NSW1
2017-10-30 18:55:00,0.04038,distillate,MW,nem,NSW1
2017-10-30 19:00:00,0.04038,distillate,MW,nem,NSW1
2017-10-30 19:05:00,0.04038,distillate,MW,nem,NSW1
2017-10-30 19:10:00,0.04038,distillate,MW,nem,NSW1
2017-10-30 19:15:00,0.04038,distillate,MW,nem,NSW1
2017-10-30 19:20:00,0.04038,distillate,MW,nem,NSW1
2017-10-30 19:25:00,0.04038,distillate,MW,nem,NSW1
2017-10-30 19:30:00,0.04038,distillate,MW,nem,NSW1
2017-10-30 19:35:00,0.0401,distillate,MW,nem,NSW1
2017-10-30 19:40:00,0.0401,distillate,MW,nem,NSW1
2017-10-30 19:45:00,0.0401,distillate,MW,nem,NSW1
2017-10-30 19:50:00,0.0401,distillate,MW,nem,NSW1
2017-10-30 19:55:00,0.0401,distillate,MW,nem,NSW1
2017-10-30 20:00:00,0.0401,distillate,MW,nem,NSW1
2017-10-30 20:05:00,0.0401,distillate,MW,nem,NSW1
2017-10-30 20:10:00,0.0401,distillate,MW,nem,NSW1
2017-10-30 20:15:00,0.0401,distillate,MW,nem,NSW1
2017-10-30 20:20:00,0.04009,distillate,MW,nem,NSW1
2017-10-30 20:25:00,0.04009,distillate,MW,nem,NSW1
2017-10-30 20:30:00,0.04009,distillate,MW,nem,NSW1
2017-10-30 20:35:00,0.04009,distillate,MW,nem,NSW1
2017-10-30 20:40:00,0.04009,distillate,MW,nem,NSW1
2017-10-30 20:45:00,0.04009,distillate,MW,nem,NSW1
2017-10-30 20:50:00,0.04009,distillate,MW,nem,NSW1
2017-10-30 20:55:00,0.04009,distillate,MW,nem,NSW1
2017-10-30 21:00:00,0.04009,distillate,MW,nem,NSW1
2017-10-30 21:05:00,0.0396,distillate,MW,nem,NSW1
2017-10-30 21:10:00,0.0396,distillate,MW,nem,NSW1
2017-10-30 21:15:00,0.0396,distillate,MW,nem,NSW1
2017-10-30 21:20:00,0.0396,distillate,MW,nem,NSW1
2017-10-30 21:25:00,0.0396,distillate,MW,nem,NSW1
2017-10-30 21:30:00,0.0396,distillate,MW,nem,NSW1
2017-10-30 21:35:00,0.0396,distillate,MW,nem,NSW1
2017-10-30 21:40:00,0.0396,distillate,MW,nem,NSW1
2017-10-30 21:45:00,0.0396,distillate,MW,nem,NSW1
2017-10-30 21:50:00,0.03994,distillate,MW,nem,NSW1
2017-10-30 21:55:00,0.03994,distillate,MW,nem,NSW1
2017-10-30 22:00:00,0.03994,distillate,MW,nem,NSW1
2017-10-30 22:05:00,0.03994,distillate,MW,nem,NSW1
2017-10-30 22:10:00,0.03994,distillate,MW,nem,NSW1
2017-10-30 22:15:00,0.03994,distillate,MW,nem,NSW1
2017-10-30 22:20:00,0.03994,distillate,MW,nem,NSW1
2017-10-30 22:25:00,0.03994,distillate,MW,nem,NSW1
2017-10-30 22:30:00,0.03994,distillate,MW,nem,NSW1
2017-10-30 22:35:00,0.03977,distillate,MW,nem,NSW1
2017-10-30 22:40:00,0.03977,distillate,MW,nem,NSW1
2017-10-30 22:45:00,0.03977,distillate,MW,nem,NSW1
2017-10-30 22:50:00,0.03977,distillate,MW,nem,NSW1
2017-10-30 22:55:00,0.03977,distillate,MW,nem,NSW1
2017-10-30 23:00:00,0.03977,distillate,MW,nem,NSW1
2017-10-30 23:05:00,0.03977,distillate,MW,nem,NSW1
2017-10-30 23:10:00,0.03977,distillate,MW,nem,NSW1
2017-10-30 23:15:00,0.03977,distillate,MW,nem,NSW1
2017-10-30 23:20:00,0.04227,distillate,MW,nem,NSW1
2017-10-30 23:25:00,0.04227,distillate,MW,nem,NSW1
2017-10-30 23:30:00,0.04227,distillate,MW,nem,NSW1
2017-10-30 23:35:00,0.04227,distillate,MW,nem,NSW1
2017-10-30 23:40:00,0.04227,distillate,MW,nem,NSW1
2017-10-30 23:45:00,0.04227,distillate,MW,nem,NSW1
2017-10-30 23:50:00,0.04227,distillate,MW,nem,NSW1
2017-10-30 23:55:00,0.04227,distillate,MW,nem,NSW1
2017-10-31 00:00:00,0.04227,distillate,MW,nem,NSW1
2017-10-31 00:05:00,0.04227,distillate,MW,nem,NSW1
2017-10-31 00:10:00,0.04227,distillate,MW,nem,NSW1
2017-10-31 00:15:00,0.04227,distillate,MW,nem,NSW1
2017-10-31 00:20:00,0.04227,distillate,MW,nem,NSW1
2017-10-31 00:25:00,0.04227,distillate,MW,nem,NSW1
2017-10-31 00:30:00,0.04227,distillate,MW,nem,NSW1
2017-10-31 00:35:00,0.04227,distillate,MW,nem,NSW1
2017-10-31 00:40:00,0.04227,distillate,MW,nem,NSW1
2017-10-31 00:45:00,0.04227,distillate,MW,nem,NSW1
2017-10-31 00:50:00,0.04194,distillate,MW,nem,NSW1
2017-10-31 00:55:00,0.04194,distillate,MW,nem,NSW1
2017-10-31 01:00:00,0.04194,distillate,MW,nem,NSW1
2017-10-31 01:05:00,0.04194,distillate,MW,nem,NSW1
2017-10-31 01:10:00,0.04194,distillate,MW,nem,NSW1
2017-10-31 01:15:00,0.04194,distillate,MW,nem,NSW1
2017-10-31 01:20:00,0.04194,distillate,MW,nem,NSW1
2017-10-31 01:25:00,0.04194,distillate,MW,nem,NSW1
2017-10-31 01:30:00,0.04194,distillate,MW,nem,NSW1
2017-10-31 01:35:00,0.03899,distillate,MW,nem,NSW1
2017-10-31 01:40:00,0.03899,distillate,MW,nem,NSW1
2017-10-31 01:45:00,0.03899,distillate,MW,nem,NSW1
2017-10-31 01:50:00,0.03899,distillate,MW,nem,NSW1
2017-10-31 01:55:00,0.03899,distillate,MW,nem,NSW1
2017-10-31 02:00:00,0.03899,distillate,MW,nem,NSW1
2017-10-31 02:05:00,0.03899,distillate,MW,nem,NSW1
2017-10-31 02:10:00,0.03899,distillate,MW,nem,NSW1
2017-10-31 02:15:00,0.03899,distillate,MW,nem,NSW1
2017-10-31 02:20:00,0.03971,distillate,MW,nem,NSW1
2017-10-31 02:25:00,0.03971,distillate,MW,nem,NSW1
2017-10-31 02:30:00,0.03971,distillate,MW,nem,NSW1
2017-10-31 02:35:00,0.03971,distillate,MW,nem,NSW1
2017-10-31 02:40:00,0.03971,distillate,MW,nem,NSW1
2017-10-31 02:45:00,0.03971,distillate,MW,nem,NSW1
2017-10-31 02:50:00,0.03971,distillate,MW,nem,NSW1
2017-10-31 02:55:00,0.03971,distillate,MW,nem,NSW1
2017-10-31 03:00:00,0.03971,distillate,MW,nem,NSW1
2017-10-31 03:05:00,0.03988,distillate,MW,nem,NSW1
2017-10-31 03:10:00,0.03988,distillate,MW,nem,NSW1
2017-10-31 03:15:00,0.03988,distillate,MW,nem,NSW1
2017-10-31 03:20:00,0.03988,distillate,MW,nem,NSW1
2017-10-31 03:25:00,0.03988,distillate,MW,nem,NSW1
2017-10-31 03:30:00,0.03988,distillate,MW,nem,NSW1
2017-10-31 03:35:00,0.03988,distillate,MW,nem,NSW1
2017-10-31 03:40:00,0.03988,distillate,MW,nem,NSW1
2017-10-31 03:45:00,0.03988,distillate,MW,nem,NSW1
2017-10-31 03:50:00,0.0375,distillate,MW,nem,NSW1
2017-10-31 03:55:00,0.0375,distillate,MW,nem,NSW1
2017-10-31 04:00:00,0.0375,distillate,MW,nem,NSW1
2017-10-31 04:05:00,0.0375,distillate,MW,nem,NSW1
2017-10-31 04:10:00,0.0375,distillate,MW,nem,NSW1
2017-10-31 04:15:00,0.0375,distillate,MW,nem,NSW1
2017-10-31 04:20:00,0.0375,distillate,MW,nem,NSW1
2017-10-31 04:25:00,0.0375,distillate,MW,nem,NSW1
2017-10-31 04:30:00,0.0375,distillate,MW,nem,NSW1
2017-10-31 04:35:00,0.03215,distillate,MW,nem,NSW1
2017-10-31 04:40:00,0.03215,distillate,MW,nem,NSW1
2017-10-31 04:45:00,0.03215,distillate,MW,nem,NSW1
2017-10-31 04:50:00,0.03215,distillate,MW,nem,NSW1
2017-10-31 04:55:00,0.03215,distillate,MW,nem,NSW1
2017-10-31 05:00:00,0.03215,distillate,MW,nem,NSW1
2017-10-31 05:05:00,0.03215,distillate,MW,nem,NSW1
2017-10-31 05:10:00,0.03215,distillate,MW,nem,NSW1
2017-10-31 05:15:00,0.03215,distillate,MW,nem,NSW1
2017-10-31 05:20:00,0.03306,distillate,MW,nem,NSW1
2017-10-31 05:25:00,0.03306,distillate,MW,nem,NSW1
2017-10-31 05:30:00,0.03306,distillate,MW,nem,NSW1
2017-10-31 05:35:00,0.03306,distillate,MW,nem,NSW1
2017-10-31 05:40:00,0.03306,distillate,MW,nem,NSW1
2017-10-31 05:45:00,0.03306,distillate,MW,nem,NSW1
2017-10-31 05:50:00,0.03306,distillate,MW,nem,NSW1
2017-10-31 05:55:00,0.03306,distillate,MW,nem,NSW1
2017-10-31 06:00:00,0.03306,distillate,MW,nem,NSW1
2017-10-31 06:05:00,0.03117,distillate,MW,nem,NSW1
2017-10-31 06:10:00,0.03117,distillate,MW,nem,NSW1
2017-10-31 06:15:00,0.03117,distillate,MW,nem,NSW1
2017-10-31 06:20:00,0.03117,distillate,MW,nem,NSW1
2017-10-31 06:25:00,0.03117,distillate,MW,nem,NSW1
2017-10-31 06:30:00,0.03117,distillate,MW,nem,NSW1
2017-10-31 06:35:00,0.03117,distillate,MW,nem,NSW1
2017-10-31 06:40:00,0.03117,distillate,MW,nem,NSW1
2017-10-31 06:45:00,0.03117,distillate,MW,nem,NSW1
2017-10-31 06:50:00,0.03356,distillate,MW,nem,NSW1
2017-10-31 06:55:00,0.03356,distillate,MW,nem,NSW1
2017-10-31 07:00:00,0.03356,distillate,MW,nem,NSW1
2017-10-31 07:05:00,0.03356,distillate,MW,nem,NSW1
2017-10-31 07:10:00,0.03356,distillate,MW,nem,NSW1
2017-10-31 07:15:00,0.03356,distillate,MW,nem,NSW1
2017-10-31 07:20:00,0.03356,distillate,MW,nem,NSW1
2017-10-31 07:25:00,0.03356,distillate,MW,nem,NSW1
2017-10-31 07:30:00,0.03356,distillate,MW,nem,NSW1
2017-10-31 07:35:00,0.0341,distillate,MW,nem,NSW1
2017-10-31 07:40:00,0.0341,distillate,MW,nem,NSW1
2017-10-31 07:45:00,0.0341,distillate,MW,nem,NSW1
2017-10-31 07:50:00,0.0341,distillate,MW,nem,NSW1
2017-10-31 07:55:00,0.0341,distillate,MW,nem,NSW1
2017-10-31 08:00:00,0.0341,distillate,MW,nem,NSW1
2017-10-31 08:05:00,0.0341,distillate,MW,nem,NSW1
2017-10-31 08:10:00,0.0341,distillate,MW,nem,NSW1
2017-10-31 08:15:00,0.0341,distillate,MW,nem,NSW1
2017-10-31 08:20:00,0.03518,distillate,MW,nem,NSW1
2017-10-31 08:25:00,0.03518,distillate,MW,nem,NSW1
2017-10-31 08:30:00,0.03518,distillate,MW,nem,NSW1
2017-10-31 08:35:00,0.03518,distillate,MW,nem,NSW1
2017-10-31 08:40:00,0.03518,distillate,MW,nem,NSW1
2017-10-31 08:45:00,0.03518,distillate,MW,nem,NSW1
2017-10-31 08:50:00,0.03518,distillate,MW,nem,NSW1
2017-10-31 08:55:00,0.03518,distillate,MW,nem,NSW1
2017-10-31 09:00:00,0.03518,distillate,MW,nem,NSW1
2017-10-31 09:05:00,0.03691,distillate,MW,nem,NSW1
2017-10-31 09:10:00,0.03691,distillate,MW,nem,NSW1
2017-10-31 09:15:00,0.03691,distillate,MW,nem,NSW1
2017-10-31 09:20:00,0.03691,distillate,MW,nem,NSW1
2017-10-31 09:25:00,0.03691,distillate,MW,nem,NSW1
2017-10-31 09:30:00,0.03691,distillate,MW,nem,NSW1
2017-10-31 09:35:00,0.03691,distillate,MW,nem,NSW1
2017-10-31 09:40:00,0.03691,distillate,MW,nem,NSW1
2017-10-31 09:45:00,0.03691,distillate,MW,nem,NSW1
2017-10-31 09:50:00,0.04038,distillate,MW,nem,NSW1
2017-10-31 09:55:00,0.04038,distillate,MW,nem,NSW1
2017-10-31 10:00:00,0.04038,distillate,MW,nem,NSW1
2017-10-31 10:05:00,0.04038,distillate,MW,nem,NSW1
2017-10-31 10:10:00,0.04038,distillate,MW,nem,NSW1
2017-10-31 10:15:00,0.04038,distillate,MW,nem,NSW1
2017-10-31 10:20:00,0.04038,distillate,MW,nem,NSW1
2017-10-31 10:25:00,0.04038,distillate,MW,nem,NSW1
2017-10-31 10:30:00,0.04038,distillate,MW,nem,NSW1
2017-10-31 10:35:00,0.04433,distillate,MW,nem,NSW1
2017-10-31 10:40:00,0.04433,distillate,MW,nem,NSW1
2017-10-31 10:45:00,0.04433,distillate,MW,nem,NSW1
2017-10-31 10:50:00,0.04433,distillate,MW,nem,NSW1
2017-10-31 10:55:00,0.04433,distillate,MW,nem,NSW1
2017-10-31 11:00:00,0.04433,distillate,MW,nem,NSW1
2017-10-31 11:05:00,0.04433,distillate,MW,nem,NSW1
2017-10-31 11:10:00,0.04433,distillate,MW,nem,NSW1
2017-10-31 11:15:00,0.04433,distillate,MW,nem,NSW1
2017-10-31 11:20:00,0.04651,distillate,MW,nem,NSW1
2017-10-31 11:25:00,0.04651,distillate,MW,nem,NSW1
2017-10-31 11:30:00,0.04651,distillate,MW,nem,NSW1
2017-10-31 11:35:00,0.04651,distillate,MW,nem,NSW1
2017-10-31 11:40:00,0.04651,distillate,MW,nem,NSW1
2017-10-31 11:45:00,0.04651,distillate,MW,nem,NSW1
2017-10-31 11:50:00,0.04651,distillate,MW,nem,NSW1
2017-10-31 11:55:00,0.04651,distillate,MW,nem,NSW1
2017-10-31 12:00:00,0.04651,distillate,MW,nem,NSW1
2017-10-31 12:05:00,0.04505,distillate,MW,nem,NSW1
2017-10-31 12:10:00,0.04505,distillate,MW,nem,NSW1
2017-10-31 12:15:00,0.04505,distillate,MW,nem,NSW1
2017-10-31 12:20:00,0.04505,distillate,MW,nem,NSW1
2017-10-31 12:25:00,0.04505,distillate,MW,nem,NSW1
2017-10-31 12:30:00,0.04505,distillate,MW,nem,NSW1
2017-10-31 12:35:00,0.04505,distillate,MW,nem,NSW1
2017-10-31 12:40:00,0.04505,distillate,MW,nem,NSW1
2017-10-31 12:45:00,0.04505,distillate,MW,nem,NSW1
2017-10-31 12:50:00,0.04523,distillate,MW,nem,NSW1
2017-10-31 12:55:00,0.04523,distillate,MW,nem,NSW1
2017-10-31 13:00:00,0.04523,distillate,MW,nem,NSW1
2017-10-31 13:05:00,0.04523,distillate,MW,nem,NSW1
2017-10-31 13:10:00,0.04523,distillate,MW,nem,NSW1
2017-10-31 13:15:00,0.04523,distillate,MW,nem,NSW1
2017-10-31 13:20:00,0.04523,distillate,MW,nem,NSW1
2017-10-31 13:25:00,0.04523,distillate,MW,nem,NSW1
2017-10-31 13:30:00,0.04523,distillate,MW,nem,NSW1
2017-10-31 13:35:00,0.04194,distillate,MW,nem,NSW1
2017-10-31 13:40:00,0.04194,distillate,MW,nem,NSW1
2017-10-31 13:45:00,0.04194,distillate,MW,nem,NSW1
2017-10-31 13:50:00,0.04194,distillate,MW,nem,NSW1
2017-10-31 13:55:00,0.04194,distillate,MW,nem,NSW1
2017-10-31 14:00:00,0.04194,distillate,MW,nem,NSW1
2017-10-31 14:05:00,0.04194,distillate,MW,nem,NSW1
2017-10-31 14:10:00,0.04194,distillate,MW,nem,NSW1
2017-10-31 14:15:00,0.04194,distillate,MW,nem,NSW1
2017-10-31 14:20:00,0.04159,distillate,MW,nem,NSW1
2017-10-31 14:25:00,0.04159,distillate,MW,nem,NSW1
2017-10-31 14:30:00,0.04159,distillate,MW,nem,NSW1
2017-10-31 14:35:00,0.04159,distillate,MW,nem,NSW1
2017-10-31 14:40:00,0.04159,distillate,MW,nem,NSW1
2017-10-31 14:45:00,0.04159,distillate,MW,nem,NSW1
2017-10-31 14:50:00,0.04159,distillate,MW,nem,NSW1
2017-10-31 14:55:00,0.04159,distillate,MW,nem,NSW1
2017-10-31 15:00:00,0.04159,distillate,MW,nem,NSW1
2017-10-31 15:05:00,0.04136,distillate,MW,nem,NSW1
2017-10-31 15:10:00,0.04136,distillate,MW,nem,NSW1
2017-10-31 15:15:00,0.04136,distillate,MW,nem,NSW1
2017-10-31 15:20:00,0.04136,distillate,MW,nem,NSW1
2017-10-31 15:25:00,0.04136,distillate,MW,nem,NSW1
2017-10-31 15:30:00,0.04136,distillate,MW,nem,NSW1
2017-10-31 15:35:00,0.04136,distillate,MW,nem,NSW1
2017-10-31 15:40:00,0.04136,distillate,MW,nem,NSW1
2017-10-31 15:45:00,0.04136,distillate,MW,nem,NSW1
2017-10-31 15:50:00,0.04321,distillate,MW,nem,NSW1
2017-10-31 15:55:00,0.04321,distillate,MW,nem,NSW1
2017-10-31 16:00:00,0.04321,distillate,MW,nem,NSW1
2017-10-31 16:05:00,0.04321,distillate,MW,nem,NSW1
2017-10-31 16:10:00,0.04321,distillate,MW,nem,NSW1
2017-10-31 16:15:00,0.04321,distillate,MW,nem,NSW1
2017-10-31 16:20:00,0.04321,distillate,MW,nem,NSW1
2017-10-31 16:25:00,0.04321,distillate,MW,nem,NSW1
2017-10-31 16:30:00,0.04321,distillate,MW,nem,NSW1
2017-10-31 16:35:00,0.04366,distillate,MW,nem,NSW1
2017-10-31 16:40:00,0.04366,distillate,MW,nem,NSW1
2017-10-31 16:45:00,0.04366,distillate,MW,nem,NSW1
2017-10-31 16:50:00,0.04366,distillate,MW,nem,NSW1
2017-10-31 16:55:00,0.04366,distillate,MW,nem,NSW1
2017-10-31 17:00:00,0.04366,distillate,MW,nem,NSW1
2017-10-31 17:05:00,0.04366,distillate,MW,nem,NSW1
2017-10-31 17:10:00,0.04366,distillate,MW,nem,NSW1
2017-10-31 17:15:00,0.04366,distillate,MW,nem,NSW1
2017-10-31 17:20:00,0.04048,distillate,MW,nem,NSW1
2017-10-31 17:25:00,0.04048,distillate,MW,nem,NSW1
2017-10-31 17:30:00,0.04048,distillate,MW,nem,NSW1
2017-10-31 17:35:00,0.04048,distillate,MW,nem,NSW1
2017-10-31 17:40:00,0.04048,distillate,MW,nem,NSW1
2017-10-31 17:45:00,0.04048,distillate,MW,nem,NSW1
2017-10-31 17:50:00,0.04048,distillate,MW,nem,NSW1
2017-10-31 17:55:00,0.04048,distillate,MW,nem,NSW1
2017-10-31 18:00:00,0.04048,distillate,MW,nem,NSW1
2017-10-31 18:05:00,0.04089,distillate,MW,nem,NSW1
2017-10-31 18:10:00,0.04089,distillate,MW,nem,NSW1
2017-10-31 18:15:00,0.04089,distillate,MW,nem,NSW1
2017-10-31 18:20:00,0.04089,distillate,MW,nem,NSW1
2017-10-31 18:25:00,0.04089,distillate,MW,nem,NSW1
2017-10-31 18:30:00,0.04089,distillate,MW,nem,NSW1
2017-10-31 18:35:00,0.04089,distillate,MW,nem,NSW1
2017-10-31 18:40:00,0.04089,distillate,MW,nem,NSW1
2017-10-31 18:45:00,0.04089,distillate,MW,nem,NSW1
2017-10-31 18:50:00,0.04238,distillate,MW,nem,NSW1
2017-10-31 18:55:00,0.04238,distillate,MW,nem,NSW1
2017-10-31 19:00:00,0.04238,distillate,MW,nem,NSW1
2017-10-31 19:05:00,0.04238,distillate,MW,nem,NSW1
2017-10-31 19:10:00,0.04238,distillate,MW,nem,NSW1
2017-10-31 19:15:00,0.04238,distillate,MW,nem,NSW1
2017-10-31 19:20:00,0.04238,distillate,MW,nem,NSW1
2017-10-31 19:25:00,0.04238,distillate,MW,nem,NSW1
2017-10-31 19:30:00,0.04238,distillate,MW,nem,NSW1
2017-10-31 19:35:00,0.04155,distillate,MW,nem,NSW1
2017-10-31 19:40:00,0.04155,distillate,MW,nem,NSW1
2017-10-31 19:45:00,0.04155,distillate,MW,nem,NSW1
2017-10-31 19:50:00,0.04155,distillate,MW,nem,NSW1
2017-10-31 19:55:00,0.04155,distillate,MW,nem,NSW1
2017-10-31 20:00:00,0.04155,distillate,MW,nem,NSW1
2017-10-31 20:05:00,0.04155,distillate,MW,nem,NSW1
2017-10-31 20:10:00,0.04155,distillate,MW,nem,NSW1
2017-10-31 20:15:00,0.04155,distillate,MW,nem,NSW1
2017-10-31 20:20:00,0.04071,distillate,MW,nem,NSW1
2017-10-31 20:25:00,0.04071,distillate,MW,nem,NSW1
2017-10-31 20:30:00,0.04071,distillate,MW,nem,NSW1
2017-10-31 20:35:00,0.04071,distillate,MW,nem,NSW1
2017-10-31 20:40:00,0.04071,distillate,MW,nem,NSW1
2017-10-31 20:45:00,0.04071,distillate,MW,nem,NSW1
2017-10-31 20:50:00,0.04071,distillate,MW,nem,NSW1
2017-10-31 20:55:00,0.04071,distillate,MW,nem,NSW1
2017-10-31 21:00:00,0.04071,distillate,MW,nem,NSW1
2017-10-31 21:05:00,0.04234,distillate,MW,nem,NSW1
2017-10-31 21:10:00,0.04234,distillate,MW,nem,NSW1
2017-10-31 21:15:00,0.04234,distillate,MW,nem,NSW1
2017-10-31 21:20:00,0.04234,distillate,MW,nem,NSW1
2017-10-31 21:25:00,0.04234,distillate,MW,nem,NSW1
2017-10-31 21:30:00,0.04234,distillate,MW,nem,NSW1
2017-10-31 21:35:00,0.04234,distillate,MW,nem,NSW1
2017-10-31 21:40:00,0.04234,distillate,MW,nem,NSW1
2017-10-31 21:45:00,0.04234,distillate,MW,nem,NSW1
2017-10-31 21:50:00,0.04178,distillate,MW,nem,NSW1
2017-10-31 21:55:00,0.04178,distillate,MW,nem,NSW1
2017-10-31 22:00:00,0.04178,distillate,MW,nem,NSW1
2017-10-31 22:05:00,0.04178,distillate,MW,nem,NSW1
2017-10-31 22:10:00,0.04178,distillate,MW,nem,NSW1
2017-10-31 22:15:00,0.04178,distillate,MW,nem,NSW1
2017-10-31 22:20:00,0.04178,distillate,MW,nem,NSW1
2017-10-31 22:25:00,0.04178,distillate,MW,nem,NSW1
2017-10-31 22:30:00,0.04178,distillate,MW,nem,NSW1
2017-10-31 22:35:00,0.04204,distillate,MW,nem,NSW1
2017-10-31 22:40:00,0.04204,distillate,MW,nem,NSW1
2017-10-31 22:45:00,0.04204,distillate,MW,nem,NSW1
2017-10-31 22:50:00,0.04204,distillate,MW,nem,NSW1
2017-10-31 22:55:00,0.04204,distillate,MW,nem,NSW1
2017-10-31 23:00:00,0.04204,distillate,MW,nem,NSW1
2017-10-31 23:05:00,0.04204,distillate,MW,nem,NSW1
2017-10-31 23:10:00,0.04204,distillate,MW,nem,NSW1
2017-10-31 23:15:00,0.04204,distillate,MW,nem,NSW1
2017-10-31 23:20:00,0.04216,distillate,MW,nem,NSW1
2017-10-31 23:25:00,0.04216,distillate,MW,nem,NSW1
2017-10-31 23:30:00,0.04216,distillate,MW,nem,NSW1
2017-10-31 23:35:00,0.04216,distillate,MW,nem,NSW1
2017-10-31 23:40:00,0.04216,distillate,MW,nem,NSW1
2017-10-31 23:45:00,0.04216,distillate,MW,nem,NSW1
2017-10-31 23:50:00,0.04216,distillate,MW,nem,NSW1
2017-10-31 23:55:00,0.04216,distillate,MW,nem,NSW1
2017-10-01 00:00:00,257.8,wind,MW,nem,NSW1
2017-10-01 00:05:00,259.1,wind,MW,nem,NSW1
2017-10-01 00:10:00,239.3,wind,MW,nem,NSW1
2017-10-01 00:15:00,225.7,wind,MW,nem,NSW1
2017-10-01 00:20:00,212.2,wind,MW,nem,NSW1
2017-10-01 00:25:00,202.5,wind,MW,nem,NSW1
2017-10-01 00:30:00,212.6,wind,MW,nem,NSW1
2017-10-01 00:35:00,213.3,wind,MW,nem,NSW1
2017-10-01 00:40:00,205.8,wind,MW,nem,NSW1
2017-10-01 00:45:00,195.5,wind,MW,nem,NSW1
2017-10-01 00:50:00,197.1,wind,MW,nem,NSW1
2017-10-01 00:55:00,201.8,wind,MW,nem,NSW1
2017-10-01 01:00:00,209.4,wind,MW,nem,NSW1
2017-10-01 01:05:00,217.2,wind,MW,nem,NSW1
2017-10-01 01:10:00,222.4,wind,MW,nem,NSW1
2017-10-01 01:15:00,222.6,wind,MW,nem,NSW1
2017-10-01 01:20:00,225.4,wind,MW,nem,NSW1
2017-10-01 01:25:00,227.0,wind,MW,nem,NSW1
2017-10-01 01:30:00,223.9,wind,MW,nem,NSW1
2017-10-01 01:35:00,227.3,wind,MW,nem,NSW1
2017-10-01 01:40:00,227.3,wind,MW,nem,NSW1
2017-10-01 01:45:00,219.1,wind,MW,nem,NSW1
2017-10-01 01:50:00,214.2,wind,MW,nem,NSW1
2017-10-01 01:55:00,215.5,wind,MW,nem,NSW1
2017-10-01 02:00:00,223.4,wind,MW,nem,NSW1
2017-10-01 02:05:00,223.1,wind,MW,nem,NSW1
2017-10-01 02:10:00,217.1,wind,MW,nem,NSW1
2017-10-01 02:15:00,216.3,wind,MW,nem,NSW1
2017-10-01 02:20:00,219.5,wind,MW,nem,NSW1
2017-10-01 02:25:00,215.7,wind,MW,nem,NSW1
2017-10-01 02:30:00,233.0,wind,MW,nem,NSW1
2017-10-01 02:35:00,217.7,wind,MW,nem,NSW1
2017-10-01 02:40:00,201.0,wind,MW,nem,NSW1
2017-10-01 02:45:00,190.0,wind,MW,nem,NSW1
2017-10-01 02:50:00,193.1,wind,MW,nem,NSW1
2017-10-01 02:55:00,200.1,wind,MW,nem,NSW1
2017-10-01 03:00:00,209.4,wind,MW,nem,NSW1
2017-10-01 03:05:00,205.7,wind,MW,nem,NSW1
2017-10-01 03:10:00,214.2,wind,MW,nem,NSW1
2017-10-01 03:15:00,226.5,wind,MW,nem,NSW1
2017-10-01 03:20:00,232.2,wind,MW,nem,NSW1
2017-10-01 03:25:00,237.5,wind,MW,nem,NSW1
2017-10-01 03:30:00,247.3,wind,MW,nem,NSW1
2017-10-01 03:35:00,236.6,wind,MW,nem,NSW1
2017-10-01 03:40:00,233.9,wind,MW,nem,NSW1
2017-10-01 03:45:00,232.5,wind,MW,nem,NSW1
2017-10-01 03:50:00,233.1,wind,MW,nem,NSW1
2017-10-01 03:55:00,237.6,wind,MW,nem,NSW1
2017-10-01 04:00:00,249.7,wind,MW,nem,NSW1
2017-10-01 04:05:00,270.4,wind,MW,nem,NSW1
2017-10-01 04:10:00,273.2,wind,MW,nem,NSW1
2017-10-01 04:15:00,276.5,wind,MW,nem,NSW1
2017-10-01 04:20:00,256.3,wind,MW,nem,NSW1
2017-10-01 04:25:00,241.8,wind,MW,nem,NSW1
2017-10-01 04:30:00,236.5,wind,MW,nem,NSW1
2017-10-01 04:35:00,233.0,wind,MW,nem,NSW1
2017-10-01 04:40:00,225.3,wind,MW,nem,NSW1
2017-10-01 04:45:00,216.6,wind,MW,nem,NSW1
2017-10-01 04:50:00,209.7,wind,MW,nem,NSW1
2017-10-01 04:55:00,217.0,wind,MW,nem,NSW1
2017-10-01 05:00:00,239.9,wind,MW,nem,NSW1
2017-10-01 05:05:00,237.3,wind,MW,nem,NSW1
2017-10-01 05:10:00,260.1,wind,MW,nem,NSW1
2017-10-01 05:15:00,266.6,wind,MW,nem,NSW1
2017-10-01 05:20:00,279.6,wind,MW,nem,NSW1
2017-10-01 05:25:00,284.5,wind,MW,nem,NSW1
2017-10-01 05:30:00,292.6,wind,MW,nem,NSW1
2017-10-01 05:35:00,287.2,wind,MW,nem,NSW1
2017-10-01 05:40:00,269.1,wind,MW,nem,NSW1
2017-10-01 05:45:00,260.9,wind,MW,nem,NSW1
2017-10-01 05:50:00,255.8,wind,MW,nem,NSW1
2017-10-01 05:55:00,248.6,wind,MW,nem,NSW1
2017-10-01 06:00:00,247.5,wind,MW,nem,NSW1
2017-10-01 06:05:00,249.5,wind,MW,nem,NSW1
2017-10-01 06:10:00,240.9,wind,MW,nem,NSW1
2017-10-01 06:15:00,237.2,wind,MW,nem,NSW1
2017-10-01 06:20:00,238.3,wind,MW,nem,NSW1
2017-10-01 06:25:00,239.6,wind,MW,nem,NSW1
2017-10-01 06:30:00,241.3,wind,MW,nem,NSW1
2017-10-01 06:35:00,250.3,wind,MW,nem,NSW1
2017-10-01 06:40:00,250.1,wind,MW,nem,NSW1
2017-10-01 06:45:00,244.6,wind,MW,nem,NSW1
2017-10-01 06:50:00,242.8,wind,MW,nem,NSW1
2017-10-01 06:55:00,239.6,wind,MW,nem,NSW1
2017-10-01 07:00:00,241.0,wind,MW,nem,NSW1
2017-10-01 07:05:00,236.2,wind,MW,nem,NSW1
2017-10-01 07:10:00,231.8,wind,MW,nem,NSW1
2017-10-01 07:15:00,222.0,wind,MW,nem,NSW1
2017-10-01 07:20:00,199.9,wind,MW,nem,NSW1
2017-10-01 07:25:00,186.6,wind,MW,nem,NSW1
2017-10-01 07:30:00,181.4,wind,MW,nem,NSW1
2017-10-01 07:35:00,187.4,wind,MW,nem,NSW1
2017-10-01 07:40:00,196.3,wind,MW,nem,NSW1
2017-10-01 07:45:00,192.0,wind,MW,nem,NSW1
2017-10-01 07:50:00,188.1,wind,MW,nem,NSW1
2017-10-01 07:55:00,200.4,wind,MW,nem,NSW1
2017-10-01 08:00:00,202.8,wind,MW,nem,NSW1
2017-10-01 08:05:00,196.6,wind,MW,nem,NSW1
2017-10-01 08:10:00,208.4,wind,MW,nem,NSW1
2017-10-01 08:15:00,226.4,wind,MW,nem,NSW1
2017-10-01 08:20:00,229.3,wind,MW,nem,NSW1
2017-10-01 08:25:00,234.8,wind,MW,nem,NSW1
2017-10-01 08:30:00,241.1,wind,MW,nem,NSW1
2017-10-01 08:35:00,241.5,wind,MW,nem,NSW1
2017-10-01 08:40:00,247.5,wind,MW,nem,NSW1
2017-10-01 08:45:00,236.7,wind,MW,nem,NSW1
2017-10-01 08:50:00,242.7,wind,MW,nem,NSW1
2017-10-01 08:55:00,249.5,wind,MW,nem,NSW1
2017-10-01 09:00:00,254.2,wind,MW,nem,NSW1
2017-10-01 09:05:00,235.0,wind,MW,nem,NSW1
2017-10-01 09:10:00,237.7,wind,MW,nem,NSW1
2017-10-01 09:15:00,234.4,wind,MW,nem,NSW1
2017-10-01 09:20:00,241.6,wind,MW,nem,NSW1
2017-10-01 09:25:00,231.9,wind,MW,nem,NSW1
2017-10-01 09:30:00,221.6,wind,MW,nem,NSW1
2017-10-01 09:35:00,222.7,wind,MW,nem,NSW1
2017-10-01 09:40:00,224.9,wind,MW,nem,NSW1
2017-10-01 09:45:00,221.0,wind,MW,nem,NSW1
2017-10-01 09:50:00,220.9,wind,MW,nem,NSW1
2017-10-01 09:55:00,224.0,wind,MW,nem,NSW1
2017-10-01 10:00:00,229.4,wind,MW,nem,NSW1
2017-10-01 10:05:00,235.9,wind,MW,nem,NSW1
2017-10-01 10:10:00,245.2,wind,MW,nem,NSW1
2017-10-01 10:15:00,245.5,wind,MW,nem,NSW1
2017-10-01 10:20:00,257.3,wind,MW,nem,NSW1
2017-10-01 10:25:00,256.3,wind,MW,nem,NSW1
2017-10-01 10:30:00,265.6,wind,MW,nem,NSW1
2017-10-01 10:35:00,272.7,wind,MW,nem,NSW1
2017-10-01 10:40:00,294.6,wind,MW,nem,NSW1
2017-10-01 10:45:00,295.2,wind,MW,nem,NSW1
2017-10-01 10:50:00,290.6,wind,MW,nem,NSW1
2017-10-01 10:55:00,303.2,wind,MW,nem,NSW1
2017-10-01 11:00:00,286.7,wind,MW,nem,NSW1
2017-10-01 11:05:00,288.9,wind,MW,nem,NSW1
2017-10-01 11:10:00,289.8,wind,MW,nem,NSW1
2017-10-01 11:15:00,292.0,wind,MW,nem,NSW1
2017-10-01 11:20:00,295.8,wind,MW,nem,NSW1
2017-10-01 11:25:00,292.4,wind,MW,nem,NSW1
2017-10-01 11:30:00,302.5,wind,MW,nem,NSW1
2017-10-01 11:35:00,298.0,wind,MW,nem,NSW1
2017-10-01 11:40:00,300.9,wind,MW,nem,NSW1
2017-10-01 11:45:00,301.8,wind,MW,nem,NSW1
2017-10-01 11:50:00,286.8,wind,MW,nem,NSW1
2017-10-01 11:55:00,285.8,wind,MW,nem,NSW1
2017-10-01 12:00:00,292.0,wind,MW,nem,NSW1
2017-10-01 12:05:00,294.8,wind,MW,nem,NSW1
2017-10-01 12:10:00,298.7,wind,MW,nem,NSW1
2017-10-01 12:15:00,295.4,wind,MW,nem,NSW1
2017-10-01 12:20:00,292.6,wind,MW,nem,NSW1
2017-10-01 12:25:00,288.3,wind,MW,nem,NSW1
2017-10-01 12:30:00,289.1,wind,MW,nem,NSW1
2017-10-01 12:35:00,290.5,wind,MW,nem,NSW1
2017-10-01 12:40:00,308.2,wind,MW,nem,NSW1
2017-10-01 12:45:00,302.1,wind,MW,nem,NSW1
2017-10-01 12:50:00,307.8,wind,MW,nem,NSW1
2017-10-01 12:55:00,321.6,wind,MW,nem,NSW1
2017-10-01 13:00:00,318.0,wind,MW,nem,NSW1
2017-10-01 13:05:00,333.7,wind,MW,nem,NSW1
2017-10-01 13:10:00,336.8,wind,MW,nem,NSW1
2017-10-01 13:15:00,333.9,wind,MW,nem,NSW1
2017-10-01 13:20:00,332.2,wind,MW,nem,NSW1
2017-10-01 13:25:00,330.9,wind,MW,nem,NSW1
2017-10-01 13:30:00,333.8,wind,MW,nem,NSW1
2017-10-01 13:35:00,335.2,wind,MW,nem,NSW1
2017-10-01 13:40:00,321.0,wind,MW,nem,NSW1
2017-10-01 13:45:00,329.8,wind,MW,nem,NSW1
2017-10-01 13:50:00,326.3,wind,MW,nem,NSW1
2017-10-01 13:55:00,318.3,wind,MW,nem,NSW1
2017-10-01 14:00:00,305.1,wind,MW,nem,NSW1
2017-10-01 14:05:00,306.4,wind,MW,nem,NSW1
2017-10-01 14:10:00,305.5,wind,MW,nem,NSW1
2017-10-01 14:15:00,308.9,wind,MW,nem,NSW1
2017-10-01 14:20:00,309.1,wind,MW,nem,NSW1
2017-10-01 14:25:00,311.1,wind,MW,nem,NSW1
2017-10-01 14:30:00,308.4,wind,MW,nem,NSW1
2017-10-01 14:35:00,304.3,wind,MW,nem,NSW1
2017-10-01 14:40:00,286.0,wind,MW,nem,NSW1
2017-10-01 14:45:00,301.8,wind,MW,nem,NSW1
2017-10-01 14:50:00,307.2,wind,MW,nem,NSW1
2017-10-01 14:55:00,304.2,wind,MW,nem,NSW1
2017-10-01 15:00:00,295.9,wind,MW,nem,NSW1
2017-10-01 15:05:00,294.7,wind,MW,nem,NSW1
2017-10-01 15:10:00,284.0,wind,MW,nem,NSW1
2017-10-01 15:15:00,289.6,wind,MW,nem,NSW1
2017-10-01 15:20:00,293.1,wind,MW,nem,NSW1
2017-10-01 15:25:00,301.6,wind,MW,nem,NSW1
2017-10-01 15:30:00,303.5,wind,MW,nem,NSW1
2017-10-01 15:35:00,278.2,wind,MW,nem,NSW1
2017-10-01 15:40:00,284.0,wind,MW,nem,NSW1
2017-10-01 15:45:00,295.3,wind,MW,nem,NSW1
2017-10-01 15:50:00,292.2,wind,MW,nem,NSW1
2017-10-01 15:55:00,281.3,wind,MW,nem,NSW1
2017-10-01 16:00:00,278.8,wind,MW,nem,NSW1
2017-10-01 16:05:00,270.2,wind,MW,nem,NSW1
2017-10-01 16:10:00,273.6,wind,MW,nem,NSW1
2017-10-01 16:15:00,267.4,wind,MW,nem,NSW1
2017-10-01 16:20:00,270.6,wind,MW,nem,NSW1
2017-10-01 16:25:00,273.5,wind,MW,nem,NSW1
2017-10-01 16:30:00,272.6,wind,MW,nem,NSW1
2017-10-01 16:35:00,273.1,wind,MW,nem,NSW1
2017-10-01 16:40:00,266.1,wind,MW,nem,NSW1
2017-10-01 16:45:00,262.3,wind,MW,nem,NSW1
2017-10-01 16:50:00,260.5,wind,MW,nem,NSW1
2017-10-01 16:55:00,261.7,wind,MW,nem,NSW1
2017-10-01 17:00:00,265.5,wind,MW,nem,NSW1
2017-10-01 17:05:00,251.8,wind,MW,nem,NSW1
2017-10-01 17:10:00,255.3,wind,MW,nem,NSW1
2017-10-01 17:15:00,249.7,wind,MW,nem,NSW1
2017-10-01 17:20:00,243.3,wind,MW,nem,NSW1
2017-10-01 17:25:00,232.5,wind,MW,nem,NSW1
2017-10-01 17:30:00,221.5,wind,MW,nem,NSW1
2017-10-01 17:35:00,220.5,wind,MW,nem,NSW1
2017-10-01 17:40:00,224.1,wind,MW,nem,NSW1
2017-10-01 17:45:00,213.4,wind,MW,nem,NSW1
2017-10-01 17:50:00,212.0,wind,MW,nem,NSW1
2017-10-01 17:55:00,215.9,wind,MW,nem,NSW1
2017-10-01 18:00:00,214.4,wind,MW,nem,NSW1
2017-10-01 18:05:00,214.8,wind,MW,nem,NSW1
2017-10-01 18:10:00,217.1,wind,MW,nem,NSW1
2017-10-01 18:15:00,234.4,wind,MW,nem,NSW1
2017-10-01 18:20:00,241.6,wind,MW,nem,NSW1
2017-10-01 18:25:00,239.1,wind,MW,nem,NSW1
2017-10-01 18:30:00,239.0,wind,MW,nem,NSW1
2017-10-01 18:35:00,240.8,wind,MW,nem,NSW1
2017-10-01 18:40:00,231.3,wind,MW,nem,NSW1
2017-10-01 18:45:00,224.4,wind,MW,nem,NSW1
2017-10-01 18:50:00,220.1,wind,MW,nem,NSW1
2017-10-01 18:55:00,214.2,wind,MW,nem,NSW1
2017-10-01 19:00:00,206.2,wind,MW,nem,NSW1
2017-10-01 19:05:00,203.4,wind,MW,nem,NSW1
2017-10-01 19:10:00,208.5,wind,MW,nem,NSW1
2017-10-01 19:15:00,210.1,wind,MW,nem,NSW1
2017-10-01 19:20:00,214.1,wind,MW,nem,NSW1
2017-10-01 19:25:00,232.5,wind,MW,nem,NSW1
2017-10-01 19:30:00,236.9,wind,MW,nem,NSW1
2017-10-01 19:35:00,246.7,wind,MW,nem,NSW1
2017-10-01 19:40:00,247.4,wind,MW,nem,NSW1
2017-10-01 19:45:00,254.3,wind,MW,nem,NSW1
2017-10-01 19:50:00,261.1,wind,MW,nem,NSW1
2017-10-01 19:55:00,263.7,wind,MW,nem,NSW1
2017-10-01 20:00:00,257.0,wind,MW,nem,NSW1
2017-10-01 20:05:00,259.0,wind,MW,nem,NSW1
2017-10-01 20:10:00,245.1,wind,MW,nem,NSW1
2017-10-01 20:15:00,227.7,wind,MW,nem,NSW1
2017-10-01 20:20:00,231.0,wind,MW,nem,NSW1
2017-10-01 20:25:00,232.4,wind,MW,nem,NSW1
2017-10-01 20:30:00,230.4,wind,MW,nem,NSW1
2017-10-01 20:35:00,235.1,wind,MW,nem,NSW1
2017-10-01 20:40:00,224.8,wind,MW,nem,NSW1
2017-10-01 20:45:00,218.9,wind,MW,nem,NSW1
2017-10-01 20:50:00,214.1,wind,MW,nem,NSW1
2017-10-01 20:55:00,206.9,wind,MW,nem,NSW1
2017-10-01 21:00:00,211.4,wind,MW,nem,NSW1
2017-10-01 21:05:00,211.4,wind,MW,nem,NSW1
2017-10-01 21:10:00,207.1,wind,MW,nem,NSW1
2017-10-01 21:15:00,205.8,wind,MW,nem,NSW1
2017-10-01 21:20:00,200.9,wind,MW,nem,NSW1
2017-10-01 21:25:00,199.6,wind,MW,nem,NSW1
2017-10-01 21:30:00,188.3,wind,MW,nem,NSW1
2017-10-01 21:35:00,185.0,wind,MW,nem,NSW1
2017-10-01 21:40:00,179.7,wind,MW,nem,NSW1
2017-10-01 21:45:00,171.4,wind,MW,nem,NSW1
2017-10-01 21:50:00,163.5,wind,MW,nem,NSW1
2017-10-01 21:55:00,161.0,wind,MW,nem,NSW1
2017-10-01 22:00:00,145.7,wind,MW,nem,NSW1
2017-10-01 22:05:00,134.9,wind,MW,nem,NSW1
2017-10-01 22:10:00,123.5,wind,MW,nem,NSW1
2017-10-01 22:15:00,112.7,wind,MW,nem,NSW1
2017-10-01 22:20:00,110.0,wind,MW,nem,NSW1
2017-10-01 22:25:00,103.0,wind,MW,nem,NSW1
2017-10-01 22:30:00,96.4,wind,MW,nem,NSW1
2017-10-01 22:35:00,96.17,wind,MW,nem,NSW1
2017-10-01 22:40:00,88.63,wind,MW,nem,NSW1
2017-10-01 22:45:00,82.57,wind,MW,nem,NSW1
2017-10-01 22:50:00,79.3,wind,MW,nem,NSW1
2017-10-01 22:55:00,72.41,wind,MW,nem,NSW1
2017-10-01 23:00:00,67.42,wind,MW,nem,NSW1
2017-10-01 23:05:00,63.47,wind,MW,nem,NSW1
2017-10-01 23:10:00,60.91,wind,MW,nem,NSW1
2017-10-01 23:15:00,60.93,wind,MW,nem,NSW1
2017-10-01 23:20:00,56.87,wind,MW,nem,NSW1
2017-10-01 23:25:00,56.12,wind,MW,nem,NSW1
2017-10-01 23:30:00,50.78,wind,MW,nem,NSW1
2017-10-01 23:35:00,49.57,wind,MW,nem,NSW1
2017-10-01 23:40:00,48.28,wind,MW,nem,NSW1
2017-10-01 23:45:00,49.23,wind,MW,nem,NSW1
2017-10-01 23:50:00,48.6,wind,MW,nem,NSW1
2017-10-01 23:55:00,47.15,wind,MW,nem,NSW1
2017-10-02 00:00:00,46.11,wind,MW,nem,NSW1
2017-10-02 00:05:00,42.55,wind,MW,nem,NSW1
2017-10-02 00:10:00,46.82,wind,MW,nem,NSW1
2017-10-02 00:15:00,43.5,wind,MW,nem,NSW1
2017-10-02 00:20:00,47.78,wind,MW,nem,NSW1
2017-10-02 00:25:00,53.71,wind,MW,nem,NSW1
2017-10-02 00:30:00,49.45,wind,MW,nem,NSW1
2017-10-02 00:35:00,48.57,wind,MW,nem,NSW1
2017-10-02 00:40:00,47.84,wind,MW,nem,NSW1
2017-10-02 00:45:00,44.33,wind,MW,nem,NSW1
2017-10-02 00:50:00,45.89,wind,MW,nem,NSW1
2017-10-02 00:55:00,42.95,wind,MW,nem,NSW1
2017-10-02 01:00:00,45.05,wind,MW,nem,NSW1
2017-10-02 01:05:00,40.2,wind,MW,nem,NSW1
2017-10-02 01:10:00,39.21,wind,MW,nem,NSW1
2017-10-02 01:15:00,40.04,wind,MW,nem,NSW1
2017-10-02 01:20:00,36.77,wind,MW,nem,NSW1
2017-10-02 01:25:00,43.83,wind,MW,nem,NSW1
2017-10-02 01:30:00,40.25,wind,MW,nem,NSW1
2017-10-02 01:35:00,36.06,wind,MW,nem,NSW1
2017-10-02 01:40:00,39.51,wind,MW,nem,NSW1
2017-10-02 01:45:00,36.16,wind,MW,nem,NSW1
2017-10-02 01:50:00,38.57,wind,MW,nem,NSW1
2017-10-02 01:55:00,37.53,wind,MW,nem,NSW1
2017-10-02 02:00:00,41.77,wind,MW,nem,NSW1
2017-10-02 02:05:00,39.91,wind,MW,nem,NSW1
2017-10-02 02:10:00,37.54,wind,MW,nem,NSW1
2017-10-02 02:15:00,36.88,wind,MW,nem,NSW1
2017-10-02 02:20:00,30.22,wind,MW,nem,NSW1
2017-10-02 02:25:00,30.48,wind,MW,nem,NSW1
2017-10-02 02:30:00,30.18,wind,MW,nem,NSW1
2017-10-02 02:35:00,26.65,wind,MW,nem,NSW1
2017-10-02 02:40:00,25.85,wind,MW,nem,NSW1
2017-10-02 02:45:00,24.44,wind,MW,nem,NSW1
2017-10-02 02:50:00,22.19,wind,MW,nem,NSW1
2017-10-02 02:55:00,20.27,wind,MW,nem,NSW1
2017-10-02 03:00:00,22.44,wind,MW,nem,NSW1
2017-10-02 03:05:00,21.21,wind,MW,nem,NSW1
2017-10-02 03:10:00,22.34,wind,MW,nem,NSW1
2017-10-02 03:15:00,20.47,wind,MW,nem,NSW1
2017-10-02 03:20:00,16.32,wind,MW,nem,NSW1
2017-10-02 03:25:00,21.62,wind,MW,nem,NSW1
2017-10-02 03:30:00,30.28,wind,MW,nem,NSW1
2017-10-02 03:35:00,32.85,wind,MW,nem,NSW1
2017-10-02 03:40:00,36.82,wind,MW,nem,NSW1
2017-10-02 03:45:00,39.12,wind,MW,nem,NSW1
2017-10-02 03:50:00,40.41,wind,MW,nem,NSW1
2017-10-02 03:55:00,39.7,wind,MW,nem,NSW1
2017-10-02 04:00:00,43.02,wind,MW,nem,NSW1
2017-10-02 04:05:00,41.48,wind,MW,nem,NSW1
2017-10-02 04:10:00,40.38,wind,MW,nem,NSW1
2017-10-02 04:15:00,39.67,wind,MW,nem,NSW1
2017-10-02 04:20:00,40.65,wind,MW,nem,NSW1
2017-10-02 04:25:00,47.02,wind,MW,nem,NSW1
2017-10-02 04:30:00,45.93,wind,MW,nem,NSW1
2017-10-02 04:35:00,46.84,wind,MW,nem,NSW1
2017-10-02 04:40:00,45.69,wind,MW,nem,NSW1
2017-10-02 04:45:00,42.07,wind,MW,nem,NSW1
2017-10-02 04:50:00,43.14,wind,MW,nem,NSW1
2017-10-02 04:55:00,43.01,wind,MW,nem,NSW1
2017-10-02 05:00:00,39.31,wind,MW,nem,NSW1
2017-10-02 05:05:00,39.92,wind,MW,nem,NSW1
2017-10-02 05:10:00,41.77,wind,MW,nem,NSW1
2017-10-02 05:15:00,41.69,wind,MW,nem,NSW1
2017-10-02 05:20:00,42.44,wind,MW,nem,NSW1
2017-10-02 05:25:00,41.91,wind,MW,nem,NSW1
2017-10-02 05:30:00,42.5,wind,MW,nem,NSW1
2017-10-02 05:35:00,40.19,wind,MW,nem,NSW1
2017-10-02 05:40:00,40.15,wind,MW,nem,NSW1
2017-10-02 05:45:00,39.26,wind,MW,nem,NSW1
2017-10-02 05:50:00,39.29,wind,MW,nem,NSW1
2017-10-02 05:55:00,33.28,wind,MW,nem,NSW1
2017-10-02 06:00:00,34.38,wind,MW,nem,NSW1
2017-10-02 06:05:00,32.64,wind,MW,nem,NSW1
2017-10-02 06:10:00,28.79,wind,MW,nem,NSW1
2017-10-02 06:15:00,25.51,wind,MW,nem,NSW1
2017-10-02 06:20:00,28.56,wind,MW,nem,NSW1
2017-10-02 06:25:00,33.53,wind,MW,nem,NSW1
2017-10-02 06:30:00,35.5,wind,MW,nem,NSW1
2017-10-02 06:35:00,34.27,wind,MW,nem,NSW1
2017-10-02 06:40:00,34.35,wind,MW,nem,NSW1
2017-10-02 06:45:00,32.32,wind,MW,nem,NSW1
2017-10-02 06:50:00,35.37,wind,MW,nem,NSW1
2017-10-02 06:55:00,35.67,wind,MW,nem,NSW1
2017-10-02 07:00:00,36.12,wind,MW,nem,NSW1
2017-10-02 07:05:00,37.67,wind,MW,nem,NSW1
2017-10-02 07:10:00,33.43,wind,MW,nem,NSW1
2017-10-02 07:15:00,32.99,wind,MW,nem,NSW1
2017-10-02 07:20:00,30.0,wind,MW,nem,NSW1
2017-10-02 07:25:00,29.25,wind,MW,nem,NSW1
2017-10-02 07:30:00,28.98,wind,MW,nem,NSW1
2017-10-02 07:35:00,35.83,wind,MW,nem,NSW1
2017-10-02 07:40:00,38.99,wind,MW,nem,NSW1
2017-10-02 07:45:00,35.71,wind,MW,nem,NSW1
2017-10-02 07:50:00,31.3,wind,MW,nem,NSW1
2017-10-02 07:55:00,27.93,wind,MW,nem,NSW1
2017-10-02 08:00:00,25.07,wind,MW,nem,NSW1
2017-10-02 08:05:00,28.15,wind,MW,nem,NSW1
2017-10-02 08:10:00,29.1,wind,MW,nem,NSW1
2017-10-02 08:15:00,34.72,wind,MW,nem,NSW1
2017-10-02 08:20:00,32.94,wind,MW,nem,NSW1
2017-10-02 08:25:00,46.26,wind,MW,nem,NSW1
2017-10-02 08:30:00,49.21,wind,MW,nem,NSW1
2017-10-02 08:35:00,50.74,wind,MW,nem,NSW1
2017-10-02 08:40:00,50.33,wind,MW,nem,NSW1
2017-10-02 08:45:00,53.27,wind,MW,nem,NSW1
2017-10-02 08:50:00,55.42,wind,MW,nem,NSW1
2017-10-02 08:55:00,58.67,wind,MW,nem,NSW1
2017-10-02 09:00:00,56.82,wind,MW,nem,NSW1
2017-10-02 09:05:00,56.91,wind,MW,nem,NSW1
2017-10-02 09:10:00,58.77,wind,MW,nem,NSW1
2017-10-02 09:15:00,59.99,wind,MW,nem,NSW1
2017-10-02 09:20:00,64.52,wind,MW,nem,NSW1
2017-10-02 09:25:00,72.04,wind,MW,nem,NSW1
2017-10-02 09:30:00,68.09,wind,MW,nem,NSW1
2017-10-02 09:35:00,69.9,wind,MW,nem,NSW1
2017-10-02 09:40:00,73.26,wind,MW,nem,NSW1
2017-10-02 09:45:00,76.43,wind,MW,nem,NSW1
2017-10-02 09:50:00,78.79,wind,MW,nem,NSW1
2017-10-02 09:55:00,88.4,wind,MW,nem,NSW1
2017-10-02 10:00:00,93.1,wind,MW,nem,NSW1
2017-10-02 10:05:00,92.79,wind,MW,nem,NSW1
2017-10-02 10:10:00,91.64,wind,MW,nem,NSW1
2017-10-02 10:15:00,86.46,wind,MW,nem,NSW1
2017-10-02 10:20:00,89.46,wind,MW,nem,NSW1
2017-10-02 10:25:00,88.81,wind,MW,nem,NSW1
2017-10-02 10:30:00,86.65,wind,MW,nem,NSW1
2017-10-02 10:35:00,85.1,wind,MW,nem,NSW1
2017-10-02 10:40:00,84.4,wind,MW,nem,NSW1
2017-10-02 10:45:00,78.73,wind,MW,nem,NSW1
2017-10-02 10:50:00,84.29,wind,MW,nem,NSW1
2017-10-02 10:55:00,84.11,wind,MW,nem,NSW1
2017-10-02 11:00:00,81.76,wind,MW,nem,NSW1
2017-10-02 11:05:00,83.49,wind,MW,nem,NSW1
2017-10-02 11:10:00,81.38,wind,MW,nem,NSW1
2017-10-02 11:15:00,68.52,wind,MW,nem,NSW1
2017-10-02 11:20:00,57.95,wind,MW,nem,NSW1
2017-10-02 11:25:00,58.3,wind,MW,nem,NSW1
2017-10-02 11:30:00,48.15,wind,MW,nem,NSW1
2017-10-02 11:35:00,56.16,wind,MW,nem,NSW1
2017-10-02 11:40:00,48.32,wind,MW,nem,NSW1
2017-10-02 11:45:00,40.71,wind,MW,nem,NSW1
2017-10-02 11:50:00,43.86,wind,MW,nem,NSW1
2017-10-02 11:55:00,43.86,wind,MW,nem,NSW1
2017-10-02 12:00:00,46.96,wind,MW,nem,NSW1
2017-10-02 12:05:00,47.56,wind,MW,nem,NSW1
2017-10-02 12:10:00,49.61,wind,MW,nem,NSW1
2017-10-02 12:15:00,50.15,wind,MW,nem,NSW1
2017-10-02 12:20:00,45.43,wind,MW,nem,NSW1
2017-10-02 12:25:00,37.93,wind,MW,nem,NSW1
2017-10-02 12:30:00,40.95,wind,MW,nem,NSW1
2017-10-02 12:35:00,37.67,wind,MW,nem,NSW1
2017-10-02 12:40:00,40.49,wind,MW,nem,NSW1
2017-10-02 12:45:00,36.56,wind,MW,nem,NSW1
2017-10-02 12:50:00,32.94,wind,MW,nem,NSW1
2017-10-02 12:55:00,28.05,wind,MW,nem,NSW1
2017-10-02 13:00:00,30.47,wind,MW,nem,NSW1
2017-10-02 13:05:00,26.29,wind,MW,nem,NSW1
2017-10-02 13:10:00,26.69,wind,MW,nem,NSW1
2017-10-02 13:15:00,25.82,wind,MW,nem,NSW1
2017-10-02 13:20:00,24.46,wind,MW,nem,NSW1
2017-10-02 13:25:00,32.77,wind,MW,nem,NSW1
2017-10-02 13:30:00,24.85,wind,MW,nem,NSW1
2017-10-02 13:35:00,25.71,wind,MW,nem,NSW1
2017-10-02 13:40:00,24.15,wind,MW,nem,NSW1
2017-10-02 13:45:00,27.12,wind,MW,nem,NSW1
2017-10-02 13:50:00,30.62,wind,MW,nem,NSW1
2017-10-02 13:55:00,29.24,wind,MW,nem,NSW1
2017-10-02 14:00:00,33.18,wind,MW,nem,NSW1
2017-10-02 14:05:00,31.59,wind,MW,nem,NSW1
2017-10-02 14:10:00,30.96,wind,MW,nem,NSW1
2017-10-02 14:15:00,30.74,wind,MW,nem,NSW1
2017-10-02 14:20:00,39.9,wind,MW,nem,NSW1
2017-10-02 14:25:00,39.6,wind,MW,nem,NSW1
2017-10-02 14:30:00,39.38,wind,MW,nem,NSW1
2017-10-02 14:35:00,35.66,wind,MW,nem,NSW1
2017-10-02 14:40:00,36.34,wind,MW,nem,NSW1
2017-10-02 14:45:00,29.98,wind,MW,nem,NSW1
2017-10-02 14:50:00,29.77,wind,MW,nem,NSW1
2017-10-02 14:55:00,27.4,wind,MW,nem,NSW1
2017-10-02 15:00:00,31.69,wind,MW,nem,NSW1
2017-10-02 15:05:00,31.57,wind,MW,nem,NSW1
2017-10-02 15:10:00,36.63,wind,MW,nem,NSW1
2017-10-02 15:15:00,40.6,wind,MW,nem,NSW1
2017-10-02 15:20:00,42.47,wind,MW,nem,NSW1
2017-10-02 15:25:00,50.89,wind,MW,nem,NSW1
2017-10-02 15:30:00,53.47,wind,MW,nem,NSW1
2017-10-02 15:35:00,61.8,wind,MW,nem,NSW1
2017-10-02 15:40:00,76.01,wind,MW,nem,NSW1
2017-10-02 15:45:00,87.18,wind,MW,nem,NSW1
2017-10-02 15:50:00,104.1,wind,MW,nem,NSW1
2017-10-02 15:55:00,104.8,wind,MW,nem,NSW1
2017-10-02 16:00:00,102.2,wind,MW,nem,NSW1
2017-10-02 16:05:00,92.84,wind,MW,nem,NSW1
2017-10-02 16:10:00,83.82,wind,MW,nem,NSW1
2017-10-02 16:15:00,76.61,wind,MW,nem,NSW1
2017-10-02 16:20:00,79.5,wind,MW,nem,NSW1
2017-10-02 16:25:00,78.44,wind,MW,nem,NSW1
2017-10-02 16:30:00,86.27,wind,MW,nem,NSW1
2017-10-02 16:35:00,91.06,wind,MW,nem,NSW1
2017-10-02 16:40:00,104.7,wind,MW,nem,NSW1
2017-10-02 16:45:00,106.5,wind,MW,nem,NSW1
2017-10-02 16:50:00,105.0,wind,MW,nem,NSW1
2017-10-02 16:55:00,106.5,wind,MW,nem,NSW1
2017-10-02 17:00:00,95.79,wind,MW,nem,NSW1
2017-10-02 17:05:00,97.94,wind,MW,nem,NSW1
2017-10-02 17:10:00,95.77,wind,MW,nem,NSW1
2017-10-02 17:15:00,99.43,wind,MW,nem,NSW1
2017-10-02 17:20:00,99.27,wind,MW,nem,NSW1
2017-10-02 17:25:00,106.8,wind,MW,nem,NSW1
2017-10-02 17:30:00,104.4,wind,MW,nem,NSW1
2017-10-02 17:35:00,114.5,wind,MW,nem,NSW1
2017-10-02 17:40:00,117.7,wind,MW,nem,NSW1
2017-10-02 17:45:00,108.4,wind,MW,nem,NSW1
2017-10-02 17:50:00,116.0,wind,MW,nem,NSW1
2017-10-02 17:55:00,107.5,wind,MW,nem,NSW1
2017-10-02 18:00:00,102.5,wind,MW,nem,NSW1
2017-10-02 18:05:00,104.7,wind,MW,nem,NSW1
2017-10-02 18:10:00,106.6,wind,MW,nem,NSW1
2017-10-02 18:15:00,111.8,wind,MW,nem,NSW1
2017-10-02 18:20:00,122.9,wind,MW,nem,NSW1
2017-10-02 18:25:00,111.5,wind,MW,nem,NSW1
2017-10-02 18:30:00,104.9,wind,MW,nem,NSW1
2017-10-02 18:35:00,131.3,wind,MW,nem,NSW1
2017-10-02 18:40:00,132.8,wind,MW,nem,NSW1
2017-10-02 18:45:00,133.2,wind,MW,nem,NSW1
2017-10-02 18:50:00,134.8,wind,MW,nem,NSW1
2017-10-02 18:55:00,137.0,wind,MW,nem,NSW1
2017-10-02 19:00:00,136.7,wind,MW,nem,NSW1
2017-10-02 19:05:00,146.1,wind,MW,nem,NSW1
2017-10-02 19:10:00,150.2,wind,MW,nem,NSW1
2017-10-02 19:15:00,147.6,wind,MW,nem,NSW1
2017-10-02 19:20:00,153.3,wind,MW,nem,NSW1
2017-10-02 19:25:00,151.1,wind,MW,nem,NSW1
2017-10-02 19:30:00,159.9,wind,MW,nem,NSW1
2017-10-02 19:35:00,159.3,wind,MW,nem,NSW1
2017-10-02 19:40:00,158.1,wind,MW,nem,NSW1
2017-10-02 19:45:00,142.3,wind,MW,nem,NSW1
2017-10-02 19:50:00,147.6,wind,MW,nem,NSW1
2017-10-02 19:55:00,143.6,wind,MW,nem,NSW1
2017-10-02 20:00:00,140.7,wind,MW,nem,NSW1
2017-10-02 20:05:00,134.3,wind,MW,nem,NSW1
2017-10-02 20:10:00,133.4,wind,MW,nem,NSW1
2017-10-02 20:15:00,139.9,wind,MW,nem,NSW1
2017-10-02 20:20:00,137.4,wind,MW,nem,NSW1
2017-10-02 20:25:00,135.5,wind,MW,nem,NSW1
2017-10-02 20:30:00,131.9,wind,MW,nem,NSW1
2017-10-02 20:35:00,129.5,wind,MW,nem,NSW1
2017-10-02 20:40:00,123.5,wind,MW,nem,NSW1
2017-10-02 20:45:00,127.1,wind,MW,nem,NSW1
2017-10-02 20:50:00,123.1,wind,MW,nem,NSW1
2017-10-02 20:55:00,120.6,wind,MW,nem,NSW1
2017-10-02 21:00:00,118.7,wind,MW,nem,NSW1
2017-10-02 21:05:00,115.2,wind,MW,nem,NSW1
2017-10-02 21:10:00,119.0,wind,MW,nem,NSW1
2017-10-02 21:15:00,118.2,wind,MW,nem,NSW1
2017-10-02 21:20:00,117.8,wind,MW,nem,NSW1
2017-10-02 21:25:00,123.6,wind,MW,nem,NSW1
2017-10-02 21:30:00,125.6,wind,MW,nem,NSW1
2017-10-02 21:35:00,123.9,wind,MW,nem,NSW1
2017-10-02 21:40:00,129.0,wind,MW,nem,NSW1
2017-10-02 21:45:00,134.9,wind,MW,nem,NSW1
2017-10-02 21:50:00,134.9,wind,MW,nem,NSW1
2017-10-02 21:55:00,145.8,wind,MW,nem,NSW1
2017-10-02 22:00:00,137.9,wind,MW,nem,NSW1
2017-10-02 22:05:00,141.2,wind,MW,nem,NSW1
2017-10-02 22:10:00,141.0,wind,MW,nem,NSW1
2017-10-02 22:15:00,144.9,wind,MW,nem,NSW1
2017-10-02 22:20:00,145.3,wind,MW,nem,NSW1
2017-10-02 22:25:00,138.7,wind,MW,nem,NSW1
2017-10-02 22:30:00,137.1,wind,MW,nem,NSW1
2017-10-02 22:35:00,139.1,wind,MW,nem,NSW1
2017-10-02 22:40:00,138.0,wind,MW,nem,NSW1
2017-10-02 22:45:00,136.5,wind,MW,nem,NSW1
2017-10-02 22:50:00,135.1,wind,MW,nem,NSW1
2017-10-02 22:55:00,135.8,wind,MW,nem,NSW1
2017-10-02 23:00:00,134.7,wind,MW,nem,NSW1
2017-10-02 23:05:00,141.1,wind,MW,nem,NSW1
2017-10-02 23:10:00,140.5,wind,MW,nem,NSW1
2017-10-02 23:15:00,144.4,wind,MW,nem,NSW1
2017-10-02 23:20:00,146.5,wind,MW,nem,NSW1
2017-10-02 23:25:00,150.5,wind,MW,nem,NSW1
2017-10-02 23:30:00,150.8,wind,MW,nem,NSW1
2017-10-02 23:35:00,158.3,wind,MW,nem,NSW1
2017-10-02 23:40:00,159.3,wind,MW,nem,NSW1
2017-10-02 23:45:00,163.2,wind,MW,nem,NSW1
2017-10-02 23:50:00,162.3,wind,MW,nem,NSW1
2017-10-02 23:55:00,165.4,wind,MW,nem,NSW1
2017-10-03 00:00:00,159.7,wind,MW,nem,NSW1
2017-10-03 00:05:00,156.8,wind,MW,nem,NSW1
2017-10-03 00:10:00,154.4,wind,MW,nem,NSW1
2017-10-03 00:15:00,151.6,wind,MW,nem,NSW1
2017-10-03 00:20:00,153.9,wind,MW,nem,NSW1
2017-10-03 00:25:00,158.3,wind,MW,nem,NSW1
2017-10-03 00:30:00,164.3,wind,MW,nem,NSW1
2017-10-03 00:35:00,161.7,wind,MW,nem,NSW1
2017-10-03 00:40:00,153.9,wind,MW,nem,NSW1
2017-10-03 00:45:00,151.7,wind,MW,nem,NSW1
2017-10-03 00:50:00,152.4,wind,MW,nem,NSW1
2017-10-03 00:55:00,149.1,wind,MW,nem,NSW1
2017-10-03 01:00:00,144.9,wind,MW,nem,NSW1
2017-10-03 01:05:00,146.4,wind,MW,nem,NSW1
2017-10-03 01:10:00,143.3,wind,MW,nem,NSW1
2017-10-03 01:15:00,137.4,wind,MW,nem,NSW1
2017-10-03 01:20:00,140.6,wind,MW,nem,NSW1
2017-10-03 01:25:00,145.7,wind,MW,nem,NSW1
2017-10-03 01:30:00,147.4,wind,MW,nem,NSW1
2017-10-03 01:35:00,149.8,wind,MW,nem,NSW1
2017-10-03 01:40:00,147.4,wind,MW,nem,NSW1
2017-10-03 01:45:00,144.4,wind,MW,nem,NSW1
2017-10-03 01:50:00,139.5,wind,MW,nem,NSW1
2017-10-03 01:55:00,133.6,wind,MW,nem,NSW1
2017-10-03 02:00:00,132.7,wind,MW,nem,NSW1
2017-10-03 02:05:00,133.5,wind,MW,nem,NSW1
2017-10-03 02:10:00,133.7,wind,MW,nem,NSW1
2017-10-03 02:15:00,135.6,wind,MW,nem,NSW1
2017-10-03 02:20:00,134.0,wind,MW,nem,NSW1
2017-10-03 02:25:00,133.4,wind,MW,nem,NSW1
2017-10-03 02:30:00,134.9,wind,MW,nem,NSW1
2017-10-03 02:35:00,134.1,wind,MW,nem,NSW1
2017-10-03 02:40:00,133.4,wind,MW,nem,NSW1
2017-10-03 02:45:00,134.3,wind,MW,nem,NSW1
2017-10-03 02:50:00,138.5,wind,MW,nem,NSW1
2017-10-03 02:55:00,144.8,wind,MW,nem,NSW1
2017-10-03 03:00:00,143.3,wind,MW,nem,NSW1
2017-10-03 03:05:00,137.2,wind,MW,nem,NSW1
2017-10-03 03:10:00,141.3,wind,MW,nem,NSW1
2017-10-03 03:15:00,137.7,wind,MW,nem,NSW1
2017-10-03 03:20:00,138.2,wind,MW,nem,NSW1
2017-10-03 03:25:00,138.0,wind,MW,nem,NSW1
2017-10-03 03:30:00,136.1,wind,MW,nem,NSW1
2017-10-03 03:35:00,131.2,wind,MW,nem,NSW1
2017-10-03 03:40:00,123.4,wind,MW,nem,NSW1
2017-10-03 03:45:00,121.7,wind,MW,nem,NSW1
2017-10-03 03:50:00,121.4,wind,MW,nem,NSW1
2017-10-03 03:55:00,120.0,wind,MW,nem,NSW1
2017-10-03 04:00:00,122.1,wind,MW,nem,NSW1
2017-10-03 04:05:00,124.9,wind,MW,nem,NSW1
2017-10-03 04:10:00,123.2,wind,MW,nem,NSW1
2017-10-03 04:15:00,124.5,wind,MW,nem,NSW1
2017-10-03 04:20:00,118.3,wind,MW,nem,NSW1
2017-10-03 04:25:00,119.6,wind,MW,nem,NSW1
2017-10-03 04:30:00,121.4,wind,MW,nem,NSW1
2017-10-03 04:35:00,124.3,wind,MW,nem,NSW1
2017-10-03 04:40:00,122.7,wind,MW,nem,NSW1
2017-10-03 04:45:00,121.2,wind,MW,nem,NSW1
2017-10-03 04:50:00,111.0,wind,MW,nem,NSW1
2017-10-03 04:55:00,124.9,wind,MW,nem,NSW1
2017-10-03 05:00:00,127.1,wind,MW,nem,NSW1
2017-10-03 05:05:00,130.1,wind,MW,nem,NSW1
2017-10-03 05:10:00,127.3,wind,MW,nem,NSW1
2017-10-03 05:15:00,128.3,wind,MW,nem,NSW1
2017-10-03 05:20:00,122.9,wind,MW,nem,NSW1
2017-10-03 05:25:00,118.7,wind,MW,nem,NSW1
2017-10-03 05:30:00,113.8,wind,MW,nem,NSW1
2017-10-03 05:35:00,108.8,wind,MW,nem,NSW1
2017-10-03 05:40:00,103.2,wind,MW,nem,NSW1
2017-10-03 05:45:00,97.84,wind,MW,nem,NSW1
2017-10-03 05:50:00,94.6,wind,MW,nem,NSW1
2017-10-03 05:55:00,88.49,wind,MW,nem,NSW1
2017-10-03 06:00:00,97.15,wind,MW,nem,NSW1
2017-10-03 06:05:00,96.64,wind,MW,nem,NSW1
2017-10-03 06:10:00,97.91,wind,MW,nem,NSW1
2017-10-03 06:15:00,99.58,wind,MW,nem,NSW1
2017-10-03 06:20:00,99.63,wind,MW,nem,NSW1
2017-10-03 06:25:00,97.99,wind,MW,nem,NSW1
2017-10-03 06:30:00,97.24,wind,MW,nem,NSW1
2017-10-03 06:35:00,93.96,wind,MW,nem,NSW1
2017-10-03 06:40:00,91.28,wind,MW,nem,NSW1
2017-10-03 06:45:00,92.64,wind,MW,nem,NSW1
2017-10-03 06:50:00,91.98,wind,MW,nem,NSW1
2017-10-03 06:55:00,89.56,wind,MW,nem,NSW1
2017-10-03 07:00:00,82.96,wind,MW,nem,NSW1
2017-10-03 07:05:00,80.62,wind,MW,nem,NSW1
2017-10-03 07:10:00,76.85,wind,MW,nem,NSW1
2017-10-03 07:15:00,81.29,wind,MW,nem,NSW1
2017-10-03 07:20:00,79.83,wind,MW,nem,NSW1
2017-10-03 07:25:00,75.65,wind,MW,nem,NSW1
2017-10-03 07:30:00,74.06,wind,MW,nem,NSW1
2017-10-03 07:35:00,70.29,wind,MW,nem,NSW1
2017-10-03 07:40:00,70.4,wind,MW,nem,NSW1
2017-10-03 07:45:00,60.33,wind,MW,nem,NSW1
2017-10-03 07:50:00,63.99,wind,MW,nem,NSW1
2017-10-03 07:55:00,60.91,wind,MW,nem,NSW1
2017-10-03 08:00:00,62.75,wind,MW,nem,NSW1
2017-10-03 08:05:00,62.31,wind,MW,nem,NSW1
2017-10-03 08:10:00,61.22,wind,MW,nem,NSW1
2017-10-03 08:15:00,59.68,wind,MW,nem,NSW1
2017-10-03 08:20:00,61.54,wind,MW,nem,NSW1
2017-10-03 08:25:00,65.26,wind,MW,nem,NSW1
2017-10-03 08:30:00,61.03,wind,MW,nem,NSW1
2017-10-03 08:35:00,67.71,wind,MW,nem,NSW1
2017-10-03 08:40:00,76.9,wind,MW,nem,NSW1
2017-10-03 08:45:00,75.34,wind,MW,nem,NSW1
2017-10-03 08:50:00,77.71,wind,MW,nem,NSW1
2017-10-03 08:55:00,75.34,wind,MW,nem,NSW1
2017-10-03 09:00:00,73.3,wind,MW,nem,NSW1
2017-10-03 09:05:00,69.79,wind,MW,nem,NSW1
2017-10-03 09:10:00,64.8,wind,MW,nem,NSW1
2017-10-03 09:15:00,55.0,wind,MW,nem,NSW1
2017-10-03 09:20:00,48.55,wind,MW,nem,NSW1
2017-10-03 09:25:00,46.34,wind,MW,nem,NSW1
2017-10-03 09:30:00,45.99,wind,MW,nem,NSW1
2017-10-03 09:35:00,42.02,wind,MW,nem,NSW1
2017-10-03 09:40:00,36.96,wind,MW,nem,NSW1
2017-10-03 09:45:00,40.01,wind,MW,nem,NSW1
2017-10-03 09:50:00,35.86,wind,MW,nem,NSW1
2017-10-03 09:55:00,36.73,wind,MW,nem,NSW1
2017-10-03 10:00:00,36.53,wind,MW,nem,NSW1
2017-10-03 10:05:00,33.23,wind,MW,nem,NSW1
2017-10-03 10:10:00,34.76,wind,MW,nem,NSW1
2017-10-03 10:15:00,34.93,wind,MW,nem,NSW1
2017-10-03 10:20:00,36.1,wind,MW,nem,NSW1
2017-10-03 10:25:00,31.6,wind,MW,nem,NSW1
2017-10-03 10:30:00,35.63,wind,MW,nem,NSW1
2017-10-03 10:35:00,36.22,wind,MW,nem,NSW1
2017-10-03 10:40:00,35.14,wind,MW,nem,NSW1
2017-10-03 10:45:00,31.58,wind,MW,nem,NSW1
2017-10-03 10:50:00,36.5,wind,MW,nem,NSW1
2017-10-03 10:55:00,33.56,wind,MW,nem,NSW1
2017-10-03 11:00:00,35.41,wind,MW,nem,NSW1
2017-10-03 11:05:00,33.66,wind,MW,nem,NSW1
2017-10-03 11:10:00,33.05,wind,MW,nem,NSW1
2017-10-03 11:15:00,29.8,wind,MW,nem,NSW1
2017-10-03 11:20:00,32.23,wind,MW,nem,NSW1
2017-10-03 11:25:00,27.18,wind,MW,nem,NSW1
2017-10-03 11:30:00,32.92,wind,MW,nem,NSW1
2017-10-03 11:35:00,27.79,wind,MW,nem,NSW1
2017-10-03 11:40:00,31.32,wind,MW,nem,NSW1
2017-10-03 11:45:00,27.12,wind,MW,nem,NSW1
2017-10-03 11:50:00,23.35,wind,MW,nem,NSW1
2017-10-03 11:55:00,23.21,wind,MW,nem,NSW1
2017-10-03 12:00:00,20.79,wind,MW,nem,NSW1
2017-10-03 12:05:00,19.24,wind,MW,nem,NSW1
2017-10-03 12:10:00,18.83,wind,MW,nem,NSW1
2017-10-03 12:15:00,23.99,wind,MW,nem,NSW1
2017-10-03 12:20:00,19.84,wind,MW,nem,NSW1
2017-10-03 12:25:00,19.07,wind,MW,nem,NSW1
2017-10-03 12:30:00,24.29,wind,MW,nem,NSW1
2017-10-03 12:35:00,19.3,wind,MW,nem,NSW1
2017-10-03 12:40:00,21.28,wind,MW,nem,NSW1
2017-10-03 12:45:00,23.4,wind,MW,nem,NSW1
2017-10-03 12:50:00,19.07,wind,MW,nem,NSW1
2017-10-03 12:55:00,19.09,wind,MW,nem,NSW1
2017-10-03 13:00:00,23.61,wind,MW,nem,NSW1
2017-10-03 13:05:00,34.89,wind,MW,nem,NSW1
2017-10-03 13:10:00,33.64,wind,MW,nem,NSW1
2017-10-03 13:15:00,42.71,wind,MW,nem,NSW1
2017-10-03 13:20:00,36.24,wind,MW,nem,NSW1
2017-10-03 13:25:00,46.49,wind,MW,nem,NSW1
2017-10-03 13:30:00,41.39,wind,MW,nem,NSW1
2017-10-03 13:35:00,46.3,wind,MW,nem,NSW1
2017-10-03 13:40:00,41.84,wind,MW,nem,NSW1
2017-10-03 13:45:00,46.28,wind,MW,nem,NSW1
2017-10-03 13:50:00,52.44,wind,MW,nem,NSW1
2017-10-03 13:55:00,58.43,wind,MW,nem,NSW1
2017-10-03 14:00:00,60.29,wind,MW,nem,NSW1
2017-10-03 14:05:00,56.25,wind,MW,nem,NSW1
2017-10-03 14:10:00,64.92,wind,MW,nem,NSW1
2017-10-03 14:15:00,71.53,wind,MW,nem,NSW1
2017-10-03 14:20:00,67.2,wind,MW,nem,NSW1
2017-10-03 14:25:00,55.85,wind,MW,nem,NSW1
2017-10-03 14:30:00,61.44,wind,MW,nem,NSW1
2017-10-03 14:35:00,65.87,wind,MW,nem,NSW1
2017-10-03 14:40:00,69.8,wind,MW,nem,NSW1
2017-10-03 14:45:00,67.64,wind,MW,nem,NSW1
2017-10-03 14:50:00,73.81,wind,MW,nem,NSW1
2017-10-03 14:55:00,76.19,wind,MW,nem,NSW1
2017-10-03 15:00:00,73.67,wind,MW,nem,NSW1
2017-10-03 15:05:00,83.85,wind,MW,nem,NSW1
2017-10-03 15:10:00,72.87,wind,MW,nem,NSW1
2017-10-03 15:15:00,71.23,wind,MW,nem,NSW1
2017-10-03 15:20:00,87.37,wind,MW,nem,NSW1
2017-10-03 15:25:00,75.17,wind,MW,nem,NSW1
2017-10-03 15:30:00,77.68,wind,MW,nem,NSW1
2017-10-03 15:35:00,81.29,wind,MW,nem,NSW1
2017-10-03 15:40:00,71.44,wind,MW,nem,NSW1
2017-10-03 15:45:00,70.8,wind,MW,nem,NSW1
2017-10-03 15:50:00,85.46,wind,MW,nem,NSW1
2017-10-03 15:55:00,80.12,wind,MW,nem,NSW1
2017-10-03 16:00:00,87.15,wind,MW,nem,NSW1
2017-10-03 16:05:00,79.4,wind,MW,nem,NSW1
2017-10-03 16:10:00,74.13,wind,MW,nem,NSW1
2017-10-03 16:15:00,79.28,wind,MW,nem,NSW1
2017-10-03 16:20:00,78.55,wind,MW,nem,NSW1
2017-10-03 16:25:00,84.61,wind,MW,nem,NSW1
2017-10-03 16:30:00,84.0,wind,MW,nem,NSW1
2017-10-03 16:35:00,81.47,wind,MW,nem,NSW1
2017-10-03 16:40:00,87.78,wind,MW,nem,NSW1
2017-10-03 16:45:00,86.22,wind,MW,nem,NSW1
2017-10-03 16:50:00,85.63,wind,MW,nem,NSW1
2017-10-03 16:55:00,92.95,wind,MW,nem,NSW1
2017-10-03 17:00:00,92.38,wind,MW,nem,NSW1
2017-10-03 17:05:00,86.45,wind,MW,nem,NSW1
2017-10-03 17:10:00,92.48,wind,MW,nem,NSW1
2017-10-03 17:15:00,91.67,wind,MW,nem,NSW1
2017-10-03 17:20:00,96.28,wind,MW,nem,NSW1
2017-10-03 17:25:00,108.9,wind,MW,nem,NSW1
2017-10-03 17:30:00,107.6,wind,MW,nem,NSW1
2017-10-03 17:35:00,108.9,wind,MW,nem,NSW1
2017-10-03 17:40:00,108.5,wind,MW,nem,NSW1
2017-10-03 17:45:00,110.6,wind,MW,nem,NSW1
2017-10-03 17:50:00,102.1,wind,MW,nem,NSW1
2017-10-03 17:55:00,106.1,wind,MW,nem,NSW1
2017-10-03 18:00:00,114.1,wind,MW,nem,NSW1
2017-10-03 18:05:00,121.1,wind,MW,nem,NSW1
2017-10-03 18:10:00,124.1,wind,MW,nem,NSW1
2017-10-03 18:15:00,126.0,wind,MW,nem,NSW1
2017-10-03 18:20:00,125.1,wind,MW,nem,NSW1
2017-10-03 18:25:00,119.1,wind,MW,nem,NSW1
2017-10-03 18:30:00,119.1,wind,MW,nem,NSW1
2017-10-03 18:35:00,121.0,wind,MW,nem,NSW1
2017-10-03 18:40:00,125.0,wind,MW,nem,NSW1
2017-10-03 18:45:00,121.5,wind,MW,nem,NSW1
2017-10-03 18:50:00,121.3,wind,MW,nem,NSW1
2017-10-03 18:55:00,115.2,wind,MW,nem,NSW1
2017-10-03 19:00:00,115.9,wind,MW,nem,NSW1
2017-10-03 19:05:00,112.9,wind,MW,nem,NSW1
2017-10-03 19:10:00,109.1,wind,MW,nem,NSW1
2017-10-03 19:15:00,107.7,wind,MW,nem,NSW1
2017-10-03 19:20:00,107.6,wind,MW,nem,NSW1
2017-10-03 19:25:00,105.4,wind,MW,nem,NSW1
2017-10-03 19:30:00,97.46,wind,MW,nem,NSW1
2017-10-03 19:35:00,91.95,wind,MW,nem,NSW1
2017-10-03 19:40:00,91.13,wind,MW,nem,NSW1
2017-10-03 19:45:00,88.54,wind,MW,nem,NSW1
2017-10-03 19:50:00,84.43,wind,MW,nem,NSW1
2017-10-03 19:55:00,84.28,wind,MW,nem,NSW1
2017-10-03 20:00:00,80.13,wind,MW,nem,NSW1
2017-10-03 20:05:00,77.69,wind,MW,nem,NSW1
2017-10-03 20:10:00,67.99,wind,MW,nem,NSW1
2017-10-03 20:15:00,57.36,wind,MW,nem,NSW1
2017-10-03 20:20:00,59.66,wind,MW,nem,NSW1
2017-10-03 20:25:00,58.88,wind,MW,nem,NSW1
2017-10-03 20:30:00,62.78,wind,MW,nem,NSW1
2017-10-03 20:35:00,61.45,wind,MW,nem,NSW1
2017-10-03 20:40:00,58.71,wind,MW,nem,NSW1
2017-10-03 20:45:00,56.63,wind,MW,nem,NSW1
2017-10-03 20:50:00,57.87,wind,MW,nem,NSW1
2017-10-03 20:55:00,57.46,wind,MW,nem,NSW1
2017-10-03 21:00:00,54.98,wind,MW,nem,NSW1
2017-10-03 21:05:00,53.37,wind,MW,nem,NSW1
2017-10-03 21:10:00,52.61,wind,MW,nem,NSW1
2017-10-03 21:15:00,51.78,wind,MW,nem,NSW1
2017-10-03 21:20:00,52.59,wind,MW,nem,NSW1
2017-10-03 21:25:00,48.03,wind,MW,nem,NSW1
2017-10-03 21:30:00,41.18,wind,MW,nem,NSW1
2017-10-03 21:35:00,44.59,wind,MW,nem,NSW1
2017-10-03 21:40:00,41.69,wind,MW,nem,NSW1
2017-10-03 21:45:00,38.19,wind,MW,nem,NSW1
2017-10-03 21:50:00,34.65,wind,MW,nem,NSW1
2017-10-03 21:55:00,35.18,wind,MW,nem,NSW1
2017-10-03 22:00:00,34.9,wind,MW,nem,NSW1
2017-10-03 22:05:00,30.68,wind,MW,nem,NSW1
2017-10-03 22:10:00,30.78,wind,MW,nem,NSW1
2017-10-03 22:15:00,30.97,wind,MW,nem,NSW1
2017-10-03 22:20:00,28.89,wind,MW,nem,NSW1
2017-10-03 22:25:00,26.67,wind,MW,nem,NSW1
2017-10-03 22:30:00,24.63,wind,MW,nem,NSW1
2017-10-03 22:35:00,24.21,wind,MW,nem,NSW1
2017-10-03 22:40:00,23.65,wind,MW,nem,NSW1
2017-10-03 22:45:00,23.99,wind,MW,nem,NSW1
2017-10-03 22:50:00,24.83,wind,MW,nem,NSW1
2017-10-03 22:55:00,24.93,wind,MW,nem,NSW1
2017-10-03 23:00:00,25.57,wind,MW,nem,NSW1
2017-10-03 23:05:00,25.81,wind,MW,nem,NSW1
2017-10-03 23:10:00,27.47,wind,MW,nem,NSW1
2017-10-03 23:15:00,27.62,wind,MW,nem,NSW1
2017-10-03 23:20:00,26.97,wind,MW,nem,NSW1
2017-10-03 23:25:00,25.49,wind,MW,nem,NSW1
2017-10-03 23:30:00,24.2,wind,MW,nem,NSW1
2017-10-03 23:35:00,23.47,wind,MW,nem,NSW1
2017-10-03 23:40:00,22.03,wind,MW,nem,NSW1
2017-10-03 23:45:00,21.97,wind,MW,nem,NSW1
2017-10-03 23:50:00,20.36,wind,MW,nem,NSW1
2017-10-03 23:55:00,19.05,wind,MW,nem,NSW1
2017-10-04 00:00:00,17.44,wind,MW,nem,NSW1
2017-10-04 00:05:00,17.12,wind,MW,nem,NSW1
2017-10-04 00:10:00,15.79,wind,MW,nem,NSW1
2017-10-04 00:15:00,14.56,wind,MW,nem,NSW1
2017-10-04 00:20:00,13.8,wind,MW,nem,NSW1
2017-10-04 00:25:00,13.85,wind,MW,nem,NSW1
2017-10-04 00:30:00,14.41,wind,MW,nem,NSW1
2017-10-04 00:35:00,13.29,wind,MW,nem,NSW1
2017-10-04 00:40:00,11.53,wind,MW,nem,NSW1
2017-10-04 00:45:00,10.08,wind,MW,nem,NSW1
2017-10-04 00:50:00,8.796,wind,MW,nem,NSW1
2017-10-04 00:55:00,9.651,wind,MW,nem,NSW1
2017-10-04 01:00:00,9.578,wind,MW,nem,NSW1
2017-10-04 01:05:00,9.507,wind,MW,nem,NSW1
2017-10-04 01:10:00,8.371,wind,MW,nem,NSW1
2017-10-04 01:15:00,8.166,wind,MW,nem,NSW1
2017-10-04 01:20:00,8.167,wind,MW,nem,NSW1
2017-10-04 01:25:00,8.274,wind,MW,nem,NSW1
2017-10-04 01:30:00,9.001,wind,MW,nem,NSW1
2017-10-04 01:35:00,9.81,wind,MW,nem,NSW1
2017-10-04 01:40:00,10.79,wind,MW,nem,NSW1
2017-10-04 01:45:00,11.61,wind,MW,nem,NSW1
2017-10-04 01:50:00,10.38,wind,MW,nem,NSW1
2017-10-04 01:55:00,10.58,wind,MW,nem,NSW1
2017-10-04 02:00:00,11.25,wind,MW,nem,NSW1
2017-10-04 02:05:00,12.31,wind,MW,nem,NSW1
2017-10-04 02:10:00,11.99,wind,MW,nem,NSW1
2017-10-04 02:15:00,12.22,wind,MW,nem,NSW1
2017-10-04 02:20:00,13.85,wind,MW,nem,NSW1
2017-10-04 02:25:00,15.62,wind,MW,nem,NSW1
2017-10-04 02:30:00,16.98,wind,MW,nem,NSW1
2017-10-04 02:35:00,16.59,wind,MW,nem,NSW1
2017-10-04 02:40:00,15.55,wind,MW,nem,NSW1
2017-10-04 02:45:00,12.68,wind,MW,nem,NSW1
2017-10-04 02:50:00,12.85,wind,MW,nem,NSW1
2017-10-04 02:55:00,13.5,wind,MW,nem,NSW1
2017-10-04 03:00:00,13.14,wind,MW,nem,NSW1
2017-10-04 03:05:00,12.08,wind,MW,nem,NSW1
2017-10-04 03:10:00,10.12,wind,MW,nem,NSW1
2017-10-04 03:15:00,7.987,wind,MW,nem,NSW1
2017-10-04 03:20:00,7.035,wind,MW,nem,NSW1
2017-10-04 03:25:00,7.459,wind,MW,nem,NSW1
2017-10-04 03:30:00,6.876,wind,MW,nem,NSW1
2017-10-04 03:35:00,5.399,wind,MW,nem,NSW1
2017-10-04 03:40:00,4.748,wind,MW,nem,NSW1
2017-10-04 03:45:00,3.905,wind,MW,nem,NSW1
2017-10-04 03:50:00,2.523,wind,MW,nem,NSW1
2017-10-04 03:55:00,2.512,wind,MW,nem,NSW1
2017-10-04 04:00:00,2.515,wind,MW,nem,NSW1
2017-10-04 04:05:00,1.53,wind,MW,nem,NSW1
2017-10-04 04:10:00,1.033,wind,MW,nem,NSW1
2017-10-04 04:15:00,1.703,wind,MW,nem,NSW1
2017-10-04 04:20:00,1.844,wind,MW,nem,NSW1
2017-10-04 04:25:00,1.957,wind,MW,nem,NSW1
2017-10-04 04:30:00,2.313,wind,MW,nem,NSW1
2017-10-04 04:35:00,2.641,wind,MW,nem,NSW1
2017-10-04 04:40:00,2.317,wind,MW,nem,NSW1
2017-10-04 04:45:00,1.673,wind,MW,nem,NSW1
2017-10-04 04:50:00,1.834,wind,MW,nem,NSW1
2017-10-04 04:55:00,1.626,wind,MW,nem,NSW1
2017-10-04 05:00:00,1.308,wind,MW,nem,NSW1
2017-10-04 05:05:00,1.242,wind,MW,nem,NSW1
2017-10-04 05:10:00,1.445,wind,MW,nem,NSW1
2017-10-04 05:15:00,1.414,wind,MW,nem,NSW1
2017-10-04 05:20:00,0.7716,wind,MW,nem,NSW1
2017-10-04 05:25:00,0.5379,wind,MW,nem,NSW1
2017-10-04 05:30:00,0.3288,wind,MW,nem,NSW1
2017-10-04 05:35:00,0.4352,wind,MW,nem,NSW1
2017-10-04 05:40:00,-0.1668,wind,MW,nem,NSW1
2017-10-04 05:45:00,-0.4753,wind,MW,nem,NSW1
2017-10-04 05:50:00,-0.6307,wind,MW,nem,NSW1
2017-10-04 05:55:00,-0.642,wind,MW,nem,NSW1
2017-10-04 06:00:00,-0.3601,wind,MW,nem,NSW1
2017-10-04 06:05:00,-0.3612,wind,MW,nem,NSW1
2017-10-04 06:10:00,-0.3958,wind,MW,nem,NSW1
2017-10-04 06:15:00,-0.00509,wind,MW,nem,NSW1
2017-10-04 06:20:00,-0.3663,wind,MW,nem,NSW1
2017-10-04 06:25:00,-0.4613,wind,MW,nem,NSW1
2017-10-04 06:30:00,-0.8703,wind,MW,nem,NSW1
2017-10-04 06:35:00,-1.08,wind,MW,nem,NSW1
2017-10-04 06:40:00,-1.064,wind,MW,nem,NSW1
2017-10-04 06:45:00,-1.092,wind,MW,nem,NSW1
2017-10-04 06:50:00,-1.074,wind,MW,nem,NSW1
2017-10-04 06:55:00,-1.066,wind,MW,nem,NSW1
2017-10-04 07:00:00,-1.148,wind,MW,nem,NSW1
2017-10-04 07:05:00,-1.114,wind,MW,nem,NSW1
2017-10-04 07:10:00,-1.045,wind,MW,nem,NSW1
2017-10-04 07:15:00,-0.7529,wind,MW,nem,NSW1
2017-10-04 07:20:00,-0.7352,wind,MW,nem,NSW1
2017-10-04 07:25:00,-0.7871,wind,MW,nem,NSW1
2017-10-04 07:30:00,-0.8389,wind,MW,nem,NSW1
2017-10-04 07:35:00,-0.7904,wind,MW,nem,NSW1
2017-10-04 07:40:00,-1.089,wind,MW,nem,NSW1
2017-10-04 07:45:00,-1.065,wind,MW,nem,NSW1
2017-10-04 07:50:00,-1.046,wind,MW,nem,NSW1
2017-10-04 07:55:00,-1.117,wind,MW,nem,NSW1
2017-10-04 08:00:00,-1.111,wind,MW,nem,NSW1
2017-10-04 08:05:00,-1.103,wind,MW,nem,NSW1
2017-10-04 08:10:00,-1.081,wind,MW,nem,NSW1
2017-10-04 08:15:00,-1.111,wind,MW,nem,NSW1
2017-10-04 08:20:00,-1.09,wind,MW,nem,NSW1
2017-10-04 08:25:00,-1.154,wind,MW,nem,NSW1
2017-10-04 08:30:00,-1.167,wind,MW,nem,NSW1
2017-10-04 08:35:00,-0.9115,wind,MW,nem,NSW1
2017-10-04 08:40:00,-0.2894,wind,MW,nem,NSW1
2017-10-04 08:45:00,-0.6726,wind,MW,nem,NSW1
2017-10-04 08:50:00,-0.9932,wind,MW,nem,NSW1
2017-10-04 08:55:00,-0.9512,wind,MW,nem,NSW1
2017-10-04 09:00:00,-0.722,wind,MW,nem,NSW1
2017-10-04 09:05:00,-0.3937,wind,MW,nem,NSW1
2017-10-04 09:10:00,-0.6079,wind,MW,nem,NSW1
2017-10-04 09:15:00,-0.7767,wind,MW,nem,NSW1
2017-10-04 09:20:00,-0.2929,wind,MW,nem,NSW1
2017-10-04 09:25:00,-0.8534,wind,MW,nem,NSW1
2017-10-04 09:30:00,0.1926,wind,MW,nem,NSW1
2017-10-04 09:35:00,0.4696,wind,MW,nem,NSW1
2017-10-04 09:40:00,-0.6673,wind,MW,nem,NSW1
2017-10-04 09:45:00,-1.004,wind,MW,nem,NSW1
2017-10-04 09:50:00,-0.2524,wind,MW,nem,NSW1
2017-10-04 09:55:00,0.8302,wind,MW,nem,NSW1
2017-10-04 10:00:00,0.5561,wind,MW,nem,NSW1
2017-10-04 10:05:00,1.956,wind,MW,nem,NSW1
2017-10-04 10:10:00,4.635,wind,MW,nem,NSW1
2017-10-04 10:15:00,4.549,wind,MW,nem,NSW1
2017-10-04 10:20:00,6.094,wind,MW,nem,NSW1
2017-10-04 10:25:00,8.145,wind,MW,nem,NSW1
2017-10-04 10:30:00,7.115,wind,MW,nem,NSW1
2017-10-04 10:35:00,5.833,wind,MW,nem,NSW1
2017-10-04 10:40:00,4.467,wind,MW,nem,NSW1
2017-10-04 10:45:00,6.508,wind,MW,nem,NSW1
2017-10-04 10:50:00,9.484,wind,MW,nem,NSW1
2017-10-04 10:55:00,8.101,wind,MW,nem,NSW1
2017-10-04 11:00:00,8.253,wind,MW,nem,NSW1
2017-10-04 11:05:00,10.23,wind,MW,nem,NSW1
2017-10-04 11:10:00,9.927,wind,MW,nem,NSW1
2017-10-04 11:15:00,14.57,wind,MW,nem,NSW1
2017-10-04 11:20:00,17.99,wind,MW,nem,NSW1
2017-10-04 11:25:00,19.14,wind,MW,nem,NSW1
2017-10-04 11:30:00,16.05,wind,MW,nem,NSW1
2017-10-04 11:35:00,13.35,wind,MW,nem,NSW1
2017-10-04 11:40:00,12.11,wind,MW,nem,NSW1
2017-10-04 11:45:00,9.687,wind,MW,nem,NSW1
2017-10-04 11:50:00,8.01,wind,MW,nem,NSW1
2017-10-04 11:55:00,10.77,wind,MW,nem,NSW1
2017-10-04 12:00:00,10.78,wind,MW,nem,NSW1
2017-10-04 12:05:00,10.37,wind,MW,nem,NSW1
2017-10-04 12:10:00,9.595,wind,MW,nem,NSW1
2017-10-04 12:15:00,9.282,wind,MW,nem,NSW1
2017-10-04 12:20:00,6.57,wind,MW,nem,NSW1
2017-10-04 12:25:00,5.322,wind,MW,nem,NSW1
2017-10-04 12:30:00,6.658,wind,MW,nem,NSW1
2017-10-04 12:35:00,6.998,wind,MW,nem,NSW1
2017-10-04 12:40:00,10.31,wind,MW,nem,NSW1
2017-10-04 12:45:00,9.311,wind,MW,nem,NSW1
2017-10-04 12:50:00,10.16,wind,MW,nem,NSW1
2017-10-04 12:55:00,12.69,wind,MW,nem,NSW1
2017-10-04 13:00:00,11.74,wind,MW,nem,NSW1
2017-10-04 13:05:00,9.767,wind,MW,nem,NSW1
2017-10-04 13:10:00,6.984,wind,MW,nem,NSW1
2017-10-04 13:15:00,7.235,wind,MW,nem,NSW1
2017-10-04 13:20:00,7.408,wind,MW,nem,NSW1
2017-10-04 13:25:00,7.939,wind,MW,nem,NSW1
2017-10-04 13:30:00,8.911,wind,MW,nem,NSW1
2017-10-04 13:35:00,12.64,wind,MW,nem,NSW1
2017-10-04 13:40:00,10.15,wind,MW,nem,NSW1
2017-10-04 13:45:00,7.813,wind,MW,nem,NSW1
2017-10-04 13:50:00,14.16,wind,MW,nem,NSW1
2017-10-04 13:55:00,12.45,wind,MW,nem,NSW1
2017-10-04 14:00:00,12.65,wind,MW,nem,NSW1
2017-10-04 14:05:00,9.25,wind,MW,nem,NSW1
2017-10-04 14:10:00,13.14,wind,MW,nem,NSW1
2017-10-04 14:15:00,13.56,wind,MW,nem,NSW1
2017-10-04 14:20:00,14.32,wind,MW,nem,NSW1
2017-10-04 14:25:00,12.64,wind,MW,nem,NSW1
2017-10-04 14:30:00,18.22,wind,MW,nem,NSW1
2017-10-04 14:35:00,13.11,wind,MW,nem,NSW1
2017-10-04 14:40:00,17.77,wind,MW,nem,NSW1
2017-10-04 14:45:00,10.25,wind,MW,nem,NSW1
2017-10-04 14:50:00,7.695,wind,MW,nem,NSW1
2017-10-04 14:55:00,2.872,wind,MW,nem,NSW1
2017-10-04 15:00:00,7.693,wind,MW,nem,NSW1
2017-10-04 15:05:00,6.15,wind,MW,nem,NSW1
2017-10-04 15:10:00,10.76,wind,MW,nem,NSW1
2017-10-04 15:15:00,6.701,wind,MW,nem,NSW1
2017-10-04 15:20:00,5.038,wind,MW,nem,NSW1
2017-10-04 15:25:00,1.863,wind,MW,nem,NSW1
2017-10-04 15:30:00,0.9597,wind,MW,nem,NSW1
2017-10-04 15:35:00,2.593,wind,MW,nem,NSW1
2017-10-04 15:40:00,2.302,wind,MW,nem,NSW1
2017-10-04 15:45:00,-0.4284,wind,MW,nem,NSW1
2017-10-04 15:50:00,1.913,wind,MW,nem,NSW1
2017-10-04 15:55:00,2.197,wind,MW,nem,NSW1
2017-10-04 16:00:00,2.458,wind,MW,nem,NSW1
2017-10-04 16:05:00,0.4302,wind,MW,nem,NSW1
2017-10-04 16:10:00,0.2438,wind,MW,nem,NSW1
2017-10-04 16:15:00,0.7732,wind,MW,nem,NSW1
2017-10-04 16:20:00,0.8566,wind,MW,nem,NSW1
2017-10-04 16:25:00,-0.08953,wind,MW,nem,NSW1
2017-10-04 16:30:00,-0.3431,wind,MW,nem,NSW1
2017-10-04 16:35:00,-0.4878,wind,MW,nem,NSW1
2017-10-04 16:40:00,-0.1406,wind,MW,nem,NSW1
2017-10-04 16:45:00,4.143,wind,MW,nem,NSW1
2017-10-04 16:50:00,5.486,wind,MW,nem,NSW1
2017-10-04 16:55:00,11.04,wind,MW,nem,NSW1
2017-10-04 17:00:00,16.58,wind,MW,nem,NSW1
2017-10-04 17:05:00,19.73,wind,MW,nem,NSW1
2017-10-04 17:10:00,24.1,wind,MW,nem,NSW1
2017-10-04 17:15:00,21.78,wind,MW,nem,NSW1
2017-10-04 17:20:00,18.09,wind,MW,nem,NSW1
2017-10-04 17:25:00,15.5,wind,MW,nem,NSW1
2017-10-04 17:30:00,15.45,wind,MW,nem,NSW1
2017-10-04 17:35:00,30.1,wind,MW,nem,NSW1
2017-10-04 17:40:00,33.83,wind,MW,nem,NSW1
2017-10-04 17:45:00,40.43,wind,MW,nem,NSW1
2017-10-04 17:50:00,53.47,wind,MW,nem,NSW1
2017-10-04 17:55:00,68.25,wind,MW,nem,NSW1
2017-10-04 18:00:00,74.71,wind,MW,nem,NSW1
2017-10-04 18:05:00,67.73,wind,MW,nem,NSW1
2017-10-04 18:10:00,74.37,wind,MW,nem,NSW1
2017-10-04 18:15:00,88.95,wind,MW,nem,NSW1
2017-10-04 18:20:00,100.2,wind,MW,nem,NSW1
2017-10-04 18:25:00,110.2,wind,MW,nem,NSW1
2017-10-04 18:30:00,131.7,wind,MW,nem,NSW1
2017-10-04 18:35:00,135.2,wind,MW,nem,NSW1
2017-10-04 18:40:00,138.9,wind,MW,nem,NSW1
2017-10-04 18:45:00,144.0,wind,MW,nem,NSW1
2017-10-04 18:50:00,168.5,wind,MW,nem,NSW1
2017-10-04 18:55:00,197.1,wind,MW,nem,NSW1
2017-10-04 19:00:00,197.0,wind,MW,nem,NSW1
2017-10-04 19:05:00,205.2,wind,MW,nem,NSW1
2017-10-04 19:10:00,202.8,wind,MW,nem,NSW1
2017-10-04 19:15:00,203.4,wind,MW,nem,NSW1
2017-10-04 19:20:00,213.1,wind,MW,nem,NSW1
2017-10-04 19:25:00,212.9,wind,MW,nem,NSW1
2017-10-04 19:30:00,227.3,wind,MW,nem,NSW1
2017-10-04 19:35:00,229.7,wind,MW,nem,NSW1
2017-10-04 19:40:00,242.0,wind,MW,nem,NSW1
2017-10-04 19:45:00,239.8,wind,MW,nem,NSW1
2017-10-04 19:50:00,236.2,wind,MW,nem,NSW1
2017-10-04 19:55:00,228.7,wind,MW,nem,NSW1
2017-10-04 20:00:00,225.6,wind,MW,nem,NSW1
2017-10-04 20:05:00,220.0,wind,MW,nem,NSW1
2017-10-04 20:10:00,215.2,wind,MW,nem,NSW1
2017-10-04 20:15:00,219.2,wind,MW,nem,NSW1
2017-10-04 20:20:00,233.4,wind,MW,nem,NSW1
2017-10-04 20:25:00,242.3,wind,MW,nem,NSW1
2017-10-04 20:30:00,231.9,wind,MW,nem,NSW1
2017-10-04 20:35:00,230.1,wind,MW,nem,NSW1
2017-10-04 20:40:00,229.2,wind,MW,nem,NSW1
2017-10-04 20:45:00,224.9,wind,MW,nem,NSW1
2017-10-04 20:50:00,218.5,wind,MW,nem,NSW1
2017-10-04 20:55:00,220.0,wind,MW,nem,NSW1
2017-10-04 21:00:00,212.6,wind,MW,nem,NSW1
2017-10-04 21:05:00,203.5,wind,MW,nem,NSW1
2017-10-04 21:10:00,200.6,wind,MW,nem,NSW1
2017-10-04 21:15:00,198.7,wind,MW,nem,NSW1
2017-10-04 21:20:00,208.2,wind,MW,nem,NSW1
2017-10-04 21:25:00,204.8,wind,MW,nem,NSW1
2017-10-04 21:30:00,196.8,wind,MW,nem,NSW1
2017-10-04 21:35:00,196.5,wind,MW,nem,NSW1
2017-10-04 21:40:00,195.3,wind,MW,nem,NSW1
2017-10-04 21:45:00,199.7,wind,MW,nem,NSW1
2017-10-04 21:50:00,196.0,wind,MW,nem,NSW1
2017-10-04 21:55:00,194.4,wind,MW,nem,NSW1
2017-10-04 22:00:00,197.1,wind,MW,nem,NSW1
2017-10-04 22:05:00,205.5,wind,MW,nem,NSW1
2017-10-04 22:10:00,210.2,wind,MW,nem,NSW1
2017-10-04 22:15:00,203.5,wind,MW,nem,NSW1
2017-10-04 22:20:00,204.4,wind,MW,nem,NSW1
2017-10-04 22:25:00,205.9,wind,MW,nem,NSW1
2017-10-04 22:30:00,212.5,wind,MW,nem,NSW1
2017-10-04 22:35:00,206.7,wind,MW,nem,NSW1
2017-10-04 22:40:00,199.3,wind,MW,nem,NSW1
2017-10-04 22:45:00,195.8,wind,MW,nem,NSW1
2017-10-04 22:50:00,203.8,wind,MW,nem,NSW1
2017-10-04 22:55:00,192.5,wind,MW,nem,NSW1
2017-10-04 23:00:00,191.9,wind,MW,nem,NSW1
2017-10-04 23:05:00,182.8,wind,MW,nem,NSW1
2017-10-04 23:10:00,184.5,wind,MW,nem,NSW1
2017-10-04 23:15:00,189.3,wind,MW,nem,NSW1
2017-10-04 23:20:00,182.7,wind,MW,nem,NSW1
2017-10-04 23:25:00,176.3,wind,MW,nem,NSW1
2017-10-04 23:30:00,170.7,wind,MW,nem,NSW1
2017-10-04 23:35:00,172.1,wind,MW,nem,NSW1
2017-10-04 23:40:00,162.3,wind,MW,nem,NSW1
2017-10-04 23:45:00,143.4,wind,MW,nem,NSW1
2017-10-04 23:50:00,145.1,wind,MW,nem,NSW1
2017-10-04 23:55:00,138.1,wind,MW,nem,NSW1
2017-10-05 00:00:00,140.8,wind,MW,nem,NSW1
2017-10-05 00:05:00,145.0,wind,MW,nem,NSW1
2017-10-05 00:10:00,141.8,wind,MW,nem,NSW1
2017-10-05 00:15:00,145.5,wind,MW,nem,NSW1
2017-10-05 00:20:00,148.8,wind,MW,nem,NSW1
2017-10-05 00:25:00,148.4,wind,MW,nem,NSW1
2017-10-05 00:30:00,152.3,wind,MW,nem,NSW1
2017-10-05 00:35:00,152.9,wind,MW,nem,NSW1
2017-10-05 00:40:00,155.2,wind,MW,nem,NSW1
2017-10-05 00:45:00,141.7,wind,MW,nem,NSW1
2017-10-05 00:50:00,138.8,wind,MW,nem,NSW1
2017-10-05 00:55:00,132.0,wind,MW,nem,NSW1
2017-10-05 01:00:00,134.0,wind,MW,nem,NSW1
2017-10-05 01:05:00,132.2,wind,MW,nem,NSW1
2017-10-05 01:10:00,135.6,wind,MW,nem,NSW1
2017-10-05 01:15:00,130.3,wind,MW,nem,NSW1
2017-10-05 01:20:00,130.1,wind,MW,nem,NSW1
2017-10-05 01:25:00,125.3,wind,MW,nem,NSW1
2017-10-05 01:30:00,122.0,wind,MW,nem,NSW1
2017-10-05 01:35:00,126.7,wind,MW,nem,NSW1
2017-10-05 01:40:00,118.0,wind,MW,nem,NSW1
2017-10-05 01:45:00,118.1,wind,MW,nem,NSW1
2017-10-05 01:50:00,117.9,wind,MW,nem,NSW1
2017-10-05 01:55:00,116.2,wind,MW,nem,NSW1
2017-10-05 02:00:00,111.6,wind,MW,nem,NSW1
2017-10-05 02:05:00,115.9,wind,MW,nem,NSW1
2017-10-05 02:10:00,117.0,wind,MW,nem,NSW1
2017-10-05 02:15:00,116.6,wind,MW,nem,NSW1
2017-10-05 02:20:00,117.7,wind,MW,nem,NSW1
2017-10-05 02:25:00,120.6,wind,MW,nem,NSW1
2017-10-05 02:30:00,116.3,wind,MW,nem,NSW1
2017-10-05 02:35:00,111.3,wind,MW,nem,NSW1
2017-10-05 02:40:00,113.8,wind,MW,nem,NSW1
2017-10-05 02:45:00,111.8,wind,MW,nem,NSW1
2017-10-05 02:50:00,110.0,wind,MW,nem,NSW1
2017-10-05 02:55:00,107.9,wind,MW,nem,NSW1
2017-10-05 03:00:00,109.7,wind,MW,nem,NSW1
2017-10-05 03:05:00,110.5,wind,MW,nem,NSW1
2017-10-05 03:10:00,112.4,wind,MW,nem,NSW1
2017-10-05 03:15:00,114.1,wind,MW,nem,NSW1
2017-10-05 03:20:00,114.6,wind,MW,nem,NSW1
2017-10-05 03:25:00,115.6,wind,MW,nem,NSW1
2017-10-05 03:30:00,114.2,wind,MW,nem,NSW1
2017-10-05 03:35:00,111.3,wind,MW,nem,NSW1
2017-10-05 03:40:00,109.2,wind,MW,nem,NSW1
2017-10-05 03:45:00,111.8,wind,MW,nem,NSW1
2017-10-05 03:50:00,114.3,wind,MW,nem,NSW1
2017-10-05 03:55:00,111.0,wind,MW,nem,NSW1
2017-10-05 04:00:00,115.6,wind,MW,nem,NSW1
2017-10-05 04:05:00,113.6,wind,MW,nem,NSW1
2017-10-05 04:10:00,113.8,wind,MW,nem,NSW1
2017-10-05 04:15:00,112.6,wind,MW,nem,NSW1
2017-10-05 04:20:00,115.6,wind,MW,nem,NSW1
2017-10-05 04:25:00,115.9,wind,MW,nem,NSW1
2017-10-05 04:30:00,114.7,wind,MW,nem,NSW1
2017-10-05 04:35:00,115.6,wind,MW,nem,NSW1
2017-10-05 04:40:00,114.1,wind,MW,nem,NSW1
2017-10-05 04:45:00,111.0,wind,MW,nem,NSW1
2017-10-05 04:50:00,111.8,wind,MW,nem,NSW1
2017-10-05 04:55:00,109.6,wind,MW,nem,NSW1
2017-10-05 05:00:00,114.9,wind,MW,nem,NSW1
2017-10-05 05:05:00,114.6,wind,MW,nem,NSW1
2017-10-05 05:10:00,119.0,wind,MW,nem,NSW1
2017-10-05 05:15:00,122.0,wind,MW,nem,NSW1
2017-10-05 05:20:00,121.8,wind,MW,nem,NSW1
2017-10-05 05:25:00,127.7,wind,MW,nem,NSW1
2017-10-05 05:30:00,134.0,wind,MW,nem,NSW1
2017-10-05 05:35:00,133.9,wind,MW,nem,NSW1
2017-10-05 05:40:00,139.3,wind,MW,nem,NSW1
2017-10-05 05:45:00,149.0,wind,MW,nem,NSW1
2017-10-05 05:50:00,151.3,wind,MW,nem,NSW1
2017-10-05 05:55:00,149.9,wind,MW,nem,NSW1
2017-10-05 06:00:00,148.0,wind,MW,nem,NSW1
2017-10-05 06:05:00,150.1,wind,MW,nem,NSW1
2017-10-05 06:10:00,168.6,wind,MW,nem,NSW1
2017-10-05 06:15:00,174.2,wind,MW,nem,NSW1
2017-10-05 06:20:00,178.4,wind,MW,nem,NSW1
2017-10-05 06:25:00,196.3,wind,MW,nem,NSW1
2017-10-05 06:30:00,185.3,wind,MW,nem,NSW1
2017-10-05 06:35:00,176.8,wind,MW,nem,NSW1
2017-10-05 06:40:00,159.3,wind,MW,nem,NSW1
2017-10-05 06:45:00,159.1,wind,MW,nem,NSW1
2017-10-05 06:50:00,157.5,wind,MW,nem,NSW1
2017-10-05 06:55:00,157.8,wind,MW,nem,NSW1
2017-10-05 07:00:00,156.5,wind,MW,nem,NSW1
2017-10-05 07:05:00,144.0,wind,MW,nem,NSW1
2017-10-05 07:10:00,129.5,wind,MW,nem,NSW1
2017-10-05 07:15:00,110.9,wind,MW,nem,NSW1
2017-10-05 07:20:00,101.4,wind,MW,nem,NSW1
2017-10-05 07:25:00,81.27,wind,MW,nem,NSW1
2017-10-05 07:30:00,74.82,wind,MW,nem,NSW1
2017-10-05 07:35:00,72.71,wind,MW,nem,NSW1
2017-10-05 07:40:00,67.94,wind,MW,nem,NSW1
2017-10-05 07:45:00,67.22,wind,MW,nem,NSW1
2017-10-05 07:50:00,64.81,wind,MW,nem,NSW1
2017-10-05 07:55:00,60.59,wind,MW,nem,NSW1
2017-10-05 08:00:00,59.78,wind,MW,nem,NSW1
2017-10-05 08:05:00,52.99,wind,MW,nem,NSW1
2017-10-05 08:10:00,48.77,wind,MW,nem,NSW1
2017-10-05 08:15:00,48.15,wind,MW,nem,NSW1
2017-10-05 08:20:00,47.14,wind,MW,nem,NSW1
2017-10-05 08:25:00,50.76,wind,MW,nem,NSW1
2017-10-05 08:30:00,45.93,wind,MW,nem,NSW1
2017-10-05 08:35:00,49.01,wind,MW,nem,NSW1
2017-10-05 08:40:00,43.0,wind,MW,nem,NSW1
2017-10-05 08:45:00,43.66,wind,MW,nem,NSW1
2017-10-05 08:50:00,43.88,wind,MW,nem,NSW1
2017-10-05 08:55:00,40.72,wind,MW,nem,NSW1
2017-10-05 09:00:00,45.92,wind,MW,nem,NSW1
2017-10-05 09:05:00,45.0,wind,MW,nem,NSW1
2017-10-05 09:10:00,45.31,wind,MW,nem,NSW1
2017-10-05 09:15:00,50.11,wind,MW,nem,NSW1
2017-10-05 09:20:00,51.85,wind,MW,nem,NSW1
2017-10-05 09:25:00,50.25,wind,MW,nem,NSW1
2017-10-05 09:30:00,56.62,wind,MW,nem,NSW1
2017-10-05 09:35:00,64.15,wind,MW,nem,NSW1
2017-10-05 09:40:00,67.57,wind,MW,nem,NSW1
2017-10-05 09:45:00,69.49,wind,MW,nem,NSW1
2017-10-05 09:50:00,69.9,wind,MW,nem,NSW1
2017-10-05 09:55:00,64.33,wind,MW,nem,NSW1
2017-10-05 10:00:00,76.81,wind,MW,nem,NSW1
2017-10-05 10:05:00,83.47,wind,MW,nem,NSW1
2017-10-05 10:10:00,88.08,wind,MW,nem,NSW1
2017-10-05 10:15:00,99.75,wind,MW,nem,NSW1
2017-10-05 10:20:00,103.8,wind,MW,nem,NSW1
2017-10-05 10:25:00,106.0,wind,MW,nem,NSW1
2017-10-05 10:30:00,116.1,wind,MW,nem,NSW1
2017-10-05 10:35:00,139.4,wind,MW,nem,NSW1
2017-10-05 10:40:00,141.4,wind,MW,nem,NSW1
2017-10-05 10:45:00,154.4,wind,MW,nem,NSW1
2017-10-05 10:50:00,159.4,wind,MW,nem,NSW1
2017-10-05 10:55:00,164.0,wind,MW,nem,NSW1
2017-10-05 11:00:00,162.0,wind,MW,nem,NSW1
2017-10-05 11:05:00,154.4,wind,MW,nem,NSW1
2017-10-05 11:10:00,158.4,wind,MW,nem,NSW1
2017-10-05 11:15:00,143.9,wind,MW,nem,NSW1
2017-10-05 11:20:00,157.3,wind,MW,nem,NSW1
2017-10-05 11:25:00,138.9,wind,MW,nem,NSW1
2017-10-05 11:30:00,173.1,wind,MW,nem,NSW1
2017-10-05 11:35:00,179.5,wind,MW,nem,NSW1
2017-10-05 11:40:00,198.0,wind,MW,nem,NSW1
2017-10-05 11:45:00,185.2,wind,MW,nem,NSW1
2017-10-05 11:50:00,177.7,wind,MW,nem,NSW1
2017-10-05 11:55:00,192.3,wind,MW,nem,NSW1
2017-10-05 12:00:00,222.7,wind,MW,nem,NSW1
2017-10-05 12:05:00,236.5,wind,MW,nem,NSW1
2017-10-05 12:10:00,252.3,wind,MW,nem,NSW1
2017-10-05 12:15:00,272.8,wind,MW,nem,NSW1
2017-10-05 12:20:00,267.4,wind,MW,nem,NSW1
2017-10-05 12:25:00,314.8,wind,MW,nem,NSW1
2017-10-05 12:30:00,304.1,wind,MW,nem,NSW1
2017-10-05 12:35:00,302.0,wind,MW,nem,NSW1
2017-10-05 12:40:00,302.9,wind,MW,nem,NSW1
2017-10-05 12:45:00,298.6,wind,MW,nem,NSW1
2017-10-05 12:50:00,309.3,wind,MW,nem,NSW1
2017-10-05 12:55:00,281.2,wind,MW,nem,NSW1
2017-10-05 13:00:00,278.9,wind,MW,nem,NSW1
2017-10-05 13:05:00,278.0,wind,MW,nem,NSW1
2017-10-05 13:10:00,282.3,wind,MW,nem,NSW1
2017-10-05 13:15:00,303.3,wind,MW,nem,NSW1
2017-10-05 13:20:00,318.2,wind,MW,nem,NSW1
2017-10-05 13:25:00,310.6,wind,MW,nem,NSW1
2017-10-05 13:30:00,318.1,wind,MW,nem,NSW1
2017-10-05 13:35:00,316.9,wind,MW,nem,NSW1
2017-10-05 13:40:00,283.1,wind,MW,nem,NSW1
2017-10-05 13:45:00,300.0,wind,MW,nem,NSW1
2017-10-05 13:50:00,268.3,wind,MW,nem,NSW1
2017-10-05 13:55:00,250.7,wind,MW,nem,NSW1
2017-10-05 14:00:00,266.3,wind,MW,nem,NSW1
2017-10-05 14:05:00,276.2,wind,MW,nem,NSW1
2017-10-05 14:10:00,265.7,wind,MW,nem,NSW1
2017-10-05 14:15:00,280.2,wind,MW,nem,NSW1
2017-10-05 14:20:00,295.7,wind,MW,nem,NSW1
2017-10-05 14:25:00,308.5,wind,MW,nem,NSW1
2017-10-05 14:30:00,307.7,wind,MW,nem,NSW1
2017-10-05 14:35:00,313.9,wind,MW,nem,NSW1
2017-10-05 14:40:00,297.8,wind,MW,nem,NSW1
2017-10-05 14:45:00,307.4,wind,MW,nem,NSW1
2017-10-05 14:50:00,303.0,wind,MW,nem,NSW1
2017-10-05 14:55:00,316.9,wind,MW,nem,NSW1
2017-10-05 15:00:00,326.1,wind,MW,nem,NSW1
2017-10-05 15:05:00,305.3,wind,MW,nem,NSW1
2017-10-05 15:10:00,301.0,wind,MW,nem,NSW1
2017-10-05 15:15:00,309.0,wind,MW,nem,NSW1
2017-10-05 15:20:00,309.6,wind,MW,nem,NSW1
2017-10-05 15:25:00,312.9,wind,MW,nem,NSW1
2017-10-05 15:30:00,311.6,wind,MW,nem,NSW1
2017-10-05 15:35:00,306.1,wind,MW,nem,NSW1
2017-10-05 15:40:00,295.0,wind,MW,nem,NSW1
2017-10-05 15:45:00,290.2,wind,MW,nem,NSW1
2017-10-05 15:50:00,283.5,wind,MW,nem,NSW1
2017-10-05 15:55:00,340.0,wind,MW,nem,NSW1
2017-10-05 16:00:00,360.6,wind,MW,nem,NSW1
2017-10-05 16:05:00,338.3,wind,MW,nem,NSW1
2017-10-05 16:10:00,329.3,wind,MW,nem,NSW1
2017-10-05 16:15:00,312.3,wind,MW,nem,NSW1
2017-10-05 16:20:00,298.2,wind,MW,nem,NSW1
2017-10-05 16:25:00,289.7,wind,MW,nem,NSW1
2017-10-05 16:30:00,282.2,wind,MW,nem,NSW1
2017-10-05 16:35:00,277.1,wind,MW,nem,NSW1
2017-10-05 16:40:00,278.6,wind,MW,nem,NSW1
2017-10-05 16:45:00,259.7,wind,MW,nem,NSW1
2017-10-05 16:50:00,256.0,wind,MW,nem,NSW1
2017-10-05 16:55:00,252.8,wind,MW,nem,NSW1
2017-10-05 17:00:00,236.9,wind,MW,nem,NSW1
2017-10-05 17:05:00,247.4,wind,MW,nem,NSW1
2017-10-05 17:10:00,242.3,wind,MW,nem,NSW1
2017-10-05 17:15:00,236.2,wind,MW,nem,NSW1
2017-10-05 17:20:00,223.5,wind,MW,nem,NSW1
2017-10-05 17:25:00,216.4,wind,MW,nem,NSW1
2017-10-05 17:30:00,223.5,wind,MW,nem,NSW1
2017-10-05 17:35:00,224.5,wind,MW,nem,NSW1
2017-10-05 17:40:00,227.7,wind,MW,nem,NSW1
2017-10-05 17:45:00,238.6,wind,MW,nem,NSW1
2017-10-05 17:50:00,253.2,wind,MW,nem,NSW1
2017-10-05 17:55:00,284.1,wind,MW,nem,NSW1
2017-10-05 18:00:00,301.5,wind,MW,nem,NSW1
2017-10-05 18:05:00,320.7,wind,MW,nem,NSW1
2017-10-05 18:10:00,324.2,wind,MW,nem,NSW1
2017-10-05 18:15:00,321.7,wind,MW,nem,NSW1
2017-10-05 18:20:00,326.0,wind,MW,nem,NSW1
2017-10-05 18:25:00,296.9,wind,MW,nem,NSW1
2017-10-05 18:30:00,286.1,wind,MW,nem,NSW1
2017-10-05 18:35:00,296.1,wind,MW,nem,NSW1
2017-10-05 18:40:00,310.3,wind,MW,nem,NSW1
2017-10-05 18:45:00,315.5,wind,MW,nem,NSW1
2017-10-05 18:50:00,331.7,wind,MW,nem,NSW1
2017-10-05 18:55:00,331.8,wind,MW,nem,NSW1
2017-10-05 19:00:00,339.7,wind,MW,nem,NSW1
2017-10-05 19:05:00,331.0,wind,MW,nem,NSW1
2017-10-05 19:10:00,314.6,wind,MW,nem,NSW1
2017-10-05 19:15:00,302.2,wind,MW,nem,NSW1
2017-10-05 19:20:00,282.6,wind,MW,nem,NSW1
2017-10-05 19:25:00,283.1,wind,MW,nem,NSW1
2017-10-05 19:30:00,257.7,wind,MW,nem,NSW1
2017-10-05 19:35:00,240.2,wind,MW,nem,NSW1
2017-10-05 19:40:00,216.1,wind,MW,nem,NSW1
2017-10-05 19:45:00,210.7,wind,MW,nem,NSW1
2017-10-05 19:50:00,210.7,wind,MW,nem,NSW1
2017-10-05 19:55:00,222.1,wind,MW,nem,NSW1
2017-10-05 20:00:00,205.2,wind,MW,nem,NSW1
2017-10-05 20:05:00,205.5,wind,MW,nem,NSW1
2017-10-05 20:10:00,211.3,wind,MW,nem,NSW1
2017-10-05 20:15:00,220.6,wind,MW,nem,NSW1
2017-10-05 20:20:00,217.5,wind,MW,nem,NSW1
2017-10-05 20:25:00,208.9,wind,MW,nem,NSW1
2017-10-05 20:30:00,213.9,wind,MW,nem,NSW1
2017-10-05 20:35:00,194.0,wind,MW,nem,NSW1
2017-10-05 20:40:00,179.5,wind,MW,nem,NSW1
2017-10-05 20:45:00,180.9,wind,MW,nem,NSW1
2017-10-05 20:50:00,166.3,wind,MW,nem,NSW1
2017-10-05 20:55:00,147.2,wind,MW,nem,NSW1
2017-10-05 21:00:00,133.8,wind,MW,nem,NSW1
2017-10-05 21:05:00,133.6,wind,MW,nem,NSW1
2017-10-05 21:10:00,140.0,wind,MW,nem,NSW1
2017-10-05 21:15:00,151.7,wind,MW,nem,NSW1
2017-10-05 21:20:00,162.4,wind,MW,nem,NSW1
2017-10-05 21:25:00,189.6,wind,MW,nem,NSW1
2017-10-05 21:30:00,210.4,wind,MW,nem,NSW1
2017-10-05 21:35:00,208.1,wind,MW,nem,NSW1
2017-10-05 21:40:00,213.9,wind,MW,nem,NSW1
2017-10-05 21:45:00,226.9,wind,MW,nem,NSW1
2017-10-05 21:50:00,227.0,wind,MW,nem,NSW1
2017-10-05 21:55:00,235.9,wind,MW,nem,NSW1
2017-10-05 22:00:00,207.5,wind,MW,nem,NSW1
2017-10-05 22:05:00,176.8,wind,MW,nem,NSW1
2017-10-05 22:10:00,171.2,wind,MW,nem,NSW1
2017-10-05 22:15:00,194.7,wind,MW,nem,NSW1
2017-10-05 22:20:00,196.3,wind,MW,nem,NSW1
2017-10-05 22:25:00,165.7,wind,MW,nem,NSW1
2017-10-05 22:30:00,156.9,wind,MW,nem,NSW1
2017-10-05 22:35:00,175.1,wind,MW,nem,NSW1
2017-10-05 22:40:00,220.4,wind,MW,nem,NSW1
2017-10-05 22:45:00,242.6,wind,MW,nem,NSW1
2017-10-05 22:50:00,247.0,wind,MW,nem,NSW1
2017-10-05 22:55:00,275.0,wind,MW,nem,NSW1
2017-10-05 23:00:00,311.7,wind,MW,nem,NSW1
2017-10-05 23:05:00,327.0,wind,MW,nem,NSW1
2017-10-05 23:10:00,352.3,wind,MW,nem,NSW1
2017-10-05 23:15:00,345.3,wind,MW,nem,NSW1
2017-10-05 23:20:00,353.8,wind,MW,nem,NSW1
2017-10-05 23:25:00,353.8,wind,MW,nem,NSW1
2017-10-05 23:30:00,359.2,wind,MW,nem,NSW1
2017-10-05 23:35:00,354.9,wind,MW,nem,NSW1
2017-10-05 23:40:00,348.9,wind,MW,nem,NSW1
2017-10-05 23:45:00,326.0,wind,MW,nem,NSW1
2017-10-05 23:50:00,334.4,wind,MW,nem,NSW1
2017-10-05 23:55:00,325.6,wind,MW,nem,NSW1
2017-10-06 00:00:00,319.3,wind,MW,nem,NSW1
2017-10-06 00:05:00,331.5,wind,MW,nem,NSW1
2017-10-06 00:10:00,338.5,wind,MW,nem,NSW1
2017-10-06 00:15:00,355.9,wind,MW,nem,NSW1
2017-10-06 00:20:00,347.9,wind,MW,nem,NSW1
2017-10-06 00:25:00,356.4,wind,MW,nem,NSW1
2017-10-06 00:30:00,352.3,wind,MW,nem,NSW1
2017-10-06 00:35:00,343.8,wind,MW,nem,NSW1
2017-10-06 00:40:00,359.2,wind,MW,nem,NSW1
2017-10-06 00:45:00,358.1,wind,MW,nem,NSW1
2017-10-06 00:50:00,365.0,wind,MW,nem,NSW1
2017-10-06 00:55:00,390.2,wind,MW,nem,NSW1
2017-10-06 01:00:00,412.7,wind,MW,nem,NSW1
2017-10-06 01:05:00,419.4,wind,MW,nem,NSW1
2017-10-06 01:10:00,420.4,wind,MW,nem,NSW1
2017-10-06 01:15:00,431.9,wind,MW,nem,NSW1
2017-10-06 01:20:00,440.4,wind,MW,nem,NSW1
2017-10-06 01:25:00,448.0,wind,MW,nem,NSW1
2017-10-06 01:30:00,448.2,wind,MW,nem,NSW1
2017-10-06 01:35:00,450.2,wind,MW,nem,NSW1
2017-10-06 01:40:00,461.8,wind,MW,nem,NSW1
2017-10-06 01:45:00,458.5,wind,MW,nem,NSW1
2017-10-06 01:50:00,447.1,wind,MW,nem,NSW1
2017-10-06 01:55:00,453.6,wind,MW,nem,NSW1
2017-10-06 02:00:00,469.6,wind,MW,nem,NSW1
2017-10-06 02:05:00,477.1,wind,MW,nem,NSW1
2017-10-06 02:10:00,464.0,wind,MW,nem,NSW1
2017-10-06 02:15:00,464.3,wind,MW,nem,NSW1
2017-10-06 02:20:00,450.4,wind,MW,nem,NSW1
2017-10-06 02:25:00,437.8,wind,MW,nem,NSW1
2017-10-06 02:30:00,424.7,wind,MW,nem,NSW1
2017-10-06 02:35:00,432.1,wind,MW,nem,NSW1
2017-10-06 02:40:00,424.0,wind,MW,nem,NSW1
2017-10-06 02:45:00,410.6,wind,MW,nem,NSW1
2017-10-06 02:50:00,407.4,wind,MW,nem,NSW1
2017-10-06 02:55:00,403.1,wind,MW,nem,NSW1
2017-10-06 03:00:00,423.5,wind,MW,nem,NSW1
2017-10-06 03:05:00,437.7,wind,MW,nem,NSW1
2017-10-06 03:10:00,433.4,wind,MW,nem,NSW1
2017-10-06 03:15:00,435.9,wind,MW,nem,NSW1
2017-10-06 03:20:00,447.5,wind,MW,nem,NSW1
2017-10-06 03:25:00,438.4,wind,MW,nem,NSW1
2017-10-06 03:30:00,428.0,wind,MW,nem,NSW1
2017-10-06 03:35:00,404.7,wind,MW,nem,NSW1
2017-10-06 03:40:00,390.9,wind,MW,nem,NSW1
2017-10-06 03:45:00,382.0,wind,MW,nem,NSW1
2017-10-06 03:50:00,372.6,wind,MW,nem,NSW1
2017-10-06 03:55:00,357.2,wind,MW,nem,NSW1
2017-10-06 04:00:00,349.7,wind,MW,nem,NSW1
2017-10-06 04:05:00,344.2,wind,MW,nem,NSW1
2017-10-06 04:10:00,360.1,wind,MW,nem,NSW1
2017-10-06 04:15:00,369.9,wind,MW,nem,NSW1
2017-10-06 04:20:00,382.3,wind,MW,nem,NSW1
2017-10-06 04:25:00,384.5,wind,MW,nem,NSW1
2017-10-06 04:30:00,392.6,wind,MW,nem,NSW1
2017-10-06 04:35:00,392.8,wind,MW,nem,NSW1
2017-10-06 04:40:00,401.8,wind,MW,nem,NSW1
2017-10-06 04:45:00,425.3,wind,MW,nem,NSW1
2017-10-06 04:50:00,429.1,wind,MW,nem,NSW1
2017-10-06 04:55:00,431.7,wind,MW,nem,NSW1
2017-10-06 05:00:00,426.9,wind,MW,nem,NSW1
2017-10-06 05:05:00,428.8,wind,MW,nem,NSW1
2017-10-06 05:10:00,418.8,wind,MW,nem,NSW1
2017-10-06 05:15:00,428.4,wind,MW,nem,NSW1
2017-10-06 05:20:00,405.8,wind,MW,nem,NSW1
2017-10-06 05:25:00,386.6,wind,MW,nem,NSW1
2017-10-06 05:30:00,399.3,wind,MW,nem,NSW1
2017-10-06 05:35:00,416.0,wind,MW,nem,NSW1
2017-10-06 05:40:00,402.0,wind,MW,nem,NSW1
2017-10-06 05:45:00,385.6,wind,MW,nem,NSW1
2017-10-06 05:50:00,356.0,wind,MW,nem,NSW1
2017-10-06 05:55:00,351.2,wind,MW,nem,NSW1
2017-10-06 06:00:00,336.2,wind,MW,nem,NSW1
2017-10-06 06:05:00,344.5,wind,MW,nem,NSW1
2017-10-06 06:10:00,339.0,wind,MW,nem,NSW1
2017-10-06 06:15:00,333.4,wind,MW,nem,NSW1
2017-10-06 06:20:00,320.5,wind,MW,nem,NSW1
2017-10-06 06:25:00,318.5,wind,MW,nem,NSW1
2017-10-06 06:30:00,319.2,wind,MW,nem,NSW1
2017-10-06 06:35:00,325.4,wind,MW,nem,NSW1
2017-10-06 06:40:00,318.3,wind,MW,nem,NSW1
2017-10-06 06:45:00,313.5,wind,MW,nem,NSW1
2017-10-06 06:50:00,305.6,wind,MW,nem,NSW1
2017-10-06 06:55:00,313.3,wind,MW,nem,NSW1
2017-10-06 07:00:00,304.4,wind,MW,nem,NSW1
2017-10-06 07:05:00,305.0,wind,MW,nem,NSW1
2017-10-06 07:10:00,317.0,wind,MW,nem,NSW1
2017-10-06 07:15:00,322.7,wind,MW,nem,NSW1
2017-10-06 07:20:00,315.7,wind,MW,nem,NSW1
2017-10-06 07:25:00,323.4,wind,MW,nem,NSW1
2017-10-06 07:30:00,326.4,wind,MW,nem,NSW1
2017-10-06 07:35:00,333.8,wind,MW,nem,NSW1
2017-10-06 07:40:00,345.8,wind,MW,nem,NSW1
2017-10-06 07:45:00,335.0,wind,MW,nem,NSW1
2017-10-06 07:50:00,337.4,wind,MW,nem,NSW1
2017-10-06 07:55:00,329.7,wind,MW,nem,NSW1
2017-10-06 08:00:00,338.4,wind,MW,nem,NSW1
2017-10-06 08:05:00,327.1,wind,MW,nem,NSW1
2017-10-06 08:10:00,326.1,wind,MW,nem,NSW1
2017-10-06 08:15:00,317.3,wind,MW,nem,NSW1
2017-10-06 08:20:00,307.9,wind,MW,nem,NSW1
2017-10-06 08:25:00,302.1,wind,MW,nem,NSW1
2017-10-06 08:30:00,311.1,wind,MW,nem,NSW1
2017-10-06 08:35:00,303.0,wind,MW,nem,NSW1
2017-10-06 08:40:00,289.6,wind,MW,nem,NSW1
2017-10-06 08:45:00,273.7,wind,MW,nem,NSW1
2017-10-06 08:50:00,264.8,wind,MW,nem,NSW1
2017-10-06 08:55:00,252.0,wind,MW,nem,NSW1
2017-10-06 09:00:00,244.7,wind,MW,nem,NSW1
2017-10-06 09:05:00,246.8,wind,MW,nem,NSW1
2017-10-06 09:10:00,231.1,wind,MW,nem,NSW1
2017-10-06 09:15:00,229.6,wind,MW,nem,NSW1
2017-10-06 09:20:00,228.2,wind,MW,nem,NSW1
2017-10-06 09:25:00,228.9,wind,MW,nem,NSW1
2017-10-06 09:30:00,233.1,wind,MW,nem,NSW1
2017-10-06 09:35:00,240.0,wind,MW,nem,NSW1
2017-10-06 09:40:00,239.8,wind,MW,nem,NSW1
2017-10-06 09:45:00,225.8,wind,MW,nem,NSW1
2017-10-06 09:50:00,217.1,wind,MW,nem,NSW1
2017-10-06 09:55:00,203.3,wind,MW,nem,NSW1
2017-10-06 10:00:00,192.7,wind,MW,nem,NSW1
2017-10-06 10:05:00,197.8,wind,MW,nem,NSW1
2017-10-06 10:10:00,206.7,wind,MW,nem,NSW1
2017-10-06 10:15:00,207.4,wind,MW,nem,NSW1
2017-10-06 10:20:00,204.9,wind,MW,nem,NSW1
2017-10-06 10:25:00,205.9,wind,MW,nem,NSW1
2017-10-06 10:30:00,202.7,wind,MW,nem,NSW1
2017-10-06 10:35:00,201.0,wind,MW,nem,NSW1
2017-10-06 10:40:00,194.7,wind,MW,nem,NSW1
2017-10-06 10:45:00,196.0,wind,MW,nem,NSW1
2017-10-06 10:50:00,204.8,wind,MW,nem,NSW1
2017-10-06 10:55:00,212.7,wind,MW,nem,NSW1
2017-10-06 11:00:00,212.3,wind,MW,nem,NSW1
2017-10-06 11:05:00,210.2,wind,MW,nem,NSW1
2017-10-06 11:10:00,209.4,wind,MW,nem,NSW1
2017-10-06 11:15:00,205.5,wind,MW,nem,NSW1
2017-10-06 11:20:00,203.1,wind,MW,nem,NSW1
2017-10-06 11:25:00,218.4,wind,MW,nem,NSW1
2017-10-06 11:30:00,220.8,wind,MW,nem,NSW1
2017-10-06 11:35:00,215.5,wind,MW,nem,NSW1
2017-10-06 11:40:00,203.4,wind,MW,nem,NSW1
2017-10-06 11:45:00,207.6,wind,MW,nem,NSW1
2017-10-06 11:50:00,232.1,wind,MW,nem,NSW1
2017-10-06 11:55:00,220.5,wind,MW,nem,NSW1
2017-10-06 12:00:00,245.0,wind,MW,nem,NSW1
2017-10-06 12:05:00,228.1,wind,MW,nem,NSW1
2017-10-06 12:10:00,212.0,wind,MW,nem,NSW1
2017-10-06 12:15:00,236.7,wind,MW,nem,NSW1
2017-10-06 12:20:00,230.2,wind,MW,nem,NSW1
2017-10-06 12:25:00,224.4,wind,MW,nem,NSW1
2017-10-06 12:30:00,221.7,wind,MW,nem,NSW1
2017-10-06 12:35:00,225.9,wind,MW,nem,NSW1
2017-10-06 12:40:00,223.9,wind,MW,nem,NSW1
2017-10-06 12:45:00,229.5,wind,MW,nem,NSW1
2017-10-06 12:50:00,210.4,wind,MW,nem,NSW1
2017-10-06 12:55:00,201.2,wind,MW,nem,NSW1
2017-10-06 13:00:00,221.6,wind,MW,nem,NSW1
2017-10-06 13:05:00,210.8,wind,MW,nem,NSW1
2017-10-06 13:10:00,215.7,wind,MW,nem,NSW1
2017-10-06 13:15:00,197.5,wind,MW,nem,NSW1
2017-10-06 13:20:00,195.1,wind,MW,nem,NSW1
2017-10-06 13:25:00,200.6,wind,MW,nem,NSW1
2017-10-06 13:30:00,208.9,wind,MW,nem,NSW1
2017-10-06 13:35:00,212.9,wind,MW,nem,NSW1
2017-10-06 13:40:00,192.5,wind,MW,nem,NSW1
2017-10-06 13:45:00,207.4,wind,MW,nem,NSW1
2017-10-06 13:50:00,202.8,wind,MW,nem,NSW1
2017-10-06 13:55:00,211.5,wind,MW,nem,NSW1
2017-10-06 14:00:00,209.6,wind,MW,nem,NSW1
2017-10-06 14:05:00,216.8,wind,MW,nem,NSW1
2017-10-06 14:10:00,231.4,wind,MW,nem,NSW1
2017-10-06 14:15:00,237.8,wind,MW,nem,NSW1
2017-10-06 14:20:00,216.2,wind,MW,nem,NSW1
2017-10-06 14:25:00,226.3,wind,MW,nem,NSW1
2017-10-06 14:30:00,211.0,wind,MW,nem,NSW1
2017-10-06 14:35:00,214.2,wind,MW,nem,NSW1
2017-10-06 14:40:00,212.9,wind,MW,nem,NSW1
2017-10-06 14:45:00,215.4,wind,MW,nem,NSW1
2017-10-06 14:50:00,212.6,wind,MW,nem,NSW1
2017-10-06 14:55:00,206.6,wind,MW,nem,NSW1
2017-10-06 15:00:00,208.1,wind,MW,nem,NSW1
2017-10-06 15:05:00,204.5,wind,MW,nem,NSW1
2017-10-06 15:10:00,205.3,wind,MW,nem,NSW1
2017-10-06 15:15:00,196.3,wind,MW,nem,NSW1
2017-10-06 15:20:00,184.0,wind,MW,nem,NSW1
2017-10-06 15:25:00,169.2,wind,MW,nem,NSW1
2017-10-06 15:30:00,139.9,wind,MW,nem,NSW1
2017-10-06 15:35:00,144.5,wind,MW,nem,NSW1
2017-10-06 15:40:00,143.8,wind,MW,nem,NSW1
2017-10-06 15:45:00,128.9,wind,MW,nem,NSW1
2017-10-06 15:50:00,135.3,wind,MW,nem,NSW1
2017-10-06 15:55:00,137.9,wind,MW,nem,NSW1
2017-10-06 16:00:00,119.5,wind,MW,nem,NSW1
2017-10-06 16:05:00,125.9,wind,MW,nem,NSW1
2017-10-06 16:10:00,124.7,wind,MW,nem,NSW1
2017-10-06 16:15:00,127.3,wind,MW,nem,NSW1
2017-10-06 16:20:00,123.0,wind,MW,nem,NSW1
2017-10-06 16:25:00,109.3,wind,MW,nem,NSW1
2017-10-06 16:30:00,119.1,wind,MW,nem,NSW1
2017-10-06 16:35:00,113.0,wind,MW,nem,NSW1
2017-10-06 16:40:00,114.3,wind,MW,nem,NSW1
2017-10-06 16:45:00,114.1,wind,MW,nem,NSW1
2017-10-06 16:50:00,124.0,wind,MW,nem,NSW1
2017-10-06 16:55:00,140.5,wind,MW,nem,NSW1
2017-10-06 17:00:00,151.9,wind,MW,nem,NSW1
2017-10-06 17:05:00,141.4,wind,MW,nem,NSW1
2017-10-06 17:10:00,155.2,wind,MW,nem,NSW1
2017-10-06 17:15:00,152.6,wind,MW,nem,NSW1
2017-10-06 17:20:00,134.3,wind,MW,nem,NSW1
2017-10-06 17:25:00,121.8,wind,MW,nem,NSW1
2017-10-06 17:30:00,106.2,wind,MW,nem,NSW1
2017-10-06 17:35:00,111.3,wind,MW,nem,NSW1
2017-10-06 17:40:00,115.9,wind,MW,nem,NSW1
2017-10-06 17:45:00,116.9,wind,MW,nem,NSW1
2017-10-06 17:50:00,126.9,wind,MW,nem,NSW1
2017-10-06 17:55:00,141.3,wind,MW,nem,NSW1
2017-10-06 18:00:00,143.0,wind,MW,nem,NSW1
2017-10-06 18:05:00,141.4,wind,MW,nem,NSW1
2017-10-06 18:10:00,139.8,wind,MW,nem,NSW1
2017-10-06 18:15:00,121.1,wind,MW,nem,NSW1
2017-10-06 18:20:00,117.5,wind,MW,nem,NSW1
2017-10-06 18:25:00,125.0,wind,MW,nem,NSW1
2017-10-06 18:30:00,122.0,wind,MW,nem,NSW1
2017-10-06 18:35:00,131.1,wind,MW,nem,NSW1
2017-10-06 18:40:00,124.9,wind,MW,nem,NSW1
2017-10-06 18:45:00,118.3,wind,MW,nem,NSW1
2017-10-06 18:50:00,115.4,wind,MW,nem,NSW1
2017-10-06 18:55:00,124.1,wind,MW,nem,NSW1
2017-10-06 19:00:00,137.8,wind,MW,nem,NSW1
2017-10-06 19:05:00,155.9,wind,MW,nem,NSW1
2017-10-06 19:10:00,152.3,wind,MW,nem,NSW1
2017-10-06 19:15:00,164.1,wind,MW,nem,NSW1
2017-10-06 19:20:00,163.2,wind,MW,nem,NSW1
2017-10-06 19:25:00,162.8,wind,MW,nem,NSW1
2017-10-06 19:30:00,180.8,wind,MW,nem,NSW1
2017-10-06 19:35:00,188.5,wind,MW,nem,NSW1
2017-10-06 19:40:00,183.7,wind,MW,nem,NSW1
2017-10-06 19:45:00,184.0,wind,MW,nem,NSW1
2017-10-06 19:50:00,182.3,wind,MW,nem,NSW1
2017-10-06 19:55:00,173.7,wind,MW,nem,NSW1
2017-10-06 20:00:00,169.5,wind,MW,nem,NSW1
2017-10-06 20:05:00,167.7,wind,MW,nem,NSW1
2017-10-06 20:10:00,154.2,wind,MW,nem,NSW1
2017-10-06 20:15:00,154.5,wind,MW,nem,NSW1
2017-10-06 20:20:00,163.7,wind,MW,nem,NSW1
2017-10-06 20:25:00,167.6,wind,MW,nem,NSW1
2017-10-06 20:30:00,175.6,wind,MW,nem,NSW1
2017-10-06 20:35:00,170.8,wind,MW,nem,NSW1
2017-10-06 20:40:00,166.8,wind,MW,nem,NSW1
2017-10-06 20:45:00,166.7,wind,MW,nem,NSW1
2017-10-06 20:50:00,156.1,wind,MW,nem,NSW1
2017-10-06 20:55:00,151.1,wind,MW,nem,NSW1
2017-10-06 21:00:00,133.8,wind,MW,nem,NSW1
2017-10-06 21:05:00,137.1,wind,MW,nem,NSW1
2017-10-06 21:10:00,120.5,wind,MW,nem,NSW1
2017-10-06 21:15:00,117.9,wind,MW,nem,NSW1
2017-10-06 21:20:00,115.0,wind,MW,nem,NSW1
2017-10-06 21:25:00,115.2,wind,MW,nem,NSW1
2017-10-06 21:30:00,120.8,wind,MW,nem,NSW1
2017-10-06 21:35:00,118.1,wind,MW,nem,NSW1
2017-10-06 21:40:00,117.8,wind,MW,nem,NSW1
2017-10-06 21:45:00,117.9,wind,MW,nem,NSW1
2017-10-06 21:50:00,121.2,wind,MW,nem,NSW1
2017-10-06 21:55:00,122.4,wind,MW,nem,NSW1
2017-10-06 22:00:00,118.7,wind,MW,nem,NSW1
2017-10-06 22:05:00,121.4,wind,MW,nem,NSW1
2017-10-06 22:10:00,131.3,wind,MW,nem,NSW1
2017-10-06 22:15:00,131.5,wind,MW,nem,NSW1
2017-10-06 22:20:00,132.9,wind,MW,nem,NSW1
2017-10-06 22:25:00,145.0,wind,MW,nem,NSW1
2017-10-06 22:30:00,141.8,wind,MW,nem,NSW1
2017-10-06 22:35:00,152.4,wind,MW,nem,NSW1
2017-10-06 22:40:00,154.5,wind,MW,nem,NSW1
2017-10-06 22:45:00,161.1,wind,MW,nem,NSW1
2017-10-06 22:50:00,158.7,wind,MW,nem,NSW1
2017-10-06 22:55:00,171.2,wind,MW,nem,NSW1
2017-10-06 23:00:00,185.0,wind,MW,nem,NSW1
2017-10-06 23:05:00,181.0,wind,MW,nem,NSW1
2017-10-06 23:10:00,192.7,wind,MW,nem,NSW1
2017-10-06 23:15:00,189.4,wind,MW,nem,NSW1
2017-10-06 23:20:00,177.7,wind,MW,nem,NSW1
2017-10-06 23:25:00,179.3,wind,MW,nem,NSW1
2017-10-06 23:30:00,182.2,wind,MW,nem,NSW1
2017-10-06 23:35:00,176.1,wind,MW,nem,NSW1
2017-10-06 23:40:00,179.9,wind,MW,nem,NSW1
2017-10-06 23:45:00,179.1,wind,MW,nem,NSW1
2017-10-06 23:50:00,173.0,wind,MW,nem,NSW1
2017-10-06 23:55:00,182.9,wind,MW,nem,NSW1
2017-10-07 00:00:00,193.7,wind,MW,nem,NSW1
2017-10-07 00:05:00,197.0,wind,MW,nem,NSW1
2017-10-07 00:10:00,197.4,wind,MW,nem,NSW1
2017-10-07 00:15:00,190.1,wind,MW,nem,NSW1
2017-10-07 00:20:00,198.5,wind,MW,nem,NSW1
2017-10-07 00:25:00,200.7,wind,MW,nem,NSW1
2017-10-07 00:30:00,198.1,wind,MW,nem,NSW1
2017-10-07 00:35:00,196.0,wind,MW,nem,NSW1
2017-10-07 00:40:00,203.4,wind,MW,nem,NSW1
2017-10-07 00:45:00,208.7,wind,MW,nem,NSW1
2017-10-07 00:50:00,214.5,wind,MW,nem,NSW1
2017-10-07 00:55:00,219.7,wind,MW,nem,NSW1
2017-10-07 01:00:00,229.9,wind,MW,nem,NSW1
2017-10-07 01:05:00,239.3,wind,MW,nem,NSW1
2017-10-07 01:10:00,242.8,wind,MW,nem,NSW1
2017-10-07 01:15:00,236.8,wind,MW,nem,NSW1
2017-10-07 01:20:00,230.6,wind,MW,nem,NSW1
2017-10-07 01:25:00,225.7,wind,MW,nem,NSW1
2017-10-07 01:30:00,224.3,wind,MW,nem,NSW1
2017-10-07 01:35:00,237.1,wind,MW,nem,NSW1
2017-10-07 01:40:00,236.0,wind,MW,nem,NSW1
2017-10-07 01:45:00,233.0,wind,MW,nem,NSW1
2017-10-07 01:50:00,230.2,wind,MW,nem,NSW1
2017-10-07 01:55:00,227.2,wind,MW,nem,NSW1
2017-10-07 02:00:00,231.4,wind,MW,nem,NSW1
2017-10-07 02:05:00,233.6,wind,MW,nem,NSW1
2017-10-07 02:10:00,236.1,wind,MW,nem,NSW1
2017-10-07 02:15:00,239.8,wind,MW,nem,NSW1
2017-10-07 02:20:00,233.8,wind,MW,nem,NSW1
2017-10-07 02:25:00,226.1,wind,MW,nem,NSW1
2017-10-07 02:30:00,232.4,wind,MW,nem,NSW1
2017-10-07 02:35:00,219.8,wind,MW,nem,NSW1
2017-10-07 02:40:00,215.5,wind,MW,nem,NSW1
2017-10-07 02:45:00,212.2,wind,MW,nem,NSW1
2017-10-07 02:50:00,207.4,wind,MW,nem,NSW1
2017-10-07 02:55:00,207.4,wind,MW,nem,NSW1
2017-10-07 03:00:00,209.8,wind,MW,nem,NSW1
2017-10-07 03:05:00,210.1,wind,MW,nem,NSW1
2017-10-07 03:10:00,217.5,wind,MW,nem,NSW1
2017-10-07 03:15:00,229.5,wind,MW,nem,NSW1
2017-10-07 03:20:00,226.8,wind,MW,nem,NSW1
2017-10-07 03:25:00,221.8,wind,MW,nem,NSW1
2017-10-07 03:30:00,218.1,wind,MW,nem,NSW1
2017-10-07 03:35:00,210.6,wind,MW,nem,NSW1
2017-10-07 03:40:00,211.8,wind,MW,nem,NSW1
2017-10-07 03:45:00,211.4,wind,MW,nem,NSW1
2017-10-07 03:50:00,220.5,wind,MW,nem,NSW1
2017-10-07 03:55:00,215.6,wind,MW,nem,NSW1
2017-10-07 04:00:00,205.7,wind,MW,nem,NSW1
2017-10-07 04:05:00,212.1,wind,MW,nem,NSW1
2017-10-07 04:10:00,207.6,wind,MW,nem,NSW1
2017-10-07 04:15:00,206.6,wind,MW,nem,NSW1
2017-10-07 04:20:00,202.8,wind,MW,nem,NSW1
2017-10-07 04:25:00,197.8,wind,MW,nem,NSW1
2017-10-07 04:30:00,197.0,wind,MW,nem,NSW1
2017-10-07 04:35:00,196.4,wind,MW,nem,NSW1
2017-10-07 04:40:00,194.6,wind,MW,nem,NSW1
2017-10-07 04:45:00,193.9,wind,MW,nem,NSW1
2017-10-07 04:50:00,192.7,wind,MW,nem,NSW1
2017-10-07 04:55:00,187.3,wind,MW,nem,NSW1
2017-10-07 05:00:00,174.7,wind,MW,nem,NSW1
2017-10-07 05:05:00,166.7,wind,MW,nem,NSW1
2017-10-07 05:10:00,163.7,wind,MW,nem,NSW1
2017-10-07 05:15:00,164.1,wind,MW,nem,NSW1
2017-10-07 05:20:00,171.2,wind,MW,nem,NSW1
2017-10-07 05:25:00,171.9,wind,MW,nem,NSW1
2017-10-07 05:30:00,176.1,wind,MW,nem,NSW1
2017-10-07 05:35:00,177.8,wind,MW,nem,NSW1
2017-10-07 05:40:00,181.7,wind,MW,nem,NSW1
2017-10-07 05:45:00,183.5,wind,MW,nem,NSW1
2017-10-07 05:50:00,184.5,wind,MW,nem,NSW1
2017-10-07 05:55:00,188.9,wind,MW,nem,NSW1
2017-10-07 06:00:00,193.6,wind,MW,nem,NSW1
2017-10-07 06:05:00,197.6,wind,MW,nem,NSW1
2017-10-07 06:10:00,193.8,wind,MW,nem,NSW1
2017-10-07 06:15:00,199.7,wind,MW,nem,NSW1
2017-10-07 06:20:00,192.5,wind,MW,nem,NSW1
2017-10-07 06:25:00,187.5,wind,MW,nem,NSW1
2017-10-07 06:30:00,187.4,wind,MW,nem,NSW1
2017-10-07 06:35:00,188.3,wind,MW,nem,NSW1
2017-10-07 06:40:00,180.2,wind,MW,nem,NSW1
2017-10-07 06:45:00,176.2,wind,MW,nem,NSW1
2017-10-07 06:50:00,174.4,wind,MW,nem,NSW1
2017-10-07 06:55:00,170.7,wind,MW,nem,NSW1
2017-10-07 07:00:00,165.5,wind,MW,nem,NSW1
2017-10-07 07:05:00,162.2,wind,MW,nem,NSW1
2017-10-07 07:10:00,156.0,wind,MW,nem,NSW1
2017-10-07 07:15:00,161.9,wind,MW,nem,NSW1
2017-10-07 07:20:00,164.0,wind,MW,nem,NSW1
2017-10-07 07:25:00,170.2,wind,MW,nem,NSW1
2017-10-07 07:30:00,171.5,wind,MW,nem,NSW1
2017-10-07 07:35:00,172.5,wind,MW,nem,NSW1
2017-10-07 07:40:00,180.6,wind,MW,nem,NSW1
2017-10-07 07:45:00,185.6,wind,MW,nem,NSW1
2017-10-07 07:50:00,199.2,wind,MW,nem,NSW1
2017-10-07 07:55:00,223.6,wind,MW,nem,NSW1
2017-10-07 08:00:00,229.4,wind,MW,nem,NSW1
2017-10-07 08:05:00,229.3,wind,MW,nem,NSW1
2017-10-07 08:10:00,240.2,wind,MW,nem,NSW1
2017-10-07 08:15:00,241.6,wind,MW,nem,NSW1
2017-10-07 08:20:00,273.1,wind,MW,nem,NSW1
2017-10-07 08:25:00,274.8,wind,MW,nem,NSW1
2017-10-07 08:30:00,285.7,wind,MW,nem,NSW1
2017-10-07 08:35:00,282.8,wind,MW,nem,NSW1
2017-10-07 08:40:00,274.9,wind,MW,nem,NSW1
2017-10-07 08:45:00,283.5,wind,MW,nem,NSW1
2017-10-07 08:50:00,271.9,wind,MW,nem,NSW1
2017-10-07 08:55:00,270.9,wind,MW,nem,NSW1
2017-10-07 09:00:00,266.4,wind,MW,nem,NSW1
2017-10-07 09:05:00,273.2,wind,MW,nem,NSW1
2017-10-07 09:10:00,265.0,wind,MW,nem,NSW1
2017-10-07 09:15:00,258.5,wind,MW,nem,NSW1
2017-10-07 09:20:00,248.5,wind,MW,nem,NSW1
2017-10-07 09:25:00,230.9,wind,MW,nem,NSW1
2017-10-07 09:30:00,224.1,wind,MW,nem,NSW1
2017-10-07 09:35:00,225.1,wind,MW,nem,NSW1
2017-10-07 09:40:00,223.5,wind,MW,nem,NSW1
2017-10-07 09:45:00,205.1,wind,MW,nem,NSW1
2017-10-07 09:50:00,214.6,wind,MW,nem,NSW1
2017-10-07 09:55:00,209.9,wind,MW,nem,NSW1
2017-10-07 10:00:00,197.7,wind,MW,nem,NSW1
2017-10-07 10:05:00,181.4,wind,MW,nem,NSW1
2017-10-07 10:10:00,176.2,wind,MW,nem,NSW1
2017-10-07 10:15:00,163.0,wind,MW,nem,NSW1
2017-10-07 10:20:00,157.4,wind,MW,nem,NSW1
2017-10-07 10:25:00,156.3,wind,MW,nem,NSW1
2017-10-07 10:30:00,144.2,wind,MW,nem,NSW1
2017-10-07 10:35:00,146.0,wind,MW,nem,NSW1
2017-10-07 10:40:00,141.6,wind,MW,nem,NSW1
2017-10-07 10:45:00,126.1,wind,MW,nem,NSW1
2017-10-07 10:50:00,127.7,wind,MW,nem,NSW1
2017-10-07 10:55:00,127.3,wind,MW,nem,NSW1
2017-10-07 11:00:00,126.9,wind,MW,nem,NSW1
2017-10-07 11:05:00,115.4,wind,MW,nem,NSW1
2017-10-07 11:10:00,110.6,wind,MW,nem,NSW1
2017-10-07 11:15:00,100.5,wind,MW,nem,NSW1
2017-10-07 11:20:00,104.3,wind,MW,nem,NSW1
2017-10-07 11:25:00,92.13,wind,MW,nem,NSW1
2017-10-07 11:30:00,79.18,wind,MW,nem,NSW1
2017-10-07 11:35:00,85.86,wind,MW,nem,NSW1
2017-10-07 11:40:00,67.13,wind,MW,nem,NSW1
2017-10-07 11:45:00,69.97,wind,MW,nem,NSW1
2017-10-07 11:50:00,74.58,wind,MW,nem,NSW1
2017-10-07 11:55:00,80.53,wind,MW,nem,NSW1
2017-10-07 12:00:00,66.73,wind,MW,nem,NSW1
2017-10-07 12:05:00,63.8,wind,MW,nem,NSW1
2017-10-07 12:10:00,65.89,wind,MW,nem,NSW1
2017-10-07 12:15:00,69.79,wind,MW,nem,NSW1
2017-10-07 12:20:00,59.24,wind,MW,nem,NSW1
2017-10-07 12:25:00,72.61,wind,MW,nem,NSW1
2017-10-07 12:30:00,68.8,wind,MW,nem,NSW1
2017-10-07 12:35:00,70.35,wind,MW,nem,NSW1
2017-10-07 12:40:00,72.57,wind,MW,nem,NSW1
2017-10-07 12:45:00,62.86,wind,MW,nem,NSW1
2017-10-07 12:50:00,61.49,wind,MW,nem,NSW1
2017-10-07 12:55:00,65.01,wind,MW,nem,NSW1
2017-10-07 13:00:00,63.14,wind,MW,nem,NSW1
2017-10-07 13:05:00,58.82,wind,MW,nem,NSW1
2017-10-07 13:10:00,60.48,wind,MW,nem,NSW1
2017-10-07 13:15:00,46.57,wind,MW,nem,NSW1
2017-10-07 13:20:00,66.63,wind,MW,nem,NSW1
2017-10-07 13:25:00,57.5,wind,MW,nem,NSW1
2017-10-07 13:30:00,41.84,wind,MW,nem,NSW1
2017-10-07 13:35:00,59.55,wind,MW,nem,NSW1
2017-10-07 13:40:00,57.47,wind,MW,nem,NSW1
2017-10-07 13:45:00,63.8,wind,MW,nem,NSW1
2017-10-07 13:50:00,62.68,wind,MW,nem,NSW1
2017-10-07 13:55:00,68.97,wind,MW,nem,NSW1
2017-10-07 14:00:00,62.97,wind,MW,nem,NSW1
2017-10-07 14:05:00,75.59,wind,MW,nem,NSW1
2017-10-07 14:10:00,63.95,wind,MW,nem,NSW1
2017-10-07 14:15:00,57.6,wind,MW,nem,NSW1
2017-10-07 14:20:00,53.97,wind,MW,nem,NSW1
2017-10-07 14:25:00,70.59,wind,MW,nem,NSW1
2017-10-07 14:30:00,85.2,wind,MW,nem,NSW1
2017-10-07 14:35:00,74.09,wind,MW,nem,NSW1
2017-10-07 14:40:00,84.77,wind,MW,nem,NSW1
2017-10-07 14:45:00,85.65,wind,MW,nem,NSW1
2017-10-07 14:50:00,97.46,wind,MW,nem,NSW1
2017-10-07 14:55:00,94.91,wind,MW,nem,NSW1
2017-10-07 15:00:00,94.41,wind,MW,nem,NSW1
2017-10-07 15:05:00,106.5,wind,MW,nem,NSW1
2017-10-07 15:10:00,92.08,wind,MW,nem,NSW1
2017-10-07 15:15:00,108.0,wind,MW,nem,NSW1
2017-10-07 15:20:00,123.6,wind,MW,nem,NSW1
2017-10-07 15:25:00,130.3,wind,MW,nem,NSW1
2017-10-07 15:30:00,128.3,wind,MW,nem,NSW1
2017-10-07 15:35:00,138.3,wind,MW,nem,NSW1
2017-10-07 15:40:00,139.5,wind,MW,nem,NSW1
2017-10-07 15:45:00,144.9,wind,MW,nem,NSW1
2017-10-07 15:50:00,148.3,wind,MW,nem,NSW1
2017-10-07 15:55:00,152.3,wind,MW,nem,NSW1
2017-10-07 16:00:00,164.3,wind,MW,nem,NSW1
2017-10-07 16:05:00,184.9,wind,MW,nem,NSW1
2017-10-07 16:10:00,190.5,wind,MW,nem,NSW1
2017-10-07 16:15:00,193.7,wind,MW,nem,NSW1
2017-10-07 16:20:00,193.5,wind,MW,nem,NSW1
2017-10-07 16:25:00,201.5,wind,MW,nem,NSW1
2017-10-07 16:30:00,213.4,wind,MW,nem,NSW1
2017-10-07 16:35:00,215.2,wind,MW,nem,NSW1
2017-10-07 16:40:00,239.4,wind,MW,nem,NSW1
2017-10-07 16:45:00,233.2,wind,MW,nem,NSW1
2017-10-07 16:50:00,244.0,wind,MW,nem,NSW1
2017-10-07 16:55:00,232.1,wind,MW,nem,NSW1
2017-10-07 17:00:00,230.4,wind,MW,nem,NSW1
2017-10-07 17:05:00,225.1,wind,MW,nem,NSW1
2017-10-07 17:10:00,238.0,wind,MW,nem,NSW1
2017-10-07 17:15:00,250.9,wind,MW,nem,NSW1
2017-10-07 17:20:00,244.0,wind,MW,nem,NSW1
2017-10-07 17:25:00,245.6,wind,MW,nem,NSW1
2017-10-07 17:30:00,241.2,wind,MW,nem,NSW1
2017-10-07 17:35:00,250.7,wind,MW,nem,NSW1
2017-10-07 17:40:00,256.7,wind,MW,nem,NSW1
2017-10-07 17:45:00,262.7,wind,MW,nem,NSW1
2017-10-07 17:50:00,277.4,wind,MW,nem,NSW1
2017-10-07 17:55:00,287.9,wind,MW,nem,NSW1
2017-10-07 18:00:00,304.1,wind,MW,nem,NSW1
2017-10-07 18:05:00,307.1,wind,MW,nem,NSW1
2017-10-07 18:10:00,313.9,wind,MW,nem,NSW1
2017-10-07 18:15:00,297.7,wind,MW,nem,NSW1
2017-10-07 18:20:00,288.0,wind,MW,nem,NSW1
2017-10-07 18:25:00,291.2,wind,MW,nem,NSW1
2017-10-07 18:30:00,288.5,wind,MW,nem,NSW1
2017-10-07 18:35:00,288.8,wind,MW,nem,NSW1
2017-10-07 18:40:00,287.4,wind,MW,nem,NSW1
2017-10-07 18:45:00,293.8,wind,MW,nem,NSW1
2017-10-07 18:50:00,290.3,wind,MW,nem,NSW1
2017-10-07 18:55:00,299.2,wind,MW,nem,NSW1
2017-10-07 19:00:00,307.8,wind,MW,nem,NSW1
2017-10-07 19:05:00,320.4,wind,MW,nem,NSW1
2017-10-07 19:10:00,333.2,wind,MW,nem,NSW1
2017-10-07 19:15:00,328.3,wind,MW,nem,NSW1
2017-10-07 19:20:00,321.5,wind,MW,nem,NSW1
2017-10-07 19:25:00,316.1,wind,MW,nem,NSW1
2017-10-07 19:30:00,315.7,wind,MW,nem,NSW1
2017-10-07 19:35:00,323.0,wind,MW,nem,NSW1
2017-10-07 19:40:00,309.7,wind,MW,nem,NSW1
2017-10-07 19:45:00,300.9,wind,MW,nem,NSW1
2017-10-07 19:50:00,303.3,wind,MW,nem,NSW1
2017-10-07 19:55:00,295.9,wind,MW,nem,NSW1
2017-10-07 20:00:00,288.0,wind,MW,nem,NSW1
2017-10-07 20:05:00,304.3,wind,MW,nem,NSW1
2017-10-07 20:10:00,306.3,wind,MW,nem,NSW1
2017-10-07 20:15:00,308.8,wind,MW,nem,NSW1
2017-10-07 20:20:00,311.6,wind,MW,nem,NSW1
2017-10-07 20:25:00,312.9,wind,MW,nem,NSW1
2017-10-07 20:30:00,299.2,wind,MW,nem,NSW1
2017-10-07 20:35:00,294.9,wind,MW,nem,NSW1
2017-10-07 20:40:00,298.3,wind,MW,nem,NSW1
2017-10-07 20:45:00,291.1,wind,MW,nem,NSW1
2017-10-07 20:50:00,280.9,wind,MW,nem,NSW1
2017-10-07 20:55:00,274.0,wind,MW,nem,NSW1
2017-10-07 21:00:00,275.2,wind,MW,nem,NSW1
2017-10-07 21:05:00,276.6,wind,MW,nem,NSW1
2017-10-07 21:10:00,280.6,wind,MW,nem,NSW1
2017-10-07 21:15:00,275.1,wind,MW,nem,NSW1
2017-10-07 21:20:00,268.2,wind,MW,nem,NSW1
2017-10-07 21:25:00,270.9,wind,MW,nem,NSW1
2017-10-07 21:30:00,272.4,wind,MW,nem,NSW1
2017-10-07 21:35:00,276.0,wind,MW,nem,NSW1
2017-10-07 21:40:00,261.9,wind,MW,nem,NSW1
2017-10-07 21:45:00,254.0,wind,MW,nem,NSW1
2017-10-07 21:50:00,254.8,wind,MW,nem,NSW1
2017-10-07 21:55:00,250.4,wind,MW,nem,NSW1
2017-10-07 22:00:00,224.7,wind,MW,nem,NSW1
2017-10-07 22:05:00,216.0,wind,MW,nem,NSW1
2017-10-07 22:10:00,223.4,wind,MW,nem,NSW1
2017-10-07 22:15:00,219.5,wind,MW,nem,NSW1
2017-10-07 22:20:00,217.0,wind,MW,nem,NSW1
2017-10-07 22:25:00,220.3,wind,MW,nem,NSW1
2017-10-07 22:30:00,221.6,wind,MW,nem,NSW1
2017-10-07 22:35:00,224.3,wind,MW,nem,NSW1
2017-10-07 22:40:00,225.8,wind,MW,nem,NSW1
2017-10-07 22:45:00,219.1,wind,MW,nem,NSW1
2017-10-07 22:50:00,218.4,wind,MW,nem,NSW1
2017-10-07 22:55:00,209.0,wind,MW,nem,NSW1
2017-10-07 23:00:00,199.7,wind,MW,nem,NSW1
2017-10-07 23:05:00,186.7,wind,MW,nem,NSW1
2017-10-07 23:10:00,176.0,wind,MW,nem,NSW1
2017-10-07 23:15:00,172.9,wind,MW,nem,NSW1
2017-10-07 23:20:00,175.9,wind,MW,nem,NSW1
2017-10-07 23:25:00,186.6,wind,MW,nem,NSW1
2017-10-07 23:30:00,172.2,wind,MW,nem,NSW1
2017-10-07 23:35:00,181.1,wind,MW,nem,NSW1
2017-10-07 23:40:00,203.5,wind,MW,nem,NSW1
2017-10-07 23:45:00,199.7,wind,MW,nem,NSW1
2017-10-07 23:50:00,192.3,wind,MW,nem,NSW1
2017-10-07 23:55:00,187.6,wind,MW,nem,NSW1
2017-10-08 00:00:00,185.9,wind,MW,nem,NSW1
2017-10-08 00:05:00,192.8,wind,MW,nem,NSW1
2017-10-08 00:10:00,192.4,wind,MW,nem,NSW1
2017-10-08 00:15:00,191.7,wind,MW,nem,NSW1
2017-10-08 00:20:00,185.2,wind,MW,nem,NSW1
2017-10-08 00:25:00,183.8,wind,MW,nem,NSW1
2017-10-08 00:30:00,186.9,wind,MW,nem,NSW1
2017-10-08 00:35:00,190.7,wind,MW,nem,NSW1
2017-10-08 00:40:00,205.0,wind,MW,nem,NSW1
2017-10-08 00:45:00,193.0,wind,MW,nem,NSW1
2017-10-08 00:50:00,182.4,wind,MW,nem,NSW1
2017-10-08 00:55:00,168.9,wind,MW,nem,NSW1
2017-10-08 01:00:00,169.6,wind,MW,nem,NSW1
2017-10-08 01:05:00,162.0,wind,MW,nem,NSW1
2017-10-08 01:10:00,153.4,wind,MW,nem,NSW1
2017-10-08 01:15:00,154.7,wind,MW,nem,NSW1
2017-10-08 01:20:00,152.5,wind,MW,nem,NSW1
2017-10-08 01:25:00,150.5,wind,MW,nem,NSW1
2017-10-08 01:30:00,144.1,wind,MW,nem,NSW1
2017-10-08 01:35:00,144.1,wind,MW,nem,NSW1
2017-10-08 01:40:00,150.5,wind,MW,nem,NSW1
2017-10-08 01:45:00,179.7,wind,MW,nem,NSW1
2017-10-08 01:50:00,183.9,wind,MW,nem,NSW1
2017-10-08 01:55:00,192.3,wind,MW,nem,NSW1
2017-10-08 02:00:00,192.1,wind,MW,nem,NSW1
2017-10-08 02:05:00,187.7,wind,MW,nem,NSW1
2017-10-08 02:10:00,184.9,wind,MW,nem,NSW1
2017-10-08 02:15:00,178.7,wind,MW,nem,NSW1
2017-10-08 02:20:00,167.2,wind,MW,nem,NSW1
2017-10-08 02:25:00,178.1,wind,MW,nem,NSW1
2017-10-08 02:30:00,171.2,wind,MW,nem,NSW1
2017-10-08 02:35:00,170.8,wind,MW,nem,NSW1
2017-10-08 02:40:00,178.4,wind,MW,nem,NSW1
2017-10-08 02:45:00,181.4,wind,MW,nem,NSW1
2017-10-08 02:50:00,193.6,wind,MW,nem,NSW1
2017-10-08 02:55:00,195.3,wind,MW,nem,NSW1
2017-10-08 03:00:00,197.8,wind,MW,nem,NSW1
2017-10-08 03:05:00,194.5,wind,MW,nem,NSW1
2017-10-08 03:10:00,197.9,wind,MW,nem,NSW1
2017-10-08 03:15:00,195.7,wind,MW,nem,NSW1
2017-10-08 03:20:00,188.5,wind,MW,nem,NSW1
2017-10-08 03:25:00,195.3,wind,MW,nem,NSW1
2017-10-08 03:30:00,201.3,wind,MW,nem,NSW1
2017-10-08 03:35:00,201.6,wind,MW,nem,NSW1
2017-10-08 03:40:00,178.4,wind,MW,nem,NSW1
2017-10-08 03:45:00,165.0,wind,MW,nem,NSW1
2017-10-08 03:50:00,155.9,wind,MW,nem,NSW1
2017-10-08 03:55:00,145.1,wind,MW,nem,NSW1
2017-10-08 04:00:00,143.1,wind,MW,nem,NSW1
2017-10-08 04:05:00,143.3,wind,MW,nem,NSW1
2017-10-08 04:10:00,142.2,wind,MW,nem,NSW1
2017-10-08 04:15:00,143.0,wind,MW,nem,NSW1
2017-10-08 04:20:00,147.2,wind,MW,nem,NSW1
2017-10-08 04:25:00,161.0,wind,MW,nem,NSW1
2017-10-08 04:30:00,174.3,wind,MW,nem,NSW1
2017-10-08 04:35:00,180.5,wind,MW,nem,NSW1
2017-10-08 04:40:00,181.9,wind,MW,nem,NSW1
2017-10-08 04:45:00,167.9,wind,MW,nem,NSW1
2017-10-08 04:50:00,159.6,wind,MW,nem,NSW1
2017-10-08 04:55:00,143.9,wind,MW,nem,NSW1
2017-10-08 05:00:00,134.6,wind,MW,nem,NSW1
2017-10-08 05:05:00,136.3,wind,MW,nem,NSW1
2017-10-08 05:10:00,136.6,wind,MW,nem,NSW1
2017-10-08 05:15:00,124.3,wind,MW,nem,NSW1
2017-10-08 05:20:00,124.5,wind,MW,nem,NSW1
2017-10-08 05:25:00,134.8,wind,MW,nem,NSW1
2017-10-08 05:30:00,141.1,wind,MW,nem,NSW1
2017-10-08 05:35:00,143.2,wind,MW,nem,NSW1
2017-10-08 05:40:00,145.8,wind,MW,nem,NSW1
2017-10-08 05:45:00,132.1,wind,MW,nem,NSW1
2017-10-08 05:50:00,126.8,wind,MW,nem,NSW1
2017-10-08 05:55:00,121.4,wind,MW,nem,NSW1
2017-10-08 06:00:00,117.2,wind,MW,nem,NSW1
2017-10-08 06:05:00,114.8,wind,MW,nem,NSW1
2017-10-08 06:10:00,119.0,wind,MW,nem,NSW1
2017-10-08 06:15:00,110.8,wind,MW,nem,NSW1
2017-10-08 06:20:00,107.7,wind,MW,nem,NSW1
2017-10-08 06:25:00,108.4,wind,MW,nem,NSW1
2017-10-08 06:30:00,119.7,wind,MW,nem,NSW1
2017-10-08 06:35:00,114.4,wind,MW,nem,NSW1
2017-10-08 06:40:00,104.9,wind,MW,nem,NSW1
2017-10-08 06:45:00,88.92,wind,MW,nem,NSW1
2017-10-08 06:50:00,80.41,wind,MW,nem,NSW1
2017-10-08 06:55:00,78.19,wind,MW,nem,NSW1
2017-10-08 07:00:00,71.57,wind,MW,nem,NSW1
2017-10-08 07:05:00,81.15,wind,MW,nem,NSW1
2017-10-08 07:10:00,89.12,wind,MW,nem,NSW1
2017-10-08 07:15:00,91.65,wind,MW,nem,NSW1
2017-10-08 07:20:00,105.0,wind,MW,nem,NSW1
2017-10-08 07:25:00,110.0,wind,MW,nem,NSW1
2017-10-08 07:30:00,108.9,wind,MW,nem,NSW1
2017-10-08 07:35:00,105.1,wind,MW,nem,NSW1
2017-10-08 07:40:00,105.2,wind,MW,nem,NSW1
2017-10-08 07:45:00,95.3,wind,MW,nem,NSW1
2017-10-08 07:50:00,90.48,wind,MW,nem,NSW1
2017-10-08 07:55:00,83.52,wind,MW,nem,NSW1
2017-10-08 08:00:00,73.46,wind,MW,nem,NSW1
2017-10-08 08:05:00,70.57,wind,MW,nem,NSW1
2017-10-08 08:10:00,64.37,wind,MW,nem,NSW1
2017-10-08 08:15:00,72.62,wind,MW,nem,NSW1
2017-10-08 08:20:00,72.9,wind,MW,nem,NSW1
2017-10-08 08:25:00,77.9,wind,MW,nem,NSW1
2017-10-08 08:30:00,83.59,wind,MW,nem,NSW1
2017-10-08 08:35:00,89.1,wind,MW,nem,NSW1
2017-10-08 08:40:00,98.59,wind,MW,nem,NSW1
2017-10-08 08:45:00,98.32,wind,MW,nem,NSW1
2017-10-08 08:50:00,103.0,wind,MW,nem,NSW1
2017-10-08 08:55:00,92.49,wind,MW,nem,NSW1
2017-10-08 09:00:00,93.04,wind,MW,nem,NSW1
2017-10-08 09:05:00,96.2,wind,MW,nem,NSW1
2017-10-08 09:10:00,95.78,wind,MW,nem,NSW1
2017-10-08 09:15:00,89.86,wind,MW,nem,NSW1
2017-10-08 09:20:00,85.64,wind,MW,nem,NSW1
2017-10-08 09:25:00,80.0,wind,MW,nem,NSW1
2017-10-08 09:30:00,81.98,wind,MW,nem,NSW1
2017-10-08 09:35:00,77.32,wind,MW,nem,NSW1
2017-10-08 09:40:00,73.39,wind,MW,nem,NSW1
2017-10-08 09:45:00,72.0,wind,MW,nem,NSW1
2017-10-08 09:50:00,62.52,wind,MW,nem,NSW1
2017-10-08 09:55:00,57.7,wind,MW,nem,NSW1
2017-10-08 10:00:00,56.82,wind,MW,nem,NSW1
2017-10-08 10:05:00,54.99,wind,MW,nem,NSW1
2017-10-08 10:10:00,61.31,wind,MW,nem,NSW1
2017-10-08 10:15:00,74.77,wind,MW,nem,NSW1
2017-10-08 10:20:00,79.41,wind,MW,nem,NSW1
2017-10-08 10:25:00,90.67,wind,MW,nem,NSW1
2017-10-08 10:30:00,97.67,wind,MW,nem,NSW1
2017-10-08 10:35:00,95.56,wind,MW,nem,NSW1
2017-10-08 10:40:00,88.64,wind,MW,nem,NSW1
2017-10-08 10:45:00,112.5,wind,MW,nem,NSW1
2017-10-08 10:50:00,107.5,wind,MW,nem,NSW1
2017-10-08 10:55:00,117.1,wind,MW,nem,NSW1
2017-10-08 11:00:00,117.9,wind,MW,nem,NSW1
2017-10-08 11:05:00,131.1,wind,MW,nem,NSW1
2017-10-08 11:10:00,137.3,wind,MW,nem,NSW1
2017-10-08 11:15:00,152.0,wind,MW,nem,NSW1
2017-10-08 11:20:00,160.7,wind,MW,nem,NSW1
2017-10-08 11:25:00,179.7,wind,MW,nem,NSW1
2017-10-08 11:30:00,188.1,wind,MW,nem,NSW1
2017-10-08 11:35:00,196.6,wind,MW,nem,NSW1
2017-10-08 11:40:00,208.9,wind,MW,nem,NSW1
2017-10-08 11:45:00,193.2,wind,MW,nem,NSW1
2017-10-08 11:50:00,197.5,wind,MW,nem,NSW1
2017-10-08 11:55:00,204.6,wind,MW,nem,NSW1
2017-10-08 12:00:00,200.9,wind,MW,nem,NSW1
2017-10-08 12:05:00,210.8,wind,MW,nem,NSW1
2017-10-08 12:10:00,218.1,wind,MW,nem,NSW1
2017-10-08 12:15:00,215.1,wind,MW,nem,NSW1
2017-10-08 12:20:00,226.9,wind,MW,nem,NSW1
2017-10-08 12:25:00,228.2,wind,MW,nem,NSW1
2017-10-08 12:30:00,248.0,wind,MW,nem,NSW1
2017-10-08 12:35:00,243.2,wind,MW,nem,NSW1
2017-10-08 12:40:00,254.2,wind,MW,nem,NSW1
2017-10-08 12:45:00,249.9,wind,MW,nem,NSW1
2017-10-08 12:50:00,244.3,wind,MW,nem,NSW1
2017-10-08 12:55:00,259.7,wind,MW,nem,NSW1
2017-10-08 13:00:00,279.3,wind,MW,nem,NSW1
2017-10-08 13:05:00,275.7,wind,MW,nem,NSW1
2017-10-08 13:10:00,273.6,wind,MW,nem,NSW1
2017-10-08 13:15:00,262.3,wind,MW,nem,NSW1
2017-10-08 13:20:00,260.2,wind,MW,nem,NSW1
2017-10-08 13:25:00,273.0,wind,MW,nem,NSW1
2017-10-08 13:30:00,279.5,wind,MW,nem,NSW1
2017-10-08 13:35:00,276.5,wind,MW,nem,NSW1
2017-10-08 13:40:00,284.3,wind,MW,nem,NSW1
2017-10-08 13:45:00,260.5,wind,MW,nem,NSW1
2017-10-08 13:50:00,251.9,wind,MW,nem,NSW1
2017-10-08 13:55:00,251.6,wind,MW,nem,NSW1
2017-10-08 14:00:00,233.4,wind,MW,nem,NSW1
2017-10-08 14:05:00,227.7,wind,MW,nem,NSW1
2017-10-08 14:10:00,243.0,wind,MW,nem,NSW1
2017-10-08 14:15:00,236.3,wind,MW,nem,NSW1
2017-10-08 14:20:00,243.4,wind,MW,nem,NSW1
2017-10-08 14:25:00,235.1,wind,MW,nem,NSW1
2017-10-08 14:30:00,209.9,wind,MW,nem,NSW1
2017-10-08 14:35:00,196.1,wind,MW,nem,NSW1
2017-10-08 14:40:00,206.1,wind,MW,nem,NSW1
2017-10-08 14:45:00,190.7,wind,MW,nem,NSW1
2017-10-08 14:50:00,175.7,wind,MW,nem,NSW1
2017-10-08 14:55:00,161.7,wind,MW,nem,NSW1
2017-10-08 15:00:00,152.6,wind,MW,nem,NSW1
2017-10-08 15:05:00,155.9,wind,MW,nem,NSW1
2017-10-08 15:10:00,140.4,wind,MW,nem,NSW1
2017-10-08 15:15:00,141.6,wind,MW,nem,NSW1
2017-10-08 15:20:00,155.0,wind,MW,nem,NSW1
2017-10-08 15:25:00,162.9,wind,MW,nem,NSW1
2017-10-08 15:30:00,179.6,wind,MW,nem,NSW1
2017-10-08 15:35:00,183.7,wind,MW,nem,NSW1
2017-10-08 15:40:00,166.2,wind,MW,nem,NSW1
2017-10-08 15:45:00,160.6,wind,MW,nem,NSW1
2017-10-08 15:50:00,161.0,wind,MW,nem,NSW1
2017-10-08 15:55:00,157.8,wind,MW,nem,NSW1
2017-10-08 16:00:00,157.1,wind,MW,nem,NSW1
2017-10-08 16:05:00,144.9,wind,MW,nem,NSW1
2017-10-08 16:10:00,141.1,wind,MW,nem,NSW1
2017-10-08 16:15:00,124.8,wind,MW,nem,NSW1
2017-10-08 16:20:00,123.7,wind,MW,nem,NSW1
2017-10-08 16:25:00,126.5,wind,MW,nem,NSW1
2017-10-08 16:30:00,120.8,wind,MW,nem,NSW1
2017-10-08 16:35:00,101.8,wind,MW,nem,NSW1
2017-10-08 16:40:00,93.14,wind,MW,nem,NSW1
2017-10-08 16:45:00,86.82,wind,MW,nem,NSW1
2017-10-08 16:50:00,93.35,wind,MW,nem,NSW1
2017-10-08 16:55:00,87.02,wind,MW,nem,NSW1
2017-10-08 17:00:00,82.11,wind,MW,nem,NSW1
2017-10-08 17:05:00,71.67,wind,MW,nem,NSW1
2017-10-08 17:10:00,67.0,wind,MW,nem,NSW1
2017-10-08 17:15:00,61.57,wind,MW,nem,NSW1
2017-10-08 17:20:00,58.88,wind,MW,nem,NSW1
2017-10-08 17:25:00,63.87,wind,MW,nem,NSW1
2017-10-08 17:30:00,77.78,wind,MW,nem,NSW1
2017-10-08 17:35:00,78.18,wind,MW,nem,NSW1
2017-10-08 17:40:00,89.41,wind,MW,nem,NSW1
2017-10-08 17:45:00,93.07,wind,MW,nem,NSW1
2017-10-08 17:50:00,92.27,wind,MW,nem,NSW1
2017-10-08 17:55:00,91.03,wind,MW,nem,NSW1
2017-10-08 18:00:00,93.64,wind,MW,nem,NSW1
2017-10-08 18:05:00,87.01,wind,MW,nem,NSW1
2017-10-08 18:10:00,87.93,wind,MW,nem,NSW1
2017-10-08 18:15:00,91.85,wind,MW,nem,NSW1
2017-10-08 18:20:00,105.9,wind,MW,nem,NSW1
2017-10-08 18:25:00,114.2,wind,MW,nem,NSW1
2017-10-08 18:30:00,124.7,wind,MW,nem,NSW1
2017-10-08 18:35:00,143.4,wind,MW,nem,NSW1
2017-10-08 18:40:00,166.3,wind,MW,nem,NSW1
2017-10-08 18:45:00,162.1,wind,MW,nem,NSW1
2017-10-08 18:50:00,164.4,wind,MW,nem,NSW1
2017-10-08 18:55:00,174.4,wind,MW,nem,NSW1
2017-10-08 19:00:00,181.0,wind,MW,nem,NSW1
2017-10-08 19:05:00,196.6,wind,MW,nem,NSW1
2017-10-08 19:10:00,192.5,wind,MW,nem,NSW1
2017-10-08 19:15:00,185.7,wind,MW,nem,NSW1
2017-10-08 19:20:00,179.8,wind,MW,nem,NSW1
2017-10-08 19:25:00,178.0,wind,MW,nem,NSW1
2017-10-08 19:30:00,188.1,wind,MW,nem,NSW1
2017-10-08 19:35:00,209.2,wind,MW,nem,NSW1
2017-10-08 19:40:00,224.2,wind,MW,nem,NSW1
2017-10-08 19:45:00,219.8,wind,MW,nem,NSW1
2017-10-08 19:50:00,233.4,wind,MW,nem,NSW1
2017-10-08 19:55:00,249.7,wind,MW,nem,NSW1
2017-10-08 20:00:00,268.5,wind,MW,nem,NSW1
2017-10-08 20:05:00,286.3,wind,MW,nem,NSW1
2017-10-08 20:10:00,291.3,wind,MW,nem,NSW1
2017-10-08 20:15:00,289.2,wind,MW,nem,NSW1
2017-10-08 20:20:00,304.7,wind,MW,nem,NSW1
2017-10-08 20:25:00,307.2,wind,MW,nem,NSW1
2017-10-08 20:30:00,306.9,wind,MW,nem,NSW1
2017-10-08 20:35:00,315.6,wind,MW,nem,NSW1
2017-10-08 20:40:00,333.4,wind,MW,nem,NSW1
2017-10-08 20:45:00,323.5,wind,MW,nem,NSW1
2017-10-08 20:50:00,302.1,wind,MW,nem,NSW1
2017-10-08 20:55:00,296.2,wind,MW,nem,NSW1
2017-10-08 21:00:00,295.3,wind,MW,nem,NSW1
2017-10-08 21:05:00,288.1,wind,MW,nem,NSW1
2017-10-08 21:10:00,285.0,wind,MW,nem,NSW1
2017-10-08 21:15:00,274.7,wind,MW,nem,NSW1
2017-10-08 21:20:00,294.9,wind,MW,nem,NSW1
2017-10-08 21:25:00,316.0,wind,MW,nem,NSW1
2017-10-08 21:30:00,311.6,wind,MW,nem,NSW1
2017-10-08 21:35:00,333.7,wind,MW,nem,NSW1
2017-10-08 21:40:00,348.5,wind,MW,nem,NSW1
2017-10-08 21:45:00,351.9,wind,MW,nem,NSW1
2017-10-08 21:50:00,330.3,wind,MW,nem,NSW1
2017-10-08 21:55:00,335.1,wind,MW,nem,NSW1
2017-10-08 22:00:00,362.9,wind,MW,nem,NSW1
2017-10-08 22:05:00,353.8,wind,MW,nem,NSW1
2017-10-08 22:10:00,348.7,wind,MW,nem,NSW1
2017-10-08 22:15:00,339.3,wind,MW,nem,NSW1
2017-10-08 22:20:00,334.6,wind,MW,nem,NSW1
2017-10-08 22:25:00,352.9,wind,MW,nem,NSW1
2017-10-08 22:30:00,346.5,wind,MW,nem,NSW1
2017-10-08 22:35:00,324.5,wind,MW,nem,NSW1
2017-10-08 22:40:00,312.1,wind,MW,nem,NSW1
2017-10-08 22:45:00,295.4,wind,MW,nem,NSW1
2017-10-08 22:50:00,286.1,wind,MW,nem,NSW1
2017-10-08 22:55:00,303.5,wind,MW,nem,NSW1
2017-10-08 23:00:00,337.3,wind,MW,nem,NSW1
2017-10-08 23:05:00,340.5,wind,MW,nem,NSW1
2017-10-08 23:10:00,347.1,wind,MW,nem,NSW1
2017-10-08 23:15:00,333.1,wind,MW,nem,NSW1
2017-10-08 23:20:00,328.2,wind,MW,nem,NSW1
2017-10-08 23:25:00,338.5,wind,MW,nem,NSW1
2017-10-08 23:30:00,331.8,wind,MW,nem,NSW1
2017-10-08 23:35:00,333.9,wind,MW,nem,NSW1
2017-10-08 23:40:00,314.1,wind,MW,nem,NSW1
2017-10-08 23:45:00,299.1,wind,MW,nem,NSW1
2017-10-08 23:50:00,286.4,wind,MW,nem,NSW1
2017-10-08 23:55:00,291.4,wind,MW,nem,NSW1
2017-10-09 00:00:00,285.7,wind,MW,nem,NSW1
2017-10-09 00:05:00,287.1,wind,MW,nem,NSW1
2017-10-09 00:10:00,267.0,wind,MW,nem,NSW1
2017-10-09 00:15:00,269.8,wind,MW,nem,NSW1
2017-10-09 00:20:00,275.2,wind,MW,nem,NSW1
2017-10-09 00:25:00,283.7,wind,MW,nem,NSW1
2017-10-09 00:30:00,304.4,wind,MW,nem,NSW1
2017-10-09 00:35:00,309.0,wind,MW,nem,NSW1
2017-10-09 00:40:00,321.9,wind,MW,nem,NSW1
2017-10-09 00:45:00,328.6,wind,MW,nem,NSW1
2017-10-09 00:50:00,334.3,wind,MW,nem,NSW1
2017-10-09 00:55:00,335.9,wind,MW,nem,NSW1
2017-10-09 01:00:00,330.3,wind,MW,nem,NSW1
2017-10-09 01:05:00,313.4,wind,MW,nem,NSW1
2017-10-09 01:10:00,331.4,wind,MW,nem,NSW1
2017-10-09 01:15:00,330.9,wind,MW,nem,NSW1
2017-10-09 01:20:00,338.2,wind,MW,nem,NSW1
2017-10-09 01:25:00,338.4,wind,MW,nem,NSW1
2017-10-09 01:30:00,320.5,wind,MW,nem,NSW1
2017-10-09 01:35:00,289.9,wind,MW,nem,NSW1
2017-10-09 01:40:00,248.3,wind,MW,nem,NSW1
2017-10-09 01:45:00,265.9,wind,MW,nem,NSW1
2017-10-09 01:50:00,278.7,wind,MW,nem,NSW1
2017-10-09 01:55:00,270.2,wind,MW,nem,NSW1
2017-10-09 02:00:00,255.8,wind,MW,nem,NSW1
2017-10-09 02:05:00,275.2,wind,MW,nem,NSW1
2017-10-09 02:10:00,277.5,wind,MW,nem,NSW1
2017-10-09 02:15:00,294.4,wind,MW,nem,NSW1
2017-10-09 02:20:00,307.4,wind,MW,nem,NSW1
2017-10-09 02:25:00,313.8,wind,MW,nem,NSW1
2017-10-09 02:30:00,302.5,wind,MW,nem,NSW1
2017-10-09 02:35:00,313.3,wind,MW,nem,NSW1
2017-10-09 02:40:00,328.9,wind,MW,nem,NSW1
2017-10-09 02:45:00,343.3,wind,MW,nem,NSW1
2017-10-09 02:50:00,376.3,wind,MW,nem,NSW1
2017-10-09 02:55:00,354.3,wind,MW,nem,NSW1
2017-10-09 03:00:00,357.0,wind,MW,nem,NSW1
2017-10-09 03:05:00,354.3,wind,MW,nem,NSW1
2017-10-09 03:10:00,343.3,wind,MW,nem,NSW1
2017-10-09 03:15:00,323.3,wind,MW,nem,NSW1
2017-10-09 03:20:00,287.7,wind,MW,nem,NSW1
2017-10-09 03:25:00,275.3,wind,MW,nem,NSW1
2017-10-09 03:30:00,254.8,wind,MW,nem,NSW1
2017-10-09 03:35:00,214.6,wind,MW,nem,NSW1
2017-10-09 03:40:00,179.7,wind,MW,nem,NSW1
2017-10-09 03:45:00,156.5,wind,MW,nem,NSW1
2017-10-09 03:50:00,144.8,wind,MW,nem,NSW1
2017-10-09 03:55:00,144.7,wind,MW,nem,NSW1
2017-10-09 04:00:00,136.4,wind,MW,nem,NSW1
2017-10-09 04:05:00,118.0,wind,MW,nem,NSW1
2017-10-09 04:10:00,70.66,wind,MW,nem,NSW1
2017-10-09 04:15:00,69.75,wind,MW,nem,NSW1
2017-10-09 04:20:00,59.35,wind,MW,nem,NSW1
2017-10-09 04:25:00,48.93,wind,MW,nem,NSW1
2017-10-09 04:30:00,47.58,wind,MW,nem,NSW1
2017-10-09 04:35:00,42.69,wind,MW,nem,NSW1
2017-10-09 04:40:00,34.58,wind,MW,nem,NSW1
2017-10-09 04:45:00,29.76,wind,MW,nem,NSW1
2017-10-09 04:50:00,17.27,wind,MW,nem,NSW1
2017-10-09 04:55:00,2.355,wind,MW,nem,NSW1
2017-10-09 05:00:00,2.371,wind,MW,nem,NSW1
2017-10-09 05:05:00,8.713,wind,MW,nem,NSW1
2017-10-09 05:10:00,12.47,wind,MW,nem,NSW1
2017-10-09 05:15:00,9.287,wind,MW,nem,NSW1
2017-10-09 05:20:00,11.89,wind,MW,nem,NSW1
2017-10-09 05:25:00,12.69,wind,MW,nem,NSW1
2017-10-09 05:30:00,15.24,wind,MW,nem,NSW1
2017-10-09 05:35:00,18.97,wind,MW,nem,NSW1
2017-10-09 05:40:00,26.1,wind,MW,nem,NSW1
2017-10-09 05:45:00,39.45,wind,MW,nem,NSW1
2017-10-09 05:50:00,47.84,wind,MW,nem,NSW1
2017-10-09 05:55:00,64.14,wind,MW,nem,NSW1
2017-10-09 06:00:00,66.24,wind,MW,nem,NSW1
2017-10-09 06:05:00,61.84,wind,MW,nem,NSW1
2017-10-09 06:10:00,61.39,wind,MW,nem,NSW1
2017-10-09 06:15:00,63.88,wind,MW,nem,NSW1
2017-10-09 06:20:00,64.93,wind,MW,nem,NSW1
2017-10-09 06:25:00,64.74,wind,MW,nem,NSW1
2017-10-09 06:30:00,73.47,wind,MW,nem,NSW1
2017-10-09 06:35:00,79.0,wind,MW,nem,NSW1
2017-10-09 06:40:00,84.1,wind,MW,nem,NSW1
2017-10-09 06:45:00,84.7,wind,MW,nem,NSW1
2017-10-09 06:50:00,80.76,wind,MW,nem,NSW1
2017-10-09 06:55:00,85.15,wind,MW,nem,NSW1
2017-10-09 07:00:00,81.46,wind,MW,nem,NSW1
2017-10-09 07:05:00,76.95,wind,MW,nem,NSW1
2017-10-09 07:10:00,88.38,wind,MW,nem,NSW1
2017-10-09 07:15:00,92.74,wind,MW,nem,NSW1
2017-10-09 07:20:00,94.45,wind,MW,nem,NSW1
2017-10-09 07:25:00,108.8,wind,MW,nem,NSW1
2017-10-09 07:30:00,116.9,wind,MW,nem,NSW1
2017-10-09 07:35:00,113.2,wind,MW,nem,NSW1
2017-10-09 07:40:00,118.2,wind,MW,nem,NSW1
2017-10-09 07:45:00,124.5,wind,MW,nem,NSW1
2017-10-09 07:50:00,130.7,wind,MW,nem,NSW1
2017-10-09 07:55:00,141.3,wind,MW,nem,NSW1
2017-10-09 08:00:00,153.0,wind,MW,nem,NSW1
2017-10-09 08:05:00,156.3,wind,MW,nem,NSW1
2017-10-09 08:10:00,161.6,wind,MW,nem,NSW1
2017-10-09 08:15:00,164.6,wind,MW,nem,NSW1
2017-10-09 08:20:00,194.7,wind,MW,nem,NSW1
2017-10-09 08:25:00,197.0,wind,MW,nem,NSW1
2017-10-09 08:30:00,216.2,wind,MW,nem,NSW1
2017-10-09 08:35:00,236.0,wind,MW,nem,NSW1
2017-10-09 08:40:00,237.6,wind,MW,nem,NSW1
2017-10-09 08:45:00,239.6,wind,MW,nem,NSW1
2017-10-09 08:50:00,254.0,wind,MW,nem,NSW1
2017-10-09 08:55:00,271.1,wind,MW,nem,NSW1
2017-10-09 09:00:00,297.3,wind,MW,nem,NSW1
2017-10-09 09:05:00,294.5,wind,MW,nem,NSW1
2017-10-09 09:10:00,292.3,wind,MW,nem,NSW1
2017-10-09 09:15:00,302.0,wind,MW,nem,NSW1
2017-10-09 09:20:00,292.7,wind,MW,nem,NSW1
2017-10-09 09:25:00,294.0,wind,MW,nem,NSW1
2017-10-09 09:30:00,290.4,wind,MW,nem,NSW1
2017-10-09 09:35:00,305.8,wind,MW,nem,NSW1
2017-10-09 09:40:00,306.8,wind,MW,nem,NSW1
2017-10-09 09:45:00,307.2,wind,MW,nem,NSW1
2017-10-09 09:50:00,313.8,wind,MW,nem,NSW1
2017-10-09 09:55:00,313.7,wind,MW,nem,NSW1
2017-10-09 10:00:00,320.5,wind,MW,nem,NSW1
2017-10-09 10:05:00,330.2,wind,MW,nem,NSW1
2017-10-09 10:10:00,326.2,wind,MW,nem,NSW1
2017-10-09 10:15:00,319.8,wind,MW,nem,NSW1
2017-10-09 10:20:00,325.9,wind,MW,nem,NSW1
2017-10-09 10:25:00,316.0,wind,MW,nem,NSW1
2017-10-09 10:30:00,327.4,wind,MW,nem,NSW1
2017-10-09 10:35:00,351.6,wind,MW,nem,NSW1
2017-10-09 10:40:00,323.9,wind,MW,nem,NSW1
2017-10-09 10:45:00,336.2,wind,MW,nem,NSW1
2017-10-09 10:50:00,334.1,wind,MW,nem,NSW1
2017-10-09 10:55:00,349.9,wind,MW,nem,NSW1
2017-10-09 11:00:00,359.7,wind,MW,nem,NSW1
2017-10-09 11:05:00,381.1,wind,MW,nem,NSW1
2017-10-09 11:10:00,393.0,wind,MW,nem,NSW1
2017-10-09 11:15:00,404.3,wind,MW,nem,NSW1
2017-10-09 11:20:00,427.5,wind,MW,nem,NSW1
2017-10-09 11:25:00,431.7,wind,MW,nem,NSW1
2017-10-09 11:30:00,421.2,wind,MW,nem,NSW1
2017-10-09 11:35:00,431.4,wind,MW,nem,NSW1
2017-10-09 11:40:00,439.6,wind,MW,nem,NSW1
2017-10-09 11:45:00,432.5,wind,MW,nem,NSW1
2017-10-09 11:50:00,431.6,wind,MW,nem,NSW1
2017-10-09 11:55:00,417.5,wind,MW,nem,NSW1
2017-10-09 12:00:00,403.4,wind,MW,nem,NSW1
2017-10-09 12:05:00,414.9,wind,MW,nem,NSW1
2017-10-09 12:10:00,446.9,wind,MW,nem,NSW1
2017-10-09 12:15:00,443.4,wind,MW,nem,NSW1
2017-10-09 12:20:00,456.3,wind,MW,nem,NSW1
2017-10-09 12:25:00,449.8,wind,MW,nem,NSW1
2017-10-09 12:30:00,467.3,wind,MW,nem,NSW1
2017-10-09 12:35:00,439.7,wind,MW,nem,NSW1
2017-10-09 12:40:00,432.5,wind,MW,nem,NSW1
2017-10-09 12:45:00,437.5,wind,MW,nem,NSW1
2017-10-09 12:50:00,447.5,wind,MW,nem,NSW1
2017-10-09 12:55:00,491.4,wind,MW,nem,NSW1
2017-10-09 13:00:00,506.3,wind,MW,nem,NSW1
2017-10-09 13:05:00,498.4,wind,MW,nem,NSW1
2017-10-09 13:10:00,516.3,wind,MW,nem,NSW1
2017-10-09 13:15:00,523.6,wind,MW,nem,NSW1
2017-10-09 13:20:00,516.1,wind,MW,nem,NSW1
2017-10-09 13:25:00,518.6,wind,MW,nem,NSW1
2017-10-09 13:30:00,535.9,wind,MW,nem,NSW1
2017-10-09 13:35:00,547.1,wind,MW,nem,NSW1
2017-10-09 13:40:00,552.9,wind,MW,nem,NSW1
2017-10-09 13:45:00,549.3,wind,MW,nem,NSW1
2017-10-09 13:50:00,560.8,wind,MW,nem,NSW1
2017-10-09 13:55:00,557.6,wind,MW,nem,NSW1
2017-10-09 14:00:00,560.0,wind,MW,nem,NSW1
2017-10-09 14:05:00,563.7,wind,MW,nem,NSW1
2017-10-09 14:10:00,569.4,wind,MW,nem,NSW1
2017-10-09 14:15:00,569.6,wind,MW,nem,NSW1
2017-10-09 14:20:00,556.8,wind,MW,nem,NSW1
2017-10-09 14:25:00,553.6,wind,MW,nem,NSW1
2017-10-09 14:30:00,545.1,wind,MW,nem,NSW1
2017-10-09 14:35:00,550.3,wind,MW,nem,NSW1
2017-10-09 14:40:00,563.3,wind,MW,nem,NSW1
2017-10-09 14:45:00,569.3,wind,MW,nem,NSW1
2017-10-09 14:50:00,562.4,wind,MW,nem,NSW1
2017-10-09 14:55:00,561.7,wind,MW,nem,NSW1
2017-10-09 15:00:00,565.6,wind,MW,nem,NSW1
2017-10-09 15:05:00,564.7,wind,MW,nem,NSW1
2017-10-09 15:10:00,563.1,wind,MW,nem,NSW1
2017-10-09 15:15:00,552.6,wind,MW,nem,NSW1
2017-10-09 15:20:00,527.2,wind,MW,nem,NSW1
2017-10-09 15:25:00,532.8,wind,MW,nem,NSW1
2017-10-09 15:30:00,541.5,wind,MW,nem,NSW1
2017-10-09 15:35:00,549.8,wind,MW,nem,NSW1
2017-10-09 15:40:00,535.5,wind,MW,nem,NSW1
2017-10-09 15:45:00,552.3,wind,MW,nem,NSW1
2017-10-09 15:50:00,560.8,wind,MW,nem,NSW1
2017-10-09 15:55:00,547.4,wind,MW,nem,NSW1
2017-10-09 16:00:00,532.8,wind,MW,nem,NSW1
2017-10-09 16:05:00,503.8,wind,MW,nem,NSW1
2017-10-09 16:10:00,491.8,wind,MW,nem,NSW1
2017-10-09 16:15:00,477.4,wind,MW,nem,NSW1
2017-10-09 16:20:00,445.8,wind,MW,nem,NSW1
2017-10-09 16:25:00,422.1,wind,MW,nem,NSW1
2017-10-09 16:30:00,403.0,wind,MW,nem,NSW1
2017-10-09 16:35:00,387.4,wind,MW,nem,NSW1
2017-10-09 16:40:00,381.4,wind,MW,nem,NSW1
2017-10-09 16:45:00,394.9,wind,MW,nem,NSW1
2017-10-09 16:50:00,380.7,wind,MW,nem,NSW1
2017-10-09 16:55:00,369.8,wind,MW,nem,NSW1
2017-10-09 17:00:00,350.0,wind,MW,nem,NSW1
2017-10-09 17:05:00,325.5,wind,MW,nem,NSW1
2017-10-09 17:10:00,340.5,wind,MW,nem,NSW1
2017-10-09 17:15:00,349.1,wind,MW,nem,NSW1
2017-10-09 17:20:00,327.8,wind,MW,nem,NSW1
2017-10-09 17:25:00,301.1,wind,MW,nem,NSW1
2017-10-09 17:30:00,280.0,wind,MW,nem,NSW1
2017-10-09 17:35:00,268.2,wind,MW,nem,NSW1
2017-10-09 17:40:00,272.8,wind,MW,nem,NSW1
2017-10-09 17:45:00,279.7,wind,MW,nem,NSW1
2017-10-09 17:50:00,303.8,wind,MW,nem,NSW1
2017-10-09 17:55:00,296.0,wind,MW,nem,NSW1
2017-10-09 18:00:00,297.0,wind,MW,nem,NSW1
2017-10-09 18:05:00,287.0,wind,MW,nem,NSW1
2017-10-09 18:10:00,303.3,wind,MW,nem,NSW1
2017-10-09 18:15:00,293.3,wind,MW,nem,NSW1
2017-10-09 18:20:00,273.9,wind,MW,nem,NSW1
2017-10-09 18:25:00,261.8,wind,MW,nem,NSW1
2017-10-09 18:30:00,240.1,wind,MW,nem,NSW1
2017-10-09 18:35:00,220.3,wind,MW,nem,NSW1
2017-10-09 18:40:00,211.0,wind,MW,nem,NSW1
2017-10-09 18:45:00,196.7,wind,MW,nem,NSW1
2017-10-09 18:50:00,199.2,wind,MW,nem,NSW1
2017-10-09 18:55:00,197.5,wind,MW,nem,NSW1
2017-10-09 19:00:00,209.3,wind,MW,nem,NSW1
2017-10-09 19:05:00,220.5,wind,MW,nem,NSW1
2017-10-09 19:10:00,217.2,wind,MW,nem,NSW1
2017-10-09 19:15:00,231.0,wind,MW,nem,NSW1
2017-10-09 19:20:00,232.6,wind,MW,nem,NSW1
2017-10-09 19:25:00,225.7,wind,MW,nem,NSW1
2017-10-09 19:30:00,215.6,wind,MW,nem,NSW1
2017-10-09 19:35:00,195.0,wind,MW,nem,NSW1
2017-10-09 19:40:00,170.5,wind,MW,nem,NSW1
2017-10-09 19:45:00,146.4,wind,MW,nem,NSW1
2017-10-09 19:50:00,134.4,wind,MW,nem,NSW1
2017-10-09 19:55:00,127.6,wind,MW,nem,NSW1
2017-10-09 20:00:00,121.9,wind,MW,nem,NSW1
2017-10-09 20:05:00,128.8,wind,MW,nem,NSW1
2017-10-09 20:10:00,136.5,wind,MW,nem,NSW1
2017-10-09 20:15:00,150.9,wind,MW,nem,NSW1
2017-10-09 20:20:00,159.8,wind,MW,nem,NSW1
2017-10-09 20:25:00,174.7,wind,MW,nem,NSW1
2017-10-09 20:30:00,178.2,wind,MW,nem,NSW1
2017-10-09 20:35:00,177.0,wind,MW,nem,NSW1
2017-10-09 20:40:00,166.0,wind,MW,nem,NSW1
2017-10-09 20:45:00,158.5,wind,MW,nem,NSW1
2017-10-09 20:50:00,153.4,wind,MW,nem,NSW1
2017-10-09 20:55:00,155.6,wind,MW,nem,NSW1
2017-10-09 21:00:00,162.6,wind,MW,nem,NSW1
2017-10-09 21:05:00,171.1,wind,MW,nem,NSW1
2017-10-09 21:10:00,172.4,wind,MW,nem,NSW1
2017-10-09 21:15:00,167.0,wind,MW,nem,NSW1
2017-10-09 21:20:00,164.9,wind,MW,nem,NSW1
2017-10-09 21:25:00,158.8,wind,MW,nem,NSW1
2017-10-09 21:30:00,146.7,wind,MW,nem,NSW1
2017-10-09 21:35:00,127.4,wind,MW,nem,NSW1
2017-10-09 21:40:00,118.5,wind,MW,nem,NSW1
2017-10-09 21:45:00,123.3,wind,MW,nem,NSW1
2017-10-09 21:50:00,116.0,wind,MW,nem,NSW1
2017-10-09 21:55:00,118.6,wind,MW,nem,NSW1
2017-10-09 22:00:00,113.0,wind,MW,nem,NSW1
2017-10-09 22:05:00,106.2,wind,MW,nem,NSW1
2017-10-09 22:10:00,107.1,wind,MW,nem,NSW1
2017-10-09 22:15:00,102.8,wind,MW,nem,NSW1
2017-10-09 22:20:00,88.8,wind,MW,nem,NSW1
2017-10-09 22:25:00,83.09,wind,MW,nem,NSW1
2017-10-09 22:30:00,77.98,wind,MW,nem,NSW1
2017-10-09 22:35:00,71.01,wind,MW,nem,NSW1
2017-10-09 22:40:00,63.71,wind,MW,nem,NSW1
2017-10-09 22:45:00,65.0,wind,MW,nem,NSW1
2017-10-09 22:50:00,55.36,wind,MW,nem,NSW1
2017-10-09 22:55:00,55.18,wind,MW,nem,NSW1
2017-10-09 23:00:00,55.34,wind,MW,nem,NSW1
2017-10-09 23:05:00,54.71,wind,MW,nem,NSW1
2017-10-09 23:10:00,53.47,wind,MW,nem,NSW1
2017-10-09 23:15:00,54.92,wind,MW,nem,NSW1
2017-10-09 23:20:00,56.05,wind,MW,nem,NSW1
2017-10-09 23:25:00,54.72,wind,MW,nem,NSW1
2017-10-09 23:30:00,50.28,wind,MW,nem,NSW1
2017-10-09 23:35:00,46.24,wind,MW,nem,NSW1
2017-10-09 23:40:00,43.78,wind,MW,nem,NSW1
2017-10-09 23:45:00,43.08,wind,MW,nem,NSW1
2017-10-09 23:50:00,42.27,wind,MW,nem,NSW1
2017-10-09 23:55:00,42.42,wind,MW,nem,NSW1
2017-10-10 00:00:00,42.43,wind,MW,nem,NSW1
2017-10-10 00:05:00,41.4,wind,MW,nem,NSW1
2017-10-10 00:10:00,42.72,wind,MW,nem,NSW1
2017-10-10 00:15:00,39.94,wind,MW,nem,NSW1
2017-10-10 00:20:00,36.07,wind,MW,nem,NSW1
2017-10-10 00:25:00,35.14,wind,MW,nem,NSW1
2017-10-10 00:30:00,34.64,wind,MW,nem,NSW1
2017-10-10 00:35:00,34.0,wind,MW,nem,NSW1
2017-10-10 00:40:00,33.25,wind,MW,nem,NSW1
2017-10-10 00:45:00,29.2,wind,MW,nem,NSW1
2017-10-10 00:50:00,26.16,wind,MW,nem,NSW1
2017-10-10 00:55:00,22.58,wind,MW,nem,NSW1
2017-10-10 01:00:00,20.86,wind,MW,nem,NSW1
2017-10-10 01:05:00,21.36,wind,MW,nem,NSW1
2017-10-10 01:10:00,19.9,wind,MW,nem,NSW1
2017-10-10 01:15:00,18.14,wind,MW,nem,NSW1
2017-10-10 01:20:00,19.43,wind,MW,nem,NSW1
2017-10-10 01:25:00,20.58,wind,MW,nem,NSW1
2017-10-10 01:30:00,18.89,wind,MW,nem,NSW1
2017-10-10 01:35:00,16.53,wind,MW,nem,NSW1
2017-10-10 01:40:00,13.15,wind,MW,nem,NSW1
2017-10-10 01:45:00,10.5,wind,MW,nem,NSW1
2017-10-10 01:50:00,10.46,wind,MW,nem,NSW1
2017-10-10 01:55:00,12.29,wind,MW,nem,NSW1
2017-10-10 02:00:00,12.37,wind,MW,nem,NSW1
2017-10-10 02:05:00,12.06,wind,MW,nem,NSW1
2017-10-10 02:10:00,11.06,wind,MW,nem,NSW1
2017-10-10 02:15:00,12.04,wind,MW,nem,NSW1
2017-10-10 02:20:00,13.31,wind,MW,nem,NSW1
2017-10-10 02:25:00,12.81,wind,MW,nem,NSW1
2017-10-10 02:30:00,11.41,wind,MW,nem,NSW1
2017-10-10 02:35:00,11.6,wind,MW,nem,NSW1
2017-10-10 02:40:00,10.03,wind,MW,nem,NSW1
2017-10-10 02:45:00,7.996,wind,MW,nem,NSW1
2017-10-10 02:50:00,7.614,wind,MW,nem,NSW1
2017-10-10 02:55:00,6.866,wind,MW,nem,NSW1
2017-10-10 03:00:00,6.389,wind,MW,nem,NSW1
2017-10-10 03:05:00,5.436,wind,MW,nem,NSW1
2017-10-10 03:10:00,4.197,wind,MW,nem,NSW1
2017-10-10 03:15:00,2.693,wind,MW,nem,NSW1
2017-10-10 03:20:00,2.388,wind,MW,nem,NSW1
2017-10-10 03:25:00,1.84,wind,MW,nem,NSW1
2017-10-10 03:30:00,1.599,wind,MW,nem,NSW1
2017-10-10 03:35:00,0.9062,wind,MW,nem,NSW1
2017-10-10 03:40:00,0.8178,wind,MW,nem,NSW1
2017-10-10 03:45:00,1.154,wind,MW,nem,NSW1
2017-10-10 03:50:00,1.463,wind,MW,nem,NSW1
2017-10-10 03:55:00,2.096,wind,MW,nem,NSW1
2017-10-10 04:00:00,2.992,wind,MW,nem,NSW1
2017-10-10 04:05:00,3.871,wind,MW,nem,NSW1
2017-10-10 04:10:00,3.78,wind,MW,nem,NSW1
2017-10-10 04:15:00,3.268,wind,MW,nem,NSW1
2017-10-10 04:20:00,3.019,wind,MW,nem,NSW1
2017-10-10 04:25:00,3.632,wind,MW,nem,NSW1
2017-10-10 04:30:00,4.593,wind,MW,nem,NSW1
2017-10-10 04:35:00,5.745,wind,MW,nem,NSW1
2017-10-10 04:40:00,5.208,wind,MW,nem,NSW1
2017-10-10 04:45:00,7.012,wind,MW,nem,NSW1
2017-10-10 04:50:00,7.534,wind,MW,nem,NSW1
2017-10-10 04:55:00,8.0,wind,MW,nem,NSW1
2017-10-10 05:00:00,8.634,wind,MW,nem,NSW1
2017-10-10 05:05:00,8.04,wind,MW,nem,NSW1
2017-10-10 05:10:00,8.309,wind,MW,nem,NSW1
2017-10-10 05:15:00,7.148,wind,MW,nem,NSW1
2017-10-10 05:20:00,6.286,wind,MW,nem,NSW1
2017-10-10 05:25:00,6.376,wind,MW,nem,NSW1
2017-10-10 05:30:00,5.93,wind,MW,nem,NSW1
2017-10-10 05:35:00,7.423,wind,MW,nem,NSW1
2017-10-10 05:40:00,7.56,wind,MW,nem,NSW1
2017-10-10 05:45:00,6.267,wind,MW,nem,NSW1
2017-10-10 05:50:00,5.763,wind,MW,nem,NSW1
2017-10-10 05:55:00,6.544,wind,MW,nem,NSW1
2017-10-10 06:00:00,6.755,wind,MW,nem,NSW1
2017-10-10 06:05:00,6.299,wind,MW,nem,NSW1
2017-10-10 06:10:00,6.025,wind,MW,nem,NSW1
2017-10-10 06:15:00,5.158,wind,MW,nem,NSW1
2017-10-10 06:20:00,5.682,wind,MW,nem,NSW1
2017-10-10 06:25:00,5.872,wind,MW,nem,NSW1
2017-10-10 06:30:00,5.924,wind,MW,nem,NSW1
2017-10-10 06:35:00,6.548,wind,MW,nem,NSW1
2017-10-10 06:40:00,6.829,wind,MW,nem,NSW1
2017-10-10 06:45:00,8.582,wind,MW,nem,NSW1
2017-10-10 06:50:00,9.884,wind,MW,nem,NSW1
2017-10-10 06:55:00,11.19,wind,MW,nem,NSW1
2017-10-10 07:00:00,11.99,wind,MW,nem,NSW1
2017-10-10 07:05:00,12.75,wind,MW,nem,NSW1
2017-10-10 07:10:00,14.61,wind,MW,nem,NSW1
2017-10-10 07:15:00,15.25,wind,MW,nem,NSW1
2017-10-10 07:20:00,16.6,wind,MW,nem,NSW1
2017-10-10 07:25:00,17.24,wind,MW,nem,NSW1
2017-10-10 07:30:00,17.44,wind,MW,nem,NSW1
2017-10-10 07:35:00,18.59,wind,MW,nem,NSW1
2017-10-10 07:40:00,17.13,wind,MW,nem,NSW1
2017-10-10 07:45:00,18.39,wind,MW,nem,NSW1
2017-10-10 07:50:00,17.44,wind,MW,nem,NSW1
2017-10-10 07:55:00,15.08,wind,MW,nem,NSW1
2017-10-10 08:00:00,13.54,wind,MW,nem,NSW1
2017-10-10 08:05:00,13.32,wind,MW,nem,NSW1
2017-10-10 08:10:00,14.85,wind,MW,nem,NSW1
2017-10-10 08:15:00,15.83,wind,MW,nem,NSW1
2017-10-10 08:20:00,12.2,wind,MW,nem,NSW1
2017-10-10 08:25:00,12.84,wind,MW,nem,NSW1
2017-10-10 08:30:00,12.52,wind,MW,nem,NSW1
2017-10-10 08:35:00,14.03,wind,MW,nem,NSW1
2017-10-10 08:40:00,12.75,wind,MW,nem,NSW1
2017-10-10 08:45:00,12.53,wind,MW,nem,NSW1
2017-10-10 08:50:00,10.84,wind,MW,nem,NSW1
2017-10-10 08:55:00,8.137,wind,MW,nem,NSW1
2017-10-10 09:00:00,9.624,wind,MW,nem,NSW1
2017-10-10 09:05:00,9.666,wind,MW,nem,NSW1
2017-10-10 09:10:00,7.816,wind,MW,nem,NSW1
2017-10-10 09:15:00,7.935,wind,MW,nem,NSW1
2017-10-10 09:20:00,9.576,wind,MW,nem,NSW1
2017-10-10 09:25:00,10.16,wind,MW,nem,NSW1
2017-10-10 09:30:00,12.52,wind,MW,nem,NSW1
2017-10-10 09:35:00,11.83,wind,MW,nem,NSW1
2017-10-10 09:40:00,11.82,wind,MW,nem,NSW1
2017-10-10 09:45:00,11.92,wind,MW,nem,NSW1
2017-10-10 09:50:00,10.57,wind,MW,nem,NSW1
2017-10-10 09:55:00,9.543,wind,MW,nem,NSW1
2017-10-10 10:00:00,8.812,wind,MW,nem,NSW1
2017-10-10 10:05:00,6.473,wind,MW,nem,NSW1
2017-10-10 10:10:00,5.673,wind,MW,nem,NSW1
2017-10-10 10:15:00,4.927,wind,MW,nem,NSW1
2017-10-10 10:20:00,4.854,wind,MW,nem,NSW1
2017-10-10 10:25:00,4.5,wind,MW,nem,NSW1
2017-10-10 10:30:00,4.439,wind,MW,nem,NSW1
2017-10-10 10:35:00,5.009,wind,MW,nem,NSW1
2017-10-10 10:40:00,3.405,wind,MW,nem,NSW1
2017-10-10 10:45:00,3.277,wind,MW,nem,NSW1
2017-10-10 10:50:00,1.967,wind,MW,nem,NSW1
2017-10-10 10:55:00,2.517,wind,MW,nem,NSW1
2017-10-10 11:00:00,1.84,wind,MW,nem,NSW1
2017-10-10 11:05:00,1.938,wind,MW,nem,NSW1
2017-10-10 11:10:00,1.824,wind,MW,nem,NSW1
2017-10-10 11:15:00,1.683,wind,MW,nem,NSW1
2017-10-10 11:20:00,3.233,wind,MW,nem,NSW1
2017-10-10 11:25:00,2.828,wind,MW,nem,NSW1
2017-10-10 11:30:00,4.538,wind,MW,nem,NSW1
2017-10-10 11:35:00,4.776,wind,MW,nem,NSW1
2017-10-10 11:40:00,5.293,wind,MW,nem,NSW1
2017-10-10 11:45:00,2.513,wind,MW,nem,NSW1
2017-10-10 11:50:00,3.381,wind,MW,nem,NSW1
2017-10-10 11:55:00,2.84,wind,MW,nem,NSW1
2017-10-10 12:00:00,6.571,wind,MW,nem,NSW1
2017-10-10 12:05:00,6.264,wind,MW,nem,NSW1
2017-10-10 12:10:00,11.16,wind,MW,nem,NSW1
2017-10-10 12:15:00,10.56,wind,MW,nem,NSW1
2017-10-10 12:20:00,12.68,wind,MW,nem,NSW1
2017-10-10 12:25:00,13.31,wind,MW,nem,NSW1
2017-10-10 12:30:00,13.24,wind,MW,nem,NSW1
2017-10-10 12:35:00,14.54,wind,MW,nem,NSW1
2017-10-10 12:40:00,13.64,wind,MW,nem,NSW1
2017-10-10 12:45:00,16.83,wind,MW,nem,NSW1
2017-10-10 12:50:00,19.42,wind,MW,nem,NSW1
2017-10-10 12:55:00,18.53,wind,MW,nem,NSW1
2017-10-10 13:00:00,16.59,wind,MW,nem,NSW1
2017-10-10 13:05:00,13.76,wind,MW,nem,NSW1
2017-10-10 13:10:00,14.23,wind,MW,nem,NSW1
2017-10-10 13:15:00,13.44,wind,MW,nem,NSW1
2017-10-10 13:20:00,14.04,wind,MW,nem,NSW1
2017-10-10 13:25:00,14.94,wind,MW,nem,NSW1
2017-10-10 13:30:00,12.52,wind,MW,nem,NSW1
2017-10-10 13:35:00,15.03,wind,MW,nem,NSW1
2017-10-10 13:40:00,15.76,wind,MW,nem,NSW1
2017-10-10 13:45:00,15.98,wind,MW,nem,NSW1
2017-10-10 13:50:00,17.53,wind,MW,nem,NSW1
2017-10-10 13:55:00,17.56,wind,MW,nem,NSW1
2017-10-10 14:00:00,12.33,wind,MW,nem,NSW1
2017-10-10 14:05:00,15.7,wind,MW,nem,NSW1
2017-10-10 14:10:00,21.29,wind,MW,nem,NSW1
2017-10-10 14:15:00,19.78,wind,MW,nem,NSW1
2017-10-10 14:20:00,20.13,wind,MW,nem,NSW1
2017-10-10 14:25:00,23.83,wind,MW,nem,NSW1
2017-10-10 14:30:00,18.24,wind,MW,nem,NSW1
2017-10-10 14:35:00,16.26,wind,MW,nem,NSW1
2017-10-10 14:40:00,20.35,wind,MW,nem,NSW1
2017-10-10 14:45:00,19.26,wind,MW,nem,NSW1
2017-10-10 14:50:00,23.64,wind,MW,nem,NSW1
2017-10-10 14:55:00,22.88,wind,MW,nem,NSW1
2017-10-10 15:00:00,21.02,wind,MW,nem,NSW1
2017-10-10 15:05:00,22.68,wind,MW,nem,NSW1
2017-10-10 15:10:00,24.52,wind,MW,nem,NSW1
2017-10-10 15:15:00,23.59,wind,MW,nem,NSW1
2017-10-10 15:20:00,23.81,wind,MW,nem,NSW1
2017-10-10 15:25:00,25.18,wind,MW,nem,NSW1
2017-10-10 15:30:00,23.35,wind,MW,nem,NSW1
2017-10-10 15:35:00,16.93,wind,MW,nem,NSW1
2017-10-10 15:40:00,18.63,wind,MW,nem,NSW1
2017-10-10 15:45:00,20.21,wind,MW,nem,NSW1
2017-10-10 15:50:00,16.77,wind,MW,nem,NSW1
2017-10-10 15:55:00,23.86,wind,MW,nem,NSW1
2017-10-10 16:00:00,19.86,wind,MW,nem,NSW1
2017-10-10 16:05:00,22.47,wind,MW,nem,NSW1
2017-10-10 16:10:00,25.26,wind,MW,nem,NSW1
2017-10-10 16:15:00,30.95,wind,MW,nem,NSW1
2017-10-10 16:20:00,31.62,wind,MW,nem,NSW1
2017-10-10 16:25:00,32.64,wind,MW,nem,NSW1
2017-10-10 16:30:00,29.51,wind,MW,nem,NSW1
2017-10-10 16:35:00,38.12,wind,MW,nem,NSW1
2017-10-10 16:40:00,48.92,wind,MW,nem,NSW1
2017-10-10 16:45:00,53.89,wind,MW,nem,NSW1
2017-10-10 16:50:00,51.13,wind,MW,nem,NSW1
2017-10-10 16:55:00,52.33,wind,MW,nem,NSW1
2017-10-10 17:00:00,48.6,wind,MW,nem,NSW1
2017-10-10 17:05:00,48.06,wind,MW,nem,NSW1
2017-10-10 17:10:00,52.13,wind,MW,nem,NSW1
2017-10-10 17:15:00,46.44,wind,MW,nem,NSW1
2017-10-10 17:20:00,46.25,wind,MW,nem,NSW1
2017-10-10 17:25:00,45.6,wind,MW,nem,NSW1
2017-10-10 17:30:00,44.57,wind,MW,nem,NSW1
2017-10-10 17:35:00,39.23,wind,MW,nem,NSW1
2017-10-10 17:40:00,38.23,wind,MW,nem,NSW1
2017-10-10 17:45:00,37.25,wind,MW,nem,NSW1
2017-10-10 17:50:00,38.5,wind,MW,nem,NSW1
2017-10-10 17:55:00,39.79,wind,MW,nem,NSW1
2017-10-10 18:00:00,38.15,wind,MW,nem,NSW1
2017-10-10 18:05:00,37.46,wind,MW,nem,NSW1
2017-10-10 18:10:00,36.14,wind,MW,nem,NSW1
2017-10-10 18:15:00,41.03,wind,MW,nem,NSW1
2017-10-10 18:20:00,51.39,wind,MW,nem,NSW1
2017-10-10 18:25:00,56.91,wind,MW,nem,NSW1
2017-10-10 18:30:00,61.73,wind,MW,nem,NSW1
2017-10-10 18:35:00,68.63,wind,MW,nem,NSW1
2017-10-10 18:40:00,73.03,wind,MW,nem,NSW1
2017-10-10 18:45:00,79.21,wind,MW,nem,NSW1
2017-10-10 18:50:00,89.25,wind,MW,nem,NSW1
2017-10-10 18:55:00,116.9,wind,MW,nem,NSW1
2017-10-10 19:00:00,132.6,wind,MW,nem,NSW1
2017-10-10 19:05:00,136.1,wind,MW,nem,NSW1
2017-10-10 19:10:00,137.7,wind,MW,nem,NSW1
2017-10-10 19:15:00,139.3,wind,MW,nem,NSW1
2017-10-10 19:20:00,149.9,wind,MW,nem,NSW1
2017-10-10 19:25:00,157.4,wind,MW,nem,NSW1
2017-10-10 19:30:00,171.0,wind,MW,nem,NSW1
2017-10-10 19:35:00,168.1,wind,MW,nem,NSW1
2017-10-10 19:40:00,170.5,wind,MW,nem,NSW1
2017-10-10 19:45:00,174.1,wind,MW,nem,NSW1
2017-10-10 19:50:00,176.4,wind,MW,nem,NSW1
2017-10-10 19:55:00,175.8,wind,MW,nem,NSW1
2017-10-10 20:00:00,173.3,wind,MW,nem,NSW1
2017-10-10 20:05:00,174.8,wind,MW,nem,NSW1
2017-10-10 20:10:00,174.4,wind,MW,nem,NSW1
2017-10-10 20:15:00,171.7,wind,MW,nem,NSW1
2017-10-10 20:20:00,164.9,wind,MW,nem,NSW1
2017-10-10 20:25:00,158.8,wind,MW,nem,NSW1
2017-10-10 20:30:00,161.1,wind,MW,nem,NSW1
2017-10-10 20:35:00,162.9,wind,MW,nem,NSW1
2017-10-10 20:40:00,167.9,wind,MW,nem,NSW1
2017-10-10 20:45:00,163.3,wind,MW,nem,NSW1
2017-10-10 20:50:00,159.0,wind,MW,nem,NSW1
2017-10-10 20:55:00,155.2,wind,MW,nem,NSW1
2017-10-10 21:00:00,150.2,wind,MW,nem,NSW1
2017-10-10 21:05:00,149.6,wind,MW,nem,NSW1
2017-10-10 21:10:00,153.8,wind,MW,nem,NSW1
2017-10-10 21:15:00,153.0,wind,MW,nem,NSW1
2017-10-10 21:20:00,148.0,wind,MW,nem,NSW1
2017-10-10 21:25:00,147.5,wind,MW,nem,NSW1
2017-10-10 21:30:00,150.8,wind,MW,nem,NSW1
2017-10-10 21:35:00,152.9,wind,MW,nem,NSW1
2017-10-10 21:40:00,153.6,wind,MW,nem,NSW1
2017-10-10 21:45:00,155.0,wind,MW,nem,NSW1
2017-10-10 21:50:00,159.6,wind,MW,nem,NSW1
2017-10-10 21:55:00,162.2,wind,MW,nem,NSW1
2017-10-10 22:00:00,166.7,wind,MW,nem,NSW1
2017-10-10 22:05:00,166.3,wind,MW,nem,NSW1
2017-10-10 22:10:00,172.4,wind,MW,nem,NSW1
2017-10-10 22:15:00,168.7,wind,MW,nem,NSW1
2017-10-10 22:20:00,168.7,wind,MW,nem,NSW1
2017-10-10 22:25:00,159.2,wind,MW,nem,NSW1
2017-10-10 22:30:00,155.4,wind,MW,nem,NSW1
2017-10-10 22:35:00,160.5,wind,MW,nem,NSW1
2017-10-10 22:40:00,154.2,wind,MW,nem,NSW1
2017-10-10 22:45:00,152.7,wind,MW,nem,NSW1
2017-10-10 22:50:00,149.9,wind,MW,nem,NSW1
2017-10-10 22:55:00,157.9,wind,MW,nem,NSW1
2017-10-10 23:00:00,146.4,wind,MW,nem,NSW1
2017-10-10 23:05:00,149.1,wind,MW,nem,NSW1
2017-10-10 23:10:00,144.1,wind,MW,nem,NSW1
2017-10-10 23:15:00,146.8,wind,MW,nem,NSW1
2017-10-10 23:20:00,152.0,wind,MW,nem,NSW1
2017-10-10 23:25:00,142.8,wind,MW,nem,NSW1
2017-10-10 23:30:00,147.0,wind,MW,nem,NSW1
2017-10-10 23:35:00,142.8,wind,MW,nem,NSW1
2017-10-10 23:40:00,150.7,wind,MW,nem,NSW1
2017-10-10 23:45:00,158.3,wind,MW,nem,NSW1
2017-10-10 23:50:00,159.0,wind,MW,nem,NSW1
2017-10-10 23:55:00,168.0,wind,MW,nem,NSW1
2017-10-11 00:00:00,182.8,wind,MW,nem,NSW1
2017-10-11 00:05:00,187.6,wind,MW,nem,NSW1
2017-10-11 00:10:00,180.1,wind,MW,nem,NSW1
2017-10-11 00:15:00,184.6,wind,MW,nem,NSW1
2017-10-11 00:20:00,200.7,wind,MW,nem,NSW1
2017-10-11 00:25:00,201.9,wind,MW,nem,NSW1
2017-10-11 00:30:00,204.5,wind,MW,nem,NSW1
2017-10-11 00:35:00,208.9,wind,MW,nem,NSW1
2017-10-11 00:40:00,212.2,wind,MW,nem,NSW1
2017-10-11 00:45:00,208.2,wind,MW,nem,NSW1
2017-10-11 00:50:00,201.0,wind,MW,nem,NSW1
2017-10-11 00:55:00,195.1,wind,MW,nem,NSW1
2017-10-11 01:00:00,195.0,wind,MW,nem,NSW1
2017-10-11 01:05:00,197.9,wind,MW,nem,NSW1
2017-10-11 01:10:00,196.6,wind,MW,nem,NSW1
2017-10-11 01:15:00,200.2,wind,MW,nem,NSW1
2017-10-11 01:20:00,208.3,wind,MW,nem,NSW1
2017-10-11 01:25:00,212.2,wind,MW,nem,NSW1
2017-10-11 01:30:00,213.1,wind,MW,nem,NSW1
2017-10-11 01:35:00,220.5,wind,MW,nem,NSW1
2017-10-11 01:40:00,219.6,wind,MW,nem,NSW1
2017-10-11 01:45:00,219.0,wind,MW,nem,NSW1
2017-10-11 01:50:00,217.8,wind,MW,nem,NSW1
2017-10-11 01:55:00,225.3,wind,MW,nem,NSW1
2017-10-11 02:00:00,220.8,wind,MW,nem,NSW1
2017-10-11 02:05:00,222.1,wind,MW,nem,NSW1
2017-10-11 02:10:00,220.1,wind,MW,nem,NSW1
2017-10-11 02:15:00,219.5,wind,MW,nem,NSW1
2017-10-11 02:20:00,213.6,wind,MW,nem,NSW1
2017-10-11 02:25:00,207.8,wind,MW,nem,NSW1
2017-10-11 02:30:00,207.1,wind,MW,nem,NSW1
2017-10-11 02:35:00,205.5,wind,MW,nem,NSW1
2017-10-11 02:40:00,196.7,wind,MW,nem,NSW1
2017-10-11 02:45:00,193.6,wind,MW,nem,NSW1
2017-10-11 02:50:00,193.8,wind,MW,nem,NSW1
2017-10-11 02:55:00,193.1,wind,MW,nem,NSW1
2017-10-11 03:00:00,189.6,wind,MW,nem,NSW1
2017-10-11 03:05:00,196.2,wind,MW,nem,NSW1
2017-10-11 03:10:00,196.1,wind,MW,nem,NSW1
2017-10-11 03:15:00,186.2,wind,MW,nem,NSW1
2017-10-11 03:20:00,186.0,wind,MW,nem,NSW1
2017-10-11 03:25:00,194.8,wind,MW,nem,NSW1
2017-10-11 03:30:00,203.9,wind,MW,nem,NSW1
2017-10-11 03:35:00,215.3,wind,MW,nem,NSW1
2017-10-11 03:40:00,229.6,wind,MW,nem,NSW1
2017-10-11 03:45:00,236.4,wind,MW,nem,NSW1
2017-10-11 03:50:00,227.0,wind,MW,nem,NSW1
2017-10-11 03:55:00,232.5,wind,MW,nem,NSW1
2017-10-11 04:00:00,232.9,wind,MW,nem,NSW1
2017-10-11 04:05:00,232.0,wind,MW,nem,NSW1
2017-10-11 04:10:00,232.6,wind,MW,nem,NSW1
2017-10-11 04:15:00,226.8,wind,MW,nem,NSW1
2017-10-11 04:20:00,225.4,wind,MW,nem,NSW1
2017-10-11 04:25:00,217.8,wind,MW,nem,NSW1
2017-10-11 04:30:00,213.0,wind,MW,nem,NSW1
2017-10-11 04:35:00,210.2,wind,MW,nem,NSW1
2017-10-11 04:40:00,214.0,wind,MW,nem,NSW1
2017-10-11 04:45:00,213.9,wind,MW,nem,NSW1
2017-10-11 04:50:00,219.8,wind,MW,nem,NSW1
2017-10-11 04:55:00,214.1,wind,MW,nem,NSW1
2017-10-11 05:00:00,215.2,wind,MW,nem,NSW1
2017-10-11 05:05:00,209.5,wind,MW,nem,NSW1
2017-10-11 05:10:00,209.2,wind,MW,nem,NSW1
2017-10-11 05:15:00,204.4,wind,MW,nem,NSW1
2017-10-11 05:20:00,201.7,wind,MW,nem,NSW1
2017-10-11 05:25:00,196.3,wind,MW,nem,NSW1
2017-10-11 05:30:00,200.4,wind,MW,nem,NSW1
2017-10-11 05:35:00,202.8,wind,MW,nem,NSW1
2017-10-11 05:40:00,201.7,wind,MW,nem,NSW1
2017-10-11 05:45:00,202.1,wind,MW,nem,NSW1
2017-10-11 05:50:00,207.7,wind,MW,nem,NSW1
2017-10-11 05:55:00,212.7,wind,MW,nem,NSW1
2017-10-11 06:00:00,218.8,wind,MW,nem,NSW1
2017-10-11 06:05:00,216.3,wind,MW,nem,NSW1
2017-10-11 06:10:00,205.4,wind,MW,nem,NSW1
2017-10-11 06:15:00,203.5,wind,MW,nem,NSW1
2017-10-11 06:20:00,211.4,wind,MW,nem,NSW1
2017-10-11 06:25:00,214.8,wind,MW,nem,NSW1
2017-10-11 06:30:00,214.4,wind,MW,nem,NSW1
2017-10-11 06:35:00,218.5,wind,MW,nem,NSW1
2017-10-11 06:40:00,216.6,wind,MW,nem,NSW1
2017-10-11 06:45:00,219.5,wind,MW,nem,NSW1
2017-10-11 06:50:00,220.8,wind,MW,nem,NSW1
2017-10-11 06:55:00,220.1,wind,MW,nem,NSW1
2017-10-11 07:00:00,218.5,wind,MW,nem,NSW1
2017-10-11 07:05:00,212.5,wind,MW,nem,NSW1
2017-10-11 07:10:00,209.1,wind,MW,nem,NSW1
2017-10-11 07:15:00,197.9,wind,MW,nem,NSW1
2017-10-11 07:20:00,192.3,wind,MW,nem,NSW1
2017-10-11 07:25:00,182.3,wind,MW,nem,NSW1
2017-10-11 07:30:00,177.5,wind,MW,nem,NSW1
2017-10-11 07:35:00,172.8,wind,MW,nem,NSW1
2017-10-11 07:40:00,165.9,wind,MW,nem,NSW1
2017-10-11 07:45:00,164.7,wind,MW,nem,NSW1
2017-10-11 07:50:00,163.8,wind,MW,nem,NSW1
2017-10-11 07:55:00,163.3,wind,MW,nem,NSW1
2017-10-11 08:00:00,162.6,wind,MW,nem,NSW1
2017-10-11 08:05:00,156.9,wind,MW,nem,NSW1
2017-10-11 08:10:00,156.7,wind,MW,nem,NSW1
2017-10-11 08:15:00,156.9,wind,MW,nem,NSW1
2017-10-11 08:20:00,153.6,wind,MW,nem,NSW1
2017-10-11 08:25:00,146.0,wind,MW,nem,NSW1
2017-10-11 08:30:00,144.1,wind,MW,nem,NSW1
2017-10-11 08:35:00,146.0,wind,MW,nem,NSW1
2017-10-11 08:40:00,141.2,wind,MW,nem,NSW1
2017-10-11 08:45:00,145.9,wind,MW,nem,NSW1
2017-10-11 08:50:00,140.3,wind,MW,nem,NSW1
2017-10-11 08:55:00,128.0,wind,MW,nem,NSW1
2017-10-11 09:00:00,135.4,wind,MW,nem,NSW1
2017-10-11 09:05:00,123.1,wind,MW,nem,NSW1
2017-10-11 09:10:00,130.2,wind,MW,nem,NSW1
2017-10-11 09:15:00,139.2,wind,MW,nem,NSW1
2017-10-11 09:20:00,137.5,wind,MW,nem,NSW1
2017-10-11 09:25:00,127.4,wind,MW,nem,NSW1
2017-10-11 09:30:00,134.1,wind,MW,nem,NSW1
2017-10-11 09:35:00,135.4,wind,MW,nem,NSW1
2017-10-11 09:40:00,122.2,wind,MW,nem,NSW1
2017-10-11 09:45:00,124.7,wind,MW,nem,NSW1
2017-10-11 09:50:00,121.8,wind,MW,nem,NSW1
2017-10-11 09:55:00,107.9,wind,MW,nem,NSW1
2017-10-11 10:00:00,115.0,wind,MW,nem,NSW1
2017-10-11 10:05:00,122.1,wind,MW,nem,NSW1
2017-10-11 10:10:00,121.8,wind,MW,nem,NSW1
2017-10-11 10:15:00,120.5,wind,MW,nem,NSW1
2017-10-11 10:20:00,120.0,wind,MW,nem,NSW1
2017-10-11 10:25:00,119.2,wind,MW,nem,NSW1
2017-10-11 10:30:00,122.7,wind,MW,nem,NSW1
2017-10-11 10:35:00,116.0,wind,MW,nem,NSW1
2017-10-11 10:40:00,116.5,wind,MW,nem,NSW1
2017-10-11 10:45:00,110.2,wind,MW,nem,NSW1
2017-10-11 10:50:00,109.3,wind,MW,nem,NSW1
2017-10-11 10:55:00,117.2,wind,MW,nem,NSW1
2017-10-11 11:00:00,109.0,wind,MW,nem,NSW1
2017-10-11 11:05:00,115.5,wind,MW,nem,NSW1
2017-10-11 11:10:00,113.9,wind,MW,nem,NSW1
2017-10-11 11:15:00,114.3,wind,MW,nem,NSW1
2017-10-11 11:20:00,100.4,wind,MW,nem,NSW1
2017-10-11 11:25:00,116.2,wind,MW,nem,NSW1
2017-10-11 11:30:00,119.2,wind,MW,nem,NSW1
2017-10-11 11:35:00,122.2,wind,MW,nem,NSW1
2017-10-11 11:40:00,121.8,wind,MW,nem,NSW1
2017-10-11 11:45:00,130.3,wind,MW,nem,NSW1
2017-10-11 11:50:00,137.9,wind,MW,nem,NSW1
2017-10-11 11:55:00,144.4,wind,MW,nem,NSW1
2017-10-11 12:00:00,131.4,wind,MW,nem,NSW1
2017-10-11 12:05:00,146.0,wind,MW,nem,NSW1
2017-10-11 12:10:00,141.6,wind,MW,nem,NSW1
2017-10-11 12:15:00,148.5,wind,MW,nem,NSW1
2017-10-11 12:20:00,150.5,wind,MW,nem,NSW1
2017-10-11 12:25:00,141.0,wind,MW,nem,NSW1
2017-10-11 12:30:00,169.3,wind,MW,nem,NSW1
2017-10-11 12:35:00,170.7,wind,MW,nem,NSW1
2017-10-11 12:40:00,148.0,wind,MW,nem,NSW1
2017-10-11 12:45:00,152.9,wind,MW,nem,NSW1
2017-10-11 12:50:00,159.8,wind,MW,nem,NSW1
2017-10-11 12:55:00,159.6,wind,MW,nem,NSW1
2017-10-11 13:00:00,146.6,wind,MW,nem,NSW1
2017-10-11 13:05:00,133.3,wind,MW,nem,NSW1
2017-10-11 13:10:00,127.4,wind,MW,nem,NSW1
2017-10-11 13:15:00,132.5,wind,MW,nem,NSW1
2017-10-11 13:20:00,134.3,wind,MW,nem,NSW1
2017-10-11 13:25:00,126.1,wind,MW,nem,NSW1
2017-10-11 13:30:00,134.4,wind,MW,nem,NSW1
2017-10-11 13:35:00,133.1,wind,MW,nem,NSW1
2017-10-11 13:40:00,144.6,wind,MW,nem,NSW1
2017-10-11 13:45:00,141.8,wind,MW,nem,NSW1
2017-10-11 13:50:00,134.7,wind,MW,nem,NSW1
2017-10-11 13:55:00,153.9,wind,MW,nem,NSW1
2017-10-11 14:00:00,144.8,wind,MW,nem,NSW1
2017-10-11 14:05:00,148.0,wind,MW,nem,NSW1
2017-10-11 14:10:00,159.8,wind,MW,nem,NSW1
2017-10-11 14:15:00,145.7,wind,MW,nem,NSW1
2017-10-11 14:20:00,143.2,wind,MW,nem,NSW1
2017-10-11 14:25:00,115.9,wind,MW,nem,NSW1
2017-10-11 14:30:00,122.8,wind,MW,nem,NSW1
2017-10-11 14:35:00,123.3,wind,MW,nem,NSW1
2017-10-11 14:40:00,120.2,wind,MW,nem,NSW1
2017-10-11 14:45:00,133.4,wind,MW,nem,NSW1
2017-10-11 14:50:00,144.7,wind,MW,nem,NSW1
2017-10-11 14:55:00,142.1,wind,MW,nem,NSW1
2017-10-11 15:00:00,152.7,wind,MW,nem,NSW1
2017-10-11 15:05:00,171.7,wind,MW,nem,NSW1
2017-10-11 15:10:00,188.4,wind,MW,nem,NSW1
2017-10-11 15:15:00,182.5,wind,MW,nem,NSW1
2017-10-11 15:20:00,202.4,wind,MW,nem,NSW1
2017-10-11 15:25:00,200.9,wind,MW,nem,NSW1
2017-10-11 15:30:00,213.5,wind,MW,nem,NSW1
2017-10-11 15:35:00,231.8,wind,MW,nem,NSW1
2017-10-11 15:40:00,231.9,wind,MW,nem,NSW1
2017-10-11 15:45:00,227.7,wind,MW,nem,NSW1
2017-10-11 15:50:00,204.5,wind,MW,nem,NSW1
2017-10-11 15:55:00,196.9,wind,MW,nem,NSW1
2017-10-11 16:00:00,220.7,wind,MW,nem,NSW1
2017-10-11 16:05:00,227.1,wind,MW,nem,NSW1
2017-10-11 16:10:00,228.0,wind,MW,nem,NSW1
2017-10-11 16:15:00,219.0,wind,MW,nem,NSW1
2017-10-11 16:20:00,214.5,wind,MW,nem,NSW1
2017-10-11 16:25:00,228.0,wind,MW,nem,NSW1
2017-10-11 16:30:00,233.5,wind,MW,nem,NSW1
2017-10-11 16:35:00,226.5,wind,MW,nem,NSW1
2017-10-11 16:40:00,221.0,wind,MW,nem,NSW1
2017-10-11 16:45:00,223.2,wind,MW,nem,NSW1
2017-10-11 16:50:00,230.2,wind,MW,nem,NSW1
2017-10-11 16:55:00,228.3,wind,MW,nem,NSW1
2017-10-11 17:00:00,206.9,wind,MW,nem,NSW1
2017-10-11 17:05:00,186.3,wind,MW,nem,NSW1
2017-10-11 17:10:00,188.1,wind,MW,nem,NSW1
2017-10-11 17:15:00,180.1,wind,MW,nem,NSW1
2017-10-11 17:20:00,176.2,wind,MW,nem,NSW1
2017-10-11 17:25:00,169.1,wind,MW,nem,NSW1
2017-10-11 17:30:00,171.3,wind,MW,nem,NSW1
2017-10-11 17:35:00,176.9,wind,MW,nem,NSW1
2017-10-11 17:40:00,174.9,wind,MW,nem,NSW1
2017-10-11 17:45:00,176.2,wind,MW,nem,NSW1
2017-10-11 17:50:00,179.1,wind,MW,nem,NSW1
2017-10-11 17:55:00,193.2,wind,MW,nem,NSW1
2017-10-11 18:00:00,188.7,wind,MW,nem,NSW1
2017-10-11 18:05:00,184.0,wind,MW,nem,NSW1
2017-10-11 18:10:00,175.5,wind,MW,nem,NSW1
2017-10-11 18:15:00,176.0,wind,MW,nem,NSW1
2017-10-11 18:20:00,181.3,wind,MW,nem,NSW1
2017-10-11 18:25:00,177.6,wind,MW,nem,NSW1
2017-10-11 18:30:00,182.3,wind,MW,nem,NSW1
2017-10-11 18:35:00,207.6,wind,MW,nem,NSW1
2017-10-11 18:40:00,213.7,wind,MW,nem,NSW1
2017-10-11 18:45:00,216.9,wind,MW,nem,NSW1
2017-10-11 18:50:00,212.9,wind,MW,nem,NSW1
2017-10-11 18:55:00,216.3,wind,MW,nem,NSW1
2017-10-11 19:00:00,219.5,wind,MW,nem,NSW1
2017-10-11 19:05:00,220.2,wind,MW,nem,NSW1
2017-10-11 19:10:00,213.2,wind,MW,nem,NSW1
2017-10-11 19:15:00,209.6,wind,MW,nem,NSW1
2017-10-11 19:20:00,208.0,wind,MW,nem,NSW1
2017-10-11 19:25:00,204.6,wind,MW,nem,NSW1
2017-10-11 19:30:00,199.7,wind,MW,nem,NSW1
2017-10-11 19:35:00,194.0,wind,MW,nem,NSW1
2017-10-11 19:40:00,186.6,wind,MW,nem,NSW1
2017-10-11 19:45:00,172.9,wind,MW,nem,NSW1
2017-10-11 19:50:00,175.8,wind,MW,nem,NSW1
2017-10-11 19:55:00,206.0,wind,MW,nem,NSW1
2017-10-11 20:00:00,237.6,wind,MW,nem,NSW1
2017-10-11 20:05:00,243.9,wind,MW,nem,NSW1
2017-10-11 20:10:00,242.7,wind,MW,nem,NSW1
2017-10-11 20:15:00,237.7,wind,MW,nem,NSW1
2017-10-11 20:20:00,239.1,wind,MW,nem,NSW1
2017-10-11 20:25:00,249.2,wind,MW,nem,NSW1
2017-10-11 20:30:00,267.3,wind,MW,nem,NSW1
2017-10-11 20:35:00,279.6,wind,MW,nem,NSW1
2017-10-11 20:40:00,289.4,wind,MW,nem,NSW1
2017-10-11 20:45:00,271.8,wind,MW,nem,NSW1
2017-10-11 20:50:00,282.4,wind,MW,nem,NSW1
2017-10-11 20:55:00,293.0,wind,MW,nem,NSW1
2017-10-11 21:00:00,313.7,wind,MW,nem,NSW1
2017-10-11 21:05:00,333.2,wind,MW,nem,NSW1
2017-10-11 21:10:00,358.4,wind,MW,nem,NSW1
2017-10-11 21:15:00,363.9,wind,MW,nem,NSW1
2017-10-11 21:20:00,380.1,wind,MW,nem,NSW1
2017-10-11 21:25:00,381.4,wind,MW,nem,NSW1
2017-10-11 21:30:00,396.7,wind,MW,nem,NSW1
2017-10-11 21:35:00,397.5,wind,MW,nem,NSW1
2017-10-11 21:40:00,417.6,wind,MW,nem,NSW1
2017-10-11 21:45:00,437.3,wind,MW,nem,NSW1
2017-10-11 21:50:00,462.9,wind,MW,nem,NSW1
2017-10-11 21:55:00,484.0,wind,MW,nem,NSW1
2017-10-11 22:00:00,507.8,wind,MW,nem,NSW1
2017-10-11 22:05:00,519.6,wind,MW,nem,NSW1
2017-10-11 22:10:00,540.5,wind,MW,nem,NSW1
2017-10-11 22:15:00,549.4,wind,MW,nem,NSW1
2017-10-11 22:20:00,566.9,wind,MW,nem,NSW1
2017-10-11 22:25:00,576.5,wind,MW,nem,NSW1
2017-10-11 22:30:00,588.1,wind,MW,nem,NSW1
2017-10-11 22:35:00,586.9,wind,MW,nem,NSW1
2017-10-11 22:40:00,588.3,wind,MW,nem,NSW1
2017-10-11 22:45:00,598.9,wind,MW,nem,NSW1
2017-10-11 22:50:00,614.5,wind,MW,nem,NSW1
2017-10-11 22:55:00,623.5,wind,MW,nem,NSW1
2017-10-11 23:00:00,646.7,wind,MW,nem,NSW1
2017-10-11 23:05:00,644.8,wind,MW,nem,NSW1
2017-10-11 23:10:00,637.8,wind,MW,nem,NSW1
2017-10-11 23:15:00,644.9,wind,MW,nem,NSW1
2017-10-11 23:20:00,655.9,wind,MW,nem,NSW1
2017-10-11 23:25:00,661.0,wind,MW,nem,NSW1
2017-10-11 23:30:00,666.9,wind,MW,nem,NSW1
2017-10-11 23:35:00,659.2,wind,MW,nem,NSW1
2017-10-11 23:40:00,649.1,wind,MW,nem,NSW1
2017-10-11 23:45:00,643.8,wind,MW,nem,NSW1
2017-10-11 23:50:00,644.5,wind,MW,nem,NSW1
2017-10-11 23:55:00,647.2,wind,MW,nem,NSW1
2017-10-12 00:00:00,647.6,wind,MW,nem,NSW1
2017-10-12 00:05:00,648.1,wind,MW,nem,NSW1
2017-10-12 00:10:00,653.4,wind,MW,nem,NSW1
2017-10-12 00:15:00,642.6,wind,MW,nem,NSW1
2017-10-12 00:20:00,643.3,wind,MW,nem,NSW1
2017-10-12 00:25:00,645.8,wind,MW,nem,NSW1
2017-10-12 00:30:00,633.9,wind,MW,nem,NSW1
2017-10-12 00:35:00,637.6,wind,MW,nem,NSW1
2017-10-12 00:40:00,640.3,wind,MW,nem,NSW1
2017-10-12 00:45:00,639.6,wind,MW,nem,NSW1
2017-10-12 00:50:00,629.6,wind,MW,nem,NSW1
2017-10-12 00:55:00,617.5,wind,MW,nem,NSW1
2017-10-12 01:00:00,611.2,wind,MW,nem,NSW1
2017-10-12 01:05:00,612.8,wind,MW,nem,NSW1
2017-10-12 01:10:00,608.4,wind,MW,nem,NSW1
2017-10-12 01:15:00,617.2,wind,MW,nem,NSW1
2017-10-12 01:20:00,621.3,wind,MW,nem,NSW1
2017-10-12 01:25:00,631.4,wind,MW,nem,NSW1
2017-10-12 01:30:00,622.6,wind,MW,nem,NSW1
2017-10-12 01:35:00,616.2,wind,MW,nem,NSW1
2017-10-12 01:40:00,616.1,wind,MW,nem,NSW1
2017-10-12 01:45:00,614.3,wind,MW,nem,NSW1
2017-10-12 01:50:00,616.9,wind,MW,nem,NSW1
2017-10-12 01:55:00,620.5,wind,MW,nem,NSW1
2017-10-12 02:00:00,614.6,wind,MW,nem,NSW1
2017-10-12 02:05:00,593.6,wind,MW,nem,NSW1
2017-10-12 02:10:00,563.0,wind,MW,nem,NSW1
2017-10-12 02:15:00,569.1,wind,MW,nem,NSW1
2017-10-12 02:20:00,610.2,wind,MW,nem,NSW1
2017-10-12 02:25:00,625.3,wind,MW,nem,NSW1
2017-10-12 02:30:00,619.6,wind,MW,nem,NSW1
2017-10-12 02:35:00,593.3,wind,MW,nem,NSW1
2017-10-12 02:40:00,641.6,wind,MW,nem,NSW1
2017-10-12 02:45:00,635.7,wind,MW,nem,NSW1
2017-10-12 02:50:00,622.1,wind,MW,nem,NSW1
2017-10-12 02:55:00,630.0,wind,MW,nem,NSW1
2017-10-12 03:00:00,628.7,wind,MW,nem,NSW1
2017-10-12 03:05:00,636.3,wind,MW,nem,NSW1
2017-10-12 03:10:00,647.0,wind,MW,nem,NSW1
2017-10-12 03:15:00,645.1,wind,MW,nem,NSW1
2017-10-12 03:20:00,609.0,wind,MW,nem,NSW1
2017-10-12 03:25:00,618.5,wind,MW,nem,NSW1
2017-10-12 03:30:00,624.1,wind,MW,nem,NSW1
2017-10-12 03:35:00,619.2,wind,MW,nem,NSW1
2017-10-12 03:40:00,608.2,wind,MW,nem,NSW1
2017-10-12 03:45:00,617.5,wind,MW,nem,NSW1
2017-10-12 03:50:00,624.2,wind,MW,nem,NSW1
2017-10-12 03:55:00,613.0,wind,MW,nem,NSW1
2017-10-12 04:00:00,608.3,wind,MW,nem,NSW1
2017-10-12 04:05:00,613.9,wind,MW,nem,NSW1
2017-10-12 04:10:00,613.1,wind,MW,nem,NSW1
2017-10-12 04:15:00,611.4,wind,MW,nem,NSW1
2017-10-12 04:20:00,611.7,wind,MW,nem,NSW1
2017-10-12 04:25:00,603.7,wind,MW,nem,NSW1
2017-10-12 04:30:00,598.9,wind,MW,nem,NSW1
2017-10-12 04:35:00,596.6,wind,MW,nem,NSW1
2017-10-12 04:40:00,601.4,wind,MW,nem,NSW1
2017-10-12 04:45:00,612.3,wind,MW,nem,NSW1
2017-10-12 04:50:00,614.8,wind,MW,nem,NSW1
2017-10-12 04:55:00,613.6,wind,MW,nem,NSW1
2017-10-12 05:00:00,623.4,wind,MW,nem,NSW1
2017-10-12 05:05:00,630.8,wind,MW,nem,NSW1
2017-10-12 05:10:00,627.7,wind,MW,nem,NSW1
2017-10-12 05:15:00,589.7,wind,MW,nem,NSW1
2017-10-12 05:20:00,577.1,wind,MW,nem,NSW1
2017-10-12 05:25:00,585.2,wind,MW,nem,NSW1
2017-10-12 05:30:00,584.4,wind,MW,nem,NSW1
2017-10-12 05:35:00,598.1,wind,MW,nem,NSW1
2017-10-12 05:40:00,602.1,wind,MW,nem,NSW1
2017-10-12 05:45:00,606.1,wind,MW,nem,NSW1
2017-10-12 05:50:00,601.6,wind,MW,nem,NSW1
2017-10-12 05:55:00,603.2,wind,MW,nem,NSW1
2017-10-12 06:00:00,592.7,wind,MW,nem,NSW1
2017-10-12 06:05:00,592.8,wind,MW,nem,NSW1
2017-10-12 06:10:00,579.8,wind,MW,nem,NSW1
2017-10-12 06:15:00,570.5,wind,MW,nem,NSW1
2017-10-12 06:20:00,548.3,wind,MW,nem,NSW1
2017-10-12 06:25:00,561.0,wind,MW,nem,NSW1
2017-10-12 06:30:00,562.6,wind,MW,nem,NSW1
2017-10-12 06:35:00,553.1,wind,MW,nem,NSW1
2017-10-12 06:40:00,535.5,wind,MW,nem,NSW1
2017-10-12 06:45:00,532.3,wind,MW,nem,NSW1
2017-10-12 06:50:00,522.2,wind,MW,nem,NSW1
2017-10-12 06:55:00,511.4,wind,MW,nem,NSW1
2017-10-12 07:00:00,509.0,wind,MW,nem,NSW1
2017-10-12 07:05:00,509.7,wind,MW,nem,NSW1
2017-10-12 07:10:00,490.6,wind,MW,nem,NSW1
2017-10-12 07:15:00,492.7,wind,MW,nem,NSW1
2017-10-12 07:20:00,483.6,wind,MW,nem,NSW1
2017-10-12 07:25:00,490.3,wind,MW,nem,NSW1
2017-10-12 07:30:00,491.1,wind,MW,nem,NSW1
2017-10-12 07:35:00,521.5,wind,MW,nem,NSW1
2017-10-12 07:40:00,518.1,wind,MW,nem,NSW1
2017-10-12 07:45:00,513.7,wind,MW,nem,NSW1
2017-10-12 07:50:00,516.7,wind,MW,nem,NSW1
2017-10-12 07:55:00,522.2,wind,MW,nem,NSW1
2017-10-12 08:00:00,521.9,wind,MW,nem,NSW1
2017-10-12 08:05:00,534.9,wind,MW,nem,NSW1
2017-10-12 08:10:00,524.3,wind,MW,nem,NSW1
2017-10-12 08:15:00,545.0,wind,MW,nem,NSW1
2017-10-12 08:20:00,556.9,wind,MW,nem,NSW1
2017-10-12 08:25:00,552.2,wind,MW,nem,NSW1
2017-10-12 08:30:00,565.4,wind,MW,nem,NSW1
2017-10-12 08:35:00,577.3,wind,MW,nem,NSW1
2017-10-12 08:40:00,565.9,wind,MW,nem,NSW1
2017-10-12 08:45:00,572.4,wind,MW,nem,NSW1
2017-10-12 08:50:00,572.2,wind,MW,nem,NSW1
2017-10-12 08:55:00,548.2,wind,MW,nem,NSW1
2017-10-12 09:00:00,534.4,wind,MW,nem,NSW1
2017-10-12 09:05:00,510.7,wind,MW,nem,NSW1
2017-10-12 09:10:00,514.9,wind,MW,nem,NSW1
2017-10-12 09:15:00,497.5,wind,MW,nem,NSW1
2017-10-12 09:20:00,504.1,wind,MW,nem,NSW1
2017-10-12 09:25:00,500.2,wind,MW,nem,NSW1
2017-10-12 09:30:00,490.1,wind,MW,nem,NSW1
2017-10-12 09:35:00,466.6,wind,MW,nem,NSW1
2017-10-12 09:40:00,448.0,wind,MW,nem,NSW1
2017-10-12 09:45:00,450.9,wind,MW,nem,NSW1
2017-10-12 09:50:00,464.7,wind,MW,nem,NSW1
2017-10-12 09:55:00,470.9,wind,MW,nem,NSW1
2017-10-12 10:00:00,486.3,wind,MW,nem,NSW1
2017-10-12 10:05:00,466.0,wind,MW,nem,NSW1
2017-10-12 10:10:00,458.9,wind,MW,nem,NSW1
2017-10-12 10:15:00,478.9,wind,MW,nem,NSW1
2017-10-12 10:20:00,494.8,wind,MW,nem,NSW1
2017-10-12 10:25:00,515.2,wind,MW,nem,NSW1
2017-10-12 10:30:00,523.3,wind,MW,nem,NSW1
2017-10-12 10:35:00,537.5,wind,MW,nem,NSW1
2017-10-12 10:40:00,534.1,wind,MW,nem,NSW1
2017-10-12 10:45:00,540.4,wind,MW,nem,NSW1
2017-10-12 10:50:00,538.5,wind,MW,nem,NSW1
2017-10-12 10:55:00,566.1,wind,MW,nem,NSW1
2017-10-12 11:00:00,551.1,wind,MW,nem,NSW1
2017-10-12 11:05:00,554.3,wind,MW,nem,NSW1
2017-10-12 11:10:00,566.4,wind,MW,nem,NSW1
2017-10-12 11:15:00,568.8,wind,MW,nem,NSW1
2017-10-12 11:20:00,575.3,wind,MW,nem,NSW1
2017-10-12 11:25:00,556.6,wind,MW,nem,NSW1
2017-10-12 11:30:00,575.9,wind,MW,nem,NSW1
2017-10-12 11:35:00,584.4,wind,MW,nem,NSW1
2017-10-12 11:40:00,562.8,wind,MW,nem,NSW1
2017-10-12 11:45:00,577.6,wind,MW,nem,NSW1
2017-10-12 11:50:00,585.7,wind,MW,nem,NSW1
2017-10-12 11:55:00,579.8,wind,MW,nem,NSW1
2017-10-12 12:00:00,588.2,wind,MW,nem,NSW1
2017-10-12 12:05:00,572.6,wind,MW,nem,NSW1
2017-10-12 12:10:00,566.0,wind,MW,nem,NSW1
2017-10-12 12:15:00,583.1,wind,MW,nem,NSW1
2017-10-12 12:20:00,573.5,wind,MW,nem,NSW1
2017-10-12 12:25:00,556.3,wind,MW,nem,NSW1
2017-10-12 12:30:00,564.7,wind,MW,nem,NSW1
2017-10-12 12:35:00,563.0,wind,MW,nem,NSW1
2017-10-12 12:40:00,562.8,wind,MW,nem,NSW1
2017-10-12 12:45:00,558.0,wind,MW,nem,NSW1
2017-10-12 12:50:00,478.4,wind,MW,nem,NSW1
2017-10-12 12:55:00,474.9,wind,MW,nem,NSW1
2017-10-12 13:00:00,479.5,wind,MW,nem,NSW1
2017-10-12 13:05:00,494.8,wind,MW,nem,NSW1
2017-10-12 13:10:00,487.6,wind,MW,nem,NSW1
2017-10-12 13:15:00,486.3,wind,MW,nem,NSW1
2017-10-12 13:20:00,491.3,wind,MW,nem,NSW1
2017-10-12 13:25:00,493.3,wind,MW,nem,NSW1
2017-10-12 13:30:00,486.3,wind,MW,nem,NSW1
2017-10-12 13:35:00,493.3,wind,MW,nem,NSW1
2017-10-12 13:40:00,502.0,wind,MW,nem,NSW1
2017-10-12 13:45:00,493.3,wind,MW,nem,NSW1
2017-10-12 13:50:00,484.3,wind,MW,nem,NSW1
2017-10-12 13:55:00,484.2,wind,MW,nem,NSW1
2017-10-12 14:00:00,505.5,wind,MW,nem,NSW1
2017-10-12 14:05:00,496.5,wind,MW,nem,NSW1
2017-10-12 14:10:00,491.4,wind,MW,nem,NSW1
2017-10-12 14:15:00,499.2,wind,MW,nem,NSW1
2017-10-12 14:20:00,501.2,wind,MW,nem,NSW1
2017-10-12 14:25:00,505.0,wind,MW,nem,NSW1
2017-10-12 14:30:00,512.4,wind,MW,nem,NSW1
2017-10-12 14:35:00,502.2,wind,MW,nem,NSW1
2017-10-12 14:40:00,538.1,wind,MW,nem,NSW1
2017-10-12 14:45:00,577.9,wind,MW,nem,NSW1
2017-10-12 14:50:00,587.9,wind,MW,nem,NSW1
2017-10-12 14:55:00,585.8,wind,MW,nem,NSW1
2017-10-12 15:00:00,586.5,wind,MW,nem,NSW1
2017-10-12 15:05:00,574.0,wind,MW,nem,NSW1
2017-10-12 15:10:00,585.3,wind,MW,nem,NSW1
2017-10-12 15:15:00,578.3,wind,MW,nem,NSW1
2017-10-12 15:20:00,578.5,wind,MW,nem,NSW1
2017-10-12 15:25:00,583.7,wind,MW,nem,NSW1
2017-10-12 15:30:00,577.2,wind,MW,nem,NSW1
2017-10-12 15:35:00,592.9,wind,MW,nem,NSW1
2017-10-12 15:40:00,611.1,wind,MW,nem,NSW1
2017-10-12 15:45:00,622.9,wind,MW,nem,NSW1
2017-10-12 15:50:00,619.9,wind,MW,nem,NSW1
2017-10-12 15:55:00,632.7,wind,MW,nem,NSW1
2017-10-12 16:00:00,623.9,wind,MW,nem,NSW1
2017-10-12 16:05:00,640.7,wind,MW,nem,NSW1
2017-10-12 16:10:00,628.9,wind,MW,nem,NSW1
2017-10-12 16:15:00,627.7,wind,MW,nem,NSW1
2017-10-12 16:20:00,619.9,wind,MW,nem,NSW1
2017-10-12 16:25:00,603.6,wind,MW,nem,NSW1
2017-10-12 16:30:00,603.2,wind,MW,nem,NSW1
2017-10-12 16:35:00,586.6,wind,MW,nem,NSW1
2017-10-12 16:40:00,589.5,wind,MW,nem,NSW1
2017-10-12 16:45:00,617.0,wind,MW,nem,NSW1
2017-10-12 16:50:00,608.1,wind,MW,nem,NSW1
2017-10-12 16:55:00,597.8,wind,MW,nem,NSW1
2017-10-12 17:00:00,583.0,wind,MW,nem,NSW1
2017-10-12 17:05:00,597.0,wind,MW,nem,NSW1
2017-10-12 17:10:00,545.3,wind,MW,nem,NSW1
2017-10-12 17:15:00,584.1,wind,MW,nem,NSW1
2017-10-12 17:20:00,563.9,wind,MW,nem,NSW1
2017-10-12 17:25:00,546.3,wind,MW,nem,NSW1
2017-10-12 17:30:00,530.3,wind,MW,nem,NSW1
2017-10-12 17:35:00,517.3,wind,MW,nem,NSW1
2017-10-12 17:40:00,504.2,wind,MW,nem,NSW1
2017-10-12 17:45:00,496.6,wind,MW,nem,NSW1
2017-10-12 17:50:00,500.8,wind,MW,nem,NSW1
2017-10-12 17:55:00,480.6,wind,MW,nem,NSW1
2017-10-12 18:00:00,498.1,wind,MW,nem,NSW1
2017-10-12 18:05:00,487.3,wind,MW,nem,NSW1
2017-10-12 18:10:00,482.3,wind,MW,nem,NSW1
2017-10-12 18:15:00,477.6,wind,MW,nem,NSW1
2017-10-12 18:20:00,439.7,wind,MW,nem,NSW1
2017-10-12 18:25:00,421.6,wind,MW,nem,NSW1
2017-10-12 18:30:00,425.1,wind,MW,nem,NSW1
2017-10-12 18:35:00,448.0,wind,MW,nem,NSW1
2017-10-12 18:40:00,458.6,wind,MW,nem,NSW1
2017-10-12 18:45:00,455.0,wind,MW,nem,NSW1
2017-10-12 18:50:00,470.3,wind,MW,nem,NSW1
2017-10-12 18:55:00,448.2,wind,MW,nem,NSW1
2017-10-12 19:00:00,461.4,wind,MW,nem,NSW1
2017-10-12 19:05:00,474.0,wind,MW,nem,NSW1
2017-10-12 19:10:00,475.9,wind,MW,nem,NSW1
2017-10-12 19:15:00,462.0,wind,MW,nem,NSW1
2017-10-12 19:20:00,454.0,wind,MW,nem,NSW1
2017-10-12 19:25:00,454.0,wind,MW,nem,NSW1
2017-10-12 19:30:00,472.5,wind,MW,nem,NSW1
2017-10-12 19:35:00,471.4,wind,MW,nem,NSW1
2017-10-12 19:40:00,450.4,wind,MW,nem,NSW1
2017-10-12 19:45:00,428.5,wind,MW,nem,NSW1
2017-10-12 19:50:00,417.7,wind,MW,nem,NSW1
2017-10-12 19:55:00,402.4,wind,MW,nem,NSW1
2017-10-12 20:00:00,373.6,wind,MW,nem,NSW1
2017-10-12 20:05:00,366.9,wind,MW,nem,NSW1
2017-10-12 20:10:00,371.4,wind,MW,nem,NSW1
2017-10-12 20:15:00,374.2,wind,MW,nem,NSW1
2017-10-12 20:20:00,357.9,wind,MW,nem,NSW1
2017-10-12 20:25:00,345.6,wind,MW,nem,NSW1
2017-10-12 20:30:00,324.1,wind,MW,nem,NSW1
2017-10-12 20:35:00,317.6,wind,MW,nem,NSW1
2017-10-12 20:40:00,323.5,wind,MW,nem,NSW1
2017-10-12 20:45:00,325.1,wind,MW,nem,NSW1
2017-10-12 20:50:00,318.1,wind,MW,nem,NSW1
2017-10-12 20:55:00,311.7,wind,MW,nem,NSW1
2017-10-12 21:00:00,304.6,wind,MW,nem,NSW1
2017-10-12 21:05:00,300.9,wind,MW,nem,NSW1
2017-10-12 21:10:00,301.3,wind,MW,nem,NSW1
2017-10-12 21:15:00,293.1,wind,MW,nem,NSW1
2017-10-12 21:20:00,286.7,wind,MW,nem,NSW1
2017-10-12 21:25:00,290.1,wind,MW,nem,NSW1
2017-10-12 21:30:00,286.8,wind,MW,nem,NSW1
2017-10-12 21:35:00,290.6,wind,MW,nem,NSW1
2017-10-12 21:40:00,291.4,wind,MW,nem,NSW1
2017-10-12 21:45:00,284.4,wind,MW,nem,NSW1
2017-10-12 21:50:00,277.9,wind,MW,nem,NSW1
2017-10-12 21:55:00,280.7,wind,MW,nem,NSW1
2017-10-12 22:00:00,295.6,wind,MW,nem,NSW1
2017-10-12 22:05:00,298.1,wind,MW,nem,NSW1
2017-10-12 22:10:00,288.3,wind,MW,nem,NSW1
2017-10-12 22:15:00,286.8,wind,MW,nem,NSW1
2017-10-12 22:20:00,294.2,wind,MW,nem,NSW1
2017-10-12 22:25:00,310.9,wind,MW,nem,NSW1
2017-10-12 22:30:00,318.6,wind,MW,nem,NSW1
2017-10-12 22:35:00,317.2,wind,MW,nem,NSW1
2017-10-12 22:40:00,312.0,wind,MW,nem,NSW1
2017-10-12 22:45:00,303.4,wind,MW,nem,NSW1
2017-10-12 22:50:00,302.1,wind,MW,nem,NSW1
2017-10-12 22:55:00,305.2,wind,MW,nem,NSW1
2017-10-12 23:00:00,307.4,wind,MW,nem,NSW1
2017-10-12 23:05:00,290.4,wind,MW,nem,NSW1
2017-10-12 23:10:00,260.6,wind,MW,nem,NSW1
2017-10-12 23:15:00,252.4,wind,MW,nem,NSW1
2017-10-12 23:20:00,256.2,wind,MW,nem,NSW1
2017-10-12 23:25:00,248.5,wind,MW,nem,NSW1
2017-10-12 23:30:00,247.0,wind,MW,nem,NSW1
2017-10-12 23:35:00,241.1,wind,MW,nem,NSW1
2017-10-12 23:40:00,226.7,wind,MW,nem,NSW1
2017-10-12 23:45:00,205.4,wind,MW,nem,NSW1
2017-10-12 23:50:00,197.9,wind,MW,nem,NSW1
2017-10-12 23:55:00,196.8,wind,MW,nem,NSW1
2017-10-13 00:00:00,194.1,wind,MW,nem,NSW1
2017-10-13 00:05:00,188.7,wind,MW,nem,NSW1
2017-10-13 00:10:00,192.1,wind,MW,nem,NSW1
2017-10-13 00:15:00,193.2,wind,MW,nem,NSW1
2017-10-13 00:20:00,193.4,wind,MW,nem,NSW1
2017-10-13 00:25:00,196.6,wind,MW,nem,NSW1
2017-10-13 00:30:00,208.6,wind,MW,nem,NSW1
2017-10-13 00:35:00,216.2,wind,MW,nem,NSW1
2017-10-13 00:40:00,220.5,wind,MW,nem,NSW1
2017-10-13 00:45:00,224.4,wind,MW,nem,NSW1
2017-10-13 00:50:00,227.7,wind,MW,nem,NSW1
2017-10-13 00:55:00,227.9,wind,MW,nem,NSW1
2017-10-13 01:00:00,234.7,wind,MW,nem,NSW1
2017-10-13 01:05:00,238.0,wind,MW,nem,NSW1
2017-10-13 01:10:00,244.7,wind,MW,nem,NSW1
2017-10-13 01:15:00,246.0,wind,MW,nem,NSW1
2017-10-13 01:20:00,243.8,wind,MW,nem,NSW1
2017-10-13 01:25:00,240.3,wind,MW,nem,NSW1
2017-10-13 01:30:00,245.6,wind,MW,nem,NSW1
2017-10-13 01:35:00,249.8,wind,MW,nem,NSW1
2017-10-13 01:40:00,258.3,wind,MW,nem,NSW1
2017-10-13 01:45:00,259.9,wind,MW,nem,NSW1
2017-10-13 01:50:00,264.8,wind,MW,nem,NSW1
2017-10-13 01:55:00,270.5,wind,MW,nem,NSW1
2017-10-13 02:00:00,272.0,wind,MW,nem,NSW1
2017-10-13 02:05:00,281.6,wind,MW,nem,NSW1
2017-10-13 02:10:00,281.7,wind,MW,nem,NSW1
2017-10-13 02:15:00,287.4,wind,MW,nem,NSW1
2017-10-13 02:20:00,295.7,wind,MW,nem,NSW1
2017-10-13 02:25:00,296.5,wind,MW,nem,NSW1
2017-10-13 02:30:00,294.8,wind,MW,nem,NSW1
2017-10-13 02:35:00,300.0,wind,MW,nem,NSW1
2017-10-13 02:40:00,302.4,wind,MW,nem,NSW1
2017-10-13 02:45:00,306.4,wind,MW,nem,NSW1
2017-10-13 02:50:00,307.2,wind,MW,nem,NSW1
2017-10-13 02:55:00,310.7,wind,MW,nem,NSW1
2017-10-13 03:00:00,311.0,wind,MW,nem,NSW1
2017-10-13 03:05:00,310.8,wind,MW,nem,NSW1
2017-10-13 03:10:00,302.1,wind,MW,nem,NSW1
2017-10-13 03:15:00,297.5,wind,MW,nem,NSW1
2017-10-13 03:20:00,297.8,wind,MW,nem,NSW1
2017-10-13 03:25:00,293.6,wind,MW,nem,NSW1
2017-10-13 03:30:00,290.8,wind,MW,nem,NSW1
2017-10-13 03:35:00,290.7,wind,MW,nem,NSW1
2017-10-13 03:40:00,285.2,wind,MW,nem,NSW1
2017-10-13 03:45:00,276.6,wind,MW,nem,NSW1
2017-10-13 03:50:00,275.9,wind,MW,nem,NSW1
2017-10-13 03:55:00,268.7,wind,MW,nem,NSW1
2017-10-13 04:00:00,259.6,wind,MW,nem,NSW1
2017-10-13 04:05:00,253.4,wind,MW,nem,NSW1
2017-10-13 04:10:00,249.2,wind,MW,nem,NSW1
2017-10-13 04:15:00,243.7,wind,MW,nem,NSW1
2017-10-13 04:20:00,241.5,wind,MW,nem,NSW1
2017-10-13 04:25:00,234.7,wind,MW,nem,NSW1
2017-10-13 04:30:00,230.7,wind,MW,nem,NSW1
2017-10-13 04:35:00,234.5,wind,MW,nem,NSW1
2017-10-13 04:40:00,238.0,wind,MW,nem,NSW1
2017-10-13 04:45:00,233.6,wind,MW,nem,NSW1
2017-10-13 04:50:00,232.5,wind,MW,nem,NSW1
2017-10-13 04:55:00,235.7,wind,MW,nem,NSW1
2017-10-13 05:00:00,233.7,wind,MW,nem,NSW1
2017-10-13 05:05:00,232.7,wind,MW,nem,NSW1
2017-10-13 05:10:00,231.6,wind,MW,nem,NSW1
2017-10-13 05:15:00,232.4,wind,MW,nem,NSW1
2017-10-13 05:20:00,224.4,wind,MW,nem,NSW1
2017-10-13 05:25:00,226.1,wind,MW,nem,NSW1
2017-10-13 05:30:00,221.5,wind,MW,nem,NSW1
2017-10-13 05:35:00,223.5,wind,MW,nem,NSW1
2017-10-13 05:40:00,227.2,wind,MW,nem,NSW1
2017-10-13 05:45:00,224.4,wind,MW,nem,NSW1
2017-10-13 05:50:00,222.9,wind,MW,nem,NSW1
2017-10-13 05:55:00,224.4,wind,MW,nem,NSW1
2017-10-13 06:00:00,219.7,wind,MW,nem,NSW1
2017-10-13 06:05:00,218.2,wind,MW,nem,NSW1
2017-10-13 06:10:00,217.6,wind,MW,nem,NSW1
2017-10-13 06:15:00,208.6,wind,MW,nem,NSW1
2017-10-13 06:20:00,196.5,wind,MW,nem,NSW1
2017-10-13 06:25:00,187.0,wind,MW,nem,NSW1
2017-10-13 06:30:00,180.5,wind,MW,nem,NSW1
2017-10-13 06:35:00,172.9,wind,MW,nem,NSW1
2017-10-13 06:40:00,161.1,wind,MW,nem,NSW1
2017-10-13 06:45:00,151.3,wind,MW,nem,NSW1
2017-10-13 06:50:00,143.1,wind,MW,nem,NSW1
2017-10-13 06:55:00,132.4,wind,MW,nem,NSW1
2017-10-13 07:00:00,128.5,wind,MW,nem,NSW1
2017-10-13 07:05:00,128.8,wind,MW,nem,NSW1
2017-10-13 07:10:00,125.2,wind,MW,nem,NSW1
2017-10-13 07:15:00,127.4,wind,MW,nem,NSW1
2017-10-13 07:20:00,126.0,wind,MW,nem,NSW1
2017-10-13 07:25:00,135.0,wind,MW,nem,NSW1
2017-10-13 07:30:00,138.0,wind,MW,nem,NSW1
2017-10-13 07:35:00,140.9,wind,MW,nem,NSW1
2017-10-13 07:40:00,143.7,wind,MW,nem,NSW1
2017-10-13 07:45:00,158.1,wind,MW,nem,NSW1
2017-10-13 07:50:00,160.7,wind,MW,nem,NSW1
2017-10-13 07:55:00,172.8,wind,MW,nem,NSW1
2017-10-13 08:00:00,173.4,wind,MW,nem,NSW1
2017-10-13 08:05:00,178.7,wind,MW,nem,NSW1
2017-10-13 08:10:00,179.8,wind,MW,nem,NSW1
2017-10-13 08:15:00,175.4,wind,MW,nem,NSW1
2017-10-13 08:20:00,183.4,wind,MW,nem,NSW1
2017-10-13 08:25:00,182.8,wind,MW,nem,NSW1
2017-10-13 08:30:00,183.8,wind,MW,nem,NSW1
2017-10-13 08:35:00,180.4,wind,MW,nem,NSW1
2017-10-13 08:40:00,186.4,wind,MW,nem,NSW1
2017-10-13 08:45:00,182.5,wind,MW,nem,NSW1
2017-10-13 08:50:00,184.3,wind,MW,nem,NSW1
2017-10-13 08:55:00,185.4,wind,MW,nem,NSW1
2017-10-13 09:00:00,185.3,wind,MW,nem,NSW1
2017-10-13 09:05:00,189.7,wind,MW,nem,NSW1
2017-10-13 09:10:00,185.8,wind,MW,nem,NSW1
2017-10-13 09:15:00,170.7,wind,MW,nem,NSW1
2017-10-13 09:20:00,167.0,wind,MW,nem,NSW1
2017-10-13 09:25:00,160.7,wind,MW,nem,NSW1
2017-10-13 09:30:00,149.5,wind,MW,nem,NSW1
2017-10-13 09:35:00,149.3,wind,MW,nem,NSW1
2017-10-13 09:40:00,141.8,wind,MW,nem,NSW1
2017-10-13 09:45:00,139.3,wind,MW,nem,NSW1
2017-10-13 09:50:00,139.4,wind,MW,nem,NSW1
2017-10-13 09:55:00,154.6,wind,MW,nem,NSW1
2017-10-13 10:00:00,160.4,wind,MW,nem,NSW1
2017-10-13 10:05:00,157.7,wind,MW,nem,NSW1
2017-10-13 10:10:00,160.9,wind,MW,nem,NSW1
2017-10-13 10:15:00,162.6,wind,MW,nem,NSW1
2017-10-13 10:20:00,163.4,wind,MW,nem,NSW1
2017-10-13 10:25:00,173.6,wind,MW,nem,NSW1
2017-10-13 10:30:00,165.5,wind,MW,nem,NSW1
2017-10-13 10:35:00,169.3,wind,MW,nem,NSW1
2017-10-13 10:40:00,168.0,wind,MW,nem,NSW1
2017-10-13 10:45:00,165.1,wind,MW,nem,NSW1
2017-10-13 10:50:00,167.5,wind,MW,nem,NSW1
2017-10-13 10:55:00,175.5,wind,MW,nem,NSW1
2017-10-13 11:00:00,177.9,wind,MW,nem,NSW1
2017-10-13 11:05:00,169.4,wind,MW,nem,NSW1
2017-10-13 11:10:00,177.2,wind,MW,nem,NSW1
2017-10-13 11:15:00,172.7,wind,MW,nem,NSW1
2017-10-13 11:20:00,179.8,wind,MW,nem,NSW1
2017-10-13 11:25:00,188.4,wind,MW,nem,NSW1
2017-10-13 11:30:00,184.4,wind,MW,nem,NSW1
2017-10-13 11:35:00,178.2,wind,MW,nem,NSW1
2017-10-13 11:40:00,184.5,wind,MW,nem,NSW1
2017-10-13 11:45:00,186.0,wind,MW,nem,NSW1
2017-10-13 11:50:00,209.7,wind,MW,nem,NSW1
2017-10-13 11:55:00,196.6,wind,MW,nem,NSW1
2017-10-13 12:00:00,176.2,wind,MW,nem,NSW1
2017-10-13 12:05:00,199.1,wind,MW,nem,NSW1
2017-10-13 12:10:00,183.5,wind,MW,nem,NSW1
2017-10-13 12:15:00,192.3,wind,MW,nem,NSW1
2017-10-13 12:20:00,197.3,wind,MW,nem,NSW1
2017-10-13 12:25:00,183.4,wind,MW,nem,NSW1
2017-10-13 12:30:00,198.9,wind,MW,nem,NSW1
2017-10-13 12:35:00,191.5,wind,MW,nem,NSW1
2017-10-13 12:40:00,189.5,wind,MW,nem,NSW1
2017-10-13 12:45:00,195.6,wind,MW,nem,NSW1
2017-10-13 12:50:00,199.9,wind,MW,nem,NSW1
2017-10-13 12:55:00,193.4,wind,MW,nem,NSW1
2017-10-13 13:00:00,198.6,wind,MW,nem,NSW1
2017-10-13 13:05:00,212.6,wind,MW,nem,NSW1
2017-10-13 13:10:00,218.7,wind,MW,nem,NSW1
2017-10-13 13:15:00,224.5,wind,MW,nem,NSW1
2017-10-13 13:20:00,214.6,wind,MW,nem,NSW1
2017-10-13 13:25:00,217.1,wind,MW,nem,NSW1
2017-10-13 13:30:00,222.2,wind,MW,nem,NSW1
2017-10-13 13:35:00,218.5,wind,MW,nem,NSW1
2017-10-13 13:40:00,210.3,wind,MW,nem,NSW1
2017-10-13 13:45:00,210.5,wind,MW,nem,NSW1
2017-10-13 13:50:00,218.0,wind,MW,nem,NSW1
2017-10-13 13:55:00,227.0,wind,MW,nem,NSW1
2017-10-13 14:00:00,213.2,wind,MW,nem,NSW1
2017-10-13 14:05:00,213.1,wind,MW,nem,NSW1
2017-10-13 14:10:00,221.6,wind,MW,nem,NSW1
2017-10-13 14:15:00,225.0,wind,MW,nem,NSW1
2017-10-13 14:20:00,220.4,wind,MW,nem,NSW1
2017-10-13 14:25:00,228.3,wind,MW,nem,NSW1
2017-10-13 14:30:00,212.0,wind,MW,nem,NSW1
2017-10-13 14:35:00,222.7,wind,MW,nem,NSW1
2017-10-13 14:40:00,226.8,wind,MW,nem,NSW1
2017-10-13 14:45:00,216.5,wind,MW,nem,NSW1
2017-10-13 14:50:00,213.8,wind,MW,nem,NSW1
2017-10-13 14:55:00,228.1,wind,MW,nem,NSW1
2017-10-13 15:00:00,230.3,wind,MW,nem,NSW1
2017-10-13 15:05:00,219.7,wind,MW,nem,NSW1
2017-10-13 15:10:00,210.3,wind,MW,nem,NSW1
2017-10-13 15:15:00,217.4,wind,MW,nem,NSW1
2017-10-13 15:20:00,222.0,wind,MW,nem,NSW1
2017-10-13 15:25:00,233.3,wind,MW,nem,NSW1
2017-10-13 15:30:00,241.7,wind,MW,nem,NSW1
2017-10-13 15:35:00,256.8,wind,MW,nem,NSW1
2017-10-13 15:40:00,249.9,wind,MW,nem,NSW1
2017-10-13 15:45:00,246.9,wind,MW,nem,NSW1
2017-10-13 15:50:00,264.2,wind,MW,nem,NSW1
2017-10-13 15:55:00,273.4,wind,MW,nem,NSW1
2017-10-13 16:00:00,282.7,wind,MW,nem,NSW1
2017-10-13 16:05:00,288.4,wind,MW,nem,NSW1
2017-10-13 16:10:00,294.4,wind,MW,nem,NSW1
2017-10-13 16:15:00,287.2,wind,MW,nem,NSW1
2017-10-13 16:20:00,309.3,wind,MW,nem,NSW1
2017-10-13 16:25:00,313.6,wind,MW,nem,NSW1
2017-10-13 16:30:00,314.5,wind,MW,nem,NSW1
2017-10-13 16:35:00,309.7,wind,MW,nem,NSW1
2017-10-13 16:40:00,307.1,wind,MW,nem,NSW1
2017-10-13 16:45:00,312.0,wind,MW,nem,NSW1
2017-10-13 16:50:00,310.3,wind,MW,nem,NSW1
2017-10-13 16:55:00,307.6,wind,MW,nem,NSW1
2017-10-13 17:00:00,315.6,wind,MW,nem,NSW1
2017-10-13 17:05:00,324.7,wind,MW,nem,NSW1
2017-10-13 17:10:00,311.0,wind,MW,nem,NSW1
2017-10-13 17:15:00,305.6,wind,MW,nem,NSW1
2017-10-13 17:20:00,292.4,wind,MW,nem,NSW1
2017-10-13 17:25:00,293.1,wind,MW,nem,NSW1
2017-10-13 17:30:00,277.1,wind,MW,nem,NSW1
2017-10-13 17:35:00,259.3,wind,MW,nem,NSW1
2017-10-13 17:40:00,240.4,wind,MW,nem,NSW1
2017-10-13 17:45:00,230.6,wind,MW,nem,NSW1
2017-10-13 17:50:00,217.9,wind,MW,nem,NSW1
2017-10-13 17:55:00,206.8,wind,MW,nem,NSW1
2017-10-13 18:00:00,210.7,wind,MW,nem,NSW1
2017-10-13 18:05:00,199.9,wind,MW,nem,NSW1
2017-10-13 18:10:00,199.6,wind,MW,nem,NSW1
2017-10-13 18:15:00,188.0,wind,MW,nem,NSW1
2017-10-13 18:20:00,176.2,wind,MW,nem,NSW1
2017-10-13 18:25:00,166.7,wind,MW,nem,NSW1
2017-10-13 18:30:00,159.4,wind,MW,nem,NSW1
2017-10-13 18:35:00,158.3,wind,MW,nem,NSW1
2017-10-13 18:40:00,147.9,wind,MW,nem,NSW1
2017-10-13 18:45:00,149.9,wind,MW,nem,NSW1
2017-10-13 18:50:00,153.0,wind,MW,nem,NSW1
2017-10-13 18:55:00,149.4,wind,MW,nem,NSW1
2017-10-13 19:00:00,143.7,wind,MW,nem,NSW1
2017-10-13 19:05:00,137.4,wind,MW,nem,NSW1
2017-10-13 19:10:00,131.4,wind,MW,nem,NSW1
2017-10-13 19:15:00,127.8,wind,MW,nem,NSW1
2017-10-13 19:20:00,120.7,wind,MW,nem,NSW1
2017-10-13 19:25:00,107.5,wind,MW,nem,NSW1
2017-10-13 19:30:00,95.73,wind,MW,nem,NSW1
2017-10-13 19:35:00,82.56,wind,MW,nem,NSW1
2017-10-13 19:40:00,73.99,wind,MW,nem,NSW1
2017-10-13 19:45:00,68.39,wind,MW,nem,NSW1
2017-10-13 19:50:00,78.74,wind,MW,nem,NSW1
2017-10-13 19:55:00,90.45,wind,MW,nem,NSW1
2017-10-13 20:00:00,96.8,wind,MW,nem,NSW1
2017-10-13 20:05:00,97.99,wind,MW,nem,NSW1
2017-10-13 20:10:00,100.7,wind,MW,nem,NSW1
2017-10-13 20:15:00,103.6,wind,MW,nem,NSW1
2017-10-13 20:20:00,106.4,wind,MW,nem,NSW1
2017-10-13 20:25:00,100.8,wind,MW,nem,NSW1
2017-10-13 20:30:00,101.2,wind,MW,nem,NSW1
2017-10-13 20:35:00,95.54,wind,MW,nem,NSW1
2017-10-13 20:40:00,87.04,wind,MW,nem,NSW1
2017-10-13 20:45:00,76.73,wind,MW,nem,NSW1
2017-10-13 20:50:00,76.07,wind,MW,nem,NSW1
2017-10-13 20:55:00,74.13,wind,MW,nem,NSW1
2017-10-13 21:00:00,80.56,wind,MW,nem,NSW1
2017-10-13 21:05:00,85.92,wind,MW,nem,NSW1
2017-10-13 21:10:00,88.99,wind,MW,nem,NSW1
2017-10-13 21:15:00,93.45,wind,MW,nem,NSW1
2017-10-13 21:20:00,96.19,wind,MW,nem,NSW1
2017-10-13 21:25:00,100.8,wind,MW,nem,NSW1
2017-10-13 21:30:00,97.87,wind,MW,nem,NSW1
2017-10-13 21:35:00,94.74,wind,MW,nem,NSW1
2017-10-13 21:40:00,90.13,wind,MW,nem,NSW1
2017-10-13 21:45:00,90.29,wind,MW,nem,NSW1
2017-10-13 21:50:00,100.3,wind,MW,nem,NSW1
2017-10-13 21:55:00,106.0,wind,MW,nem,NSW1
2017-10-13 22:00:00,109.1,wind,MW,nem,NSW1
2017-10-13 22:05:00,116.1,wind,MW,nem,NSW1
2017-10-13 22:10:00,121.1,wind,MW,nem,NSW1
2017-10-13 22:15:00,132.4,wind,MW,nem,NSW1
2017-10-13 22:20:00,139.9,wind,MW,nem,NSW1
2017-10-13 22:25:00,137.5,wind,MW,nem,NSW1
2017-10-13 22:30:00,144.5,wind,MW,nem,NSW1
2017-10-13 22:35:00,142.8,wind,MW,nem,NSW1
2017-10-13 22:40:00,153.9,wind,MW,nem,NSW1
2017-10-13 22:45:00,155.5,wind,MW,nem,NSW1
2017-10-13 22:50:00,164.3,wind,MW,nem,NSW1
2017-10-13 22:55:00,165.3,wind,MW,nem,NSW1
2017-10-13 23:00:00,166.0,wind,MW,nem,NSW1
2017-10-13 23:05:00,167.7,wind,MW,nem,NSW1
2017-10-13 23:10:00,162.1,wind,MW,nem,NSW1
2017-10-13 23:15:00,172.2,wind,MW,nem,NSW1
2017-10-13 23:20:00,171.2,wind,MW,nem,NSW1
2017-10-13 23:25:00,181.6,wind,MW,nem,NSW1
2017-10-13 23:30:00,185.0,wind,MW,nem,NSW1
2017-10-13 23:35:00,183.8,wind,MW,nem,NSW1
2017-10-13 23:40:00,186.6,wind,MW,nem,NSW1
2017-10-13 23:45:00,186.4,wind,MW,nem,NSW1
2017-10-13 23:50:00,189.2,wind,MW,nem,NSW1
2017-10-13 23:55:00,198.4,wind,MW,nem,NSW1
2017-10-14 00:00:00,197.2,wind,MW,nem,NSW1
2017-10-14 00:05:00,208.4,wind,MW,nem,NSW1
2017-10-14 00:10:00,223.3,wind,MW,nem,NSW1
2017-10-14 00:15:00,232.9,wind,MW,nem,NSW1
2017-10-14 00:20:00,245.4,wind,MW,nem,NSW1
2017-10-14 00:25:00,243.8,wind,MW,nem,NSW1
2017-10-14 00:30:00,251.9,wind,MW,nem,NSW1
2017-10-14 00:35:00,248.2,wind,MW,nem,NSW1
2017-10-14 00:40:00,252.0,wind,MW,nem,NSW1
2017-10-14 00:45:00,252.1,wind,MW,nem,NSW1
2017-10-14 00:50:00,267.3,wind,MW,nem,NSW1
2017-10-14 00:55:00,263.3,wind,MW,nem,NSW1
2017-10-14 01:00:00,267.6,wind,MW,nem,NSW1
2017-10-14 01:05:00,265.6,wind,MW,nem,NSW1
2017-10-14 01:10:00,264.6,wind,MW,nem,NSW1
2017-10-14 01:15:00,254.5,wind,MW,nem,NSW1
2017-10-14 01:20:00,249.7,wind,MW,nem,NSW1
2017-10-14 01:25:00,245.9,wind,MW,nem,NSW1
2017-10-14 01:30:00,249.7,wind,MW,nem,NSW1
2017-10-14 01:35:00,248.8,wind,MW,nem,NSW1
2017-10-14 01:40:00,254.2,wind,MW,nem,NSW1
2017-10-14 01:45:00,246.3,wind,MW,nem,NSW1
2017-10-14 01:50:00,248.9,wind,MW,nem,NSW1
2017-10-14 01:55:00,251.5,wind,MW,nem,NSW1
2017-10-14 02:00:00,243.9,wind,MW,nem,NSW1
2017-10-14 02:05:00,252.7,wind,MW,nem,NSW1
2017-10-14 02:10:00,261.8,wind,MW,nem,NSW1
2017-10-14 02:15:00,263.0,wind,MW,nem,NSW1
2017-10-14 02:20:00,276.2,wind,MW,nem,NSW1
2017-10-14 02:25:00,286.8,wind,MW,nem,NSW1
2017-10-14 02:30:00,283.1,wind,MW,nem,NSW1
2017-10-14 02:35:00,282.9,wind,MW,nem,NSW1
2017-10-14 02:40:00,280.0,wind,MW,nem,NSW1
2017-10-14 02:45:00,277.3,wind,MW,nem,NSW1
2017-10-14 02:50:00,281.9,wind,MW,nem,NSW1
2017-10-14 02:55:00,282.1,wind,MW,nem,NSW1
2017-10-14 03:00:00,268.9,wind,MW,nem,NSW1
2017-10-14 03:05:00,265.9,wind,MW,nem,NSW1
2017-10-14 03:10:00,259.4,wind,MW,nem,NSW1
2017-10-14 03:15:00,251.9,wind,MW,nem,NSW1
2017-10-14 03:20:00,245.8,wind,MW,nem,NSW1
2017-10-14 03:25:00,233.3,wind,MW,nem,NSW1
2017-10-14 03:30:00,237.5,wind,MW,nem,NSW1
2017-10-14 03:35:00,231.2,wind,MW,nem,NSW1
2017-10-14 03:40:00,235.4,wind,MW,nem,NSW1
2017-10-14 03:45:00,234.2,wind,MW,nem,NSW1
2017-10-14 03:50:00,233.6,wind,MW,nem,NSW1
2017-10-14 03:55:00,226.5,wind,MW,nem,NSW1
2017-10-14 04:00:00,227.1,wind,MW,nem,NSW1
2017-10-14 04:05:00,224.0,wind,MW,nem,NSW1
2017-10-14 04:10:00,222.2,wind,MW,nem,NSW1
2017-10-14 04:15:00,222.5,wind,MW,nem,NSW1
2017-10-14 04:20:00,219.1,wind,MW,nem,NSW1
2017-10-14 04:25:00,227.8,wind,MW,nem,NSW1
2017-10-14 04:30:00,228.2,wind,MW,nem,NSW1
2017-10-14 04:35:00,229.4,wind,MW,nem,NSW1
2017-10-14 04:40:00,240.9,wind,MW,nem,NSW1
2017-10-14 04:45:00,244.0,wind,MW,nem,NSW1
2017-10-14 04:50:00,251.4,wind,MW,nem,NSW1
2017-10-14 04:55:00,252.4,wind,MW,nem,NSW1
2017-10-14 05:00:00,254.6,wind,MW,nem,NSW1
2017-10-14 05:05:00,259.2,wind,MW,nem,NSW1
2017-10-14 05:10:00,260.1,wind,MW,nem,NSW1
2017-10-14 05:15:00,241.3,wind,MW,nem,NSW1
2017-10-14 05:20:00,244.1,wind,MW,nem,NSW1
2017-10-14 05:25:00,247.1,wind,MW,nem,NSW1
2017-10-14 05:30:00,242.1,wind,MW,nem,NSW1
2017-10-14 05:35:00,253.4,wind,MW,nem,NSW1
2017-10-14 05:40:00,251.7,wind,MW,nem,NSW1
2017-10-14 05:45:00,246.9,wind,MW,nem,NSW1
2017-10-14 05:50:00,250.4,wind,MW,nem,NSW1
2017-10-14 05:55:00,251.7,wind,MW,nem,NSW1
2017-10-14 06:00:00,253.4,wind,MW,nem,NSW1
2017-10-14 06:05:00,248.6,wind,MW,nem,NSW1
2017-10-14 06:10:00,252.1,wind,MW,nem,NSW1
2017-10-14 06:15:00,256.5,wind,MW,nem,NSW1
2017-10-14 06:20:00,261.0,wind,MW,nem,NSW1
2017-10-14 06:25:00,273.8,wind,MW,nem,NSW1
2017-10-14 06:30:00,272.9,wind,MW,nem,NSW1
2017-10-14 06:35:00,277.9,wind,MW,nem,NSW1
2017-10-14 06:40:00,270.3,wind,MW,nem,NSW1
2017-10-14 06:45:00,264.7,wind,MW,nem,NSW1
2017-10-14 06:50:00,264.0,wind,MW,nem,NSW1
2017-10-14 06:55:00,273.5,wind,MW,nem,NSW1
2017-10-14 07:00:00,271.9,wind,MW,nem,NSW1
2017-10-14 07:05:00,277.1,wind,MW,nem,NSW1
2017-10-14 07:10:00,282.8,wind,MW,nem,NSW1
2017-10-14 07:15:00,285.3,wind,MW,nem,NSW1
2017-10-14 07:20:00,278.3,wind,MW,nem,NSW1
2017-10-14 07:25:00,275.1,wind,MW,nem,NSW1
2017-10-14 07:30:00,279.9,wind,MW,nem,NSW1
2017-10-14 07:35:00,289.2,wind,MW,nem,NSW1
2017-10-14 07:40:00,300.3,wind,MW,nem,NSW1
2017-10-14 07:45:00,298.7,wind,MW,nem,NSW1
2017-10-14 07:50:00,292.5,wind,MW,nem,NSW1
2017-10-14 07:55:00,293.1,wind,MW,nem,NSW1
2017-10-14 08:00:00,297.9,wind,MW,nem,NSW1
2017-10-14 08:05:00,301.8,wind,MW,nem,NSW1
2017-10-14 08:10:00,299.6,wind,MW,nem,NSW1
2017-10-14 08:15:00,304.7,wind,MW,nem,NSW1
2017-10-14 08:20:00,303.8,wind,MW,nem,NSW1
2017-10-14 08:25:00,298.6,wind,MW,nem,NSW1
2017-10-14 08:30:00,297.0,wind,MW,nem,NSW1
2017-10-14 08:35:00,284.6,wind,MW,nem,NSW1
2017-10-14 08:40:00,284.6,wind,MW,nem,NSW1
2017-10-14 08:45:00,279.5,wind,MW,nem,NSW1
2017-10-14 08:50:00,272.7,wind,MW,nem,NSW1
2017-10-14 08:55:00,263.8,wind,MW,nem,NSW1
2017-10-14 09:00:00,259.3,wind,MW,nem,NSW1
2017-10-14 09:05:00,245.5,wind,MW,nem,NSW1
2017-10-14 09:10:00,244.4,wind,MW,nem,NSW1
2017-10-14 09:15:00,239.6,wind,MW,nem,NSW1
2017-10-14 09:20:00,245.0,wind,MW,nem,NSW1
2017-10-14 09:25:00,250.4,wind,MW,nem,NSW1
2017-10-14 09:30:00,253.4,wind,MW,nem,NSW1
2017-10-14 09:35:00,249.5,wind,MW,nem,NSW1
2017-10-14 09:40:00,249.6,wind,MW,nem,NSW1
2017-10-14 09:45:00,256.6,wind,MW,nem,NSW1
2017-10-14 09:50:00,250.4,wind,MW,nem,NSW1
2017-10-14 09:55:00,241.8,wind,MW,nem,NSW1
2017-10-14 10:00:00,250.6,wind,MW,nem,NSW1
2017-10-14 10:05:00,239.6,wind,MW,nem,NSW1
2017-10-14 10:10:00,243.7,wind,MW,nem,NSW1
2017-10-14 10:15:00,247.8,wind,MW,nem,NSW1
2017-10-14 10:20:00,234.9,wind,MW,nem,NSW1
2017-10-14 10:25:00,228.9,wind,MW,nem,NSW1
2017-10-14 10:30:00,238.5,wind,MW,nem,NSW1
2017-10-14 10:35:00,232.5,wind,MW,nem,NSW1
2017-10-14 10:40:00,235.7,wind,MW,nem,NSW1
2017-10-14 10:45:00,232.6,wind,MW,nem,NSW1
2017-10-14 10:50:00,227.0,wind,MW,nem,NSW1
2017-10-14 10:55:00,215.9,wind,MW,nem,NSW1
2017-10-14 11:00:00,207.1,wind,MW,nem,NSW1
2017-10-14 11:05:00,215.6,wind,MW,nem,NSW1
2017-10-14 11:10:00,217.6,wind,MW,nem,NSW1
2017-10-14 11:15:00,218.5,wind,MW,nem,NSW1
2017-10-14 11:20:00,216.3,wind,MW,nem,NSW1
2017-10-14 11:25:00,214.4,wind,MW,nem,NSW1
2017-10-14 11:30:00,210.8,wind,MW,nem,NSW1
2017-10-14 11:35:00,207.6,wind,MW,nem,NSW1
2017-10-14 11:40:00,202.9,wind,MW,nem,NSW1
2017-10-14 11:45:00,207.7,wind,MW,nem,NSW1
2017-10-14 11:50:00,209.3,wind,MW,nem,NSW1
2017-10-14 11:55:00,190.9,wind,MW,nem,NSW1
2017-10-14 12:00:00,190.0,wind,MW,nem,NSW1
2017-10-14 12:05:00,196.8,wind,MW,nem,NSW1
2017-10-14 12:10:00,199.2,wind,MW,nem,NSW1
2017-10-14 12:15:00,191.2,wind,MW,nem,NSW1
2017-10-14 12:20:00,188.5,wind,MW,nem,NSW1
2017-10-14 12:25:00,180.2,wind,MW,nem,NSW1
2017-10-14 12:30:00,187.0,wind,MW,nem,NSW1
2017-10-14 12:35:00,177.9,wind,MW,nem,NSW1
2017-10-14 12:40:00,193.4,wind,MW,nem,NSW1
2017-10-14 12:45:00,206.0,wind,MW,nem,NSW1
2017-10-14 12:50:00,199.4,wind,MW,nem,NSW1
2017-10-14 12:55:00,192.1,wind,MW,nem,NSW1
2017-10-14 13:00:00,190.2,wind,MW,nem,NSW1
2017-10-14 13:05:00,180.1,wind,MW,nem,NSW1
2017-10-14 13:10:00,166.8,wind,MW,nem,NSW1
2017-10-14 13:15:00,159.4,wind,MW,nem,NSW1
2017-10-14 13:20:00,151.0,wind,MW,nem,NSW1
2017-10-14 13:25:00,148.7,wind,MW,nem,NSW1
2017-10-14 13:30:00,144.4,wind,MW,nem,NSW1
2017-10-14 13:35:00,142.5,wind,MW,nem,NSW1
2017-10-14 13:40:00,142.4,wind,MW,nem,NSW1
2017-10-14 13:45:00,141.3,wind,MW,nem,NSW1
2017-10-14 13:50:00,147.6,wind,MW,nem,NSW1
2017-10-14 13:55:00,141.2,wind,MW,nem,NSW1
2017-10-14 14:00:00,138.3,wind,MW,nem,NSW1
2017-10-14 14:05:00,138.5,wind,MW,nem,NSW1
2017-10-14 14:10:00,135.9,wind,MW,nem,NSW1
2017-10-14 14:15:00,135.3,wind,MW,nem,NSW1
2017-10-14 14:20:00,136.1,wind,MW,nem,NSW1
2017-10-14 14:25:00,138.0,wind,MW,nem,NSW1
2017-10-14 14:30:00,143.4,wind,MW,nem,NSW1
2017-10-14 14:35:00,143.9,wind,MW,nem,NSW1
2017-10-14 14:40:00,147.7,wind,MW,nem,NSW1
2017-10-14 14:45:00,154.3,wind,MW,nem,NSW1
2017-10-14 14:50:00,149.9,wind,MW,nem,NSW1
2017-10-14 14:55:00,166.2,wind,MW,nem,NSW1
2017-10-14 15:00:00,169.4,wind,MW,nem,NSW1
2017-10-14 15:05:00,179.8,wind,MW,nem,NSW1
2017-10-14 15:10:00,193.3,wind,MW,nem,NSW1
2017-10-14 15:15:00,199.1,wind,MW,nem,NSW1
2017-10-14 15:20:00,200.6,wind,MW,nem,NSW1
2017-10-14 15:25:00,189.4,wind,MW,nem,NSW1
2017-10-14 15:30:00,197.0,wind,MW,nem,NSW1
2017-10-14 15:35:00,207.4,wind,MW,nem,NSW1
2017-10-14 15:40:00,218.0,wind,MW,nem,NSW1
2017-10-14 15:45:00,219.3,wind,MW,nem,NSW1
2017-10-14 15:50:00,216.6,wind,MW,nem,NSW1
2017-10-14 15:55:00,207.4,wind,MW,nem,NSW1
2017-10-14 16:00:00,223.0,wind,MW,nem,NSW1
2017-10-14 16:05:00,225.4,wind,MW,nem,NSW1
2017-10-14 16:10:00,224.9,wind,MW,nem,NSW1
2017-10-14 16:15:00,216.8,wind,MW,nem,NSW1
2017-10-14 16:20:00,220.2,wind,MW,nem,NSW1
2017-10-14 16:25:00,224.3,wind,MW,nem,NSW1
2017-10-14 16:30:00,233.9,wind,MW,nem,NSW1
2017-10-14 16:35:00,232.0,wind,MW,nem,NSW1
2017-10-14 16:40:00,243.0,wind,MW,nem,NSW1
2017-10-14 16:45:00,237.8,wind,MW,nem,NSW1
2017-10-14 16:50:00,242.0,wind,MW,nem,NSW1
2017-10-14 16:55:00,245.8,wind,MW,nem,NSW1
2017-10-14 17:00:00,246.2,wind,MW,nem,NSW1
2017-10-14 17:05:00,254.6,wind,MW,nem,NSW1
2017-10-14 17:10:00,258.2,wind,MW,nem,NSW1
2017-10-14 17:15:00,255.5,wind,MW,nem,NSW1
2017-10-14 17:20:00,253.8,wind,MW,nem,NSW1
2017-10-14 17:25:00,257.8,wind,MW,nem,NSW1
2017-10-14 17:30:00,255.4,wind,MW,nem,NSW1
2017-10-14 17:35:00,253.9,wind,MW,nem,NSW1
2017-10-14 17:40:00,248.8,wind,MW,nem,NSW1
2017-10-14 17:45:00,252.5,wind,MW,nem,NSW1
2017-10-14 17:50:00,256.7,wind,MW,nem,NSW1
2017-10-14 17:55:00,262.2,wind,MW,nem,NSW1
2017-10-14 18:00:00,259.8,wind,MW,nem,NSW1
2017-10-14 18:05:00,261.2,wind,MW,nem,NSW1
2017-10-14 18:10:00,257.0,wind,MW,nem,NSW1
2017-10-14 18:15:00,266.2,wind,MW,nem,NSW1
2017-10-14 18:20:00,269.4,wind,MW,nem,NSW1
2017-10-14 18:25:00,267.8,wind,MW,nem,NSW1
2017-10-14 18:30:00,274.5,wind,MW,nem,NSW1
2017-10-14 18:35:00,271.8,wind,MW,nem,NSW1
2017-10-14 18:40:00,267.3,wind,MW,nem,NSW1
2017-10-14 18:45:00,273.7,wind,MW,nem,NSW1
2017-10-14 18:50:00,272.6,wind,MW,nem,NSW1
2017-10-14 18:55:00,279.4,wind,MW,nem,NSW1
2017-10-14 19:00:00,281.2,wind,MW,nem,NSW1
2017-10-14 19:05:00,282.1,wind,MW,nem,NSW1
2017-10-14 19:10:00,280.9,wind,MW,nem,NSW1
2017-10-14 19:15:00,274.5,wind,MW,nem,NSW1
2017-10-14 19:20:00,277.3,wind,MW,nem,NSW1
2017-10-14 19:25:00,275.7,wind,MW,nem,NSW1
2017-10-14 19:30:00,267.1,wind,MW,nem,NSW1
2017-10-14 19:35:00,266.6,wind,MW,nem,NSW1
2017-10-14 19:40:00,263.6,wind,MW,nem,NSW1
2017-10-14 19:45:00,251.9,wind,MW,nem,NSW1
2017-10-14 19:50:00,246.1,wind,MW,nem,NSW1
2017-10-14 19:55:00,240.8,wind,MW,nem,NSW1
2017-10-14 20:00:00,232.6,wind,MW,nem,NSW1
2017-10-14 20:05:00,233.1,wind,MW,nem,NSW1
2017-10-14 20:10:00,226.5,wind,MW,nem,NSW1
2017-10-14 20:15:00,224.9,wind,MW,nem,NSW1
2017-10-14 20:20:00,222.4,wind,MW,nem,NSW1
2017-10-14 20:25:00,219.2,wind,MW,nem,NSW1
2017-10-14 20:30:00,220.3,wind,MW,nem,NSW1
2017-10-14 20:35:00,218.2,wind,MW,nem,NSW1
2017-10-14 20:40:00,221.9,wind,MW,nem,NSW1
2017-10-14 20:45:00,219.6,wind,MW,nem,NSW1
2017-10-14 20:50:00,212.2,wind,MW,nem,NSW1
2017-10-14 20:55:00,211.7,wind,MW,nem,NSW1
2017-10-14 21:00:00,206.9,wind,MW,nem,NSW1
2017-10-14 21:05:00,205.8,wind,MW,nem,NSW1
2017-10-14 21:10:00,201.1,wind,MW,nem,NSW1
2017-10-14 21:15:00,205.8,wind,MW,nem,NSW1
2017-10-14 21:20:00,202.9,wind,MW,nem,NSW1
2017-10-14 21:25:00,195.7,wind,MW,nem,NSW1
2017-10-14 21:30:00,193.1,wind,MW,nem,NSW1
2017-10-14 21:35:00,186.8,wind,MW,nem,NSW1
2017-10-14 21:40:00,178.2,wind,MW,nem,NSW1
2017-10-14 21:45:00,178.6,wind,MW,nem,NSW1
2017-10-14 21:50:00,176.8,wind,MW,nem,NSW1
2017-10-14 21:55:00,177.0,wind,MW,nem,NSW1
2017-10-14 22:00:00,176.6,wind,MW,nem,NSW1
2017-10-14 22:05:00,175.2,wind,MW,nem,NSW1
2017-10-14 22:10:00,173.9,wind,MW,nem,NSW1
2017-10-14 22:15:00,173.1,wind,MW,nem,NSW1
2017-10-14 22:20:00,169.5,wind,MW,nem,NSW1
2017-10-14 22:25:00,166.1,wind,MW,nem,NSW1
2017-10-14 22:30:00,159.1,wind,MW,nem,NSW1
2017-10-14 22:35:00,158.2,wind,MW,nem,NSW1
2017-10-14 22:40:00,158.3,wind,MW,nem,NSW1
2017-10-14 22:45:00,154.3,wind,MW,nem,NSW1
2017-10-14 22:50:00,150.2,wind,MW,nem,NSW1
2017-10-14 22:55:00,144.2,wind,MW,nem,NSW1
2017-10-14 23:00:00,149.8,wind,MW,nem,NSW1
2017-10-14 23:05:00,147.3,wind,MW,nem,NSW1
2017-10-14 23:10:00,150.4,wind,MW,nem,NSW1
2017-10-14 23:15:00,159.0,wind,MW,nem,NSW1
2017-10-14 23:20:00,161.7,wind,MW,nem,NSW1
2017-10-14 23:25:00,161.8,wind,MW,nem,NSW1
2017-10-14 23:30:00,166.7,wind,MW,nem,NSW1
2017-10-14 23:35:00,168.8,wind,MW,nem,NSW1
2017-10-14 23:40:00,174.6,wind,MW,nem,NSW1
2017-10-14 23:45:00,173.6,wind,MW,nem,NSW1
2017-10-14 23:50:00,175.1,wind,MW,nem,NSW1
2017-10-14 23:55:00,180.5,wind,MW,nem,NSW1
2017-10-15 00:00:00,185.7,wind,MW,nem,NSW1
2017-10-15 00:05:00,188.2,wind,MW,nem,NSW1
2017-10-15 00:10:00,190.3,wind,MW,nem,NSW1
2017-10-15 00:15:00,191.3,wind,MW,nem,NSW1
2017-10-15 00:20:00,196.3,wind,MW,nem,NSW1
2017-10-15 00:25:00,197.7,wind,MW,nem,NSW1
2017-10-15 00:30:00,197.4,wind,MW,nem,NSW1
2017-10-15 00:35:00,197.6,wind,MW,nem,NSW1
2017-10-15 00:40:00,200.4,wind,MW,nem,NSW1
2017-10-15 00:45:00,200.6,wind,MW,nem,NSW1
2017-10-15 00:50:00,199.6,wind,MW,nem,NSW1
2017-10-15 00:55:00,203.4,wind,MW,nem,NSW1
2017-10-15 01:00:00,215.3,wind,MW,nem,NSW1
2017-10-15 01:05:00,211.8,wind,MW,nem,NSW1
2017-10-15 01:10:00,218.8,wind,MW,nem,NSW1
2017-10-15 01:15:00,230.6,wind,MW,nem,NSW1
2017-10-15 01:20:00,231.1,wind,MW,nem,NSW1
2017-10-15 01:25:00,222.1,wind,MW,nem,NSW1
2017-10-15 01:30:00,217.1,wind,MW,nem,NSW1
2017-10-15 01:35:00,211.0,wind,MW,nem,NSW1
2017-10-15 01:40:00,209.0,wind,MW,nem,NSW1
2017-10-15 01:45:00,206.8,wind,MW,nem,NSW1
2017-10-15 01:50:00,205.3,wind,MW,nem,NSW1
2017-10-15 01:55:00,204.0,wind,MW,nem,NSW1
2017-10-15 02:00:00,203.3,wind,MW,nem,NSW1
2017-10-15 02:05:00,194.2,wind,MW,nem,NSW1
2017-10-15 02:10:00,191.4,wind,MW,nem,NSW1
2017-10-15 02:15:00,190.1,wind,MW,nem,NSW1
2017-10-15 02:20:00,189.4,wind,MW,nem,NSW1
2017-10-15 02:25:00,179.8,wind,MW,nem,NSW1
2017-10-15 02:30:00,181.2,wind,MW,nem,NSW1
2017-10-15 02:35:00,174.6,wind,MW,nem,NSW1
2017-10-15 02:40:00,171.0,wind,MW,nem,NSW1
2017-10-15 02:45:00,164.7,wind,MW,nem,NSW1
2017-10-15 02:50:00,161.6,wind,MW,nem,NSW1
2017-10-15 02:55:00,160.0,wind,MW,nem,NSW1
2017-10-15 03:00:00,165.7,wind,MW,nem,NSW1
2017-10-15 03:05:00,162.4,wind,MW,nem,NSW1
2017-10-15 03:10:00,159.0,wind,MW,nem,NSW1
2017-10-15 03:15:00,158.4,wind,MW,nem,NSW1
2017-10-15 03:20:00,158.5,wind,MW,nem,NSW1
2017-10-15 03:25:00,156.6,wind,MW,nem,NSW1
2017-10-15 03:30:00,153.8,wind,MW,nem,NSW1
2017-10-15 03:35:00,149.8,wind,MW,nem,NSW1
2017-10-15 03:40:00,149.6,wind,MW,nem,NSW1
2017-10-15 03:45:00,148.1,wind,MW,nem,NSW1
2017-10-15 03:50:00,148.6,wind,MW,nem,NSW1
2017-10-15 03:55:00,144.5,wind,MW,nem,NSW1
2017-10-15 04:00:00,142.8,wind,MW,nem,NSW1
2017-10-15 04:05:00,142.0,wind,MW,nem,NSW1
2017-10-15 04:10:00,146.8,wind,MW,nem,NSW1
2017-10-15 04:15:00,149.6,wind,MW,nem,NSW1
2017-10-15 04:20:00,146.7,wind,MW,nem,NSW1
2017-10-15 04:25:00,143.0,wind,MW,nem,NSW1
2017-10-15 04:30:00,141.8,wind,MW,nem,NSW1
2017-10-15 04:35:00,143.0,wind,MW,nem,NSW1
2017-10-15 04:40:00,137.2,wind,MW,nem,NSW1
2017-10-15 04:45:00,135.6,wind,MW,nem,NSW1
2017-10-15 04:50:00,132.8,wind,MW,nem,NSW1
2017-10-15 04:55:00,137.4,wind,MW,nem,NSW1
2017-10-15 05:00:00,142.0,wind,MW,nem,NSW1
2017-10-15 05:05:00,137.7,wind,MW,nem,NSW1
2017-10-15 05:10:00,131.3,wind,MW,nem,NSW1
2017-10-15 05:15:00,141.8,wind,MW,nem,NSW1
2017-10-15 05:20:00,135.7,wind,MW,nem,NSW1
2017-10-15 05:25:00,134.6,wind,MW,nem,NSW1
2017-10-15 05:30:00,131.9,wind,MW,nem,NSW1
2017-10-15 05:35:00,132.4,wind,MW,nem,NSW1
2017-10-15 05:40:00,131.3,wind,MW,nem,NSW1
2017-10-15 05:45:00,133.0,wind,MW,nem,NSW1
2017-10-15 05:50:00,135.4,wind,MW,nem,NSW1
2017-10-15 05:55:00,135.1,wind,MW,nem,NSW1
2017-10-15 06:00:00,137.2,wind,MW,nem,NSW1
2017-10-15 06:05:00,142.1,wind,MW,nem,NSW1
2017-10-15 06:10:00,135.7,wind,MW,nem,NSW1
2017-10-15 06:15:00,135.5,wind,MW,nem,NSW1
2017-10-15 06:20:00,133.0,wind,MW,nem,NSW1
2017-10-15 06:25:00,123.8,wind,MW,nem,NSW1
2017-10-15 06:30:00,118.7,wind,MW,nem,NSW1
2017-10-15 06:35:00,120.6,wind,MW,nem,NSW1
2017-10-15 06:40:00,119.2,wind,MW,nem,NSW1
2017-10-15 06:45:00,122.0,wind,MW,nem,NSW1
2017-10-15 06:50:00,123.8,wind,MW,nem,NSW1
2017-10-15 06:55:00,119.9,wind,MW,nem,NSW1
2017-10-15 07:00:00,116.3,wind,MW,nem,NSW1
2017-10-15 07:05:00,111.2,wind,MW,nem,NSW1
2017-10-15 07:10:00,112.7,wind,MW,nem,NSW1
2017-10-15 07:15:00,107.2,wind,MW,nem,NSW1
2017-10-15 07:20:00,101.7,wind,MW,nem,NSW1
2017-10-15 07:25:00,102.8,wind,MW,nem,NSW1
2017-10-15 07:30:00,102.4,wind,MW,nem,NSW1
2017-10-15 07:35:00,102.9,wind,MW,nem,NSW1
2017-10-15 07:40:00,107.0,wind,MW,nem,NSW1
2017-10-15 07:45:00,105.2,wind,MW,nem,NSW1
2017-10-15 07:50:00,100.1,wind,MW,nem,NSW1
2017-10-15 07:55:00,99.45,wind,MW,nem,NSW1
2017-10-15 08:00:00,102.9,wind,MW,nem,NSW1
2017-10-15 08:05:00,100.8,wind,MW,nem,NSW1
2017-10-15 08:10:00,100.8,wind,MW,nem,NSW1
2017-10-15 08:15:00,96.79,wind,MW,nem,NSW1
2017-10-15 08:20:00,99.35,wind,MW,nem,NSW1
2017-10-15 08:25:00,105.3,wind,MW,nem,NSW1
2017-10-15 08:30:00,102.2,wind,MW,nem,NSW1
2017-10-15 08:35:00,102.8,wind,MW,nem,NSW1
2017-10-15 08:40:00,100.8,wind,MW,nem,NSW1
2017-10-15 08:45:00,100.6,wind,MW,nem,NSW1
2017-10-15 08:50:00,97.56,wind,MW,nem,NSW1
2017-10-15 08:55:00,91.36,wind,MW,nem,NSW1
2017-10-15 09:00:00,89.55,wind,MW,nem,NSW1
2017-10-15 09:05:00,86.9,wind,MW,nem,NSW1
2017-10-15 09:10:00,85.92,wind,MW,nem,NSW1
2017-10-15 09:15:00,83.67,wind,MW,nem,NSW1
2017-10-15 09:20:00,83.89,wind,MW,nem,NSW1
2017-10-15 09:25:00,86.52,wind,MW,nem,NSW1
2017-10-15 09:30:00,81.77,wind,MW,nem,NSW1
2017-10-15 09:35:00,76.63,wind,MW,nem,NSW1
2017-10-15 09:40:00,77.07,wind,MW,nem,NSW1
2017-10-15 09:45:00,74.92,wind,MW,nem,NSW1
2017-10-15 09:50:00,72.41,wind,MW,nem,NSW1
2017-10-15 09:55:00,68.94,wind,MW,nem,NSW1
2017-10-15 10:00:00,70.86,wind,MW,nem,NSW1
2017-10-15 10:05:00,67.67,wind,MW,nem,NSW1
2017-10-15 10:10:00,69.63,wind,MW,nem,NSW1
2017-10-15 10:15:00,67.21,wind,MW,nem,NSW1
2017-10-15 10:20:00,62.83,wind,MW,nem,NSW1
2017-10-15 10:25:00,62.78,wind,MW,nem,NSW1
2017-10-15 10:30:00,64.48,wind,MW,nem,NSW1
2017-10-15 10:35:00,63.73,wind,MW,nem,NSW1
2017-10-15 10:40:00,67.73,wind,MW,nem,NSW1
2017-10-15 10:45:00,67.62,wind,MW,nem,NSW1
2017-10-15 10:50:00,66.02,wind,MW,nem,NSW1
2017-10-15 10:55:00,67.26,wind,MW,nem,NSW1
2017-10-15 11:00:00,69.56,wind,MW,nem,NSW1
2017-10-15 11:05:00,68.57,wind,MW,nem,NSW1
2017-10-15 11:10:00,67.38,wind,MW,nem,NSW1
2017-10-15 11:15:00,69.49,wind,MW,nem,NSW1
2017-10-15 11:20:00,70.3,wind,MW,nem,NSW1
2017-10-15 11:25:00,70.68,wind,MW,nem,NSW1
2017-10-15 11:30:00,69.69,wind,MW,nem,NSW1
2017-10-15 11:35:00,74.07,wind,MW,nem,NSW1
2017-10-15 11:40:00,73.83,wind,MW,nem,NSW1
2017-10-15 11:45:00,74.75,wind,MW,nem,NSW1
2017-10-15 11:50:00,72.62,wind,MW,nem,NSW1
2017-10-15 11:55:00,65.12,wind,MW,nem,NSW1
2017-10-15 12:00:00,70.13,wind,MW,nem,NSW1
2017-10-15 12:05:00,64.81,wind,MW,nem,NSW1
2017-10-15 12:10:00,67.31,wind,MW,nem,NSW1
2017-10-15 12:15:00,70.56,wind,MW,nem,NSW1
2017-10-15 12:20:00,69.67,wind,MW,nem,NSW1
2017-10-15 12:25:00,71.59,wind,MW,nem,NSW1
2017-10-15 12:30:00,75.74,wind,MW,nem,NSW1
2017-10-15 12:35:00,82.55,wind,MW,nem,NSW1
2017-10-15 12:40:00,80.58,wind,MW,nem,NSW1
2017-10-15 12:45:00,83.24,wind,MW,nem,NSW1
2017-10-15 12:50:00,80.25,wind,MW,nem,NSW1
2017-10-15 12:55:00,78.25,wind,MW,nem,NSW1
2017-10-15 13:00:00,79.05,wind,MW,nem,NSW1
2017-10-15 13:05:00,77.2,wind,MW,nem,NSW1
2017-10-15 13:10:00,81.37,wind,MW,nem,NSW1
2017-10-15 13:15:00,82.73,wind,MW,nem,NSW1
2017-10-15 13:20:00,81.28,wind,MW,nem,NSW1
2017-10-15 13:25:00,80.0,wind,MW,nem,NSW1
2017-10-15 13:30:00,76.18,wind,MW,nem,NSW1
2017-10-15 13:35:00,79.69,wind,MW,nem,NSW1
2017-10-15 13:40:00,80.66,wind,MW,nem,NSW1
2017-10-15 13:45:00,80.11,wind,MW,nem,NSW1
2017-10-15 13:50:00,83.12,wind,MW,nem,NSW1
2017-10-15 13:55:00,77.18,wind,MW,nem,NSW1
2017-10-15 14:00:00,82.38,wind,MW,nem,NSW1
2017-10-15 14:05:00,74.13,wind,MW,nem,NSW1
2017-10-15 14:10:00,63.33,wind,MW,nem,NSW1
2017-10-15 14:15:00,64.09,wind,MW,nem,NSW1
2017-10-15 14:20:00,61.93,wind,MW,nem,NSW1
2017-10-15 14:25:00,64.23,wind,MW,nem,NSW1
2017-10-15 14:30:00,69.45,wind,MW,nem,NSW1
2017-10-15 14:35:00,66.71,wind,MW,nem,NSW1
2017-10-15 14:40:00,62.32,wind,MW,nem,NSW1
2017-10-15 14:45:00,72.93,wind,MW,nem,NSW1
2017-10-15 14:50:00,77.85,wind,MW,nem,NSW1
2017-10-15 14:55:00,77.79,wind,MW,nem,NSW1
2017-10-15 15:00:00,77.23,wind,MW,nem,NSW1
2017-10-15 15:05:00,82.91,wind,MW,nem,NSW1
2017-10-15 15:10:00,82.86,wind,MW,nem,NSW1
2017-10-15 15:15:00,90.57,wind,MW,nem,NSW1
2017-10-15 15:20:00,99.12,wind,MW,nem,NSW1
2017-10-15 15:25:00,91.23,wind,MW,nem,NSW1
2017-10-15 15:30:00,94.85,wind,MW,nem,NSW1
2017-10-15 15:35:00,100.1,wind,MW,nem,NSW1
2017-10-15 15:40:00,101.3,wind,MW,nem,NSW1
2017-10-15 15:45:00,108.6,wind,MW,nem,NSW1
2017-10-15 15:50:00,109.7,wind,MW,nem,NSW1
2017-10-15 15:55:00,106.1,wind,MW,nem,NSW1
2017-10-15 16:00:00,106.2,wind,MW,nem,NSW1
2017-10-15 16:05:00,109.6,wind,MW,nem,NSW1
2017-10-15 16:10:00,108.6,wind,MW,nem,NSW1
2017-10-15 16:15:00,125.6,wind,MW,nem,NSW1
2017-10-15 16:20:00,145.5,wind,MW,nem,NSW1
2017-10-15 16:25:00,129.3,wind,MW,nem,NSW1
2017-10-15 16:30:00,134.8,wind,MW,nem,NSW1
2017-10-15 16:35:00,133.9,wind,MW,nem,NSW1
2017-10-15 16:40:00,147.5,wind,MW,nem,NSW1
2017-10-15 16:45:00,162.5,wind,MW,nem,NSW1
2017-10-15 16:50:00,158.5,wind,MW,nem,NSW1
2017-10-15 16:55:00,159.4,wind,MW,nem,NSW1
2017-10-15 17:00:00,157.6,wind,MW,nem,NSW1
2017-10-15 17:05:00,161.6,wind,MW,nem,NSW1
2017-10-15 17:10:00,164.3,wind,MW,nem,NSW1
2017-10-15 17:15:00,170.9,wind,MW,nem,NSW1
2017-10-15 17:20:00,175.6,wind,MW,nem,NSW1
2017-10-15 17:25:00,160.5,wind,MW,nem,NSW1
2017-10-15 17:30:00,163.8,wind,MW,nem,NSW1
2017-10-15 17:35:00,164.0,wind,MW,nem,NSW1
2017-10-15 17:40:00,166.2,wind,MW,nem,NSW1
2017-10-15 17:45:00,181.4,wind,MW,nem,NSW1
2017-10-15 17:50:00,173.3,wind,MW,nem,NSW1
2017-10-15 17:55:00,182.7,wind,MW,nem,NSW1
2017-10-15 18:00:00,190.4,wind,MW,nem,NSW1
2017-10-15 18:05:00,211.2,wind,MW,nem,NSW1
2017-10-15 18:10:00,224.9,wind,MW,nem,NSW1
2017-10-15 18:15:00,224.9,wind,MW,nem,NSW1
2017-10-15 18:20:00,231.8,wind,MW,nem,NSW1
2017-10-15 18:25:00,243.4,wind,MW,nem,NSW1
2017-10-15 18:30:00,252.1,wind,MW,nem,NSW1
2017-10-15 18:35:00,258.8,wind,MW,nem,NSW1
2017-10-15 18:40:00,268.3,wind,MW,nem,NSW1
2017-10-15 18:45:00,270.9,wind,MW,nem,NSW1
2017-10-15 18:50:00,280.2,wind,MW,nem,NSW1
2017-10-15 18:55:00,276.4,wind,MW,nem,NSW1
2017-10-15 19:00:00,286.1,wind,MW,nem,NSW1
2017-10-15 19:05:00,291.8,wind,MW,nem,NSW1
2017-10-15 19:10:00,288.3,wind,MW,nem,NSW1
2017-10-15 19:15:00,292.0,wind,MW,nem,NSW1
2017-10-15 19:20:00,279.2,wind,MW,nem,NSW1
2017-10-15 19:25:00,264.3,wind,MW,nem,NSW1
2017-10-15 19:30:00,261.1,wind,MW,nem,NSW1
2017-10-15 19:35:00,260.6,wind,MW,nem,NSW1
2017-10-15 19:40:00,245.4,wind,MW,nem,NSW1
2017-10-15 19:45:00,244.0,wind,MW,nem,NSW1
2017-10-15 19:50:00,256.0,wind,MW,nem,NSW1
2017-10-15 19:55:00,244.7,wind,MW,nem,NSW1
2017-10-15 20:00:00,240.8,wind,MW,nem,NSW1
2017-10-15 20:05:00,223.0,wind,MW,nem,NSW1
2017-10-15 20:10:00,220.9,wind,MW,nem,NSW1
2017-10-15 20:15:00,217.2,wind,MW,nem,NSW1
2017-10-15 20:20:00,219.9,wind,MW,nem,NSW1
2017-10-15 20:25:00,218.9,wind,MW,nem,NSW1
2017-10-15 20:30:00,215.4,wind,MW,nem,NSW1
2017-10-15 20:35:00,213.1,wind,MW,nem,NSW1
2017-10-15 20:40:00,209.1,wind,MW,nem,NSW1
2017-10-15 20:45:00,205.3,wind,MW,nem,NSW1
2017-10-15 20:50:00,203.4,wind,MW,nem,NSW1
2017-10-15 20:55:00,195.1,wind,MW,nem,NSW1
2017-10-15 21:00:00,193.3,wind,MW,nem,NSW1
2017-10-15 21:05:00,189.7,wind,MW,nem,NSW1
2017-10-15 21:10:00,182.7,wind,MW,nem,NSW1
2017-10-15 21:15:00,195.6,wind,MW,nem,NSW1
2017-10-15 21:20:00,196.5,wind,MW,nem,NSW1
2017-10-15 21:25:00,197.1,wind,MW,nem,NSW1
2017-10-15 21:30:00,189.8,wind,MW,nem,NSW1
2017-10-15 21:35:00,180.2,wind,MW,nem,NSW1
2017-10-15 21:40:00,182.6,wind,MW,nem,NSW1
2017-10-15 21:45:00,183.0,wind,MW,nem,NSW1
2017-10-15 21:50:00,187.7,wind,MW,nem,NSW1
2017-10-15 21:55:00,185.9,wind,MW,nem,NSW1
2017-10-15 22:00:00,184.4,wind,MW,nem,NSW1
2017-10-15 22:05:00,173.8,wind,MW,nem,NSW1
2017-10-15 22:10:00,168.0,wind,MW,nem,NSW1
2017-10-15 22:15:00,163.9,wind,MW,nem,NSW1
2017-10-15 22:20:00,162.1,wind,MW,nem,NSW1
2017-10-15 22:25:00,158.9,wind,MW,nem,NSW1
2017-10-15 22:30:00,158.9,wind,MW,nem,NSW1
2017-10-15 22:35:00,161.8,wind,MW,nem,NSW1
2017-10-15 22:40:00,158.4,wind,MW,nem,NSW1
2017-10-15 22:45:00,156.4,wind,MW,nem,NSW1
2017-10-15 22:50:00,155.2,wind,MW,nem,NSW1
2017-10-15 22:55:00,152.7,wind,MW,nem,NSW1
2017-10-15 23:00:00,155.5,wind,MW,nem,NSW1
2017-10-15 23:05:00,156.0,wind,MW,nem,NSW1
2017-10-15 23:10:00,153.8,wind,MW,nem,NSW1
2017-10-15 23:15:00,150.0,wind,MW,nem,NSW1
2017-10-15 23:20:00,144.8,wind,MW,nem,NSW1
2017-10-15 23:25:00,144.6,wind,MW,nem,NSW1
2017-10-15 23:30:00,150.6,wind,MW,nem,NSW1
2017-10-15 23:35:00,152.9,wind,MW,nem,NSW1
2017-10-15 23:40:00,152.5,wind,MW,nem,NSW1
2017-10-15 23:45:00,155.3,wind,MW,nem,NSW1
2017-10-15 23:50:00,157.3,wind,MW,nem,NSW1
2017-10-15 23:55:00,153.7,wind,MW,nem,NSW1
2017-10-16 00:00:00,155.7,wind,MW,nem,NSW1
2017-10-16 00:05:00,152.3,wind,MW,nem,NSW1
2017-10-16 00:10:00,143.7,wind,MW,nem,NSW1
2017-10-16 00:15:00,134.8,wind,MW,nem,NSW1
2017-10-16 00:20:00,127.0,wind,MW,nem,NSW1
2017-10-16 00:25:00,120.8,wind,MW,nem,NSW1
2017-10-16 00:30:00,112.9,wind,MW,nem,NSW1
2017-10-16 00:35:00,114.1,wind,MW,nem,NSW1
2017-10-16 00:40:00,121.3,wind,MW,nem,NSW1
2017-10-16 00:45:00,124.8,wind,MW,nem,NSW1
2017-10-16 00:50:00,127.1,wind,MW,nem,NSW1
2017-10-16 00:55:00,128.6,wind,MW,nem,NSW1
2017-10-16 01:00:00,141.4,wind,MW,nem,NSW1
2017-10-16 01:05:00,144.5,wind,MW,nem,NSW1
2017-10-16 01:10:00,145.7,wind,MW,nem,NSW1
2017-10-16 01:15:00,142.7,wind,MW,nem,NSW1
2017-10-16 01:20:00,143.8,wind,MW,nem,NSW1
2017-10-16 01:25:00,146.5,wind,MW,nem,NSW1
2017-10-16 01:30:00,148.5,wind,MW,nem,NSW1
2017-10-16 01:35:00,154.5,wind,MW,nem,NSW1
2017-10-16 01:40:00,159.3,wind,MW,nem,NSW1
2017-10-16 01:45:00,165.1,wind,MW,nem,NSW1
2017-10-16 01:50:00,168.5,wind,MW,nem,NSW1
2017-10-16 01:55:00,165.9,wind,MW,nem,NSW1
2017-10-16 02:00:00,166.8,wind,MW,nem,NSW1
2017-10-16 02:05:00,167.7,wind,MW,nem,NSW1
2017-10-16 02:10:00,169.4,wind,MW,nem,NSW1
2017-10-16 02:15:00,164.2,wind,MW,nem,NSW1
2017-10-16 02:20:00,165.2,wind,MW,nem,NSW1
2017-10-16 02:25:00,163.0,wind,MW,nem,NSW1
2017-10-16 02:30:00,169.7,wind,MW,nem,NSW1
2017-10-16 02:35:00,168.9,wind,MW,nem,NSW1
2017-10-16 02:40:00,166.5,wind,MW,nem,NSW1
2017-10-16 02:45:00,161.3,wind,MW,nem,NSW1
2017-10-16 02:50:00,167.4,wind,MW,nem,NSW1
2017-10-16 02:55:00,164.7,wind,MW,nem,NSW1
2017-10-16 03:00:00,161.8,wind,MW,nem,NSW1
2017-10-16 03:05:00,158.1,wind,MW,nem,NSW1
2017-10-16 03:10:00,159.7,wind,MW,nem,NSW1
2017-10-16 03:15:00,157.5,wind,MW,nem,NSW1
2017-10-16 03:20:00,164.1,wind,MW,nem,NSW1
2017-10-16 03:25:00,173.7,wind,MW,nem,NSW1
2017-10-16 03:30:00,166.7,wind,MW,nem,NSW1
2017-10-16 03:35:00,167.2,wind,MW,nem,NSW1
2017-10-16 03:40:00,166.7,wind,MW,nem,NSW1
2017-10-16 03:45:00,161.6,wind,MW,nem,NSW1
2017-10-16 03:50:00,158.1,wind,MW,nem,NSW1
2017-10-16 03:55:00,152.8,wind,MW,nem,NSW1
2017-10-16 04:00:00,154.2,wind,MW,nem,NSW1
2017-10-16 04:05:00,144.4,wind,MW,nem,NSW1
2017-10-16 04:10:00,142.4,wind,MW,nem,NSW1
2017-10-16 04:15:00,140.8,wind,MW,nem,NSW1
2017-10-16 04:20:00,136.2,wind,MW,nem,NSW1
2017-10-16 04:25:00,138.6,wind,MW,nem,NSW1
2017-10-16 04:30:00,136.3,wind,MW,nem,NSW1
2017-10-16 04:35:00,127.3,wind,MW,nem,NSW1
2017-10-16 04:40:00,130.3,wind,MW,nem,NSW1
2017-10-16 04:45:00,131.6,wind,MW,nem,NSW1
2017-10-16 04:50:00,133.5,wind,MW,nem,NSW1
2017-10-16 04:55:00,132.3,wind,MW,nem,NSW1
2017-10-16 05:00:00,130.6,wind,MW,nem,NSW1
2017-10-16 05:05:00,129.7,wind,MW,nem,NSW1
2017-10-16 05:10:00,127.0,wind,MW,nem,NSW1
2017-10-16 05:15:00,126.5,wind,MW,nem,NSW1
2017-10-16 05:20:00,130.3,wind,MW,nem,NSW1
2017-10-16 05:25:00,131.8,wind,MW,nem,NSW1
2017-10-16 05:30:00,130.9,wind,MW,nem,NSW1
2017-10-16 05:35:00,136.3,wind,MW,nem,NSW1
2017-10-16 05:40:00,138.7,wind,MW,nem,NSW1
2017-10-16 05:45:00,137.3,wind,MW,nem,NSW1
2017-10-16 05:50:00,129.9,wind,MW,nem,NSW1
2017-10-16 05:55:00,131.4,wind,MW,nem,NSW1
2017-10-16 06:00:00,132.1,wind,MW,nem,NSW1
2017-10-16 06:05:00,133.2,wind,MW,nem,NSW1
2017-10-16 06:10:00,139.6,wind,MW,nem,NSW1
2017-10-16 06:15:00,141.6,wind,MW,nem,NSW1
2017-10-16 06:20:00,126.6,wind,MW,nem,NSW1
2017-10-16 06:25:00,120.8,wind,MW,nem,NSW1
2017-10-16 06:30:00,122.4,wind,MW,nem,NSW1
2017-10-16 06:35:00,121.3,wind,MW,nem,NSW1
2017-10-16 06:40:00,123.6,wind,MW,nem,NSW1
2017-10-16 06:45:00,119.1,wind,MW,nem,NSW1
2017-10-16 06:50:00,122.3,wind,MW,nem,NSW1
2017-10-16 06:55:00,126.8,wind,MW,nem,NSW1
2017-10-16 07:00:00,126.3,wind,MW,nem,NSW1
2017-10-16 07:05:00,124.7,wind,MW,nem,NSW1
2017-10-16 07:10:00,126.7,wind,MW,nem,NSW1
2017-10-16 07:15:00,131.2,wind,MW,nem,NSW1
2017-10-16 07:20:00,128.9,wind,MW,nem,NSW1
2017-10-16 07:25:00,123.6,wind,MW,nem,NSW1
2017-10-16 07:30:00,130.7,wind,MW,nem,NSW1
2017-10-16 07:35:00,128.4,wind,MW,nem,NSW1
2017-10-16 07:40:00,132.1,wind,MW,nem,NSW1
2017-10-16 07:45:00,131.0,wind,MW,nem,NSW1
2017-10-16 07:50:00,138.6,wind,MW,nem,NSW1
2017-10-16 07:55:00,133.3,wind,MW,nem,NSW1
2017-10-16 08:00:00,134.5,wind,MW,nem,NSW1
2017-10-16 08:05:00,130.0,wind,MW,nem,NSW1
2017-10-16 08:10:00,133.7,wind,MW,nem,NSW1
2017-10-16 08:15:00,135.2,wind,MW,nem,NSW1
2017-10-16 08:20:00,136.6,wind,MW,nem,NSW1
2017-10-16 08:25:00,142.5,wind,MW,nem,NSW1
2017-10-16 08:30:00,151.6,wind,MW,nem,NSW1
2017-10-16 08:35:00,163.0,wind,MW,nem,NSW1
2017-10-16 08:40:00,159.8,wind,MW,nem,NSW1
2017-10-16 08:45:00,167.1,wind,MW,nem,NSW1
2017-10-16 08:50:00,172.2,wind,MW,nem,NSW1
2017-10-16 08:55:00,163.0,wind,MW,nem,NSW1
2017-10-16 09:00:00,170.5,wind,MW,nem,NSW1
2017-10-16 09:05:00,174.3,wind,MW,nem,NSW1
2017-10-16 09:10:00,165.5,wind,MW,nem,NSW1
2017-10-16 09:15:00,167.2,wind,MW,nem,NSW1
2017-10-16 09:20:00,175.8,wind,MW,nem,NSW1
2017-10-16 09:25:00,178.9,wind,MW,nem,NSW1
2017-10-16 09:30:00,173.8,wind,MW,nem,NSW1
2017-10-16 09:35:00,160.3,wind,MW,nem,NSW1
2017-10-16 09:40:00,163.0,wind,MW,nem,NSW1
2017-10-16 09:45:00,154.6,wind,MW,nem,NSW1
2017-10-16 09:50:00,156.6,wind,MW,nem,NSW1
2017-10-16 09:55:00,156.5,wind,MW,nem,NSW1
2017-10-16 10:00:00,155.2,wind,MW,nem,NSW1
2017-10-16 10:05:00,159.7,wind,MW,nem,NSW1
2017-10-16 10:10:00,150.3,wind,MW,nem,NSW1
2017-10-16 10:15:00,153.1,wind,MW,nem,NSW1
2017-10-16 10:20:00,148.3,wind,MW,nem,NSW1
2017-10-16 10:25:00,150.1,wind,MW,nem,NSW1
2017-10-16 10:30:00,153.3,wind,MW,nem,NSW1
2017-10-16 10:35:00,150.2,wind,MW,nem,NSW1
2017-10-16 10:40:00,151.6,wind,MW,nem,NSW1
2017-10-16 10:45:00,142.7,wind,MW,nem,NSW1
2017-10-16 10:50:00,141.4,wind,MW,nem,NSW1
2017-10-16 10:55:00,132.7,wind,MW,nem,NSW1
2017-10-16 11:00:00,120.2,wind,MW,nem,NSW1
2017-10-16 11:05:00,128.1,wind,MW,nem,NSW1
2017-10-16 11:10:00,119.7,wind,MW,nem,NSW1
2017-10-16 11:15:00,119.7,wind,MW,nem,NSW1
2017-10-16 11:20:00,120.4,wind,MW,nem,NSW1
2017-10-16 11:25:00,126.7,wind,MW,nem,NSW1
2017-10-16 11:30:00,119.4,wind,MW,nem,NSW1
2017-10-16 11:35:00,105.5,wind,MW,nem,NSW1
2017-10-16 11:40:00,110.1,wind,MW,nem,NSW1
2017-10-16 11:45:00,105.6,wind,MW,nem,NSW1
2017-10-16 11:50:00,109.6,wind,MW,nem,NSW1
2017-10-16 11:55:00,115.7,wind,MW,nem,NSW1
2017-10-16 12:00:00,116.1,wind,MW,nem,NSW1
2017-10-16 12:05:00,110.1,wind,MW,nem,NSW1
2017-10-16 12:10:00,109.3,wind,MW,nem,NSW1
2017-10-16 12:15:00,110.3,wind,MW,nem,NSW1
2017-10-16 12:20:00,115.9,wind,MW,nem,NSW1
2017-10-16 12:25:00,105.7,wind,MW,nem,NSW1
2017-10-16 12:30:00,103.8,wind,MW,nem,NSW1
2017-10-16 12:35:00,101.1,wind,MW,nem,NSW1
2017-10-16 12:40:00,111.0,wind,MW,nem,NSW1
2017-10-16 12:45:00,105.0,wind,MW,nem,NSW1
2017-10-16 12:50:00,98.89,wind,MW,nem,NSW1
2017-10-16 12:55:00,109.3,wind,MW,nem,NSW1
2017-10-16 13:00:00,99.03,wind,MW,nem,NSW1
2017-10-16 13:05:00,95.66,wind,MW,nem,NSW1
2017-10-16 13:10:00,92.89,wind,MW,nem,NSW1
2017-10-16 13:15:00,91.13,wind,MW,nem,NSW1
2017-10-16 13:20:00,94.09,wind,MW,nem,NSW1
2017-10-16 13:25:00,92.53,wind,MW,nem,NSW1
2017-10-16 13:30:00,93.63,wind,MW,nem,NSW1
2017-10-16 13:35:00,89.95,wind,MW,nem,NSW1
2017-10-16 13:40:00,81.22,wind,MW,nem,NSW1
2017-10-16 13:45:00,83.53,wind,MW,nem,NSW1
2017-10-16 13:50:00,84.78,wind,MW,nem,NSW1
2017-10-16 13:55:00,86.53,wind,MW,nem,NSW1
2017-10-16 14:00:00,84.89,wind,MW,nem,NSW1
2017-10-16 14:05:00,87.75,wind,MW,nem,NSW1
2017-10-16 14:10:00,87.81,wind,MW,nem,NSW1
2017-10-16 14:15:00,81.04,wind,MW,nem,NSW1
2017-10-16 14:20:00,82.28,wind,MW,nem,NSW1
2017-10-16 14:25:00,83.19,wind,MW,nem,NSW1
2017-10-16 14:30:00,84.74,wind,MW,nem,NSW1
2017-10-16 14:35:00,93.45,wind,MW,nem,NSW1
2017-10-16 14:40:00,88.75,wind,MW,nem,NSW1
2017-10-16 14:45:00,86.12,wind,MW,nem,NSW1
2017-10-16 14:50:00,90.6,wind,MW,nem,NSW1
2017-10-16 14:55:00,94.54,wind,MW,nem,NSW1
2017-10-16 15:00:00,104.9,wind,MW,nem,NSW1
2017-10-16 15:05:00,106.2,wind,MW,nem,NSW1
2017-10-16 15:10:00,109.0,wind,MW,nem,NSW1
2017-10-16 15:15:00,110.3,wind,MW,nem,NSW1
2017-10-16 15:20:00,109.1,wind,MW,nem,NSW1
2017-10-16 15:25:00,118.5,wind,MW,nem,NSW1
2017-10-16 15:30:00,122.0,wind,MW,nem,NSW1
2017-10-16 15:35:00,114.4,wind,MW,nem,NSW1
2017-10-16 15:40:00,115.4,wind,MW,nem,NSW1
2017-10-16 15:45:00,129.9,wind,MW,nem,NSW1
2017-10-16 15:50:00,126.9,wind,MW,nem,NSW1
2017-10-16 15:55:00,127.8,wind,MW,nem,NSW1
2017-10-16 16:00:00,124.4,wind,MW,nem,NSW1
2017-10-16 16:05:00,132.1,wind,MW,nem,NSW1
2017-10-16 16:10:00,145.3,wind,MW,nem,NSW1
2017-10-16 16:15:00,147.9,wind,MW,nem,NSW1
2017-10-16 16:20:00,144.0,wind,MW,nem,NSW1
2017-10-16 16:25:00,161.5,wind,MW,nem,NSW1
2017-10-16 16:30:00,158.7,wind,MW,nem,NSW1
2017-10-16 16:35:00,163.0,wind,MW,nem,NSW1
2017-10-16 16:40:00,162.9,wind,MW,nem,NSW1
2017-10-16 16:45:00,166.4,wind,MW,nem,NSW1
2017-10-16 16:50:00,165.9,wind,MW,nem,NSW1
2017-10-16 16:55:00,177.1,wind,MW,nem,NSW1
2017-10-16 17:00:00,180.3,wind,MW,nem,NSW1
2017-10-16 17:05:00,183.1,wind,MW,nem,NSW1
2017-10-16 17:10:00,186.7,wind,MW,nem,NSW1
2017-10-16 17:15:00,182.6,wind,MW,nem,NSW1
2017-10-16 17:20:00,186.4,wind,MW,nem,NSW1
2017-10-16 17:25:00,202.0,wind,MW,nem,NSW1
2017-10-16 17:30:00,209.5,wind,MW,nem,NSW1
2017-10-16 17:35:00,214.4,wind,MW,nem,NSW1
2017-10-16 17:40:00,222.9,wind,MW,nem,NSW1
2017-10-16 17:45:00,235.5,wind,MW,nem,NSW1
2017-10-16 17:50:00,231.2,wind,MW,nem,NSW1
2017-10-16 17:55:00,238.1,wind,MW,nem,NSW1
2017-10-16 18:00:00,241.4,wind,MW,nem,NSW1
2017-10-16 18:05:00,252.7,wind,MW,nem,NSW1
2017-10-16 18:10:00,267.8,wind,MW,nem,NSW1
2017-10-16 18:15:00,275.0,wind,MW,nem,NSW1
2017-10-16 18:20:00,292.8,wind,MW,nem,NSW1
2017-10-16 18:25:00,294.0,wind,MW,nem,NSW1
2017-10-16 18:30:00,306.5,wind,MW,nem,NSW1
2017-10-16 18:35:00,310.3,wind,MW,nem,NSW1
2017-10-16 18:40:00,317.8,wind,MW,nem,NSW1
2017-10-16 18:45:00,307.7,wind,MW,nem,NSW1
2017-10-16 18:50:00,309.3,wind,MW,nem,NSW1
2017-10-16 18:55:00,306.6,wind,MW,nem,NSW1
2017-10-16 19:00:00,301.6,wind,MW,nem,NSW1
2017-10-16 19:05:00,309.8,wind,MW,nem,NSW1
2017-10-16 19:10:00,317.2,wind,MW,nem,NSW1
2017-10-16 19:15:00,315.8,wind,MW,nem,NSW1
2017-10-16 19:20:00,321.9,wind,MW,nem,NSW1
2017-10-16 19:25:00,313.1,wind,MW,nem,NSW1
2017-10-16 19:30:00,314.0,wind,MW,nem,NSW1
2017-10-16 19:35:00,317.8,wind,MW,nem,NSW1
2017-10-16 19:40:00,309.2,wind,MW,nem,NSW1
2017-10-16 19:45:00,318.8,wind,MW,nem,NSW1
2017-10-16 19:50:00,313.9,wind,MW,nem,NSW1
2017-10-16 19:55:00,312.4,wind,MW,nem,NSW1
2017-10-16 20:00:00,308.3,wind,MW,nem,NSW1
2017-10-16 20:05:00,311.6,wind,MW,nem,NSW1
2017-10-16 20:10:00,304.5,wind,MW,nem,NSW1
2017-10-16 20:15:00,302.9,wind,MW,nem,NSW1
2017-10-16 20:20:00,296.3,wind,MW,nem,NSW1
2017-10-16 20:25:00,291.1,wind,MW,nem,NSW1
2017-10-16 20:30:00,283.8,wind,MW,nem,NSW1
2017-10-16 20:35:00,279.9,wind,MW,nem,NSW1
2017-10-16 20:40:00,283.9,wind,MW,nem,NSW1
2017-10-16 20:45:00,287.5,wind,MW,nem,NSW1
2017-10-16 20:50:00,290.1,wind,MW,nem,NSW1
2017-10-16 20:55:00,280.0,wind,MW,nem,NSW1
2017-10-16 21:00:00,280.0,wind,MW,nem,NSW1
2017-10-16 21:05:00,269.3,wind,MW,nem,NSW1
2017-10-16 21:10:00,264.3,wind,MW,nem,NSW1
2017-10-16 21:15:00,258.4,wind,MW,nem,NSW1
2017-10-16 21:20:00,259.8,wind,MW,nem,NSW1
2017-10-16 21:25:00,263.4,wind,MW,nem,NSW1
2017-10-16 21:30:00,266.8,wind,MW,nem,NSW1
2017-10-16 21:35:00,250.2,wind,MW,nem,NSW1
2017-10-16 21:40:00,250.3,wind,MW,nem,NSW1
2017-10-16 21:45:00,246.9,wind,MW,nem,NSW1
2017-10-16 21:50:00,241.9,wind,MW,nem,NSW1
2017-10-16 21:55:00,234.1,wind,MW,nem,NSW1
2017-10-16 22:00:00,236.0,wind,MW,nem,NSW1
2017-10-16 22:05:00,222.1,wind,MW,nem,NSW1
2017-10-16 22:10:00,223.7,wind,MW,nem,NSW1
2017-10-16 22:15:00,223.9,wind,MW,nem,NSW1
2017-10-16 22:20:00,228.1,wind,MW,nem,NSW1
2017-10-16 22:25:00,226.5,wind,MW,nem,NSW1
2017-10-16 22:30:00,231.6,wind,MW,nem,NSW1
2017-10-16 22:35:00,237.9,wind,MW,nem,NSW1
2017-10-16 22:40:00,239.6,wind,MW,nem,NSW1
2017-10-16 22:45:00,234.9,wind,MW,nem,NSW1
2017-10-16 22:50:00,227.1,wind,MW,nem,NSW1
2017-10-16 22:55:00,219.9,wind,MW,nem,NSW1
2017-10-16 23:00:00,213.2,wind,MW,nem,NSW1
2017-10-16 23:05:00,209.6,wind,MW,nem,NSW1
2017-10-16 23:10:00,207.9,wind,MW,nem,NSW1
2017-10-16 23:15:00,206.7,wind,MW,nem,NSW1
2017-10-16 23:20:00,209.9,wind,MW,nem,NSW1
2017-10-16 23:25:00,214.9,wind,MW,nem,NSW1
2017-10-16 23:30:00,217.2,wind,MW,nem,NSW1
2017-10-16 23:35:00,213.5,wind,MW,nem,NSW1
2017-10-16 23:40:00,209.0,wind,MW,nem,NSW1
2017-10-16 23:45:00,201.4,wind,MW,nem,NSW1
2017-10-16 23:50:00,196.2,wind,MW,nem,NSW1
2017-10-16 23:55:00,206.4,wind,MW,nem,NSW1
2017-10-17 00:00:00,204.7,wind,MW,nem,NSW1
2017-10-17 00:05:00,212.4,wind,MW,nem,NSW1
2017-10-17 00:10:00,222.4,wind,MW,nem,NSW1
2017-10-17 00:15:00,221.4,wind,MW,nem,NSW1
2017-10-17 00:20:00,233.8,wind,MW,nem,NSW1
2017-10-17 00:25:00,233.1,wind,MW,nem,NSW1
2017-10-17 00:30:00,230.4,wind,MW,nem,NSW1
2017-10-17 00:35:00,226.4,wind,MW,nem,NSW1
2017-10-17 00:40:00,225.3,wind,MW,nem,NSW1
2017-10-17 00:45:00,211.9,wind,MW,nem,NSW1
2017-10-17 00:50:00,235.9,wind,MW,nem,NSW1
2017-10-17 00:55:00,228.9,wind,MW,nem,NSW1
2017-10-17 01:00:00,237.6,wind,MW,nem,NSW1
2017-10-17 01:05:00,238.6,wind,MW,nem,NSW1
2017-10-17 01:10:00,243.5,wind,MW,nem,NSW1
2017-10-17 01:15:00,251.5,wind,MW,nem,NSW1
2017-10-17 01:20:00,261.7,wind,MW,nem,NSW1
2017-10-17 01:25:00,272.7,wind,MW,nem,NSW1
2017-10-17 01:30:00,274.0,wind,MW,nem,NSW1
2017-10-17 01:35:00,268.6,wind,MW,nem,NSW1
2017-10-17 01:40:00,255.3,wind,MW,nem,NSW1
2017-10-17 01:45:00,244.4,wind,MW,nem,NSW1
2017-10-17 01:50:00,242.0,wind,MW,nem,NSW1
2017-10-17 01:55:00,236.1,wind,MW,nem,NSW1
2017-10-17 02:00:00,228.8,wind,MW,nem,NSW1
2017-10-17 02:05:00,224.8,wind,MW,nem,NSW1
2017-10-17 02:10:00,222.2,wind,MW,nem,NSW1
2017-10-17 02:15:00,210.3,wind,MW,nem,NSW1
2017-10-17 02:20:00,210.4,wind,MW,nem,NSW1
2017-10-17 02:25:00,206.5,wind,MW,nem,NSW1
2017-10-17 02:30:00,205.4,wind,MW,nem,NSW1
2017-10-17 02:35:00,196.1,wind,MW,nem,NSW1
2017-10-17 02:40:00,191.4,wind,MW,nem,NSW1
2017-10-17 02:45:00,180.6,wind,MW,nem,NSW1
2017-10-17 02:50:00,178.4,wind,MW,nem,NSW1
2017-10-17 02:55:00,182.5,wind,MW,nem,NSW1
2017-10-17 03:00:00,179.5,wind,MW,nem,NSW1
2017-10-17 03:05:00,176.6,wind,MW,nem,NSW1
2017-10-17 03:10:00,182.8,wind,MW,nem,NSW1
2017-10-17 03:15:00,178.1,wind,MW,nem,NSW1
2017-10-17 03:20:00,181.5,wind,MW,nem,NSW1
2017-10-17 03:25:00,179.2,wind,MW,nem,NSW1
2017-10-17 03:30:00,184.7,wind,MW,nem,NSW1
2017-10-17 03:35:00,183.8,wind,MW,nem,NSW1
2017-10-17 03:40:00,180.1,wind,MW,nem,NSW1
2017-10-17 03:45:00,179.4,wind,MW,nem,NSW1
2017-10-17 03:50:00,181.4,wind,MW,nem,NSW1
2017-10-17 03:55:00,177.1,wind,MW,nem,NSW1
2017-10-17 04:00:00,177.3,wind,MW,nem,NSW1
2017-10-17 04:05:00,174.4,wind,MW,nem,NSW1
2017-10-17 04:10:00,183.0,wind,MW,nem,NSW1
2017-10-17 04:15:00,187.8,wind,MW,nem,NSW1
2017-10-17 04:20:00,185.5,wind,MW,nem,NSW1
2017-10-17 04:25:00,183.1,wind,MW,nem,NSW1
2017-10-17 04:30:00,180.8,wind,MW,nem,NSW1
2017-10-17 04:35:00,177.8,wind,MW,nem,NSW1
2017-10-17 04:40:00,188.2,wind,MW,nem,NSW1
2017-10-17 04:45:00,188.3,wind,MW,nem,NSW1
2017-10-17 04:50:00,189.8,wind,MW,nem,NSW1
2017-10-17 04:55:00,196.0,wind,MW,nem,NSW1
2017-10-17 05:00:00,198.4,wind,MW,nem,NSW1
2017-10-17 05:05:00,194.1,wind,MW,nem,NSW1
2017-10-17 05:10:00,203.6,wind,MW,nem,NSW1
2017-10-17 05:15:00,198.8,wind,MW,nem,NSW1
2017-10-17 05:20:00,203.6,wind,MW,nem,NSW1
2017-10-17 05:25:00,195.0,wind,MW,nem,NSW1
2017-10-17 05:30:00,199.9,wind,MW,nem,NSW1
2017-10-17 05:35:00,203.8,wind,MW,nem,NSW1
2017-10-17 05:40:00,206.6,wind,MW,nem,NSW1
2017-10-17 05:45:00,203.0,wind,MW,nem,NSW1
2017-10-17 05:50:00,205.6,wind,MW,nem,NSW1
2017-10-17 05:55:00,198.1,wind,MW,nem,NSW1
2017-10-17 06:00:00,196.6,wind,MW,nem,NSW1
2017-10-17 06:05:00,202.7,wind,MW,nem,NSW1
2017-10-17 06:10:00,205.0,wind,MW,nem,NSW1
2017-10-17 06:15:00,215.3,wind,MW,nem,NSW1
2017-10-17 06:20:00,210.5,wind,MW,nem,NSW1
2017-10-17 06:25:00,210.5,wind,MW,nem,NSW1
2017-10-17 06:30:00,207.0,wind,MW,nem,NSW1
2017-10-17 06:35:00,212.1,wind,MW,nem,NSW1
2017-10-17 06:40:00,203.9,wind,MW,nem,NSW1
2017-10-17 06:45:00,202.0,wind,MW,nem,NSW1
2017-10-17 06:50:00,195.8,wind,MW,nem,NSW1
2017-10-17 06:55:00,196.8,wind,MW,nem,NSW1
2017-10-17 07:00:00,190.1,wind,MW,nem,NSW1
2017-10-17 07:05:00,186.5,wind,MW,nem,NSW1
2017-10-17 07:10:00,176.5,wind,MW,nem,NSW1
2017-10-17 07:15:00,175.1,wind,MW,nem,NSW1
2017-10-17 07:20:00,167.3,wind,MW,nem,NSW1
2017-10-17 07:25:00,172.5,wind,MW,nem,NSW1
2017-10-17 07:30:00,167.7,wind,MW,nem,NSW1
2017-10-17 07:35:00,156.7,wind,MW,nem,NSW1
2017-10-17 07:40:00,169.0,wind,MW,nem,NSW1
2017-10-17 07:45:00,155.6,wind,MW,nem,NSW1
2017-10-17 07:50:00,155.0,wind,MW,nem,NSW1
2017-10-17 07:55:00,142.7,wind,MW,nem,NSW1
2017-10-17 08:00:00,135.9,wind,MW,nem,NSW1
2017-10-17 08:05:00,135.1,wind,MW,nem,NSW1
2017-10-17 08:10:00,135.3,wind,MW,nem,NSW1
2017-10-17 08:15:00,136.5,wind,MW,nem,NSW1
2017-10-17 08:20:00,136.0,wind,MW,nem,NSW1
2017-10-17 08:25:00,127.8,wind,MW,nem,NSW1
2017-10-17 08:30:00,124.0,wind,MW,nem,NSW1
2017-10-17 08:35:00,123.3,wind,MW,nem,NSW1
2017-10-17 08:40:00,127.5,wind,MW,nem,NSW1
2017-10-17 08:45:00,129.6,wind,MW,nem,NSW1
2017-10-17 08:50:00,123.4,wind,MW,nem,NSW1
2017-10-17 08:55:00,115.6,wind,MW,nem,NSW1
2017-10-17 09:00:00,119.8,wind,MW,nem,NSW1
2017-10-17 09:05:00,105.6,wind,MW,nem,NSW1
2017-10-17 09:10:00,108.9,wind,MW,nem,NSW1
2017-10-17 09:15:00,101.8,wind,MW,nem,NSW1
2017-10-17 09:20:00,107.1,wind,MW,nem,NSW1
2017-10-17 09:25:00,105.0,wind,MW,nem,NSW1
2017-10-17 09:30:00,104.3,wind,MW,nem,NSW1
2017-10-17 09:35:00,106.3,wind,MW,nem,NSW1
2017-10-17 09:40:00,103.3,wind,MW,nem,NSW1
2017-10-17 09:45:00,99.79,wind,MW,nem,NSW1
2017-10-17 09:50:00,101.7,wind,MW,nem,NSW1
2017-10-17 09:55:00,99.25,wind,MW,nem,NSW1
2017-10-17 10:00:00,98.96,wind,MW,nem,NSW1
2017-10-17 10:05:00,96.52,wind,MW,nem,NSW1
2017-10-17 10:10:00,91.99,wind,MW,nem,NSW1
2017-10-17 10:15:00,96.48,wind,MW,nem,NSW1
2017-10-17 10:20:00,93.87,wind,MW,nem,NSW1
2017-10-17 10:25:00,91.6,wind,MW,nem,NSW1
2017-10-17 10:30:00,93.7,wind,MW,nem,NSW1
2017-10-17 10:35:00,93.08,wind,MW,nem,NSW1
2017-10-17 10:40:00,93.46,wind,MW,nem,NSW1
2017-10-17 10:45:00,92.63,wind,MW,nem,NSW1
2017-10-17 10:50:00,87.28,wind,MW,nem,NSW1
2017-10-17 10:55:00,94.12,wind,MW,nem,NSW1
2017-10-17 11:00:00,94.64,wind,MW,nem,NSW1
2017-10-17 11:05:00,93.1,wind,MW,nem,NSW1
2017-10-17 11:10:00,94.38,wind,MW,nem,NSW1
2017-10-17 11:15:00,94.33,wind,MW,nem,NSW1
2017-10-17 11:20:00,92.47,wind,MW,nem,NSW1
2017-10-17 11:25:00,100.7,wind,MW,nem,NSW1
2017-10-17 11:30:00,103.0,wind,MW,nem,NSW1
2017-10-17 11:35:00,103.4,wind,MW,nem,NSW1
2017-10-17 11:40:00,95.09,wind,MW,nem,NSW1
2017-10-17 11:45:00,92.13,wind,MW,nem,NSW1
2017-10-17 11:50:00,88.28,wind,MW,nem,NSW1
2017-10-17 11:55:00,97.29,wind,MW,nem,NSW1
2017-10-17 12:00:00,93.68,wind,MW,nem,NSW1
2017-10-17 12:05:00,97.79,wind,MW,nem,NSW1
2017-10-17 12:10:00,99.28,wind,MW,nem,NSW1
2017-10-17 12:15:00,92.89,wind,MW,nem,NSW1
2017-10-17 12:20:00,101.7,wind,MW,nem,NSW1
2017-10-17 12:25:00,96.01,wind,MW,nem,NSW1
2017-10-17 12:30:00,91.56,wind,MW,nem,NSW1
2017-10-17 12:35:00,103.9,wind,MW,nem,NSW1
2017-10-17 12:40:00,97.24,wind,MW,nem,NSW1
2017-10-17 12:45:00,98.73,wind,MW,nem,NSW1
2017-10-17 12:50:00,94.87,wind,MW,nem,NSW1
2017-10-17 12:55:00,98.04,wind,MW,nem,NSW1
2017-10-17 13:00:00,102.8,wind,MW,nem,NSW1
2017-10-17 13:05:00,107.0,wind,MW,nem,NSW1
2017-10-17 13:10:00,99.15,wind,MW,nem,NSW1
2017-10-17 13:15:00,105.7,wind,MW,nem,NSW1
2017-10-17 13:20:00,112.2,wind,MW,nem,NSW1
2017-10-17 13:25:00,103.4,wind,MW,nem,NSW1
2017-10-17 13:30:00,112.2,wind,MW,nem,NSW1
2017-10-17 13:35:00,116.5,wind,MW,nem,NSW1
2017-10-17 13:40:00,109.4,wind,MW,nem,NSW1
2017-10-17 13:45:00,110.9,wind,MW,nem,NSW1
2017-10-17 13:50:00,121.2,wind,MW,nem,NSW1
2017-10-17 13:55:00,118.0,wind,MW,nem,NSW1
2017-10-17 14:00:00,114.0,wind,MW,nem,NSW1
2017-10-17 14:05:00,121.7,wind,MW,nem,NSW1
2017-10-17 14:10:00,125.6,wind,MW,nem,NSW1
2017-10-17 14:15:00,127.2,wind,MW,nem,NSW1
2017-10-17 14:20:00,126.9,wind,MW,nem,NSW1
2017-10-17 14:25:00,125.2,wind,MW,nem,NSW1
2017-10-17 14:30:00,132.9,wind,MW,nem,NSW1
2017-10-17 14:35:00,135.1,wind,MW,nem,NSW1
2017-10-17 14:40:00,153.4,wind,MW,nem,NSW1
2017-10-17 14:45:00,144.9,wind,MW,nem,NSW1
2017-10-17 14:50:00,148.9,wind,MW,nem,NSW1
2017-10-17 14:55:00,167.6,wind,MW,nem,NSW1
2017-10-17 15:00:00,184.4,wind,MW,nem,NSW1
2017-10-17 15:05:00,183.7,wind,MW,nem,NSW1
2017-10-17 15:10:00,204.4,wind,MW,nem,NSW1
2017-10-17 15:15:00,200.9,wind,MW,nem,NSW1
2017-10-17 15:20:00,211.8,wind,MW,nem,NSW1
2017-10-17 15:25:00,236.2,wind,MW,nem,NSW1
2017-10-17 15:30:00,227.4,wind,MW,nem,NSW1
2017-10-17 15:35:00,243.2,wind,MW,nem,NSW1
2017-10-17 15:40:00,237.8,wind,MW,nem,NSW1
2017-10-17 15:45:00,239.4,wind,MW,nem,NSW1
2017-10-17 15:50:00,253.9,wind,MW,nem,NSW1
2017-10-17 15:55:00,249.0,wind,MW,nem,NSW1
2017-10-17 16:00:00,245.0,wind,MW,nem,NSW1
2017-10-17 16:05:00,267.4,wind,MW,nem,NSW1
2017-10-17 16:10:00,274.2,wind,MW,nem,NSW1
2017-10-17 16:15:00,264.3,wind,MW,nem,NSW1
2017-10-17 16:20:00,269.1,wind,MW,nem,NSW1
2017-10-17 16:25:00,268.8,wind,MW,nem,NSW1
2017-10-17 16:30:00,266.4,wind,MW,nem,NSW1
2017-10-17 16:35:00,267.5,wind,MW,nem,NSW1
2017-10-17 16:40:00,267.1,wind,MW,nem,NSW1
2017-10-17 16:45:00,259.6,wind,MW,nem,NSW1
2017-10-17 16:50:00,279.9,wind,MW,nem,NSW1
2017-10-17 16:55:00,291.9,wind,MW,nem,NSW1
2017-10-17 17:00:00,286.9,wind,MW,nem,NSW1
2017-10-17 17:05:00,300.0,wind,MW,nem,NSW1
2017-10-17 17:10:00,299.3,wind,MW,nem,NSW1
2017-10-17 17:15:00,307.6,wind,MW,nem,NSW1
2017-10-17 17:20:00,312.4,wind,MW,nem,NSW1
2017-10-17 17:25:00,302.3,wind,MW,nem,NSW1
2017-10-17 17:30:00,298.3,wind,MW,nem,NSW1
2017-10-17 17:35:00,305.4,wind,MW,nem,NSW1
2017-10-17 17:40:00,314.5,wind,MW,nem,NSW1
2017-10-17 17:45:00,309.1,wind,MW,nem,NSW1
2017-10-17 17:50:00,301.3,wind,MW,nem,NSW1
2017-10-17 17:55:00,299.1,wind,MW,nem,NSW1
2017-10-17 18:00:00,307.7,wind,MW,nem,NSW1
2017-10-17 18:05:00,298.9,wind,MW,nem,NSW1
2017-10-17 18:10:00,297.5,wind,MW,nem,NSW1
2017-10-17 18:15:00,294.8,wind,MW,nem,NSW1
2017-10-17 18:20:00,293.6,wind,MW,nem,NSW1
2017-10-17 18:25:00,300.3,wind,MW,nem,NSW1
2017-10-17 18:30:00,301.9,wind,MW,nem,NSW1
2017-10-17 18:35:00,305.1,wind,MW,nem,NSW1
2017-10-17 18:40:00,305.5,wind,MW,nem,NSW1
2017-10-17 18:45:00,306.4,wind,MW,nem,NSW1
2017-10-17 18:50:00,310.3,wind,MW,nem,NSW1
2017-10-17 18:55:00,313.3,wind,MW,nem,NSW1
2017-10-17 19:00:00,317.7,wind,MW,nem,NSW1
2017-10-17 19:05:00,314.8,wind,MW,nem,NSW1
2017-10-17 19:10:00,309.2,wind,MW,nem,NSW1
2017-10-17 19:15:00,315.9,wind,MW,nem,NSW1
2017-10-17 19:20:00,318.8,wind,MW,nem,NSW1
2017-10-17 19:25:00,317.7,wind,MW,nem,NSW1
2017-10-17 19:30:00,318.5,wind,MW,nem,NSW1
2017-10-17 19:35:00,323.8,wind,MW,nem,NSW1
2017-10-17 19:40:00,331.7,wind,MW,nem,NSW1
2017-10-17 19:45:00,337.2,wind,MW,nem,NSW1
2017-10-17 19:50:00,337.5,wind,MW,nem,NSW1
2017-10-17 19:55:00,326.8,wind,MW,nem,NSW1
2017-10-17 20:00:00,327.1,wind,MW,nem,NSW1
2017-10-17 20:05:00,320.8,wind,MW,nem,NSW1
2017-10-17 20:10:00,326.5,wind,MW,nem,NSW1
2017-10-17 20:15:00,317.6,wind,MW,nem,NSW1
2017-10-17 20:20:00,323.8,wind,MW,nem,NSW1
2017-10-17 20:25:00,330.0,wind,MW,nem,NSW1
2017-10-17 20:30:00,333.5,wind,MW,nem,NSW1
2017-10-17 20:35:00,340.6,wind,MW,nem,NSW1
2017-10-17 20:40:00,345.1,wind,MW,nem,NSW1
2017-10-17 20:45:00,348.0,wind,MW,nem,NSW1
2017-10-17 20:50:00,351.9,wind,MW,nem,NSW1
2017-10-17 20:55:00,352.5,wind,MW,nem,NSW1
2017-10-17 21:00:00,348.3,wind,MW,nem,NSW1
2017-10-17 21:05:00,353.0,wind,MW,nem,NSW1
2017-10-17 21:10:00,361.5,wind,MW,nem,NSW1
2017-10-17 21:15:00,372.2,wind,MW,nem,NSW1
2017-10-17 21:20:00,379.4,wind,MW,nem,NSW1
2017-10-17 21:25:00,373.7,wind,MW,nem,NSW1
2017-10-17 21:30:00,372.1,wind,MW,nem,NSW1
2017-10-17 21:35:00,365.2,wind,MW,nem,NSW1
2017-10-17 21:40:00,373.6,wind,MW,nem,NSW1
2017-10-17 21:45:00,371.3,wind,MW,nem,NSW1
2017-10-17 21:50:00,371.0,wind,MW,nem,NSW1
2017-10-17 21:55:00,377.0,wind,MW,nem,NSW1
2017-10-17 22:00:00,382.4,wind,MW,nem,NSW1
2017-10-17 22:05:00,383.5,wind,MW,nem,NSW1
2017-10-17 22:10:00,401.6,wind,MW,nem,NSW1
2017-10-17 22:15:00,404.7,wind,MW,nem,NSW1
2017-10-17 22:20:00,396.2,wind,MW,nem,NSW1
2017-10-17 22:25:00,407.6,wind,MW,nem,NSW1
2017-10-17 22:30:00,403.0,wind,MW,nem,NSW1
2017-10-17 22:35:00,385.0,wind,MW,nem,NSW1
2017-10-17 22:40:00,386.1,wind,MW,nem,NSW1
2017-10-17 22:45:00,382.9,wind,MW,nem,NSW1
2017-10-17 22:50:00,380.7,wind,MW,nem,NSW1
2017-10-17 22:55:00,375.1,wind,MW,nem,NSW1
2017-10-17 23:00:00,366.5,wind,MW,nem,NSW1
2017-10-17 23:05:00,361.8,wind,MW,nem,NSW1
2017-10-17 23:10:00,358.9,wind,MW,nem,NSW1
2017-10-17 23:15:00,373.0,wind,MW,nem,NSW1
2017-10-17 23:20:00,366.9,wind,MW,nem,NSW1
2017-10-17 23:25:00,366.7,wind,MW,nem,NSW1
2017-10-17 23:30:00,361.6,wind,MW,nem,NSW1
2017-10-17 23:35:00,372.7,wind,MW,nem,NSW1
2017-10-17 23:40:00,367.5,wind,MW,nem,NSW1
2017-10-17 23:45:00,355.1,wind,MW,nem,NSW1
2017-10-17 23:50:00,336.6,wind,MW,nem,NSW1
2017-10-17 23:55:00,329.7,wind,MW,nem,NSW1
2017-10-18 00:00:00,323.3,wind,MW,nem,NSW1
2017-10-18 00:05:00,312.9,wind,MW,nem,NSW1
2017-10-18 00:10:00,311.1,wind,MW,nem,NSW1
2017-10-18 00:15:00,298.7,wind,MW,nem,NSW1
2017-10-18 00:20:00,297.2,wind,MW,nem,NSW1
2017-10-18 00:25:00,296.6,wind,MW,nem,NSW1
2017-10-18 00:30:00,296.4,wind,MW,nem,NSW1
2017-10-18 00:35:00,298.6,wind,MW,nem,NSW1
2017-10-18 00:40:00,305.7,wind,MW,nem,NSW1
2017-10-18 00:45:00,296.4,wind,MW,nem,NSW1
2017-10-18 00:50:00,292.1,wind,MW,nem,NSW1
2017-10-18 00:55:00,290.7,wind,MW,nem,NSW1
2017-10-18 01:00:00,283.0,wind,MW,nem,NSW1
2017-10-18 01:05:00,282.5,wind,MW,nem,NSW1
2017-10-18 01:10:00,291.2,wind,MW,nem,NSW1
2017-10-18 01:15:00,297.3,wind,MW,nem,NSW1
2017-10-18 01:20:00,299.0,wind,MW,nem,NSW1
2017-10-18 01:25:00,297.1,wind,MW,nem,NSW1
2017-10-18 01:30:00,291.4,wind,MW,nem,NSW1
2017-10-18 01:35:00,282.4,wind,MW,nem,NSW1
2017-10-18 01:40:00,283.0,wind,MW,nem,NSW1
2017-10-18 01:45:00,265.1,wind,MW,nem,NSW1
2017-10-18 01:50:00,257.1,wind,MW,nem,NSW1
2017-10-18 01:55:00,255.0,wind,MW,nem,NSW1
2017-10-18 02:00:00,253.3,wind,MW,nem,NSW1
2017-10-18 02:05:00,254.7,wind,MW,nem,NSW1
2017-10-18 02:10:00,253.0,wind,MW,nem,NSW1
2017-10-18 02:15:00,256.5,wind,MW,nem,NSW1
2017-10-18 02:20:00,256.8,wind,MW,nem,NSW1
2017-10-18 02:25:00,241.7,wind,MW,nem,NSW1
2017-10-18 02:30:00,228.6,wind,MW,nem,NSW1
2017-10-18 02:35:00,225.1,wind,MW,nem,NSW1
2017-10-18 02:40:00,220.8,wind,MW,nem,NSW1
2017-10-18 02:45:00,211.8,wind,MW,nem,NSW1
2017-10-18 02:50:00,205.6,wind,MW,nem,NSW1
2017-10-18 02:55:00,202.3,wind,MW,nem,NSW1
2017-10-18 03:00:00,206.2,wind,MW,nem,NSW1
2017-10-18 03:05:00,212.2,wind,MW,nem,NSW1
2017-10-18 03:10:00,213.9,wind,MW,nem,NSW1
2017-10-18 03:15:00,216.8,wind,MW,nem,NSW1
2017-10-18 03:20:00,216.2,wind,MW,nem,NSW1
2017-10-18 03:25:00,214.0,wind,MW,nem,NSW1
2017-10-18 03:30:00,199.6,wind,MW,nem,NSW1
2017-10-18 03:35:00,189.8,wind,MW,nem,NSW1
2017-10-18 03:40:00,191.3,wind,MW,nem,NSW1
2017-10-18 03:45:00,186.3,wind,MW,nem,NSW1
2017-10-18 03:50:00,173.8,wind,MW,nem,NSW1
2017-10-18 03:55:00,167.5,wind,MW,nem,NSW1
2017-10-18 04:00:00,159.6,wind,MW,nem,NSW1
2017-10-18 04:05:00,152.1,wind,MW,nem,NSW1
2017-10-18 04:10:00,147.2,wind,MW,nem,NSW1
2017-10-18 04:15:00,148.0,wind,MW,nem,NSW1
2017-10-18 04:20:00,143.0,wind,MW,nem,NSW1
2017-10-18 04:25:00,142.7,wind,MW,nem,NSW1
2017-10-18 04:30:00,152.2,wind,MW,nem,NSW1
2017-10-18 04:35:00,154.3,wind,MW,nem,NSW1
2017-10-18 04:40:00,166.4,wind,MW,nem,NSW1
2017-10-18 04:45:00,161.5,wind,MW,nem,NSW1
2017-10-18 04:50:00,179.7,wind,MW,nem,NSW1
2017-10-18 04:55:00,184.1,wind,MW,nem,NSW1
2017-10-18 05:00:00,197.8,wind,MW,nem,NSW1
2017-10-18 05:05:00,212.5,wind,MW,nem,NSW1
2017-10-18 05:10:00,211.0,wind,MW,nem,NSW1
2017-10-18 05:15:00,219.5,wind,MW,nem,NSW1
2017-10-18 05:20:00,212.5,wind,MW,nem,NSW1
2017-10-18 05:25:00,214.1,wind,MW,nem,NSW1
2017-10-18 05:30:00,212.6,wind,MW,nem,NSW1
2017-10-18 05:35:00,211.8,wind,MW,nem,NSW1
2017-10-18 05:40:00,216.1,wind,MW,nem,NSW1
2017-10-18 05:45:00,218.1,wind,MW,nem,NSW1
2017-10-18 05:50:00,219.6,wind,MW,nem,NSW1
2017-10-18 05:55:00,212.7,wind,MW,nem,NSW1
2017-10-18 06:00:00,222.3,wind,MW,nem,NSW1
2017-10-18 06:05:00,209.8,wind,MW,nem,NSW1
2017-10-18 06:10:00,211.6,wind,MW,nem,NSW1
2017-10-18 06:15:00,221.6,wind,MW,nem,NSW1
2017-10-18 06:20:00,218.2,wind,MW,nem,NSW1
2017-10-18 06:25:00,216.5,wind,MW,nem,NSW1
2017-10-18 06:30:00,227.3,wind,MW,nem,NSW1
2017-10-18 06:35:00,223.7,wind,MW,nem,NSW1
2017-10-18 06:40:00,222.1,wind,MW,nem,NSW1
2017-10-18 06:45:00,221.4,wind,MW,nem,NSW1
2017-10-18 06:50:00,216.6,wind,MW,nem,NSW1
2017-10-18 06:55:00,222.6,wind,MW,nem,NSW1
2017-10-18 07:00:00,206.6,wind,MW,nem,NSW1
2017-10-18 07:05:00,222.0,wind,MW,nem,NSW1
2017-10-18 07:10:00,221.6,wind,MW,nem,NSW1
2017-10-18 07:15:00,215.9,wind,MW,nem,NSW1
2017-10-18 07:20:00,207.7,wind,MW,nem,NSW1
2017-10-18 07:25:00,208.3,wind,MW,nem,NSW1
2017-10-18 07:30:00,206.1,wind,MW,nem,NSW1
2017-10-18 07:35:00,199.3,wind,MW,nem,NSW1
2017-10-18 07:40:00,199.1,wind,MW,nem,NSW1
2017-10-18 07:45:00,198.1,wind,MW,nem,NSW1
2017-10-18 07:50:00,206.6,wind,MW,nem,NSW1
2017-10-18 07:55:00,203.9,wind,MW,nem,NSW1
2017-10-18 08:00:00,205.7,wind,MW,nem,NSW1
2017-10-18 08:05:00,196.0,wind,MW,nem,NSW1
2017-10-18 08:10:00,195.7,wind,MW,nem,NSW1
2017-10-18 08:15:00,204.0,wind,MW,nem,NSW1
2017-10-18 08:20:00,194.6,wind,MW,nem,NSW1
2017-10-18 08:25:00,199.7,wind,MW,nem,NSW1
2017-10-18 08:30:00,199.7,wind,MW,nem,NSW1
2017-10-18 08:35:00,211.4,wind,MW,nem,NSW1
2017-10-18 08:40:00,202.6,wind,MW,nem,NSW1
2017-10-18 08:45:00,205.5,wind,MW,nem,NSW1
2017-10-18 08:50:00,193.6,wind,MW,nem,NSW1
2017-10-18 08:55:00,204.3,wind,MW,nem,NSW1
2017-10-18 09:00:00,200.7,wind,MW,nem,NSW1
2017-10-18 09:05:00,194.4,wind,MW,nem,NSW1
2017-10-18 09:10:00,203.9,wind,MW,nem,NSW1
2017-10-18 09:15:00,206.2,wind,MW,nem,NSW1
2017-10-18 09:20:00,206.8,wind,MW,nem,NSW1
2017-10-18 09:25:00,204.6,wind,MW,nem,NSW1
2017-10-18 09:30:00,197.3,wind,MW,nem,NSW1
2017-10-18 09:35:00,192.4,wind,MW,nem,NSW1
2017-10-18 09:40:00,181.9,wind,MW,nem,NSW1
2017-10-18 09:45:00,184.0,wind,MW,nem,NSW1
2017-10-18 09:50:00,177.4,wind,MW,nem,NSW1
2017-10-18 09:55:00,175.6,wind,MW,nem,NSW1
2017-10-18 10:00:00,175.2,wind,MW,nem,NSW1
2017-10-18 10:05:00,175.9,wind,MW,nem,NSW1
2017-10-18 10:10:00,178.8,wind,MW,nem,NSW1
2017-10-18 10:15:00,178.7,wind,MW,nem,NSW1
2017-10-18 10:20:00,166.7,wind,MW,nem,NSW1
2017-10-18 10:25:00,161.0,wind,MW,nem,NSW1
2017-10-18 10:30:00,165.5,wind,MW,nem,NSW1
2017-10-18 10:35:00,168.5,wind,MW,nem,NSW1
2017-10-18 10:40:00,169.3,wind,MW,nem,NSW1
2017-10-18 10:45:00,168.8,wind,MW,nem,NSW1
2017-10-18 10:50:00,167.8,wind,MW,nem,NSW1
2017-10-18 10:55:00,167.4,wind,MW,nem,NSW1
2017-10-18 11:00:00,168.8,wind,MW,nem,NSW1
2017-10-18 11:05:00,176.6,wind,MW,nem,NSW1
2017-10-18 11:10:00,177.6,wind,MW,nem,NSW1
2017-10-18 11:15:00,165.5,wind,MW,nem,NSW1
2017-10-18 11:20:00,160.6,wind,MW,nem,NSW1
2017-10-18 11:25:00,164.0,wind,MW,nem,NSW1
2017-10-18 11:30:00,159.8,wind,MW,nem,NSW1
2017-10-18 11:35:00,159.7,wind,MW,nem,NSW1
2017-10-18 11:40:00,155.0,wind,MW,nem,NSW1
2017-10-18 11:45:00,170.9,wind,MW,nem,NSW1
2017-10-18 11:50:00,165.5,wind,MW,nem,NSW1
2017-10-18 11:55:00,159.4,wind,MW,nem,NSW1
2017-10-18 12:00:00,150.6,wind,MW,nem,NSW1
2017-10-18 12:05:00,165.9,wind,MW,nem,NSW1
2017-10-18 12:10:00,158.2,wind,MW,nem,NSW1
2017-10-18 12:15:00,164.5,wind,MW,nem,NSW1
2017-10-18 12:20:00,138.7,wind,MW,nem,NSW1
2017-10-18 12:25:00,155.8,wind,MW,nem,NSW1
2017-10-18 12:30:00,144.4,wind,MW,nem,NSW1
2017-10-18 12:35:00,141.5,wind,MW,nem,NSW1
2017-10-18 12:40:00,129.1,wind,MW,nem,NSW1
2017-10-18 12:45:00,118.8,wind,MW,nem,NSW1
2017-10-18 12:50:00,119.7,wind,MW,nem,NSW1
2017-10-18 12:55:00,113.4,wind,MW,nem,NSW1
2017-10-18 13:00:00,117.4,wind,MW,nem,NSW1
2017-10-18 13:05:00,116.6,wind,MW,nem,NSW1
2017-10-18 13:10:00,118.7,wind,MW,nem,NSW1
2017-10-18 13:15:00,120.0,wind,MW,nem,NSW1
2017-10-18 13:20:00,114.2,wind,MW,nem,NSW1
2017-10-18 13:25:00,114.4,wind,MW,nem,NSW1
2017-10-18 13:30:00,109.6,wind,MW,nem,NSW1
2017-10-18 13:35:00,99.35,wind,MW,nem,NSW1
2017-10-18 13:40:00,106.3,wind,MW,nem,NSW1
2017-10-18 13:45:00,90.13,wind,MW,nem,NSW1
2017-10-18 13:50:00,97.87,wind,MW,nem,NSW1
2017-10-18 13:55:00,105.3,wind,MW,nem,NSW1
2017-10-18 14:00:00,98.33,wind,MW,nem,NSW1
2017-10-18 14:05:00,91.37,wind,MW,nem,NSW1
2017-10-18 14:10:00,93.5,wind,MW,nem,NSW1
2017-10-18 14:15:00,102.6,wind,MW,nem,NSW1
2017-10-18 14:20:00,124.0,wind,MW,nem,NSW1
2017-10-18 14:25:00,119.6,wind,MW,nem,NSW1
2017-10-18 14:30:00,120.8,wind,MW,nem,NSW1
2017-10-18 14:35:00,125.6,wind,MW,nem,NSW1
2017-10-18 14:40:00,125.7,wind,MW,nem,NSW1
2017-10-18 14:45:00,144.6,wind,MW,nem,NSW1
2017-10-18 14:50:00,155.5,wind,MW,nem,NSW1
2017-10-18 14:55:00,148.4,wind,MW,nem,NSW1
2017-10-18 15:00:00,138.4,wind,MW,nem,NSW1
2017-10-18 15:05:00,157.7,wind,MW,nem,NSW1
2017-10-18 15:10:00,152.7,wind,MW,nem,NSW1
2017-10-18 15:15:00,168.0,wind,MW,nem,NSW1
2017-10-18 15:20:00,154.4,wind,MW,nem,NSW1
2017-10-18 15:25:00,160.5,wind,MW,nem,NSW1
2017-10-18 15:30:00,166.6,wind,MW,nem,NSW1
2017-10-18 15:35:00,162.5,wind,MW,nem,NSW1
2017-10-18 15:40:00,160.0,wind,MW,nem,NSW1
2017-10-18 15:45:00,183.1,wind,MW,nem,NSW1
2017-10-18 15:50:00,170.9,wind,MW,nem,NSW1
2017-10-18 15:55:00,203.1,wind,MW,nem,NSW1
2017-10-18 16:00:00,202.3,wind,MW,nem,NSW1
2017-10-18 16:05:00,188.1,wind,MW,nem,NSW1
2017-10-18 16:10:00,204.9,wind,MW,nem,NSW1
2017-10-18 16:15:00,205.8,wind,MW,nem,NSW1
2017-10-18 16:20:00,215.9,wind,MW,nem,NSW1
2017-10-18 16:25:00,210.2,wind,MW,nem,NSW1
2017-10-18 16:30:00,214.3,wind,MW,nem,NSW1
2017-10-18 16:35:00,206.1,wind,MW,nem,NSW1
2017-10-18 16:40:00,225.8,wind,MW,nem,NSW1
2017-10-18 16:45:00,236.7,wind,MW,nem,NSW1
2017-10-18 16:50:00,240.6,wind,MW,nem,NSW1
2017-10-18 16:55:00,241.7,wind,MW,nem,NSW1
2017-10-18 17:00:00,247.2,wind,MW,nem,NSW1
2017-10-18 17:05:00,247.9,wind,MW,nem,NSW1
2017-10-18 17:10:00,246.2,wind,MW,nem,NSW1
2017-10-18 17:15:00,249.2,wind,MW,nem,NSW1
2017-10-18 17:20:00,251.2,wind,MW,nem,NSW1
2017-10-18 17:25:00,251.8,wind,MW,nem,NSW1
2017-10-18 17:30:00,255.5,wind,MW,nem,NSW1
2017-10-18 17:35:00,254.4,wind,MW,nem,NSW1
2017-10-18 17:40:00,250.9,wind,MW,nem,NSW1
2017-10-18 17:45:00,266.0,wind,MW,nem,NSW1
2017-10-18 17:50:00,268.3,wind,MW,nem,NSW1
2017-10-18 17:55:00,275.2,wind,MW,nem,NSW1
2017-10-18 18:00:00,282.3,wind,MW,nem,NSW1
2017-10-18 18:05:00,292.0,wind,MW,nem,NSW1
2017-10-18 18:10:00,292.7,wind,MW,nem,NSW1
2017-10-18 18:15:00,297.8,wind,MW,nem,NSW1
2017-10-18 18:20:00,305.6,wind,MW,nem,NSW1
2017-10-18 18:25:00,304.8,wind,MW,nem,NSW1
2017-10-18 18:30:00,313.5,wind,MW,nem,NSW1
2017-10-18 18:35:00,302.5,wind,MW,nem,NSW1
2017-10-18 18:40:00,317.4,wind,MW,nem,NSW1
2017-10-18 18:45:00,326.2,wind,MW,nem,NSW1
2017-10-18 18:50:00,333.5,wind,MW,nem,NSW1
2017-10-18 18:55:00,335.8,wind,MW,nem,NSW1
2017-10-18 19:00:00,337.6,wind,MW,nem,NSW1
2017-10-18 19:05:00,347.1,wind,MW,nem,NSW1
2017-10-18 19:10:00,342.3,wind,MW,nem,NSW1
2017-10-18 19:15:00,355.5,wind,MW,nem,NSW1
2017-10-18 19:20:00,362.0,wind,MW,nem,NSW1
2017-10-18 19:25:00,356.2,wind,MW,nem,NSW1
2017-10-18 19:30:00,364.3,wind,MW,nem,NSW1
2017-10-18 19:35:00,367.6,wind,MW,nem,NSW1
2017-10-18 19:40:00,365.8,wind,MW,nem,NSW1
2017-10-18 19:45:00,367.6,wind,MW,nem,NSW1
2017-10-18 19:50:00,371.4,wind,MW,nem,NSW1
2017-10-18 19:55:00,366.0,wind,MW,nem,NSW1
2017-10-18 20:00:00,365.5,wind,MW,nem,NSW1
2017-10-18 20:05:00,358.3,wind,MW,nem,NSW1
2017-10-18 20:10:00,367.0,wind,MW,nem,NSW1
2017-10-18 20:15:00,367.5,wind,MW,nem,NSW1
2017-10-18 20:20:00,367.0,wind,MW,nem,NSW1
2017-10-18 20:25:00,363.2,wind,MW,nem,NSW1
2017-10-18 20:30:00,355.9,wind,MW,nem,NSW1
2017-10-18 20:35:00,360.7,wind,MW,nem,NSW1
2017-10-18 20:40:00,361.6,wind,MW,nem,NSW1
2017-10-18 20:45:00,364.1,wind,MW,nem,NSW1
2017-10-18 20:50:00,361.3,wind,MW,nem,NSW1
2017-10-18 20:55:00,365.1,wind,MW,nem,NSW1
2017-10-18 21:00:00,358.0,wind,MW,nem,NSW1
2017-10-18 21:05:00,365.5,wind,MW,nem,NSW1
2017-10-18 21:10:00,358.7,wind,MW,nem,NSW1
2017-10-18 21:15:00,346.7,wind,MW,nem,NSW1
2017-10-18 21:20:00,341.2,wind,MW,nem,NSW1
2017-10-18 21:25:00,352.8,wind,MW,nem,NSW1
2017-10-18 21:30:00,346.2,wind,MW,nem,NSW1
2017-10-18 21:35:00,336.5,wind,MW,nem,NSW1
2017-10-18 21:40:00,337.9,wind,MW,nem,NSW1
2017-10-18 21:45:00,329.6,wind,MW,nem,NSW1
2017-10-18 21:50:00,325.5,wind,MW,nem,NSW1
2017-10-18 21:55:00,314.7,wind,MW,nem,NSW1
2017-10-18 22:00:00,312.2,wind,MW,nem,NSW1
2017-10-18 22:05:00,299.5,wind,MW,nem,NSW1
2017-10-18 22:10:00,298.6,wind,MW,nem,NSW1
2017-10-18 22:15:00,303.0,wind,MW,nem,NSW1
2017-10-18 22:20:00,299.1,wind,MW,nem,NSW1
2017-10-18 22:25:00,298.2,wind,MW,nem,NSW1
2017-10-18 22:30:00,288.5,wind,MW,nem,NSW1
2017-10-18 22:35:00,289.0,wind,MW,nem,NSW1
2017-10-18 22:40:00,278.5,wind,MW,nem,NSW1
2017-10-18 22:45:00,277.9,wind,MW,nem,NSW1
2017-10-18 22:50:00,285.1,wind,MW,nem,NSW1
2017-10-18 22:55:00,276.4,wind,MW,nem,NSW1
2017-10-18 23:00:00,274.7,wind,MW,nem,NSW1
2017-10-18 23:05:00,267.4,wind,MW,nem,NSW1
2017-10-18 23:10:00,261.9,wind,MW,nem,NSW1
2017-10-18 23:15:00,253.1,wind,MW,nem,NSW1
2017-10-18 23:20:00,258.6,wind,MW,nem,NSW1
2017-10-18 23:25:00,241.6,wind,MW,nem,NSW1
2017-10-18 23:30:00,253.3,wind,MW,nem,NSW1
2017-10-18 23:35:00,255.3,wind,MW,nem,NSW1
2017-10-18 23:40:00,251.3,wind,MW,nem,NSW1
2017-10-18 23:45:00,250.0,wind,MW,nem,NSW1
2017-10-18 23:50:00,247.2,wind,MW,nem,NSW1
2017-10-18 23:55:00,235.7,wind,MW,nem,NSW1
2017-10-19 00:00:00,229.5,wind,MW,nem,NSW1
2017-10-19 00:05:00,225.2,wind,MW,nem,NSW1
2017-10-19 00:10:00,225.5,wind,MW,nem,NSW1
2017-10-19 00:15:00,220.3,wind,MW,nem,NSW1
2017-10-19 00:20:00,224.2,wind,MW,nem,NSW1
2017-10-19 00:25:00,220.5,wind,MW,nem,NSW1
2017-10-19 00:30:00,218.8,wind,MW,nem,NSW1
2017-10-19 00:35:00,217.4,wind,MW,nem,NSW1
2017-10-19 00:40:00,213.0,wind,MW,nem,NSW1
2017-10-19 00:45:00,209.0,wind,MW,nem,NSW1
2017-10-19 00:50:00,202.2,wind,MW,nem,NSW1
2017-10-19 00:55:00,199.5,wind,MW,nem,NSW1
2017-10-19 01:00:00,200.8,wind,MW,nem,NSW1
2017-10-19 01:05:00,200.4,wind,MW,nem,NSW1
2017-10-19 01:10:00,202.5,wind,MW,nem,NSW1
2017-10-19 01:15:00,206.4,wind,MW,nem,NSW1
2017-10-19 01:20:00,212.0,wind,MW,nem,NSW1
2017-10-19 01:25:00,213.0,wind,MW,nem,NSW1
2017-10-19 01:30:00,213.2,wind,MW,nem,NSW1
2017-10-19 01:35:00,222.4,wind,MW,nem,NSW1
2017-10-19 01:40:00,226.3,wind,MW,nem,NSW1
2017-10-19 01:45:00,232.3,wind,MW,nem,NSW1
2017-10-19 01:50:00,237.7,wind,MW,nem,NSW1
2017-10-19 01:55:00,232.2,wind,MW,nem,NSW1
2017-10-19 02:00:00,235.1,wind,MW,nem,NSW1
2017-10-19 02:05:00,234.9,wind,MW,nem,NSW1
2017-10-19 02:10:00,236.7,wind,MW,nem,NSW1
2017-10-19 02:15:00,237.5,wind,MW,nem,NSW1
2017-10-19 02:20:00,242.9,wind,MW,nem,NSW1
2017-10-19 02:25:00,246.2,wind,MW,nem,NSW1
2017-10-19 02:30:00,247.5,wind,MW,nem,NSW1
2017-10-19 02:35:00,251.5,wind,MW,nem,NSW1
2017-10-19 02:40:00,245.5,wind,MW,nem,NSW1
2017-10-19 02:45:00,244.0,wind,MW,nem,NSW1
2017-10-19 02:50:00,241.7,wind,MW,nem,NSW1
2017-10-19 02:55:00,246.0,wind,MW,nem,NSW1
2017-10-19 03:00:00,244.8,wind,MW,nem,NSW1
2017-10-19 03:05:00,244.8,wind,MW,nem,NSW1
2017-10-19 03:10:00,243.0,wind,MW,nem,NSW1
2017-10-19 03:15:00,240.3,wind,MW,nem,NSW1
2017-10-19 03:20:00,238.5,wind,MW,nem,NSW1
2017-10-19 03:25:00,239.7,wind,MW,nem,NSW1
2017-10-19 03:30:00,236.3,wind,MW,nem,NSW1
2017-10-19 03:35:00,238.5,wind,MW,nem,NSW1
2017-10-19 03:40:00,245.1,wind,MW,nem,NSW1
2017-10-19 03:45:00,242.3,wind,MW,nem,NSW1
2017-10-19 03:50:00,240.1,wind,MW,nem,NSW1
2017-10-19 03:55:00,234.9,wind,MW,nem,NSW1
2017-10-19 04:00:00,229.5,wind,MW,nem,NSW1
2017-10-19 04:05:00,229.1,wind,MW,nem,NSW1
2017-10-19 04:10:00,227.2,wind,MW,nem,NSW1
2017-10-19 04:15:00,225.3,wind,MW,nem,NSW1
2017-10-19 04:20:00,224.7,wind,MW,nem,NSW1
2017-10-19 04:25:00,222.0,wind,MW,nem,NSW1
2017-10-19 04:30:00,225.9,wind,MW,nem,NSW1
2017-10-19 04:35:00,227.4,wind,MW,nem,NSW1
2017-10-19 04:40:00,227.5,wind,MW,nem,NSW1
2017-10-19 04:45:00,231.1,wind,MW,nem,NSW1
2017-10-19 04:50:00,229.2,wind,MW,nem,NSW1
2017-10-19 04:55:00,231.1,wind,MW,nem,NSW1
2017-10-19 05:00:00,235.5,wind,MW,nem,NSW1
2017-10-19 05:05:00,234.9,wind,MW,nem,NSW1
2017-10-19 05:10:00,235.8,wind,MW,nem,NSW1
2017-10-19 05:15:00,235.3,wind,MW,nem,NSW1
2017-10-19 05:20:00,239.2,wind,MW,nem,NSW1
2017-10-19 05:25:00,234.9,wind,MW,nem,NSW1
2017-10-19 05:30:00,231.1,wind,MW,nem,NSW1
2017-10-19 05:35:00,236.2,wind,MW,nem,NSW1
2017-10-19 05:40:00,237.3,wind,MW,nem,NSW1
2017-10-19 05:45:00,240.7,wind,MW,nem,NSW1
2017-10-19 05:50:00,241.3,wind,MW,nem,NSW1
2017-10-19 05:55:00,247.7,wind,MW,nem,NSW1
2017-10-19 06:00:00,253.6,wind,MW,nem,NSW1
2017-10-19 06:05:00,257.6,wind,MW,nem,NSW1
2017-10-19 06:10:00,264.1,wind,MW,nem,NSW1
2017-10-19 06:15:00,277.9,wind,MW,nem,NSW1
2017-10-19 06:20:00,276.7,wind,MW,nem,NSW1
2017-10-19 06:25:00,284.0,wind,MW,nem,NSW1
2017-10-19 06:30:00,285.3,wind,MW,nem,NSW1
2017-10-19 06:35:00,287.9,wind,MW,nem,NSW1
2017-10-19 06:40:00,283.8,wind,MW,nem,NSW1
2017-10-19 06:45:00,282.1,wind,MW,nem,NSW1
2017-10-19 06:50:00,280.1,wind,MW,nem,NSW1
2017-10-19 06:55:00,279.1,wind,MW,nem,NSW1
2017-10-19 07:00:00,271.4,wind,MW,nem,NSW1
2017-10-19 07:05:00,278.7,wind,MW,nem,NSW1
2017-10-19 07:10:00,278.2,wind,MW,nem,NSW1
2017-10-19 07:15:00,274.5,wind,MW,nem,NSW1
2017-10-19 07:20:00,280.7,wind,MW,nem,NSW1
2017-10-19 07:25:00,291.9,wind,MW,nem,NSW1
2017-10-19 07:30:00,304.0,wind,MW,nem,NSW1
2017-10-19 07:35:00,310.6,wind,MW,nem,NSW1
2017-10-19 07:40:00,307.6,wind,MW,nem,NSW1
2017-10-19 07:45:00,312.4,wind,MW,nem,NSW1
2017-10-19 07:50:00,317.1,wind,MW,nem,NSW1
2017-10-19 07:55:00,322.3,wind,MW,nem,NSW1
2017-10-19 08:00:00,321.0,wind,MW,nem,NSW1
2017-10-19 08:05:00,320.2,wind,MW,nem,NSW1
2017-10-19 08:10:00,345.1,wind,MW,nem,NSW1
2017-10-19 08:15:00,356.0,wind,MW,nem,NSW1
2017-10-19 08:20:00,356.6,wind,MW,nem,NSW1
2017-10-19 08:25:00,369.1,wind,MW,nem,NSW1
2017-10-19 08:30:00,386.5,wind,MW,nem,NSW1
2017-10-19 08:35:00,383.4,wind,MW,nem,NSW1
2017-10-19 08:40:00,394.7,wind,MW,nem,NSW1
2017-10-19 08:45:00,402.4,wind,MW,nem,NSW1
2017-10-19 08:50:00,418.9,wind,MW,nem,NSW1
2017-10-19 08:55:00,413.7,wind,MW,nem,NSW1
2017-10-19 09:00:00,417.0,wind,MW,nem,NSW1
2017-10-19 09:05:00,435.6,wind,MW,nem,NSW1
2017-10-19 09:10:00,446.1,wind,MW,nem,NSW1
2017-10-19 09:15:00,429.6,wind,MW,nem,NSW1
2017-10-19 09:20:00,429.0,wind,MW,nem,NSW1
2017-10-19 09:25:00,441.1,wind,MW,nem,NSW1
2017-10-19 09:30:00,426.2,wind,MW,nem,NSW1
2017-10-19 09:35:00,431.2,wind,MW,nem,NSW1
2017-10-19 09:40:00,447.4,wind,MW,nem,NSW1
2017-10-19 09:45:00,447.1,wind,MW,nem,NSW1
2017-10-19 09:50:00,440.5,wind,MW,nem,NSW1
2017-10-19 09:55:00,429.4,wind,MW,nem,NSW1
2017-10-19 10:00:00,429.2,wind,MW,nem,NSW1
2017-10-19 10:05:00,419.5,wind,MW,nem,NSW1
2017-10-19 10:10:00,435.5,wind,MW,nem,NSW1
2017-10-19 10:15:00,437.7,wind,MW,nem,NSW1
2017-10-19 10:20:00,430.5,wind,MW,nem,NSW1
2017-10-19 10:25:00,432.4,wind,MW,nem,NSW1
2017-10-19 10:30:00,437.1,wind,MW,nem,NSW1
2017-10-19 10:35:00,443.5,wind,MW,nem,NSW1
2017-10-19 10:40:00,443.6,wind,MW,nem,NSW1
2017-10-19 10:45:00,451.4,wind,MW,nem,NSW1
2017-10-19 10:50:00,458.7,wind,MW,nem,NSW1
2017-10-19 10:55:00,452.9,wind,MW,nem,NSW1
2017-10-19 11:00:00,452.8,wind,MW,nem,NSW1
2017-10-19 11:05:00,436.5,wind,MW,nem,NSW1
2017-10-19 11:10:00,441.7,wind,MW,nem,NSW1
2017-10-19 11:15:00,453.1,wind,MW,nem,NSW1
2017-10-19 11:20:00,451.7,wind,MW,nem,NSW1
2017-10-19 11:25:00,454.5,wind,MW,nem,NSW1
2017-10-19 11:30:00,467.7,wind,MW,nem,NSW1
2017-10-19 11:35:00,452.3,wind,MW,nem,NSW1
2017-10-19 11:40:00,445.6,wind,MW,nem,NSW1
2017-10-19 11:45:00,445.9,wind,MW,nem,NSW1
2017-10-19 11:50:00,447.8,wind,MW,nem,NSW1
2017-10-19 11:55:00,413.9,wind,MW,nem,NSW1
2017-10-19 12:00:00,407.2,wind,MW,nem,NSW1
2017-10-19 12:05:00,397.9,wind,MW,nem,NSW1
2017-10-19 12:10:00,430.0,wind,MW,nem,NSW1
2017-10-19 12:15:00,407.2,wind,MW,nem,NSW1
2017-10-19 12:20:00,395.0,wind,MW,nem,NSW1
2017-10-19 12:25:00,384.5,wind,MW,nem,NSW1
2017-10-19 12:30:00,389.9,wind,MW,nem,NSW1
2017-10-19 12:35:00,377.1,wind,MW,nem,NSW1
2017-10-19 12:40:00,377.9,wind,MW,nem,NSW1
2017-10-19 12:45:00,365.3,wind,MW,nem,NSW1
2017-10-19 12:50:00,362.5,wind,MW,nem,NSW1
2017-10-19 12:55:00,356.9,wind,MW,nem,NSW1
2017-10-19 13:00:00,352.6,wind,MW,nem,NSW1
2017-10-19 13:05:00,357.9,wind,MW,nem,NSW1
2017-10-19 13:10:00,353.3,wind,MW,nem,NSW1
2017-10-19 13:15:00,360.4,wind,MW,nem,NSW1
2017-10-19 13:20:00,352.5,wind,MW,nem,NSW1
2017-10-19 13:25:00,346.3,wind,MW,nem,NSW1
2017-10-19 13:30:00,356.2,wind,MW,nem,NSW1
2017-10-19 13:35:00,345.0,wind,MW,nem,NSW1
2017-10-19 13:40:00,351.1,wind,MW,nem,NSW1
2017-10-19 13:45:00,343.4,wind,MW,nem,NSW1
2017-10-19 13:50:00,327.4,wind,MW,nem,NSW1
2017-10-19 13:55:00,328.2,wind,MW,nem,NSW1
2017-10-19 14:00:00,322.3,wind,MW,nem,NSW1
2017-10-19 14:05:00,328.1,wind,MW,nem,NSW1
2017-10-19 14:10:00,337.7,wind,MW,nem,NSW1
2017-10-19 14:15:00,350.7,wind,MW,nem,NSW1
2017-10-19 14:20:00,342.0,wind,MW,nem,NSW1
2017-10-19 14:25:00,340.2,wind,MW,nem,NSW1
2017-10-19 14:30:00,331.9,wind,MW,nem,NSW1
2017-10-19 14:35:00,326.0,wind,MW,nem,NSW1
2017-10-19 14:40:00,325.3,wind,MW,nem,NSW1
2017-10-19 14:45:00,345.9,wind,MW,nem,NSW1
2017-10-19 14:50:00,329.4,wind,MW,nem,NSW1
2017-10-19 14:55:00,307.1,wind,MW,nem,NSW1
2017-10-19 15:00:00,275.1,wind,MW,nem,NSW1
2017-10-19 15:05:00,276.4,wind,MW,nem,NSW1
2017-10-19 15:10:00,276.7,wind,MW,nem,NSW1
2017-10-19 15:15:00,256.8,wind,MW,nem,NSW1
2017-10-19 15:20:00,272.8,wind,MW,nem,NSW1
2017-10-19 15:25:00,259.6,wind,MW,nem,NSW1
2017-10-19 15:30:00,262.2,wind,MW,nem,NSW1
2017-10-19 15:35:00,299.1,wind,MW,nem,NSW1
2017-10-19 15:40:00,302.0,wind,MW,nem,NSW1
2017-10-19 15:45:00,293.7,wind,MW,nem,NSW1
2017-10-19 15:50:00,276.3,wind,MW,nem,NSW1
2017-10-19 15:55:00,267.7,wind,MW,nem,NSW1
2017-10-19 16:00:00,256.6,wind,MW,nem,NSW1
2017-10-19 16:05:00,259.2,wind,MW,nem,NSW1
2017-10-19 16:10:00,242.5,wind,MW,nem,NSW1
2017-10-19 16:15:00,253.4,wind,MW,nem,NSW1
2017-10-19 16:20:00,251.0,wind,MW,nem,NSW1
2017-10-19 16:25:00,252.1,wind,MW,nem,NSW1
2017-10-19 16:30:00,258.8,wind,MW,nem,NSW1
2017-10-19 16:35:00,257.3,wind,MW,nem,NSW1
2017-10-19 16:40:00,264.2,wind,MW,nem,NSW1
2017-10-19 16:45:00,248.7,wind,MW,nem,NSW1
2017-10-19 16:50:00,237.1,wind,MW,nem,NSW1
2017-10-19 16:55:00,233.1,wind,MW,nem,NSW1
2017-10-19 17:00:00,222.2,wind,MW,nem,NSW1
2017-10-19 17:05:00,225.3,wind,MW,nem,NSW1
2017-10-19 17:10:00,231.5,wind,MW,nem,NSW1
2017-10-19 17:15:00,241.6,wind,MW,nem,NSW1
2017-10-19 17:20:00,250.1,wind,MW,nem,NSW1
2017-10-19 17:25:00,251.0,wind,MW,nem,NSW1
2017-10-19 17:30:00,247.7,wind,MW,nem,NSW1
2017-10-19 17:35:00,243.8,wind,MW,nem,NSW1
2017-10-19 17:40:00,241.6,wind,MW,nem,NSW1
2017-10-19 17:45:00,249.6,wind,MW,nem,NSW1
2017-10-19 17:50:00,242.6,wind,MW,nem,NSW1
2017-10-19 17:55:00,240.9,wind,MW,nem,NSW1
2017-10-19 18:00:00,265.4,wind,MW,nem,NSW1
2017-10-19 18:05:00,282.6,wind,MW,nem,NSW1
2017-10-19 18:10:00,301.5,wind,MW,nem,NSW1
2017-10-19 18:15:00,294.6,wind,MW,nem,NSW1
2017-10-19 18:20:00,287.6,wind,MW,nem,NSW1
2017-10-19 18:25:00,281.1,wind,MW,nem,NSW1
2017-10-19 18:30:00,261.9,wind,MW,nem,NSW1
2017-10-19 18:35:00,251.1,wind,MW,nem,NSW1
2017-10-19 18:40:00,245.6,wind,MW,nem,NSW1
2017-10-19 18:45:00,256.1,wind,MW,nem,NSW1
2017-10-19 18:50:00,265.8,wind,MW,nem,NSW1
2017-10-19 18:55:00,252.6,wind,MW,nem,NSW1
2017-10-19 19:00:00,221.2,wind,MW,nem,NSW1
2017-10-19 19:05:00,221.6,wind,MW,nem,NSW1
2017-10-19 19:10:00,218.5,wind,MW,nem,NSW1
2017-10-19 19:15:00,222.2,wind,MW,nem,NSW1
2017-10-19 19:20:00,227.4,wind,MW,nem,NSW1
2017-10-19 19:25:00,211.9,wind,MW,nem,NSW1
2017-10-19 19:30:00,221.1,wind,MW,nem,NSW1
2017-10-19 19:35:00,204.5,wind,MW,nem,NSW1
2017-10-19 19:40:00,199.5,wind,MW,nem,NSW1
2017-10-19 19:45:00,185.3,wind,MW,nem,NSW1
2017-10-19 19:50:00,180.7,wind,MW,nem,NSW1
2017-10-19 19:55:00,183.2,wind,MW,nem,NSW1
2017-10-19 20:00:00,176.0,wind,MW,nem,NSW1
2017-10-19 20:05:00,168.2,wind,MW,nem,NSW1
2017-10-19 20:10:00,176.0,wind,MW,nem,NSW1
2017-10-19 20:15:00,162.3,wind,MW,nem,NSW1
2017-10-19 20:20:00,179.5,wind,MW,nem,NSW1
2017-10-19 20:25:00,179.0,wind,MW,nem,NSW1
2017-10-19 20:30:00,179.9,wind,MW,nem,NSW1
2017-10-19 20:35:00,176.3,wind,MW,nem,NSW1
2017-10-19 20:40:00,159.2,wind,MW,nem,NSW1
2017-10-19 20:45:00,154.7,wind,MW,nem,NSW1
2017-10-19 20:50:00,149.5,wind,MW,nem,NSW1
2017-10-19 20:55:00,138.0,wind,MW,nem,NSW1
2017-10-19 21:00:00,126.4,wind,MW,nem,NSW1
2017-10-19 21:05:00,116.5,wind,MW,nem,NSW1
2017-10-19 21:10:00,112.3,wind,MW,nem,NSW1
2017-10-19 21:15:00,109.5,wind,MW,nem,NSW1
2017-10-19 21:20:00,118.4,wind,MW,nem,NSW1
2017-10-19 21:25:00,113.8,wind,MW,nem,NSW1
2017-10-19 21:30:00,129.5,wind,MW,nem,NSW1
2017-10-19 21:35:00,118.3,wind,MW,nem,NSW1
2017-10-19 21:40:00,110.7,wind,MW,nem,NSW1
2017-10-19 21:45:00,111.4,wind,MW,nem,NSW1
2017-10-19 21:50:00,101.5,wind,MW,nem,NSW1
2017-10-19 21:55:00,89.92,wind,MW,nem,NSW1
2017-10-19 22:00:00,95.48,wind,MW,nem,NSW1
2017-10-19 22:05:00,93.77,wind,MW,nem,NSW1
2017-10-19 22:10:00,88.69,wind,MW,nem,NSW1
2017-10-19 22:15:00,82.4,wind,MW,nem,NSW1
2017-10-19 22:20:00,88.12,wind,MW,nem,NSW1
2017-10-19 22:25:00,99.88,wind,MW,nem,NSW1
2017-10-19 22:30:00,105.1,wind,MW,nem,NSW1
2017-10-19 22:35:00,106.5,wind,MW,nem,NSW1
2017-10-19 22:40:00,101.1,wind,MW,nem,NSW1
2017-10-19 22:45:00,105.1,wind,MW,nem,NSW1
2017-10-19 22:50:00,112.4,wind,MW,nem,NSW1
2017-10-19 22:55:00,106.8,wind,MW,nem,NSW1
2017-10-19 23:00:00,104.5,wind,MW,nem,NSW1
2017-10-19 23:05:00,91.7,wind,MW,nem,NSW1
2017-10-19 23:10:00,116.3,wind,MW,nem,NSW1
2017-10-19 23:15:00,116.9,wind,MW,nem,NSW1
2017-10-19 23:20:00,125.9,wind,MW,nem,NSW1
2017-10-19 23:25:00,120.1,wind,MW,nem,NSW1
2017-10-19 23:30:00,131.9,wind,MW,nem,NSW1
2017-10-19 23:35:00,141.8,wind,MW,nem,NSW1
2017-10-19 23:40:00,139.2,wind,MW,nem,NSW1
2017-10-19 23:45:00,137.2,wind,MW,nem,NSW1
2017-10-19 23:50:00,123.8,wind,MW,nem,NSW1
2017-10-19 23:55:00,120.5,wind,MW,nem,NSW1
2017-10-20 00:00:00,110.3,wind,MW,nem,NSW1
2017-10-20 00:05:00,102.7,wind,MW,nem,NSW1
2017-10-20 00:10:00,67.91,wind,MW,nem,NSW1
2017-10-20 00:15:00,64.14,wind,MW,nem,NSW1
2017-10-20 00:20:00,65.67,wind,MW,nem,NSW1
2017-10-20 00:25:00,62.55,wind,MW,nem,NSW1
2017-10-20 00:30:00,62.89,wind,MW,nem,NSW1
2017-10-20 00:35:00,55.69,wind,MW,nem,NSW1
2017-10-20 00:40:00,54.7,wind,MW,nem,NSW1
2017-10-20 00:45:00,51.81,wind,MW,nem,NSW1
2017-10-20 00:50:00,45.63,wind,MW,nem,NSW1
2017-10-20 00:55:00,50.11,wind,MW,nem,NSW1
2017-10-20 01:00:00,74.5,wind,MW,nem,NSW1
2017-10-20 01:05:00,73.15,wind,MW,nem,NSW1
2017-10-20 01:10:00,69.67,wind,MW,nem,NSW1
2017-10-20 01:15:00,71.2,wind,MW,nem,NSW1
2017-10-20 01:20:00,75.9,wind,MW,nem,NSW1
2017-10-20 01:25:00,69.67,wind,MW,nem,NSW1
2017-10-20 01:30:00,58.84,wind,MW,nem,NSW1
2017-10-20 01:35:00,51.72,wind,MW,nem,NSW1
2017-10-20 01:40:00,47.78,wind,MW,nem,NSW1
2017-10-20 01:45:00,42.76,wind,MW,nem,NSW1
2017-10-20 01:50:00,40.03,wind,MW,nem,NSW1
2017-10-20 01:55:00,36.21,wind,MW,nem,NSW1
2017-10-20 02:00:00,33.6,wind,MW,nem,NSW1
2017-10-20 02:05:00,29.47,wind,MW,nem,NSW1
2017-10-20 02:10:00,25.28,wind,MW,nem,NSW1
2017-10-20 02:15:00,23.05,wind,MW,nem,NSW1
2017-10-20 02:20:00,17.44,wind,MW,nem,NSW1
2017-10-20 02:25:00,13.34,wind,MW,nem,NSW1
2017-10-20 02:30:00,11.81,wind,MW,nem,NSW1
2017-10-20 02:35:00,12.0,wind,MW,nem,NSW1
2017-10-20 02:40:00,17.45,wind,MW,nem,NSW1
2017-10-20 02:45:00,17.98,wind,MW,nem,NSW1
2017-10-20 02:50:00,14.98,wind,MW,nem,NSW1
2017-10-20 02:55:00,14.9,wind,MW,nem,NSW1
2017-10-20 03:00:00,14.44,wind,MW,nem,NSW1
2017-10-20 03:05:00,14.33,wind,MW,nem,NSW1
2017-10-20 03:10:00,14.08,wind,MW,nem,NSW1
2017-10-20 03:15:00,15.01,wind,MW,nem,NSW1
2017-10-20 03:20:00,13.57,wind,MW,nem,NSW1
2017-10-20 03:25:00,10.78,wind,MW,nem,NSW1
2017-10-20 03:30:00,9.495,wind,MW,nem,NSW1
2017-10-20 03:35:00,13.04,wind,MW,nem,NSW1
2017-10-20 03:40:00,16.25,wind,MW,nem,NSW1
2017-10-20 03:45:00,18.98,wind,MW,nem,NSW1
2017-10-20 03:50:00,19.18,wind,MW,nem,NSW1
2017-10-20 03:55:00,12.27,wind,MW,nem,NSW1
2017-10-20 04:00:00,6.543,wind,MW,nem,NSW1
2017-10-20 04:05:00,7.994,wind,MW,nem,NSW1
2017-10-20 04:10:00,12.13,wind,MW,nem,NSW1
2017-10-20 04:15:00,16.75,wind,MW,nem,NSW1
2017-10-20 04:20:00,20.58,wind,MW,nem,NSW1
2017-10-20 04:25:00,17.24,wind,MW,nem,NSW1
2017-10-20 04:30:00,14.14,wind,MW,nem,NSW1
2017-10-20 04:35:00,12.09,wind,MW,nem,NSW1
2017-10-20 04:40:00,12.9,wind,MW,nem,NSW1
2017-10-20 04:45:00,13.16,wind,MW,nem,NSW1
2017-10-20 04:50:00,12.76,wind,MW,nem,NSW1
2017-10-20 04:55:00,12.44,wind,MW,nem,NSW1
2017-10-20 05:00:00,13.03,wind,MW,nem,NSW1
2017-10-20 05:05:00,13.84,wind,MW,nem,NSW1
2017-10-20 05:10:00,18.0,wind,MW,nem,NSW1
2017-10-20 05:15:00,24.07,wind,MW,nem,NSW1
2017-10-20 05:20:00,25.87,wind,MW,nem,NSW1
2017-10-20 05:25:00,26.83,wind,MW,nem,NSW1
2017-10-20 05:30:00,22.85,wind,MW,nem,NSW1
2017-10-20 05:35:00,23.62,wind,MW,nem,NSW1
2017-10-20 05:40:00,24.85,wind,MW,nem,NSW1
2017-10-20 05:45:00,27.97,wind,MW,nem,NSW1
2017-10-20 05:50:00,29.78,wind,MW,nem,NSW1
2017-10-20 05:55:00,33.59,wind,MW,nem,NSW1
2017-10-20 06:00:00,39.1,wind,MW,nem,NSW1
2017-10-20 06:05:00,38.06,wind,MW,nem,NSW1
2017-10-20 06:10:00,35.53,wind,MW,nem,NSW1
2017-10-20 06:15:00,30.93,wind,MW,nem,NSW1
2017-10-20 06:20:00,27.35,wind,MW,nem,NSW1
2017-10-20 06:25:00,29.27,wind,MW,nem,NSW1
2017-10-20 06:30:00,33.36,wind,MW,nem,NSW1
2017-10-20 06:35:00,39.35,wind,MW,nem,NSW1
2017-10-20 06:40:00,42.49,wind,MW,nem,NSW1
2017-10-20 06:45:00,42.5,wind,MW,nem,NSW1
2017-10-20 06:50:00,41.36,wind,MW,nem,NSW1
2017-10-20 06:55:00,45.21,wind,MW,nem,NSW1
2017-10-20 07:00:00,46.04,wind,MW,nem,NSW1
2017-10-20 07:05:00,45.23,wind,MW,nem,NSW1
2017-10-20 07:10:00,46.04,wind,MW,nem,NSW1
2017-10-20 07:15:00,51.79,wind,MW,nem,NSW1
2017-10-20 07:20:00,48.34,wind,MW,nem,NSW1
2017-10-20 07:25:00,48.18,wind,MW,nem,NSW1
2017-10-20 07:30:00,47.98,wind,MW,nem,NSW1
2017-10-20 07:35:00,53.68,wind,MW,nem,NSW1
2017-10-20 07:40:00,54.89,wind,MW,nem,NSW1
2017-10-20 07:45:00,56.27,wind,MW,nem,NSW1
2017-10-20 07:50:00,57.09,wind,MW,nem,NSW1
2017-10-20 07:55:00,54.99,wind,MW,nem,NSW1
2017-10-20 08:00:00,56.5,wind,MW,nem,NSW1
2017-10-20 08:05:00,50.07,wind,MW,nem,NSW1
2017-10-20 08:10:00,49.08,wind,MW,nem,NSW1
2017-10-20 08:15:00,56.49,wind,MW,nem,NSW1
2017-10-20 08:20:00,62.33,wind,MW,nem,NSW1
2017-10-20 08:25:00,70.41,wind,MW,nem,NSW1
2017-10-20 08:30:00,71.62,wind,MW,nem,NSW1
2017-10-20 08:35:00,70.95,wind,MW,nem,NSW1
2017-10-20 08:40:00,62.95,wind,MW,nem,NSW1
2017-10-20 08:45:00,62.63,wind,MW,nem,NSW1
2017-10-20 08:50:00,61.63,wind,MW,nem,NSW1
2017-10-20 08:55:00,66.06,wind,MW,nem,NSW1
2017-10-20 09:00:00,65.35,wind,MW,nem,NSW1
2017-10-20 09:05:00,58.97,wind,MW,nem,NSW1
2017-10-20 09:10:00,60.52,wind,MW,nem,NSW1
2017-10-20 09:15:00,66.46,wind,MW,nem,NSW1
2017-10-20 09:20:00,69.79,wind,MW,nem,NSW1
2017-10-20 09:25:00,82.65,wind,MW,nem,NSW1
2017-10-20 09:30:00,86.13,wind,MW,nem,NSW1
2017-10-20 09:35:00,89.41,wind,MW,nem,NSW1
2017-10-20 09:40:00,93.34,wind,MW,nem,NSW1
2017-10-20 09:45:00,93.01,wind,MW,nem,NSW1
2017-10-20 09:50:00,89.86,wind,MW,nem,NSW1
2017-10-20 09:55:00,103.7,wind,MW,nem,NSW1
2017-10-20 10:00:00,108.1,wind,MW,nem,NSW1
2017-10-20 10:05:00,108.6,wind,MW,nem,NSW1
2017-10-20 10:10:00,113.4,wind,MW,nem,NSW1
2017-10-20 10:15:00,116.9,wind,MW,nem,NSW1
2017-10-20 10:20:00,120.8,wind,MW,nem,NSW1
2017-10-20 10:25:00,119.4,wind,MW,nem,NSW1
2017-10-20 10:30:00,121.9,wind,MW,nem,NSW1
2017-10-20 10:35:00,120.5,wind,MW,nem,NSW1
2017-10-20 10:40:00,124.4,wind,MW,nem,NSW1
2017-10-20 10:45:00,132.8,wind,MW,nem,NSW1
2017-10-20 10:50:00,139.8,wind,MW,nem,NSW1
2017-10-20 10:55:00,143.4,wind,MW,nem,NSW1
2017-10-20 11:00:00,164.8,wind,MW,nem,NSW1
2017-10-20 11:05:00,180.9,wind,MW,nem,NSW1
2017-10-20 11:10:00,186.9,wind,MW,nem,NSW1
2017-10-20 11:15:00,190.7,wind,MW,nem,NSW1
2017-10-20 11:20:00,185.9,wind,MW,nem,NSW1
2017-10-20 11:25:00,182.8,wind,MW,nem,NSW1
2017-10-20 11:30:00,184.0,wind,MW,nem,NSW1
2017-10-20 11:35:00,179.7,wind,MW,nem,NSW1
2017-10-20 11:40:00,187.7,wind,MW,nem,NSW1
2017-10-20 11:45:00,196.1,wind,MW,nem,NSW1
2017-10-20 11:50:00,187.2,wind,MW,nem,NSW1
2017-10-20 11:55:00,190.7,wind,MW,nem,NSW1
2017-10-20 12:00:00,201.4,wind,MW,nem,NSW1
2017-10-20 12:05:00,203.5,wind,MW,nem,NSW1
2017-10-20 12:10:00,198.6,wind,MW,nem,NSW1
2017-10-20 12:15:00,224.0,wind,MW,nem,NSW1
2017-10-20 12:20:00,230.8,wind,MW,nem,NSW1
2017-10-20 12:25:00,230.8,wind,MW,nem,NSW1
2017-10-20 12:30:00,230.7,wind,MW,nem,NSW1
2017-10-20 12:35:00,233.6,wind,MW,nem,NSW1
2017-10-20 12:40:00,230.4,wind,MW,nem,NSW1
2017-10-20 12:45:00,239.2,wind,MW,nem,NSW1
2017-10-20 12:50:00,233.1,wind,MW,nem,NSW1
2017-10-20 12:55:00,236.5,wind,MW,nem,NSW1
2017-10-20 13:00:00,245.5,wind,MW,nem,NSW1
2017-10-20 13:05:00,246.0,wind,MW,nem,NSW1
2017-10-20 13:10:00,250.1,wind,MW,nem,NSW1
2017-10-20 13:15:00,261.1,wind,MW,nem,NSW1
2017-10-20 13:20:00,255.7,wind,MW,nem,NSW1
2017-10-20 13:25:00,261.8,wind,MW,nem,NSW1
2017-10-20 13:30:00,259.4,wind,MW,nem,NSW1
2017-10-20 13:35:00,253.1,wind,MW,nem,NSW1
2017-10-20 13:40:00,262.6,wind,MW,nem,NSW1
2017-10-20 13:45:00,277.5,wind,MW,nem,NSW1
2017-10-20 13:50:00,283.3,wind,MW,nem,NSW1
2017-10-20 13:55:00,282.7,wind,MW,nem,NSW1
2017-10-20 14:00:00,294.4,wind,MW,nem,NSW1
2017-10-20 14:05:00,311.0,wind,MW,nem,NSW1
2017-10-20 14:10:00,306.2,wind,MW,nem,NSW1
2017-10-20 14:15:00,310.4,wind,MW,nem,NSW1
2017-10-20 14:20:00,305.3,wind,MW,nem,NSW1
2017-10-20 14:25:00,304.8,wind,MW,nem,NSW1
2017-10-20 14:30:00,310.7,wind,MW,nem,NSW1
2017-10-20 14:35:00,307.2,wind,MW,nem,NSW1
2017-10-20 14:40:00,310.6,wind,MW,nem,NSW1
2017-10-20 14:45:00,318.3,wind,MW,nem,NSW1
2017-10-20 14:50:00,310.9,wind,MW,nem,NSW1
2017-10-20 14:55:00,315.6,wind,MW,nem,NSW1
2017-10-20 15:00:00,321.8,wind,MW,nem,NSW1
2017-10-20 15:05:00,321.8,wind,MW,nem,NSW1
2017-10-20 15:10:00,324.3,wind,MW,nem,NSW1
2017-10-20 15:15:00,324.0,wind,MW,nem,NSW1
2017-10-20 15:20:00,323.8,wind,MW,nem,NSW1
2017-10-20 15:25:00,327.9,wind,MW,nem,NSW1
2017-10-20 15:30:00,328.6,wind,MW,nem,NSW1
2017-10-20 15:35:00,342.5,wind,MW,nem,NSW1
2017-10-20 15:40:00,326.2,wind,MW,nem,NSW1
2017-10-20 15:45:00,332.1,wind,MW,nem,NSW1
2017-10-20 15:50:00,333.3,wind,MW,nem,NSW1
2017-10-20 15:55:00,330.8,wind,MW,nem,NSW1
2017-10-20 16:00:00,327.7,wind,MW,nem,NSW1
2017-10-20 16:05:00,331.4,wind,MW,nem,NSW1
2017-10-20 16:10:00,341.3,wind,MW,nem,NSW1
2017-10-20 16:15:00,336.1,wind,MW,nem,NSW1
2017-10-20 16:20:00,314.1,wind,MW,nem,NSW1
2017-10-20 16:25:00,305.3,wind,MW,nem,NSW1
2017-10-20 16:30:00,300.6,wind,MW,nem,NSW1
2017-10-20 16:35:00,299.9,wind,MW,nem,NSW1
2017-10-20 16:40:00,295.3,wind,MW,nem,NSW1
2017-10-20 16:45:00,283.2,wind,MW,nem,NSW1
2017-10-20 16:50:00,281.6,wind,MW,nem,NSW1
2017-10-20 16:55:00,271.0,wind,MW,nem,NSW1
2017-10-20 17:00:00,269.0,wind,MW,nem,NSW1
2017-10-20 17:05:00,262.0,wind,MW,nem,NSW1
2017-10-20 17:10:00,273.5,wind,MW,nem,NSW1
2017-10-20 17:15:00,273.6,wind,MW,nem,NSW1
2017-10-20 17:20:00,265.2,wind,MW,nem,NSW1
2017-10-20 17:25:00,271.1,wind,MW,nem,NSW1
2017-10-20 17:30:00,272.6,wind,MW,nem,NSW1
2017-10-20 17:35:00,269.7,wind,MW,nem,NSW1
2017-10-20 17:40:00,283.3,wind,MW,nem,NSW1
2017-10-20 17:45:00,286.4,wind,MW,nem,NSW1
2017-10-20 17:50:00,285.4,wind,MW,nem,NSW1
2017-10-20 17:55:00,278.1,wind,MW,nem,NSW1
2017-10-20 18:00:00,271.4,wind,MW,nem,NSW1
2017-10-20 18:05:00,268.2,wind,MW,nem,NSW1
2017-10-20 18:10:00,273.0,wind,MW,nem,NSW1
2017-10-20 18:15:00,253.8,wind,MW,nem,NSW1
2017-10-20 18:20:00,242.6,wind,MW,nem,NSW1
2017-10-20 18:25:00,241.4,wind,MW,nem,NSW1
2017-10-20 18:30:00,246.7,wind,MW,nem,NSW1
2017-10-20 18:35:00,262.3,wind,MW,nem,NSW1
2017-10-20 18:40:00,274.4,wind,MW,nem,NSW1
2017-10-20 18:45:00,260.7,wind,MW,nem,NSW1
2017-10-20 18:50:00,252.5,wind,MW,nem,NSW1
2017-10-20 18:55:00,241.8,wind,MW,nem,NSW1
2017-10-20 19:00:00,226.6,wind,MW,nem,NSW1
2017-10-20 19:05:00,229.2,wind,MW,nem,NSW1
2017-10-20 19:10:00,229.8,wind,MW,nem,NSW1
2017-10-20 19:15:00,230.9,wind,MW,nem,NSW1
2017-10-20 19:20:00,237.6,wind,MW,nem,NSW1
2017-10-20 19:25:00,246.4,wind,MW,nem,NSW1
2017-10-20 19:30:00,259.1,wind,MW,nem,NSW1
2017-10-20 19:35:00,258.9,wind,MW,nem,NSW1
2017-10-20 19:40:00,253.4,wind,MW,nem,NSW1
2017-10-20 19:45:00,249.9,wind,MW,nem,NSW1
2017-10-20 19:50:00,261.8,wind,MW,nem,NSW1
2017-10-20 19:55:00,263.7,wind,MW,nem,NSW1
2017-10-20 20:00:00,270.0,wind,MW,nem,NSW1
2017-10-20 20:05:00,285.4,wind,MW,nem,NSW1
2017-10-20 20:10:00,290.3,wind,MW,nem,NSW1
2017-10-20 20:15:00,290.3,wind,MW,nem,NSW1
2017-10-20 20:20:00,281.0,wind,MW,nem,NSW1
2017-10-20 20:25:00,272.3,wind,MW,nem,NSW1
2017-10-20 20:30:00,262.9,wind,MW,nem,NSW1
2017-10-20 20:35:00,257.0,wind,MW,nem,NSW1
2017-10-20 20:40:00,242.4,wind,MW,nem,NSW1
2017-10-20 20:45:00,235.2,wind,MW,nem,NSW1
2017-10-20 20:50:00,228.7,wind,MW,nem,NSW1
2017-10-20 20:55:00,237.2,wind,MW,nem,NSW1
2017-10-20 21:00:00,247.9,wind,MW,nem,NSW1
2017-10-20 21:05:00,254.8,wind,MW,nem,NSW1
2017-10-20 21:10:00,255.3,wind,MW,nem,NSW1
2017-10-20 21:15:00,257.4,wind,MW,nem,NSW1
2017-10-20 21:20:00,248.5,wind,MW,nem,NSW1
2017-10-20 21:25:00,239.9,wind,MW,nem,NSW1
2017-10-20 21:30:00,228.8,wind,MW,nem,NSW1
2017-10-20 21:35:00,227.3,wind,MW,nem,NSW1
2017-10-20 21:40:00,218.4,wind,MW,nem,NSW1
2017-10-20 21:45:00,232.6,wind,MW,nem,NSW1
2017-10-20 21:50:00,253.0,wind,MW,nem,NSW1
2017-10-20 21:55:00,259.5,wind,MW,nem,NSW1
2017-10-20 22:00:00,260.3,wind,MW,nem,NSW1
2017-10-20 22:05:00,264.7,wind,MW,nem,NSW1
2017-10-20 22:10:00,257.9,wind,MW,nem,NSW1
2017-10-20 22:15:00,253.0,wind,MW,nem,NSW1
2017-10-20 22:20:00,246.8,wind,MW,nem,NSW1
2017-10-20 22:25:00,247.2,wind,MW,nem,NSW1
2017-10-20 22:30:00,264.6,wind,MW,nem,NSW1
2017-10-20 22:35:00,291.3,wind,MW,nem,NSW1
2017-10-20 22:40:00,269.4,wind,MW,nem,NSW1
2017-10-20 22:45:00,252.8,wind,MW,nem,NSW1
2017-10-20 22:50:00,235.9,wind,MW,nem,NSW1
2017-10-20 22:55:00,233.1,wind,MW,nem,NSW1
2017-10-20 23:00:00,245.3,wind,MW,nem,NSW1
2017-10-20 23:05:00,240.5,wind,MW,nem,NSW1
2017-10-20 23:10:00,245.8,wind,MW,nem,NSW1
2017-10-20 23:15:00,259.5,wind,MW,nem,NSW1
2017-10-20 23:20:00,254.6,wind,MW,nem,NSW1
2017-10-20 23:25:00,219.9,wind,MW,nem,NSW1
2017-10-20 23:30:00,193.7,wind,MW,nem,NSW1
2017-10-20 23:35:00,179.7,wind,MW,nem,NSW1
2017-10-20 23:40:00,161.4,wind,MW,nem,NSW1
2017-10-20 23:45:00,155.5,wind,MW,nem,NSW1
2017-10-20 23:50:00,149.5,wind,MW,nem,NSW1
2017-10-20 23:55:00,147.2,wind,MW,nem,NSW1
2017-10-21 00:00:00,143.5,wind,MW,nem,NSW1
2017-10-21 00:05:00,142.3,wind,MW,nem,NSW1
2017-10-21 00:10:00,147.4,wind,MW,nem,NSW1
2017-10-21 00:15:00,143.5,wind,MW,nem,NSW1
2017-10-21 00:20:00,132.2,wind,MW,nem,NSW1
2017-10-21 00:25:00,119.1,wind,MW,nem,NSW1
2017-10-21 00:30:00,114.2,wind,MW,nem,NSW1
2017-10-21 00:35:00,115.4,wind,MW,nem,NSW1
2017-10-21 00:40:00,112.7,wind,MW,nem,NSW1
2017-10-21 00:45:00,114.8,wind,MW,nem,NSW1
2017-10-21 00:50:00,116.7,wind,MW,nem,NSW1
2017-10-21 00:55:00,115.6,wind,MW,nem,NSW1
2017-10-21 01:00:00,109.5,wind,MW,nem,NSW1
2017-10-21 01:05:00,109.2,wind,MW,nem,NSW1
2017-10-21 01:10:00,103.1,wind,MW,nem,NSW1
2017-10-21 01:15:00,101.0,wind,MW,nem,NSW1
2017-10-21 01:20:00,106.2,wind,MW,nem,NSW1
2017-10-21 01:25:00,109.1,wind,MW,nem,NSW1
2017-10-21 01:30:00,113.8,wind,MW,nem,NSW1
2017-10-21 01:35:00,110.7,wind,MW,nem,NSW1
2017-10-21 01:40:00,110.7,wind,MW,nem,NSW1
2017-10-21 01:45:00,104.9,wind,MW,nem,NSW1
2017-10-21 01:50:00,113.2,wind,MW,nem,NSW1
2017-10-21 01:55:00,118.1,wind,MW,nem,NSW1
2017-10-21 02:00:00,119.1,wind,MW,nem,NSW1
2017-10-21 02:05:00,113.6,wind,MW,nem,NSW1
2017-10-21 02:10:00,110.9,wind,MW,nem,NSW1
2017-10-21 02:15:00,109.4,wind,MW,nem,NSW1
2017-10-21 02:20:00,110.8,wind,MW,nem,NSW1
2017-10-21 02:25:00,117.8,wind,MW,nem,NSW1
2017-10-21 02:30:00,123.1,wind,MW,nem,NSW1
2017-10-21 02:35:00,116.4,wind,MW,nem,NSW1
2017-10-21 02:40:00,116.8,wind,MW,nem,NSW1
2017-10-21 02:45:00,123.5,wind,MW,nem,NSW1
2017-10-21 02:50:00,118.2,wind,MW,nem,NSW1
2017-10-21 02:55:00,120.8,wind,MW,nem,NSW1
2017-10-21 03:00:00,120.5,wind,MW,nem,NSW1
2017-10-21 03:05:00,118.6,wind,MW,nem,NSW1
2017-10-21 03:10:00,118.3,wind,MW,nem,NSW1
2017-10-21 03:15:00,121.7,wind,MW,nem,NSW1
2017-10-21 03:20:00,127.4,wind,MW,nem,NSW1
2017-10-21 03:25:00,129.9,wind,MW,nem,NSW1
2017-10-21 03:30:00,129.0,wind,MW,nem,NSW1
2017-10-21 03:35:00,126.8,wind,MW,nem,NSW1
2017-10-21 03:40:00,130.0,wind,MW,nem,NSW1
2017-10-21 03:45:00,134.7,wind,MW,nem,NSW1
2017-10-21 03:50:00,140.3,wind,MW,nem,NSW1
2017-10-21 03:55:00,143.8,wind,MW,nem,NSW1
2017-10-21 04:00:00,146.8,wind,MW,nem,NSW1
2017-10-21 04:05:00,144.6,wind,MW,nem,NSW1
2017-10-21 04:10:00,149.8,wind,MW,nem,NSW1
2017-10-21 04:15:00,158.6,wind,MW,nem,NSW1
2017-10-21 04:20:00,162.7,wind,MW,nem,NSW1
2017-10-21 04:25:00,153.6,wind,MW,nem,NSW1
2017-10-21 04:30:00,152.8,wind,MW,nem,NSW1
2017-10-21 04:35:00,152.4,wind,MW,nem,NSW1
2017-10-21 04:40:00,154.0,wind,MW,nem,NSW1
2017-10-21 04:45:00,150.0,wind,MW,nem,NSW1
2017-10-21 04:50:00,149.6,wind,MW,nem,NSW1
2017-10-21 04:55:00,148.0,wind,MW,nem,NSW1
2017-10-21 05:00:00,157.7,wind,MW,nem,NSW1
2017-10-21 05:05:00,155.9,wind,MW,nem,NSW1
2017-10-21 05:10:00,150.3,wind,MW,nem,NSW1
2017-10-21 05:15:00,146.0,wind,MW,nem,NSW1
2017-10-21 05:20:00,140.3,wind,MW,nem,NSW1
2017-10-21 05:25:00,136.2,wind,MW,nem,NSW1
2017-10-21 05:30:00,136.5,wind,MW,nem,NSW1
2017-10-21 05:35:00,136.1,wind,MW,nem,NSW1
2017-10-21 05:40:00,140.7,wind,MW,nem,NSW1
2017-10-21 05:45:00,143.6,wind,MW,nem,NSW1
2017-10-21 05:50:00,139.5,wind,MW,nem,NSW1
2017-10-21 05:55:00,141.7,wind,MW,nem,NSW1
2017-10-21 06:00:00,146.5,wind,MW,nem,NSW1
2017-10-21 06:05:00,149.2,wind,MW,nem,NSW1
2017-10-21 06:10:00,146.2,wind,MW,nem,NSW1
2017-10-21 06:15:00,146.5,wind,MW,nem,NSW1
2017-10-21 06:20:00,143.4,wind,MW,nem,NSW1
2017-10-21 06:25:00,142.5,wind,MW,nem,NSW1
2017-10-21 06:30:00,134.2,wind,MW,nem,NSW1
2017-10-21 06:35:00,136.4,wind,MW,nem,NSW1
2017-10-21 06:40:00,139.5,wind,MW,nem,NSW1
2017-10-21 06:45:00,127.6,wind,MW,nem,NSW1
2017-10-21 06:50:00,138.8,wind,MW,nem,NSW1
2017-10-21 06:55:00,143.8,wind,MW,nem,NSW1
2017-10-21 07:00:00,141.0,wind,MW,nem,NSW1
2017-10-21 07:05:00,142.4,wind,MW,nem,NSW1
2017-10-21 07:10:00,153.0,wind,MW,nem,NSW1
2017-10-21 07:15:00,146.8,wind,MW,nem,NSW1
2017-10-21 07:20:00,149.4,wind,MW,nem,NSW1
2017-10-21 07:25:00,143.5,wind,MW,nem,NSW1
2017-10-21 07:30:00,143.8,wind,MW,nem,NSW1
2017-10-21 07:35:00,143.7,wind,MW,nem,NSW1
2017-10-21 07:40:00,134.1,wind,MW,nem,NSW1
2017-10-21 07:45:00,134.6,wind,MW,nem,NSW1
2017-10-21 07:50:00,122.2,wind,MW,nem,NSW1
2017-10-21 07:55:00,125.3,wind,MW,nem,NSW1
2017-10-21 08:00:00,115.6,wind,MW,nem,NSW1
2017-10-21 08:05:00,120.7,wind,MW,nem,NSW1
2017-10-21 08:10:00,120.0,wind,MW,nem,NSW1
2017-10-21 08:15:00,120.4,wind,MW,nem,NSW1
2017-10-21 08:20:00,117.3,wind,MW,nem,NSW1
2017-10-21 08:25:00,117.9,wind,MW,nem,NSW1
2017-10-21 08:30:00,112.7,wind,MW,nem,NSW1
2017-10-21 08:35:00,113.2,wind,MW,nem,NSW1
2017-10-21 08:40:00,107.3,wind,MW,nem,NSW1
2017-10-21 08:45:00,107.4,wind,MW,nem,NSW1
2017-10-21 08:50:00,106.1,wind,MW,nem,NSW1
2017-10-21 08:55:00,105.7,wind,MW,nem,NSW1
2017-10-21 09:00:00,103.5,wind,MW,nem,NSW1
2017-10-21 09:05:00,100.4,wind,MW,nem,NSW1
2017-10-21 09:10:00,101.8,wind,MW,nem,NSW1
2017-10-21 09:15:00,99.22,wind,MW,nem,NSW1
2017-10-21 09:20:00,100.1,wind,MW,nem,NSW1
2017-10-21 09:25:00,91.79,wind,MW,nem,NSW1
2017-10-21 09:30:00,93.89,wind,MW,nem,NSW1
2017-10-21 09:35:00,91.45,wind,MW,nem,NSW1
2017-10-21 09:40:00,93.87,wind,MW,nem,NSW1
2017-10-21 09:45:00,79.53,wind,MW,nem,NSW1
2017-10-21 09:50:00,73.09,wind,MW,nem,NSW1
2017-10-21 09:55:00,62.77,wind,MW,nem,NSW1
2017-10-21 10:00:00,60.15,wind,MW,nem,NSW1
2017-10-21 10:05:00,61.17,wind,MW,nem,NSW1
2017-10-21 10:10:00,55.77,wind,MW,nem,NSW1
2017-10-21 10:15:00,50.98,wind,MW,nem,NSW1
2017-10-21 10:20:00,53.56,wind,MW,nem,NSW1
2017-10-21 10:25:00,52.03,wind,MW,nem,NSW1
2017-10-21 10:30:00,43.69,wind,MW,nem,NSW1
2017-10-21 10:35:00,34.72,wind,MW,nem,NSW1
2017-10-21 10:40:00,21.55,wind,MW,nem,NSW1
2017-10-21 10:45:00,18.43,wind,MW,nem,NSW1
2017-10-21 10:50:00,16.05,wind,MW,nem,NSW1
2017-10-21 10:55:00,17.42,wind,MW,nem,NSW1
2017-10-21 11:00:00,17.48,wind,MW,nem,NSW1
2017-10-21 11:05:00,13.46,wind,MW,nem,NSW1
2017-10-21 11:10:00,19.62,wind,MW,nem,NSW1
2017-10-21 11:15:00,16.54,wind,MW,nem,NSW1
2017-10-21 11:20:00,6.706,wind,MW,nem,NSW1
2017-10-21 11:25:00,10.61,wind,MW,nem,NSW1
2017-10-21 11:30:00,14.55,wind,MW,nem,NSW1
2017-10-21 11:35:00,16.37,wind,MW,nem,NSW1
2017-10-21 11:40:00,12.72,wind,MW,nem,NSW1
2017-10-21 11:45:00,21.86,wind,MW,nem,NSW1
2017-10-21 11:50:00,21.29,wind,MW,nem,NSW1
2017-10-21 11:55:00,15.6,wind,MW,nem,NSW1
2017-10-21 12:00:00,11.41,wind,MW,nem,NSW1
2017-10-21 12:05:00,5.686,wind,MW,nem,NSW1
2017-10-21 12:10:00,7.178,wind,MW,nem,NSW1
2017-10-21 12:15:00,6.071,wind,MW,nem,NSW1
2017-10-21 12:20:00,10.27,wind,MW,nem,NSW1
2017-10-21 12:25:00,20.14,wind,MW,nem,NSW1
2017-10-21 12:30:00,15.88,wind,MW,nem,NSW1
2017-10-21 12:35:00,13.96,wind,MW,nem,NSW1
2017-10-21 12:40:00,11.52,wind,MW,nem,NSW1
2017-10-21 12:45:00,13.96,wind,MW,nem,NSW1
2017-10-21 12:50:00,15.22,wind,MW,nem,NSW1
2017-10-21 12:55:00,10.58,wind,MW,nem,NSW1
2017-10-21 13:00:00,7.486,wind,MW,nem,NSW1
2017-10-21 13:05:00,9.55,wind,MW,nem,NSW1
2017-10-21 13:10:00,8.07,wind,MW,nem,NSW1
2017-10-21 13:15:00,7.64,wind,MW,nem,NSW1
2017-10-21 13:20:00,11.65,wind,MW,nem,NSW1
2017-10-21 13:25:00,14.09,wind,MW,nem,NSW1
2017-10-21 13:30:00,21.8,wind,MW,nem,NSW1
2017-10-21 13:35:00,24.59,wind,MW,nem,NSW1
2017-10-21 13:40:00,21.57,wind,MW,nem,NSW1
2017-10-21 13:45:00,21.79,wind,MW,nem,NSW1
2017-10-21 13:50:00,19.45,wind,MW,nem,NSW1
2017-10-21 13:55:00,18.57,wind,MW,nem,NSW1
2017-10-21 14:00:00,16.66,wind,MW,nem,NSW1
2017-10-21 14:05:00,17.34,wind,MW,nem,NSW1
2017-10-21 14:10:00,15.2,wind,MW,nem,NSW1
2017-10-21 14:15:00,12.44,wind,MW,nem,NSW1
2017-10-21 14:20:00,10.57,wind,MW,nem,NSW1
2017-10-21 14:25:00,8.718,wind,MW,nem,NSW1
2017-10-21 14:30:00,7.273,wind,MW,nem,NSW1
2017-10-21 14:35:00,9.834,wind,MW,nem,NSW1
2017-10-21 14:40:00,9.475,wind,MW,nem,NSW1
2017-10-21 14:45:00,8.918,wind,MW,nem,NSW1
2017-10-21 14:50:00,11.82,wind,MW,nem,NSW1
2017-10-21 14:55:00,13.84,wind,MW,nem,NSW1
2017-10-21 15:00:00,15.82,wind,MW,nem,NSW1
2017-10-21 15:05:00,14.67,wind,MW,nem,NSW1
2017-10-21 15:10:00,18.02,wind,MW,nem,NSW1
2017-10-21 15:15:00,24.17,wind,MW,nem,NSW1
2017-10-21 15:20:00,20.37,wind,MW,nem,NSW1
2017-10-21 15:25:00,21.72,wind,MW,nem,NSW1
2017-10-21 15:30:00,21.12,wind,MW,nem,NSW1
2017-10-21 15:35:00,24.31,wind,MW,nem,NSW1
2017-10-21 15:40:00,23.49,wind,MW,nem,NSW1
2017-10-21 15:45:00,22.16,wind,MW,nem,NSW1
2017-10-21 15:50:00,27.83,wind,MW,nem,NSW1
2017-10-21 15:55:00,23.16,wind,MW,nem,NSW1
2017-10-21 16:00:00,20.29,wind,MW,nem,NSW1
2017-10-21 16:05:00,20.56,wind,MW,nem,NSW1
2017-10-21 16:10:00,16.76,wind,MW,nem,NSW1
2017-10-21 16:15:00,16.02,wind,MW,nem,NSW1
2017-10-21 16:20:00,16.16,wind,MW,nem,NSW1
2017-10-21 16:25:00,13.59,wind,MW,nem,NSW1
2017-10-21 16:30:00,9.741,wind,MW,nem,NSW1
2017-10-21 16:35:00,11.2,wind,MW,nem,NSW1
2017-10-21 16:40:00,11.91,wind,MW,nem,NSW1
2017-10-21 16:45:00,17.04,wind,MW,nem,NSW1
2017-10-21 16:50:00,19.58,wind,MW,nem,NSW1
2017-10-21 16:55:00,18.18,wind,MW,nem,NSW1
2017-10-21 17:00:00,19.58,wind,MW,nem,NSW1
2017-10-21 17:05:00,25.81,wind,MW,nem,NSW1
2017-10-21 17:10:00,30.44,wind,MW,nem,NSW1
2017-10-21 17:15:00,33.96,wind,MW,nem,NSW1
2017-10-21 17:20:00,39.91,wind,MW,nem,NSW1
2017-10-21 17:25:00,48.14,wind,MW,nem,NSW1
2017-10-21 17:30:00,57.74,wind,MW,nem,NSW1
2017-10-21 17:35:00,71.0,wind,MW,nem,NSW1
2017-10-21 17:40:00,75.92,wind,MW,nem,NSW1
2017-10-21 17:45:00,74.87,wind,MW,nem,NSW1
2017-10-21 17:50:00,82.52,wind,MW,nem,NSW1
2017-10-21 17:55:00,92.7,wind,MW,nem,NSW1
2017-10-21 18:00:00,77.19,wind,MW,nem,NSW1
2017-10-21 18:05:00,75.22,wind,MW,nem,NSW1
2017-10-21 18:10:00,74.82,wind,MW,nem,NSW1
2017-10-21 18:15:00,68.37,wind,MW,nem,NSW1
2017-10-21 18:20:00,68.29,wind,MW,nem,NSW1
2017-10-21 18:25:00,70.71,wind,MW,nem,NSW1
2017-10-21 18:30:00,74.75,wind,MW,nem,NSW1
2017-10-21 18:35:00,80.65,wind,MW,nem,NSW1
2017-10-21 18:40:00,79.41,wind,MW,nem,NSW1
2017-10-21 18:45:00,77.6,wind,MW,nem,NSW1
2017-10-21 18:50:00,77.65,wind,MW,nem,NSW1
2017-10-21 18:55:00,99.22,wind,MW,nem,NSW1
2017-10-21 19:00:00,112.3,wind,MW,nem,NSW1
2017-10-21 19:05:00,123.5,wind,MW,nem,NSW1
2017-10-21 19:10:00,145.6,wind,MW,nem,NSW1
2017-10-21 19:15:00,144.2,wind,MW,nem,NSW1
2017-10-21 19:20:00,148.4,wind,MW,nem,NSW1
2017-10-21 19:25:00,176.6,wind,MW,nem,NSW1
2017-10-21 19:30:00,169.6,wind,MW,nem,NSW1
2017-10-21 19:35:00,189.5,wind,MW,nem,NSW1
2017-10-21 19:40:00,186.3,wind,MW,nem,NSW1
2017-10-21 19:45:00,182.8,wind,MW,nem,NSW1
2017-10-21 19:50:00,184.2,wind,MW,nem,NSW1
2017-10-21 19:55:00,183.5,wind,MW,nem,NSW1
2017-10-21 20:00:00,188.9,wind,MW,nem,NSW1
2017-10-21 20:05:00,186.5,wind,MW,nem,NSW1
2017-10-21 20:10:00,194.9,wind,MW,nem,NSW1
2017-10-21 20:15:00,201.1,wind,MW,nem,NSW1
2017-10-21 20:20:00,205.2,wind,MW,nem,NSW1
2017-10-21 20:25:00,204.0,wind,MW,nem,NSW1
2017-10-21 20:30:00,192.8,wind,MW,nem,NSW1
2017-10-21 20:35:00,189.8,wind,MW,nem,NSW1
2017-10-21 20:40:00,189.3,wind,MW,nem,NSW1
2017-10-21 20:45:00,196.5,wind,MW,nem,NSW1
2017-10-21 20:50:00,194.5,wind,MW,nem,NSW1
2017-10-21 20:55:00,187.2,wind,MW,nem,NSW1
2017-10-21 21:00:00,185.9,wind,MW,nem,NSW1
2017-10-21 21:05:00,184.9,wind,MW,nem,NSW1
2017-10-21 21:10:00,184.0,wind,MW,nem,NSW1
2017-10-21 21:15:00,173.5,wind,MW,nem,NSW1
2017-10-21 21:20:00,179.2,wind,MW,nem,NSW1
2017-10-21 21:25:00,171.6,wind,MW,nem,NSW1
2017-10-21 21:30:00,171.0,wind,MW,nem,NSW1
2017-10-21 21:35:00,172.4,wind,MW,nem,NSW1
2017-10-21 21:40:00,169.9,wind,MW,nem,NSW1
2017-10-21 21:45:00,164.9,wind,MW,nem,NSW1
2017-10-21 21:50:00,160.8,wind,MW,nem,NSW1
2017-10-21 21:55:00,154.9,wind,MW,nem,NSW1
2017-10-21 22:00:00,144.9,wind,MW,nem,NSW1
2017-10-21 22:05:00,146.4,wind,MW,nem,NSW1
2017-10-21 22:10:00,141.6,wind,MW,nem,NSW1
2017-10-21 22:15:00,138.3,wind,MW,nem,NSW1
2017-10-21 22:20:00,134.9,wind,MW,nem,NSW1
2017-10-21 22:25:00,130.2,wind,MW,nem,NSW1
2017-10-21 22:30:00,127.5,wind,MW,nem,NSW1
2017-10-21 22:35:00,120.1,wind,MW,nem,NSW1
2017-10-21 22:40:00,117.4,wind,MW,nem,NSW1
2017-10-21 22:45:00,112.4,wind,MW,nem,NSW1
2017-10-21 22:50:00,110.5,wind,MW,nem,NSW1
2017-10-21 22:55:00,108.8,wind,MW,nem,NSW1
2017-10-21 23:00:00,110.2,wind,MW,nem,NSW1
2017-10-21 23:05:00,103.3,wind,MW,nem,NSW1
2017-10-21 23:10:00,101.7,wind,MW,nem,NSW1
2017-10-21 23:15:00,105.5,wind,MW,nem,NSW1
2017-10-21 23:20:00,103.3,wind,MW,nem,NSW1
2017-10-21 23:25:00,94.13,wind,MW,nem,NSW1
2017-10-21 23:30:00,91.59,wind,MW,nem,NSW1
2017-10-21 23:35:00,90.54,wind,MW,nem,NSW1
2017-10-21 23:40:00,91.04,wind,MW,nem,NSW1
2017-10-21 23:45:00,85.74,wind,MW,nem,NSW1
2017-10-21 23:50:00,79.27,wind,MW,nem,NSW1
2017-10-21 23:55:00,73.99,wind,MW,nem,NSW1
2017-10-22 00:00:00,70.37,wind,MW,nem,NSW1
2017-10-22 00:05:00,62.44,wind,MW,nem,NSW1
2017-10-22 00:10:00,58.49,wind,MW,nem,NSW1
2017-10-22 00:15:00,50.04,wind,MW,nem,NSW1
2017-10-22 00:20:00,50.47,wind,MW,nem,NSW1
2017-10-22 00:25:00,51.83,wind,MW,nem,NSW1
2017-10-22 00:30:00,50.4,wind,MW,nem,NSW1
2017-10-22 00:35:00,52.59,wind,MW,nem,NSW1
2017-10-22 00:40:00,54.72,wind,MW,nem,NSW1
2017-10-22 00:45:00,53.87,wind,MW,nem,NSW1
2017-10-22 00:50:00,52.09,wind,MW,nem,NSW1
2017-10-22 00:55:00,50.81,wind,MW,nem,NSW1
2017-10-22 01:00:00,48.63,wind,MW,nem,NSW1
2017-10-22 01:05:00,50.16,wind,MW,nem,NSW1
2017-10-22 01:10:00,46.26,wind,MW,nem,NSW1
2017-10-22 01:15:00,46.8,wind,MW,nem,NSW1
2017-10-22 01:20:00,46.58,wind,MW,nem,NSW1
2017-10-22 01:25:00,47.6,wind,MW,nem,NSW1
2017-10-22 01:30:00,47.81,wind,MW,nem,NSW1
2017-10-22 01:35:00,47.69,wind,MW,nem,NSW1
2017-10-22 01:40:00,44.16,wind,MW,nem,NSW1
2017-10-22 01:45:00,39.67,wind,MW,nem,NSW1
2017-10-22 01:50:00,39.06,wind,MW,nem,NSW1
2017-10-22 01:55:00,43.45,wind,MW,nem,NSW1
2017-10-22 02:00:00,42.58,wind,MW,nem,NSW1
2017-10-22 02:05:00,44.81,wind,MW,nem,NSW1
2017-10-22 02:10:00,42.79,wind,MW,nem,NSW1
2017-10-22 02:15:00,40.21,wind,MW,nem,NSW1
2017-10-22 02:20:00,40.45,wind,MW,nem,NSW1
2017-10-22 02:25:00,41.01,wind,MW,nem,NSW1
2017-10-22 02:30:00,42.89,wind,MW,nem,NSW1
2017-10-22 02:35:00,48.07,wind,MW,nem,NSW1
2017-10-22 02:40:00,50.65,wind,MW,nem,NSW1
2017-10-22 02:45:00,51.68,wind,MW,nem,NSW1
2017-10-22 02:50:00,47.47,wind,MW,nem,NSW1
2017-10-22 02:55:00,46.73,wind,MW,nem,NSW1
2017-10-22 03:00:00,48.08,wind,MW,nem,NSW1
2017-10-22 03:05:00,50.36,wind,MW,nem,NSW1
2017-10-22 03:10:00,50.27,wind,MW,nem,NSW1
2017-10-22 03:15:00,50.77,wind,MW,nem,NSW1
2017-10-22 03:20:00,49.51,wind,MW,nem,NSW1
2017-10-22 03:25:00,50.94,wind,MW,nem,NSW1
2017-10-22 03:30:00,52.19,wind,MW,nem,NSW1
2017-10-22 03:35:00,52.7,wind,MW,nem,NSW1
2017-10-22 03:40:00,44.71,wind,MW,nem,NSW1
2017-10-22 03:45:00,50.39,wind,MW,nem,NSW1
2017-10-22 03:50:00,54.55,wind,MW,nem,NSW1
2017-10-22 03:55:00,57.15,wind,MW,nem,NSW1
2017-10-22 04:00:00,55.79,wind,MW,nem,NSW1
2017-10-22 04:05:00,58.33,wind,MW,nem,NSW1
2017-10-22 04:10:00,62.34,wind,MW,nem,NSW1
2017-10-22 04:15:00,62.21,wind,MW,nem,NSW1
2017-10-22 04:20:00,61.54,wind,MW,nem,NSW1
2017-10-22 04:25:00,62.69,wind,MW,nem,NSW1
2017-10-22 04:30:00,62.54,wind,MW,nem,NSW1
2017-10-22 04:35:00,65.26,wind,MW,nem,NSW1
2017-10-22 04:40:00,65.19,wind,MW,nem,NSW1
2017-10-22 04:45:00,65.7,wind,MW,nem,NSW1
2017-10-22 04:50:00,68.55,wind,MW,nem,NSW1
2017-10-22 04:55:00,73.18,wind,MW,nem,NSW1
2017-10-22 05:00:00,79.94,wind,MW,nem,NSW1
2017-10-22 05:05:00,86.93,wind,MW,nem,NSW1
2017-10-22 05:10:00,93.18,wind,MW,nem,NSW1
2017-10-22 05:15:00,90.41,wind,MW,nem,NSW1
2017-10-22 05:20:00,96.29,wind,MW,nem,NSW1
2017-10-22 05:25:00,97.82,wind,MW,nem,NSW1
2017-10-22 05:30:00,92.84,wind,MW,nem,NSW1
2017-10-22 05:35:00,84.1,wind,MW,nem,NSW1
2017-10-22 05:40:00,80.76,wind,MW,nem,NSW1
2017-10-22 05:45:00,82.39,wind,MW,nem,NSW1
2017-10-22 05:50:00,84.77,wind,MW,nem,NSW1
2017-10-22 05:55:00,76.77,wind,MW,nem,NSW1
2017-10-22 06:00:00,66.92,wind,MW,nem,NSW1
2017-10-22 06:05:00,64.5,wind,MW,nem,NSW1
2017-10-22 06:10:00,58.23,wind,MW,nem,NSW1
2017-10-22 06:15:00,46.16,wind,MW,nem,NSW1
2017-10-22 06:20:00,37.63,wind,MW,nem,NSW1
2017-10-22 06:25:00,28.9,wind,MW,nem,NSW1
2017-10-22 06:30:00,31.26,wind,MW,nem,NSW1
2017-10-22 06:35:00,29.3,wind,MW,nem,NSW1
2017-10-22 06:40:00,28.88,wind,MW,nem,NSW1
2017-10-22 06:45:00,30.42,wind,MW,nem,NSW1
2017-10-22 06:50:00,38.34,wind,MW,nem,NSW1
2017-10-22 06:55:00,38.34,wind,MW,nem,NSW1
2017-10-22 07:00:00,40.85,wind,MW,nem,NSW1
2017-10-22 07:05:00,42.57,wind,MW,nem,NSW1
2017-10-22 07:10:00,43.36,wind,MW,nem,NSW1
2017-10-22 07:15:00,40.27,wind,MW,nem,NSW1
2017-10-22 07:20:00,33.77,wind,MW,nem,NSW1
2017-10-22 07:25:00,36.74,wind,MW,nem,NSW1
2017-10-22 07:30:00,33.53,wind,MW,nem,NSW1
2017-10-22 07:35:00,30.74,wind,MW,nem,NSW1
2017-10-22 07:40:00,24.59,wind,MW,nem,NSW1
2017-10-22 07:45:00,18.46,wind,MW,nem,NSW1
2017-10-22 07:50:00,17.17,wind,MW,nem,NSW1
2017-10-22 07:55:00,14.17,wind,MW,nem,NSW1
2017-10-22 08:00:00,15.61,wind,MW,nem,NSW1
2017-10-22 08:05:00,16.87,wind,MW,nem,NSW1
2017-10-22 08:10:00,24.42,wind,MW,nem,NSW1
2017-10-22 08:15:00,25.1,wind,MW,nem,NSW1
2017-10-22 08:20:00,29.0,wind,MW,nem,NSW1
2017-10-22 08:25:00,27.97,wind,MW,nem,NSW1
2017-10-22 08:30:00,31.79,wind,MW,nem,NSW1
2017-10-22 08:35:00,29.28,wind,MW,nem,NSW1
2017-10-22 08:40:00,21.79,wind,MW,nem,NSW1
2017-10-22 08:45:00,26.49,wind,MW,nem,NSW1
2017-10-22 08:50:00,18.42,wind,MW,nem,NSW1
2017-10-22 08:55:00,17.97,wind,MW,nem,NSW1
2017-10-22 09:00:00,17.63,wind,MW,nem,NSW1
2017-10-22 09:05:00,17.82,wind,MW,nem,NSW1
2017-10-22 09:10:00,16.93,wind,MW,nem,NSW1
2017-10-22 09:15:00,13.71,wind,MW,nem,NSW1
2017-10-22 09:20:00,11.88,wind,MW,nem,NSW1
2017-10-22 09:25:00,9.64,wind,MW,nem,NSW1
2017-10-22 09:30:00,11.5,wind,MW,nem,NSW1
2017-10-22 09:35:00,8.46,wind,MW,nem,NSW1
2017-10-22 09:40:00,10.25,wind,MW,nem,NSW1
2017-10-22 09:45:00,7.871,wind,MW,nem,NSW1
2017-10-22 09:50:00,6.308,wind,MW,nem,NSW1
2017-10-22 09:55:00,10.1,wind,MW,nem,NSW1
2017-10-22 10:00:00,17.7,wind,MW,nem,NSW1
2017-10-22 10:05:00,18.68,wind,MW,nem,NSW1
2017-10-22 10:10:00,15.91,wind,MW,nem,NSW1
2017-10-22 10:15:00,16.62,wind,MW,nem,NSW1
2017-10-22 10:20:00,13.21,wind,MW,nem,NSW1
2017-10-22 10:25:00,16.7,wind,MW,nem,NSW1
2017-10-22 10:30:00,26.34,wind,MW,nem,NSW1
2017-10-22 10:35:00,32.44,wind,MW,nem,NSW1
2017-10-22 10:40:00,37.43,wind,MW,nem,NSW1
2017-10-22 10:45:00,54.88,wind,MW,nem,NSW1
2017-10-22 10:50:00,49.14,wind,MW,nem,NSW1
2017-10-22 10:55:00,48.63,wind,MW,nem,NSW1
2017-10-22 11:00:00,40.97,wind,MW,nem,NSW1
2017-10-22 11:05:00,39.26,wind,MW,nem,NSW1
2017-10-22 11:10:00,39.99,wind,MW,nem,NSW1
2017-10-22 11:15:00,43.23,wind,MW,nem,NSW1
2017-10-22 11:20:00,53.02,wind,MW,nem,NSW1
2017-10-22 11:25:00,56.41,wind,MW,nem,NSW1
2017-10-22 11:30:00,52.2,wind,MW,nem,NSW1
2017-10-22 11:35:00,56.51,wind,MW,nem,NSW1
2017-10-22 11:40:00,61.33,wind,MW,nem,NSW1
2017-10-22 11:45:00,55.02,wind,MW,nem,NSW1
2017-10-22 11:50:00,60.88,wind,MW,nem,NSW1
2017-10-22 11:55:00,61.86,wind,MW,nem,NSW1
2017-10-22 12:00:00,63.73,wind,MW,nem,NSW1
2017-10-22 12:05:00,62.42,wind,MW,nem,NSW1
2017-10-22 12:10:00,62.86,wind,MW,nem,NSW1
2017-10-22 12:15:00,65.25,wind,MW,nem,NSW1
2017-10-22 12:20:00,73.17,wind,MW,nem,NSW1
2017-10-22 12:25:00,74.01,wind,MW,nem,NSW1
2017-10-22 12:30:00,73.36,wind,MW,nem,NSW1
2017-10-22 12:35:00,68.53,wind,MW,nem,NSW1
2017-10-22 12:40:00,60.9,wind,MW,nem,NSW1
2017-10-22 12:45:00,62.56,wind,MW,nem,NSW1
2017-10-22 12:50:00,62.61,wind,MW,nem,NSW1
2017-10-22 12:55:00,66.44,wind,MW,nem,NSW1
2017-10-22 13:00:00,60.12,wind,MW,nem,NSW1
2017-10-22 13:05:00,54.53,wind,MW,nem,NSW1
2017-10-22 13:10:00,58.39,wind,MW,nem,NSW1
2017-10-22 13:15:00,48.77,wind,MW,nem,NSW1
2017-10-22 13:20:00,46.02,wind,MW,nem,NSW1
2017-10-22 13:25:00,48.67,wind,MW,nem,NSW1
2017-10-22 13:30:00,40.21,wind,MW,nem,NSW1
2017-10-22 13:35:00,54.91,wind,MW,nem,NSW1
2017-10-22 13:40:00,50.53,wind,MW,nem,NSW1
2017-10-22 13:45:00,44.56,wind,MW,nem,NSW1
2017-10-22 13:50:00,51.69,wind,MW,nem,NSW1
2017-10-22 13:55:00,63.71,wind,MW,nem,NSW1
2017-10-22 14:00:00,65.61,wind,MW,nem,NSW1
2017-10-22 14:05:00,69.79,wind,MW,nem,NSW1
2017-10-22 14:10:00,73.94,wind,MW,nem,NSW1
2017-10-22 14:15:00,71.78,wind,MW,nem,NSW1
2017-10-22 14:20:00,77.21,wind,MW,nem,NSW1
2017-10-22 14:25:00,69.38,wind,MW,nem,NSW1
2017-10-22 14:30:00,69.54,wind,MW,nem,NSW1
2017-10-22 14:35:00,70.46,wind,MW,nem,NSW1
2017-10-22 14:40:00,71.6,wind,MW,nem,NSW1
2017-10-22 14:45:00,72.68,wind,MW,nem,NSW1
2017-10-22 14:50:00,74.59,wind,MW,nem,NSW1
2017-10-22 14:55:00,72.87,wind,MW,nem,NSW1
2017-10-22 15:00:00,67.82,wind,MW,nem,NSW1
2017-10-22 15:05:00,66.01,wind,MW,nem,NSW1
2017-10-22 15:10:00,69.87,wind,MW,nem,NSW1
2017-10-22 15:15:00,72.36,wind,MW,nem,NSW1
2017-10-22 15:20:00,72.55,wind,MW,nem,NSW1
2017-10-22 15:25:00,80.64,wind,MW,nem,NSW1
2017-10-22 15:30:00,79.07,wind,MW,nem,NSW1
2017-10-22 15:35:00,73.25,wind,MW,nem,NSW1
2017-10-22 15:40:00,65.4,wind,MW,nem,NSW1
2017-10-22 15:45:00,61.84,wind,MW,nem,NSW1
2017-10-22 15:50:00,61.42,wind,MW,nem,NSW1
2017-10-22 15:55:00,52.74,wind,MW,nem,NSW1
2017-10-22 16:00:00,77.31,wind,MW,nem,NSW1
2017-10-22 16:05:00,108.2,wind,MW,nem,NSW1
2017-10-22 16:10:00,104.1,wind,MW,nem,NSW1
2017-10-22 16:15:00,89.92,wind,MW,nem,NSW1
2017-10-22 16:20:00,104.1,wind,MW,nem,NSW1
2017-10-22 16:25:00,107.4,wind,MW,nem,NSW1
2017-10-22 16:30:00,98.15,wind,MW,nem,NSW1
2017-10-22 16:35:00,107.4,wind,MW,nem,NSW1
2017-10-22 16:40:00,130.1,wind,MW,nem,NSW1
2017-10-22 16:45:00,154.4,wind,MW,nem,NSW1
2017-10-22 16:50:00,141.3,wind,MW,nem,NSW1
2017-10-22 16:55:00,135.8,wind,MW,nem,NSW1
2017-10-22 17:00:00,137.9,wind,MW,nem,NSW1
2017-10-22 17:05:00,149.0,wind,MW,nem,NSW1
2017-10-22 17:10:00,166.2,wind,MW,nem,NSW1
2017-10-22 17:15:00,168.7,wind,MW,nem,NSW1
2017-10-22 17:20:00,175.3,wind,MW,nem,NSW1
2017-10-22 17:25:00,166.0,wind,MW,nem,NSW1
2017-10-22 17:30:00,157.9,wind,MW,nem,NSW1
2017-10-22 17:35:00,150.7,wind,MW,nem,NSW1
2017-10-22 17:40:00,137.7,wind,MW,nem,NSW1
2017-10-22 17:45:00,127.6,wind,MW,nem,NSW1
2017-10-22 17:50:00,117.8,wind,MW,nem,NSW1
2017-10-22 17:55:00,112.5,wind,MW,nem,NSW1
2017-10-22 18:00:00,108.3,wind,MW,nem,NSW1
2017-10-22 18:05:00,92.83,wind,MW,nem,NSW1
2017-10-22 18:10:00,98.26,wind,MW,nem,NSW1
2017-10-22 18:15:00,94.0,wind,MW,nem,NSW1
2017-10-22 18:20:00,96.77,wind,MW,nem,NSW1
2017-10-22 18:25:00,95.18,wind,MW,nem,NSW1
2017-10-22 18:30:00,106.8,wind,MW,nem,NSW1
2017-10-22 18:35:00,122.6,wind,MW,nem,NSW1
2017-10-22 18:40:00,121.7,wind,MW,nem,NSW1
2017-10-22 18:45:00,113.9,wind,MW,nem,NSW1
2017-10-22 18:50:00,119.5,wind,MW,nem,NSW1
2017-10-22 18:55:00,125.6,wind,MW,nem,NSW1
2017-10-22 19:00:00,132.0,wind,MW,nem,NSW1
2017-10-22 19:05:00,126.4,wind,MW,nem,NSW1
2017-10-22 19:10:00,129.4,wind,MW,nem,NSW1
2017-10-22 19:15:00,128.1,wind,MW,nem,NSW1
2017-10-22 19:20:00,124.3,wind,MW,nem,NSW1
2017-10-22 19:25:00,117.3,wind,MW,nem,NSW1
2017-10-22 19:30:00,122.0,wind,MW,nem,NSW1
2017-10-22 19:35:00,120.0,wind,MW,nem,NSW1
2017-10-22 19:40:00,122.2,wind,MW,nem,NSW1
2017-10-22 19:45:00,125.0,wind,MW,nem,NSW1
2017-10-22 19:50:00,131.2,wind,MW,nem,NSW1
2017-10-22 19:55:00,123.7,wind,MW,nem,NSW1
2017-10-22 20:00:00,120.5,wind,MW,nem,NSW1
2017-10-22 20:05:00,110.6,wind,MW,nem,NSW1
2017-10-22 20:10:00,111.0,wind,MW,nem,NSW1
2017-10-22 20:15:00,111.7,wind,MW,nem,NSW1
2017-10-22 20:20:00,114.7,wind,MW,nem,NSW1
2017-10-22 20:25:00,112.8,wind,MW,nem,NSW1
2017-10-22 20:30:00,105.2,wind,MW,nem,NSW1
2017-10-22 20:35:00,103.9,wind,MW,nem,NSW1
2017-10-22 20:40:00,102.4,wind,MW,nem,NSW1
2017-10-22 20:45:00,107.1,wind,MW,nem,NSW1
2017-10-22 20:50:00,106.2,wind,MW,nem,NSW1
2017-10-22 20:55:00,100.6,wind,MW,nem,NSW1
2017-10-22 21:00:00,89.64,wind,MW,nem,NSW1
2017-10-22 21:05:00,89.57,wind,MW,nem,NSW1
2017-10-22 21:10:00,86.87,wind,MW,nem,NSW1
2017-10-22 21:15:00,79.15,wind,MW,nem,NSW1
2017-10-22 21:20:00,81.63,wind,MW,nem,NSW1
2017-10-22 21:25:00,80.26,wind,MW,nem,NSW1
2017-10-22 21:30:00,79.21,wind,MW,nem,NSW1
2017-10-22 21:35:00,67.27,wind,MW,nem,NSW1
2017-10-22 21:40:00,68.37,wind,MW,nem,NSW1
2017-10-22 21:45:00,68.23,wind,MW,nem,NSW1
2017-10-22 21:50:00,67.63,wind,MW,nem,NSW1
2017-10-22 21:55:00,69.79,wind,MW,nem,NSW1
2017-10-22 22:00:00,76.82,wind,MW,nem,NSW1
2017-10-22 22:05:00,77.56,wind,MW,nem,NSW1
2017-10-22 22:10:00,74.77,wind,MW,nem,NSW1
2017-10-22 22:15:00,76.51,wind,MW,nem,NSW1
2017-10-22 22:20:00,77.1,wind,MW,nem,NSW1
2017-10-22 22:25:00,72.64,wind,MW,nem,NSW1
2017-10-22 22:30:00,69.54,wind,MW,nem,NSW1
2017-10-22 22:35:00,69.95,wind,MW,nem,NSW1
2017-10-22 22:40:00,70.67,wind,MW,nem,NSW1
2017-10-22 22:45:00,62.87,wind,MW,nem,NSW1
2017-10-22 22:50:00,63.64,wind,MW,nem,NSW1
2017-10-22 22:55:00,61.49,wind,MW,nem,NSW1
2017-10-22 23:00:00,59.74,wind,MW,nem,NSW1
2017-10-22 23:05:00,61.05,wind,MW,nem,NSW1
2017-10-22 23:10:00,64.03,wind,MW,nem,NSW1
2017-10-22 23:15:00,61.15,wind,MW,nem,NSW1
2017-10-22 23:20:00,59.97,wind,MW,nem,NSW1
2017-10-22 23:25:00,58.79,wind,MW,nem,NSW1
2017-10-22 23:30:00,56.87,wind,MW,nem,NSW1
2017-10-22 23:35:00,54.9,wind,MW,nem,NSW1
2017-10-22 23:40:00,54.03,wind,MW,nem,NSW1
2017-10-22 23:45:00,55.1,wind,MW,nem,NSW1
2017-10-22 23:50:00,56.09,wind,MW,nem,NSW1
2017-10-22 23:55:00,55.01,wind,MW,nem,NSW1
2017-10-23 00:00:00,54.96,wind,MW,nem,NSW1
2017-10-23 00:05:00,55.08,wind,MW,nem,NSW1
2017-10-23 00:10:00,51.6,wind,MW,nem,NSW1
2017-10-23 00:15:00,47.71,wind,MW,nem,NSW1
2017-10-23 00:20:00,46.38,wind,MW,nem,NSW1
2017-10-23 00:25:00,45.18,wind,MW,nem,NSW1
2017-10-23 00:30:00,44.84,wind,MW,nem,NSW1
2017-10-23 00:35:00,44.8,wind,MW,nem,NSW1
2017-10-23 00:40:00,45.15,wind,MW,nem,NSW1
2017-10-23 00:45:00,45.62,wind,MW,nem,NSW1
2017-10-23 00:50:00,44.74,wind,MW,nem,NSW1
2017-10-23 00:55:00,45.35,wind,MW,nem,NSW1
2017-10-23 01:00:00,45.54,wind,MW,nem,NSW1
2017-10-23 01:05:00,47.79,wind,MW,nem,NSW1
2017-10-23 01:10:00,48.3,wind,MW,nem,NSW1
2017-10-23 01:15:00,48.09,wind,MW,nem,NSW1
2017-10-23 01:20:00,51.83,wind,MW,nem,NSW1
2017-10-23 01:25:00,52.53,wind,MW,nem,NSW1
2017-10-23 01:30:00,52.97,wind,MW,nem,NSW1
2017-10-23 01:35:00,53.09,wind,MW,nem,NSW1
2017-10-23 01:40:00,55.27,wind,MW,nem,NSW1
2017-10-23 01:45:00,55.64,wind,MW,nem,NSW1
2017-10-23 01:50:00,54.11,wind,MW,nem,NSW1
2017-10-23 01:55:00,57.59,wind,MW,nem,NSW1
2017-10-23 02:00:00,61.36,wind,MW,nem,NSW1
2017-10-23 02:05:00,62.24,wind,MW,nem,NSW1
2017-10-23 02:10:00,62.38,wind,MW,nem,NSW1
2017-10-23 02:15:00,59.5,wind,MW,nem,NSW1
2017-10-23 02:20:00,59.82,wind,MW,nem,NSW1
2017-10-23 02:25:00,60.56,wind,MW,nem,NSW1
2017-10-23 02:30:00,58.16,wind,MW,nem,NSW1
2017-10-23 02:35:00,53.4,wind,MW,nem,NSW1
2017-10-23 02:40:00,48.37,wind,MW,nem,NSW1
2017-10-23 02:45:00,46.6,wind,MW,nem,NSW1
2017-10-23 02:50:00,44.65,wind,MW,nem,NSW1
2017-10-23 02:55:00,43.21,wind,MW,nem,NSW1
2017-10-23 03:00:00,46.34,wind,MW,nem,NSW1
2017-10-23 03:05:00,45.67,wind,MW,nem,NSW1
2017-10-23 03:10:00,47.27,wind,MW,nem,NSW1
2017-10-23 03:15:00,45.48,wind,MW,nem,NSW1
2017-10-23 03:20:00,43.43,wind,MW,nem,NSW1
2017-10-23 03:25:00,43.67,wind,MW,nem,NSW1
2017-10-23 03:30:00,43.56,wind,MW,nem,NSW1
2017-10-23 03:35:00,42.68,wind,MW,nem,NSW1
2017-10-23 03:40:00,41.44,wind,MW,nem,NSW1
2017-10-23 03:45:00,40.97,wind,MW,nem,NSW1
2017-10-23 03:50:00,41.24,wind,MW,nem,NSW1
2017-10-23 03:55:00,41.53,wind,MW,nem,NSW1
2017-10-23 04:00:00,42.12,wind,MW,nem,NSW1
2017-10-23 04:05:00,43.31,wind,MW,nem,NSW1
2017-10-23 04:10:00,45.77,wind,MW,nem,NSW1
2017-10-23 04:15:00,42.61,wind,MW,nem,NSW1
2017-10-23 04:20:00,41.37,wind,MW,nem,NSW1
2017-10-23 04:25:00,43.93,wind,MW,nem,NSW1
2017-10-23 04:30:00,44.35,wind,MW,nem,NSW1
2017-10-23 04:35:00,45.25,wind,MW,nem,NSW1
2017-10-23 04:40:00,46.65,wind,MW,nem,NSW1
2017-10-23 04:45:00,47.07,wind,MW,nem,NSW1
2017-10-23 04:50:00,47.08,wind,MW,nem,NSW1
2017-10-23 04:55:00,45.37,wind,MW,nem,NSW1
2017-10-23 05:00:00,43.45,wind,MW,nem,NSW1
2017-10-23 05:05:00,43.36,wind,MW,nem,NSW1
2017-10-23 05:10:00,43.39,wind,MW,nem,NSW1
2017-10-23 05:15:00,46.06,wind,MW,nem,NSW1
2017-10-23 05:20:00,45.95,wind,MW,nem,NSW1
2017-10-23 05:25:00,48.11,wind,MW,nem,NSW1
2017-10-23 05:30:00,49.68,wind,MW,nem,NSW1
2017-10-23 05:35:00,49.63,wind,MW,nem,NSW1
2017-10-23 05:40:00,48.11,wind,MW,nem,NSW1
2017-10-23 05:45:00,48.76,wind,MW,nem,NSW1
2017-10-23 05:50:00,47.18,wind,MW,nem,NSW1
2017-10-23 05:55:00,47.38,wind,MW,nem,NSW1
2017-10-23 06:00:00,48.2,wind,MW,nem,NSW1
2017-10-23 06:05:00,48.75,wind,MW,nem,NSW1
2017-10-23 06:10:00,47.86,wind,MW,nem,NSW1
2017-10-23 06:15:00,47.56,wind,MW,nem,NSW1
2017-10-23 06:20:00,45.25,wind,MW,nem,NSW1
2017-10-23 06:25:00,43.25,wind,MW,nem,NSW1
2017-10-23 06:30:00,40.91,wind,MW,nem,NSW1
2017-10-23 06:35:00,40.46,wind,MW,nem,NSW1
2017-10-23 06:40:00,40.11,wind,MW,nem,NSW1
2017-10-23 06:45:00,40.56,wind,MW,nem,NSW1
2017-10-23 06:50:00,39.56,wind,MW,nem,NSW1
2017-10-23 06:55:00,37.27,wind,MW,nem,NSW1
2017-10-23 07:00:00,39.11,wind,MW,nem,NSW1
2017-10-23 07:05:00,39.63,wind,MW,nem,NSW1
2017-10-23 07:10:00,39.0,wind,MW,nem,NSW1
2017-10-23 07:15:00,38.23,wind,MW,nem,NSW1
2017-10-23 07:20:00,33.88,wind,MW,nem,NSW1
2017-10-23 07:25:00,30.19,wind,MW,nem,NSW1
2017-10-23 07:30:00,30.74,wind,MW,nem,NSW1
2017-10-23 07:35:00,29.0,wind,MW,nem,NSW1
2017-10-23 07:40:00,30.14,wind,MW,nem,NSW1
2017-10-23 07:45:00,27.24,wind,MW,nem,NSW1
2017-10-23 07:50:00,24.91,wind,MW,nem,NSW1
2017-10-23 07:55:00,23.84,wind,MW,nem,NSW1
2017-10-23 08:00:00,20.48,wind,MW,nem,NSW1
2017-10-23 08:05:00,20.25,wind,MW,nem,NSW1
2017-10-23 08:10:00,18.01,wind,MW,nem,NSW1
2017-10-23 08:15:00,16.34,wind,MW,nem,NSW1
2017-10-23 08:20:00,14.63,wind,MW,nem,NSW1
2017-10-23 08:25:00,14.79,wind,MW,nem,NSW1
2017-10-23 08:30:00,12.8,wind,MW,nem,NSW1
2017-10-23 08:35:00,10.69,wind,MW,nem,NSW1
2017-10-23 08:40:00,8.175,wind,MW,nem,NSW1
2017-10-23 08:45:00,7.069,wind,MW,nem,NSW1
2017-10-23 08:50:00,6.725,wind,MW,nem,NSW1
2017-10-23 08:55:00,6.498,wind,MW,nem,NSW1
2017-10-23 09:00:00,5.972,wind,MW,nem,NSW1
2017-10-23 09:05:00,2.364,wind,MW,nem,NSW1
2017-10-23 09:10:00,1.232,wind,MW,nem,NSW1
2017-10-23 09:15:00,0.9324,wind,MW,nem,NSW1
2017-10-23 09:20:00,0.3446,wind,MW,nem,NSW1
2017-10-23 09:25:00,1.508,wind,MW,nem,NSW1
2017-10-23 09:30:00,0.7251,wind,MW,nem,NSW1
2017-10-23 09:35:00,0.9821,wind,MW,nem,NSW1
2017-10-23 09:40:00,0.7072,wind,MW,nem,NSW1
2017-10-23 09:45:00,0.8154,wind,MW,nem,NSW1
2017-10-23 09:50:00,0.07018,wind,MW,nem,NSW1
2017-10-23 09:55:00,-0.2953,wind,MW,nem,NSW1
2017-10-23 10:00:00,1.301,wind,MW,nem,NSW1
2017-10-23 10:05:00,1.173,wind,MW,nem,NSW1
2017-10-23 10:10:00,1.017,wind,MW,nem,NSW1
2017-10-23 10:15:00,1.339,wind,MW,nem,NSW1
2017-10-23 10:20:00,-0.1302,wind,MW,nem,NSW1
2017-10-23 10:25:00,0.8401,wind,MW,nem,NSW1
2017-10-23 10:30:00,-0.3203,wind,MW,nem,NSW1
2017-10-23 10:35:00,-0.444,wind,MW,nem,NSW1
2017-10-23 10:40:00,1.094,wind,MW,nem,NSW1
2017-10-23 10:45:00,-0.3664,wind,MW,nem,NSW1
2017-10-23 10:50:00,0.6701,wind,MW,nem,NSW1
2017-10-23 10:55:00,-0.4872,wind,MW,nem,NSW1
2017-10-23 11:00:00,0.2427,wind,MW,nem,NSW1
2017-10-23 11:05:00,0.7086,wind,MW,nem,NSW1
2017-10-23 11:10:00,1.209,wind,MW,nem,NSW1
2017-10-23 11:15:00,1.671,wind,MW,nem,NSW1
2017-10-23 11:20:00,0.842,wind,MW,nem,NSW1
2017-10-23 11:25:00,4.244,wind,MW,nem,NSW1
2017-10-23 11:30:00,3.782,wind,MW,nem,NSW1
2017-10-23 11:35:00,2.805,wind,MW,nem,NSW1
2017-10-23 11:40:00,2.797,wind,MW,nem,NSW1
2017-10-23 11:45:00,8.334,wind,MW,nem,NSW1
2017-10-23 11:50:00,9.486,wind,MW,nem,NSW1
2017-10-23 11:55:00,9.225,wind,MW,nem,NSW1
2017-10-23 12:00:00,9.699,wind,MW,nem,NSW1
2017-10-23 12:05:00,13.45,wind,MW,nem,NSW1
2017-10-23 12:10:00,8.946,wind,MW,nem,NSW1
2017-10-23 12:15:00,12.96,wind,MW,nem,NSW1
2017-10-23 12:20:00,10.46,wind,MW,nem,NSW1
2017-10-23 12:25:00,8.039,wind,MW,nem,NSW1
2017-10-23 12:30:00,6.369,wind,MW,nem,NSW1
2017-10-23 12:35:00,5.543,wind,MW,nem,NSW1
2017-10-23 12:40:00,2.568,wind,MW,nem,NSW1
2017-10-23 12:45:00,1.69,wind,MW,nem,NSW1
2017-10-23 12:50:00,1.735,wind,MW,nem,NSW1
2017-10-23 12:55:00,3.847,wind,MW,nem,NSW1
2017-10-23 13:00:00,3.256,wind,MW,nem,NSW1
2017-10-23 13:05:00,4.282,wind,MW,nem,NSW1
2017-10-23 13:10:00,6.369,wind,MW,nem,NSW1
2017-10-23 13:15:00,8.638,wind,MW,nem,NSW1
2017-10-23 13:20:00,10.75,wind,MW,nem,NSW1
2017-10-23 13:25:00,12.19,wind,MW,nem,NSW1
2017-10-23 13:30:00,12.45,wind,MW,nem,NSW1
2017-10-23 13:35:00,18.69,wind,MW,nem,NSW1
2017-10-23 13:40:00,21.14,wind,MW,nem,NSW1
2017-10-23 13:45:00,19.95,wind,MW,nem,NSW1
2017-10-23 13:50:00,26.07,wind,MW,nem,NSW1
2017-10-23 13:55:00,27.1,wind,MW,nem,NSW1
2017-10-23 14:00:00,30.72,wind,MW,nem,NSW1
2017-10-23 14:05:00,32.31,wind,MW,nem,NSW1
2017-10-23 14:10:00,29.99,wind,MW,nem,NSW1
2017-10-23 14:15:00,26.84,wind,MW,nem,NSW1
2017-10-23 14:20:00,38.15,wind,MW,nem,NSW1
2017-10-23 14:25:00,51.59,wind,MW,nem,NSW1
2017-10-23 14:30:00,50.56,wind,MW,nem,NSW1
2017-10-23 14:35:00,52.77,wind,MW,nem,NSW1
2017-10-23 14:40:00,50.58,wind,MW,nem,NSW1
2017-10-23 14:45:00,52.03,wind,MW,nem,NSW1
2017-10-23 14:50:00,51.8,wind,MW,nem,NSW1
2017-10-23 14:55:00,50.26,wind,MW,nem,NSW1
2017-10-23 15:00:00,50.76,wind,MW,nem,NSW1
2017-10-23 15:05:00,51.26,wind,MW,nem,NSW1
2017-10-23 15:10:00,51.18,wind,MW,nem,NSW1
2017-10-23 15:15:00,49.77,wind,MW,nem,NSW1
2017-10-23 15:20:00,50.18,wind,MW,nem,NSW1
2017-10-23 15:25:00,50.59,wind,MW,nem,NSW1
2017-10-23 15:30:00,40.16,wind,MW,nem,NSW1
2017-10-23 15:35:00,31.95,wind,MW,nem,NSW1
2017-10-23 15:40:00,23.23,wind,MW,nem,NSW1
2017-10-23 15:45:00,23.5,wind,MW,nem,NSW1
2017-10-23 15:50:00,21.51,wind,MW,nem,NSW1
2017-10-23 15:55:00,20.59,wind,MW,nem,NSW1
2017-10-23 16:00:00,18.5,wind,MW,nem,NSW1
2017-10-23 16:05:00,17.16,wind,MW,nem,NSW1
2017-10-23 16:10:00,15.88,wind,MW,nem,NSW1
2017-10-23 16:15:00,13.41,wind,MW,nem,NSW1
2017-10-23 16:20:00,19.35,wind,MW,nem,NSW1
2017-10-23 16:25:00,26.05,wind,MW,nem,NSW1
2017-10-23 16:30:00,34.71,wind,MW,nem,NSW1
2017-10-23 16:35:00,36.76,wind,MW,nem,NSW1
2017-10-23 16:40:00,40.72,wind,MW,nem,NSW1
2017-10-23 16:45:00,47.42,wind,MW,nem,NSW1
2017-10-23 16:50:00,52.34,wind,MW,nem,NSW1
2017-10-23 16:55:00,53.81,wind,MW,nem,NSW1
2017-10-23 17:00:00,50.33,wind,MW,nem,NSW1
2017-10-23 17:05:00,57.64,wind,MW,nem,NSW1
2017-10-23 17:10:00,58.26,wind,MW,nem,NSW1
2017-10-23 17:15:00,62.94,wind,MW,nem,NSW1
2017-10-23 17:20:00,65.81,wind,MW,nem,NSW1
2017-10-23 17:25:00,74.23,wind,MW,nem,NSW1
2017-10-23 17:30:00,73.04,wind,MW,nem,NSW1
2017-10-23 17:35:00,74.28,wind,MW,nem,NSW1
2017-10-23 17:40:00,73.08,wind,MW,nem,NSW1
2017-10-23 17:45:00,77.72,wind,MW,nem,NSW1
2017-10-23 17:50:00,74.41,wind,MW,nem,NSW1
2017-10-23 17:55:00,73.26,wind,MW,nem,NSW1
2017-10-23 18:00:00,72.83,wind,MW,nem,NSW1
2017-10-23 18:05:00,73.36,wind,MW,nem,NSW1
2017-10-23 18:10:00,75.82,wind,MW,nem,NSW1
2017-10-23 18:15:00,79.05,wind,MW,nem,NSW1
2017-10-23 18:20:00,77.19,wind,MW,nem,NSW1
2017-10-23 18:25:00,77.25,wind,MW,nem,NSW1
2017-10-23 18:30:00,79.93,wind,MW,nem,NSW1
2017-10-23 18:35:00,81.28,wind,MW,nem,NSW1
2017-10-23 18:40:00,78.99,wind,MW,nem,NSW1
2017-10-23 18:45:00,82.39,wind,MW,nem,NSW1
2017-10-23 18:50:00,81.09,wind,MW,nem,NSW1
2017-10-23 18:55:00,77.75,wind,MW,nem,NSW1
2017-10-23 19:00:00,73.83,wind,MW,nem,NSW1
2017-10-23 19:05:00,74.76,wind,MW,nem,NSW1
2017-10-23 19:10:00,72.83,wind,MW,nem,NSW1
2017-10-23 19:15:00,70.8,wind,MW,nem,NSW1
2017-10-23 19:20:00,80.06,wind,MW,nem,NSW1
2017-10-23 19:25:00,77.44,wind,MW,nem,NSW1
2017-10-23 19:30:00,78.9,wind,MW,nem,NSW1
2017-10-23 19:35:00,71.58,wind,MW,nem,NSW1
2017-10-23 19:40:00,70.43,wind,MW,nem,NSW1
2017-10-23 19:45:00,69.96,wind,MW,nem,NSW1
2017-10-23 19:50:00,69.0,wind,MW,nem,NSW1
2017-10-23 19:55:00,69.62,wind,MW,nem,NSW1
2017-10-23 20:00:00,75.91,wind,MW,nem,NSW1
2017-10-23 20:05:00,77.53,wind,MW,nem,NSW1
2017-10-23 20:10:00,76.35,wind,MW,nem,NSW1
2017-10-23 20:15:00,60.05,wind,MW,nem,NSW1
2017-10-23 20:20:00,56.81,wind,MW,nem,NSW1
2017-10-23 20:25:00,54.26,wind,MW,nem,NSW1
2017-10-23 20:30:00,54.19,wind,MW,nem,NSW1
2017-10-23 20:35:00,56.71,wind,MW,nem,NSW1
2017-10-23 20:40:00,53.35,wind,MW,nem,NSW1
2017-10-23 20:45:00,51.57,wind,MW,nem,NSW1
2017-10-23 20:50:00,52.04,wind,MW,nem,NSW1
2017-10-23 20:55:00,53.12,wind,MW,nem,NSW1
2017-10-23 21:00:00,55.36,wind,MW,nem,NSW1
2017-10-23 21:05:00,65.84,wind,MW,nem,NSW1
2017-10-23 21:10:00,65.77,wind,MW,nem,NSW1
2017-10-23 21:15:00,68.05,wind,MW,nem,NSW1
2017-10-23 21:20:00,71.53,wind,MW,nem,NSW1
2017-10-23 21:25:00,74.01,wind,MW,nem,NSW1
2017-10-23 21:30:00,74.53,wind,MW,nem,NSW1
2017-10-23 21:35:00,69.03,wind,MW,nem,NSW1
2017-10-23 21:40:00,67.33,wind,MW,nem,NSW1
2017-10-23 21:45:00,63.69,wind,MW,nem,NSW1
2017-10-23 21:50:00,67.81,wind,MW,nem,NSW1
2017-10-23 21:55:00,62.0,wind,MW,nem,NSW1
2017-10-23 22:00:00,60.03,wind,MW,nem,NSW1
2017-10-23 22:05:00,59.85,wind,MW,nem,NSW1
2017-10-23 22:10:00,53.91,wind,MW,nem,NSW1
2017-10-23 22:15:00,48.29,wind,MW,nem,NSW1
2017-10-23 22:20:00,46.59,wind,MW,nem,NSW1
2017-10-23 22:25:00,43.64,wind,MW,nem,NSW1
2017-10-23 22:30:00,45.56,wind,MW,nem,NSW1
2017-10-23 22:35:00,44.13,wind,MW,nem,NSW1
2017-10-23 22:40:00,44.27,wind,MW,nem,NSW1
2017-10-23 22:45:00,44.53,wind,MW,nem,NSW1
2017-10-23 22:50:00,44.19,wind,MW,nem,NSW1
2017-10-23 22:55:00,42.14,wind,MW,nem,NSW1
2017-10-23 23:00:00,39.39,wind,MW,nem,NSW1
2017-10-23 23:05:00,42.14,wind,MW,nem,NSW1
2017-10-23 23:10:00,42.79,wind,MW,nem,NSW1
2017-10-23 23:15:00,44.09,wind,MW,nem,NSW1
2017-10-23 23:20:00,46.94,wind,MW,nem,NSW1
2017-10-23 23:25:00,50.52,wind,MW,nem,NSW1
2017-10-23 23:30:00,52.27,wind,MW,nem,NSW1
2017-10-23 23:35:00,50.43,wind,MW,nem,NSW1
2017-10-23 23:40:00,51.39,wind,MW,nem,NSW1
2017-10-23 23:45:00,48.01,wind,MW,nem,NSW1
2017-10-23 23:50:00,44.99,wind,MW,nem,NSW1
2017-10-23 23:55:00,45.42,wind,MW,nem,NSW1
2017-10-24 00:00:00,45.25,wind,MW,nem,NSW1
2017-10-24 00:05:00,46.45,wind,MW,nem,NSW1
2017-10-24 00:10:00,44.86,wind,MW,nem,NSW1
2017-10-24 00:15:00,43.12,wind,MW,nem,NSW1
2017-10-24 00:20:00,41.24,wind,MW,nem,NSW1
2017-10-24 00:25:00,41.71,wind,MW,nem,NSW1
2017-10-24 00:30:00,44.19,wind,MW,nem,NSW1
2017-10-24 00:35:00,43.01,wind,MW,nem,NSW1
2017-10-24 00:40:00,44.13,wind,MW,nem,NSW1
2017-10-24 00:45:00,48.08,wind,MW,nem,NSW1
2017-10-24 00:50:00,52.53,wind,MW,nem,NSW1
2017-10-24 00:55:00,54.59,wind,MW,nem,NSW1
2017-10-24 01:00:00,53.77,wind,MW,nem,NSW1
2017-10-24 01:05:00,54.97,wind,MW,nem,NSW1
2017-10-24 01:10:00,55.31,wind,MW,nem,NSW1
2017-10-24 01:15:00,60.81,wind,MW,nem,NSW1
2017-10-24 01:20:00,65.86,wind,MW,nem,NSW1
2017-10-24 01:25:00,69.83,wind,MW,nem,NSW1
2017-10-24 01:30:00,75.71,wind,MW,nem,NSW1
2017-10-24 01:35:00,77.95,wind,MW,nem,NSW1
2017-10-24 01:40:00,78.08,wind,MW,nem,NSW1
2017-10-24 01:45:00,74.25,wind,MW,nem,NSW1
2017-10-24 01:50:00,70.61,wind,MW,nem,NSW1
2017-10-24 01:55:00,67.68,wind,MW,nem,NSW1
2017-10-24 02:00:00,68.78,wind,MW,nem,NSW1
2017-10-24 02:05:00,67.59,wind,MW,nem,NSW1
2017-10-24 02:10:00,68.07,wind,MW,nem,NSW1
2017-10-24 02:15:00,73.35,wind,MW,nem,NSW1
2017-10-24 02:20:00,74.6,wind,MW,nem,NSW1
2017-10-24 02:25:00,76.57,wind,MW,nem,NSW1
2017-10-24 02:30:00,84.52,wind,MW,nem,NSW1
2017-10-24 02:35:00,88.18,wind,MW,nem,NSW1
2017-10-24 02:40:00,91.61,wind,MW,nem,NSW1
2017-10-24 02:45:00,93.59,wind,MW,nem,NSW1
2017-10-24 02:50:00,98.0,wind,MW,nem,NSW1
2017-10-24 02:55:00,100.8,wind,MW,nem,NSW1
2017-10-24 03:00:00,107.4,wind,MW,nem,NSW1
2017-10-24 03:05:00,119.9,wind,MW,nem,NSW1
2017-10-24 03:10:00,123.7,wind,MW,nem,NSW1
2017-10-24 03:15:00,137.1,wind,MW,nem,NSW1
2017-10-24 03:20:00,141.8,wind,MW,nem,NSW1
2017-10-24 03:25:00,150.4,wind,MW,nem,NSW1
2017-10-24 03:30:00,148.5,wind,MW,nem,NSW1
2017-10-24 03:35:00,152.9,wind,MW,nem,NSW1
2017-10-24 03:40:00,155.4,wind,MW,nem,NSW1
2017-10-24 03:45:00,151.3,wind,MW,nem,NSW1
2017-10-24 03:50:00,150.2,wind,MW,nem,NSW1
2017-10-24 03:55:00,148.6,wind,MW,nem,NSW1
2017-10-24 04:00:00,152.1,wind,MW,nem,NSW1
2017-10-24 04:05:00,150.8,wind,MW,nem,NSW1
2017-10-24 04:10:00,145.8,wind,MW,nem,NSW1
2017-10-24 04:15:00,146.1,wind,MW,nem,NSW1
2017-10-24 04:20:00,147.5,wind,MW,nem,NSW1
2017-10-24 04:25:00,147.9,wind,MW,nem,NSW1
2017-10-24 04:30:00,152.7,wind,MW,nem,NSW1
2017-10-24 04:35:00,159.6,wind,MW,nem,NSW1
2017-10-24 04:40:00,165.5,wind,MW,nem,NSW1
2017-10-24 04:45:00,171.0,wind,MW,nem,NSW1
2017-10-24 04:50:00,167.6,wind,MW,nem,NSW1
2017-10-24 04:55:00,166.8,wind,MW,nem,NSW1
2017-10-24 05:00:00,176.0,wind,MW,nem,NSW1
2017-10-24 05:05:00,182.3,wind,MW,nem,NSW1
2017-10-24 05:10:00,186.3,wind,MW,nem,NSW1
2017-10-24 05:15:00,186.7,wind,MW,nem,NSW1
2017-10-24 05:20:00,187.7,wind,MW,nem,NSW1
2017-10-24 05:25:00,193.5,wind,MW,nem,NSW1
2017-10-24 05:30:00,196.1,wind,MW,nem,NSW1
2017-10-24 05:35:00,192.8,wind,MW,nem,NSW1
2017-10-24 05:40:00,201.8,wind,MW,nem,NSW1
2017-10-24 05:45:00,210.0,wind,MW,nem,NSW1
2017-10-24 05:50:00,217.4,wind,MW,nem,NSW1
2017-10-24 05:55:00,223.0,wind,MW,nem,NSW1
2017-10-24 06:00:00,227.7,wind,MW,nem,NSW1
2017-10-24 06:05:00,232.4,wind,MW,nem,NSW1
2017-10-24 06:10:00,239.1,wind,MW,nem,NSW1
2017-10-24 06:15:00,241.8,wind,MW,nem,NSW1
2017-10-24 06:20:00,242.1,wind,MW,nem,NSW1
2017-10-24 06:25:00,240.8,wind,MW,nem,NSW1
2017-10-24 06:30:00,228.8,wind,MW,nem,NSW1
2017-10-24 06:35:00,240.3,wind,MW,nem,NSW1
2017-10-24 06:40:00,227.0,wind,MW,nem,NSW1
2017-10-24 06:45:00,224.8,wind,MW,nem,NSW1
2017-10-24 06:50:00,220.2,wind,MW,nem,NSW1
2017-10-24 06:55:00,208.2,wind,MW,nem,NSW1
2017-10-24 07:00:00,200.0,wind,MW,nem,NSW1
2017-10-24 07:05:00,187.9,wind,MW,nem,NSW1
2017-10-24 07:10:00,177.1,wind,MW,nem,NSW1
2017-10-24 07:15:00,167.7,wind,MW,nem,NSW1
2017-10-24 07:20:00,150.1,wind,MW,nem,NSW1
2017-10-24 07:25:00,145.9,wind,MW,nem,NSW1
2017-10-24 07:30:00,143.8,wind,MW,nem,NSW1
2017-10-24 07:35:00,143.9,wind,MW,nem,NSW1
2017-10-24 07:40:00,140.0,wind,MW,nem,NSW1
2017-10-24 07:45:00,144.7,wind,MW,nem,NSW1
2017-10-24 07:50:00,148.3,wind,MW,nem,NSW1
2017-10-24 07:55:00,159.4,wind,MW,nem,NSW1
2017-10-24 08:00:00,157.9,wind,MW,nem,NSW1
2017-10-24 08:05:00,159.5,wind,MW,nem,NSW1
2017-10-24 08:10:00,174.5,wind,MW,nem,NSW1
2017-10-24 08:15:00,183.9,wind,MW,nem,NSW1
2017-10-24 08:20:00,192.5,wind,MW,nem,NSW1
2017-10-24 08:25:00,194.7,wind,MW,nem,NSW1
2017-10-24 08:30:00,200.0,wind,MW,nem,NSW1
2017-10-24 08:35:00,203.4,wind,MW,nem,NSW1
2017-10-24 08:40:00,213.6,wind,MW,nem,NSW1
2017-10-24 08:45:00,223.6,wind,MW,nem,NSW1
2017-10-24 08:50:00,228.8,wind,MW,nem,NSW1
2017-10-24 08:55:00,243.2,wind,MW,nem,NSW1
2017-10-24 09:00:00,256.2,wind,MW,nem,NSW1
2017-10-24 09:05:00,263.1,wind,MW,nem,NSW1
2017-10-24 09:10:00,267.8,wind,MW,nem,NSW1
2017-10-24 09:15:00,299.5,wind,MW,nem,NSW1
2017-10-24 09:20:00,308.8,wind,MW,nem,NSW1
2017-10-24 09:25:00,324.5,wind,MW,nem,NSW1
2017-10-24 09:30:00,323.6,wind,MW,nem,NSW1
2017-10-24 09:35:00,354.9,wind,MW,nem,NSW1
2017-10-24 09:40:00,358.0,wind,MW,nem,NSW1
2017-10-24 09:45:00,351.7,wind,MW,nem,NSW1
2017-10-24 09:50:00,356.7,wind,MW,nem,NSW1
2017-10-24 09:55:00,330.1,wind,MW,nem,NSW1
2017-10-24 10:00:00,315.7,wind,MW,nem,NSW1
2017-10-24 10:05:00,323.2,wind,MW,nem,NSW1
2017-10-24 10:10:00,333.1,wind,MW,nem,NSW1
2017-10-24 10:15:00,343.6,wind,MW,nem,NSW1
2017-10-24 10:20:00,355.7,wind,MW,nem,NSW1
2017-10-24 10:25:00,358.7,wind,MW,nem,NSW1
2017-10-24 10:30:00,351.2,wind,MW,nem,NSW1
2017-10-24 10:35:00,366.4,wind,MW,nem,NSW1
2017-10-24 10:40:00,351.7,wind,MW,nem,NSW1
2017-10-24 10:45:00,348.0,wind,MW,nem,NSW1
2017-10-24 10:50:00,348.7,wind,MW,nem,NSW1
2017-10-24 10:55:00,342.6,wind,MW,nem,NSW1
2017-10-24 11:00:00,333.7,wind,MW,nem,NSW1
2017-10-24 11:05:00,335.5,wind,MW,nem,NSW1
2017-10-24 11:10:00,344.1,wind,MW,nem,NSW1
2017-10-24 11:15:00,360.6,wind,MW,nem,NSW1
2017-10-24 11:20:00,369.2,wind,MW,nem,NSW1
2017-10-24 11:25:00,374.8,wind,MW,nem,NSW1
2017-10-24 11:30:00,362.9,wind,MW,nem,NSW1
2017-10-24 11:35:00,368.3,wind,MW,nem,NSW1
2017-10-24 11:40:00,378.8,wind,MW,nem,NSW1
2017-10-24 11:45:00,374.8,wind,MW,nem,NSW1
2017-10-24 11:50:00,367.3,wind,MW,nem,NSW1
2017-10-24 11:55:00,380.2,wind,MW,nem,NSW1
2017-10-24 12:00:00,365.5,wind,MW,nem,NSW1
2017-10-24 12:05:00,392.2,wind,MW,nem,NSW1
2017-10-24 12:10:00,392.7,wind,MW,nem,NSW1
2017-10-24 12:15:00,374.8,wind,MW,nem,NSW1
2017-10-24 12:20:00,383.2,wind,MW,nem,NSW1
2017-10-24 12:25:00,392.5,wind,MW,nem,NSW1
2017-10-24 12:30:00,399.3,wind,MW,nem,NSW1
2017-10-24 12:35:00,374.4,wind,MW,nem,NSW1
2017-10-24 12:40:00,368.2,wind,MW,nem,NSW1
2017-10-24 12:45:00,357.3,wind,MW,nem,NSW1
2017-10-24 12:50:00,388.7,wind,MW,nem,NSW1
2017-10-24 12:55:00,364.4,wind,MW,nem,NSW1
2017-10-24 13:00:00,354.5,wind,MW,nem,NSW1
2017-10-24 13:05:00,336.2,wind,MW,nem,NSW1
2017-10-24 13:10:00,329.9,wind,MW,nem,NSW1
2017-10-24 13:15:00,309.3,wind,MW,nem,NSW1
2017-10-24 13:20:00,310.1,wind,MW,nem,NSW1
2017-10-24 13:25:00,301.2,wind,MW,nem,NSW1
2017-10-24 13:30:00,302.9,wind,MW,nem,NSW1
2017-10-24 13:35:00,295.7,wind,MW,nem,NSW1
2017-10-24 13:40:00,289.0,wind,MW,nem,NSW1
2017-10-24 13:45:00,264.0,wind,MW,nem,NSW1
2017-10-24 13:50:00,271.0,wind,MW,nem,NSW1
2017-10-24 13:55:00,279.2,wind,MW,nem,NSW1
2017-10-24 14:00:00,288.1,wind,MW,nem,NSW1
2017-10-24 14:05:00,270.9,wind,MW,nem,NSW1
2017-10-24 14:10:00,266.2,wind,MW,nem,NSW1
2017-10-24 14:15:00,291.7,wind,MW,nem,NSW1
2017-10-24 14:20:00,250.9,wind,MW,nem,NSW1
2017-10-24 14:25:00,234.9,wind,MW,nem,NSW1
2017-10-24 14:30:00,204.0,wind,MW,nem,NSW1
2017-10-24 14:35:00,199.8,wind,MW,nem,NSW1
2017-10-24 14:40:00,181.7,wind,MW,nem,NSW1
2017-10-24 14:45:00,194.0,wind,MW,nem,NSW1
2017-10-24 14:50:00,210.0,wind,MW,nem,NSW1
2017-10-24 14:55:00,228.4,wind,MW,nem,NSW1
2017-10-24 15:00:00,238.0,wind,MW,nem,NSW1
2017-10-24 15:05:00,237.7,wind,MW,nem,NSW1
2017-10-24 15:10:00,229.6,wind,MW,nem,NSW1
2017-10-24 15:15:00,214.7,wind,MW,nem,NSW1
2017-10-24 15:20:00,227.6,wind,MW,nem,NSW1
2017-10-24 15:25:00,239.6,wind,MW,nem,NSW1
2017-10-24 15:30:00,231.1,wind,MW,nem,NSW1
2017-10-24 15:35:00,237.7,wind,MW,nem,NSW1
2017-10-24 15:40:00,209.7,wind,MW,nem,NSW1
2017-10-24 15:45:00,222.5,wind,MW,nem,NSW1
2017-10-24 15:50:00,203.1,wind,MW,nem,NSW1
2017-10-24 15:55:00,213.8,wind,MW,nem,NSW1
2017-10-24 16:00:00,200.0,wind,MW,nem,NSW1
2017-10-24 16:05:00,192.3,wind,MW,nem,NSW1
2017-10-24 16:10:00,213.0,wind,MW,nem,NSW1
2017-10-24 16:15:00,206.5,wind,MW,nem,NSW1
2017-10-24 16:20:00,232.9,wind,MW,nem,NSW1
2017-10-24 16:25:00,216.5,wind,MW,nem,NSW1
2017-10-24 16:30:00,228.1,wind,MW,nem,NSW1
2017-10-24 16:35:00,199.4,wind,MW,nem,NSW1
2017-10-24 16:40:00,216.0,wind,MW,nem,NSW1
2017-10-24 16:45:00,191.1,wind,MW,nem,NSW1
2017-10-24 16:50:00,171.7,wind,MW,nem,NSW1
2017-10-24 16:55:00,152.4,wind,MW,nem,NSW1
2017-10-24 17:00:00,135.1,wind,MW,nem,NSW1
2017-10-24 17:05:00,135.5,wind,MW,nem,NSW1
2017-10-24 17:10:00,146.8,wind,MW,nem,NSW1
2017-10-24 17:15:00,147.1,wind,MW,nem,NSW1
2017-10-24 17:20:00,162.5,wind,MW,nem,NSW1
2017-10-24 17:25:00,170.6,wind,MW,nem,NSW1
2017-10-24 17:30:00,176.9,wind,MW,nem,NSW1
2017-10-24 17:35:00,186.7,wind,MW,nem,NSW1
2017-10-24 17:40:00,189.6,wind,MW,nem,NSW1
2017-10-24 17:45:00,197.1,wind,MW,nem,NSW1
2017-10-24 17:50:00,187.7,wind,MW,nem,NSW1
2017-10-24 17:55:00,175.1,wind,MW,nem,NSW1
2017-10-24 18:00:00,161.2,wind,MW,nem,NSW1
2017-10-24 18:05:00,151.1,wind,MW,nem,NSW1
2017-10-24 18:10:00,142.4,wind,MW,nem,NSW1
2017-10-24 18:15:00,141.9,wind,MW,nem,NSW1
2017-10-24 18:20:00,129.8,wind,MW,nem,NSW1
2017-10-24 18:25:00,131.5,wind,MW,nem,NSW1
2017-10-24 18:30:00,133.2,wind,MW,nem,NSW1
2017-10-24 18:35:00,140.3,wind,MW,nem,NSW1
2017-10-24 18:40:00,143.3,wind,MW,nem,NSW1
2017-10-24 18:45:00,146.3,wind,MW,nem,NSW1
2017-10-24 18:50:00,151.5,wind,MW,nem,NSW1
2017-10-24 18:55:00,160.6,wind,MW,nem,NSW1
2017-10-24 19:00:00,167.7,wind,MW,nem,NSW1
2017-10-24 19:05:00,173.6,wind,MW,nem,NSW1
2017-10-24 19:10:00,179.7,wind,MW,nem,NSW1
2017-10-24 19:15:00,176.7,wind,MW,nem,NSW1
2017-10-24 19:20:00,175.1,wind,MW,nem,NSW1
2017-10-24 19:25:00,170.7,wind,MW,nem,NSW1
2017-10-24 19:30:00,174.9,wind,MW,nem,NSW1
2017-10-24 19:35:00,180.4,wind,MW,nem,NSW1
2017-10-24 19:40:00,181.2,wind,MW,nem,NSW1
2017-10-24 19:45:00,181.6,wind,MW,nem,NSW1
2017-10-24 19:50:00,183.7,wind,MW,nem,NSW1
2017-10-24 19:55:00,180.1,wind,MW,nem,NSW1
2017-10-24 20:00:00,176.2,wind,MW,nem,NSW1
2017-10-24 20:05:00,163.9,wind,MW,nem,NSW1
2017-10-24 20:10:00,148.6,wind,MW,nem,NSW1
2017-10-24 20:15:00,140.0,wind,MW,nem,NSW1
2017-10-24 20:20:00,136.3,wind,MW,nem,NSW1
2017-10-24 20:25:00,135.1,wind,MW,nem,NSW1
2017-10-24 20:30:00,141.4,wind,MW,nem,NSW1
2017-10-24 20:35:00,143.6,wind,MW,nem,NSW1
2017-10-24 20:40:00,140.9,wind,MW,nem,NSW1
2017-10-24 20:45:00,144.8,wind,MW,nem,NSW1
2017-10-24 20:50:00,147.6,wind,MW,nem,NSW1
2017-10-24 20:55:00,138.5,wind,MW,nem,NSW1
2017-10-24 21:00:00,132.1,wind,MW,nem,NSW1
2017-10-24 21:05:00,134.6,wind,MW,nem,NSW1
2017-10-24 21:10:00,139.1,wind,MW,nem,NSW1
2017-10-24 21:15:00,139.9,wind,MW,nem,NSW1
2017-10-24 21:20:00,145.0,wind,MW,nem,NSW1
2017-10-24 21:25:00,149.0,wind,MW,nem,NSW1
2017-10-24 21:30:00,147.1,wind,MW,nem,NSW1
2017-10-24 21:35:00,143.7,wind,MW,nem,NSW1
2017-10-24 21:40:00,137.6,wind,MW,nem,NSW1
2017-10-24 21:45:00,138.4,wind,MW,nem,NSW1
2017-10-24 21:50:00,138.5,wind,MW,nem,NSW1
2017-10-24 21:55:00,133.8,wind,MW,nem,NSW1
2017-10-24 22:00:00,135.3,wind,MW,nem,NSW1
2017-10-24 22:05:00,129.7,wind,MW,nem,NSW1
2017-10-24 22:10:00,127.3,wind,MW,nem,NSW1
2017-10-24 22:15:00,121.9,wind,MW,nem,NSW1
2017-10-24 22:20:00,116.1,wind,MW,nem,NSW1
2017-10-24 22:25:00,113.4,wind,MW,nem,NSW1
2017-10-24 22:30:00,109.5,wind,MW,nem,NSW1
2017-10-24 22:35:00,103.6,wind,MW,nem,NSW1
2017-10-24 22:40:00,96.46,wind,MW,nem,NSW1
2017-10-24 22:45:00,93.86,wind,MW,nem,NSW1
2017-10-24 22:50:00,89.08,wind,MW,nem,NSW1
2017-10-24 22:55:00,89.45,wind,MW,nem,NSW1
2017-10-24 23:00:00,91.8,wind,MW,nem,NSW1
2017-10-24 23:05:00,99.89,wind,MW,nem,NSW1
2017-10-24 23:10:00,106.9,wind,MW,nem,NSW1
2017-10-24 23:15:00,113.8,wind,MW,nem,NSW1
2017-10-24 23:20:00,115.5,wind,MW,nem,NSW1
2017-10-24 23:25:00,116.7,wind,MW,nem,NSW1
2017-10-24 23:30:00,111.8,wind,MW,nem,NSW1
2017-10-24 23:35:00,112.5,wind,MW,nem,NSW1
2017-10-24 23:40:00,116.8,wind,MW,nem,NSW1
2017-10-24 23:45:00,125.4,wind,MW,nem,NSW1
2017-10-24 23:50:00,127.6,wind,MW,nem,NSW1
2017-10-24 23:55:00,136.7,wind,MW,nem,NSW1
2017-10-25 00:00:00,140.4,wind,MW,nem,NSW1
2017-10-25 00:05:00,153.2,wind,MW,nem,NSW1
2017-10-25 00:10:00,123.2,wind,MW,nem,NSW1
2017-10-25 00:15:00,134.8,wind,MW,nem,NSW1
2017-10-25 00:20:00,117.5,wind,MW,nem,NSW1
2017-10-25 00:25:00,113.6,wind,MW,nem,NSW1
2017-10-25 00:30:00,141.3,wind,MW,nem,NSW1
2017-10-25 00:35:00,162.5,wind,MW,nem,NSW1
2017-10-25 00:40:00,133.2,wind,MW,nem,NSW1
2017-10-25 00:45:00,88.87,wind,MW,nem,NSW1
2017-10-25 00:50:00,91.14,wind,MW,nem,NSW1
2017-10-25 00:55:00,93.86,wind,MW,nem,NSW1
2017-10-25 01:00:00,94.36,wind,MW,nem,NSW1
2017-10-25 01:05:00,98.65,wind,MW,nem,NSW1
2017-10-25 01:10:00,104.5,wind,MW,nem,NSW1
2017-10-25 01:15:00,109.4,wind,MW,nem,NSW1
2017-10-25 01:20:00,114.1,wind,MW,nem,NSW1
2017-10-25 01:25:00,121.3,wind,MW,nem,NSW1
2017-10-25 01:30:00,125.5,wind,MW,nem,NSW1
2017-10-25 01:35:00,118.9,wind,MW,nem,NSW1
2017-10-25 01:40:00,126.4,wind,MW,nem,NSW1
2017-10-25 01:45:00,140.1,wind,MW,nem,NSW1
2017-10-25 01:50:00,139.4,wind,MW,nem,NSW1
2017-10-25 01:55:00,135.0,wind,MW,nem,NSW1
2017-10-25 02:00:00,134.6,wind,MW,nem,NSW1
2017-10-25 02:05:00,147.1,wind,MW,nem,NSW1
2017-10-25 02:10:00,153.9,wind,MW,nem,NSW1
2017-10-25 02:15:00,156.5,wind,MW,nem,NSW1
2017-10-25 02:20:00,158.4,wind,MW,nem,NSW1
2017-10-25 02:25:00,165.8,wind,MW,nem,NSW1
2017-10-25 02:30:00,187.8,wind,MW,nem,NSW1
2017-10-25 02:35:00,215.5,wind,MW,nem,NSW1
2017-10-25 02:40:00,193.0,wind,MW,nem,NSW1
2017-10-25 02:45:00,161.7,wind,MW,nem,NSW1
2017-10-25 02:50:00,150.7,wind,MW,nem,NSW1
2017-10-25 02:55:00,141.0,wind,MW,nem,NSW1
2017-10-25 03:00:00,141.4,wind,MW,nem,NSW1
2017-10-25 03:05:00,147.7,wind,MW,nem,NSW1
2017-10-25 03:10:00,160.1,wind,MW,nem,NSW1
2017-10-25 03:15:00,167.7,wind,MW,nem,NSW1
2017-10-25 03:20:00,199.3,wind,MW,nem,NSW1
2017-10-25 03:25:00,245.0,wind,MW,nem,NSW1
2017-10-25 03:30:00,261.2,wind,MW,nem,NSW1
2017-10-25 03:35:00,283.5,wind,MW,nem,NSW1
2017-10-25 03:40:00,293.7,wind,MW,nem,NSW1
2017-10-25 03:45:00,264.5,wind,MW,nem,NSW1
2017-10-25 03:50:00,233.6,wind,MW,nem,NSW1
2017-10-25 03:55:00,197.3,wind,MW,nem,NSW1
2017-10-25 04:00:00,151.8,wind,MW,nem,NSW1
2017-10-25 04:05:00,112.4,wind,MW,nem,NSW1
2017-10-25 04:10:00,85.78,wind,MW,nem,NSW1
2017-10-25 04:15:00,58.22,wind,MW,nem,NSW1
2017-10-25 04:20:00,63.99,wind,MW,nem,NSW1
2017-10-25 04:25:00,60.6,wind,MW,nem,NSW1
2017-10-25 04:30:00,62.16,wind,MW,nem,NSW1
2017-10-25 04:35:00,59.78,wind,MW,nem,NSW1
2017-10-25 04:40:00,67.45,wind,MW,nem,NSW1
2017-10-25 04:45:00,65.3,wind,MW,nem,NSW1
2017-10-25 04:50:00,62.59,wind,MW,nem,NSW1
2017-10-25 04:55:00,64.28,wind,MW,nem,NSW1
2017-10-25 05:00:00,60.78,wind,MW,nem,NSW1
2017-10-25 05:05:00,65.8,wind,MW,nem,NSW1
2017-10-25 05:10:00,55.06,wind,MW,nem,NSW1
2017-10-25 05:15:00,61.94,wind,MW,nem,NSW1
2017-10-25 05:20:00,60.27,wind,MW,nem,NSW1
2017-10-25 05:25:00,45.6,wind,MW,nem,NSW1
2017-10-25 05:30:00,40.32,wind,MW,nem,NSW1
2017-10-25 05:35:00,36.43,wind,MW,nem,NSW1
2017-10-25 05:40:00,39.04,wind,MW,nem,NSW1
2017-10-25 05:45:00,44.91,wind,MW,nem,NSW1
2017-10-25 05:50:00,47.6,wind,MW,nem,NSW1
2017-10-25 05:55:00,52.34,wind,MW,nem,NSW1
2017-10-25 06:00:00,58.95,wind,MW,nem,NSW1
2017-10-25 06:05:00,71.32,wind,MW,nem,NSW1
2017-10-25 06:10:00,83.02,wind,MW,nem,NSW1
2017-10-25 06:15:00,93.99,wind,MW,nem,NSW1
2017-10-25 06:20:00,107.1,wind,MW,nem,NSW1
2017-10-25 06:25:00,116.1,wind,MW,nem,NSW1
2017-10-25 06:30:00,128.1,wind,MW,nem,NSW1
2017-10-25 06:35:00,135.7,wind,MW,nem,NSW1
2017-10-25 06:40:00,145.6,wind,MW,nem,NSW1
2017-10-25 06:45:00,163.4,wind,MW,nem,NSW1
2017-10-25 06:50:00,174.3,wind,MW,nem,NSW1
2017-10-25 06:55:00,183.0,wind,MW,nem,NSW1
2017-10-25 07:00:00,202.5,wind,MW,nem,NSW1
2017-10-25 07:05:00,227.2,wind,MW,nem,NSW1
2017-10-25 07:10:00,231.9,wind,MW,nem,NSW1
2017-10-25 07:15:00,223.4,wind,MW,nem,NSW1
2017-10-25 07:20:00,213.9,wind,MW,nem,NSW1
2017-10-25 07:25:00,193.3,wind,MW,nem,NSW1
2017-10-25 07:30:00,177.1,wind,MW,nem,NSW1
2017-10-25 07:35:00,173.6,wind,MW,nem,NSW1
2017-10-25 07:40:00,160.9,wind,MW,nem,NSW1
2017-10-25 07:45:00,144.6,wind,MW,nem,NSW1
2017-10-25 07:50:00,141.8,wind,MW,nem,NSW1
2017-10-25 07:55:00,139.9,wind,MW,nem,NSW1
2017-10-25 08:00:00,131.5,wind,MW,nem,NSW1
2017-10-25 08:05:00,133.4,wind,MW,nem,NSW1
2017-10-25 08:10:00,148.0,wind,MW,nem,NSW1
2017-10-25 08:15:00,158.1,wind,MW,nem,NSW1
2017-10-25 08:20:00,161.0,wind,MW,nem,NSW1
2017-10-25 08:25:00,176.8,wind,MW,nem,NSW1
2017-10-25 08:30:00,197.1,wind,MW,nem,NSW1
2017-10-25 08:35:00,215.8,wind,MW,nem,NSW1
2017-10-25 08:40:00,213.2,wind,MW,nem,NSW1
2017-10-25 08:45:00,234.9,wind,MW,nem,NSW1
2017-10-25 08:50:00,248.4,wind,MW,nem,NSW1
2017-10-25 08:55:00,271.5,wind,MW,nem,NSW1
2017-10-25 09:00:00,306.4,wind,MW,nem,NSW1
2017-10-25 09:05:00,325.1,wind,MW,nem,NSW1
2017-10-25 09:10:00,349.6,wind,MW,nem,NSW1
2017-10-25 09:15:00,381.8,wind,MW,nem,NSW1
2017-10-25 09:20:00,389.9,wind,MW,nem,NSW1
2017-10-25 09:25:00,397.7,wind,MW,nem,NSW1
2017-10-25 09:30:00,397.7,wind,MW,nem,NSW1
2017-10-25 09:35:00,419.1,wind,MW,nem,NSW1
2017-10-25 09:40:00,431.2,wind,MW,nem,NSW1
2017-10-25 09:45:00,423.3,wind,MW,nem,NSW1
2017-10-25 09:50:00,418.4,wind,MW,nem,NSW1
2017-10-25 09:55:00,425.3,wind,MW,nem,NSW1
2017-10-25 10:00:00,428.5,wind,MW,nem,NSW1
2017-10-25 10:05:00,443.0,wind,MW,nem,NSW1
2017-10-25 10:10:00,455.4,wind,MW,nem,NSW1
2017-10-25 10:15:00,467.3,wind,MW,nem,NSW1
2017-10-25 10:20:00,458.5,wind,MW,nem,NSW1
2017-10-25 10:25:00,480.6,wind,MW,nem,NSW1
2017-10-25 10:30:00,453.5,wind,MW,nem,NSW1
2017-10-25 10:35:00,460.1,wind,MW,nem,NSW1
2017-10-25 10:40:00,483.0,wind,MW,nem,NSW1
2017-10-25 10:45:00,481.1,wind,MW,nem,NSW1
2017-10-25 10:50:00,483.8,wind,MW,nem,NSW1
2017-10-25 10:55:00,491.5,wind,MW,nem,NSW1
2017-10-25 11:00:00,482.7,wind,MW,nem,NSW1
2017-10-25 11:05:00,497.5,wind,MW,nem,NSW1
2017-10-25 11:10:00,503.1,wind,MW,nem,NSW1
2017-10-25 11:15:00,496.5,wind,MW,nem,NSW1
2017-10-25 11:20:00,525.9,wind,MW,nem,NSW1
2017-10-25 11:25:00,524.9,wind,MW,nem,NSW1
2017-10-25 11:30:00,543.3,wind,MW,nem,NSW1
2017-10-25 11:35:00,553.1,wind,MW,nem,NSW1
2017-10-25 11:40:00,548.1,wind,MW,nem,NSW1
2017-10-25 11:45:00,512.9,wind,MW,nem,NSW1
2017-10-25 11:50:00,522.2,wind,MW,nem,NSW1
2017-10-25 11:55:00,507.9,wind,MW,nem,NSW1
2017-10-25 12:00:00,527.6,wind,MW,nem,NSW1
2017-10-25 12:05:00,536.6,wind,MW,nem,NSW1
2017-10-25 12:10:00,506.2,wind,MW,nem,NSW1
2017-10-25 12:15:00,482.7,wind,MW,nem,NSW1
2017-10-25 12:20:00,498.5,wind,MW,nem,NSW1
2017-10-25 12:25:00,503.5,wind,MW,nem,NSW1
2017-10-25 12:30:00,519.0,wind,MW,nem,NSW1
2017-10-25 12:35:00,504.5,wind,MW,nem,NSW1
2017-10-25 12:40:00,512.4,wind,MW,nem,NSW1
2017-10-25 12:45:00,482.8,wind,MW,nem,NSW1
2017-10-25 12:50:00,474.7,wind,MW,nem,NSW1
2017-10-25 12:55:00,466.3,wind,MW,nem,NSW1
2017-10-25 13:00:00,460.9,wind,MW,nem,NSW1
2017-10-25 13:05:00,463.4,wind,MW,nem,NSW1
2017-10-25 13:10:00,476.9,wind,MW,nem,NSW1
2017-10-25 13:15:00,485.4,wind,MW,nem,NSW1
2017-10-25 13:20:00,465.7,wind,MW,nem,NSW1
2017-10-25 13:25:00,442.0,wind,MW,nem,NSW1
2017-10-25 13:30:00,454.4,wind,MW,nem,NSW1
2017-10-25 13:35:00,449.9,wind,MW,nem,NSW1
2017-10-25 13:40:00,439.4,wind,MW,nem,NSW1
2017-10-25 13:45:00,421.2,wind,MW,nem,NSW1
2017-10-25 13:50:00,418.5,wind,MW,nem,NSW1
2017-10-25 13:55:00,415.9,wind,MW,nem,NSW1
2017-10-25 14:00:00,400.4,wind,MW,nem,NSW1
2017-10-25 14:05:00,417.2,wind,MW,nem,NSW1
2017-10-25 14:10:00,427.4,wind,MW,nem,NSW1
2017-10-25 14:15:00,437.5,wind,MW,nem,NSW1
2017-10-25 14:20:00,393.0,wind,MW,nem,NSW1
2017-10-25 14:25:00,394.7,wind,MW,nem,NSW1
2017-10-25 14:30:00,401.7,wind,MW,nem,NSW1
2017-10-25 14:35:00,381.6,wind,MW,nem,NSW1
2017-10-25 14:40:00,394.1,wind,MW,nem,NSW1
2017-10-25 14:45:00,369.3,wind,MW,nem,NSW1
2017-10-25 14:50:00,325.4,wind,MW,nem,NSW1
2017-10-25 14:55:00,335.7,wind,MW,nem,NSW1
2017-10-25 15:00:00,344.4,wind,MW,nem,NSW1
2017-10-25 15:05:00,349.6,wind,MW,nem,NSW1
2017-10-25 15:10:00,352.0,wind,MW,nem,NSW1
2017-10-25 15:15:00,306.6,wind,MW,nem,NSW1
2017-10-25 15:20:00,294.1,wind,MW,nem,NSW1
2017-10-25 15:25:00,309.4,wind,MW,nem,NSW1
2017-10-25 15:30:00,295.2,wind,MW,nem,NSW1
2017-10-25 15:35:00,313.3,wind,MW,nem,NSW1
2017-10-25 15:40:00,318.7,wind,MW,nem,NSW1
2017-10-25 15:45:00,330.3,wind,MW,nem,NSW1
2017-10-25 15:50:00,320.4,wind,MW,nem,NSW1
2017-10-25 15:55:00,310.3,wind,MW,nem,NSW1
2017-10-25 16:00:00,300.7,wind,MW,nem,NSW1
2017-10-25 16:05:00,301.3,wind,MW,nem,NSW1
2017-10-25 16:10:00,278.8,wind,MW,nem,NSW1
2017-10-25 16:15:00,242.9,wind,MW,nem,NSW1
2017-10-25 16:20:00,227.7,wind,MW,nem,NSW1
2017-10-25 16:25:00,203.9,wind,MW,nem,NSW1
2017-10-25 16:30:00,199.1,wind,MW,nem,NSW1
2017-10-25 16:35:00,190.2,wind,MW,nem,NSW1
2017-10-25 16:40:00,165.9,wind,MW,nem,NSW1
2017-10-25 16:45:00,127.2,wind,MW,nem,NSW1
2017-10-25 16:50:00,114.0,wind,MW,nem,NSW1
2017-10-25 16:55:00,113.4,wind,MW,nem,NSW1
2017-10-25 17:00:00,106.2,wind,MW,nem,NSW1
2017-10-25 17:05:00,102.6,wind,MW,nem,NSW1
2017-10-25 17:10:00,94.75,wind,MW,nem,NSW1
2017-10-25 17:15:00,82.71,wind,MW,nem,NSW1
2017-10-25 17:20:00,74.03,wind,MW,nem,NSW1
2017-10-25 17:25:00,55.81,wind,MW,nem,NSW1
2017-10-25 17:30:00,48.83,wind,MW,nem,NSW1
2017-10-25 17:35:00,43.03,wind,MW,nem,NSW1
2017-10-25 17:40:00,35.61,wind,MW,nem,NSW1
2017-10-25 17:45:00,28.01,wind,MW,nem,NSW1
2017-10-25 17:50:00,33.46,wind,MW,nem,NSW1
2017-10-25 17:55:00,41.28,wind,MW,nem,NSW1
2017-10-25 18:00:00,53.83,wind,MW,nem,NSW1
2017-10-25 18:05:00,70.23,wind,MW,nem,NSW1
2017-10-25 18:10:00,75.53,wind,MW,nem,NSW1
2017-10-25 18:15:00,63.83,wind,MW,nem,NSW1
2017-10-25 18:20:00,49.97,wind,MW,nem,NSW1
2017-10-25 18:25:00,54.94,wind,MW,nem,NSW1
2017-10-25 18:30:00,56.44,wind,MW,nem,NSW1
2017-10-25 18:35:00,48.64,wind,MW,nem,NSW1
2017-10-25 18:40:00,41.32,wind,MW,nem,NSW1
2017-10-25 18:45:00,32.99,wind,MW,nem,NSW1
2017-10-25 18:50:00,30.63,wind,MW,nem,NSW1
2017-10-25 18:55:00,26.62,wind,MW,nem,NSW1
2017-10-25 19:00:00,27.18,wind,MW,nem,NSW1
2017-10-25 19:05:00,26.52,wind,MW,nem,NSW1
2017-10-25 19:10:00,26.76,wind,MW,nem,NSW1
2017-10-25 19:15:00,26.5,wind,MW,nem,NSW1
2017-10-25 19:20:00,29.2,wind,MW,nem,NSW1
2017-10-25 19:25:00,45.29,wind,MW,nem,NSW1
2017-10-25 19:30:00,78.82,wind,MW,nem,NSW1
2017-10-25 19:35:00,111.2,wind,MW,nem,NSW1
2017-10-25 19:40:00,108.9,wind,MW,nem,NSW1
2017-10-25 19:45:00,118.2,wind,MW,nem,NSW1
2017-10-25 19:50:00,123.0,wind,MW,nem,NSW1
2017-10-25 19:55:00,123.7,wind,MW,nem,NSW1
2017-10-25 20:00:00,163.5,wind,MW,nem,NSW1
2017-10-25 20:05:00,198.3,wind,MW,nem,NSW1
2017-10-25 20:10:00,196.5,wind,MW,nem,NSW1
2017-10-25 20:15:00,210.1,wind,MW,nem,NSW1
2017-10-25 20:20:00,202.9,wind,MW,nem,NSW1
2017-10-25 20:25:00,200.2,wind,MW,nem,NSW1
2017-10-25 20:30:00,218.0,wind,MW,nem,NSW1
2017-10-25 20:35:00,218.3,wind,MW,nem,NSW1
2017-10-25 20:40:00,218.9,wind,MW,nem,NSW1
2017-10-25 20:45:00,210.1,wind,MW,nem,NSW1
2017-10-25 20:50:00,212.7,wind,MW,nem,NSW1
2017-10-25 20:55:00,223.6,wind,MW,nem,NSW1
2017-10-25 21:00:00,243.7,wind,MW,nem,NSW1
2017-10-25 21:05:00,242.2,wind,MW,nem,NSW1
2017-10-25 21:10:00,221.2,wind,MW,nem,NSW1
2017-10-25 21:15:00,213.2,wind,MW,nem,NSW1
2017-10-25 21:20:00,232.9,wind,MW,nem,NSW1
2017-10-25 21:25:00,246.1,wind,MW,nem,NSW1
2017-10-25 21:30:00,230.3,wind,MW,nem,NSW1
2017-10-25 21:35:00,244.0,wind,MW,nem,NSW1
2017-10-25 21:40:00,254.9,wind,MW,nem,NSW1
2017-10-25 21:45:00,278.9,wind,MW,nem,NSW1
2017-10-25 21:50:00,271.1,wind,MW,nem,NSW1
2017-10-25 21:55:00,275.4,wind,MW,nem,NSW1
2017-10-25 22:00:00,268.4,wind,MW,nem,NSW1
2017-10-25 22:05:00,265.0,wind,MW,nem,NSW1
2017-10-25 22:10:00,264.8,wind,MW,nem,NSW1
2017-10-25 22:15:00,243.0,wind,MW,nem,NSW1
2017-10-25 22:20:00,232.7,wind,MW,nem,NSW1
2017-10-25 22:25:00,215.6,wind,MW,nem,NSW1
2017-10-25 22:30:00,210.9,wind,MW,nem,NSW1
2017-10-25 22:35:00,210.7,wind,MW,nem,NSW1
2017-10-25 22:40:00,218.5,wind,MW,nem,NSW1
2017-10-25 22:45:00,212.5,wind,MW,nem,NSW1
2017-10-25 22:50:00,214.7,wind,MW,nem,NSW1
2017-10-25 22:55:00,217.5,wind,MW,nem,NSW1
2017-10-25 23:00:00,239.7,wind,MW,nem,NSW1
2017-10-25 23:05:00,285.2,wind,MW,nem,NSW1
2017-10-25 23:10:00,259.2,wind,MW,nem,NSW1
2017-10-25 23:15:00,261.8,wind,MW,nem,NSW1
2017-10-25 23:20:00,262.5,wind,MW,nem,NSW1
2017-10-25 23:25:00,271.5,wind,MW,nem,NSW1
2017-10-25 23:30:00,273.1,wind,MW,nem,NSW1
2017-10-25 23:35:00,256.6,wind,MW,nem,NSW1
2017-10-25 23:40:00,253.2,wind,MW,nem,NSW1
2017-10-25 23:45:00,312.1,wind,MW,nem,NSW1
2017-10-25 23:50:00,323.4,wind,MW,nem,NSW1
2017-10-25 23:55:00,268.6,wind,MW,nem,NSW1
2017-10-26 00:00:00,272.7,wind,MW,nem,NSW1
2017-10-26 00:05:00,262.1,wind,MW,nem,NSW1
2017-10-26 00:10:00,260.4,wind,MW,nem,NSW1
2017-10-26 00:15:00,253.4,wind,MW,nem,NSW1
2017-10-26 00:20:00,262.9,wind,MW,nem,NSW1
2017-10-26 00:25:00,272.9,wind,MW,nem,NSW1
2017-10-26 00:30:00,274.0,wind,MW,nem,NSW1
2017-10-26 00:35:00,287.0,wind,MW,nem,NSW1
2017-10-26 00:40:00,294.7,wind,MW,nem,NSW1
2017-10-26 00:45:00,312.9,wind,MW,nem,NSW1
2017-10-26 00:50:00,316.0,wind,MW,nem,NSW1
2017-10-26 00:55:00,323.8,wind,MW,nem,NSW1
2017-10-26 01:00:00,317.6,wind,MW,nem,NSW1
2017-10-26 01:05:00,320.9,wind,MW,nem,NSW1
2017-10-26 01:10:00,320.6,wind,MW,nem,NSW1
2017-10-26 01:15:00,315.8,wind,MW,nem,NSW1
2017-10-26 01:20:00,315.3,wind,MW,nem,NSW1
2017-10-26 01:25:00,320.9,wind,MW,nem,NSW1
2017-10-26 01:30:00,329.3,wind,MW,nem,NSW1
2017-10-26 01:35:00,332.3,wind,MW,nem,NSW1
2017-10-26 01:40:00,326.9,wind,MW,nem,NSW1
2017-10-26 01:45:00,335.5,wind,MW,nem,NSW1
2017-10-26 01:50:00,337.1,wind,MW,nem,NSW1
2017-10-26 01:55:00,325.8,wind,MW,nem,NSW1
2017-10-26 02:00:00,328.1,wind,MW,nem,NSW1
2017-10-26 02:05:00,317.4,wind,MW,nem,NSW1
2017-10-26 02:10:00,312.2,wind,MW,nem,NSW1
2017-10-26 02:15:00,320.9,wind,MW,nem,NSW1
2017-10-26 02:20:00,335.5,wind,MW,nem,NSW1
2017-10-26 02:25:00,349.0,wind,MW,nem,NSW1
2017-10-26 02:30:00,341.6,wind,MW,nem,NSW1
2017-10-26 02:35:00,337.7,wind,MW,nem,NSW1
2017-10-26 02:40:00,332.9,wind,MW,nem,NSW1
2017-10-26 02:45:00,319.6,wind,MW,nem,NSW1
2017-10-26 02:50:00,316.3,wind,MW,nem,NSW1
2017-10-26 02:55:00,315.7,wind,MW,nem,NSW1
2017-10-26 03:00:00,318.1,wind,MW,nem,NSW1
2017-10-26 03:05:00,330.7,wind,MW,nem,NSW1
2017-10-26 03:10:00,328.8,wind,MW,nem,NSW1
2017-10-26 03:15:00,321.6,wind,MW,nem,NSW1
2017-10-26 03:20:00,309.3,wind,MW,nem,NSW1
2017-10-26 03:25:00,307.5,wind,MW,nem,NSW1
2017-10-26 03:30:00,303.4,wind,MW,nem,NSW1
2017-10-26 03:35:00,308.0,wind,MW,nem,NSW1
2017-10-26 03:40:00,311.0,wind,MW,nem,NSW1
2017-10-26 03:45:00,312.4,wind,MW,nem,NSW1
2017-10-26 03:50:00,315.7,wind,MW,nem,NSW1
2017-10-26 03:55:00,321.5,wind,MW,nem,NSW1
2017-10-26 04:00:00,312.5,wind,MW,nem,NSW1
2017-10-26 04:05:00,313.9,wind,MW,nem,NSW1
2017-10-26 04:10:00,317.5,wind,MW,nem,NSW1
2017-10-26 04:15:00,329.6,wind,MW,nem,NSW1
2017-10-26 04:20:00,338.6,wind,MW,nem,NSW1
2017-10-26 04:25:00,354.9,wind,MW,nem,NSW1
2017-10-26 04:30:00,382.0,wind,MW,nem,NSW1
2017-10-26 04:35:00,357.3,wind,MW,nem,NSW1
2017-10-26 04:40:00,365.4,wind,MW,nem,NSW1
2017-10-26 04:45:00,355.6,wind,MW,nem,NSW1
2017-10-26 04:50:00,343.1,wind,MW,nem,NSW1
2017-10-26 04:55:00,349.0,wind,MW,nem,NSW1
2017-10-26 05:00:00,344.6,wind,MW,nem,NSW1
2017-10-26 05:05:00,348.4,wind,MW,nem,NSW1
2017-10-26 05:10:00,338.4,wind,MW,nem,NSW1
2017-10-26 05:15:00,325.0,wind,MW,nem,NSW1
2017-10-26 05:20:00,330.6,wind,MW,nem,NSW1
2017-10-26 05:25:00,326.2,wind,MW,nem,NSW1
2017-10-26 05:30:00,324.9,wind,MW,nem,NSW1
2017-10-26 05:35:00,314.4,wind,MW,nem,NSW1
2017-10-26 05:40:00,328.1,wind,MW,nem,NSW1
2017-10-26 05:45:00,319.9,wind,MW,nem,NSW1
2017-10-26 05:50:00,316.8,wind,MW,nem,NSW1
2017-10-26 05:55:00,326.7,wind,MW,nem,NSW1
2017-10-26 06:00:00,321.0,wind,MW,nem,NSW1
2017-10-26 06:05:00,323.6,wind,MW,nem,NSW1
2017-10-26 06:10:00,319.2,wind,MW,nem,NSW1
2017-10-26 06:15:00,308.6,wind,MW,nem,NSW1
2017-10-26 06:20:00,298.5,wind,MW,nem,NSW1
2017-10-26 06:25:00,300.7,wind,MW,nem,NSW1
2017-10-26 06:30:00,304.9,wind,MW,nem,NSW1
2017-10-26 06:35:00,295.7,wind,MW,nem,NSW1
2017-10-26 06:40:00,288.0,wind,MW,nem,NSW1
2017-10-26 06:45:00,287.8,wind,MW,nem,NSW1
2017-10-26 06:50:00,270.0,wind,MW,nem,NSW1
2017-10-26 06:55:00,272.4,wind,MW,nem,NSW1
2017-10-26 07:00:00,267.3,wind,MW,nem,NSW1
2017-10-26 07:05:00,275.0,wind,MW,nem,NSW1
2017-10-26 07:10:00,269.7,wind,MW,nem,NSW1
2017-10-26 07:15:00,271.8,wind,MW,nem,NSW1
2017-10-26 07:20:00,273.2,wind,MW,nem,NSW1
2017-10-26 07:25:00,280.7,wind,MW,nem,NSW1
2017-10-26 07:30:00,277.9,wind,MW,nem,NSW1
2017-10-26 07:35:00,281.3,wind,MW,nem,NSW1
2017-10-26 07:40:00,274.4,wind,MW,nem,NSW1
2017-10-26 07:45:00,260.4,wind,MW,nem,NSW1
2017-10-26 07:50:00,265.4,wind,MW,nem,NSW1
2017-10-26 07:55:00,258.5,wind,MW,nem,NSW1
2017-10-26 08:00:00,254.0,wind,MW,nem,NSW1
2017-10-26 08:05:00,257.3,wind,MW,nem,NSW1
2017-10-26 08:10:00,267.3,wind,MW,nem,NSW1
2017-10-26 08:15:00,262.7,wind,MW,nem,NSW1
2017-10-26 08:20:00,254.9,wind,MW,nem,NSW1
2017-10-26 08:25:00,256.7,wind,MW,nem,NSW1
2017-10-26 08:30:00,265.5,wind,MW,nem,NSW1
2017-10-26 08:35:00,251.4,wind,MW,nem,NSW1
2017-10-26 08:40:00,254.7,wind,MW,nem,NSW1
2017-10-26 08:45:00,240.8,wind,MW,nem,NSW1
2017-10-26 08:50:00,243.4,wind,MW,nem,NSW1
2017-10-26 08:55:00,251.4,wind,MW,nem,NSW1
2017-10-26 09:00:00,248.5,wind,MW,nem,NSW1
2017-10-26 09:05:00,252.5,wind,MW,nem,NSW1
2017-10-26 09:10:00,246.3,wind,MW,nem,NSW1
2017-10-26 09:15:00,248.6,wind,MW,nem,NSW1
2017-10-26 09:20:00,245.7,wind,MW,nem,NSW1
2017-10-26 09:25:00,243.5,wind,MW,nem,NSW1
2017-10-26 09:30:00,243.0,wind,MW,nem,NSW1
2017-10-26 09:35:00,241.5,wind,MW,nem,NSW1
2017-10-26 09:40:00,230.7,wind,MW,nem,NSW1
2017-10-26 09:45:00,212.4,wind,MW,nem,NSW1
2017-10-26 09:50:00,221.5,wind,MW,nem,NSW1
2017-10-26 09:55:00,212.6,wind,MW,nem,NSW1
2017-10-26 10:00:00,217.3,wind,MW,nem,NSW1
2017-10-26 10:05:00,214.8,wind,MW,nem,NSW1
2017-10-26 10:10:00,222.1,wind,MW,nem,NSW1
2017-10-26 10:15:00,218.9,wind,MW,nem,NSW1
2017-10-26 10:20:00,233.2,wind,MW,nem,NSW1
2017-10-26 10:25:00,247.4,wind,MW,nem,NSW1
2017-10-26 10:30:00,244.8,wind,MW,nem,NSW1
2017-10-26 10:35:00,255.0,wind,MW,nem,NSW1
2017-10-26 10:40:00,265.6,wind,MW,nem,NSW1
2017-10-26 10:45:00,273.4,wind,MW,nem,NSW1
2017-10-26 10:50:00,279.4,wind,MW,nem,NSW1
2017-10-26 10:55:00,284.6,wind,MW,nem,NSW1
2017-10-26 11:00:00,296.6,wind,MW,nem,NSW1
2017-10-26 11:05:00,288.7,wind,MW,nem,NSW1
2017-10-26 11:10:00,294.3,wind,MW,nem,NSW1
2017-10-26 11:15:00,306.1,wind,MW,nem,NSW1
2017-10-26 11:20:00,323.6,wind,MW,nem,NSW1
2017-10-26 11:25:00,320.6,wind,MW,nem,NSW1
2017-10-26 11:30:00,322.0,wind,MW,nem,NSW1
2017-10-26 11:35:00,312.5,wind,MW,nem,NSW1
2017-10-26 11:40:00,308.0,wind,MW,nem,NSW1
2017-10-26 11:45:00,310.3,wind,MW,nem,NSW1
2017-10-26 11:50:00,312.5,wind,MW,nem,NSW1
2017-10-26 11:55:00,315.0,wind,MW,nem,NSW1
2017-10-26 12:00:00,323.3,wind,MW,nem,NSW1
2017-10-26 12:05:00,333.1,wind,MW,nem,NSW1
2017-10-26 12:10:00,354.8,wind,MW,nem,NSW1
2017-10-26 12:15:00,370.4,wind,MW,nem,NSW1
2017-10-26 12:20:00,374.6,wind,MW,nem,NSW1
2017-10-26 12:25:00,372.4,wind,MW,nem,NSW1
2017-10-26 12:30:00,372.7,wind,MW,nem,NSW1
2017-10-26 12:35:00,369.7,wind,MW,nem,NSW1
2017-10-26 12:40:00,376.2,wind,MW,nem,NSW1
2017-10-26 12:45:00,386.0,wind,MW,nem,NSW1
2017-10-26 12:50:00,387.6,wind,MW,nem,NSW1
2017-10-26 12:55:00,386.9,wind,MW,nem,NSW1
2017-10-26 13:00:00,383.2,wind,MW,nem,NSW1
2017-10-26 13:05:00,381.4,wind,MW,nem,NSW1
2017-10-26 13:10:00,371.5,wind,MW,nem,NSW1
2017-10-26 13:15:00,373.0,wind,MW,nem,NSW1
2017-10-26 13:20:00,409.8,wind,MW,nem,NSW1
2017-10-26 13:25:00,419.0,wind,MW,nem,NSW1
2017-10-26 13:30:00,426.6,wind,MW,nem,NSW1
2017-10-26 13:35:00,445.3,wind,MW,nem,NSW1
2017-10-26 13:40:00,441.8,wind,MW,nem,NSW1
2017-10-26 13:45:00,432.8,wind,MW,nem,NSW1
2017-10-26 13:50:00,442.2,wind,MW,nem,NSW1
2017-10-26 13:55:00,432.4,wind,MW,nem,NSW1
2017-10-26 14:00:00,453.5,wind,MW,nem,NSW1
2017-10-26 14:05:00,434.5,wind,MW,nem,NSW1
2017-10-26 14:10:00,434.8,wind,MW,nem,NSW1
2017-10-26 14:15:00,424.6,wind,MW,nem,NSW1
2017-10-26 14:20:00,436.7,wind,MW,nem,NSW1
2017-10-26 14:25:00,449.3,wind,MW,nem,NSW1
2017-10-26 14:30:00,452.7,wind,MW,nem,NSW1
2017-10-26 14:35:00,445.8,wind,MW,nem,NSW1
2017-10-26 14:40:00,435.4,wind,MW,nem,NSW1
2017-10-26 14:45:00,450.9,wind,MW,nem,NSW1
2017-10-26 14:50:00,433.0,wind,MW,nem,NSW1
2017-10-26 14:55:00,456.3,wind,MW,nem,NSW1
2017-10-26 15:00:00,470.2,wind,MW,nem,NSW1
2017-10-26 15:05:00,469.1,wind,MW,nem,NSW1
2017-10-26 15:10:00,462.4,wind,MW,nem,NSW1
2017-10-26 15:15:00,456.4,wind,MW,nem,NSW1
2017-10-26 15:20:00,450.3,wind,MW,nem,NSW1
2017-10-26 15:25:00,442.2,wind,MW,nem,NSW1
2017-10-26 15:30:00,447.6,wind,MW,nem,NSW1
2017-10-26 15:35:00,437.7,wind,MW,nem,NSW1
2017-10-26 15:40:00,429.9,wind,MW,nem,NSW1
2017-10-26 15:45:00,421.9,wind,MW,nem,NSW1
2017-10-26 15:50:00,430.8,wind,MW,nem,NSW1
2017-10-26 15:55:00,413.2,wind,MW,nem,NSW1
2017-10-26 16:00:00,403.3,wind,MW,nem,NSW1
2017-10-26 16:05:00,418.5,wind,MW,nem,NSW1
2017-10-26 16:10:00,430.9,wind,MW,nem,NSW1
2017-10-26 16:15:00,438.0,wind,MW,nem,NSW1
2017-10-26 16:20:00,465.9,wind,MW,nem,NSW1
2017-10-26 16:25:00,465.0,wind,MW,nem,NSW1
2017-10-26 16:30:00,473.3,wind,MW,nem,NSW1
2017-10-26 16:35:00,464.1,wind,MW,nem,NSW1
2017-10-26 16:40:00,449.2,wind,MW,nem,NSW1
2017-10-26 16:45:00,446.0,wind,MW,nem,NSW1
2017-10-26 16:50:00,435.8,wind,MW,nem,NSW1
2017-10-26 16:55:00,428.5,wind,MW,nem,NSW1
2017-10-26 17:00:00,438.3,wind,MW,nem,NSW1
2017-10-26 17:05:00,453.6,wind,MW,nem,NSW1
2017-10-26 17:10:00,437.7,wind,MW,nem,NSW1
2017-10-26 17:15:00,444.4,wind,MW,nem,NSW1
2017-10-26 17:20:00,436.1,wind,MW,nem,NSW1
2017-10-26 17:25:00,399.6,wind,MW,nem,NSW1
2017-10-26 17:30:00,406.4,wind,MW,nem,NSW1
2017-10-26 17:35:00,386.9,wind,MW,nem,NSW1
2017-10-26 17:40:00,403.5,wind,MW,nem,NSW1
2017-10-26 17:45:00,405.5,wind,MW,nem,NSW1
2017-10-26 17:50:00,395.6,wind,MW,nem,NSW1
2017-10-26 17:55:00,390.6,wind,MW,nem,NSW1
2017-10-26 18:00:00,395.1,wind,MW,nem,NSW1
2017-10-26 18:05:00,399.6,wind,MW,nem,NSW1
2017-10-26 18:10:00,407.7,wind,MW,nem,NSW1
2017-10-26 18:15:00,427.2,wind,MW,nem,NSW1
2017-10-26 18:20:00,447.4,wind,MW,nem,NSW1
2017-10-26 18:25:00,429.3,wind,MW,nem,NSW1
2017-10-26 18:30:00,397.1,wind,MW,nem,NSW1
2017-10-26 18:35:00,360.1,wind,MW,nem,NSW1
2017-10-26 18:40:00,352.8,wind,MW,nem,NSW1
2017-10-26 18:45:00,337.9,wind,MW,nem,NSW1
2017-10-26 18:50:00,317.7,wind,MW,nem,NSW1
2017-10-26 18:55:00,309.5,wind,MW,nem,NSW1
2017-10-26 19:00:00,307.9,wind,MW,nem,NSW1
2017-10-26 19:05:00,332.7,wind,MW,nem,NSW1
2017-10-26 19:10:00,333.4,wind,MW,nem,NSW1
2017-10-26 19:15:00,349.9,wind,MW,nem,NSW1
2017-10-26 19:20:00,404.4,wind,MW,nem,NSW1
2017-10-26 19:25:00,384.8,wind,MW,nem,NSW1
2017-10-26 19:30:00,386.1,wind,MW,nem,NSW1
2017-10-26 19:35:00,390.2,wind,MW,nem,NSW1
2017-10-26 19:40:00,369.6,wind,MW,nem,NSW1
2017-10-26 19:45:00,369.7,wind,MW,nem,NSW1
2017-10-26 19:50:00,362.5,wind,MW,nem,NSW1
2017-10-26 19:55:00,351.7,wind,MW,nem,NSW1
2017-10-26 20:00:00,322.0,wind,MW,nem,NSW1
2017-10-26 20:05:00,286.2,wind,MW,nem,NSW1
2017-10-26 20:10:00,255.8,wind,MW,nem,NSW1
2017-10-26 20:15:00,244.8,wind,MW,nem,NSW1
2017-10-26 20:20:00,253.1,wind,MW,nem,NSW1
2017-10-26 20:25:00,273.5,wind,MW,nem,NSW1
2017-10-26 20:30:00,297.8,wind,MW,nem,NSW1
2017-10-26 20:35:00,290.5,wind,MW,nem,NSW1
2017-10-26 20:40:00,293.2,wind,MW,nem,NSW1
2017-10-26 20:45:00,282.2,wind,MW,nem,NSW1
2017-10-26 20:50:00,271.3,wind,MW,nem,NSW1
2017-10-26 20:55:00,249.7,wind,MW,nem,NSW1
2017-10-26 21:00:00,241.2,wind,MW,nem,NSW1
2017-10-26 21:05:00,219.6,wind,MW,nem,NSW1
2017-10-26 21:10:00,193.6,wind,MW,nem,NSW1
2017-10-26 21:15:00,170.2,wind,MW,nem,NSW1
2017-10-26 21:20:00,179.4,wind,MW,nem,NSW1
2017-10-26 21:25:00,178.6,wind,MW,nem,NSW1
2017-10-26 21:30:00,189.4,wind,MW,nem,NSW1
2017-10-26 21:35:00,205.0,wind,MW,nem,NSW1
2017-10-26 21:40:00,206.0,wind,MW,nem,NSW1
2017-10-26 21:45:00,201.2,wind,MW,nem,NSW1
2017-10-26 21:50:00,176.0,wind,MW,nem,NSW1
2017-10-26 21:55:00,146.8,wind,MW,nem,NSW1
2017-10-26 22:00:00,134.5,wind,MW,nem,NSW1
2017-10-26 22:05:00,139.6,wind,MW,nem,NSW1
2017-10-26 22:10:00,141.7,wind,MW,nem,NSW1
2017-10-26 22:15:00,154.2,wind,MW,nem,NSW1
2017-10-26 22:20:00,167.9,wind,MW,nem,NSW1
2017-10-26 22:25:00,182.7,wind,MW,nem,NSW1
2017-10-26 22:30:00,192.6,wind,MW,nem,NSW1
2017-10-26 22:35:00,200.3,wind,MW,nem,NSW1
2017-10-26 22:40:00,199.7,wind,MW,nem,NSW1
2017-10-26 22:45:00,199.7,wind,MW,nem,NSW1
2017-10-26 22:50:00,202.2,wind,MW,nem,NSW1
2017-10-26 22:55:00,205.9,wind,MW,nem,NSW1
2017-10-26 23:00:00,198.1,wind,MW,nem,NSW1
2017-10-26 23:05:00,203.2,wind,MW,nem,NSW1
2017-10-26 23:10:00,223.1,wind,MW,nem,NSW1
2017-10-26 23:15:00,248.4,wind,MW,nem,NSW1
2017-10-26 23:20:00,238.2,wind,MW,nem,NSW1
2017-10-26 23:25:00,236.9,wind,MW,nem,NSW1
2017-10-26 23:30:00,241.9,wind,MW,nem,NSW1
2017-10-26 23:35:00,253.2,wind,MW,nem,NSW1
2017-10-26 23:40:00,258.6,wind,MW,nem,NSW1
2017-10-26 23:45:00,262.4,wind,MW,nem,NSW1
2017-10-26 23:50:00,267.2,wind,MW,nem,NSW1
2017-10-26 23:55:00,266.2,wind,MW,nem,NSW1
2017-10-27 00:00:00,253.4,wind,MW,nem,NSW1
2017-10-27 00:05:00,254.8,wind,MW,nem,NSW1
2017-10-27 00:10:00,259.0,wind,MW,nem,NSW1
2017-10-27 00:15:00,263.2,wind,MW,nem,NSW1
2017-10-27 00:20:00,251.6,wind,MW,nem,NSW1
2017-10-27 00:25:00,250.7,wind,MW,nem,NSW1
2017-10-27 00:30:00,257.9,wind,MW,nem,NSW1
2017-10-27 00:35:00,264.7,wind,MW,nem,NSW1
2017-10-27 00:40:00,275.2,wind,MW,nem,NSW1
2017-10-27 00:45:00,257.6,wind,MW,nem,NSW1
2017-10-27 00:50:00,275.9,wind,MW,nem,NSW1
2017-10-27 00:55:00,280.1,wind,MW,nem,NSW1
2017-10-27 01:00:00,275.5,wind,MW,nem,NSW1
2017-10-27 01:05:00,262.5,wind,MW,nem,NSW1
2017-10-27 01:10:00,259.4,wind,MW,nem,NSW1
2017-10-27 01:15:00,248.7,wind,MW,nem,NSW1
2017-10-27 01:20:00,250.0,wind,MW,nem,NSW1
2017-10-27 01:25:00,261.5,wind,MW,nem,NSW1
2017-10-27 01:30:00,244.7,wind,MW,nem,NSW1
2017-10-27 01:35:00,231.5,wind,MW,nem,NSW1
2017-10-27 01:40:00,216.2,wind,MW,nem,NSW1
2017-10-27 01:45:00,213.2,wind,MW,nem,NSW1
2017-10-27 01:50:00,206.2,wind,MW,nem,NSW1
2017-10-27 01:55:00,199.5,wind,MW,nem,NSW1
2017-10-27 02:00:00,202.6,wind,MW,nem,NSW1
2017-10-27 02:05:00,193.2,wind,MW,nem,NSW1
2017-10-27 02:10:00,188.6,wind,MW,nem,NSW1
2017-10-27 02:15:00,183.4,wind,MW,nem,NSW1
2017-10-27 02:20:00,164.6,wind,MW,nem,NSW1
2017-10-27 02:25:00,155.8,wind,MW,nem,NSW1
2017-10-27 02:30:00,145.7,wind,MW,nem,NSW1
2017-10-27 02:35:00,128.3,wind,MW,nem,NSW1
2017-10-27 02:40:00,117.0,wind,MW,nem,NSW1
2017-10-27 02:45:00,118.2,wind,MW,nem,NSW1
2017-10-27 02:50:00,124.4,wind,MW,nem,NSW1
2017-10-27 02:55:00,128.3,wind,MW,nem,NSW1
2017-10-27 03:00:00,124.1,wind,MW,nem,NSW1
2017-10-27 03:05:00,121.0,wind,MW,nem,NSW1
2017-10-27 03:10:00,116.2,wind,MW,nem,NSW1
2017-10-27 03:15:00,120.2,wind,MW,nem,NSW1
2017-10-27 03:20:00,125.1,wind,MW,nem,NSW1
2017-10-27 03:25:00,136.3,wind,MW,nem,NSW1
2017-10-27 03:30:00,140.2,wind,MW,nem,NSW1
2017-10-27 03:35:00,161.3,wind,MW,nem,NSW1
2017-10-27 03:40:00,157.6,wind,MW,nem,NSW1
2017-10-27 03:45:00,165.5,wind,MW,nem,NSW1
2017-10-27 03:50:00,170.3,wind,MW,nem,NSW1
2017-10-27 03:55:00,180.5,wind,MW,nem,NSW1
2017-10-27 04:00:00,179.7,wind,MW,nem,NSW1
2017-10-27 04:05:00,190.4,wind,MW,nem,NSW1
2017-10-27 04:10:00,194.8,wind,MW,nem,NSW1
2017-10-27 04:15:00,193.9,wind,MW,nem,NSW1
2017-10-27 04:20:00,190.6,wind,MW,nem,NSW1
2017-10-27 04:25:00,188.9,wind,MW,nem,NSW1
2017-10-27 04:30:00,199.9,wind,MW,nem,NSW1
2017-10-27 04:35:00,204.5,wind,MW,nem,NSW1
2017-10-27 04:40:00,221.1,wind,MW,nem,NSW1
2017-10-27 04:45:00,214.8,wind,MW,nem,NSW1
2017-10-27 04:50:00,208.9,wind,MW,nem,NSW1
2017-10-27 04:55:00,210.1,wind,MW,nem,NSW1
2017-10-27 05:00:00,211.1,wind,MW,nem,NSW1
2017-10-27 05:05:00,216.4,wind,MW,nem,NSW1
2017-10-27 05:10:00,228.5,wind,MW,nem,NSW1
2017-10-27 05:15:00,229.1,wind,MW,nem,NSW1
2017-10-27 05:20:00,224.7,wind,MW,nem,NSW1
2017-10-27 05:25:00,216.5,wind,MW,nem,NSW1
2017-10-27 05:30:00,210.9,wind,MW,nem,NSW1
2017-10-27 05:35:00,217.0,wind,MW,nem,NSW1
2017-10-27 05:40:00,216.4,wind,MW,nem,NSW1
2017-10-27 05:45:00,210.2,wind,MW,nem,NSW1
2017-10-27 05:50:00,200.3,wind,MW,nem,NSW1
2017-10-27 05:55:00,181.6,wind,MW,nem,NSW1
2017-10-27 06:00:00,189.0,wind,MW,nem,NSW1
2017-10-27 06:05:00,191.9,wind,MW,nem,NSW1
2017-10-27 06:10:00,180.5,wind,MW,nem,NSW1
2017-10-27 06:15:00,176.0,wind,MW,nem,NSW1
2017-10-27 06:20:00,168.5,wind,MW,nem,NSW1
2017-10-27 06:25:00,198.4,wind,MW,nem,NSW1
2017-10-27 06:30:00,207.2,wind,MW,nem,NSW1
2017-10-27 06:35:00,201.7,wind,MW,nem,NSW1
2017-10-27 06:40:00,194.5,wind,MW,nem,NSW1
2017-10-27 06:45:00,180.6,wind,MW,nem,NSW1
2017-10-27 06:50:00,179.2,wind,MW,nem,NSW1
2017-10-27 06:55:00,168.2,wind,MW,nem,NSW1
2017-10-27 07:00:00,164.6,wind,MW,nem,NSW1
2017-10-27 07:05:00,170.8,wind,MW,nem,NSW1
2017-10-27 07:10:00,176.3,wind,MW,nem,NSW1
2017-10-27 07:15:00,167.2,wind,MW,nem,NSW1
2017-10-27 07:20:00,165.4,wind,MW,nem,NSW1
2017-10-27 07:25:00,152.2,wind,MW,nem,NSW1
2017-10-27 07:30:00,135.8,wind,MW,nem,NSW1
2017-10-27 07:35:00,128.2,wind,MW,nem,NSW1
2017-10-27 07:40:00,131.0,wind,MW,nem,NSW1
2017-10-27 07:45:00,135.2,wind,MW,nem,NSW1
2017-10-27 07:50:00,130.1,wind,MW,nem,NSW1
2017-10-27 07:55:00,144.1,wind,MW,nem,NSW1
2017-10-27 08:00:00,127.5,wind,MW,nem,NSW1
2017-10-27 08:05:00,123.9,wind,MW,nem,NSW1
2017-10-27 08:10:00,125.1,wind,MW,nem,NSW1
2017-10-27 08:15:00,126.8,wind,MW,nem,NSW1
2017-10-27 08:20:00,121.4,wind,MW,nem,NSW1
2017-10-27 08:25:00,105.8,wind,MW,nem,NSW1
2017-10-27 08:30:00,103.1,wind,MW,nem,NSW1
2017-10-27 08:35:00,97.97,wind,MW,nem,NSW1
2017-10-27 08:40:00,100.2,wind,MW,nem,NSW1
2017-10-27 08:45:00,97.86,wind,MW,nem,NSW1
2017-10-27 08:50:00,106.6,wind,MW,nem,NSW1
2017-10-27 08:55:00,131.4,wind,MW,nem,NSW1
2017-10-27 09:00:00,135.4,wind,MW,nem,NSW1
2017-10-27 09:05:00,136.2,wind,MW,nem,NSW1
2017-10-27 09:10:00,123.4,wind,MW,nem,NSW1
2017-10-27 09:15:00,129.9,wind,MW,nem,NSW1
2017-10-27 09:20:00,122.3,wind,MW,nem,NSW1
2017-10-27 09:25:00,111.8,wind,MW,nem,NSW1
2017-10-27 09:30:00,105.2,wind,MW,nem,NSW1
2017-10-27 09:35:00,107.3,wind,MW,nem,NSW1
2017-10-27 09:40:00,108.0,wind,MW,nem,NSW1
2017-10-27 09:45:00,106.2,wind,MW,nem,NSW1
2017-10-27 09:50:00,105.7,wind,MW,nem,NSW1
2017-10-27 09:55:00,108.9,wind,MW,nem,NSW1
2017-10-27 10:00:00,106.6,wind,MW,nem,NSW1
2017-10-27 10:05:00,105.0,wind,MW,nem,NSW1
2017-10-27 10:10:00,109.4,wind,MW,nem,NSW1
2017-10-27 10:15:00,105.7,wind,MW,nem,NSW1
2017-10-27 10:20:00,107.3,wind,MW,nem,NSW1
2017-10-27 10:25:00,95.13,wind,MW,nem,NSW1
2017-10-27 10:30:00,80.52,wind,MW,nem,NSW1
2017-10-27 10:35:00,86.07,wind,MW,nem,NSW1
2017-10-27 10:40:00,80.26,wind,MW,nem,NSW1
2017-10-27 10:45:00,90.4,wind,MW,nem,NSW1
2017-10-27 10:50:00,93.26,wind,MW,nem,NSW1
2017-10-27 10:55:00,91.19,wind,MW,nem,NSW1
2017-10-27 11:00:00,86.28,wind,MW,nem,NSW1
2017-10-27 11:05:00,74.88,wind,MW,nem,NSW1
2017-10-27 11:10:00,72.97,wind,MW,nem,NSW1
2017-10-27 11:15:00,62.5,wind,MW,nem,NSW1
2017-10-27 11:20:00,69.02,wind,MW,nem,NSW1
2017-10-27 11:25:00,61.48,wind,MW,nem,NSW1
2017-10-27 11:30:00,70.05,wind,MW,nem,NSW1
2017-10-27 11:35:00,70.02,wind,MW,nem,NSW1
2017-10-27 11:40:00,64.3,wind,MW,nem,NSW1
2017-10-27 11:45:00,60.1,wind,MW,nem,NSW1
2017-10-27 11:50:00,61.31,wind,MW,nem,NSW1
2017-10-27 11:55:00,70.75,wind,MW,nem,NSW1
2017-10-27 12:00:00,68.3,wind,MW,nem,NSW1
2017-10-27 12:05:00,60.71,wind,MW,nem,NSW1
2017-10-27 12:10:00,61.27,wind,MW,nem,NSW1
2017-10-27 12:15:00,68.76,wind,MW,nem,NSW1
2017-10-27 12:20:00,63.06,wind,MW,nem,NSW1
2017-10-27 12:25:00,64.19,wind,MW,nem,NSW1
2017-10-27 12:30:00,58.48,wind,MW,nem,NSW1
2017-10-27 12:35:00,73.74,wind,MW,nem,NSW1
2017-10-27 12:40:00,70.34,wind,MW,nem,NSW1
2017-10-27 12:45:00,73.7,wind,MW,nem,NSW1
2017-10-27 12:50:00,70.0,wind,MW,nem,NSW1
2017-10-27 12:55:00,75.81,wind,MW,nem,NSW1
2017-10-27 13:00:00,73.01,wind,MW,nem,NSW1
2017-10-27 13:05:00,74.19,wind,MW,nem,NSW1
2017-10-27 13:10:00,84.84,wind,MW,nem,NSW1
2017-10-27 13:15:00,82.55,wind,MW,nem,NSW1
2017-10-27 13:20:00,79.52,wind,MW,nem,NSW1
2017-10-27 13:25:00,86.7,wind,MW,nem,NSW1
2017-10-27 13:30:00,89.79,wind,MW,nem,NSW1
2017-10-27 13:35:00,87.34,wind,MW,nem,NSW1
2017-10-27 13:40:00,89.73,wind,MW,nem,NSW1
2017-10-27 13:45:00,94.28,wind,MW,nem,NSW1
2017-10-27 13:50:00,106.4,wind,MW,nem,NSW1
2017-10-27 13:55:00,113.3,wind,MW,nem,NSW1
2017-10-27 14:00:00,122.7,wind,MW,nem,NSW1
2017-10-27 14:05:00,127.8,wind,MW,nem,NSW1
2017-10-27 14:10:00,105.3,wind,MW,nem,NSW1
2017-10-27 14:15:00,121.3,wind,MW,nem,NSW1
2017-10-27 14:20:00,121.9,wind,MW,nem,NSW1
2017-10-27 14:25:00,115.8,wind,MW,nem,NSW1
2017-10-27 14:30:00,110.6,wind,MW,nem,NSW1
2017-10-27 14:35:00,115.0,wind,MW,nem,NSW1
2017-10-27 14:40:00,117.0,wind,MW,nem,NSW1
2017-10-27 14:45:00,114.3,wind,MW,nem,NSW1
2017-10-27 14:50:00,106.3,wind,MW,nem,NSW1
2017-10-27 14:55:00,98.51,wind,MW,nem,NSW1
2017-10-27 15:00:00,89.89,wind,MW,nem,NSW1
2017-10-27 15:05:00,79.59,wind,MW,nem,NSW1
2017-10-27 15:10:00,86.14,wind,MW,nem,NSW1
2017-10-27 15:15:00,81.0,wind,MW,nem,NSW1
2017-10-27 15:20:00,85.91,wind,MW,nem,NSW1
2017-10-27 15:25:00,73.98,wind,MW,nem,NSW1
2017-10-27 15:30:00,82.37,wind,MW,nem,NSW1
2017-10-27 15:35:00,82.02,wind,MW,nem,NSW1
2017-10-27 15:40:00,73.15,wind,MW,nem,NSW1
2017-10-27 15:45:00,74.4,wind,MW,nem,NSW1
2017-10-27 15:50:00,71.03,wind,MW,nem,NSW1
2017-10-27 15:55:00,70.1,wind,MW,nem,NSW1
2017-10-27 16:00:00,67.52,wind,MW,nem,NSW1
2017-10-27 16:05:00,61.78,wind,MW,nem,NSW1
2017-10-27 16:10:00,58.83,wind,MW,nem,NSW1
2017-10-27 16:15:00,60.46,wind,MW,nem,NSW1
2017-10-27 16:20:00,62.09,wind,MW,nem,NSW1
2017-10-27 16:25:00,54.55,wind,MW,nem,NSW1
2017-10-27 16:30:00,52.35,wind,MW,nem,NSW1
2017-10-27 16:35:00,53.21,wind,MW,nem,NSW1
2017-10-27 16:40:00,55.77,wind,MW,nem,NSW1
2017-10-27 16:45:00,56.9,wind,MW,nem,NSW1
2017-10-27 16:50:00,60.31,wind,MW,nem,NSW1
2017-10-27 16:55:00,63.15,wind,MW,nem,NSW1
2017-10-27 17:00:00,59.75,wind,MW,nem,NSW1
2017-10-27 17:05:00,61.25,wind,MW,nem,NSW1
2017-10-27 17:10:00,65.34,wind,MW,nem,NSW1
2017-10-27 17:15:00,71.78,wind,MW,nem,NSW1
2017-10-27 17:20:00,77.49,wind,MW,nem,NSW1
2017-10-27 17:25:00,80.27,wind,MW,nem,NSW1
2017-10-27 17:30:00,93.46,wind,MW,nem,NSW1
2017-10-27 17:35:00,93.53,wind,MW,nem,NSW1
2017-10-27 17:40:00,94.12,wind,MW,nem,NSW1
2017-10-27 17:45:00,106.6,wind,MW,nem,NSW1
2017-10-27 17:50:00,118.0,wind,MW,nem,NSW1
2017-10-27 17:55:00,111.6,wind,MW,nem,NSW1
2017-10-27 18:00:00,110.6,wind,MW,nem,NSW1
2017-10-27 18:05:00,107.6,wind,MW,nem,NSW1
2017-10-27 18:10:00,105.2,wind,MW,nem,NSW1
2017-10-27 18:15:00,109.9,wind,MW,nem,NSW1
2017-10-27 18:20:00,108.1,wind,MW,nem,NSW1
2017-10-27 18:25:00,112.3,wind,MW,nem,NSW1
2017-10-27 18:30:00,119.8,wind,MW,nem,NSW1
2017-10-27 18:35:00,121.2,wind,MW,nem,NSW1
2017-10-27 18:40:00,129.8,wind,MW,nem,NSW1
2017-10-27 18:45:00,128.6,wind,MW,nem,NSW1
2017-10-27 18:50:00,130.8,wind,MW,nem,NSW1
2017-10-27 18:55:00,134.6,wind,MW,nem,NSW1
2017-10-27 19:00:00,137.8,wind,MW,nem,NSW1
2017-10-27 19:05:00,149.8,wind,MW,nem,NSW1
2017-10-27 19:10:00,150.1,wind,MW,nem,NSW1
2017-10-27 19:15:00,154.8,wind,MW,nem,NSW1
2017-10-27 19:20:00,161.9,wind,MW,nem,NSW1
2017-10-27 19:25:00,164.5,wind,MW,nem,NSW1
2017-10-27 19:30:00,173.7,wind,MW,nem,NSW1
2017-10-27 19:35:00,177.1,wind,MW,nem,NSW1
2017-10-27 19:40:00,174.1,wind,MW,nem,NSW1
2017-10-27 19:45:00,175.0,wind,MW,nem,NSW1
2017-10-27 19:50:00,174.6,wind,MW,nem,NSW1
2017-10-27 19:55:00,162.2,wind,MW,nem,NSW1
2017-10-27 20:00:00,164.4,wind,MW,nem,NSW1
2017-10-27 20:05:00,162.6,wind,MW,nem,NSW1
2017-10-27 20:10:00,171.8,wind,MW,nem,NSW1
2017-10-27 20:15:00,164.6,wind,MW,nem,NSW1
2017-10-27 20:20:00,163.3,wind,MW,nem,NSW1
2017-10-27 20:25:00,165.0,wind,MW,nem,NSW1
2017-10-27 20:30:00,173.6,wind,MW,nem,NSW1
2017-10-27 20:35:00,171.9,wind,MW,nem,NSW1
2017-10-27 20:40:00,158.9,wind,MW,nem,NSW1
2017-10-27 20:45:00,147.1,wind,MW,nem,NSW1
2017-10-27 20:50:00,145.5,wind,MW,nem,NSW1
2017-10-27 20:55:00,156.4,wind,MW,nem,NSW1
2017-10-27 21:00:00,175.7,wind,MW,nem,NSW1
2017-10-27 21:05:00,170.8,wind,MW,nem,NSW1
2017-10-27 21:10:00,168.7,wind,MW,nem,NSW1
2017-10-27 21:15:00,173.5,wind,MW,nem,NSW1
2017-10-27 21:20:00,161.5,wind,MW,nem,NSW1
2017-10-27 21:25:00,152.6,wind,MW,nem,NSW1
2017-10-27 21:30:00,141.0,wind,MW,nem,NSW1
2017-10-27 21:35:00,137.5,wind,MW,nem,NSW1
2017-10-27 21:40:00,130.2,wind,MW,nem,NSW1
2017-10-27 21:45:00,129.3,wind,MW,nem,NSW1
2017-10-27 21:50:00,127.5,wind,MW,nem,NSW1
2017-10-27 21:55:00,131.8,wind,MW,nem,NSW1
2017-10-27 22:00:00,134.3,wind,MW,nem,NSW1
2017-10-27 22:05:00,141.7,wind,MW,nem,NSW1
2017-10-27 22:10:00,138.3,wind,MW,nem,NSW1
2017-10-27 22:15:00,142.8,wind,MW,nem,NSW1
2017-10-27 22:20:00,145.2,wind,MW,nem,NSW1
2017-10-27 22:25:00,142.5,wind,MW,nem,NSW1
2017-10-27 22:30:00,141.8,wind,MW,nem,NSW1
2017-10-27 22:35:00,139.8,wind,MW,nem,NSW1
2017-10-27 22:40:00,142.6,wind,MW,nem,NSW1
2017-10-27 22:45:00,137.2,wind,MW,nem,NSW1
2017-10-27 22:50:00,134.1,wind,MW,nem,NSW1
2017-10-27 22:55:00,131.2,wind,MW,nem,NSW1
2017-10-27 23:00:00,130.1,wind,MW,nem,NSW1
2017-10-27 23:05:00,137.2,wind,MW,nem,NSW1
2017-10-27 23:10:00,135.5,wind,MW,nem,NSW1
2017-10-27 23:15:00,129.5,wind,MW,nem,NSW1
2017-10-27 23:20:00,120.8,wind,MW,nem,NSW1
2017-10-27 23:25:00,126.4,wind,MW,nem,NSW1
2017-10-27 23:30:00,126.9,wind,MW,nem,NSW1
2017-10-27 23:35:00,125.1,wind,MW,nem,NSW1
2017-10-27 23:40:00,136.3,wind,MW,nem,NSW1
2017-10-27 23:45:00,142.3,wind,MW,nem,NSW1
2017-10-27 23:50:00,142.2,wind,MW,nem,NSW1
2017-10-27 23:55:00,141.5,wind,MW,nem,NSW1
2017-10-28 00:00:00,139.9,wind,MW,nem,NSW1
2017-10-28 00:05:00,140.0,wind,MW,nem,NSW1
2017-10-28 00:10:00,137.9,wind,MW,nem,NSW1
2017-10-28 00:15:00,142.2,wind,MW,nem,NSW1
2017-10-28 00:20:00,143.9,wind,MW,nem,NSW1
2017-10-28 00:25:00,144.5,wind,MW,nem,NSW1
2017-10-28 00:30:00,145.8,wind,MW,nem,NSW1
2017-10-28 00:35:00,148.1,wind,MW,nem,NSW1
2017-10-28 00:40:00,149.8,wind,MW,nem,NSW1
2017-10-28 00:45:00,150.5,wind,MW,nem,NSW1
2017-10-28 00:50:00,147.9,wind,MW,nem,NSW1
2017-10-28 00:55:00,147.2,wind,MW,nem,NSW1
2017-10-28 01:00:00,142.9,wind,MW,nem,NSW1
2017-10-28 01:05:00,140.6,wind,MW,nem,NSW1
2017-10-28 01:10:00,141.5,wind,MW,nem,NSW1
2017-10-28 01:15:00,143.3,wind,MW,nem,NSW1
2017-10-28 01:20:00,145.1,wind,MW,nem,NSW1
2017-10-28 01:25:00,144.8,wind,MW,nem,NSW1
2017-10-28 01:30:00,143.7,wind,MW,nem,NSW1
2017-10-28 01:35:00,147.0,wind,MW,nem,NSW1
2017-10-28 01:40:00,149.3,wind,MW,nem,NSW1
2017-10-28 01:45:00,150.3,wind,MW,nem,NSW1
2017-10-28 01:50:00,145.7,wind,MW,nem,NSW1
2017-10-28 01:55:00,149.0,wind,MW,nem,NSW1
2017-10-28 02:00:00,147.0,wind,MW,nem,NSW1
2017-10-28 02:05:00,148.4,wind,MW,nem,NSW1
2017-10-28 02:10:00,141.7,wind,MW,nem,NSW1
2017-10-28 02:15:00,131.6,wind,MW,nem,NSW1
2017-10-28 02:20:00,134.4,wind,MW,nem,NSW1
2017-10-28 02:25:00,134.0,wind,MW,nem,NSW1
2017-10-28 02:30:00,131.0,wind,MW,nem,NSW1
2017-10-28 02:35:00,127.5,wind,MW,nem,NSW1
2017-10-28 02:40:00,127.3,wind,MW,nem,NSW1
2017-10-28 02:45:00,127.9,wind,MW,nem,NSW1
2017-10-28 02:50:00,124.6,wind,MW,nem,NSW1
2017-10-28 02:55:00,117.8,wind,MW,nem,NSW1
2017-10-28 03:00:00,111.0,wind,MW,nem,NSW1
2017-10-28 03:05:00,113.8,wind,MW,nem,NSW1
2017-10-28 03:10:00,114.4,wind,MW,nem,NSW1
2017-10-28 03:15:00,119.7,wind,MW,nem,NSW1
2017-10-28 03:20:00,123.9,wind,MW,nem,NSW1
2017-10-28 03:25:00,123.9,wind,MW,nem,NSW1
2017-10-28 03:30:00,134.3,wind,MW,nem,NSW1
2017-10-28 03:35:00,142.0,wind,MW,nem,NSW1
2017-10-28 03:40:00,144.7,wind,MW,nem,NSW1
2017-10-28 03:45:00,155.1,wind,MW,nem,NSW1
2017-10-28 03:50:00,156.8,wind,MW,nem,NSW1
2017-10-28 03:55:00,163.7,wind,MW,nem,NSW1
2017-10-28 04:00:00,161.3,wind,MW,nem,NSW1
2017-10-28 04:05:00,165.1,wind,MW,nem,NSW1
2017-10-28 04:10:00,166.1,wind,MW,nem,NSW1
2017-10-28 04:15:00,160.4,wind,MW,nem,NSW1
2017-10-28 04:20:00,162.1,wind,MW,nem,NSW1
2017-10-28 04:25:00,164.0,wind,MW,nem,NSW1
2017-10-28 04:30:00,162.2,wind,MW,nem,NSW1
2017-10-28 04:35:00,167.1,wind,MW,nem,NSW1
2017-10-28 04:40:00,173.0,wind,MW,nem,NSW1
2017-10-28 04:45:00,182.7,wind,MW,nem,NSW1
2017-10-28 04:50:00,192.3,wind,MW,nem,NSW1
2017-10-28 04:55:00,195.2,wind,MW,nem,NSW1
2017-10-28 05:00:00,206.9,wind,MW,nem,NSW1
2017-10-28 05:05:00,214.4,wind,MW,nem,NSW1
2017-10-28 05:10:00,220.9,wind,MW,nem,NSW1
2017-10-28 05:15:00,227.4,wind,MW,nem,NSW1
2017-10-28 05:20:00,232.2,wind,MW,nem,NSW1
2017-10-28 05:25:00,240.7,wind,MW,nem,NSW1
2017-10-28 05:30:00,238.2,wind,MW,nem,NSW1
2017-10-28 05:35:00,242.9,wind,MW,nem,NSW1
2017-10-28 05:40:00,235.4,wind,MW,nem,NSW1
2017-10-28 05:45:00,223.1,wind,MW,nem,NSW1
2017-10-28 05:50:00,213.8,wind,MW,nem,NSW1
2017-10-28 05:55:00,210.9,wind,MW,nem,NSW1
2017-10-28 06:00:00,207.0,wind,MW,nem,NSW1
2017-10-28 06:05:00,195.0,wind,MW,nem,NSW1
2017-10-28 06:10:00,187.5,wind,MW,nem,NSW1
2017-10-28 06:15:00,181.6,wind,MW,nem,NSW1
2017-10-28 06:20:00,186.5,wind,MW,nem,NSW1
2017-10-28 06:25:00,193.1,wind,MW,nem,NSW1
2017-10-28 06:30:00,192.7,wind,MW,nem,NSW1
2017-10-28 06:35:00,192.0,wind,MW,nem,NSW1
2017-10-28 06:40:00,188.2,wind,MW,nem,NSW1
2017-10-28 06:45:00,185.6,wind,MW,nem,NSW1
2017-10-28 06:50:00,183.0,wind,MW,nem,NSW1
2017-10-28 06:55:00,167.7,wind,MW,nem,NSW1
2017-10-28 07:00:00,170.6,wind,MW,nem,NSW1
2017-10-28 07:05:00,176.5,wind,MW,nem,NSW1
2017-10-28 07:10:00,180.4,wind,MW,nem,NSW1
2017-10-28 07:15:00,168.5,wind,MW,nem,NSW1
2017-10-28 07:20:00,158.3,wind,MW,nem,NSW1
2017-10-28 07:25:00,146.2,wind,MW,nem,NSW1
2017-10-28 07:30:00,139.7,wind,MW,nem,NSW1
2017-10-28 07:35:00,140.2,wind,MW,nem,NSW1
2017-10-28 07:40:00,154.7,wind,MW,nem,NSW1
2017-10-28 07:45:00,151.2,wind,MW,nem,NSW1
2017-10-28 07:50:00,158.6,wind,MW,nem,NSW1
2017-10-28 07:55:00,181.4,wind,MW,nem,NSW1
2017-10-28 08:00:00,203.3,wind,MW,nem,NSW1
2017-10-28 08:05:00,215.0,wind,MW,nem,NSW1
2017-10-28 08:10:00,232.8,wind,MW,nem,NSW1
2017-10-28 08:15:00,237.2,wind,MW,nem,NSW1
2017-10-28 08:20:00,243.8,wind,MW,nem,NSW1
2017-10-28 08:25:00,254.2,wind,MW,nem,NSW1
2017-10-28 08:30:00,263.7,wind,MW,nem,NSW1
2017-10-28 08:35:00,259.5,wind,MW,nem,NSW1
2017-10-28 08:40:00,263.6,wind,MW,nem,NSW1
2017-10-28 08:45:00,283.4,wind,MW,nem,NSW1
2017-10-28 08:50:00,293.7,wind,MW,nem,NSW1
2017-10-28 08:55:00,290.5,wind,MW,nem,NSW1
2017-10-28 09:00:00,291.0,wind,MW,nem,NSW1
2017-10-28 09:05:00,309.1,wind,MW,nem,NSW1
2017-10-28 09:10:00,308.8,wind,MW,nem,NSW1
2017-10-28 09:15:00,301.7,wind,MW,nem,NSW1
2017-10-28 09:20:00,304.6,wind,MW,nem,NSW1
2017-10-28 09:25:00,317.3,wind,MW,nem,NSW1
2017-10-28 09:30:00,318.7,wind,MW,nem,NSW1
2017-10-28 09:35:00,306.7,wind,MW,nem,NSW1
2017-10-28 09:40:00,297.2,wind,MW,nem,NSW1
2017-10-28 09:45:00,288.2,wind,MW,nem,NSW1
2017-10-28 09:50:00,275.4,wind,MW,nem,NSW1
2017-10-28 09:55:00,257.8,wind,MW,nem,NSW1
2017-10-28 10:00:00,261.0,wind,MW,nem,NSW1
2017-10-28 10:05:00,246.8,wind,MW,nem,NSW1
2017-10-28 10:10:00,227.4,wind,MW,nem,NSW1
2017-10-28 10:15:00,230.1,wind,MW,nem,NSW1
2017-10-28 10:20:00,237.1,wind,MW,nem,NSW1
2017-10-28 10:25:00,254.5,wind,MW,nem,NSW1
2017-10-28 10:30:00,255.6,wind,MW,nem,NSW1
2017-10-28 10:35:00,264.2,wind,MW,nem,NSW1
2017-10-28 10:40:00,286.9,wind,MW,nem,NSW1
2017-10-28 10:45:00,270.7,wind,MW,nem,NSW1
2017-10-28 10:50:00,247.0,wind,MW,nem,NSW1
2017-10-28 10:55:00,251.0,wind,MW,nem,NSW1
2017-10-28 11:00:00,237.8,wind,MW,nem,NSW1
2017-10-28 11:05:00,237.8,wind,MW,nem,NSW1
2017-10-28 11:10:00,255.8,wind,MW,nem,NSW1
2017-10-28 11:15:00,258.7,wind,MW,nem,NSW1
2017-10-28 11:20:00,251.8,wind,MW,nem,NSW1
2017-10-28 11:25:00,259.2,wind,MW,nem,NSW1
2017-10-28 11:30:00,245.8,wind,MW,nem,NSW1
2017-10-28 11:35:00,241.5,wind,MW,nem,NSW1
2017-10-28 11:40:00,237.2,wind,MW,nem,NSW1
2017-10-28 11:45:00,229.4,wind,MW,nem,NSW1
2017-10-28 11:50:00,207.6,wind,MW,nem,NSW1
2017-10-28 11:55:00,199.8,wind,MW,nem,NSW1
2017-10-28 12:00:00,206.7,wind,MW,nem,NSW1
2017-10-28 12:05:00,211.1,wind,MW,nem,NSW1
2017-10-28 12:10:00,211.6,wind,MW,nem,NSW1
2017-10-28 12:15:00,206.8,wind,MW,nem,NSW1
2017-10-28 12:20:00,200.8,wind,MW,nem,NSW1
2017-10-28 12:25:00,184.6,wind,MW,nem,NSW1
2017-10-28 12:30:00,177.3,wind,MW,nem,NSW1
2017-10-28 12:35:00,166.0,wind,MW,nem,NSW1
2017-10-28 12:40:00,155.3,wind,MW,nem,NSW1
2017-10-28 12:45:00,145.9,wind,MW,nem,NSW1
2017-10-28 12:50:00,152.4,wind,MW,nem,NSW1
2017-10-28 12:55:00,153.9,wind,MW,nem,NSW1
2017-10-28 13:00:00,169.8,wind,MW,nem,NSW1
2017-10-28 13:05:00,212.9,wind,MW,nem,NSW1
2017-10-28 13:10:00,202.5,wind,MW,nem,NSW1
2017-10-28 13:15:00,220.3,wind,MW,nem,NSW1
2017-10-28 13:20:00,200.1,wind,MW,nem,NSW1
2017-10-28 13:25:00,221.3,wind,MW,nem,NSW1
2017-10-28 13:30:00,238.6,wind,MW,nem,NSW1
2017-10-28 13:35:00,239.0,wind,MW,nem,NSW1
2017-10-28 13:40:00,249.9,wind,MW,nem,NSW1
2017-10-28 13:45:00,242.5,wind,MW,nem,NSW1
2017-10-28 13:50:00,234.3,wind,MW,nem,NSW1
2017-10-28 13:55:00,261.1,wind,MW,nem,NSW1
2017-10-28 14:00:00,270.2,wind,MW,nem,NSW1
2017-10-28 14:05:00,281.9,wind,MW,nem,NSW1
2017-10-28 14:10:00,285.6,wind,MW,nem,NSW1
2017-10-28 14:15:00,302.3,wind,MW,nem,NSW1
2017-10-28 14:20:00,283.0,wind,MW,nem,NSW1
2017-10-28 14:25:00,241.6,wind,MW,nem,NSW1
2017-10-28 14:30:00,258.9,wind,MW,nem,NSW1
2017-10-28 14:35:00,250.6,wind,MW,nem,NSW1
2017-10-28 14:40:00,247.4,wind,MW,nem,NSW1
2017-10-28 14:45:00,227.4,wind,MW,nem,NSW1
2017-10-28 14:50:00,220.8,wind,MW,nem,NSW1
2017-10-28 14:55:00,236.7,wind,MW,nem,NSW1
2017-10-28 15:00:00,260.0,wind,MW,nem,NSW1
2017-10-28 15:05:00,269.8,wind,MW,nem,NSW1
2017-10-28 15:10:00,262.9,wind,MW,nem,NSW1
2017-10-28 15:15:00,261.9,wind,MW,nem,NSW1
2017-10-28 15:20:00,282.3,wind,MW,nem,NSW1
2017-10-28 15:25:00,249.1,wind,MW,nem,NSW1
2017-10-28 15:30:00,224.3,wind,MW,nem,NSW1
2017-10-28 15:35:00,238.8,wind,MW,nem,NSW1
2017-10-28 15:40:00,230.7,wind,MW,nem,NSW1
2017-10-28 15:45:00,210.9,wind,MW,nem,NSW1
2017-10-28 15:50:00,196.7,wind,MW,nem,NSW1
2017-10-28 15:55:00,174.8,wind,MW,nem,NSW1
2017-10-28 16:00:00,160.8,wind,MW,nem,NSW1
2017-10-28 16:05:00,151.7,wind,MW,nem,NSW1
2017-10-28 16:10:00,163.3,wind,MW,nem,NSW1
2017-10-28 16:15:00,162.0,wind,MW,nem,NSW1
2017-10-28 16:20:00,155.9,wind,MW,nem,NSW1
2017-10-28 16:25:00,146.1,wind,MW,nem,NSW1
2017-10-28 16:30:00,162.0,wind,MW,nem,NSW1
2017-10-28 16:35:00,161.9,wind,MW,nem,NSW1
2017-10-28 16:40:00,185.8,wind,MW,nem,NSW1
2017-10-28 16:45:00,193.6,wind,MW,nem,NSW1
2017-10-28 16:50:00,204.2,wind,MW,nem,NSW1
2017-10-28 16:55:00,197.6,wind,MW,nem,NSW1
2017-10-28 17:00:00,186.8,wind,MW,nem,NSW1
2017-10-28 17:05:00,174.3,wind,MW,nem,NSW1
2017-10-28 17:10:00,157.5,wind,MW,nem,NSW1
2017-10-28 17:15:00,170.5,wind,MW,nem,NSW1
2017-10-28 17:20:00,176.8,wind,MW,nem,NSW1
2017-10-28 17:25:00,167.5,wind,MW,nem,NSW1
2017-10-28 17:30:00,163.5,wind,MW,nem,NSW1
2017-10-28 17:35:00,164.4,wind,MW,nem,NSW1
2017-10-28 17:40:00,164.4,wind,MW,nem,NSW1
2017-10-28 17:45:00,160.2,wind,MW,nem,NSW1
2017-10-28 17:50:00,158.0,wind,MW,nem,NSW1
2017-10-28 17:55:00,147.8,wind,MW,nem,NSW1
2017-10-28 18:00:00,151.6,wind,MW,nem,NSW1
2017-10-28 18:05:00,152.9,wind,MW,nem,NSW1
2017-10-28 18:10:00,155.4,wind,MW,nem,NSW1
2017-10-28 18:15:00,146.3,wind,MW,nem,NSW1
2017-10-28 18:20:00,175.8,wind,MW,nem,NSW1
2017-10-28 18:25:00,133.3,wind,MW,nem,NSW1
2017-10-28 18:30:00,106.4,wind,MW,nem,NSW1
2017-10-28 18:35:00,131.9,wind,MW,nem,NSW1
2017-10-28 18:40:00,164.9,wind,MW,nem,NSW1
2017-10-28 18:45:00,216.1,wind,MW,nem,NSW1
2017-10-28 18:50:00,271.7,wind,MW,nem,NSW1
2017-10-28 18:55:00,265.5,wind,MW,nem,NSW1
2017-10-28 19:00:00,241.1,wind,MW,nem,NSW1
2017-10-28 19:05:00,224.6,wind,MW,nem,NSW1
2017-10-28 19:10:00,186.8,wind,MW,nem,NSW1
2017-10-28 19:15:00,141.1,wind,MW,nem,NSW1
2017-10-28 19:20:00,102.4,wind,MW,nem,NSW1
2017-10-28 19:25:00,87.07,wind,MW,nem,NSW1
2017-10-28 19:30:00,94.44,wind,MW,nem,NSW1
2017-10-28 19:35:00,85.3,wind,MW,nem,NSW1
2017-10-28 19:40:00,97.37,wind,MW,nem,NSW1
2017-10-28 19:45:00,85.11,wind,MW,nem,NSW1
2017-10-28 19:50:00,66.17,wind,MW,nem,NSW1
2017-10-28 19:55:00,50.55,wind,MW,nem,NSW1
2017-10-28 20:00:00,53.5,wind,MW,nem,NSW1
2017-10-28 20:05:00,53.71,wind,MW,nem,NSW1
2017-10-28 20:10:00,55.51,wind,MW,nem,NSW1
2017-10-28 20:15:00,50.83,wind,MW,nem,NSW1
2017-10-28 20:20:00,45.52,wind,MW,nem,NSW1
2017-10-28 20:25:00,44.55,wind,MW,nem,NSW1
2017-10-28 20:30:00,53.88,wind,MW,nem,NSW1
2017-10-28 20:35:00,43.53,wind,MW,nem,NSW1
2017-10-28 20:40:00,40.59,wind,MW,nem,NSW1
2017-10-28 20:45:00,38.75,wind,MW,nem,NSW1
2017-10-28 20:50:00,40.22,wind,MW,nem,NSW1
2017-10-28 20:55:00,42.77,wind,MW,nem,NSW1
2017-10-28 21:00:00,43.54,wind,MW,nem,NSW1
2017-10-28 21:05:00,40.72,wind,MW,nem,NSW1
2017-10-28 21:10:00,38.63,wind,MW,nem,NSW1
2017-10-28 21:15:00,40.75,wind,MW,nem,NSW1
2017-10-28 21:20:00,43.68,wind,MW,nem,NSW1
2017-10-28 21:25:00,40.16,wind,MW,nem,NSW1
2017-10-28 21:30:00,33.18,wind,MW,nem,NSW1
2017-10-28 21:35:00,32.34,wind,MW,nem,NSW1
2017-10-28 21:40:00,33.92,wind,MW,nem,NSW1
2017-10-28 21:45:00,31.48,wind,MW,nem,NSW1
2017-10-28 21:50:00,35.68,wind,MW,nem,NSW1
2017-10-28 21:55:00,48.12,wind,MW,nem,NSW1
2017-10-28 22:00:00,54.8,wind,MW,nem,NSW1
2017-10-28 22:05:00,65.06,wind,MW,nem,NSW1
2017-10-28 22:10:00,73.46,wind,MW,nem,NSW1
2017-10-28 22:15:00,76.73,wind,MW,nem,NSW1
2017-10-28 22:20:00,76.64,wind,MW,nem,NSW1
2017-10-28 22:25:00,75.14,wind,MW,nem,NSW1
2017-10-28 22:30:00,69.59,wind,MW,nem,NSW1
2017-10-28 22:35:00,70.16,wind,MW,nem,NSW1
2017-10-28 22:40:00,70.57,wind,MW,nem,NSW1
2017-10-28 22:45:00,68.95,wind,MW,nem,NSW1
2017-10-28 22:50:00,68.36,wind,MW,nem,NSW1
2017-10-28 22:55:00,75.64,wind,MW,nem,NSW1
2017-10-28 23:00:00,71.87,wind,MW,nem,NSW1
2017-10-28 23:05:00,67.3,wind,MW,nem,NSW1
2017-10-28 23:10:00,71.19,wind,MW,nem,NSW1
2017-10-28 23:15:00,66.51,wind,MW,nem,NSW1
2017-10-28 23:20:00,63.6,wind,MW,nem,NSW1
2017-10-28 23:25:00,62.16,wind,MW,nem,NSW1
2017-10-28 23:30:00,66.34,wind,MW,nem,NSW1
2017-10-28 23:35:00,73.4,wind,MW,nem,NSW1
2017-10-28 23:40:00,83.22,wind,MW,nem,NSW1
2017-10-28 23:45:00,86.93,wind,MW,nem,NSW1
2017-10-28 23:50:00,85.27,wind,MW,nem,NSW1
2017-10-28 23:55:00,98.85,wind,MW,nem,NSW1
2017-10-29 00:00:00,106.7,wind,MW,nem,NSW1
2017-10-29 00:05:00,108.6,wind,MW,nem,NSW1
2017-10-29 00:10:00,113.9,wind,MW,nem,NSW1
2017-10-29 00:15:00,114.5,wind,MW,nem,NSW1
2017-10-29 00:20:00,115.4,wind,MW,nem,NSW1
2017-10-29 00:25:00,122.0,wind,MW,nem,NSW1
2017-10-29 00:30:00,121.6,wind,MW,nem,NSW1
2017-10-29 00:35:00,117.1,wind,MW,nem,NSW1
2017-10-29 00:40:00,113.2,wind,MW,nem,NSW1
2017-10-29 00:45:00,104.5,wind,MW,nem,NSW1
2017-10-29 00:50:00,95.97,wind,MW,nem,NSW1
2017-10-29 00:55:00,96.39,wind,MW,nem,NSW1
2017-10-29 01:00:00,93.13,wind,MW,nem,NSW1
2017-10-29 01:05:00,86.99,wind,MW,nem,NSW1
2017-10-29 01:10:00,85.87,wind,MW,nem,NSW1
2017-10-29 01:15:00,98.62,wind,MW,nem,NSW1
2017-10-29 01:20:00,97.15,wind,MW,nem,NSW1
2017-10-29 01:25:00,96.97,wind,MW,nem,NSW1
2017-10-29 01:30:00,99.9,wind,MW,nem,NSW1
2017-10-29 01:35:00,106.0,wind,MW,nem,NSW1
2017-10-29 01:40:00,110.6,wind,MW,nem,NSW1
2017-10-29 01:45:00,101.5,wind,MW,nem,NSW1
2017-10-29 01:50:00,101.8,wind,MW,nem,NSW1
2017-10-29 01:55:00,108.7,wind,MW,nem,NSW1
2017-10-29 02:00:00,118.2,wind,MW,nem,NSW1
2017-10-29 02:05:00,125.1,wind,MW,nem,NSW1
2017-10-29 02:10:00,128.6,wind,MW,nem,NSW1
2017-10-29 02:15:00,140.5,wind,MW,nem,NSW1
2017-10-29 02:20:00,137.2,wind,MW,nem,NSW1
2017-10-29 02:25:00,133.1,wind,MW,nem,NSW1
2017-10-29 02:30:00,132.1,wind,MW,nem,NSW1
2017-10-29 02:35:00,138.8,wind,MW,nem,NSW1
2017-10-29 02:40:00,147.3,wind,MW,nem,NSW1
2017-10-29 02:45:00,171.6,wind,MW,nem,NSW1
2017-10-29 02:50:00,177.3,wind,MW,nem,NSW1
2017-10-29 02:55:00,183.0,wind,MW,nem,NSW1
2017-10-29 03:00:00,191.6,wind,MW,nem,NSW1
2017-10-29 03:05:00,199.4,wind,MW,nem,NSW1
2017-10-29 03:10:00,203.8,wind,MW,nem,NSW1
2017-10-29 03:15:00,198.5,wind,MW,nem,NSW1
2017-10-29 03:20:00,195.7,wind,MW,nem,NSW1
2017-10-29 03:25:00,210.6,wind,MW,nem,NSW1
2017-10-29 03:30:00,216.0,wind,MW,nem,NSW1
2017-10-29 03:35:00,207.9,wind,MW,nem,NSW1
2017-10-29 03:40:00,199.4,wind,MW,nem,NSW1
2017-10-29 03:45:00,186.2,wind,MW,nem,NSW1
2017-10-29 03:50:00,196.4,wind,MW,nem,NSW1
2017-10-29 03:55:00,217.9,wind,MW,nem,NSW1
2017-10-29 04:00:00,235.9,wind,MW,nem,NSW1
2017-10-29 04:05:00,245.2,wind,MW,nem,NSW1
2017-10-29 04:10:00,260.0,wind,MW,nem,NSW1
2017-10-29 04:15:00,270.8,wind,MW,nem,NSW1
2017-10-29 04:20:00,282.5,wind,MW,nem,NSW1
2017-10-29 04:25:00,285.3,wind,MW,nem,NSW1
2017-10-29 04:30:00,285.8,wind,MW,nem,NSW1
2017-10-29 04:35:00,294.6,wind,MW,nem,NSW1
2017-10-29 04:40:00,295.6,wind,MW,nem,NSW1
2017-10-29 04:45:00,300.5,wind,MW,nem,NSW1
2017-10-29 04:50:00,305.3,wind,MW,nem,NSW1
2017-10-29 04:55:00,338.5,wind,MW,nem,NSW1
2017-10-29 05:00:00,345.9,wind,MW,nem,NSW1
2017-10-29 05:05:00,349.9,wind,MW,nem,NSW1
2017-10-29 05:10:00,345.9,wind,MW,nem,NSW1
2017-10-29 05:15:00,346.5,wind,MW,nem,NSW1
2017-10-29 05:20:00,345.7,wind,MW,nem,NSW1
2017-10-29 05:25:00,349.6,wind,MW,nem,NSW1
2017-10-29 05:30:00,355.8,wind,MW,nem,NSW1
2017-10-29 05:35:00,352.4,wind,MW,nem,NSW1
2017-10-29 05:40:00,349.2,wind,MW,nem,NSW1
2017-10-29 05:45:00,352.2,wind,MW,nem,NSW1
2017-10-29 05:50:00,354.4,wind,MW,nem,NSW1
2017-10-29 05:55:00,358.9,wind,MW,nem,NSW1
2017-10-29 06:00:00,375.1,wind,MW,nem,NSW1
2017-10-29 06:05:00,382.1,wind,MW,nem,NSW1
2017-10-29 06:10:00,389.5,wind,MW,nem,NSW1
2017-10-29 06:15:00,382.9,wind,MW,nem,NSW1
2017-10-29 06:20:00,387.8,wind,MW,nem,NSW1
2017-10-29 06:25:00,378.9,wind,MW,nem,NSW1
2017-10-29 06:30:00,370.6,wind,MW,nem,NSW1
2017-10-29 06:35:00,345.4,wind,MW,nem,NSW1
2017-10-29 06:40:00,348.8,wind,MW,nem,NSW1
2017-10-29 06:45:00,353.6,wind,MW,nem,NSW1
2017-10-29 06:50:00,356.3,wind,MW,nem,NSW1
2017-10-29 06:55:00,359.4,wind,MW,nem,NSW1
2017-10-29 07:00:00,360.7,wind,MW,nem,NSW1
2017-10-29 07:05:00,352.9,wind,MW,nem,NSW1
2017-10-29 07:10:00,359.7,wind,MW,nem,NSW1
2017-10-29 07:15:00,379.9,wind,MW,nem,NSW1
2017-10-29 07:20:00,391.8,wind,MW,nem,NSW1
2017-10-29 07:25:00,385.6,wind,MW,nem,NSW1
2017-10-29 07:30:00,411.1,wind,MW,nem,NSW1
2017-10-29 07:35:00,399.7,wind,MW,nem,NSW1
2017-10-29 07:40:00,428.1,wind,MW,nem,NSW1
2017-10-29 07:45:00,446.8,wind,MW,nem,NSW1
2017-10-29 07:50:00,460.7,wind,MW,nem,NSW1
2017-10-29 07:55:00,493.4,wind,MW,nem,NSW1
2017-10-29 08:00:00,511.9,wind,MW,nem,NSW1
2017-10-29 08:05:00,532.8,wind,MW,nem,NSW1
2017-10-29 08:10:00,536.5,wind,MW,nem,NSW1
2017-10-29 08:15:00,547.8,wind,MW,nem,NSW1
2017-10-29 08:20:00,543.1,wind,MW,nem,NSW1
2017-10-29 08:25:00,557.2,wind,MW,nem,NSW1
2017-10-29 08:30:00,570.3,wind,MW,nem,NSW1
2017-10-29 08:35:00,572.1,wind,MW,nem,NSW1
2017-10-29 08:40:00,570.5,wind,MW,nem,NSW1
2017-10-29 08:45:00,573.5,wind,MW,nem,NSW1
2017-10-29 08:50:00,567.2,wind,MW,nem,NSW1
2017-10-29 08:55:00,573.2,wind,MW,nem,NSW1
2017-10-29 09:00:00,573.4,wind,MW,nem,NSW1
2017-10-29 09:05:00,591.0,wind,MW,nem,NSW1
2017-10-29 09:10:00,593.2,wind,MW,nem,NSW1
2017-10-29 09:15:00,601.7,wind,MW,nem,NSW1
2017-10-29 09:20:00,588.1,wind,MW,nem,NSW1
2017-10-29 09:25:00,582.3,wind,MW,nem,NSW1
2017-10-29 09:30:00,579.0,wind,MW,nem,NSW1
2017-10-29 09:35:00,587.0,wind,MW,nem,NSW1
2017-10-29 09:40:00,586.4,wind,MW,nem,NSW1
2017-10-29 09:45:00,578.6,wind,MW,nem,NSW1
2017-10-29 09:50:00,578.7,wind,MW,nem,NSW1
2017-10-29 09:55:00,565.3,wind,MW,nem,NSW1
2017-10-29 10:00:00,560.0,wind,MW,nem,NSW1
2017-10-29 10:05:00,535.7,wind,MW,nem,NSW1
2017-10-29 10:10:00,530.5,wind,MW,nem,NSW1
2017-10-29 10:15:00,528.1,wind,MW,nem,NSW1
2017-10-29 10:20:00,492.3,wind,MW,nem,NSW1
2017-10-29 10:25:00,511.8,wind,MW,nem,NSW1
2017-10-29 10:30:00,497.3,wind,MW,nem,NSW1
2017-10-29 10:35:00,490.3,wind,MW,nem,NSW1
2017-10-29 10:40:00,508.2,wind,MW,nem,NSW1
2017-10-29 10:45:00,513.7,wind,MW,nem,NSW1
2017-10-29 10:50:00,511.5,wind,MW,nem,NSW1
2017-10-29 10:55:00,509.2,wind,MW,nem,NSW1
2017-10-29 11:00:00,490.2,wind,MW,nem,NSW1
2017-10-29 11:05:00,490.7,wind,MW,nem,NSW1
2017-10-29 11:10:00,490.7,wind,MW,nem,NSW1
2017-10-29 11:15:00,485.0,wind,MW,nem,NSW1
2017-10-29 11:20:00,488.4,wind,MW,nem,NSW1
2017-10-29 11:25:00,486.5,wind,MW,nem,NSW1
2017-10-29 11:30:00,476.2,wind,MW,nem,NSW1
2017-10-29 11:35:00,468.1,wind,MW,nem,NSW1
2017-10-29 11:40:00,475.8,wind,MW,nem,NSW1
2017-10-29 11:45:00,481.1,wind,MW,nem,NSW1
2017-10-29 11:50:00,474.3,wind,MW,nem,NSW1
2017-10-29 11:55:00,478.3,wind,MW,nem,NSW1
2017-10-29 12:00:00,474.8,wind,MW,nem,NSW1
2017-10-29 12:05:00,468.6,wind,MW,nem,NSW1
2017-10-29 12:10:00,472.7,wind,MW,nem,NSW1
2017-10-29 12:15:00,450.6,wind,MW,nem,NSW1
2017-10-29 12:20:00,446.5,wind,MW,nem,NSW1
2017-10-29 12:25:00,470.4,wind,MW,nem,NSW1
2017-10-29 12:30:00,468.2,wind,MW,nem,NSW1
2017-10-29 12:35:00,467.6,wind,MW,nem,NSW1
2017-10-29 12:40:00,451.8,wind,MW,nem,NSW1
2017-10-29 12:45:00,445.7,wind,MW,nem,NSW1
2017-10-29 12:50:00,473.6,wind,MW,nem,NSW1
2017-10-29 12:55:00,446.5,wind,MW,nem,NSW1
2017-10-29 13:00:00,463.7,wind,MW,nem,NSW1
2017-10-29 13:05:00,432.2,wind,MW,nem,NSW1
2017-10-29 13:10:00,449.6,wind,MW,nem,NSW1
2017-10-29 13:15:00,453.2,wind,MW,nem,NSW1
2017-10-29 13:20:00,425.3,wind,MW,nem,NSW1
2017-10-29 13:25:00,440.8,wind,MW,nem,NSW1
2017-10-29 13:30:00,448.6,wind,MW,nem,NSW1
2017-10-29 13:35:00,421.7,wind,MW,nem,NSW1
2017-10-29 13:40:00,426.2,wind,MW,nem,NSW1
2017-10-29 13:45:00,431.5,wind,MW,nem,NSW1
2017-10-29 13:50:00,435.1,wind,MW,nem,NSW1
2017-10-29 13:55:00,422.3,wind,MW,nem,NSW1
2017-10-29 14:00:00,414.0,wind,MW,nem,NSW1
2017-10-29 14:05:00,414.8,wind,MW,nem,NSW1
2017-10-29 14:10:00,377.3,wind,MW,nem,NSW1
2017-10-29 14:15:00,411.1,wind,MW,nem,NSW1
2017-10-29 14:20:00,398.9,wind,MW,nem,NSW1
2017-10-29 14:25:00,370.5,wind,MW,nem,NSW1
2017-10-29 14:30:00,358.0,wind,MW,nem,NSW1
2017-10-29 14:35:00,379.9,wind,MW,nem,NSW1
2017-10-29 14:40:00,397.1,wind,MW,nem,NSW1
2017-10-29 14:45:00,384.5,wind,MW,nem,NSW1
2017-10-29 14:50:00,410.4,wind,MW,nem,NSW1
2017-10-29 14:55:00,395.5,wind,MW,nem,NSW1
2017-10-29 15:00:00,411.7,wind,MW,nem,NSW1
2017-10-29 15:05:00,427.0,wind,MW,nem,NSW1
2017-10-29 15:10:00,411.4,wind,MW,nem,NSW1
2017-10-29 15:15:00,390.0,wind,MW,nem,NSW1
2017-10-29 15:20:00,390.8,wind,MW,nem,NSW1
2017-10-29 15:25:00,381.2,wind,MW,nem,NSW1
2017-10-29 15:30:00,403.5,wind,MW,nem,NSW1
2017-10-29 15:35:00,410.4,wind,MW,nem,NSW1
2017-10-29 15:40:00,402.8,wind,MW,nem,NSW1
2017-10-29 15:45:00,418.7,wind,MW,nem,NSW1
2017-10-29 15:50:00,418.8,wind,MW,nem,NSW1
2017-10-29 15:55:00,429.9,wind,MW,nem,NSW1
2017-10-29 16:00:00,443.2,wind,MW,nem,NSW1
2017-10-29 16:05:00,432.9,wind,MW,nem,NSW1
2017-10-29 16:10:00,437.2,wind,MW,nem,NSW1
2017-10-29 16:15:00,460.5,wind,MW,nem,NSW1
2017-10-29 16:20:00,446.9,wind,MW,nem,NSW1
2017-10-29 16:25:00,449.0,wind,MW,nem,NSW1
2017-10-29 16:30:00,455.8,wind,MW,nem,NSW1
2017-10-29 16:35:00,454.1,wind,MW,nem,NSW1
2017-10-29 16:40:00,462.1,wind,MW,nem,NSW1
2017-10-29 16:45:00,460.7,wind,MW,nem,NSW1
2017-10-29 16:50:00,445.9,wind,MW,nem,NSW1
2017-10-29 16:55:00,432.2,wind,MW,nem,NSW1
2017-10-29 17:00:00,438.8,wind,MW,nem,NSW1
2017-10-29 17:05:00,425.7,wind,MW,nem,NSW1
2017-10-29 17:10:00,393.1,wind,MW,nem,NSW1
2017-10-29 17:15:00,396.9,wind,MW,nem,NSW1
2017-10-29 17:20:00,386.2,wind,MW,nem,NSW1
2017-10-29 17:25:00,375.5,wind,MW,nem,NSW1
2017-10-29 17:30:00,369.2,wind,MW,nem,NSW1
2017-10-29 17:35:00,359.7,wind,MW,nem,NSW1
2017-10-29 17:40:00,353.8,wind,MW,nem,NSW1
2017-10-29 17:45:00,343.8,wind,MW,nem,NSW1
2017-10-29 17:50:00,329.3,wind,MW,nem,NSW1
2017-10-29 17:55:00,326.2,wind,MW,nem,NSW1
2017-10-29 18:00:00,309.1,wind,MW,nem,NSW1
2017-10-29 18:05:00,299.1,wind,MW,nem,NSW1
2017-10-29 18:10:00,284.0,wind,MW,nem,NSW1
2017-10-29 18:15:00,276.3,wind,MW,nem,NSW1
2017-10-29 18:20:00,268.4,wind,MW,nem,NSW1
2017-10-29 18:25:00,263.6,wind,MW,nem,NSW1
2017-10-29 18:30:00,262.4,wind,MW,nem,NSW1
2017-10-29 18:35:00,256.8,wind,MW,nem,NSW1
2017-10-29 18:40:00,247.6,wind,MW,nem,NSW1
2017-10-29 18:45:00,244.6,wind,MW,nem,NSW1
2017-10-29 18:50:00,233.9,wind,MW,nem,NSW1
2017-10-29 18:55:00,233.1,wind,MW,nem,NSW1
2017-10-29 19:00:00,233.9,wind,MW,nem,NSW1
2017-10-29 19:05:00,227.0,wind,MW,nem,NSW1
2017-10-29 19:10:00,230.6,wind,MW,nem,NSW1
2017-10-29 19:15:00,219.1,wind,MW,nem,NSW1
2017-10-29 19:20:00,213.2,wind,MW,nem,NSW1
2017-10-29 19:25:00,238.4,wind,MW,nem,NSW1
2017-10-29 19:30:00,250.1,wind,MW,nem,NSW1
2017-10-29 19:35:00,260.4,wind,MW,nem,NSW1
2017-10-29 19:40:00,272.0,wind,MW,nem,NSW1
2017-10-29 19:45:00,281.6,wind,MW,nem,NSW1
2017-10-29 19:50:00,284.7,wind,MW,nem,NSW1
2017-10-29 19:55:00,293.9,wind,MW,nem,NSW1
2017-10-29 20:00:00,297.9,wind,MW,nem,NSW1
2017-10-29 20:05:00,305.0,wind,MW,nem,NSW1
2017-10-29 20:10:00,316.5,wind,MW,nem,NSW1
2017-10-29 20:15:00,318.9,wind,MW,nem,NSW1
2017-10-29 20:20:00,320.7,wind,MW,nem,NSW1
2017-10-29 20:25:00,335.2,wind,MW,nem,NSW1
2017-10-29 20:30:00,336.7,wind,MW,nem,NSW1
2017-10-29 20:35:00,334.6,wind,MW,nem,NSW1
2017-10-29 20:40:00,330.7,wind,MW,nem,NSW1
2017-10-29 20:45:00,331.8,wind,MW,nem,NSW1
2017-10-29 20:50:00,330.0,wind,MW,nem,NSW1
2017-10-29 20:55:00,323.6,wind,MW,nem,NSW1
2017-10-29 21:00:00,327.9,wind,MW,nem,NSW1
2017-10-29 21:05:00,330.2,wind,MW,nem,NSW1
2017-10-29 21:10:00,331.4,wind,MW,nem,NSW1
2017-10-29 21:15:00,328.9,wind,MW,nem,NSW1
2017-10-29 21:20:00,325.8,wind,MW,nem,NSW1
2017-10-29 21:25:00,330.2,wind,MW,nem,NSW1
2017-10-29 21:30:00,327.6,wind,MW,nem,NSW1
2017-10-29 21:35:00,333.3,wind,MW,nem,NSW1
2017-10-29 21:40:00,330.3,wind,MW,nem,NSW1
2017-10-29 21:45:00,325.7,wind,MW,nem,NSW1
2017-10-29 21:50:00,322.7,wind,MW,nem,NSW1
2017-10-29 21:55:00,328.3,wind,MW,nem,NSW1
2017-10-29 22:00:00,332.5,wind,MW,nem,NSW1
2017-10-29 22:05:00,333.5,wind,MW,nem,NSW1
2017-10-29 22:10:00,338.4,wind,MW,nem,NSW1
2017-10-29 22:15:00,340.7,wind,MW,nem,NSW1
2017-10-29 22:20:00,343.6,wind,MW,nem,NSW1
2017-10-29 22:25:00,345.7,wind,MW,nem,NSW1
2017-10-29 22:30:00,354.4,wind,MW,nem,NSW1
2017-10-29 22:35:00,354.9,wind,MW,nem,NSW1
2017-10-29 22:40:00,365.4,wind,MW,nem,NSW1
2017-10-29 22:45:00,375.5,wind,MW,nem,NSW1
2017-10-29 22:50:00,379.0,wind,MW,nem,NSW1
2017-10-29 22:55:00,386.5,wind,MW,nem,NSW1
2017-10-29 23:00:00,400.2,wind,MW,nem,NSW1
2017-10-29 23:05:00,400.4,wind,MW,nem,NSW1
2017-10-29 23:10:00,406.4,wind,MW,nem,NSW1
2017-10-29 23:15:00,411.7,wind,MW,nem,NSW1
2017-10-29 23:20:00,409.5,wind,MW,nem,NSW1
2017-10-29 23:25:00,409.2,wind,MW,nem,NSW1
2017-10-29 23:30:00,408.9,wind,MW,nem,NSW1
2017-10-29 23:35:00,419.3,wind,MW,nem,NSW1
2017-10-29 23:40:00,418.7,wind,MW,nem,NSW1
2017-10-29 23:45:00,420.1,wind,MW,nem,NSW1
2017-10-29 23:50:00,425.7,wind,MW,nem,NSW1
2017-10-29 23:55:00,429.8,wind,MW,nem,NSW1
2017-10-30 00:00:00,432.2,wind,MW,nem,NSW1
2017-10-30 00:05:00,439.3,wind,MW,nem,NSW1
2017-10-30 00:10:00,446.7,wind,MW,nem,NSW1
2017-10-30 00:15:00,454.6,wind,MW,nem,NSW1
2017-10-30 00:20:00,466.0,wind,MW,nem,NSW1
2017-10-30 00:25:00,470.2,wind,MW,nem,NSW1
2017-10-30 00:30:00,475.4,wind,MW,nem,NSW1
2017-10-30 00:35:00,485.6,wind,MW,nem,NSW1
2017-10-30 00:40:00,498.3,wind,MW,nem,NSW1
2017-10-30 00:45:00,488.6,wind,MW,nem,NSW1
2017-10-30 00:50:00,494.7,wind,MW,nem,NSW1
2017-10-30 00:55:00,497.7,wind,MW,nem,NSW1
2017-10-30 01:00:00,504.8,wind,MW,nem,NSW1
2017-10-30 01:05:00,502.6,wind,MW,nem,NSW1
2017-10-30 01:10:00,501.8,wind,MW,nem,NSW1
2017-10-30 01:15:00,501.7,wind,MW,nem,NSW1
2017-10-30 01:20:00,514.4,wind,MW,nem,NSW1
2017-10-30 01:25:00,518.6,wind,MW,nem,NSW1
2017-10-30 01:30:00,518.2,wind,MW,nem,NSW1
2017-10-30 01:35:00,517.6,wind,MW,nem,NSW1
2017-10-30 01:40:00,518.8,wind,MW,nem,NSW1
2017-10-30 01:45:00,524.7,wind,MW,nem,NSW1
2017-10-30 01:50:00,535.8,wind,MW,nem,NSW1
2017-10-30 01:55:00,542.3,wind,MW,nem,NSW1
2017-10-30 02:00:00,552.0,wind,MW,nem,NSW1
2017-10-30 02:05:00,562.4,wind,MW,nem,NSW1
2017-10-30 02:10:00,559.4,wind,MW,nem,NSW1
2017-10-30 02:15:00,552.6,wind,MW,nem,NSW1
2017-10-30 02:20:00,543.6,wind,MW,nem,NSW1
2017-10-30 02:25:00,534.4,wind,MW,nem,NSW1
2017-10-30 02:30:00,541.1,wind,MW,nem,NSW1
2017-10-30 02:35:00,545.5,wind,MW,nem,NSW1
2017-10-30 02:40:00,539.0,wind,MW,nem,NSW1
2017-10-30 02:45:00,542.7,wind,MW,nem,NSW1
2017-10-30 02:50:00,531.2,wind,MW,nem,NSW1
2017-10-30 02:55:00,535.5,wind,MW,nem,NSW1
2017-10-30 03:00:00,528.4,wind,MW,nem,NSW1
2017-10-30 03:05:00,523.4,wind,MW,nem,NSW1
2017-10-30 03:10:00,526.1,wind,MW,nem,NSW1
2017-10-30 03:15:00,522.8,wind,MW,nem,NSW1
2017-10-30 03:20:00,530.9,wind,MW,nem,NSW1
2017-10-30 03:25:00,540.6,wind,MW,nem,NSW1
2017-10-30 03:30:00,539.8,wind,MW,nem,NSW1
2017-10-30 03:35:00,528.7,wind,MW,nem,NSW1
2017-10-30 03:40:00,524.4,wind,MW,nem,NSW1
2017-10-30 03:45:00,517.9,wind,MW,nem,NSW1
2017-10-30 03:50:00,500.3,wind,MW,nem,NSW1
2017-10-30 03:55:00,478.2,wind,MW,nem,NSW1
2017-10-30 04:00:00,467.7,wind,MW,nem,NSW1
2017-10-30 04:05:00,454.4,wind,MW,nem,NSW1
2017-10-30 04:10:00,463.8,wind,MW,nem,NSW1
2017-10-30 04:15:00,466.5,wind,MW,nem,NSW1
2017-10-30 04:20:00,448.9,wind,MW,nem,NSW1
2017-10-30 04:25:00,463.9,wind,MW,nem,NSW1
2017-10-30 04:30:00,473.1,wind,MW,nem,NSW1
2017-10-30 04:35:00,479.8,wind,MW,nem,NSW1
2017-10-30 04:40:00,479.7,wind,MW,nem,NSW1
2017-10-30 04:45:00,491.4,wind,MW,nem,NSW1
2017-10-30 04:50:00,506.3,wind,MW,nem,NSW1
2017-10-30 04:55:00,503.5,wind,MW,nem,NSW1
2017-10-30 05:00:00,505.9,wind,MW,nem,NSW1
2017-10-30 05:05:00,505.3,wind,MW,nem,NSW1
2017-10-30 05:10:00,510.8,wind,MW,nem,NSW1
2017-10-30 05:15:00,504.4,wind,MW,nem,NSW1
2017-10-30 05:20:00,500.1,wind,MW,nem,NSW1
2017-10-30 05:25:00,507.7,wind,MW,nem,NSW1
2017-10-30 05:30:00,509.0,wind,MW,nem,NSW1
2017-10-30 05:35:00,502.0,wind,MW,nem,NSW1
2017-10-30 05:40:00,492.5,wind,MW,nem,NSW1
2017-10-30 05:45:00,493.6,wind,MW,nem,NSW1
2017-10-30 05:50:00,497.8,wind,MW,nem,NSW1
2017-10-30 05:55:00,494.5,wind,MW,nem,NSW1
2017-10-30 06:00:00,494.0,wind,MW,nem,NSW1
2017-10-30 06:05:00,498.0,wind,MW,nem,NSW1
2017-10-30 06:10:00,502.0,wind,MW,nem,NSW1
2017-10-30 06:15:00,510.2,wind,MW,nem,NSW1
2017-10-30 06:20:00,509.4,wind,MW,nem,NSW1
2017-10-30 06:25:00,503.2,wind,MW,nem,NSW1
2017-10-30 06:30:00,505.6,wind,MW,nem,NSW1
2017-10-30 06:35:00,519.3,wind,MW,nem,NSW1
2017-10-30 06:40:00,543.5,wind,MW,nem,NSW1
2017-10-30 06:45:00,558.3,wind,MW,nem,NSW1
2017-10-30 06:50:00,551.6,wind,MW,nem,NSW1
2017-10-30 06:55:00,547.0,wind,MW,nem,NSW1
2017-10-30 07:00:00,533.7,wind,MW,nem,NSW1
2017-10-30 07:05:00,536.8,wind,MW,nem,NSW1
2017-10-30 07:10:00,526.5,wind,MW,nem,NSW1
2017-10-30 07:15:00,518.8,wind,MW,nem,NSW1
2017-10-30 07:20:00,521.0,wind,MW,nem,NSW1
2017-10-30 07:25:00,506.1,wind,MW,nem,NSW1
2017-10-30 07:30:00,514.9,wind,MW,nem,NSW1
2017-10-30 07:35:00,519.3,wind,MW,nem,NSW1
2017-10-30 07:40:00,500.3,wind,MW,nem,NSW1
2017-10-30 07:45:00,469.8,wind,MW,nem,NSW1
2017-10-30 07:50:00,463.7,wind,MW,nem,NSW1
2017-10-30 07:55:00,467.5,wind,MW,nem,NSW1
2017-10-30 08:00:00,447.9,wind,MW,nem,NSW1
2017-10-30 08:05:00,466.4,wind,MW,nem,NSW1
2017-10-30 08:10:00,475.4,wind,MW,nem,NSW1
2017-10-30 08:15:00,503.8,wind,MW,nem,NSW1
2017-10-30 08:20:00,526.0,wind,MW,nem,NSW1
2017-10-30 08:25:00,537.0,wind,MW,nem,NSW1
2017-10-30 08:30:00,565.9,wind,MW,nem,NSW1
2017-10-30 08:35:00,574.4,wind,MW,nem,NSW1
2017-10-30 08:40:00,576.9,wind,MW,nem,NSW1
2017-10-30 08:45:00,579.5,wind,MW,nem,NSW1
2017-10-30 08:50:00,569.7,wind,MW,nem,NSW1
2017-10-30 08:55:00,578.6,wind,MW,nem,NSW1
2017-10-30 09:00:00,586.6,wind,MW,nem,NSW1
2017-10-30 09:05:00,584.7,wind,MW,nem,NSW1
2017-10-30 09:10:00,579.3,wind,MW,nem,NSW1
2017-10-30 09:15:00,566.0,wind,MW,nem,NSW1
2017-10-30 09:20:00,570.2,wind,MW,nem,NSW1
2017-10-30 09:25:00,566.9,wind,MW,nem,NSW1
2017-10-30 09:30:00,568.0,wind,MW,nem,NSW1
2017-10-30 09:35:00,550.8,wind,MW,nem,NSW1
2017-10-30 09:40:00,566.7,wind,MW,nem,NSW1
2017-10-30 09:45:00,562.2,wind,MW,nem,NSW1
2017-10-30 09:50:00,577.6,wind,MW,nem,NSW1
2017-10-30 09:55:00,572.7,wind,MW,nem,NSW1
2017-10-30 10:00:00,540.7,wind,MW,nem,NSW1
2017-10-30 10:05:00,472.7,wind,MW,nem,NSW1
2017-10-30 10:10:00,450.6,wind,MW,nem,NSW1
2017-10-30 10:15:00,457.7,wind,MW,nem,NSW1
2017-10-30 10:20:00,479.1,wind,MW,nem,NSW1
2017-10-30 10:25:00,482.7,wind,MW,nem,NSW1
2017-10-30 10:30:00,479.9,wind,MW,nem,NSW1
2017-10-30 10:35:00,488.0,wind,MW,nem,NSW1
2017-10-30 10:40:00,503.7,wind,MW,nem,NSW1
2017-10-30 10:45:00,498.5,wind,MW,nem,NSW1
2017-10-30 10:50:00,493.9,wind,MW,nem,NSW1
2017-10-30 10:55:00,485.1,wind,MW,nem,NSW1
2017-10-30 11:00:00,492.3,wind,MW,nem,NSW1
2017-10-30 11:05:00,477.5,wind,MW,nem,NSW1
2017-10-30 11:10:00,591.7,wind,MW,nem,NSW1
2017-10-30 11:15:00,596.2,wind,MW,nem,NSW1
2017-10-30 11:20:00,593.8,wind,MW,nem,NSW1
2017-10-30 11:25:00,595.8,wind,MW,nem,NSW1
2017-10-30 11:30:00,614.6,wind,MW,nem,NSW1
2017-10-30 11:35:00,612.5,wind,MW,nem,NSW1
2017-10-30 11:40:00,623.2,wind,MW,nem,NSW1
2017-10-30 11:45:00,614.5,wind,MW,nem,NSW1
2017-10-30 11:50:00,622.9,wind,MW,nem,NSW1
2017-10-30 11:55:00,624.7,wind,MW,nem,NSW1
2017-10-30 12:00:00,634.1,wind,MW,nem,NSW1
2017-10-30 12:05:00,626.6,wind,MW,nem,NSW1
2017-10-30 12:10:00,619.4,wind,MW,nem,NSW1
2017-10-30 12:15:00,627.5,wind,MW,nem,NSW1
2017-10-30 12:20:00,617.6,wind,MW,nem,NSW1
2017-10-30 12:25:00,612.2,wind,MW,nem,NSW1
2017-10-30 12:30:00,607.5,wind,MW,nem,NSW1
2017-10-30 12:35:00,609.8,wind,MW,nem,NSW1
2017-10-30 12:40:00,597.9,wind,MW,nem,NSW1
2017-10-30 12:45:00,601.7,wind,MW,nem,NSW1
2017-10-30 12:50:00,577.5,wind,MW,nem,NSW1
2017-10-30 12:55:00,592.0,wind,MW,nem,NSW1
2017-10-30 13:00:00,584.5,wind,MW,nem,NSW1
2017-10-30 13:05:00,599.4,wind,MW,nem,NSW1
2017-10-30 13:10:00,596.3,wind,MW,nem,NSW1
2017-10-30 13:15:00,584.0,wind,MW,nem,NSW1
2017-10-30 13:20:00,610.0,wind,MW,nem,NSW1
2017-10-30 13:25:00,589.6,wind,MW,nem,NSW1
2017-10-30 13:30:00,611.9,wind,MW,nem,NSW1
2017-10-30 13:35:00,601.5,wind,MW,nem,NSW1
2017-10-30 13:40:00,597.0,wind,MW,nem,NSW1
2017-10-30 13:45:00,614.2,wind,MW,nem,NSW1
2017-10-30 13:50:00,610.8,wind,MW,nem,NSW1
2017-10-30 13:55:00,589.9,wind,MW,nem,NSW1
2017-10-30 14:00:00,620.1,wind,MW,nem,NSW1
2017-10-30 14:05:00,626.1,wind,MW,nem,NSW1
2017-10-30 14:10:00,641.5,wind,MW,nem,NSW1
2017-10-30 14:15:00,639.1,wind,MW,nem,NSW1
2017-10-30 14:20:00,618.5,wind,MW,nem,NSW1
2017-10-30 14:25:00,610.5,wind,MW,nem,NSW1
2017-10-30 14:30:00,626.4,wind,MW,nem,NSW1
2017-10-30 14:35:00,634.8,wind,MW,nem,NSW1
2017-10-30 14:40:00,624.8,wind,MW,nem,NSW1
2017-10-30 14:45:00,629.5,wind,MW,nem,NSW1
2017-10-30 14:50:00,635.3,wind,MW,nem,NSW1
2017-10-30 14:55:00,635.0,wind,MW,nem,NSW1
2017-10-30 15:00:00,622.0,wind,MW,nem,NSW1
2017-10-30 15:05:00,610.1,wind,MW,nem,NSW1
2017-10-30 15:10:00,613.2,wind,MW,nem,NSW1
2017-10-30 15:15:00,633.5,wind,MW,nem,NSW1
2017-10-30 15:20:00,626.8,wind,MW,nem,NSW1
2017-10-30 15:25:00,622.7,wind,MW,nem,NSW1
2017-10-30 15:30:00,619.0,wind,MW,nem,NSW1
2017-10-30 15:35:00,594.9,wind,MW,nem,NSW1
2017-10-30 15:40:00,584.3,wind,MW,nem,NSW1
2017-10-30 15:45:00,568.7,wind,MW,nem,NSW1
2017-10-30 15:50:00,547.4,wind,MW,nem,NSW1
2017-10-30 15:55:00,557.6,wind,MW,nem,NSW1
2017-10-30 16:00:00,578.1,wind,MW,nem,NSW1
2017-10-30 16:05:00,574.4,wind,MW,nem,NSW1
2017-10-30 16:10:00,589.1,wind,MW,nem,NSW1
2017-10-30 16:15:00,570.7,wind,MW,nem,NSW1
2017-10-30 16:20:00,548.2,wind,MW,nem,NSW1
2017-10-30 16:25:00,527.1,wind,MW,nem,NSW1
2017-10-30 16:30:00,530.9,wind,MW,nem,NSW1
2017-10-30 16:35:00,500.8,wind,MW,nem,NSW1
2017-10-30 16:40:00,526.3,wind,MW,nem,NSW1
2017-10-30 16:45:00,507.0,wind,MW,nem,NSW1
2017-10-30 16:50:00,509.8,wind,MW,nem,NSW1
2017-10-30 16:55:00,503.9,wind,MW,nem,NSW1
2017-10-30 17:00:00,507.5,wind,MW,nem,NSW1
2017-10-30 17:05:00,503.9,wind,MW,nem,NSW1
2017-10-30 17:10:00,514.3,wind,MW,nem,NSW1
2017-10-30 17:15:00,497.5,wind,MW,nem,NSW1
2017-10-30 17:20:00,490.2,wind,MW,nem,NSW1
2017-10-30 17:25:00,509.0,wind,MW,nem,NSW1
2017-10-30 17:30:00,519.0,wind,MW,nem,NSW1
2017-10-30 17:35:00,529.9,wind,MW,nem,NSW1
2017-10-30 17:40:00,526.7,wind,MW,nem,NSW1
2017-10-30 17:45:00,537.8,wind,MW,nem,NSW1
2017-10-30 17:50:00,555.2,wind,MW,nem,NSW1
2017-10-30 17:55:00,567.6,wind,MW,nem,NSW1
2017-10-30 18:00:00,570.0,wind,MW,nem,NSW1
2017-10-30 18:05:00,563.8,wind,MW,nem,NSW1
2017-10-30 18:10:00,547.4,wind,MW,nem,NSW1
2017-10-30 18:15:00,556.3,wind,MW,nem,NSW1
2017-10-30 18:20:00,575.6,wind,MW,nem,NSW1
2017-10-30 18:25:00,562.6,wind,MW,nem,NSW1
2017-10-30 18:30:00,563.7,wind,MW,nem,NSW1
2017-10-30 18:35:00,568.6,wind,MW,nem,NSW1
2017-10-30 18:40:00,562.9,wind,MW,nem,NSW1
2017-10-30 18:45:00,550.0,wind,MW,nem,NSW1
2017-10-30 18:50:00,550.6,wind,MW,nem,NSW1
2017-10-30 18:55:00,575.2,wind,MW,nem,NSW1
2017-10-30 19:00:00,576.5,wind,MW,nem,NSW1
2017-10-30 19:05:00,553.6,wind,MW,nem,NSW1
2017-10-30 19:10:00,509.3,wind,MW,nem,NSW1
2017-10-30 19:15:00,454.1,wind,MW,nem,NSW1
2017-10-30 19:20:00,397.5,wind,MW,nem,NSW1
2017-10-30 19:25:00,343.7,wind,MW,nem,NSW1
2017-10-30 19:30:00,282.2,wind,MW,nem,NSW1
2017-10-30 19:35:00,260.1,wind,MW,nem,NSW1
2017-10-30 19:40:00,262.8,wind,MW,nem,NSW1
2017-10-30 19:45:00,271.0,wind,MW,nem,NSW1
2017-10-30 19:50:00,270.8,wind,MW,nem,NSW1
2017-10-30 19:55:00,244.3,wind,MW,nem,NSW1
2017-10-30 20:00:00,212.1,wind,MW,nem,NSW1
2017-10-30 20:05:00,176.1,wind,MW,nem,NSW1
2017-10-30 20:10:00,155.3,wind,MW,nem,NSW1
2017-10-30 20:15:00,158.9,wind,MW,nem,NSW1
2017-10-30 20:20:00,151.5,wind,MW,nem,NSW1
2017-10-30 20:25:00,154.8,wind,MW,nem,NSW1
2017-10-30 20:30:00,156.4,wind,MW,nem,NSW1
2017-10-30 20:35:00,166.2,wind,MW,nem,NSW1
2017-10-30 20:40:00,168.8,wind,MW,nem,NSW1
2017-10-30 20:45:00,170.0,wind,MW,nem,NSW1
2017-10-30 20:50:00,177.2,wind,MW,nem,NSW1
2017-10-30 20:55:00,181.1,wind,MW,nem,NSW1
2017-10-30 21:00:00,188.9,wind,MW,nem,NSW1
2017-10-30 21:05:00,210.5,wind,MW,nem,NSW1
2017-10-30 21:10:00,247.8,wind,MW,nem,NSW1
2017-10-30 21:15:00,262.8,wind,MW,nem,NSW1
2017-10-30 21:20:00,266.7,wind,MW,nem,NSW1
2017-10-30 21:25:00,242.0,wind,MW,nem,NSW1
2017-10-30 21:30:00,272.7,wind,MW,nem,NSW1
2017-10-30 21:35:00,297.1,wind,MW,nem,NSW1
2017-10-30 21:40:00,298.4,wind,MW,nem,NSW1
2017-10-30 21:45:00,292.2,wind,MW,nem,NSW1
2017-10-30 21:50:00,283.0,wind,MW,nem,NSW1
2017-10-30 21:55:00,282.2,wind,MW,nem,NSW1
2017-10-30 22:00:00,274.6,wind,MW,nem,NSW1
2017-10-30 22:05:00,285.8,wind,MW,nem,NSW1
2017-10-30 22:10:00,309.7,wind,MW,nem,NSW1
2017-10-30 22:15:00,344.4,wind,MW,nem,NSW1
2017-10-30 22:20:00,379.6,wind,MW,nem,NSW1
2017-10-30 22:25:00,378.0,wind,MW,nem,NSW1
2017-10-30 22:30:00,375.1,wind,MW,nem,NSW1
2017-10-30 22:35:00,378.7,wind,MW,nem,NSW1
2017-10-30 22:40:00,364.1,wind,MW,nem,NSW1
2017-10-30 22:45:00,361.1,wind,MW,nem,NSW1
2017-10-30 22:50:00,338.2,wind,MW,nem,NSW1
2017-10-30 22:55:00,316.4,wind,MW,nem,NSW1
2017-10-30 23:00:00,315.0,wind,MW,nem,NSW1
2017-10-30 23:05:00,310.7,wind,MW,nem,NSW1
2017-10-30 23:10:00,300.2,wind,MW,nem,NSW1
2017-10-30 23:15:00,290.9,wind,MW,nem,NSW1
2017-10-30 23:20:00,284.1,wind,MW,nem,NSW1
2017-10-30 23:25:00,283.3,wind,MW,nem,NSW1
2017-10-30 23:30:00,293.4,wind,MW,nem,NSW1
2017-10-30 23:35:00,306.4,wind,MW,nem,NSW1
2017-10-30 23:40:00,308.9,wind,MW,nem,NSW1
2017-10-30 23:45:00,319.1,wind,MW,nem,NSW1
2017-10-30 23:50:00,312.9,wind,MW,nem,NSW1
2017-10-30 23:55:00,301.6,wind,MW,nem,NSW1
2017-10-31 00:00:00,290.3,wind,MW,nem,NSW1
2017-10-31 00:05:00,282.7,wind,MW,nem,NSW1
2017-10-31 00:10:00,262.8,wind,MW,nem,NSW1
2017-10-31 00:15:00,250.5,wind,MW,nem,NSW1
2017-10-31 00:20:00,238.7,wind,MW,nem,NSW1
2017-10-31 00:25:00,227.8,wind,MW,nem,NSW1
2017-10-31 00:30:00,206.4,wind,MW,nem,NSW1
2017-10-31 00:35:00,195.2,wind,MW,nem,NSW1
2017-10-31 00:40:00,182.3,wind,MW,nem,NSW1
2017-10-31 00:45:00,170.3,wind,MW,nem,NSW1
2017-10-31 00:50:00,160.6,wind,MW,nem,NSW1
2017-10-31 00:55:00,156.7,wind,MW,nem,NSW1
2017-10-31 01:00:00,150.6,wind,MW,nem,NSW1
2017-10-31 01:05:00,164.0,wind,MW,nem,NSW1
2017-10-31 01:10:00,170.5,wind,MW,nem,NSW1
2017-10-31 01:15:00,172.4,wind,MW,nem,NSW1
2017-10-31 01:20:00,183.5,wind,MW,nem,NSW1
2017-10-31 01:25:00,189.9,wind,MW,nem,NSW1
2017-10-31 01:30:00,186.0,wind,MW,nem,NSW1
2017-10-31 01:35:00,196.3,wind,MW,nem,NSW1
2017-10-31 01:40:00,189.0,wind,MW,nem,NSW1
2017-10-31 01:45:00,172.2,wind,MW,nem,NSW1
2017-10-31 01:50:00,163.6,wind,MW,nem,NSW1
2017-10-31 01:55:00,167.9,wind,MW,nem,NSW1
2017-10-31 02:00:00,175.5,wind,MW,nem,NSW1
2017-10-31 02:05:00,175.1,wind,MW,nem,NSW1
2017-10-31 02:10:00,175.1,wind,MW,nem,NSW1
2017-10-31 02:15:00,164.8,wind,MW,nem,NSW1
2017-10-31 02:20:00,156.8,wind,MW,nem,NSW1
2017-10-31 02:25:00,172.4,wind,MW,nem,NSW1
2017-10-31 02:30:00,170.9,wind,MW,nem,NSW1
2017-10-31 02:35:00,173.1,wind,MW,nem,NSW1
2017-10-31 02:40:00,173.5,wind,MW,nem,NSW1
2017-10-31 02:45:00,167.6,wind,MW,nem,NSW1
2017-10-31 02:50:00,155.2,wind,MW,nem,NSW1
2017-10-31 02:55:00,161.7,wind,MW,nem,NSW1
2017-10-31 03:00:00,149.4,wind,MW,nem,NSW1
2017-10-31 03:05:00,134.6,wind,MW,nem,NSW1
2017-10-31 03:10:00,121.8,wind,MW,nem,NSW1
2017-10-31 03:15:00,118.6,wind,MW,nem,NSW1
2017-10-31 03:20:00,114.8,wind,MW,nem,NSW1
2017-10-31 03:25:00,107.2,wind,MW,nem,NSW1
2017-10-31 03:30:00,107.4,wind,MW,nem,NSW1
2017-10-31 03:35:00,122.2,wind,MW,nem,NSW1
2017-10-31 03:40:00,109.5,wind,MW,nem,NSW1
2017-10-31 03:45:00,117.1,wind,MW,nem,NSW1
2017-10-31 03:50:00,111.9,wind,MW,nem,NSW1
2017-10-31 03:55:00,102.8,wind,MW,nem,NSW1
2017-10-31 04:00:00,105.1,wind,MW,nem,NSW1
2017-10-31 04:05:00,107.7,wind,MW,nem,NSW1
2017-10-31 04:10:00,107.5,wind,MW,nem,NSW1
2017-10-31 04:15:00,112.2,wind,MW,nem,NSW1
2017-10-31 04:20:00,130.1,wind,MW,nem,NSW1
2017-10-31 04:25:00,136.5,wind,MW,nem,NSW1
2017-10-31 04:30:00,138.5,wind,MW,nem,NSW1
2017-10-31 04:35:00,150.3,wind,MW,nem,NSW1
2017-10-31 04:40:00,163.1,wind,MW,nem,NSW1
2017-10-31 04:45:00,172.0,wind,MW,nem,NSW1
2017-10-31 04:50:00,169.2,wind,MW,nem,NSW1
2017-10-31 04:55:00,164.0,wind,MW,nem,NSW1
2017-10-31 05:00:00,166.3,wind,MW,nem,NSW1
2017-10-31 05:05:00,166.2,wind,MW,nem,NSW1
2017-10-31 05:10:00,184.9,wind,MW,nem,NSW1
2017-10-31 05:15:00,177.5,wind,MW,nem,NSW1
2017-10-31 05:20:00,182.8,wind,MW,nem,NSW1
2017-10-31 05:25:00,183.8,wind,MW,nem,NSW1
2017-10-31 05:30:00,175.9,wind,MW,nem,NSW1
2017-10-31 05:35:00,176.7,wind,MW,nem,NSW1
2017-10-31 05:40:00,175.5,wind,MW,nem,NSW1
2017-10-31 05:45:00,173.2,wind,MW,nem,NSW1
2017-10-31 05:50:00,157.6,wind,MW,nem,NSW1
2017-10-31 05:55:00,148.9,wind,MW,nem,NSW1
2017-10-31 06:00:00,171.5,wind,MW,nem,NSW1
2017-10-31 06:05:00,181.1,wind,MW,nem,NSW1
2017-10-31 06:10:00,187.5,wind,MW,nem,NSW1
2017-10-31 06:15:00,179.7,wind,MW,nem,NSW1
2017-10-31 06:20:00,182.7,wind,MW,nem,NSW1
2017-10-31 06:25:00,188.1,wind,MW,nem,NSW1
2017-10-31 06:30:00,197.8,wind,MW,nem,NSW1
2017-10-31 06:35:00,193.9,wind,MW,nem,NSW1
2017-10-31 06:40:00,192.9,wind,MW,nem,NSW1
2017-10-31 06:45:00,214.6,wind,MW,nem,NSW1
2017-10-31 06:50:00,232.2,wind,MW,nem,NSW1
2017-10-31 06:55:00,236.9,wind,MW,nem,NSW1
2017-10-31 07:00:00,251.1,wind,MW,nem,NSW1
2017-10-31 07:05:00,233.7,wind,MW,nem,NSW1
2017-10-31 07:10:00,256.0,wind,MW,nem,NSW1
2017-10-31 07:15:00,267.0,wind,MW,nem,NSW1
2017-10-31 07:20:00,252.0,wind,MW,nem,NSW1
2017-10-31 07:25:00,249.1,wind,MW,nem,NSW1
2017-10-31 07:30:00,257.5,wind,MW,nem,NSW1
2017-10-31 07:35:00,233.0,wind,MW,nem,NSW1
2017-10-31 07:40:00,227.2,wind,MW,nem,NSW1
2017-10-31 07:45:00,234.3,wind,MW,nem,NSW1
2017-10-31 07:50:00,247.8,wind,MW,nem,NSW1
2017-10-31 07:55:00,240.3,wind,MW,nem,NSW1
2017-10-31 08:00:00,221.4,wind,MW,nem,NSW1
2017-10-31 08:05:00,208.2,wind,MW,nem,NSW1
2017-10-31 08:10:00,202.6,wind,MW,nem,NSW1
2017-10-31 08:15:00,196.4,wind,MW,nem,NSW1
2017-10-31 08:20:00,192.1,wind,MW,nem,NSW1
2017-10-31 08:25:00,168.9,wind,MW,nem,NSW1
2017-10-31 08:30:00,170.0,wind,MW,nem,NSW1
2017-10-31 08:35:00,192.6,wind,MW,nem,NSW1
2017-10-31 08:40:00,195.8,wind,MW,nem,NSW1
2017-10-31 08:45:00,150.3,wind,MW,nem,NSW1
2017-10-31 08:50:00,179.6,wind,MW,nem,NSW1
2017-10-31 08:55:00,178.7,wind,MW,nem,NSW1
2017-10-31 09:00:00,181.7,wind,MW,nem,NSW1
2017-10-31 09:05:00,170.4,wind,MW,nem,NSW1
2017-10-31 09:10:00,162.2,wind,MW,nem,NSW1
2017-10-31 09:15:00,161.0,wind,MW,nem,NSW1
2017-10-31 09:20:00,162.4,wind,MW,nem,NSW1
2017-10-31 09:25:00,155.6,wind,MW,nem,NSW1
2017-10-31 09:30:00,153.8,wind,MW,nem,NSW1
2017-10-31 09:35:00,148.1,wind,MW,nem,NSW1
2017-10-31 09:40:00,151.6,wind,MW,nem,NSW1
2017-10-31 09:45:00,136.1,wind,MW,nem,NSW1
2017-10-31 09:50:00,135.9,wind,MW,nem,NSW1
2017-10-31 09:55:00,135.1,wind,MW,nem,NSW1
2017-10-31 10:00:00,152.0,wind,MW,nem,NSW1
2017-10-31 10:05:00,134.6,wind,MW,nem,NSW1
2017-10-31 10:10:00,128.9,wind,MW,nem,NSW1
2017-10-31 10:15:00,142.4,wind,MW,nem,NSW1
2017-10-31 10:20:00,145.9,wind,MW,nem,NSW1
2017-10-31 10:25:00,158.6,wind,MW,nem,NSW1
2017-10-31 10:30:00,165.3,wind,MW,nem,NSW1
2017-10-31 10:35:00,174.4,wind,MW,nem,NSW1
2017-10-31 10:40:00,159.2,wind,MW,nem,NSW1
2017-10-31 10:45:00,158.6,wind,MW,nem,NSW1
2017-10-31 10:50:00,147.0,wind,MW,nem,NSW1
2017-10-31 10:55:00,146.5,wind,MW,nem,NSW1
2017-10-31 11:00:00,147.5,wind,MW,nem,NSW1
2017-10-31 11:05:00,148.2,wind,MW,nem,NSW1
2017-10-31 11:10:00,156.4,wind,MW,nem,NSW1
2017-10-31 11:15:00,154.1,wind,MW,nem,NSW1
2017-10-31 11:20:00,168.7,wind,MW,nem,NSW1
2017-10-31 11:25:00,178.0,wind,MW,nem,NSW1
2017-10-31 11:30:00,171.0,wind,MW,nem,NSW1
2017-10-31 11:35:00,178.9,wind,MW,nem,NSW1
2017-10-31 11:40:00,167.5,wind,MW,nem,NSW1
2017-10-31 11:45:00,178.9,wind,MW,nem,NSW1
2017-10-31 11:50:00,177.8,wind,MW,nem,NSW1
2017-10-31 11:55:00,173.7,wind,MW,nem,NSW1
2017-10-31 12:00:00,171.9,wind,MW,nem,NSW1
2017-10-31 12:05:00,169.2,wind,MW,nem,NSW1
2017-10-31 12:10:00,163.9,wind,MW,nem,NSW1
2017-10-31 12:15:00,159.4,wind,MW,nem,NSW1
2017-10-31 12:20:00,154.7,wind,MW,nem,NSW1
2017-10-31 12:25:00,164.6,wind,MW,nem,NSW1
2017-10-31 12:30:00,156.8,wind,MW,nem,NSW1
2017-10-31 12:35:00,180.1,wind,MW,nem,NSW1
2017-10-31 12:40:00,169.5,wind,MW,nem,NSW1
2017-10-31 12:45:00,156.0,wind,MW,nem,NSW1
2017-10-31 12:50:00,160.2,wind,MW,nem,NSW1
2017-10-31 12:55:00,149.7,wind,MW,nem,NSW1
2017-10-31 13:00:00,158.9,wind,MW,nem,NSW1
2017-10-31 13:05:00,171.9,wind,MW,nem,NSW1
2017-10-31 13:10:00,174.3,wind,MW,nem,NSW1
2017-10-31 13:15:00,182.6,wind,MW,nem,NSW1
2017-10-31 13:20:00,185.3,wind,MW,nem,NSW1
2017-10-31 13:25:00,182.5,wind,MW,nem,NSW1
2017-10-31 13:30:00,194.2,wind,MW,nem,NSW1
2017-10-31 13:35:00,178.7,wind,MW,nem,NSW1
2017-10-31 13:40:00,189.5,wind,MW,nem,NSW1
2017-10-31 13:45:00,183.9,wind,MW,nem,NSW1
2017-10-31 13:50:00,178.6,wind,MW,nem,NSW1
2017-10-31 13:55:00,179.4,wind,MW,nem,NSW1
2017-10-31 14:00:00,169.9,wind,MW,nem,NSW1
2017-10-31 14:05:00,173.0,wind,MW,nem,NSW1
2017-10-31 14:10:00,167.8,wind,MW,nem,NSW1
2017-10-31 14:15:00,195.7,wind,MW,nem,NSW1
2017-10-31 14:20:00,181.6,wind,MW,nem,NSW1
2017-10-31 14:25:00,187.9,wind,MW,nem,NSW1
2017-10-31 14:30:00,202.3,wind,MW,nem,NSW1
2017-10-31 14:35:00,193.4,wind,MW,nem,NSW1
2017-10-31 14:40:00,204.4,wind,MW,nem,NSW1
2017-10-31 14:45:00,192.5,wind,MW,nem,NSW1
2017-10-31 14:50:00,183.1,wind,MW,nem,NSW1
2017-10-31 14:55:00,177.7,wind,MW,nem,NSW1
2017-10-31 15:00:00,185.8,wind,MW,nem,NSW1
2017-10-31 15:05:00,176.3,wind,MW,nem,NSW1
2017-10-31 15:10:00,174.4,wind,MW,nem,NSW1
2017-10-31 15:15:00,185.3,wind,MW,nem,NSW1
2017-10-31 15:20:00,182.8,wind,MW,nem,NSW1
2017-10-31 15:25:00,184.5,wind,MW,nem,NSW1
2017-10-31 15:30:00,191.3,wind,MW,nem,NSW1
2017-10-31 15:35:00,213.7,wind,MW,nem,NSW1
2017-10-31 15:40:00,198.0,wind,MW,nem,NSW1
2017-10-31 15:45:00,201.9,wind,MW,nem,NSW1
2017-10-31 15:50:00,203.7,wind,MW,nem,NSW1
2017-10-31 15:55:00,204.9,wind,MW,nem,NSW1
2017-10-31 16:00:00,197.1,wind,MW,nem,NSW1
2017-10-31 16:05:00,215.8,wind,MW,nem,NSW1
2017-10-31 16:10:00,243.0,wind,MW,nem,NSW1
2017-10-31 16:15:00,237.6,wind,MW,nem,NSW1
2017-10-31 16:20:00,234.4,wind,MW,nem,NSW1
2017-10-31 16:25:00,246.1,wind,MW,nem,NSW1
2017-10-31 16:30:00,244.1,wind,MW,nem,NSW1
2017-10-31 16:35:00,258.2,wind,MW,nem,NSW1
2017-10-31 16:40:00,246.4,wind,MW,nem,NSW1
2017-10-31 16:45:00,235.2,wind,MW,nem,NSW1
2017-10-31 16:50:00,222.3,wind,MW,nem,NSW1
2017-10-31 16:55:00,212.2,wind,MW,nem,NSW1
2017-10-31 17:00:00,228.8,wind,MW,nem,NSW1
2017-10-31 17:05:00,230.2,wind,MW,nem,NSW1
2017-10-31 17:10:00,234.7,wind,MW,nem,NSW1
2017-10-31 17:15:00,225.2,wind,MW,nem,NSW1
2017-10-31 17:20:00,230.8,wind,MW,nem,NSW1
2017-10-31 17:25:00,251.5,wind,MW,nem,NSW1
2017-10-31 17:30:00,232.5,wind,MW,nem,NSW1
2017-10-31 17:35:00,233.2,wind,MW,nem,NSW1
2017-10-31 17:40:00,228.6,wind,MW,nem,NSW1
2017-10-31 17:45:00,244.1,wind,MW,nem,NSW1
2017-10-31 17:50:00,265.9,wind,MW,nem,NSW1
2017-10-31 17:55:00,240.7,wind,MW,nem,NSW1
2017-10-31 18:00:00,236.3,wind,MW,nem,NSW1
2017-10-31 18:05:00,203.4,wind,MW,nem,NSW1
2017-10-31 18:10:00,184.0,wind,MW,nem,NSW1
2017-10-31 18:15:00,213.2,wind,MW,nem,NSW1
2017-10-31 18:20:00,195.9,wind,MW,nem,NSW1
2017-10-31 18:25:00,190.6,wind,MW,nem,NSW1
2017-10-31 18:30:00,198.4,wind,MW,nem,NSW1
2017-10-31 18:35:00,204.8,wind,MW,nem,NSW1
2017-10-31 18:40:00,204.5,wind,MW,nem,NSW1
2017-10-31 18:45:00,211.9,wind,MW,nem,NSW1
2017-10-31 18:50:00,215.9,wind,MW,nem,NSW1
2017-10-31 18:55:00,211.9,wind,MW,nem,NSW1
2017-10-31 19:00:00,204.1,wind,MW,nem,NSW1
2017-10-31 19:05:00,200.5,wind,MW,nem,NSW1
2017-10-31 19:10:00,209.7,wind,MW,nem,NSW1
2017-10-31 19:15:00,200.6,wind,MW,nem,NSW1
2017-10-31 19:20:00,178.7,wind,MW,nem,NSW1
2017-10-31 19:25:00,170.4,wind,MW,nem,NSW1
2017-10-31 19:30:00,155.2,wind,MW,nem,NSW1
2017-10-31 19:35:00,155.5,wind,MW,nem,NSW1
2017-10-31 19:40:00,155.6,wind,MW,nem,NSW1
2017-10-31 19:45:00,155.9,wind,MW,nem,NSW1
2017-10-31 19:50:00,153.1,wind,MW,nem,NSW1
2017-10-31 19:55:00,146.0,wind,MW,nem,NSW1
2017-10-31 20:00:00,151.2,wind,MW,nem,NSW1
2017-10-31 20:05:00,139.7,wind,MW,nem,NSW1
2017-10-31 20:10:00,137.8,wind,MW,nem,NSW1
2017-10-31 20:15:00,113.3,wind,MW,nem,NSW1
2017-10-31 20:20:00,95.12,wind,MW,nem,NSW1
2017-10-31 20:25:00,80.76,wind,MW,nem,NSW1
2017-10-31 20:30:00,67.13,wind,MW,nem,NSW1
2017-10-31 20:35:00,67.3,wind,MW,nem,NSW1
2017-10-31 20:40:00,70.68,wind,MW,nem,NSW1
2017-10-31 20:45:00,64.35,wind,MW,nem,NSW1
2017-10-31 20:50:00,57.5,wind,MW,nem,NSW1
2017-10-31 20:55:00,58.79,wind,MW,nem,NSW1
2017-10-31 21:00:00,65.21,wind,MW,nem,NSW1
2017-10-31 21:05:00,73.13,wind,MW,nem,NSW1
2017-10-31 21:10:00,69.21,wind,MW,nem,NSW1
2017-10-31 21:15:00,64.17,wind,MW,nem,NSW1
2017-10-31 21:20:00,70.96,wind,MW,nem,NSW1
2017-10-31 21:25:00,71.69,wind,MW,nem,NSW1
2017-10-31 21:30:00,82.2,wind,MW,nem,NSW1
2017-10-31 21:35:00,79.26,wind,MW,nem,NSW1
2017-10-31 21:40:00,73.66,wind,MW,nem,NSW1
2017-10-31 21:45:00,71.82,wind,MW,nem,NSW1
2017-10-31 21:50:00,77.52,wind,MW,nem,NSW1
2017-10-31 21:55:00,80.84,wind,MW,nem,NSW1
2017-10-31 22:00:00,80.86,wind,MW,nem,NSW1
2017-10-31 22:05:00,80.62,wind,MW,nem,NSW1
2017-10-31 22:10:00,79.0,wind,MW,nem,NSW1
2017-10-31 22:15:00,89.86,wind,MW,nem,NSW1
2017-10-31 22:20:00,92.0,wind,MW,nem,NSW1
2017-10-31 22:25:00,110.8,wind,MW,nem,NSW1
2017-10-31 22:30:00,108.1,wind,MW,nem,NSW1
2017-10-31 22:35:00,110.9,wind,MW,nem,NSW1
2017-10-31 22:40:00,102.2,wind,MW,nem,NSW1
2017-10-31 22:45:00,101.0,wind,MW,nem,NSW1
2017-10-31 22:50:00,110.7,wind,MW,nem,NSW1
2017-10-31 22:55:00,113.1,wind,MW,nem,NSW1
2017-10-31 23:00:00,104.3,wind,MW,nem,NSW1
2017-10-31 23:05:00,100.7,wind,MW,nem,NSW1
2017-10-31 23:10:00,118.0,wind,MW,nem,NSW1
2017-10-31 23:15:00,130.8,wind,MW,nem,NSW1
2017-10-31 23:20:00,138.1,wind,MW,nem,NSW1
2017-10-31 23:25:00,157.0,wind,MW,nem,NSW1
2017-10-31 23:30:00,168.3,wind,MW,nem,NSW1
2017-10-31 23:35:00,171.9,wind,MW,nem,NSW1
2017-10-31 23:40:00,166.5,wind,MW,nem,NSW1
2017-10-31 23:45:00,149.3,wind,MW,nem,NSW1
2017-10-31 23:50:00,147.9,wind,MW,nem,NSW1
2017-10-31 23:55:00,143.7,wind,MW,nem,NSW1
2017-10-01 00:00:00,0.0,solar_rooftop,MW,nem,NSW1
2017-10-01 00:30:00,0.0,solar_rooftop,MW,nem,NSW1
2017-10-01 01:00:00,0.0,solar_rooftop,MW,nem,NSW1
2017-10-01 01:30:00,0.0,solar_rooftop,MW,nem,NSW1
2017-10-01 02:00:00,0.0,solar_rooftop,MW,nem,NSW1
2017-10-01 02:30:00,0.0,solar_rooftop,MW,nem,NSW1
2017-10-01 03:00:00,0.0,solar_rooftop,MW,nem,NSW1
2017-10-01 03:30:00,0.0,solar_rooftop,MW,nem,NSW1
2017-10-01 04:00:00,0.0,solar_rooftop,MW,nem,NSW1
2017-10-01 04:30:00,0.0,solar_rooftop,MW,nem,NSW1
2017-10-01 05:00:00,0.0,solar_rooftop,MW,nem,NSW1
2017-10-01 05:30:00,0.02,solar_rooftop,MW,nem,NSW1
2017-10-01 06:00:00,19.04,solar_rooftop,MW,nem,NSW1
2017-10-01 06:30:00,73.48,solar_rooftop,MW,nem,NSW1
2017-10-01 07:00:00,145.7,solar_rooftop,MW,nem,NSW1
2017-10-01 07:30:00,243.4,solar_rooftop,MW,nem,NSW1
2017-10-01 08:00:00,353.1,solar_rooftop,MW,nem,NSW1
2017-10-01 08:30:00,457.6,solar_rooftop,MW,nem,NSW1
2017-10-01 09:00:00,553.7,solar_rooftop,MW,nem,NSW1
2017-10-01 09:30:00,636.9,solar_rooftop,MW,nem,NSW1
2017-10-01 10:00:00,710.1,solar_rooftop,MW,nem,NSW1
2017-10-01 10:30:00,762.2,solar_rooftop,MW,nem,NSW1
2017-10-01 11:00:00,802.4,solar_rooftop,MW,nem,NSW1
2017-10-01 11:30:00,829.5,solar_rooftop,MW,nem,NSW1
2017-10-01 12:00:00,812.5,solar_rooftop,MW,nem,NSW1
2017-10-01 12:30:00,808.0,solar_rooftop,MW,nem,NSW1
2017-10-01 13:00:00,787.3,solar_rooftop,MW,nem,NSW1
2017-10-01 13:30:00,761.5,solar_rooftop,MW,nem,NSW1
2017-10-01 14:00:00,712.5,solar_rooftop,MW,nem,NSW1
2017-10-01 14:30:00,647.9,solar_rooftop,MW,nem,NSW1
2017-10-01 15:00:00,565.5,solar_rooftop,MW,nem,NSW1
2017-10-01 15:30:00,478.2,solar_rooftop,MW,nem,NSW1
2017-10-01 16:00:00,379.0,solar_rooftop,MW,nem,NSW1
2017-10-01 16:30:00,272.2,solar_rooftop,MW,nem,NSW1
2017-10-01 17:00:00,165.2,solar_rooftop,MW,nem,NSW1
2017-10-01 17:30:00,74.88,solar_rooftop,MW,nem,NSW1
2017-10-01 18:00:00,19.13,solar_rooftop,MW,nem,NSW1
2017-10-01 18:30:00,0.008,solar_rooftop,MW,nem,NSW1
2017-10-01 19:00:00,0.0,solar_rooftop,MW,nem,NSW1
2017-10-01 19:30:00,0.0,solar_rooftop,MW,nem,NSW1
2017-10-01 20:00:00,0.0,solar_rooftop,MW,nem,NSW1
2017-10-01 20:30:00,0.0,solar_rooftop,MW,nem,NSW1
2017-10-01 21:00:00,0.0,solar_rooftop,MW,nem,NSW1
2017-10-01 21:30:00,0.0,solar_rooftop,MW,nem,NSW1
2017-10-01 22:00:00,0.0,solar_rooftop,MW,nem,NSW1
2017-10-01 22:30:00,0.0,solar_rooftop,MW,nem,NSW1
2017-10-01 23:00:00,0.0,solar_rooftop,MW,nem,NSW1
2017-10-01 23:30:00,0.0,solar_rooftop,MW,nem,NSW1
2017-10-02 00:00:00,0.0,solar_rooftop,MW,nem,NSW1
2017-10-02 00:30:00,0.0,solar_rooftop,MW,nem,NSW1
2017-10-02 01:00:00,0.0,solar_rooftop,MW,nem,NSW1
2017-10-02 01:30:00,0.0,solar_rooftop,MW,nem,NSW1
2017-10-02 02:00:00,0.0,solar_rooftop,MW,nem,NSW1
2017-10-02 02:30:00,0.0,solar_rooftop,MW,nem,NSW1
2017-10-02 03:00:00,0.0,solar_rooftop,MW,nem,NSW1
2017-10-02 03:30:00,0.0,solar_rooftop,MW,nem,NSW1
2017-10-02 04:00:00,0.0,solar_rooftop,MW,nem,NSW1
2017-10-02 04:30:00,0.0,solar_rooftop,MW,nem,NSW1
2017-10-02 05:00:00,0.0,solar_rooftop,MW,nem,NSW1
2017-10-02 05:30:00,0.017,solar_rooftop,MW,nem,NSW1
2017-10-02 06:00:00,15.5,solar_rooftop,MW,nem,NSW1
2017-10-02 06:30:00,64.02,solar_rooftop,MW,nem,NSW1
2017-10-02 07:00:00,127.0,solar_rooftop,MW,nem,NSW1
2017-10-02 07:30:00,214.2,solar_rooftop,MW,nem,NSW1
2017-10-02 08:00:00,312.4,solar_rooftop,MW,nem,NSW1
2017-10-02 08:30:00,422.4,solar_rooftop,MW,nem,NSW1
2017-10-02 09:00:00,516.0,solar_rooftop,MW,nem,NSW1
2017-10-02 09:30:00,604.2,solar_rooftop,MW,nem,NSW1
2017-10-02 10:00:00,652.8,solar_rooftop,MW,nem,NSW1
2017-10-02 10:30:00,679.6,solar_rooftop,MW,nem,NSW1
2017-10-02 11:00:00,722.2,solar_rooftop,MW,nem,NSW1
2017-10-02 11:30:00,729.0,solar_rooftop,MW,nem,NSW1
2017-10-02 12:00:00,730.8,solar_rooftop,MW,nem,NSW1
2017-10-02 12:30:00,728.9,solar_rooftop,MW,nem,NSW1
2017-10-02 13:00:00,695.5,solar_rooftop,MW,nem,NSW1
2017-10-02 13:30:00,655.9,solar_rooftop,MW,nem,NSW1
2017-10-02 14:00:00,587.4,solar_rooftop,MW,nem,NSW1
2017-10-02 14:30:00,528.6,solar_rooftop,MW,nem,NSW1
2017-10-02 15:00:00,467.9,solar_rooftop,MW,nem,NSW1
2017-10-02 15:30:00,397.0,solar_rooftop,MW,nem,NSW1
2017-10-02 16:00:00,299.3,solar_rooftop,MW,nem,NSW1
2017-10-02 16:30:00,211.8,solar_rooftop,MW,nem,NSW1
2017-10-02 17:00:00,129.3,solar_rooftop,MW,nem,NSW1
2017-10-02 17:30:00,65.92,solar_rooftop,MW,nem,NSW1
2017-10-02 18:00:00,18.72,solar_rooftop,MW,nem,NSW1
2017-10-02 18:30:00,0.006,solar_rooftop,MW,nem,NSW1
2017-10-02 19:00:00,0.0,solar_rooftop,MW,nem,NSW1
2017-10-02 19:30:00,0.0,solar_rooftop,MW,nem,NSW1
2017-10-02 20:00:00,0.0,solar_rooftop,MW,nem,NSW1
2017-10-02 20:30:00,0.0,solar_rooftop,MW,nem,NSW1
2017-10-02 21:00:00,0.0,solar_rooftop,MW,nem,NSW1
2017-10-02 21:30:00,0.0,solar_rooftop,MW,nem,NSW1
2017-10-02 22:00:00,0.0,solar_rooftop,MW,nem,NSW1
2017-10-02 22:30:00,0.0,solar_rooftop,MW,nem,NSW1
2017-10-02 23:00:00,0.0,solar_rooftop,MW,nem,NSW1
2017-10-02 23:30:00,0.0,solar_rooftop,MW,nem,NSW1
2017-10-03 00:00:00,0.0,solar_rooftop,MW,nem,NSW1
2017-10-03 00:30:00,0.0,solar_rooftop,MW,nem,NSW1
2017-10-03 01:00:00,0.0,solar_rooftop,MW,nem,NSW1
2017-10-03 01:30:00,0.0,solar_rooftop,MW,nem,NSW1
2017-10-03 02:00:00,0.0,solar_rooftop,MW,nem,NSW1
2017-10-03 02:30:00,0.0,solar_rooftop,MW,nem,NSW1
2017-10-03 03:00:00,0.0,solar_rooftop,MW,nem,NSW1
2017-10-03 03:30:00,0.0,solar_rooftop,MW,nem,NSW1
2017-10-03 04:00:00,0.0,solar_rooftop,MW,nem,NSW1
2017-10-03 04:30:00,0.0,solar_rooftop,MW,nem,NSW1
2017-10-03 05:00:00,0.0,solar_rooftop,MW,nem,NSW1
2017-10-03 05:30:00,0.022,solar_rooftop,MW,nem,NSW1
2017-10-03 06:00:00,10.85,solar_rooftop,MW,nem,NSW1
2017-10-03 06:30:00,48.9,solar_rooftop,MW,nem,NSW1
2017-10-03 07:00:00,99.04,solar_rooftop,MW,nem,NSW1
2017-10-03 07:30:00,161.9,solar_rooftop,MW,nem,NSW1
2017-10-03 08:00:00,236.2,solar_rooftop,MW,nem,NSW1
2017-10-03 08:30:00,319.2,solar_rooftop,MW,nem,NSW1
2017-10-03 09:00:00,369.2,solar_rooftop,MW,nem,NSW1
2017-10-03 09:30:00,422.5,solar_rooftop,MW,nem,NSW1
2017-10-03 10:00:00,489.8,solar_rooftop,MW,nem,NSW1
2017-10-03 10:30:00,571.0,solar_rooftop,MW,nem,NSW1
2017-10-03 11:00:00,618.6,solar_rooftop,MW,nem,NSW1
2017-10-03 11:30:00,659.5,solar_rooftop,MW,nem,NSW1
2017-10-03 12:00:00,642.4,solar_rooftop,MW,nem,NSW1
2017-10-03 12:30:00,591.8,solar_rooftop,MW,nem,NSW1
2017-10-03 13:00:00,580.2,solar_rooftop,MW,nem,NSW1
2017-10-03 13:30:00,554.9,solar_rooftop,MW,nem,NSW1
2017-10-03 14:00:00,524.2,solar_rooftop,MW,nem,NSW1
2017-10-03 14:30:00,480.2,solar_rooftop,MW,nem,NSW1
2017-10-03 15:00:00,412.3,solar_rooftop,MW,nem,NSW1
2017-10-03 15:30:00,375.9,solar_rooftop,MW,nem,NSW1
2017-10-03 16:00:00,302.6,solar_rooftop,MW,nem,NSW1
2017-10-03 16:30:00,222.1,solar_rooftop,MW,nem,NSW1
2017-10-03 17:00:00,136.3,solar_rooftop,MW,nem,NSW1
2017-10-03 17:30:00,71.01,solar_rooftop,MW,nem,NSW1
2017-10-03 18:00:00,20.99,solar_rooftop,MW,nem,NSW1
2017-10-03 18:30:00,0.02,solar_rooftop,MW,nem,NSW1
2017-10-03 19:00:00,0.0,solar_rooftop,MW,nem,NSW1
2017-10-03 19:30:00,0.0,solar_rooftop,MW,nem,NSW1
2017-10-03 20:00:00,0.0,solar_rooftop,MW,nem,NSW1
2017-10-03 20:30:00,0.0,solar_rooftop,MW,nem,NSW1
2017-10-03 21:00:00,0.0,solar_rooftop,MW,nem,NSW1
2017-10-03 21:30:00,0.0,solar_rooftop,MW,nem,NSW1
2017-10-03 22:00:00,0.0,solar_rooftop,MW,nem,NSW1
2017-10-03 22:30:00,0.0,solar_rooftop,MW,nem,NSW1
2017-10-03 23:00:00,0.0,solar_rooftop,MW,nem,NSW1
2017-10-03 23:30:00,0.0,solar_rooftop,MW,nem,NSW1
2017-10-04 00:00:00,0.0,solar_rooftop,MW,nem,NSW1
2017-10-04 00:30:00,0.0,solar_rooftop,MW,nem,NSW1
2017-10-04 01:00:00,0.0,solar_rooftop,MW,nem,NSW1
2017-10-04 01:30:00,0.0,solar_rooftop,MW,nem,NSW1
2017-10-04 02:00:00,0.0,solar_rooftop,MW,nem,NSW1
2017-10-04 02:30:00,0.0,solar_rooftop,MW,nem,NSW1
2017-10-04 03:00:00,0.0,solar_rooftop,MW,nem,NSW1
2017-10-04 03:30:00,0.0,solar_rooftop,MW,nem,NSW1
2017-10-04 04:00:00,0.0,solar_rooftop,MW,nem,NSW1
2017-10-04 04:30:00,0.0,solar_rooftop,MW,nem,NSW1
2017-10-04 05:00:00,0.0,solar_rooftop,MW,nem,NSW1
2017-10-04 05:30:00,0.523,solar_rooftop,MW,nem,NSW1
2017-10-04 06:00:00,23.32,solar_rooftop,MW,nem,NSW1
2017-10-04 06:30:00,68.74,solar_rooftop,MW,nem,NSW1
2017-10-04 07:00:00,136.9,solar_rooftop,MW,nem,NSW1
2017-10-04 07:30:00,229.1,solar_rooftop,MW,nem,NSW1
2017-10-04 08:00:00,344.4,solar_rooftop,MW,nem,NSW1
2017-10-04 08:30:00,469.1,solar_rooftop,MW,nem,NSW1
2017-10-04 09:00:00,565.7,solar_rooftop,MW,nem,NSW1
2017-10-04 09:30:00,629.2,solar_rooftop,MW,nem,NSW1
2017-10-04 10:00:00,703.2,solar_rooftop,MW,nem,NSW1
2017-10-04 10:30:00,764.6,solar_rooftop,MW,nem,NSW1
2017-10-04 11:00:00,837.7,solar_rooftop,MW,nem,NSW1
2017-10-04 11:30:00,848.9,solar_rooftop,MW,nem,NSW1
2017-10-04 12:00:00,875.9,solar_rooftop,MW,nem,NSW1
2017-10-04 12:30:00,830.9,solar_rooftop,MW,nem,NSW1
2017-10-04 13:00:00,787.0,solar_rooftop,MW,nem,NSW1
2017-10-04 13:30:00,748.3,solar_rooftop,MW,nem,NSW1
2017-10-04 14:00:00,729.3,solar_rooftop,MW,nem,NSW1
2017-10-04 14:30:00,633.3,solar_rooftop,MW,nem,NSW1
2017-10-04 15:00:00,544.0,solar_rooftop,MW,nem,NSW1
2017-10-04 15:30:00,444.6,solar_rooftop,MW,nem,NSW1
2017-10-04 16:00:00,356.0,solar_rooftop,MW,nem,NSW1
2017-10-04 16:30:00,246.5,solar_rooftop,MW,nem,NSW1
2017-10-04 17:00:00,126.6,solar_rooftop,MW,nem,NSW1
2017-10-04 17:30:00,62.89,solar_rooftop,MW,nem,NSW1
2017-10-04 18:00:00,22.11,solar_rooftop,MW,nem,NSW1
2017-10-04 18:30:00,0.006,solar_rooftop,MW,nem,NSW1
2017-10-04 19:00:00,0.0,solar_rooftop,MW,nem,NSW1
2017-10-04 19:30:00,0.0,solar_rooftop,MW,nem,NSW1
2017-10-04 20:00:00,0.0,solar_rooftop,MW,nem,NSW1
2017-10-04 20:30:00,0.0,solar_rooftop,MW,nem,NSW1
2017-10-04 21:00:00,0.0,solar_rooftop,MW,nem,NSW1
2017-10-04 21:30:00,0.0,solar_rooftop,MW,nem,NSW1
2017-10-04 22:00:00,0.0,solar_rooftop,MW,nem,NSW1
2017-10-04 22:30:00,0.0,solar_rooftop,MW,nem,NSW1
2017-10-04 23:00:00,0.0,solar_rooftop,MW,nem,NSW1
2017-10-04 23:30:00,0.0,solar_rooftop,MW,nem,NSW1
2017-10-05 00:00:00,0.0,solar_rooftop,MW,nem,NSW1
2017-10-05 00:30:00,0.0,solar_rooftop,MW,nem,NSW1
2017-10-05 01:00:00,0.0,solar_rooftop,MW,nem,NSW1
2017-10-05 01:30:00,0.0,solar_rooftop,MW,nem,NSW1
2017-10-05 02:00:00,0.0,solar_rooftop,MW,nem,NSW1
2017-10-05 02:30:00,0.0,solar_rooftop,MW,nem,NSW1
2017-10-05 03:00:00,0.0,solar_rooftop,MW,nem,NSW1
2017-10-05 03:30:00,0.0,solar_rooftop,MW,nem,NSW1
2017-10-05 04:00:00,0.0,solar_rooftop,MW,nem,NSW1
2017-10-05 04:30:00,0.0,solar_rooftop,MW,nem,NSW1
2017-10-05 05:00:00,0.0,solar_rooftop,MW,nem,NSW1
2017-10-05 05:30:00,0.848,solar_rooftop,MW,nem,NSW1
2017-10-05 06:00:00,22.86,solar_rooftop,MW,nem,NSW1
2017-10-05 06:30:00,76.6,solar_rooftop,MW,nem,NSW1
2017-10-05 07:00:00,144.1,solar_rooftop,MW,nem,NSW1
2017-10-05 07:30:00,225.4,solar_rooftop,MW,nem,NSW1
2017-10-05 08:00:00,347.0,solar_rooftop,MW,nem,NSW1
2017-10-05 08:30:00,463.5,solar_rooftop,MW,nem,NSW1
2017-10-05 09:00:00,530.0,solar_rooftop,MW,nem,NSW1
2017-10-05 09:30:00,618.0,solar_rooftop,MW,nem,NSW1
2017-10-05 10:00:00,677.0,solar_rooftop,MW,nem,NSW1
2017-10-05 10:30:00,737.3,solar_rooftop,MW,nem,NSW1
2017-10-05 11:00:00,792.2,solar_rooftop,MW,nem,NSW1
2017-10-05 11:30:00,796.3,solar_rooftop,MW,nem,NSW1
2017-10-05 12:00:00,855.0,solar_rooftop,MW,nem,NSW1
2017-10-05 12:30:00,853.0,solar_rooftop,MW,nem,NSW1
2017-10-05 13:00:00,803.0,solar_rooftop,MW,nem,NSW1
2017-10-05 13:30:00,740.5,solar_rooftop,MW,nem,NSW1
2017-10-05 14:00:00,663.4,solar_rooftop,MW,nem,NSW1
2017-10-05 14:30:00,582.5,solar_rooftop,MW,nem,NSW1
2017-10-05 15:00:00,463.8,solar_rooftop,MW,nem,NSW1
2017-10-05 15:30:00,379.4,solar_rooftop,MW,nem,NSW1
2017-10-05 16:00:00,302.7,solar_rooftop,MW,nem,NSW1
2017-10-05 16:30:00,182.1,solar_rooftop,MW,nem,NSW1
2017-10-05 17:00:00,101.0,solar_rooftop,MW,nem,NSW1
2017-10-05 17:30:00,49.78,solar_rooftop,MW,nem,NSW1
2017-10-05 18:00:00,17.05,solar_rooftop,MW,nem,NSW1
2017-10-05 18:30:00,0.016,solar_rooftop,MW,nem,NSW1
2017-10-05 19:00:00,0.0,solar_rooftop,MW,nem,NSW1
2017-10-05 19:30:00,0.0,solar_rooftop,MW,nem,NSW1
2017-10-05 20:00:00,0.0,solar_rooftop,MW,nem,NSW1
2017-10-05 20:30:00,0.0,solar_rooftop,MW,nem,NSW1
2017-10-05 21:00:00,0.0,solar_rooftop,MW,nem,NSW1
2017-10-05 21:30:00,0.0,solar_rooftop,MW,nem,NSW1
2017-10-05 22:00:00,0.0,solar_rooftop,MW,nem,NSW1
2017-10-05 22:30:00,0.0,solar_rooftop,MW,nem,NSW1
2017-10-05 23:00:00,0.0,solar_rooftop,MW,nem,NSW1
2017-10-05 23:30:00,0.0,solar_rooftop,MW,nem,NSW1
2017-10-06 00:00:00,0.0,solar_rooftop,MW,nem,NSW1
2017-10-06 00:30:00,0.0,solar_rooftop,MW,nem,NSW1
2017-10-06 01:00:00,0.0,solar_rooftop,MW,nem,NSW1
2017-10-06 01:30:00,0.0,solar_rooftop,MW,nem,NSW1
2017-10-06 02:00:00,0.0,solar_rooftop,MW,nem,NSW1
2017-10-06 02:30:00,0.0,solar_rooftop,MW,nem,NSW1
2017-10-06 03:00:00,0.0,solar_rooftop,MW,nem,NSW1
2017-10-06 03:30:00,0.0,solar_rooftop,MW,nem,NSW1
2017-10-06 04:00:00,0.0,solar_rooftop,MW,nem,NSW1
2017-10-06 04:30:00,0.0,solar_rooftop,MW,nem,NSW1
2017-10-06 05:00:00,0.0,solar_rooftop,MW,nem,NSW1
2017-10-06 05:30:00,0.412,solar_rooftop,MW,nem,NSW1
2017-10-06 06:00:00,12.34,solar_rooftop,MW,nem,NSW1
2017-10-06 06:30:00,44.39,solar_rooftop,MW,nem,NSW1
2017-10-06 07:00:00,80.81,solar_rooftop,MW,nem,NSW1
2017-10-06 07:30:00,113.9,solar_rooftop,MW,nem,NSW1
2017-10-06 08:00:00,137.6,solar_rooftop,MW,nem,NSW1
2017-10-06 08:30:00,169.1,solar_rooftop,MW,nem,NSW1
2017-10-06 09:00:00,228.3,solar_rooftop,MW,nem,NSW1
2017-10-06 09:30:00,298.5,solar_rooftop,MW,nem,NSW1
2017-10-06 10:00:00,341.3,solar_rooftop,MW,nem,NSW1
2017-10-06 10:30:00,369.9,solar_rooftop,MW,nem,NSW1
2017-10-06 11:00:00,397.1,solar_rooftop,MW,nem,NSW1
2017-10-06 11:30:00,468.8,solar_rooftop,MW,nem,NSW1
2017-10-06 12:00:00,606.4,solar_rooftop,MW,nem,NSW1
2017-10-06 12:30:00,681.8,solar_rooftop,MW,nem,NSW1
2017-10-06 13:00:00,691.8,solar_rooftop,MW,nem,NSW1
2017-10-06 13:30:00,644.1,solar_rooftop,MW,nem,NSW1
2017-10-06 14:00:00,621.9,solar_rooftop,MW,nem,NSW1
2017-10-06 14:30:00,560.3,solar_rooftop,MW,nem,NSW1
2017-10-06 15:00:00,490.1,solar_rooftop,MW,nem,NSW1
2017-10-06 15:30:00,433.6,solar_rooftop,MW,nem,NSW1
2017-10-06 16:00:00,355.2,solar_rooftop,MW,nem,NSW1
2017-10-06 16:30:00,250.1,solar_rooftop,MW,nem,NSW1
2017-10-06 17:00:00,156.4,solar_rooftop,MW,nem,NSW1
2017-10-06 17:30:00,76.59,solar_rooftop,MW,nem,NSW1
2017-10-06 18:00:00,21.45,solar_rooftop,MW,nem,NSW1
2017-10-06 18:30:00,0.2,solar_rooftop,MW,nem,NSW1
2017-10-06 19:00:00,0.0,solar_rooftop,MW,nem,NSW1
2017-10-06 19:30:00,0.0,solar_rooftop,MW,nem,NSW1
2017-10-06 20:00:00,0.0,solar_rooftop,MW,nem,NSW1
2017-10-06 20:30:00,0.0,solar_rooftop,MW,nem,NSW1
2017-10-06 21:00:00,0.0,solar_rooftop,MW,nem,NSW1
2017-10-06 21:30:00,0.0,solar_rooftop,MW,nem,NSW1
2017-10-06 22:00:00,0.0,solar_rooftop,MW,nem,NSW1
2017-10-06 22:30:00,0.0,solar_rooftop,MW,nem,NSW1
2017-10-06 23:00:00,0.0,solar_rooftop,MW,nem,NSW1
2017-10-06 23:30:00,0.0,solar_rooftop,MW,nem,NSW1
2017-10-07 00:00:00,0.0,solar_rooftop,MW,nem,NSW1
2017-10-07 00:30:00,0.0,solar_rooftop,MW,nem,NSW1
2017-10-07 01:00:00,0.0,solar_rooftop,MW,nem,NSW1
2017-10-07 01:30:00,0.0,solar_rooftop,MW,nem,NSW1
2017-10-07 02:00:00,0.0,solar_rooftop,MW,nem,NSW1
2017-10-07 02:30:00,0.0,solar_rooftop,MW,nem,NSW1
2017-10-07 03:00:00,0.0,solar_rooftop,MW,nem,NSW1
2017-10-07 03:30:00,0.0,solar_rooftop,MW,nem,NSW1
2017-10-07 04:00:00,0.0,solar_rooftop,MW,nem,NSW1
2017-10-07 04:30:00,0.0,solar_rooftop,MW,nem,NSW1
2017-10-07 05:00:00,0.0,solar_rooftop,MW,nem,NSW1
2017-10-07 05:30:00,0.798,solar_rooftop,MW,nem,NSW1
2017-10-07 06:00:00,23.74,solar_rooftop,MW,nem,NSW1
2017-10-07 06:30:00,71.75,solar_rooftop,MW,nem,NSW1
2017-10-07 07:00:00,136.7,solar_rooftop,MW,nem,NSW1
2017-10-07 07:30:00,227.9,solar_rooftop,MW,nem,NSW1
2017-10-07 08:00:00,280.5,solar_rooftop,MW,nem,NSW1
2017-10-07 08:30:00,335.7,solar_rooftop,MW,nem,NSW1
2017-10-07 09:00:00,465.2,solar_rooftop,MW,nem,NSW1
2017-10-07 09:30:00,581.4,solar_rooftop,MW,nem,NSW1
2017-10-07 10:00:00,694.8,solar_rooftop,MW,nem,NSW1
2017-10-07 10:30:00,735.8,solar_rooftop,MW,nem,NSW1
2017-10-07 11:00:00,738.6,solar_rooftop,MW,nem,NSW1
2017-10-07 11:30:00,746.6,solar_rooftop,MW,nem,NSW1
2017-10-07 12:00:00,760.8,solar_rooftop,MW,nem,NSW1
2017-10-07 12:30:00,685.1,solar_rooftop,MW,nem,NSW1
2017-10-07 13:00:00,600.1,solar_rooftop,MW,nem,NSW1
2017-10-07 13:30:00,572.4,solar_rooftop,MW,nem,NSW1
2017-10-07 14:00:00,544.3,solar_rooftop,MW,nem,NSW1
2017-10-07 14:30:00,487.3,solar_rooftop,MW,nem,NSW1
2017-10-07 15:00:00,411.6,solar_rooftop,MW,nem,NSW1
2017-10-07 15:30:00,365.4,solar_rooftop,MW,nem,NSW1
2017-10-07 16:00:00,302.6,solar_rooftop,MW,nem,NSW1
2017-10-07 16:30:00,233.9,solar_rooftop,MW,nem,NSW1
2017-10-07 17:00:00,151.3,solar_rooftop,MW,nem,NSW1
2017-10-07 17:30:00,72.58,solar_rooftop,MW,nem,NSW1
2017-10-07 18:00:00,24.49,solar_rooftop,MW,nem,NSW1
2017-10-07 18:30:00,0.732,solar_rooftop,MW,nem,NSW1
2017-10-07 19:00:00,0.0,solar_rooftop,MW,nem,NSW1
2017-10-07 19:30:00,0.0,solar_rooftop,MW,nem,NSW1
2017-10-07 20:00:00,0.0,solar_rooftop,MW,nem,NSW1
2017-10-07 20:30:00,0.0,solar_rooftop,MW,nem,NSW1
2017-10-07 21:00:00,0.0,solar_rooftop,MW,nem,NSW1
2017-10-07 21:30:00,0.0,solar_rooftop,MW,nem,NSW1
2017-10-07 22:00:00,0.0,solar_rooftop,MW,nem,NSW1
2017-10-07 22:30:00,0.0,solar_rooftop,MW,nem,NSW1
2017-10-07 23:00:00,0.0,solar_rooftop,MW,nem,NSW1
2017-10-07 23:30:00,0.0,solar_rooftop,MW,nem,NSW1
2017-10-08 00:00:00,0.0,solar_rooftop,MW,nem,NSW1
2017-10-08 00:30:00,0.0,solar_rooftop,MW,nem,NSW1
2017-10-08 01:00:00,0.0,solar_rooftop,MW,nem,NSW1
2017-10-08 01:30:00,0.0,solar_rooftop,MW,nem,NSW1
2017-10-08 02:00:00,0.0,solar_rooftop,MW,nem,NSW1
2017-10-08 02:30:00,0.0,solar_rooftop,MW,nem,NSW1
2017-10-08 03:00:00,0.0,solar_rooftop,MW,nem,NSW1
2017-10-08 03:30:00,0.0,solar_rooftop,MW,nem,NSW1
2017-10-08 04:00:00,0.0,solar_rooftop,MW,nem,NSW1
2017-10-08 04:30:00,0.0,solar_rooftop,MW,nem,NSW1
2017-10-08 05:00:00,0.0,solar_rooftop,MW,nem,NSW1
2017-10-08 05:30:00,1.389,solar_rooftop,MW,nem,NSW1
2017-10-08 06:00:00,26.98,solar_rooftop,MW,nem,NSW1
2017-10-08 06:30:00,88.61,solar_rooftop,MW,nem,NSW1
2017-10-08 07:00:00,134.3,solar_rooftop,MW,nem,NSW1
2017-10-08 07:30:00,194.4,solar_rooftop,MW,nem,NSW1
2017-10-08 08:00:00,270.6,solar_rooftop,MW,nem,NSW1
2017-10-08 08:30:00,341.9,solar_rooftop,MW,nem,NSW1
2017-10-08 09:00:00,386.3,solar_rooftop,MW,nem,NSW1
2017-10-08 09:30:00,412.3,solar_rooftop,MW,nem,NSW1
2017-10-08 10:00:00,461.4,solar_rooftop,MW,nem,NSW1
2017-10-08 10:30:00,520.8,solar_rooftop,MW,nem,NSW1
2017-10-08 11:00:00,543.0,solar_rooftop,MW,nem,NSW1
2017-10-08 11:30:00,507.4,solar_rooftop,MW,nem,NSW1
2017-10-08 12:00:00,425.5,solar_rooftop,MW,nem,NSW1
2017-10-08 12:30:00,391.1,solar_rooftop,MW,nem,NSW1
2017-10-08 13:00:00,352.4,solar_rooftop,MW,nem,NSW1
2017-10-08 13:30:00,325.0,solar_rooftop,MW,nem,NSW1
2017-10-08 14:00:00,259.0,solar_rooftop,MW,nem,NSW1
2017-10-08 14:30:00,213.1,solar_rooftop,MW,nem,NSW1
2017-10-08 15:00:00,178.7,solar_rooftop,MW,nem,NSW1
2017-10-08 15:30:00,138.1,solar_rooftop,MW,nem,NSW1
2017-10-08 16:00:00,100.3,solar_rooftop,MW,nem,NSW1
2017-10-08 16:30:00,77.76,solar_rooftop,MW,nem,NSW1
2017-10-08 17:00:00,53.6,solar_rooftop,MW,nem,NSW1
2017-10-08 17:30:00,32.03,solar_rooftop,MW,nem,NSW1
2017-10-08 18:00:00,13.87,solar_rooftop,MW,nem,NSW1
2017-10-08 18:30:00,0.526,solar_rooftop,MW,nem,NSW1
2017-10-08 19:00:00,0.0,solar_rooftop,MW,nem,NSW1
2017-10-08 19:30:00,0.0,solar_rooftop,MW,nem,NSW1
2017-10-08 20:00:00,0.0,solar_rooftop,MW,nem,NSW1
2017-10-08 20:30:00,0.0,solar_rooftop,MW,nem,NSW1
2017-10-08 21:00:00,0.0,solar_rooftop,MW,nem,NSW1
2017-10-08 21:30:00,0.0,solar_rooftop,MW,nem,NSW1
2017-10-08 22:00:00,0.0,solar_rooftop,MW,nem,NSW1
2017-10-08 22:30:00,0.0,solar_rooftop,MW,nem,NSW1
2017-10-08 23:00:00,0.0,solar_rooftop,MW,nem,NSW1
2017-10-08 23:30:00,0.0,solar_rooftop,MW,nem,NSW1
2017-10-09 00:00:00,0.0,solar_rooftop,MW,nem,NSW1
2017-10-09 00:30:00,0.0,solar_rooftop,MW,nem,NSW1
2017-10-09 01:00:00,0.0,solar_rooftop,MW,nem,NSW1
2017-10-09 01:30:00,0.0,solar_rooftop,MW,nem,NSW1
2017-10-09 02:00:00,0.0,solar_rooftop,MW,nem,NSW1
2017-10-09 02:30:00,0.0,solar_rooftop,MW,nem,NSW1
2017-10-09 03:00:00,0.0,solar_rooftop,MW,nem,NSW1
2017-10-09 03:30:00,0.0,solar_rooftop,MW,nem,NSW1
2017-10-09 04:00:00,0.0,solar_rooftop,MW,nem,NSW1
2017-10-09 04:30:00,0.0,solar_rooftop,MW,nem,NSW1
2017-10-09 05:00:00,0.0,solar_rooftop,MW,nem,NSW1
2017-10-09 05:30:00,0.439,solar_rooftop,MW,nem,NSW1
2017-10-09 06:00:00,15.19,solar_rooftop,MW,nem,NSW1
2017-10-09 06:30:00,58.66,solar_rooftop,MW,nem,NSW1
2017-10-09 07:00:00,125.0,solar_rooftop,MW,nem,NSW1
2017-10-09 07:30:00,226.1,solar_rooftop,MW,nem,NSW1
2017-10-09 08:00:00,346.9,solar_rooftop,MW,nem,NSW1
2017-10-09 08:30:00,481.4,solar_rooftop,MW,nem,NSW1
2017-10-09 09:00:00,586.5,solar_rooftop,MW,nem,NSW1
2017-10-09 09:30:00,672.9,solar_rooftop,MW,nem,NSW1
2017-10-09 10:00:00,718.9,solar_rooftop,MW,nem,NSW1
2017-10-09 10:30:00,778.5,solar_rooftop,MW,nem,NSW1
2017-10-09 11:00:00,826.1,solar_rooftop,MW,nem,NSW1
2017-10-09 11:30:00,838.8,solar_rooftop,MW,nem,NSW1
2017-10-09 12:00:00,803.0,solar_rooftop,MW,nem,NSW1
2017-10-09 12:30:00,790.6,solar_rooftop,MW,nem,NSW1
2017-10-09 13:00:00,743.3,solar_rooftop,MW,nem,NSW1
2017-10-09 13:30:00,681.5,solar_rooftop,MW,nem,NSW1
2017-10-09 14:00:00,610.5,solar_rooftop,MW,nem,NSW1
2017-10-09 14:30:00,544.2,solar_rooftop,MW,nem,NSW1
2017-10-09 15:00:00,506.6,solar_rooftop,MW,nem,NSW1
2017-10-09 15:30:00,350.4,solar_rooftop,MW,nem,NSW1
2017-10-09 16:00:00,270.5,solar_rooftop,MW,nem,NSW1
2017-10-09 16:30:00,177.7,solar_rooftop,MW,nem,NSW1
2017-10-09 17:00:00,99.48,solar_rooftop,MW,nem,NSW1
2017-10-09 17:30:00,71.78,solar_rooftop,MW,nem,NSW1
2017-10-09 18:00:00,22.31,solar_rooftop,MW,nem,NSW1
2017-10-09 18:30:00,1.14,solar_rooftop,MW,nem,NSW1
2017-10-09 19:00:00,0.0,solar_rooftop,MW,nem,NSW1
2017-10-09 19:30:00,0.0,solar_rooftop,MW,nem,NSW1
2017-10-09 20:00:00,0.0,solar_rooftop,MW,nem,NSW1
2017-10-09 20:30:00,0.0,solar_rooftop,MW,nem,NSW1
2017-10-09 21:00:00,0.0,solar_rooftop,MW,nem,NSW1
2017-10-09 21:30:00,0.0,solar_rooftop,MW,nem,NSW1
2017-10-09 22:00:00,0.0,solar_rooftop,MW,nem,NSW1
2017-10-09 22:30:00,0.0,solar_rooftop,MW,nem,NSW1
2017-10-09 23:00:00,0.0,solar_rooftop,MW,nem,NSW1
2017-10-09 23:30:00,0.0,solar_rooftop,MW,nem,NSW1
2017-10-10 00:00:00,0.0,solar_rooftop,MW,nem,NSW1
2017-10-10 00:30:00,0.0,solar_rooftop,MW,nem,NSW1
2017-10-10 01:00:00,0.0,solar_rooftop,MW,nem,NSW1
2017-10-10 01:30:00,0.0,solar_rooftop,MW,nem,NSW1
2017-10-10 02:00:00,0.0,solar_rooftop,MW,nem,NSW1
2017-10-10 02:30:00,0.0,solar_rooftop,MW,nem,NSW1
2017-10-10 03:00:00,0.0,solar_rooftop,MW,nem,NSW1
2017-10-10 03:30:00,0.0,solar_rooftop,MW,nem,NSW1
2017-10-10 04:00:00,0.0,solar_rooftop,MW,nem,NSW1
2017-10-10 04:30:00,0.0,solar_rooftop,MW,nem,NSW1
2017-10-10 05:00:00,0.0,solar_rooftop,MW,nem,NSW1
2017-10-10 05:30:00,1.333,solar_rooftop,MW,nem,NSW1
2017-10-10 06:00:00,16.69,solar_rooftop,MW,nem,NSW1
2017-10-10 06:30:00,52.59,solar_rooftop,MW,nem,NSW1
2017-10-10 07:00:00,101.5,solar_rooftop,MW,nem,NSW1
2017-10-10 07:30:00,173.2,solar_rooftop,MW,nem,NSW1
2017-10-10 08:00:00,260.1,solar_rooftop,MW,nem,NSW1
2017-10-10 08:30:00,334.4,solar_rooftop,MW,nem,NSW1
2017-10-10 09:00:00,415.5,solar_rooftop,MW,nem,NSW1
2017-10-10 09:30:00,493.8,solar_rooftop,MW,nem,NSW1
2017-10-10 10:00:00,544.8,solar_rooftop,MW,nem,NSW1
2017-10-10 10:30:00,580.9,solar_rooftop,MW,nem,NSW1
2017-10-10 11:00:00,601.7,solar_rooftop,MW,nem,NSW1
2017-10-10 11:30:00,583.1,solar_rooftop,MW,nem,NSW1
2017-10-10 12:00:00,598.1,solar_rooftop,MW,nem,NSW1
2017-10-10 12:30:00,621.9,solar_rooftop,MW,nem,NSW1
2017-10-10 13:00:00,585.0,solar_rooftop,MW,nem,NSW1
2017-10-10 13:30:00,543.2,solar_rooftop,MW,nem,NSW1
2017-10-10 14:00:00,502.4,solar_rooftop,MW,nem,NSW1
2017-10-10 14:30:00,434.2,solar_rooftop,MW,nem,NSW1
2017-10-10 15:00:00,395.7,solar_rooftop,MW,nem,NSW1
2017-10-10 15:30:00,345.1,solar_rooftop,MW,nem,NSW1
2017-10-10 16:00:00,263.0,solar_rooftop,MW,nem,NSW1
2017-10-10 16:30:00,180.7,solar_rooftop,MW,nem,NSW1
2017-10-10 17:00:00,106.9,solar_rooftop,MW,nem,NSW1
2017-10-10 17:30:00,51.98,solar_rooftop,MW,nem,NSW1
2017-10-10 18:00:00,21.52,solar_rooftop,MW,nem,NSW1
2017-10-10 18:30:00,1.234,solar_rooftop,MW,nem,NSW1
2017-10-10 19:00:00,0.0,solar_rooftop,MW,nem,NSW1
2017-10-10 19:30:00,0.0,solar_rooftop,MW,nem,NSW1
2017-10-10 20:00:00,0.0,solar_rooftop,MW,nem,NSW1
2017-10-10 20:30:00,0.0,solar_rooftop,MW,nem,NSW1
2017-10-10 21:00:00,0.0,solar_rooftop,MW,nem,NSW1
2017-10-10 21:30:00,0.0,solar_rooftop,MW,nem,NSW1
2017-10-10 22:00:00,0.0,solar_rooftop,MW,nem,NSW1
2017-10-10 22:30:00,0.0,solar_rooftop,MW,nem,NSW1
2017-10-10 23:00:00,0.0,solar_rooftop,MW,nem,NSW1
2017-10-10 23:30:00,0.0,solar_rooftop,MW,nem,NSW1
2017-10-11 00:00:00,0.0,solar_rooftop,MW,nem,NSW1
2017-10-11 00:30:00,0.0,solar_rooftop,MW,nem,NSW1
2017-10-11 01:00:00,0.0,solar_rooftop,MW,nem,NSW1
2017-10-11 01:30:00,0.0,solar_rooftop,MW,nem,NSW1
2017-10-11 02:00:00,0.0,solar_rooftop,MW,nem,NSW1
2017-10-11 02:30:00,0.0,solar_rooftop,MW,nem,NSW1
2017-10-11 03:00:00,0.0,solar_rooftop,MW,nem,NSW1
2017-10-11 03:30:00,0.0,solar_rooftop,MW,nem,NSW1
2017-10-11 04:00:00,0.0,solar_rooftop,MW,nem,NSW1
2017-10-11 04:30:00,0.0,solar_rooftop,MW,nem,NSW1
2017-10-11 05:00:00,0.0,solar_rooftop,MW,nem,NSW1
2017-10-11 05:30:00,1.694,solar_rooftop,MW,nem,NSW1
2017-10-11 06:00:00,16.56,solar_rooftop,MW,nem,NSW1
2017-10-11 06:30:00,40.6,solar_rooftop,MW,nem,NSW1
2017-10-11 07:00:00,75.23,solar_rooftop,MW,nem,NSW1
2017-10-11 07:30:00,134.1,solar_rooftop,MW,nem,NSW1
2017-10-11 08:00:00,183.2,solar_rooftop,MW,nem,NSW1
2017-10-11 08:30:00,251.1,solar_rooftop,MW,nem,NSW1
2017-10-11 09:00:00,293.8,solar_rooftop,MW,nem,NSW1
2017-10-11 09:30:00,324.4,solar_rooftop,MW,nem,NSW1
2017-10-11 10:00:00,374.2,solar_rooftop,MW,nem,NSW1
2017-10-11 10:30:00,403.7,solar_rooftop,MW,nem,NSW1
2017-10-11 11:00:00,487.7,solar_rooftop,MW,nem,NSW1
2017-10-11 11:30:00,517.6,solar_rooftop,MW,nem,NSW1
2017-10-11 12:00:00,580.9,solar_rooftop,MW,nem,NSW1
2017-10-11 12:30:00,642.2,solar_rooftop,MW,nem,NSW1
2017-10-11 13:00:00,625.5,solar_rooftop,MW,nem,NSW1
2017-10-11 13:30:00,643.6,solar_rooftop,MW,nem,NSW1
2017-10-11 14:00:00,643.7,solar_rooftop,MW,nem,NSW1
2017-10-11 14:30:00,594.8,solar_rooftop,MW,nem,NSW1
2017-10-11 15:00:00,493.3,solar_rooftop,MW,nem,NSW1
2017-10-11 15:30:00,405.8,solar_rooftop,MW,nem,NSW1
2017-10-11 16:00:00,335.0,solar_rooftop,MW,nem,NSW1
2017-10-11 16:30:00,260.4,solar_rooftop,MW,nem,NSW1
2017-10-11 17:00:00,152.9,solar_rooftop,MW,nem,NSW1
2017-10-11 17:30:00,76.82,solar_rooftop,MW,nem,NSW1
2017-10-11 18:00:00,23.97,solar_rooftop,MW,nem,NSW1
2017-10-11 18:30:00,0.357,solar_rooftop,MW,nem,NSW1
2017-10-11 19:00:00,0.0,solar_rooftop,MW,nem,NSW1
2017-10-11 19:30:00,0.0,solar_rooftop,MW,nem,NSW1
2017-10-11 20:00:00,0.0,solar_rooftop,MW,nem,NSW1
2017-10-11 20:30:00,0.0,solar_rooftop,MW,nem,NSW1
2017-10-11 21:00:00,0.0,solar_rooftop,MW,nem,NSW1
2017-10-11 21:30:00,0.0,solar_rooftop,MW,nem,NSW1
2017-10-11 22:00:00,0.0,solar_rooftop,MW,nem,NSW1
2017-10-11 22:30:00,0.0,solar_rooftop,MW,nem,NSW1
2017-10-11 23:00:00,0.0,solar_rooftop,MW,nem,NSW1
2017-10-11 23:30:00,0.0,solar_rooftop,MW,nem,NSW1
2017-10-12 00:00:00,0.0,solar_rooftop,MW,nem,NSW1
2017-10-12 00:30:00,0.0,solar_rooftop,MW,nem,NSW1
2017-10-12 01:00:00,0.0,solar_rooftop,MW,nem,NSW1
2017-10-12 01:30:00,0.0,solar_rooftop,MW,nem,NSW1
2017-10-12 02:00:00,0.0,solar_rooftop,MW,nem,NSW1
2017-10-12 02:30:00,0.0,solar_rooftop,MW,nem,NSW1
2017-10-12 03:00:00,0.0,solar_rooftop,MW,nem,NSW1
2017-10-12 03:30:00,0.0,solar_rooftop,MW,nem,NSW1
2017-10-12 04:00:00,0.0,solar_rooftop,MW,nem,NSW1
2017-10-12 04:30:00,0.0,solar_rooftop,MW,nem,NSW1
2017-10-12 05:00:00,0.0,solar_rooftop,MW,nem,NSW1
2017-10-12 05:30:00,1.0,solar_rooftop,MW,nem,NSW1
2017-10-12 06:00:00,17.1,solar_rooftop,MW,nem,NSW1
2017-10-12 06:30:00,43.22,solar_rooftop,MW,nem,NSW1
2017-10-12 07:00:00,92.79,solar_rooftop,MW,nem,NSW1
2017-10-12 07:30:00,168.5,solar_rooftop,MW,nem,NSW1
2017-10-12 08:00:00,281.1,solar_rooftop,MW,nem,NSW1
2017-10-12 08:30:00,406.0,solar_rooftop,MW,nem,NSW1
2017-10-12 09:00:00,539.1,solar_rooftop,MW,nem,NSW1
2017-10-12 09:30:00,629.8,solar_rooftop,MW,nem,NSW1
2017-10-12 10:00:00,692.6,solar_rooftop,MW,nem,NSW1
2017-10-12 10:30:00,746.6,solar_rooftop,MW,nem,NSW1
2017-10-12 11:00:00,767.9,solar_rooftop,MW,nem,NSW1
2017-10-12 11:30:00,820.9,solar_rooftop,MW,nem,NSW1
2017-10-12 12:00:00,842.8,solar_rooftop,MW,nem,NSW1
2017-10-12 12:30:00,848.9,solar_rooftop,MW,nem,NSW1
2017-10-12 13:00:00,827.2,solar_rooftop,MW,nem,NSW1
2017-10-12 13:30:00,791.6,solar_rooftop,MW,nem,NSW1
2017-10-12 14:00:00,734.9,solar_rooftop,MW,nem,NSW1
2017-10-12 14:30:00,657.7,solar_rooftop,MW,nem,NSW1
2017-10-12 15:00:00,580.9,solar_rooftop,MW,nem,NSW1
2017-10-12 15:30:00,508.0,solar_rooftop,MW,nem,NSW1
2017-10-12 16:00:00,412.8,solar_rooftop,MW,nem,NSW1
2017-10-12 16:30:00,308.0,solar_rooftop,MW,nem,NSW1
2017-10-12 17:00:00,187.2,solar_rooftop,MW,nem,NSW1
2017-10-12 17:30:00,95.49,solar_rooftop,MW,nem,NSW1
2017-10-12 18:00:00,33.79,solar_rooftop,MW,nem,NSW1
2017-10-12 18:30:00,1.256,solar_rooftop,MW,nem,NSW1
2017-10-12 19:00:00,0.0,solar_rooftop,MW,nem,NSW1
2017-10-12 19:30:00,0.0,solar_rooftop,MW,nem,NSW1
2017-10-12 20:00:00,0.0,solar_rooftop,MW,nem,NSW1
2017-10-12 20:30:00,0.0,solar_rooftop,MW,nem,NSW1
2017-10-12 21:00:00,0.0,solar_rooftop,MW,nem,NSW1
2017-10-12 21:30:00,0.0,solar_rooftop,MW,nem,NSW1
2017-10-12 22:00:00,0.0,solar_rooftop,MW,nem,NSW1
2017-10-12 22:30:00,0.0,solar_rooftop,MW,nem,NSW1
2017-10-12 23:00:00,0.0,solar_rooftop,MW,nem,NSW1
2017-10-12 23:30:00,0.0,solar_rooftop,MW,nem,NSW1
2017-10-13 00:00:00,0.0,solar_rooftop,MW,nem,NSW1
2017-10-13 00:30:00,0.0,solar_rooftop,MW,nem,NSW1
2017-10-13 01:00:00,0.0,solar_rooftop,MW,nem,NSW1
2017-10-13 01:30:00,0.0,solar_rooftop,MW,nem,NSW1
2017-10-13 02:00:00,0.0,solar_rooftop,MW,nem,NSW1
2017-10-13 02:30:00,0.0,solar_rooftop,MW,nem,NSW1
2017-10-13 03:00:00,0.0,solar_rooftop,MW,nem,NSW1
2017-10-13 03:30:00,0.0,solar_rooftop,MW,nem,NSW1
2017-10-13 04:00:00,0.0,solar_rooftop,MW,nem,NSW1
2017-10-13 04:30:00,0.0,solar_rooftop,MW,nem,NSW1
2017-10-13 05:00:00,0.0,solar_rooftop,MW,nem,NSW1
2017-10-13 05:30:00,4.122,solar_rooftop,MW,nem,NSW1
2017-10-13 06:00:00,37.68,solar_rooftop,MW,nem,NSW1
2017-10-13 06:30:00,94.1,solar_rooftop,MW,nem,NSW1
2017-10-13 07:00:00,174.9,solar_rooftop,MW,nem,NSW1
2017-10-13 07:30:00,261.2,solar_rooftop,MW,nem,NSW1
2017-10-13 08:00:00,359.1,solar_rooftop,MW,nem,NSW1
2017-10-13 08:30:00,458.6,solar_rooftop,MW,nem,NSW1
2017-10-13 09:00:00,562.9,solar_rooftop,MW,nem,NSW1
2017-10-13 09:30:00,646.3,solar_rooftop,MW,nem,NSW1
2017-10-13 10:00:00,713.8,solar_rooftop,MW,nem,NSW1
2017-10-13 10:30:00,786.6,solar_rooftop,MW,nem,NSW1
2017-10-13 11:00:00,827.1,solar_rooftop,MW,nem,NSW1
2017-10-13 11:30:00,861.1,solar_rooftop,MW,nem,NSW1
2017-10-13 12:00:00,863.7,solar_rooftop,MW,nem,NSW1
2017-10-13 12:30:00,865.3,solar_rooftop,MW,nem,NSW1
2017-10-13 13:00:00,877.9,solar_rooftop,MW,nem,NSW1
2017-10-13 13:30:00,835.2,solar_rooftop,MW,nem,NSW1
2017-10-13 14:00:00,761.4,solar_rooftop,MW,nem,NSW1
2017-10-13 14:30:00,698.9,solar_rooftop,MW,nem,NSW1
2017-10-13 15:00:00,608.3,solar_rooftop,MW,nem,NSW1
2017-10-13 15:30:00,513.1,solar_rooftop,MW,nem,NSW1
2017-10-13 16:00:00,412.8,solar_rooftop,MW,nem,NSW1
2017-10-13 16:30:00,291.3,solar_rooftop,MW,nem,NSW1
2017-10-13 17:00:00,180.0,solar_rooftop,MW,nem,NSW1
2017-10-13 17:30:00,89.04,solar_rooftop,MW,nem,NSW1
2017-10-13 18:00:00,30.8,solar_rooftop,MW,nem,NSW1
2017-10-13 18:30:00,1.326,solar_rooftop,MW,nem,NSW1
2017-10-13 19:00:00,0.0,solar_rooftop,MW,nem,NSW1
2017-10-13 19:30:00,0.0,solar_rooftop,MW,nem,NSW1
2017-10-13 20:00:00,0.0,solar_rooftop,MW,nem,NSW1
2017-10-13 20:30:00,0.0,solar_rooftop,MW,nem,NSW1
2017-10-13 21:00:00,0.0,solar_rooftop,MW,nem,NSW1
2017-10-13 21:30:00,0.0,solar_rooftop,MW,nem,NSW1
2017-10-13 22:00:00,0.0,solar_rooftop,MW,nem,NSW1
2017-10-13 22:30:00,0.0,solar_rooftop,MW,nem,NSW1
2017-10-13 23:00:00,0.0,solar_rooftop,MW,nem,NSW1
2017-10-13 23:30:00,0.0,solar_rooftop,MW,nem,NSW1
2017-10-14 00:00:00,0.0,solar_rooftop,MW,nem,NSW1
2017-10-14 00:30:00,0.0,solar_rooftop,MW,nem,NSW1
2017-10-14 01:00:00,0.0,solar_rooftop,MW,nem,NSW1
2017-10-14 01:30:00,0.0,solar_rooftop,MW,nem,NSW1
2017-10-14 02:00:00,0.0,solar_rooftop,MW,nem,NSW1
2017-10-14 02:30:00,0.0,solar_rooftop,MW,nem,NSW1
2017-10-14 03:00:00,0.0,solar_rooftop,MW,nem,NSW1
2017-10-14 03:30:00,0.0,solar_rooftop,MW,nem,NSW1
2017-10-14 04:00:00,0.0,solar_rooftop,MW,nem,NSW1
2017-10-14 04:30:00,0.0,solar_rooftop,MW,nem,NSW1
2017-10-14 05:00:00,0.0,solar_rooftop,MW,nem,NSW1
2017-10-14 05:30:00,2.133,solar_rooftop,MW,nem,NSW1
2017-10-14 06:00:00,18.74,solar_rooftop,MW,nem,NSW1
2017-10-14 06:30:00,51.21,solar_rooftop,MW,nem,NSW1
2017-10-14 07:00:00,87.9,solar_rooftop,MW,nem,NSW1
2017-10-14 07:30:00,115.3,solar_rooftop,MW,nem,NSW1
2017-10-14 08:00:00,169.6,solar_rooftop,MW,nem,NSW1
2017-10-14 08:30:00,191.9,solar_rooftop,MW,nem,NSW1
2017-10-14 09:00:00,210.6,solar_rooftop,MW,nem,NSW1
2017-10-14 09:30:00,238.3,solar_rooftop,MW,nem,NSW1
2017-10-14 10:00:00,274.3,solar_rooftop,MW,nem,NSW1
2017-10-14 10:30:00,296.6,solar_rooftop,MW,nem,NSW1
2017-10-14 11:00:00,316.1,solar_rooftop,MW,nem,NSW1
2017-10-14 11:30:00,302.4,solar_rooftop,MW,nem,NSW1
2017-10-14 12:00:00,317.6,solar_rooftop,MW,nem,NSW1
2017-10-14 12:30:00,307.3,solar_rooftop,MW,nem,NSW1
2017-10-14 13:00:00,283.5,solar_rooftop,MW,nem,NSW1
2017-10-14 13:30:00,248.4,solar_rooftop,MW,nem,NSW1
2017-10-14 14:00:00,243.0,solar_rooftop,MW,nem,NSW1
2017-10-14 14:30:00,229.7,solar_rooftop,MW,nem,NSW1
2017-10-14 15:00:00,198.6,solar_rooftop,MW,nem,NSW1
2017-10-14 15:30:00,172.3,solar_rooftop,MW,nem,NSW1
2017-10-14 16:00:00,135.6,solar_rooftop,MW,nem,NSW1
2017-10-14 16:30:00,110.6,solar_rooftop,MW,nem,NSW1
2017-10-14 17:00:00,70.73,solar_rooftop,MW,nem,NSW1
2017-10-14 17:30:00,35.88,solar_rooftop,MW,nem,NSW1
2017-10-14 18:00:00,13.81,solar_rooftop,MW,nem,NSW1
2017-10-14 18:30:00,0.969,solar_rooftop,MW,nem,NSW1
2017-10-14 19:00:00,0.0,solar_rooftop,MW,nem,NSW1
2017-10-14 19:30:00,0.0,solar_rooftop,MW,nem,NSW1
2017-10-14 20:00:00,0.0,solar_rooftop,MW,nem,NSW1
2017-10-14 20:30:00,0.0,solar_rooftop,MW,nem,NSW1
2017-10-14 21:00:00,0.0,solar_rooftop,MW,nem,NSW1
2017-10-14 21:30:00,0.0,solar_rooftop,MW,nem,NSW1
2017-10-14 22:00:00,0.0,solar_rooftop,MW,nem,NSW1
2017-10-14 22:30:00,0.0,solar_rooftop,MW,nem,NSW1
2017-10-14 23:00:00,0.0,solar_rooftop,MW,nem,NSW1
2017-10-14 23:30:00,0.0,solar_rooftop,MW,nem,NSW1
2017-10-15 00:00:00,0.0,solar_rooftop,MW,nem,NSW1
2017-10-15 00:30:00,0.0,solar_rooftop,MW,nem,NSW1
2017-10-15 01:00:00,0.0,solar_rooftop,MW,nem,NSW1
2017-10-15 01:30:00,0.0,solar_rooftop,MW,nem,NSW1
2017-10-15 02:00:00,0.0,solar_rooftop,MW,nem,NSW1
2017-10-15 02:30:00,0.0,solar_rooftop,MW,nem,NSW1
2017-10-15 03:00:00,0.0,solar_rooftop,MW,nem,NSW1
2017-10-15 03:30:00,0.0,solar_rooftop,MW,nem,NSW1
2017-10-15 04:00:00,0.0,solar_rooftop,MW,nem,NSW1
2017-10-15 04:30:00,0.0,solar_rooftop,MW,nem,NSW1
2017-10-15 05:00:00,0.0,solar_rooftop,MW,nem,NSW1
2017-10-15 05:30:00,2.335,solar_rooftop,MW,nem,NSW1
2017-10-15 06:00:00,27.34,solar_rooftop,MW,nem,NSW1
2017-10-15 06:30:00,70.35,solar_rooftop,MW,nem,NSW1
2017-10-15 07:00:00,128.5,solar_rooftop,MW,nem,NSW1
2017-10-15 07:30:00,197.9,solar_rooftop,MW,nem,NSW1
2017-10-15 08:00:00,277.6,solar_rooftop,MW,nem,NSW1
2017-10-15 08:30:00,333.6,solar_rooftop,MW,nem,NSW1
2017-10-15 09:00:00,392.4,solar_rooftop,MW,nem,NSW1
2017-10-15 09:30:00,426.4,solar_rooftop,MW,nem,NSW1
2017-10-15 10:00:00,443.0,solar_rooftop,MW,nem,NSW1
2017-10-15 10:30:00,469.0,solar_rooftop,MW,nem,NSW1
2017-10-15 11:00:00,545.5,solar_rooftop,MW,nem,NSW1
2017-10-15 11:30:00,576.6,solar_rooftop,MW,nem,NSW1
2017-10-15 12:00:00,590.0,solar_rooftop,MW,nem,NSW1
2017-10-15 12:30:00,571.2,solar_rooftop,MW,nem,NSW1
2017-10-15 13:00:00,520.1,solar_rooftop,MW,nem,NSW1
2017-10-15 13:30:00,516.2,solar_rooftop,MW,nem,NSW1
2017-10-15 14:00:00,474.8,solar_rooftop,MW,nem,NSW1
2017-10-15 14:30:00,404.7,solar_rooftop,MW,nem,NSW1
2017-10-15 15:00:00,348.7,solar_rooftop,MW,nem,NSW1
2017-10-15 15:30:00,315.1,solar_rooftop,MW,nem,NSW1
2017-10-15 16:00:00,257.3,solar_rooftop,MW,nem,NSW1
2017-10-15 16:30:00,181.9,solar_rooftop,MW,nem,NSW1
2017-10-15 17:00:00,115.9,solar_rooftop,MW,nem,NSW1
2017-10-15 17:30:00,60.04,solar_rooftop,MW,nem,NSW1
2017-10-15 18:00:00,21.35,solar_rooftop,MW,nem,NSW1
2017-10-15 18:30:00,1.437,solar_rooftop,MW,nem,NSW1
2017-10-15 19:00:00,0.0,solar_rooftop,MW,nem,NSW1
2017-10-15 19:30:00,0.0,solar_rooftop,MW,nem,NSW1
2017-10-15 20:00:00,0.0,solar_rooftop,MW,nem,NSW1
2017-10-15 20:30:00,0.0,solar_rooftop,MW,nem,NSW1
2017-10-15 21:00:00,0.0,solar_rooftop,MW,nem,NSW1
2017-10-15 21:30:00,0.0,solar_rooftop,MW,nem,NSW1
2017-10-15 22:00:00,0.0,solar_rooftop,MW,nem,NSW1
2017-10-15 22:30:00,0.0,solar_rooftop,MW,nem,NSW1
2017-10-15 23:00:00,0.0,solar_rooftop,MW,nem,NSW1
2017-10-15 23:30:00,0.0,solar_rooftop,MW,nem,NSW1
2017-10-16 00:00:00,0.0,solar_rooftop,MW,nem,NSW1
2017-10-16 00:30:00,0.0,solar_rooftop,MW,nem,NSW1
2017-10-16 01:00:00,0.0,solar_rooftop,MW,nem,NSW1
2017-10-16 01:30:00,0.0,solar_rooftop,MW,nem,NSW1
2017-10-16 02:00:00,0.0,solar_rooftop,MW,nem,NSW1
2017-10-16 02:30:00,0.0,solar_rooftop,MW,nem,NSW1
2017-10-16 03:00:00,0.0,solar_rooftop,MW,nem,NSW1
2017-10-16 03:30:00,0.0,solar_rooftop,MW,nem,NSW1
2017-10-16 04:00:00,0.0,solar_rooftop,MW,nem,NSW1
2017-10-16 04:30:00,0.0,solar_rooftop,MW,nem,NSW1
2017-10-16 05:00:00,0.0,solar_rooftop,MW,nem,NSW1
2017-10-16 05:30:00,5.463,solar_rooftop,MW,nem,NSW1
2017-10-16 06:00:00,39.81,solar_rooftop,MW,nem,NSW1
2017-10-16 06:30:00,99.1,solar_rooftop,MW,nem,NSW1
2017-10-16 07:00:00,173.2,solar_rooftop,MW,nem,NSW1
2017-10-16 07:30:00,271.8,solar_rooftop,MW,nem,NSW1
2017-10-16 08:00:00,354.5,solar_rooftop,MW,nem,NSW1
2017-10-16 08:30:00,429.1,solar_rooftop,MW,nem,NSW1
2017-10-16 09:00:00,522.5,solar_rooftop,MW,nem,NSW1
2017-10-16 09:30:00,597.8,solar_rooftop,MW,nem,NSW1
2017-10-16 10:00:00,698.3,solar_rooftop,MW,nem,NSW1
2017-10-16 10:30:00,712.2,solar_rooftop,MW,nem,NSW1
2017-10-16 11:00:00,752.1,solar_rooftop,MW,nem,NSW1
2017-10-16 11:30:00,763.7,solar_rooftop,MW,nem,NSW1
2017-10-16 12:00:00,794.7,solar_rooftop,MW,nem,NSW1
2017-10-16 12:30:00,764.3,solar_rooftop,MW,nem,NSW1
2017-10-16 13:00:00,771.8,solar_rooftop,MW,nem,NSW1
2017-10-16 13:30:00,724.9,solar_rooftop,MW,nem,NSW1
2017-10-16 14:00:00,693.6,solar_rooftop,MW,nem,NSW1
2017-10-16 14:30:00,637.0,solar_rooftop,MW,nem,NSW1
2017-10-16 15:00:00,577.4,solar_rooftop,MW,nem,NSW1
2017-10-16 15:30:00,478.7,solar_rooftop,MW,nem,NSW1
2017-10-16 16:00:00,378.7,solar_rooftop,MW,nem,NSW1
2017-10-16 16:30:00,277.3,solar_rooftop,MW,nem,NSW1
2017-10-16 17:00:00,174.7,solar_rooftop,MW,nem,NSW1
2017-10-16 17:30:00,93.11,solar_rooftop,MW,nem,NSW1
2017-10-16 18:00:00,35.71,solar_rooftop,MW,nem,NSW1
2017-10-16 18:30:00,2.921,solar_rooftop,MW,nem,NSW1
2017-10-16 19:00:00,0.0,solar_rooftop,MW,nem,NSW1
2017-10-16 19:30:00,0.0,solar_rooftop,MW,nem,NSW1
2017-10-16 20:00:00,0.0,solar_rooftop,MW,nem,NSW1
2017-10-16 20:30:00,0.0,solar_rooftop,MW,nem,NSW1
2017-10-16 21:00:00,0.0,solar_rooftop,MW,nem,NSW1
2017-10-16 21:30:00,0.0,solar_rooftop,MW,nem,NSW1
2017-10-16 22:00:00,0.0,solar_rooftop,MW,nem,NSW1
2017-10-16 22:30:00,0.0,solar_rooftop,MW,nem,NSW1
2017-10-16 23:00:00,0.0,solar_rooftop,MW,nem,NSW1
2017-10-16 23:30:00,0.0,solar_rooftop,MW,nem,NSW1
2017-10-17 00:00:00,0.0,solar_rooftop,MW,nem,NSW1
2017-10-17 00:30:00,0.0,solar_rooftop,MW,nem,NSW1
2017-10-17 01:00:00,0.0,solar_rooftop,MW,nem,NSW1
2017-10-17 01:30:00,0.0,solar_rooftop,MW,nem,NSW1
2017-10-17 02:00:00,0.0,solar_rooftop,MW,nem,NSW1
2017-10-17 02:30:00,0.0,solar_rooftop,MW,nem,NSW1
2017-10-17 03:00:00,0.0,solar_rooftop,MW,nem,NSW1
2017-10-17 03:30:00,0.0,solar_rooftop,MW,nem,NSW1
2017-10-17 04:00:00,0.0,solar_rooftop,MW,nem,NSW1
2017-10-17 04:30:00,0.0,solar_rooftop,MW,nem,NSW1
2017-10-17 05:00:00,0.0,solar_rooftop,MW,nem,NSW1
2017-10-17 05:30:00,4.205,solar_rooftop,MW,nem,NSW1
2017-10-17 06:00:00,40.76,solar_rooftop,MW,nem,NSW1
2017-10-17 06:30:00,88.71,solar_rooftop,MW,nem,NSW1
2017-10-17 07:00:00,165.6,solar_rooftop,MW,nem,NSW1
2017-10-17 07:30:00,272.4,solar_rooftop,MW,nem,NSW1
2017-10-17 08:00:00,379.6,solar_rooftop,MW,nem,NSW1
2017-10-17 08:30:00,468.3,solar_rooftop,MW,nem,NSW1
2017-10-17 09:00:00,547.1,solar_rooftop,MW,nem,NSW1
2017-10-17 09:30:00,626.9,solar_rooftop,MW,nem,NSW1
2017-10-17 10:00:00,698.1,solar_rooftop,MW,nem,NSW1
2017-10-17 10:30:00,747.4,solar_rooftop,MW,nem,NSW1
2017-10-17 11:00:00,783.5,solar_rooftop,MW,nem,NSW1
2017-10-17 11:30:00,833.5,solar_rooftop,MW,nem,NSW1
2017-10-17 12:00:00,844.9,solar_rooftop,MW,nem,NSW1
2017-10-17 12:30:00,838.8,solar_rooftop,MW,nem,NSW1
2017-10-17 13:00:00,811.3,solar_rooftop,MW,nem,NSW1
2017-10-17 13:30:00,775.8,solar_rooftop,MW,nem,NSW1
2017-10-17 14:00:00,739.8,solar_rooftop,MW,nem,NSW1
2017-10-17 14:30:00,652.2,solar_rooftop,MW,nem,NSW1
2017-10-17 15:00:00,552.6,solar_rooftop,MW,nem,NSW1
2017-10-17 15:30:00,475.6,solar_rooftop,MW,nem,NSW1
2017-10-17 16:00:00,391.8,solar_rooftop,MW,nem,NSW1
2017-10-17 16:30:00,282.1,solar_rooftop,MW,nem,NSW1
2017-10-17 17:00:00,177.6,solar_rooftop,MW,nem,NSW1
2017-10-17 17:30:00,98.04,solar_rooftop,MW,nem,NSW1
2017-10-17 18:00:00,39.0,solar_rooftop,MW,nem,NSW1
2017-10-17 18:30:00,3.275,solar_rooftop,MW,nem,NSW1
2017-10-17 19:00:00,0.0,solar_rooftop,MW,nem,NSW1
2017-10-17 19:30:00,0.0,solar_rooftop,MW,nem,NSW1
2017-10-17 20:00:00,0.0,solar_rooftop,MW,nem,NSW1
2017-10-17 20:30:00,0.0,solar_rooftop,MW,nem,NSW1
2017-10-17 21:00:00,0.0,solar_rooftop,MW,nem,NSW1
2017-10-17 21:30:00,0.0,solar_rooftop,MW,nem,NSW1
2017-10-17 22:00:00,0.0,solar_rooftop,MW,nem,NSW1
2017-10-17 22:30:00,0.0,solar_rooftop,MW,nem,NSW1
2017-10-17 23:00:00,0.0,solar_rooftop,MW,nem,NSW1
2017-10-17 23:30:00,0.0,solar_rooftop,MW,nem,NSW1
2017-10-18 00:00:00,0.0,solar_rooftop,MW,nem,NSW1
2017-10-18 00:30:00,0.0,solar_rooftop,MW,nem,NSW1
2017-10-18 01:00:00,0.0,solar_rooftop,MW,nem,NSW1
2017-10-18 01:30:00,0.0,solar_rooftop,MW,nem,NSW1
2017-10-18 02:00:00,0.0,solar_rooftop,MW,nem,NSW1
2017-10-18 02:30:00,0.0,solar_rooftop,MW,nem,NSW1
2017-10-18 03:00:00,0.0,solar_rooftop,MW,nem,NSW1
2017-10-18 03:30:00,0.0,solar_rooftop,MW,nem,NSW1
2017-10-18 04:00:00,0.0,solar_rooftop,MW,nem,NSW1
2017-10-18 04:30:00,0.0,solar_rooftop,MW,nem,NSW1
2017-10-18 05:00:00,0.0,solar_rooftop,MW,nem,NSW1
2017-10-18 05:30:00,6.035,solar_rooftop,MW,nem,NSW1
2017-10-18 06:00:00,40.4,solar_rooftop,MW,nem,NSW1
2017-10-18 06:30:00,102.8,solar_rooftop,MW,nem,NSW1
2017-10-18 07:00:00,185.2,solar_rooftop,MW,nem,NSW1
2017-10-18 07:30:00,270.8,solar_rooftop,MW,nem,NSW1
2017-10-18 08:00:00,334.7,solar_rooftop,MW,nem,NSW1
2017-10-18 08:30:00,414.9,solar_rooftop,MW,nem,NSW1
2017-10-18 09:00:00,457.6,solar_rooftop,MW,nem,NSW1
2017-10-18 09:30:00,513.7,solar_rooftop,MW,nem,NSW1
2017-10-18 10:00:00,579.8,solar_rooftop,MW,nem,NSW1
2017-10-18 10:30:00,644.1,solar_rooftop,MW,nem,NSW1
2017-10-18 11:00:00,689.3,solar_rooftop,MW,nem,NSW1
2017-10-18 11:30:00,743.9,solar_rooftop,MW,nem,NSW1
2017-10-18 12:00:00,737.8,solar_rooftop,MW,nem,NSW1
2017-10-18 12:30:00,763.0,solar_rooftop,MW,nem,NSW1
2017-10-18 13:00:00,779.1,solar_rooftop,MW,nem,NSW1
2017-10-18 13:30:00,749.3,solar_rooftop,MW,nem,NSW1
2017-10-18 14:00:00,688.1,solar_rooftop,MW,nem,NSW1
2017-10-18 14:30:00,631.9,solar_rooftop,MW,nem,NSW1
2017-10-18 15:00:00,570.0,solar_rooftop,MW,nem,NSW1
2017-10-18 15:30:00,478.2,solar_rooftop,MW,nem,NSW1
2017-10-18 16:00:00,393.7,solar_rooftop,MW,nem,NSW1
2017-10-18 16:30:00,263.0,solar_rooftop,MW,nem,NSW1
2017-10-18 17:00:00,172.6,solar_rooftop,MW,nem,NSW1
2017-10-18 17:30:00,88.13,solar_rooftop,MW,nem,NSW1
2017-10-18 18:00:00,36.84,solar_rooftop,MW,nem,NSW1
2017-10-18 18:30:00,3.337,solar_rooftop,MW,nem,NSW1
2017-10-18 19:00:00,0.0,solar_rooftop,MW,nem,NSW1
2017-10-18 19:30:00,0.0,solar_rooftop,MW,nem,NSW1
2017-10-18 20:00:00,0.0,solar_rooftop,MW,nem,NSW1
2017-10-18 20:30:00,0.0,solar_rooftop,MW,nem,NSW1
2017-10-18 21:00:00,0.0,solar_rooftop,MW,nem,NSW1
2017-10-18 21:30:00,0.0,solar_rooftop,MW,nem,NSW1
2017-10-18 22:00:00,0.0,solar_rooftop,MW,nem,NSW1
2017-10-18 22:30:00,0.0,solar_rooftop,MW,nem,NSW1
2017-10-18 23:00:00,0.0,solar_rooftop,MW,nem,NSW1
2017-10-18 23:30:00,0.0,solar_rooftop,MW,nem,NSW1
2017-10-19 00:00:00,0.0,solar_rooftop,MW,nem,NSW1
2017-10-19 00:30:00,0.0,solar_rooftop,MW,nem,NSW1
2017-10-19 01:00:00,0.0,solar_rooftop,MW,nem,NSW1
2017-10-19 01:30:00,0.0,solar_rooftop,MW,nem,NSW1
2017-10-19 02:00:00,0.0,solar_rooftop,MW,nem,NSW1
2017-10-19 02:30:00,0.0,solar_rooftop,MW,nem,NSW1
2017-10-19 03:00:00,0.0,solar_rooftop,MW,nem,NSW1
2017-10-19 03:30:00,0.0,solar_rooftop,MW,nem,NSW1
2017-10-19 04:00:00,0.0,solar_rooftop,MW,nem,NSW1
2017-10-19 04:30:00,0.0,solar_rooftop,MW,nem,NSW1
2017-10-19 05:00:00,0.0,solar_rooftop,MW,nem,NSW1
2017-10-19 05:30:00,8.967,solar_rooftop,MW,nem,NSW1
2017-10-19 06:00:00,52.89,solar_rooftop,MW,nem,NSW1
2017-10-19 06:30:00,114.5,solar_rooftop,MW,nem,NSW1
2017-10-19 07:00:00,197.6,solar_rooftop,MW,nem,NSW1
2017-10-19 07:30:00,309.6,solar_rooftop,MW,nem,NSW1
2017-10-19 08:00:00,422.8,solar_rooftop,MW,nem,NSW1
2017-10-19 08:30:00,540.5,solar_rooftop,MW,nem,NSW1
2017-10-19 09:00:00,627.0,solar_rooftop,MW,nem,NSW1
2017-10-19 09:30:00,706.3,solar_rooftop,MW,nem,NSW1
2017-10-19 10:00:00,753.1,solar_rooftop,MW,nem,NSW1
2017-10-19 10:30:00,791.6,solar_rooftop,MW,nem,NSW1
2017-10-19 11:00:00,807.1,solar_rooftop,MW,nem,NSW1
2017-10-19 11:30:00,803.4,solar_rooftop,MW,nem,NSW1
2017-10-19 12:00:00,783.1,solar_rooftop,MW,nem,NSW1
2017-10-19 12:30:00,798.7,solar_rooftop,MW,nem,NSW1
2017-10-19 13:00:00,772.2,solar_rooftop,MW,nem,NSW1
2017-10-19 13:30:00,743.0,solar_rooftop,MW,nem,NSW1
2017-10-19 14:00:00,711.5,solar_rooftop,MW,nem,NSW1
2017-10-19 14:30:00,658.5,solar_rooftop,MW,nem,NSW1
2017-10-19 15:00:00,571.7,solar_rooftop,MW,nem,NSW1
2017-10-19 15:30:00,472.1,solar_rooftop,MW,nem,NSW1
2017-10-19 16:00:00,364.6,solar_rooftop,MW,nem,NSW1
2017-10-19 16:30:00,232.0,solar_rooftop,MW,nem,NSW1
2017-10-19 17:00:00,132.0,solar_rooftop,MW,nem,NSW1
2017-10-19 17:30:00,68.31,solar_rooftop,MW,nem,NSW1
2017-10-19 18:00:00,26.69,solar_rooftop,MW,nem,NSW1
2017-10-19 18:30:00,2.317,solar_rooftop,MW,nem,NSW1
2017-10-19 19:00:00,0.0,solar_rooftop,MW,nem,NSW1
2017-10-19 19:30:00,0.0,solar_rooftop,MW,nem,NSW1
2017-10-19 20:00:00,0.0,solar_rooftop,MW,nem,NSW1
2017-10-19 20:30:00,0.0,solar_rooftop,MW,nem,NSW1
2017-10-19 21:00:00,0.0,solar_rooftop,MW,nem,NSW1
2017-10-19 21:30:00,0.0,solar_rooftop,MW,nem,NSW1
2017-10-19 22:00:00,0.0,solar_rooftop,MW,nem,NSW1
2017-10-19 22:30:00,0.0,solar_rooftop,MW,nem,NSW1
2017-10-19 23:00:00,0.0,solar_rooftop,MW,nem,NSW1
2017-10-19 23:30:00,0.0,solar_rooftop,MW,nem,NSW1
2017-10-20 00:00:00,0.0,solar_rooftop,MW,nem,NSW1
2017-10-20 00:30:00,0.0,solar_rooftop,MW,nem,NSW1
2017-10-20 01:00:00,0.0,solar_rooftop,MW,nem,NSW1
2017-10-20 01:30:00,0.0,solar_rooftop,MW,nem,NSW1
2017-10-20 02:00:00,0.0,solar_rooftop,MW,nem,NSW1
2017-10-20 02:30:00,0.0,solar_rooftop,MW,nem,NSW1
2017-10-20 03:00:00,0.0,solar_rooftop,MW,nem,NSW1
2017-10-20 03:30:00,0.0,solar_rooftop,MW,nem,NSW1
2017-10-20 04:00:00,0.0,solar_rooftop,MW,nem,NSW1
2017-10-20 04:30:00,0.0,solar_rooftop,MW,nem,NSW1
2017-10-20 05:00:00,0.0,solar_rooftop,MW,nem,NSW1
2017-10-20 05:30:00,5.571,solar_rooftop,MW,nem,NSW1
2017-10-20 06:00:00,25.38,solar_rooftop,MW,nem,NSW1
2017-10-20 06:30:00,42.17,solar_rooftop,MW,nem,NSW1
2017-10-20 07:00:00,65.79,solar_rooftop,MW,nem,NSW1
2017-10-20 07:30:00,102.7,solar_rooftop,MW,nem,NSW1
2017-10-20 08:00:00,150.0,solar_rooftop,MW,nem,NSW1
2017-10-20 08:30:00,190.7,solar_rooftop,MW,nem,NSW1
2017-10-20 09:00:00,224.6,solar_rooftop,MW,nem,NSW1
2017-10-20 09:30:00,267.8,solar_rooftop,MW,nem,NSW1
2017-10-20 10:00:00,273.9,solar_rooftop,MW,nem,NSW1
2017-10-20 10:30:00,287.7,solar_rooftop,MW,nem,NSW1
2017-10-20 11:00:00,269.1,solar_rooftop,MW,nem,NSW1
2017-10-20 11:30:00,277.6,solar_rooftop,MW,nem,NSW1
2017-10-20 12:00:00,295.7,solar_rooftop,MW,nem,NSW1
2017-10-20 12:30:00,293.8,solar_rooftop,MW,nem,NSW1
2017-10-20 13:00:00,238.3,solar_rooftop,MW,nem,NSW1
2017-10-20 13:30:00,206.8,solar_rooftop,MW,nem,NSW1
2017-10-20 14:00:00,155.5,solar_rooftop,MW,nem,NSW1
2017-10-20 14:30:00,150.4,solar_rooftop,MW,nem,NSW1
2017-10-20 15:00:00,135.6,solar_rooftop,MW,nem,NSW1
2017-10-20 15:30:00,112.8,solar_rooftop,MW,nem,NSW1
2017-10-20 16:00:00,89.35,solar_rooftop,MW,nem,NSW1
2017-10-20 16:30:00,64.94,solar_rooftop,MW,nem,NSW1
2017-10-20 17:00:00,45.14,solar_rooftop,MW,nem,NSW1
2017-10-20 17:30:00,28.21,solar_rooftop,MW,nem,NSW1
2017-10-20 18:00:00,14.34,solar_rooftop,MW,nem,NSW1
2017-10-20 18:30:00,2.844,solar_rooftop,MW,nem,NSW1
2017-10-20 19:00:00,0.0,solar_rooftop,MW,nem,NSW1
2017-10-20 19:30:00,0.0,solar_rooftop,MW,nem,NSW1
2017-10-20 20:00:00,0.0,solar_rooftop,MW,nem,NSW1
2017-10-20 20:30:00,0.0,solar_rooftop,MW,nem,NSW1
2017-10-20 21:00:00,0.0,solar_rooftop,MW,nem,NSW1
2017-10-20 21:30:00,0.0,solar_rooftop,MW,nem,NSW1
2017-10-20 22:00:00,0.0,solar_rooftop,MW,nem,NSW1
2017-10-20 22:30:00,0.0,solar_rooftop,MW,nem,NSW1
2017-10-20 23:00:00,0.0,solar_rooftop,MW,nem,NSW1
2017-10-20 23:30:00,0.0,solar_rooftop,MW,nem,NSW1
2017-10-21 00:00:00,0.0,solar_rooftop,MW,nem,NSW1
2017-10-21 00:30:00,0.0,solar_rooftop,MW,nem,NSW1
2017-10-21 01:00:00,0.0,solar_rooftop,MW,nem,NSW1
2017-10-21 01:30:00,0.0,solar_rooftop,MW,nem,NSW1
2017-10-21 02:00:00,0.0,solar_rooftop,MW,nem,NSW1
2017-10-21 02:30:00,0.0,solar_rooftop,MW,nem,NSW1
2017-10-21 03:00:00,0.0,solar_rooftop,MW,nem,NSW1
2017-10-21 03:30:00,0.0,solar_rooftop,MW,nem,NSW1
2017-10-21 04:00:00,0.0,solar_rooftop,MW,nem,NSW1
2017-10-21 04:30:00,0.0,solar_rooftop,MW,nem,NSW1
2017-10-21 05:00:00,0.0,solar_rooftop,MW,nem,NSW1
2017-10-21 05:30:00,3.79,solar_rooftop,MW,nem,NSW1
2017-10-21 06:00:00,39.17,solar_rooftop,MW,nem,NSW1
2017-10-21 06:30:00,95.77,solar_rooftop,MW,nem,NSW1
2017-10-21 07:00:00,168.3,solar_rooftop,MW,nem,NSW1
2017-10-21 07:30:00,262.3,solar_rooftop,MW,nem,NSW1
2017-10-21 08:00:00,354.9,solar_rooftop,MW,nem,NSW1
2017-10-21 08:30:00,453.5,solar_rooftop,MW,nem,NSW1
2017-10-21 09:00:00,508.5,solar_rooftop,MW,nem,NSW1
2017-10-21 09:30:00,576.8,solar_rooftop,MW,nem,NSW1
2017-10-21 10:00:00,606.2,solar_rooftop,MW,nem,NSW1
2017-10-21 10:30:00,638.5,solar_rooftop,MW,nem,NSW1
2017-10-21 11:00:00,677.0,solar_rooftop,MW,nem,NSW1
2017-10-21 11:30:00,667.3,solar_rooftop,MW,nem,NSW1
2017-10-21 12:00:00,623.1,solar_rooftop,MW,nem,NSW1
2017-10-21 12:30:00,617.7,solar_rooftop,MW,nem,NSW1
2017-10-21 13:00:00,613.6,solar_rooftop,MW,nem,NSW1
2017-10-21 13:30:00,620.1,solar_rooftop,MW,nem,NSW1
2017-10-21 14:00:00,565.3,solar_rooftop,MW,nem,NSW1
2017-10-21 14:30:00,517.0,solar_rooftop,MW,nem,NSW1
2017-10-21 15:00:00,450.8,solar_rooftop,MW,nem,NSW1
2017-10-21 15:30:00,385.0,solar_rooftop,MW,nem,NSW1
2017-10-21 16:00:00,329.4,solar_rooftop,MW,nem,NSW1
2017-10-21 16:30:00,251.6,solar_rooftop,MW,nem,NSW1
2017-10-21 17:00:00,173.4,solar_rooftop,MW,nem,NSW1
2017-10-21 17:30:00,97.69,solar_rooftop,MW,nem,NSW1
2017-10-21 18:00:00,34.09,solar_rooftop,MW,nem,NSW1
2017-10-21 18:30:00,3.681,solar_rooftop,MW,nem,NSW1
2017-10-21 19:00:00,0.0,solar_rooftop,MW,nem,NSW1
2017-10-21 19:30:00,0.0,solar_rooftop,MW,nem,NSW1
2017-10-21 20:00:00,0.0,solar_rooftop,MW,nem,NSW1
2017-10-21 20:30:00,0.0,solar_rooftop,MW,nem,NSW1
2017-10-21 21:00:00,0.0,solar_rooftop,MW,nem,NSW1
2017-10-21 21:30:00,0.0,solar_rooftop,MW,nem,NSW1
2017-10-21 22:00:00,0.0,solar_rooftop,MW,nem,NSW1
2017-10-21 22:30:00,0.0,solar_rooftop,MW,nem,NSW1
2017-10-21 23:00:00,0.0,solar_rooftop,MW,nem,NSW1
2017-10-21 23:30:00,0.0,solar_rooftop,MW,nem,NSW1
2017-10-22 00:00:00,0.0,solar_rooftop,MW,nem,NSW1
2017-10-22 00:30:00,0.0,solar_rooftop,MW,nem,NSW1
2017-10-22 01:00:00,0.0,solar_rooftop,MW,nem,NSW1
2017-10-22 01:30:00,0.0,solar_rooftop,MW,nem,NSW1
2017-10-22 02:00:00,0.0,solar_rooftop,MW,nem,NSW1
2017-10-22 02:30:00,0.0,solar_rooftop,MW,nem,NSW1
2017-10-22 03:00:00,0.0,solar_rooftop,MW,nem,NSW1
2017-10-22 03:30:00,0.0,solar_rooftop,MW,nem,NSW1
2017-10-22 04:00:00,0.0,solar_rooftop,MW,nem,NSW1
2017-10-22 04:30:00,0.0,solar_rooftop,MW,nem,NSW1
2017-10-22 05:00:00,0.0,solar_rooftop,MW,nem,NSW1
2017-10-22 05:30:00,13.22,solar_rooftop,MW,nem,NSW1
2017-10-22 06:00:00,51.37,solar_rooftop,MW,nem,NSW1
2017-10-22 06:30:00,111.8,solar_rooftop,MW,nem,NSW1
2017-10-22 07:00:00,201.7,solar_rooftop,MW,nem,NSW1
2017-10-22 07:30:00,308.2,solar_rooftop,MW,nem,NSW1
2017-10-22 08:00:00,432.7,solar_rooftop,MW,nem,NSW1
2017-10-22 08:30:00,563.9,solar_rooftop,MW,nem,NSW1
2017-10-22 09:00:00,639.7,solar_rooftop,MW,nem,NSW1
2017-10-22 09:30:00,719.1,solar_rooftop,MW,nem,NSW1
2017-10-22 10:00:00,773.9,solar_rooftop,MW,nem,NSW1
2017-10-22 10:30:00,829.6,solar_rooftop,MW,nem,NSW1
2017-10-22 11:00:00,837.2,solar_rooftop,MW,nem,NSW1
2017-10-22 11:30:00,796.0,solar_rooftop,MW,nem,NSW1
2017-10-22 12:00:00,747.4,solar_rooftop,MW,nem,NSW1
2017-10-22 12:30:00,611.0,solar_rooftop,MW,nem,NSW1
2017-10-22 13:00:00,532.0,solar_rooftop,MW,nem,NSW1
2017-10-22 13:30:00,428.4,solar_rooftop,MW,nem,NSW1
2017-10-22 14:00:00,346.5,solar_rooftop,MW,nem,NSW1
2017-10-22 14:30:00,285.2,solar_rooftop,MW,nem,NSW1
2017-10-22 15:00:00,279.7,solar_rooftop,MW,nem,NSW1
2017-10-22 15:30:00,269.6,solar_rooftop,MW,nem,NSW1
2017-10-22 16:00:00,248.1,solar_rooftop,MW,nem,NSW1
2017-10-22 16:30:00,176.5,solar_rooftop,MW,nem,NSW1
2017-10-22 17:00:00,123.9,solar_rooftop,MW,nem,NSW1
2017-10-22 17:30:00,65.72,solar_rooftop,MW,nem,NSW1
2017-10-22 18:00:00,25.29,solar_rooftop,MW,nem,NSW1
2017-10-22 18:30:00,3.972,solar_rooftop,MW,nem,NSW1
2017-10-22 19:00:00,0.0,solar_rooftop,MW,nem,NSW1
2017-10-22 19:30:00,0.0,solar_rooftop,MW,nem,NSW1
2017-10-22 20:00:00,0.0,solar_rooftop,MW,nem,NSW1
2017-10-22 20:30:00,0.0,solar_rooftop,MW,nem,NSW1
2017-10-22 21:00:00,0.0,solar_rooftop,MW,nem,NSW1
2017-10-22 21:30:00,0.0,solar_rooftop,MW,nem,NSW1
2017-10-22 22:00:00,0.0,solar_rooftop,MW,nem,NSW1
2017-10-22 22:30:00,0.0,solar_rooftop,MW,nem,NSW1
2017-10-22 23:00:00,0.0,solar_rooftop,MW,nem,NSW1
2017-10-22 23:30:00,0.0,solar_rooftop,MW,nem,NSW1
2017-10-23 00:00:00,0.0,solar_rooftop,MW,nem,NSW1
2017-10-23 00:30:00,0.0,solar_rooftop,MW,nem,NSW1
2017-10-23 01:00:00,0.0,solar_rooftop,MW,nem,NSW1
2017-10-23 01:30:00,0.0,solar_rooftop,MW,nem,NSW1
2017-10-23 02:00:00,0.0,solar_rooftop,MW,nem,NSW1
2017-10-23 02:30:00,0.0,solar_rooftop,MW,nem,NSW1
2017-10-23 03:00:00,0.0,solar_rooftop,MW,nem,NSW1
2017-10-23 03:30:00,0.0,solar_rooftop,MW,nem,NSW1
2017-10-23 04:00:00,0.0,solar_rooftop,MW,nem,NSW1
2017-10-23 04:30:00,0.0,solar_rooftop,MW,nem,NSW1
2017-10-23 05:00:00,0.0,solar_rooftop,MW,nem,NSW1
2017-10-23 05:30:00,13.54,solar_rooftop,MW,nem,NSW1
2017-10-23 06:00:00,56.61,solar_rooftop,MW,nem,NSW1
2017-10-23 06:30:00,110.8,solar_rooftop,MW,nem,NSW1
2017-10-23 07:00:00,204.7,solar_rooftop,MW,nem,NSW1
2017-10-23 07:30:00,312.1,solar_rooftop,MW,nem,NSW1
2017-10-23 08:00:00,432.5,solar_rooftop,MW,nem,NSW1
2017-10-23 08:30:00,534.5,solar_rooftop,MW,nem,NSW1
2017-10-23 09:00:00,659.4,solar_rooftop,MW,nem,NSW1
2017-10-23 09:30:00,724.0,solar_rooftop,MW,nem,NSW1
2017-10-23 10:00:00,756.5,solar_rooftop,MW,nem,NSW1
2017-10-23 10:30:00,787.4,solar_rooftop,MW,nem,NSW1
2017-10-23 11:00:00,800.7,solar_rooftop,MW,nem,NSW1
2017-10-23 11:30:00,817.6,solar_rooftop,MW,nem,NSW1
2017-10-23 12:00:00,793.2,solar_rooftop,MW,nem,NSW1
2017-10-23 12:30:00,810.8,solar_rooftop,MW,nem,NSW1
2017-10-23 13:00:00,794.1,solar_rooftop,MW,nem,NSW1
2017-10-23 13:30:00,778.2,solar_rooftop,MW,nem,NSW1
2017-10-23 14:00:00,742.5,solar_rooftop,MW,nem,NSW1
2017-10-23 14:30:00,641.6,solar_rooftop,MW,nem,NSW1
2017-10-23 15:00:00,571.0,solar_rooftop,MW,nem,NSW1
2017-10-23 15:30:00,497.3,solar_rooftop,MW,nem,NSW1
2017-10-23 16:00:00,414.3,solar_rooftop,MW,nem,NSW1
2017-10-23 16:30:00,306.1,solar_rooftop,MW,nem,NSW1
2017-10-23 17:00:00,182.9,solar_rooftop,MW,nem,NSW1
2017-10-23 17:30:00,100.1,solar_rooftop,MW,nem,NSW1
2017-10-23 18:00:00,34.47,solar_rooftop,MW,nem,NSW1
2017-10-23 18:30:00,4.631,solar_rooftop,MW,nem,NSW1
2017-10-23 19:00:00,0.0,solar_rooftop,MW,nem,NSW1
2017-10-23 19:30:00,0.0,solar_rooftop,MW,nem,NSW1
2017-10-23 20:00:00,0.0,solar_rooftop,MW,nem,NSW1
2017-10-23 20:30:00,0.0,solar_rooftop,MW,nem,NSW1
2017-10-23 21:00:00,0.0,solar_rooftop,MW,nem,NSW1
2017-10-23 21:30:00,0.0,solar_rooftop,MW,nem,NSW1
2017-10-23 22:00:00,0.0,solar_rooftop,MW,nem,NSW1
2017-10-23 22:30:00,0.0,solar_rooftop,MW,nem,NSW1
2017-10-23 23:00:00,0.0,solar_rooftop,MW,nem,NSW1
2017-10-23 23:30:00,0.0,solar_rooftop,MW,nem,NSW1
2017-10-24 00:00:00,0.0,solar_rooftop,MW,nem,NSW1
2017-10-24 00:30:00,0.0,solar_rooftop,MW,nem,NSW1
2017-10-24 01:00:00,0.0,solar_rooftop,MW,nem,NSW1
2017-10-24 01:30:00,0.0,solar_rooftop,MW,nem,NSW1
2017-10-24 02:00:00,0.0,solar_rooftop,MW,nem,NSW1
2017-10-24 02:30:00,0.0,solar_rooftop,MW,nem,NSW1
2017-10-24 03:00:00,0.0,solar_rooftop,MW,nem,NSW1
2017-10-24 03:30:00,0.0,solar_rooftop,MW,nem,NSW1
2017-10-24 04:00:00,0.0,solar_rooftop,MW,nem,NSW1
2017-10-24 04:30:00,0.0,solar_rooftop,MW,nem,NSW1
2017-10-24 05:00:00,0.0,solar_rooftop,MW,nem,NSW1
2017-10-24 05:30:00,16.64,solar_rooftop,MW,nem,NSW1
2017-10-24 06:00:00,68.17,solar_rooftop,MW,nem,NSW1
2017-10-24 06:30:00,130.7,solar_rooftop,MW,nem,NSW1
2017-10-24 07:00:00,232.5,solar_rooftop,MW,nem,NSW1
2017-10-24 07:30:00,349.3,solar_rooftop,MW,nem,NSW1
2017-10-24 08:00:00,475.3,solar_rooftop,MW,nem,NSW1
2017-10-24 08:30:00,606.0,solar_rooftop,MW,nem,NSW1
2017-10-24 09:00:00,696.8,solar_rooftop,MW,nem,NSW1
2017-10-24 09:30:00,760.8,solar_rooftop,MW,nem,NSW1
2017-10-24 10:00:00,821.2,solar_rooftop,MW,nem,NSW1
2017-10-24 10:30:00,855.4,solar_rooftop,MW,nem,NSW1
2017-10-24 11:00:00,876.3,solar_rooftop,MW,nem,NSW1
2017-10-24 11:30:00,883.2,solar_rooftop,MW,nem,NSW1
2017-10-24 12:00:00,878.3,solar_rooftop,MW,nem,NSW1
2017-10-24 12:30:00,881.2,solar_rooftop,MW,nem,NSW1
2017-10-24 13:00:00,871.2,solar_rooftop,MW,nem,NSW1
2017-10-24 13:30:00,792.4,solar_rooftop,MW,nem,NSW1
2017-10-24 14:00:00,750.0,solar_rooftop,MW,nem,NSW1
2017-10-24 14:30:00,656.4,solar_rooftop,MW,nem,NSW1
2017-10-24 15:00:00,597.9,solar_rooftop,MW,nem,NSW1
2017-10-24 15:30:00,511.0,solar_rooftop,MW,nem,NSW1
2017-10-24 16:00:00,401.5,solar_rooftop,MW,nem,NSW1
2017-10-24 16:30:00,279.3,solar_rooftop,MW,nem,NSW1
2017-10-24 17:00:00,167.0,solar_rooftop,MW,nem,NSW1
2017-10-24 17:30:00,97.48,solar_rooftop,MW,nem,NSW1
2017-10-24 18:00:00,35.22,solar_rooftop,MW,nem,NSW1
2017-10-24 18:30:00,4.232,solar_rooftop,MW,nem,NSW1
2017-10-24 19:00:00,0.0,solar_rooftop,MW,nem,NSW1
2017-10-24 19:30:00,0.0,solar_rooftop,MW,nem,NSW1
2017-10-24 20:00:00,0.0,solar_rooftop,MW,nem,NSW1
2017-10-24 20:30:00,0.0,solar_rooftop,MW,nem,NSW1
2017-10-24 21:00:00,0.0,solar_rooftop,MW,nem,NSW1
2017-10-24 21:30:00,0.0,solar_rooftop,MW,nem,NSW1
2017-10-24 22:00:00,0.0,solar_rooftop,MW,nem,NSW1
2017-10-24 22:30:00,0.0,solar_rooftop,MW,nem,NSW1
2017-10-24 23:00:00,0.0,solar_rooftop,MW,nem,NSW1
2017-10-24 23:30:00,0.0,solar_rooftop,MW,nem,NSW1
2017-10-25 00:00:00,0.0,solar_rooftop,MW,nem,NSW1
2017-10-25 00:30:00,0.0,solar_rooftop,MW,nem,NSW1
2017-10-25 01:00:00,0.0,solar_rooftop,MW,nem,NSW1
2017-10-25 01:30:00,0.0,solar_rooftop,MW,nem,NSW1
2017-10-25 02:00:00,0.0,solar_rooftop,MW,nem,NSW1
2017-10-25 02:30:00,0.0,solar_rooftop,MW,nem,NSW1
2017-10-25 03:00:00,0.0,solar_rooftop,MW,nem,NSW1
2017-10-25 03:30:00,0.0,solar_rooftop,MW,nem,NSW1
2017-10-25 04:00:00,0.0,solar_rooftop,MW,nem,NSW1
2017-10-25 04:30:00,0.0,solar_rooftop,MW,nem,NSW1
2017-10-25 05:00:00,0.0,solar_rooftop,MW,nem,NSW1
2017-10-25 05:30:00,13.3,solar_rooftop,MW,nem,NSW1
2017-10-25 06:00:00,47.26,solar_rooftop,MW,nem,NSW1
2017-10-25 06:30:00,85.86,solar_rooftop,MW,nem,NSW1
2017-10-25 07:00:00,142.9,solar_rooftop,MW,nem,NSW1
2017-10-25 07:30:00,207.8,solar_rooftop,MW,nem,NSW1
2017-10-25 08:00:00,354.6,solar_rooftop,MW,nem,NSW1
2017-10-25 08:30:00,455.2,solar_rooftop,MW,nem,NSW1
2017-10-25 09:00:00,528.3,solar_rooftop,MW,nem,NSW1
2017-10-25 09:30:00,606.2,solar_rooftop,MW,nem,NSW1
2017-10-25 10:00:00,692.9,solar_rooftop,MW,nem,NSW1
2017-10-25 10:30:00,797.6,solar_rooftop,MW,nem,NSW1
2017-10-25 11:00:00,839.5,solar_rooftop,MW,nem,NSW1
2017-10-25 11:30:00,829.7,solar_rooftop,MW,nem,NSW1
2017-10-25 12:00:00,845.6,solar_rooftop,MW,nem,NSW1
2017-10-25 12:30:00,820.6,solar_rooftop,MW,nem,NSW1
2017-10-25 13:00:00,754.4,solar_rooftop,MW,nem,NSW1
2017-10-25 13:30:00,639.1,solar_rooftop,MW,nem,NSW1
2017-10-25 14:00:00,545.2,solar_rooftop,MW,nem,NSW1
2017-10-25 14:30:00,459.4,solar_rooftop,MW,nem,NSW1
2017-10-25 15:00:00,373.5,solar_rooftop,MW,nem,NSW1
2017-10-25 15:30:00,286.6,solar_rooftop,MW,nem,NSW1
2017-10-25 16:00:00,222.3,solar_rooftop,MW,nem,NSW1
2017-10-25 16:30:00,172.3,solar_rooftop,MW,nem,NSW1
2017-10-25 17:00:00,109.8,solar_rooftop,MW,nem,NSW1
2017-10-25 17:30:00,77.99,solar_rooftop,MW,nem,NSW1
2017-10-25 18:00:00,30.89,solar_rooftop,MW,nem,NSW1
2017-10-25 18:30:00,3.546,solar_rooftop,MW,nem,NSW1
2017-10-25 19:00:00,0.0,solar_rooftop,MW,nem,NSW1
2017-10-25 19:30:00,0.0,solar_rooftop,MW,nem,NSW1
2017-10-25 20:00:00,0.0,solar_rooftop,MW,nem,NSW1
2017-10-25 20:30:00,0.0,solar_rooftop,MW,nem,NSW1
2017-10-25 21:00:00,0.0,solar_rooftop,MW,nem,NSW1
2017-10-25 21:30:00,0.0,solar_rooftop,MW,nem,NSW1
2017-10-25 22:00:00,0.0,solar_rooftop,MW,nem,NSW1
2017-10-25 22:30:00,0.0,solar_rooftop,MW,nem,NSW1
2017-10-25 23:00:00,0.0,solar_rooftop,MW,nem,NSW1
2017-10-25 23:30:00,0.0,solar_rooftop,MW,nem,NSW1
2017-10-26 00:00:00,0.0,solar_rooftop,MW,nem,NSW1
2017-10-26 00:30:00,0.0,solar_rooftop,MW,nem,NSW1
2017-10-26 01:00:00,0.0,solar_rooftop,MW,nem,NSW1
2017-10-26 01:30:00,0.0,solar_rooftop,MW,nem,NSW1
2017-10-26 02:00:00,0.0,solar_rooftop,MW,nem,NSW1
2017-10-26 02:30:00,0.0,solar_rooftop,MW,nem,NSW1
2017-10-26 03:00:00,0.0,solar_rooftop,MW,nem,NSW1
2017-10-26 03:30:00,0.0,solar_rooftop,MW,nem,NSW1
2017-10-26 04:00:00,0.0,solar_rooftop,MW,nem,NSW1
2017-10-26 04:30:00,0.0,solar_rooftop,MW,nem,NSW1
2017-10-26 05:00:00,0.0,solar_rooftop,MW,nem,NSW1
2017-10-26 05:30:00,14.85,solar_rooftop,MW,nem,NSW1
2017-10-26 06:00:00,49.21,solar_rooftop,MW,nem,NSW1
2017-10-26 06:30:00,83.12,solar_rooftop,MW,nem,NSW1
2017-10-26 07:00:00,151.1,solar_rooftop,MW,nem,NSW1
2017-10-26 07:30:00,216.0,solar_rooftop,MW,nem,NSW1
2017-10-26 08:00:00,285.3,solar_rooftop,MW,nem,NSW1
2017-10-26 08:30:00,369.4,solar_rooftop,MW,nem,NSW1
2017-10-26 09:00:00,404.4,solar_rooftop,MW,nem,NSW1
2017-10-26 09:30:00,473.7,solar_rooftop,MW,nem,NSW1
2017-10-26 10:00:00,511.1,solar_rooftop,MW,nem,NSW1
2017-10-26 10:30:00,528.5,solar_rooftop,MW,nem,NSW1
2017-10-26 11:00:00,606.7,solar_rooftop,MW,nem,NSW1
2017-10-26 11:30:00,670.4,solar_rooftop,MW,nem,NSW1
2017-10-26 12:00:00,657.9,solar_rooftop,MW,nem,NSW1
2017-10-26 12:30:00,722.9,solar_rooftop,MW,nem,NSW1
2017-10-26 13:00:00,700.7,solar_rooftop,MW,nem,NSW1
2017-10-26 13:30:00,645.7,solar_rooftop,MW,nem,NSW1
2017-10-26 14:00:00,499.6,solar_rooftop,MW,nem,NSW1
2017-10-26 14:30:00,416.2,solar_rooftop,MW,nem,NSW1
2017-10-26 15:00:00,358.6,solar_rooftop,MW,nem,NSW1
2017-10-26 15:30:00,286.3,solar_rooftop,MW,nem,NSW1
2017-10-26 16:00:00,180.8,solar_rooftop,MW,nem,NSW1
2017-10-26 16:30:00,93.06,solar_rooftop,MW,nem,NSW1
2017-10-26 17:00:00,57.08,solar_rooftop,MW,nem,NSW1
2017-10-26 17:30:00,42.15,solar_rooftop,MW,nem,NSW1
2017-10-26 18:00:00,21.97,solar_rooftop,MW,nem,NSW1
2017-10-26 18:30:00,1.746,solar_rooftop,MW,nem,NSW1
2017-10-26 19:00:00,0.0,solar_rooftop,MW,nem,NSW1
2017-10-26 19:30:00,0.0,solar_rooftop,MW,nem,NSW1
2017-10-26 20:00:00,0.0,solar_rooftop,MW,nem,NSW1
2017-10-26 20:30:00,0.0,solar_rooftop,MW,nem,NSW1
2017-10-26 21:00:00,0.0,solar_rooftop,MW,nem,NSW1
2017-10-26 21:30:00,0.0,solar_rooftop,MW,nem,NSW1
2017-10-26 22:00:00,0.0,solar_rooftop,MW,nem,NSW1
2017-10-26 22:30:00,0.0,solar_rooftop,MW,nem,NSW1
2017-10-26 23:00:00,0.0,solar_rooftop,MW,nem,NSW1
2017-10-26 23:30:00,0.0,solar_rooftop,MW,nem,NSW1
2017-10-27 00:00:00,0.0,solar_rooftop,MW,nem,NSW1
2017-10-27 00:30:00,0.0,solar_rooftop,MW,nem,NSW1
2017-10-27 01:00:00,0.0,solar_rooftop,MW,nem,NSW1
2017-10-27 01:30:00,0.0,solar_rooftop,MW,nem,NSW1
2017-10-27 02:00:00,0.0,solar_rooftop,MW,nem,NSW1
2017-10-27 02:30:00,0.0,solar_rooftop,MW,nem,NSW1
2017-10-27 03:00:00,0.0,solar_rooftop,MW,nem,NSW1
2017-10-27 03:30:00,0.0,solar_rooftop,MW,nem,NSW1
2017-10-27 04:00:00,0.0,solar_rooftop,MW,nem,NSW1
2017-10-27 04:30:00,0.0,solar_rooftop,MW,nem,NSW1
2017-10-27 05:00:00,0.0,solar_rooftop,MW,nem,NSW1
2017-10-27 05:30:00,14.74,solar_rooftop,MW,nem,NSW1
2017-10-27 06:00:00,49.56,solar_rooftop,MW,nem,NSW1
2017-10-27 06:30:00,94.72,solar_rooftop,MW,nem,NSW1
2017-10-27 07:00:00,158.8,solar_rooftop,MW,nem,NSW1
2017-10-27 07:30:00,237.9,solar_rooftop,MW,nem,NSW1
2017-10-27 08:00:00,312.2,solar_rooftop,MW,nem,NSW1
2017-10-27 08:30:00,451.8,solar_rooftop,MW,nem,NSW1
2017-10-27 09:00:00,490.8,solar_rooftop,MW,nem,NSW1
2017-10-27 09:30:00,546.6,solar_rooftop,MW,nem,NSW1
2017-10-27 10:00:00,567.0,solar_rooftop,MW,nem,NSW1
2017-10-27 10:30:00,550.4,solar_rooftop,MW,nem,NSW1
2017-10-27 11:00:00,582.6,solar_rooftop,MW,nem,NSW1
2017-10-27 11:30:00,586.9,solar_rooftop,MW,nem,NSW1
2017-10-27 12:00:00,627.7,solar_rooftop,MW,nem,NSW1
2017-10-27 12:30:00,699.6,solar_rooftop,MW,nem,NSW1
2017-10-27 13:00:00,656.9,solar_rooftop,MW,nem,NSW1
2017-10-27 13:30:00,615.4,solar_rooftop,MW,nem,NSW1
2017-10-27 14:00:00,586.4,solar_rooftop,MW,nem,NSW1
2017-10-27 14:30:00,524.8,solar_rooftop,MW,nem,NSW1
2017-10-27 15:00:00,456.6,solar_rooftop,MW,nem,NSW1
2017-10-27 15:30:00,427.0,solar_rooftop,MW,nem,NSW1
2017-10-27 16:00:00,349.8,solar_rooftop,MW,nem,NSW1
2017-10-27 16:30:00,273.0,solar_rooftop,MW,nem,NSW1
2017-10-27 17:00:00,181.2,solar_rooftop,MW,nem,NSW1
2017-10-27 17:30:00,93.42,solar_rooftop,MW,nem,NSW1
2017-10-27 18:00:00,36.66,solar_rooftop,MW,nem,NSW1
2017-10-27 18:30:00,4.925,solar_rooftop,MW,nem,NSW1
2017-10-27 19:00:00,0.0,solar_rooftop,MW,nem,NSW1
2017-10-27 19:30:00,0.0,solar_rooftop,MW,nem,NSW1
2017-10-27 20:00:00,0.0,solar_rooftop,MW,nem,NSW1
2017-10-27 20:30:00,0.0,solar_rooftop,MW,nem,NSW1
2017-10-27 21:00:00,0.0,solar_rooftop,MW,nem,NSW1
2017-10-27 21:30:00,0.0,solar_rooftop,MW,nem,NSW1
2017-10-27 22:00:00,0.0,solar_rooftop,MW,nem,NSW1
2017-10-27 22:30:00,0.0,solar_rooftop,MW,nem,NSW1
2017-10-27 23:00:00,0.0,solar_rooftop,MW,nem,NSW1
2017-10-27 23:30:00,0.0,solar_rooftop,MW,nem,NSW1
2017-10-28 00:00:00,0.0,solar_rooftop,MW,nem,NSW1
2017-10-28 00:30:00,0.0,solar_rooftop,MW,nem,NSW1
2017-10-28 01:00:00,0.0,solar_rooftop,MW,nem,NSW1
2017-10-28 01:30:00,0.0,solar_rooftop,MW,nem,NSW1
2017-10-28 02:00:00,0.0,solar_rooftop,MW,nem,NSW1
2017-10-28 02:30:00,0.0,solar_rooftop,MW,nem,NSW1
2017-10-28 03:00:00,0.0,solar_rooftop,MW,nem,NSW1
2017-10-28 03:30:00,0.0,solar_rooftop,MW,nem,NSW1
2017-10-28 04:00:00,0.0,solar_rooftop,MW,nem,NSW1
2017-10-28 04:30:00,0.0,solar_rooftop,MW,nem,NSW1
2017-10-28 05:00:00,0.0,solar_rooftop,MW,nem,NSW1
2017-10-28 05:30:00,25.19,solar_rooftop,MW,nem,NSW1
2017-10-28 06:00:00,75.48,solar_rooftop,MW,nem,NSW1
2017-10-28 06:30:00,140.3,solar_rooftop,MW,nem,NSW1
2017-10-28 07:00:00,242.0,solar_rooftop,MW,nem,NSW1
2017-10-28 07:30:00,346.8,solar_rooftop,MW,nem,NSW1
2017-10-28 08:00:00,447.2,solar_rooftop,MW,nem,NSW1
2017-10-28 08:30:00,543.2,solar_rooftop,MW,nem,NSW1
2017-10-28 09:00:00,637.0,solar_rooftop,MW,nem,NSW1
2017-10-28 09:30:00,681.5,solar_rooftop,MW,nem,NSW1
2017-10-28 10:00:00,723.1,solar_rooftop,MW,nem,NSW1
2017-10-28 10:30:00,770.0,solar_rooftop,MW,nem,NSW1
2017-10-28 11:00:00,791.8,solar_rooftop,MW,nem,NSW1
2017-10-28 11:30:00,820.0,solar_rooftop,MW,nem,NSW1
2017-10-28 12:00:00,806.5,solar_rooftop,MW,nem,NSW1
2017-10-28 12:30:00,802.4,solar_rooftop,MW,nem,NSW1
2017-10-28 13:00:00,736.2,solar_rooftop,MW,nem,NSW1
2017-10-28 13:30:00,598.1,solar_rooftop,MW,nem,NSW1
2017-10-28 14:00:00,468.8,solar_rooftop,MW,nem,NSW1
2017-10-28 14:30:00,424.2,solar_rooftop,MW,nem,NSW1
2017-10-28 15:00:00,349.8,solar_rooftop,MW,nem,NSW1
2017-10-28 15:30:00,285.1,solar_rooftop,MW,nem,NSW1
2017-10-28 16:00:00,218.7,solar_rooftop,MW,nem,NSW1
2017-10-28 16:30:00,145.8,solar_rooftop,MW,nem,NSW1
2017-10-28 17:00:00,89.12,solar_rooftop,MW,nem,NSW1
2017-10-28 17:30:00,60.67,solar_rooftop,MW,nem,NSW1
2017-10-28 18:00:00,37.26,solar_rooftop,MW,nem,NSW1
2017-10-28 18:30:00,5.022,solar_rooftop,MW,nem,NSW1
2017-10-28 19:00:00,0.0,solar_rooftop,MW,nem,NSW1
2017-10-28 19:30:00,0.0,solar_rooftop,MW,nem,NSW1
2017-10-28 20:00:00,0.0,solar_rooftop,MW,nem,NSW1
2017-10-28 20:30:00,0.0,solar_rooftop,MW,nem,NSW1
2017-10-28 21:00:00,0.0,solar_rooftop,MW,nem,NSW1
2017-10-28 21:30:00,0.0,solar_rooftop,MW,nem,NSW1
2017-10-28 22:00:00,0.0,solar_rooftop,MW,nem,NSW1
2017-10-28 22:30:00,0.0,solar_rooftop,MW,nem,NSW1
2017-10-28 23:00:00,0.0,solar_rooftop,MW,nem,NSW1
2017-10-28 23:30:00,0.0,solar_rooftop,MW,nem,NSW1
2017-10-29 00:00:00,0.0,solar_rooftop,MW,nem,NSW1
2017-10-29 00:30:00,0.0,solar_rooftop,MW,nem,NSW1
2017-10-29 01:00:00,0.0,solar_rooftop,MW,nem,NSW1
2017-10-29 01:30:00,0.0,solar_rooftop,MW,nem,NSW1
2017-10-29 02:00:00,0.0,solar_rooftop,MW,nem,NSW1
2017-10-29 02:30:00,0.0,solar_rooftop,MW,nem,NSW1
2017-10-29 03:00:00,0.0,solar_rooftop,MW,nem,NSW1
2017-10-29 03:30:00,0.0,solar_rooftop,MW,nem,NSW1
2017-10-29 04:00:00,0.0,solar_rooftop,MW,nem,NSW1
2017-10-29 04:30:00,0.0,solar_rooftop,MW,nem,NSW1
2017-10-29 05:00:00,0.0,solar_rooftop,MW,nem,NSW1
2017-10-29 05:30:00,25.86,solar_rooftop,MW,nem,NSW1
2017-10-29 06:00:00,64.17,solar_rooftop,MW,nem,NSW1
2017-10-29 06:30:00,105.7,solar_rooftop,MW,nem,NSW1
2017-10-29 07:00:00,177.0,solar_rooftop,MW,nem,NSW1
2017-10-29 07:30:00,271.8,solar_rooftop,MW,nem,NSW1
2017-10-29 08:00:00,394.5,solar_rooftop,MW,nem,NSW1
2017-10-29 08:30:00,520.1,solar_rooftop,MW,nem,NSW1
2017-10-29 09:00:00,607.8,solar_rooftop,MW,nem,NSW1
2017-10-29 09:30:00,710.9,solar_rooftop,MW,nem,NSW1
2017-10-29 10:00:00,787.9,solar_rooftop,MW,nem,NSW1
2017-10-29 10:30:00,822.6,solar_rooftop,MW,nem,NSW1
2017-10-29 11:00:00,865.7,solar_rooftop,MW,nem,NSW1
2017-10-29 11:30:00,828.6,solar_rooftop,MW,nem,NSW1
2017-10-29 12:00:00,835.3,solar_rooftop,MW,nem,NSW1
2017-10-29 12:30:00,811.4,solar_rooftop,MW,nem,NSW1
2017-10-29 13:00:00,750.0,solar_rooftop,MW,nem,NSW1
2017-10-29 13:30:00,736.9,solar_rooftop,MW,nem,NSW1
2017-10-29 14:00:00,651.4,solar_rooftop,MW,nem,NSW1
2017-10-29 14:30:00,587.5,solar_rooftop,MW,nem,NSW1
2017-10-29 15:00:00,528.2,solar_rooftop,MW,nem,NSW1
2017-10-29 15:30:00,440.0,solar_rooftop,MW,nem,NSW1
2017-10-29 16:00:00,364.5,solar_rooftop,MW,nem,NSW1
2017-10-29 16:30:00,271.5,solar_rooftop,MW,nem,NSW1
2017-10-29 17:00:00,177.8,solar_rooftop,MW,nem,NSW1
2017-10-29 17:30:00,100.5,solar_rooftop,MW,nem,NSW1
2017-10-29 18:00:00,46.34,solar_rooftop,MW,nem,NSW1
2017-10-29 18:30:00,9.247,solar_rooftop,MW,nem,NSW1
2017-10-29 19:00:00,0.001,solar_rooftop,MW,nem,NSW1
2017-10-29 19:30:00,0.0,solar_rooftop,MW,nem,NSW1
2017-10-29 20:00:00,0.0,solar_rooftop,MW,nem,NSW1
2017-10-29 20:30:00,0.0,solar_rooftop,MW,nem,NSW1
2017-10-29 21:00:00,0.0,solar_rooftop,MW,nem,NSW1
2017-10-29 21:30:00,0.0,solar_rooftop,MW,nem,NSW1
2017-10-29 22:00:00,0.0,solar_rooftop,MW,nem,NSW1
2017-10-29 22:30:00,0.0,solar_rooftop,MW,nem,NSW1
2017-10-29 23:00:00,0.0,solar_rooftop,MW,nem,NSW1
2017-10-29 23:30:00,0.0,solar_rooftop,MW,nem,NSW1
2017-10-30 00:00:00,0.0,solar_rooftop,MW,nem,NSW1
2017-10-30 00:30:00,0.0,solar_rooftop,MW,nem,NSW1
2017-10-30 01:00:00,0.0,solar_rooftop,MW,nem,NSW1
2017-10-30 01:30:00,0.0,solar_rooftop,MW,nem,NSW1
2017-10-30 02:00:00,0.0,solar_rooftop,MW,nem,NSW1
2017-10-30 02:30:00,0.0,solar_rooftop,MW,nem,NSW1
2017-10-30 03:00:00,0.0,solar_rooftop,MW,nem,NSW1
2017-10-30 03:30:00,0.0,solar_rooftop,MW,nem,NSW1
2017-10-30 04:00:00,0.0,solar_rooftop,MW,nem,NSW1
2017-10-30 04:30:00,0.0,solar_rooftop,MW,nem,NSW1
2017-10-30 05:00:00,0.305,solar_rooftop,MW,nem,NSW1
2017-10-30 05:30:00,25.28,solar_rooftop,MW,nem,NSW1
2017-10-30 06:00:00,79.3,solar_rooftop,MW,nem,NSW1
2017-10-30 06:30:00,144.5,solar_rooftop,MW,nem,NSW1
2017-10-30 07:00:00,231.0,solar_rooftop,MW,nem,NSW1
2017-10-30 07:30:00,345.8,solar_rooftop,MW,nem,NSW1
2017-10-30 08:00:00,481.8,solar_rooftop,MW,nem,NSW1
2017-10-30 08:30:00,600.1,solar_rooftop,MW,nem,NSW1
2017-10-30 09:00:00,685.6,solar_rooftop,MW,nem,NSW1
2017-10-30 09:30:00,758.3,solar_rooftop,MW,nem,NSW1
2017-10-30 10:00:00,832.8,solar_rooftop,MW,nem,NSW1
2017-10-30 10:30:00,888.1,solar_rooftop,MW,nem,NSW1
2017-10-30 11:00:00,897.6,solar_rooftop,MW,nem,NSW1
2017-10-30 11:30:00,927.9,solar_rooftop,MW,nem,NSW1
2017-10-30 12:00:00,929.6,solar_rooftop,MW,nem,NSW1
2017-10-30 12:30:00,904.7,solar_rooftop,MW,nem,NSW1
2017-10-30 13:00:00,814.0,solar_rooftop,MW,nem,NSW1
2017-10-30 13:30:00,750.2,solar_rooftop,MW,nem,NSW1
2017-10-30 14:00:00,659.2,solar_rooftop,MW,nem,NSW1
2017-10-30 14:30:00,561.1,solar_rooftop,MW,nem,NSW1
2017-10-30 15:00:00,469.8,solar_rooftop,MW,nem,NSW1
2017-10-30 15:30:00,380.1,solar_rooftop,MW,nem,NSW1
2017-10-30 16:00:00,325.6,solar_rooftop,MW,nem,NSW1
2017-10-30 16:30:00,219.3,solar_rooftop,MW,nem,NSW1
2017-10-30 17:00:00,149.5,solar_rooftop,MW,nem,NSW1
2017-10-30 17:30:00,93.2,solar_rooftop,MW,nem,NSW1
2017-10-30 18:00:00,43.96,solar_rooftop,MW,nem,NSW1
2017-10-30 18:30:00,7.18,solar_rooftop,MW,nem,NSW1
2017-10-30 19:00:00,0.004,solar_rooftop,MW,nem,NSW1
2017-10-30 19:30:00,0.0,solar_rooftop,MW,nem,NSW1
2017-10-30 20:00:00,0.0,solar_rooftop,MW,nem,NSW1
2017-10-30 20:30:00,0.0,solar_rooftop,MW,nem,NSW1
2017-10-30 21:00:00,0.0,solar_rooftop,MW,nem,NSW1
2017-10-30 21:30:00,0.0,solar_rooftop,MW,nem,NSW1
2017-10-30 22:00:00,0.0,solar_rooftop,MW,nem,NSW1
2017-10-30 22:30:00,0.0,solar_rooftop,MW,nem,NSW1
2017-10-30 23:00:00,0.0,solar_rooftop,MW,nem,NSW1
2017-10-30 23:30:00,0.0,solar_rooftop,MW,nem,NSW1
2017-10-31 00:00:00,0.0,solar_rooftop,MW,nem,NSW1
2017-10-31 00:30:00,0.0,solar_rooftop,MW,nem,NSW1
2017-10-31 01:00:00,0.0,solar_rooftop,MW,nem,NSW1
2017-10-31 01:30:00,0.0,solar_rooftop,MW,nem,NSW1
2017-10-31 02:00:00,0.0,solar_rooftop,MW,nem,NSW1
2017-10-31 02:30:00,0.0,solar_rooftop,MW,nem,NSW1
2017-10-31 03:00:00,0.0,solar_rooftop,MW,nem,NSW1
2017-10-31 03:30:00,0.0,solar_rooftop,MW,nem,NSW1
2017-10-31 04:00:00,0.0,solar_rooftop,MW,nem,NSW1
2017-10-31 04:30:00,0.0,solar_rooftop,MW,nem,NSW1
2017-10-31 05:00:00,0.915,solar_rooftop,MW,nem,NSW1
2017-10-31 05:30:00,19.29,solar_rooftop,MW,nem,NSW1
2017-10-31 06:00:00,62.56,solar_rooftop,MW,nem,NSW1
2017-10-31 06:30:00,128.8,solar_rooftop,MW,nem,NSW1
2017-10-31 07:00:00,211.0,solar_rooftop,MW,nem,NSW1
2017-10-31 07:30:00,314.1,solar_rooftop,MW,nem,NSW1
2017-10-31 08:00:00,429.5,solar_rooftop,MW,nem,NSW1
2017-10-31 08:30:00,568.6,solar_rooftop,MW,nem,NSW1
2017-10-31 09:00:00,682.5,solar_rooftop,MW,nem,NSW1
2017-10-31 09:30:00,751.1,solar_rooftop,MW,nem,NSW1
2017-10-31 10:00:00,835.6,solar_rooftop,MW,nem,NSW1
2017-10-31 10:30:00,854.5,solar_rooftop,MW,nem,NSW1
2017-10-31 11:00:00,879.7,solar_rooftop,MW,nem,NSW1
2017-10-31 11:30:00,934.2,solar_rooftop,MW,nem,NSW1
2017-10-31 12:00:00,923.4,solar_rooftop,MW,nem,NSW1
2017-10-31 12:30:00,916.2,solar_rooftop,MW,nem,NSW1
2017-10-31 13:00:00,873.5,solar_rooftop,MW,nem,NSW1
2017-10-31 13:30:00,811.2,solar_rooftop,MW,nem,NSW1
2017-10-31 14:00:00,787.1,solar_rooftop,MW,nem,NSW1
2017-10-31 14:30:00,716.6,solar_rooftop,MW,nem,NSW1
2017-10-31 15:00:00,615.2,solar_rooftop,MW,nem,NSW1
2017-10-31 15:30:00,515.1,solar_rooftop,MW,nem,NSW1
2017-10-31 16:00:00,399.6,solar_rooftop,MW,nem,NSW1
2017-10-31 16:30:00,303.9,solar_rooftop,MW,nem,NSW1
2017-10-31 17:00:00,193.0,solar_rooftop,MW,nem,NSW1
2017-10-31 17:30:00,93.03,solar_rooftop,MW,nem,NSW1
2017-10-31 18:00:00,42.72,solar_rooftop,MW,nem,NSW1
2017-10-31 18:30:00,10.85,solar_rooftop,MW,nem,NSW1
2017-10-31 19:00:00,0.0,solar_rooftop,MW,nem,NSW1
2017-10-31 19:30:00,0.0,solar_rooftop,MW,nem,NSW1
2017-10-31 20:00:00,0.0,solar_rooftop,MW,nem,NSW1
2017-10-31 20:30:00,0.0,solar_rooftop,MW,nem,NSW1
2017-10-31 21:00:00,0.0,solar_rooftop,MW,nem,NSW1
2017-10-31 21:30:00,0.0,solar_rooftop,MW,nem,NSW1
2017-10-31 22:00:00,0.0,solar_rooftop,MW,nem,NSW1
2017-10-31 22:30:00,0.0,solar_rooftop,MW,nem,NSW1
2017-10-31 23:00:00,0.0,solar_rooftop,MW,nem,NSW1
2017-10-31 23:30:00,0.0,solar_rooftop,MW,nem,NSW1
